x,y,z
-0.142643,-0.262232,0.621341
0.0724045,-0.383065,0.626066
0.28786,-0.259813,0.623659
-0.360769,-0.148285,0.621265
0.0721466,-0.135328,0.623958
-0.153749,-0.00925183,0.622469
0.385983,-0.0306688,0.623504
-0.377556,0.0974765,0.619549
0.103743,0.11005,0.621104
0.326507,0.213009,0.626175
-0.130428,0.36412,0.623969
0.120658,0.369649,0.624786
-0.293813,-0.254477,0.83326
-0.0818138,-0.381155,0.825393
0.134566,-0.26192,0.832078
-0.0775221,-0.13055,0.821529
0.357214,-0.156109,0.837619
-0.388525,-0.0257042,0.832192
0.152307,-0.0152915,0.828805
-0.06942,0.157821,0.785047
0.17898,0.232111,0.824881
0.379486,0.09009,0.838357
-0.294778,0.255254,0.776262
-0.00770507,0.391166,0.838136
-0.191405,-0.338903,1.04195
0.0523827,-0.387497,1.03004
0.273075,-0.276794,1.03848
-0.246775,-0.0963884,1.01997
-0.00764542,-0.151348,1.05301
0.385863,-0.0567997,1.0618
-0.359537,0.152233,0.993286
-0.0775414,0.0835862,1.01685
0.342101,0.18718,1.06198
-0.1997,0.335503,0.978817
0.159634,0.353766,1.04008
-0.320073,-0.222921,1.21789
-0.388222,0.0140082,1.19543
0.156292,0.0285524,1.07267
-0.214961,0.196683,1.18405
-0.055615,0.38632,1.1557
-0.0791521,-0.272576,1.25194
0.151565,-0.357892,1.25035
0.107256,-0.0975668,1.28761
0.336288,-0.193635,1.26385
-0.126699,-0.0294303,1.23396
0.384869,0.0485723,1.28453
0.0268644,0.167128,1.22755
-0.176049,0.348326,1.36951
0.0707525,0.382521,1.35508
0.277948,0.271327,1.28565
-0.238422,-0.309047,1.43335
-0.00201685,-0.388417,1.45276
0.234216,-0.309614,1.47374
-0.0903842,-0.135862,1.53051
0.373677,-0.106317,1.49308
-0.29773,-0.0691859,1.41068
-0.35082,0.170505,1.3852
-0.11528,0.109305,1.44154
0.134338,0.102808,1.43424
0.364052,0.140136,1.51274
-0.14442,-0.357416,1.65399
0.103899,-0.374261,1.67441
-0.33962,-0.187097,1.62459
0.144487,-0.0859616,1.59152
-0.384009,0.0581152,1.60483
0.0627525,0.152821,1.664
-0.267199,0.280278,1.58848
-0.0423265,0.387167,1.57186
0.207898,0.329347,1.54575
-0.274884,-0.275135,1.84771
-0.0159747,-0.164225,1.76586
0.310122,-0.23555,1.69564
-0.383426,-0.0508794,1.82707
-0.154562,0.0351506,1.7011
0.166539,-0.00449194,1.82628
0.389595,-0.00050104,1.71661
-0.335808,0.193411,1.80815
0.31157,0.233646,1.74371
-0.149601,0.358622,1.79062
0.106119,0.37492,1.76716
-0.0421519,-0.387295,1.87452
0.201892,-0.33343,1.89608
0.0674174,-0.152506,1.99982
0.3619,-0.143781,1.9183
-0.158321,-0.0538948,1.93871
-0.038817,0.159472,1.88926
0.374413,0.103444,1.94244
-0.00369755,0.388227,1.98803
0.233627,0.307951,1.96703
-0.186831,-0.341151,2.07097
0.0627941,-0.382782,2.0967
0.282366,-0.266568,2.11953
-0.356706,-0.15652,2.04977
0.385573,-0.0410125,2.14281
-0.377676,0.0917226,2.02973
-0.108841,0.120081,2.12279
0.134164,0.0879689,2.05489
-0.243913,0.302345,2.01092
-0.298705,-0.248478,2.27254
-0.0864128,-0.377842,2.29539
-0.106701,-0.124406,2.17402
0.137593,-0.0946013,2.2315
-0.388421,-0.0153704,2.25161
-0.317958,0.224011,2.23243
0.074881,0.144713,2.28977
0.331819,0.201393,2.16701
-0.112848,0.372568,2.20946
0.137823,0.363208,2.18874
0.162626,-0.352254,2.31997
-0.368906,-0.122317,2.47409
-0.0254044,-0.1634,2.40782
0.343598,-0.180979,2.34314
-0.157296,0.0414703,2.35225
0.165788,-0.00831494,2.46372
0.383515,0.0650117,2.36661
-0.366934,0.126259,2.45361
-0.210294,0.327137,2.43185
0.0316934,0.387941,2.41109
0.262654,0.287741,2.3884
-0.219558,-0.320413,2.49694
0.019308,-0.387582,2.51998
0.252866,-0.295771,2.54252
0.381529,-0.0804898,2.56631
-0.157992,-0.0462106,2.58427
-0.019709,0.166505,2.51913
0.34905,0.170217,2.58847
0.173765,0.347895,2.61139
0.126225,-0.368568,2.74221
-0.322124,-0.217702,2.69755
0.0632815,-0.149544,2.64097
0.323766,-0.215928,2.76506
-0.388334,0.0219723,2.67562
-0.100924,0.12975,2.75198
0.139226,0.0850729,2.69387
-0.29382,0.252922,2.65304
-0.0760951,0.380819,2.63391
-0.251362,-0.298064,2.91976
-0.0197376,-0.387895,2.94082
-0.379981,-0.0850066,2.89884
-0.111475,-0.120467,2.81641
0.136855,-0.090055,2.87205
0.387592,0.0290601,2.78909
-0.353893,0.163262,2.87627
0.0755887,0.146734,2.92742
-0.180758,0.343154,2.85475
0.0706745,0.378331,2.83498
0.28927,0.257984,2.81276
0.221644,-0.319159,2.96539
-0.026478,-0.161777,3.04662
0.369883,-0.118863,2.98797
-0.384374,0.0598791,3.10031
-0.15529,0.0585845,2.98487
0.364824,0.132592,3.01395
-0.268657,0.280169,3.07793
-0.0429666,0.387671,3.0552
0.209042,0.328017,3.03642
-0.159984,-0.354392,3.14343
0.0873783,-0.377852,3.16558
0.29969,-0.247413,3.18917
-0.341773,-0.185127,3.12225
-0.16123,-0.036479,3.21539
0.163744,-0.00417805,3.10493
0.388638,-0.0151899,3.212
-0.0126531,0.163785,3.16043
0.103538,0.375121,3.25573
-0.278285,-0.272258,3.34573
-0.056628,-0.385205,3.36758
0.187993,-0.341434,3.38991
0.0659594,-0.155435,3.27763
0.356897,-0.15738,3.41238
-0.385488,-0.048351,3.32513
-0.334334,0.195872,3.30133
-0.0999031,0.129795,3.39162
0.145239,0.0979126,3.34178
-0.146045,0.360344,3.2796
-0.194249,-0.337543,3.56965
-0.112766,-0.115271,3.447
0.136515,-0.0887504,3.50742
-0.377171,0.0972095,3.52526
0.377509,0.0934232,3.43305
-0.242146,0.305124,3.50208
0.00138461,0.346734,3.47916
0.244319,0.302769,3.44822
0.050347,-0.385876,3.59212
0.273524,-0.275338,3.61425
-0.0305892,-0.163419,3.67763
-0.151999,0.0558844,3.62419
0.385159,-0.0522483,3.63559
-0.314516,0.229368,3.72682
0.329767,0.19069,3.65585
-0.107894,0.373881,3.70074
0.147347,0.359838,3.67835
-0.304551,-0.242523,3.77039
-0.093818,-0.376314,3.79375
0.154235,-0.35696,3.81631
0.339023,-0.189667,3.83849
-0.389555,-0.00941008,3.74858
-0.165418,-0.0343986,3.85615
0.163726,-0.00178599,3.73945
0.384982,0.0573651,3.85896
-0.0119001,0.165341,3.79939
0.269702,0.28113,3.87947
-0.226855,-0.31634,3.99513
0.0115428,-0.388537,4.01851
-0.371512,-0.114418,3.97317
0.0561782,-0.147834,3.91118
-0.364586,0.133986,3.9504
-0.101463,0.130628,4.03233
0.144116,0.0792858,3.97455
-0.205294,0.330767,3.9254
0.0398108,0.387487,3.90108
0.245508,-0.301644,4.04077
-0.116659,-0.1126,4.08801
0.132732,-0.104342,4.14477
0.379333,-0.0876482,4.06196
-0.3876,0.0304206,4.17541
0.353461,0.163149,4.08181
-0.287306,0.261174,4.14997
-0.067391,0.38338,4.12574
0.180044,0.345246,4.1027
-0.133033,-0.365714,4.22005
0.117715,-0.371315,4.2431
-0.32712,-0.210562,4.19798
-0.0391137,-0.157553,4.32095
0.320339,-0.221423,4.26397
-0.155527,0.0589164,4.26532
0.388262,0.0233342,4.28477
0.0771709,0.142679,4.20647
-0.169675,0.350111,4.35047
0.0782811,0.380926,4.32722
0.293487,0.254817,4.30499
-0.258287,-0.291473,4.42295
-0.0290258,-0.387819,4.44404
0.215794,-0.322303,4.46681
0.367919,-0.121779,4.4869
-0.382119,-0.0758253,4.4006
-0.157405,-0.028458,4.49932
0.160587,-0.0188074,4.37774
-0.348414,0.173544,4.37521
-0.0108924,0.165588,4.43895
0.366378,0.131466,4.50782
-0.168585,-0.35002,4.6477
-0.346976,-0.176251,4.62595
0.0500275,-0.15696,4.5542
-0.382638,0.072621,4.60083
0.146207,0.071266,4.60989
-0.258497,0.291207,4.57526
-0.0281222,0.387889,4.55184
0.212537,0.326275,4.52961
0.0786269,-0.38077,4.66675
0.298794,-0.249004,4.69026
-0.123163,-0.117907,4.73012
0.120993,-0.102749,4.78751
0.389485,-0.0110657,4.70884
-0.326825,0.210865,4.80039
-0.0890534,0.136432,4.67436
0.316932,0.226341,4.73269
-0.132134,0.366282,4.77661
0.115835,0.372092,4.75472
-0.286356,-0.263224,4.85146
-0.0645061,-0.383922,4.87137
0.181377,-0.345015,4.88872
-0.0445902,-0.15414,4.96753
0.359547,-0.150075,4.91105
-0.387376,-0.0334601,4.82705
-0.155855,0.0600141,4.90267
0.0949212,0.13993,4.84431
0.379471,0.0973922,4.93671
0.244678,0.306302,4.95746
0.0489889,-0.400027,5.09344
-0.20578,-0.34519,5.07282
0.289544,-0.288411,5.10347
-0.290041,-0.111107,5.04961
0.173725,-0.0215977,5.01796
0.406472,-0.0507255,5.13527
-0.377116,0.121947,5.02704
0.00590126,0.162734,5.07653
-0.227875,0.320773,5.00075
0.010873,0.392695,4.97992
-0.35776,-0.244946,5.25817
-0.122003,-0.170443,5.22819
0.125355,-0.154537,5.22867
-0.427562,-0.0062915,5.2342
-0.191301,0.066525,5.19507
0.164081,0.0883737,5.25505
0.354489,0.217228,5.16291
-0.329664,0.272182,5.22156
0.165185,0.381072,5.18096
-0.106727,0.409968,5.19956
-0.17977,-0.41213,5.31112
0.0161313,-0.48974,5.44464
0.205135,-0.397318,5.31091
-0.477381,-0.123951,5.44807
0.391411,-0.218644,5.31862
-0.243006,-0.0508388,5.40981
0.002228,-0.00430088,5.42125
0.257179,-0.0493376,5.44119
0.456304,0.0693959,5.34856
-0.448951,0.165904,5.41373
-0.199458,0.19352,5.41538
0.0279045,0.269543,5.355
0.374781,0.297485,5.40936
-0.0694892,0.482635,5.43704
0.17964,0.451895,5.43072
-0.199632,-0.50449,5.56847
0.222571,-0.504739,5.58359
-0.382513,-0.347613,5.50434
-0.150193,-0.260821,5.50591
0.403516,-0.340317,5.53482
0.0919679,-0.234152,5.46104
0.505876,-0.113856,5.51337
0.177359,0.169972,5.52694
0.519029,0.169758,5.56943
-0.302801,0.408913,5.48806
0.00687385,-0.59988,5.67795
-0.436384,-0.453624,5.72798
0.449565,-0.459894,5.74826
-0.541411,-0.23703,5.66078
0.0154871,-0.352104,5.66649
-0.300595,-0.15391,5.67233
-0.0525308,-0.10004,5.67009
0.186856,-0.170713,5.68203
0.435834,-0.208169,5.74383
-0.558765,0.0502776,5.60682
0.126887,0.0630428,5.75188
0.352852,0.0130594,5.66285
0.623415,-0.0445589,5.72223
-0.312949,0.0862701,5.60775
-0.0677466,0.144173,5.62034
-0.490378,0.294189,5.62397
-0.217347,0.322594,5.70792
0.0548455,0.363151,5.62745
0.268087,0.269677,5.73597
0.4939,0.372224,5.71035
-0.393605,0.495485,5.73596
0.293004,0.504987,5.64673
-0.169079,0.560516,5.65066
0.0709802,0.605383,5.69922
0.0149643,-0.739247,5.8852
-0.217212,-0.629303,5.78384
0.223746,-0.634163,5.79689
0.00687932,-0.476346,5.8944
-0.643413,-0.335839,5.86536
-0.412087,-0.247908,5.87415
-0.208896,-0.362093,5.77585
0.219941,-0.384789,5.80439
-0.674796,-0.0837101,5.80461
-0.189518,-0.147156,5.91601
0.0433619,-0.225079,5.87848
0.272439,-0.120176,5.91122
-0.438099,-0.00572894,5.8185
-0.657233,0.164731,5.80476
-0.199251,0.0851504,5.82846
0.405226,0.0909132,5.89356
0.64346,0.192607,5.79804
-0.401718,0.238639,5.8535
-0.0175779,0.25511,5.84021
-0.591885,0.400198,5.85178
-0.0736174,0.496218,5.87238
0.172346,0.452618,5.87584
0.634875,0.416838,5.91112
-0.259671,0.668636,5.85583
0.222342,0.697245,5.87511
0.432869,0.567036,5.85163
-0.0229167,0.740196,5.88742
-0.372671,-0.711272,5.96085
-0.148084,-0.865699,6.04056
-0.568764,-0.556658,5.95328
-0.149745,-0.616749,6.02724
0.206427,-0.69235,6.03873
0.437551,-0.634888,5.92623
-0.77097,-0.442219,6.05079
-0.338689,-0.463067,5.97563
0.201746,-0.441337,6.04658
0.622483,-0.457767,5.92764
-0.098384,-0.326409,6.06384
0.408394,-0.332641,5.9583
-0.808601,-0.200049,5.99177
-0.558985,-0.112007,6.02358
0.525887,-0.112807,5.9706
0.738422,-0.236742,5.93021
-0.809645,0.0478715,5.96815
-0.333301,0.0118315,6.04448
0.000755514,0.0079968,5.95898
0.764811,0.0116022,5.92014
-0.549494,0.137437,6.02772
-0.204739,0.225972,6.03352
0.191275,0.198512,5.96241
0.591808,0.132765,6.05372
-0.772696,0.29338,5.98521
0.398297,0.336387,5.93825
0.802954,0.25639,6.00365
-0.700206,0.526253,6.03793
-0.300825,0.445422,5.96262
-0.4876,0.609294,5.93743
0.0880584,0.59796,6.06052
0.593356,0.633331,6.03045
-0.364837,0.799661,6.04086
0.133228,0.8647,6.03749
0.390425,0.784427,6.0382
-0.131371,0.88616,6.05817
-0.03259,-1.02822,6.19109
-0.313013,-0.979186,6.18978
0.182671,-0.930443,6.1101
-0.509317,-0.827371,6.13463
-0.283703,-0.732498,6.20267
0.0188363,-0.76212,6.19469
0.41167,-0.826803,6.08577
-0.702418,-0.668224,6.13209
-0.474307,-0.573474,6.18318
0.635846,-0.657454,6.07668
0.849716,-0.629037,6.21947
-0.909399,-0.551905,6.22639
-0.243989,-0.470896,6.20671
0.0102756,-0.512613,6.18977
0.423996,-0.494501,6.14783
0.816034,-0.42258,6.0812
-0.951386,-0.311879,6.16328
-0.543072,-0.351163,6.09334
0.593019,-0.302364,6.1223
-0.718317,-0.226206,6.22275
-0.325174,-0.231073,6.10792
-0.121492,-0.0935012,6.15116
0.116721,-0.209354,6.1153
0.366027,-0.19666,6.16277
0.921433,-0.188688,6.1024
-0.965766,-0.0647374,6.12989
-0.699091,0.0208412,6.19037
0.233929,0.0108696,6.12046
0.701555,-0.0785388,6.14455
0.933305,0.0607425,6.09763
-0.946529,0.184031,6.12686
0.0137342,0.175313,6.14305
0.373419,0.215225,6.15425
-0.693241,0.27895,6.22092
-0.506741,0.376394,6.08593
-0.301016,0.353246,6.22509
0.174416,0.365605,6.14666
0.567279,0.372882,6.14763
0.975389,0.292152,6.18085
-0.896495,0.427117,6.15587
-0.0703503,0.411259,6.13314
0.332726,0.544749,6.0771
0.789509,0.49145,6.0921
-0.816116,0.660822,6.21255
-0.385988,0.580914,6.16397
-0.1576,0.638615,6.08049
-0.59999,0.74198,6.11647
-0.000881819,0.761987,6.23054
0.244854,0.719931,6.23052
0.755687,0.714015,6.20182
-0.47882,0.937268,6.21497
0.307223,0.971396,6.1816
0.559802,0.873442,6.19963
-0.247964,1.03177,6.22401
0.024618,1.02874,6.1913
0.0336582,-1.2091,6.37138
-0.462328,-1.0962,6.35203
-0.206658,-1.15298,6.33387
0.240146,-1.09812,6.28614
-0.651705,-0.940004,6.30604
-0.160169,-0.8809,6.36103
0.466372,-0.996208,6.26198
-0.84164,-0.777706,6.30831
-0.420504,-0.850787,6.37498
0.275065,-0.849629,6.32718
0.664035,-0.845908,6.23771
-0.613035,-0.69221,6.36368
-0.121188,-0.634066,6.36372
0.230886,-0.610226,6.27305
0.471751,-0.694786,6.28924
1.05021,-0.613821,6.37854
-1.09376,-0.423586,6.3352
-0.677428,-0.465654,6.2808
0.642721,-0.498256,6.26897
1.00461,-0.396473,6.24279
-0.439613,-0.364641,6.32013
-0.0372724,-0.275239,6.30068
0.221915,-0.361394,6.28213
0.48295,-0.320442,6.34575
0.780477,-0.282856,6.28516
-1.11702,-0.177888,6.29327
-0.877891,-0.0935206,6.36163
-0.498646,-0.115228,6.26565
-0.26611,-0.165962,6.34156
0.199726,-0.117675,6.33175
1.10771,-0.172413,6.28317
-1.11261,0.0731182,6.2772
-0.00576598,0.0229234,6.33926
0.482283,0.00918495,6.24174
0.887796,-0.0577395,6.3125
-0.86063,0.155752,6.35969
-0.480881,0.15539,6.26691
-0.235825,0.102629,6.25578
0.196474,0.168826,6.32432
0.484775,0.21988,6.37776
0.696936,0.130882,6.28021
1.11474,0.10206,6.28119
-1.07944,0.320433,6.28844
-0.0941834,0.286513,6.34829
0.773772,0.366539,6.30767
1.13908,0.359557,6.35702
-0.616494,0.513237,6.27235
-0.17587,0.550363,6.31338
0.0866812,0.539377,6.30303
0.368656,0.423724,6.29166
0.966793,0.527622,6.26408
-1.01685,0.564855,6.32559
0.48431,0.641983,6.25514
-0.926382,0.801249,6.38695
-0.492217,0.722165,6.34106
-0.249658,0.783376,6.26146
0.394948,0.845348,6.38498
0.953584,0.762924,6.38307
-0.709166,0.88069,6.29304
0.149694,0.892751,6.38317
0.755657,0.915472,6.34921
-0.0928852,1.18285,6.34888
0.195744,1.14888,6.32803
0.468197,1.07946,6.33925
-0.604935,-1.2147,6.51947
-0.358061,-1.27735,6.48882
0.31073,-1.26158,6.46154
-0.791728,-1.05269,6.47944
0.542943,-1.15544,6.43885
-0.979622,-0.888175,6.48455
-0.562822,-0.96953,6.54246
-0.299206,-1.01245,6.52178
0.0695419,-0.965057,6.41014
0.344059,-1.01686,6.49914
0.741676,-1.00612,6.41261
-0.750574,-0.804951,6.53918
0.095939,-0.720305,6.452
0.342149,-0.72679,6.53405
0.537736,-0.863791,6.46104
0.93403,-0.832092,6.41277
-1.04816,-0.662396,6.40216
-0.815288,-0.578202,6.45634
-0.362714,-0.587085,6.40591
0.723568,-0.700075,6.43104
1.24194,-0.58942,6.53678
-0.566625,-0.481328,6.50403
-0.204496,-0.395891,6.44178
0.0570257,-0.473443,6.43205
0.338549,-0.487749,6.46233
0.582223,-0.511148,6.51096
0.843484,-0.481558,6.42113
-1.26595,-0.29517,6.46215
-0.861488,-0.340671,6.39445
-0.621682,-0.243032,6.45236
-0.38799,-0.257134,6.53958
0.195167,-0.283834,6.51817
0.710761,-0.297205,6.5248
0.954773,-0.256316,6.46196
1.18953,-0.372314,6.40901
-1.02865,-0.208442,6.52477
-0.107275,-0.16484,6.53425
0.4144,-0.10765,6.45749
0.653571,-0.0955093,6.38908
1.30855,-0.0900566,6.47386
-1.27345,-0.0466923,6.4368
-1.02632,0.042437,6.50974
-0.646764,0.0382143,6.43395
-0.398977,0.0130813,6.4551
1.06576,-0.0324089,6.48597
-1.25407,0.207244,6.43325
-0.169835,0.0941015,6.5122
0.0564066,0.201897,6.52873
0.909804,0.17371,6.40367
1.35082,0.151572,6.52147
-0.997213,0.290367,6.52221
-0.586478,0.330708,6.44018
-0.347609,0.258387,6.45139
0.264244,0.337775,6.50055
0.71304,0.263832,6.52734
-1.20469,0.460888,6.45234
-0.816139,0.417263,6.39234
-0.403781,0.496724,6.40169
-0.201512,0.441903,6.53748
0.0476517,0.457258,6.53546
0.572996,0.447296,6.43255
0.935631,0.412107,6.49213
1.31175,0.398121,6.53354
-1.13063,0.707953,6.49605
-0.716042,0.668918,6.44069
-0.280736,0.694114,6.49259
-0.0324972,0.686182,6.46616
0.318879,0.614874,6.44473
0.559707,0.690074,6.48955
0.777101,0.590399,6.41752
1.13051,0.595447,6.43996
-0.588969,0.86947,6.51824
-0.352514,0.935611,6.43059
-0.0968306,0.929246,6.39404
0.587521,0.965709,6.52704
1.00419,0.947879,6.54331
-0.808569,1.0269,6.46946
-0.57826,1.08384,6.39098
-0.348892,1.18289,6.39529
0.0564335,1.07278,6.52906
0.30308,1.03303,6.52169
0.802273,1.09312,6.51856
-0.194714,1.33875,6.51541
0.0748494,1.31719,6.48174
0.343508,1.27654,6.48406
0.585105,1.21668,6.51225
-0.502638,-1.40103,6.65088
-0.168962,-1.41086,6.58286
0.0780146,-1.38151,6.54642
0.433386,-1.41143,6.63919
-0.743624,-1.33414,6.68976
0.770484,-1.18948,6.57924
-0.938715,-1.15745,6.65256
-0.435067,-1.15586,6.69292
-0.11045,-1.16836,6.57099
0.137325,-1.13044,6.58478
0.398977,-1.16925,6.68914
-1.15729,-0.937253,6.65211
-0.0782335,-0.923098,6.60716
0.171754,-0.885967,6.62376
0.59628,-1.02306,6.64398
1.05187,-0.963224,6.58863
-0.505472,-0.730111,6.5856
-0.25909,-0.758626,6.55505
0.588103,-0.71503,6.65536
0.785716,-0.86192,6.61204
1.25662,-0.808321,6.65645
-1.22325,-0.705852,6.57493
-0.951161,-0.689792,6.63405
-0.700515,-0.602549,6.6768
-0.0725232,-0.600173,6.6061
0.17367,-0.566288,6.63272
0.811742,-0.596398,6.64063
1.03198,-0.710045,6.60783
-1.39078,-0.538174,6.65388
-1.01336,-0.456622,6.56897
-0.339849,-0.484206,6.63239
0.414595,-0.53942,6.69451
1.03295,-0.460666,6.58258
-1.44435,-0.294719,6.63702
-0.809747,-0.329545,6.63866
-0.567328,-0.32585,6.69951
-0.00516369,-0.36306,6.64707
0.457283,-0.312052,6.59424
1.37238,-0.345977,6.57758
-1.22227,-0.183111,6.68084
-0.7928,-0.0837822,6.59608
-0.545433,-0.0863094,6.6315
0.350105,-0.112255,6.69864
0.610532,-0.140308,6.69142
1.15358,-0.230027,6.61116
-1.45012,-0.0459767,6.61361
-1.22859,0.0653951,6.65535
-0.298392,-0.0427844,6.67679
0.109077,-0.041264,6.5517
0.564026,0.0656332,6.55761
0.826213,-0.0318097,6.55713
1.49067,-0.0253888,6.65329
-1.43205,0.203189,6.60892
-0.763512,0.223095,6.57979
-0.523416,0.161796,6.61265
-0.292801,0.215784,6.69192
0.315225,0.0995824,6.55548
1.10871,0.205308,6.55123
-1.21317,0.314607,6.65495
0.482554,0.300389,6.61585
0.904176,0.26054,6.68823
1.50622,0.251946,6.6894
-1.37669,0.501422,6.62822
-1.13003,0.547628,6.68775
-0.699786,0.480836,6.60437
-0.443337,0.405241,6.63076
0.248249,0.52578,6.66725
0.697691,0.51015,6.63984
1.10903,0.461865,6.66491
-0.921446,0.585021,6.55554
-0.509271,0.640223,6.57747
-0.0607352,0.608962,6.70192
0.942449,0.637913,6.59891
1.30533,0.634719,6.61399
-1.31006,0.738844,6.66666
-0.817635,0.821082,6.61096
-0.385609,0.845733,6.6614
-0.136029,0.847295,6.62684
0.170872,0.756032,6.59272
0.40453,0.83374,6.63419
0.74158,0.782253,6.63369
-1.0276,0.948818,6.56121
-0.679197,1.01772,6.69803
-0.908239,1.17302,6.64598
-0.450195,1.08495,6.60546
-0.194769,1.08311,6.56466
0.46583,1.10075,6.69864
0.98664,1.15659,6.68273
-0.677997,1.23034,6.56717
-0.449793,1.3321,6.56836
-0.0424574,1.2383,6.68792
0.206072,1.20449,6.67982
0.767738,1.29227,6.66546
-0.296782,1.49248,6.68393
-0.0173584,1.48329,6.64588
0.230772,1.4477,6.62836
0.483061,1.40404,6.64745
-0.467713,-1.57381,6.83715
-0.227325,-1.5792,6.75803
0.0195644,-1.55452,6.717
0.264582,-1.58025,6.76482
0.673263,-1.38671,6.70394
-0.291456,-1.33712,6.78776
-0.0271988,-1.30784,6.76085
0.220809,-1.33491,6.74609
0.88307,-1.33339,6.83158
-0.703217,-1.08847,6.7115
-0.215557,-1.06836,6.77436
0.685227,-1.16921,6.82738
0.922326,-1.09829,6.75484
1.17247,-1.09353,6.76575
-0.887653,-0.920044,6.71456
-0.402683,-0.910227,6.72496
0.244294,-1.02293,6.81979
0.52226,-0.877749,6.83332
-1.32943,-0.827389,6.79581
-1.07679,-0.76895,6.83585
-0.832892,-0.720541,6.85595
-0.642764,-0.850729,6.75984
-0.231707,-0.745663,6.80304
0.0158718,-0.762146,6.77434
0.313051,-0.751279,6.78098
0.751614,-0.726559,6.84515
0.960657,-0.854724,6.79814
1.44896,-0.797831,6.81596
-0.497721,-0.639439,6.81811
1.17077,-0.588575,6.77636
1.42825,-0.576058,6.70253
-1.16105,-0.540803,6.75197
-0.9158,-0.492749,6.79589
-0.170088,-0.503745,6.81489
0.656286,-0.424062,6.73314
0.947988,-0.48251,6.81641
-1.32533,-0.374808,6.84182
-0.225092,-0.276174,6.72786
0.250231,-0.359159,6.74984
0.471287,-0.284293,6.84202
0.92409,-0.241343,6.7094
1.12551,-0.309178,6.8465
1.36724,-0.371828,6.83283
-1.58218,-0.145613,6.80732
-0.989309,-0.146109,6.76339
-0.698968,-0.149425,6.81823
-0.437065,-0.167849,6.84265
0.0632918,-0.155883,6.76882
-0.0363776,0.0726029,6.72208
0.197343,0.0522642,6.80766
0.71787,0.0762971,6.75453
1.00252,0.0331749,6.72109
1.24662,-0.0155755,6.70427
-1.37054,0.146576,6.84438
-1.1069,0.183398,6.83898
-0.896096,0.0891609,6.74379
-0.44631,0.0816673,6.83635
0.441483,0.108816,6.77102
1.26373,0.230288,6.74558
-1.54948,0.371158,6.75561
-0.632998,0.313901,6.77784
-0.0672896,0.321504,6.71078
0.179728,0.288887,6.7301
0.395833,0.342789,6.84606
0.662938,0.316751,6.7937
-1.31276,0.423961,6.85694
-0.903894,0.402171,6.72524
-0.538903,0.551605,6.80928
0.0907747,0.484846,6.85688
0.894362,0.487502,6.79243
1.38004,0.452771,6.76818
-1.50149,0.640771,6.79479
-0.848114,0.645938,6.78654
-0.309491,0.596234,6.72072
0.479593,0.608343,6.71175
0.687062,0.656078,6.84244
1.11741,0.688368,6.77002
1.46418,0.706883,6.79297
-1.06452,0.782167,6.74348
-0.61574,0.782576,6.75315
-0.233469,0.794551,6.85288
0.0163243,0.796276,6.84815
0.26231,0.758441,6.82525
-1.38336,0.917185,6.82522
-0.906451,0.969699,6.79126
-0.370573,1.02563,6.83467
0.158146,0.964516,6.7299
0.585908,0.891294,6.79606
0.80853,0.994032,6.74794
1.0519,0.939815,6.78856
1.27784,0.869623,6.70826
-1.18252,1.03817,6.73583
-0.123385,1.02899,6.79795
-0.774177,1.18599,6.85662
-0.541541,1.23779,6.78089
-0.287916,1.24029,6.73518
-0.725751,1.40251,6.74176
-0.496691,1.48008,6.83346
0.62196,1.37096,6.85259
0.984467,1.35376,6.83643
-0.128763,1.57159,6.85131
0.349206,1.59137,6.79503
-0.568984,-1.28341,6.86113
0.485424,-1.32322,6.86722
-0.898795,-1.10898,6.89955
-0.4346,-1.0852,6.93255
0.0730679,-1.16209,6.93722
-0.0558841,-0.948417,6.92458
0.775687,-0.95912,6.93414
1.19312,-0.876723,6.88826
-0.494783,-0.844347,6.96112
0.163147,-0.834302,6.96293
-0.322385,-0.612726,6.99422
-0.0777795,-0.663127,6.98383
0.155605,-0.584703,6.88124
0.524771,-0.636027,6.89677
-0.682793,-0.456362,6.87864
-0.400574,-0.414015,6.8644
0.317521,-0.423096,6.98188
-0.872503,-0.288143,6.93261
-0.592404,-0.265533,7.01228
-0.200433,-0.311998,6.97396
0.0294474,-0.369327,6.89434
0.770161,-0.366553,6.94812
-0.152529,-0.0875813,6.87476
0.259587,-0.178075,6.92198
0.787913,-0.125661,6.88399
1.40298,-0.126546,6.86439
-1.20905,-0.0400285,6.88522
-0.891693,-0.0313147,6.96268
0.0621137,-0.0431772,6.99478
0.346703,0.0567447,7.00788
0.54949,-0.0601338,6.92019
-0.690784,0.0961768,6.88611
-0.188303,0.157093,6.91105
0.0540037,0.214334,6.93283
0.560481,0.182795,6.97803
0.895188,0.146698,6.91606
1.15275,0.0831782,6.91441
-0.934933,0.319466,6.95902
-0.392276,0.358865,6.87094
0.83377,0.371846,7.00549
1.06633,0.322582,6.86801
1.634,0.242797,6.90822
-0.741181,0.475506,6.93479
-0.165567,0.472966,6.88358
0.603905,0.467626,6.98402
-1.22691,0.660166,6.88884
0.380972,0.572686,6.94277
0.909328,0.760446,6.88818
0.348567,0.990302,6.88969
0.0791231,1.15263,6.88876
0.577281,1.10695,6.92216
0.813995,1.18581,6.90808
-0.222982,-1.07046,7.0647
0.126661,-0.281001,7.10693
0.548338,-0.371993,7.063
-0.33938,-0.0323811,7.0313
-1.23162,0.144974,7.05215
-0.56641,0.283296,7.03368
-0.250483,0.334973,7.07532
0.227587,0.366472,7.02917
-0.0135966,0.414439,7.07337
0.139444,0.665874,7.02223
-0.0286443,0.970404,7.02166
1.41256,-1.58198,7.95048
2.26638,-0.124565,7.92429
-0.501141,-1.87093,7.96467
-0.108589,-1.05607,7.99369
-1.41132,-0.536505,7.99679
-2.01807,1.0733,7.98613
-0.509077,1.54991,7.99248
1.27531,2.1129,8.1075
-0.390566,2.15993,8.10036
0.35029,-2.68395,8.16585
-1.78582,-1.88584,8.12247
0.769114,-1.09495,8.16043
0.671999,0.694835,8.19974
-0.564292,0.743213,8.12786
-0.121524,1.94786,8.16873
0.527875,2.80115,8.17051
1.35424,-2.65573,8.40086
2.50916,-1.70666,8.29406
0.712558,-1.64389,8.38502
-2.72377,-0.966158,8.30027
0.492833,-0.957006,8.38201
2.98713,-0.961988,8.29954
-2.4043,0.156296,8.41591
-0.189872,0.827335,8.27087
-0.665026,-3.12951,8.50252
-2.15564,-2.34643,8.57578
-0.588443,-2.35608,8.50827
1.58665,-1.5661,8.51409
2.15831,-0.124962,8.47539
-0.0650946,0.354372,8.57598
2.2303,1.39305,8.46781
2.65514,1.41481,8.45636
-1.79783,1.52599,8.48543
-0.403574,-3.3349,8.62874
1.73088,-2.82225,8.71081
2.2429,-2.67438,8.66231
0.75957,-1.90206,8.62712
-2.18103,-1.72164,8.60478
-1.63565,-1.1591,8.68892
3.12306,-1.13278,8.71497
2.77971,1.85075,8.71068
-2.14823,2.36346,8.58526
-1.62729,2.46521,8.63104
-0.990151,2.52762,8.70105
2.0442,2.4661,8.58243
-2.13238,2.69674,8.66899
-0.534187,3.26492,8.70305
-1.27173,-2.82722,8.88884
-1.22468,-2.31941,8.87731
0.271691,-1.28525,8.87921
-0.00865613,-1.08357,8.85416
2.10309,-0.959675,8.81643
0.558423,-0.580284,8.82705
-2.21576,-0.338365,8.7932
-2.7674,0.290632,8.76591
-0.39868,2.58777,8.80334
-1.77153,2.72162,8.79644
-0.649166,3.07072,8.88722
0.803736,3.18783,8.78362
1.71716,3.07976,8.85178
0.968442,-2.59525,8.91604
2.7682,-2.09874,8.92005
3.53701,-0.596551,8.94567
1.80432,1.17921,8.98703
2.1168,1.46635,8.92257
-1.80777,1.52966,9.01415
-2.02975,2.32824,9.04448
-1.99536,2.7135,9.01469
-0.437446,-2.95608,9.09832
1.17919,-2.19819,9.1999
-1.67866,-2.11817,9.08798
-2.77025,-1.92507,9.15961
-1.10028,-1.66236,9.07935
-2.33475,-1.31507,9.0981
2.35319,-0.268234,9.20183
-3.06633,-0.13123,9.09466
-1.08479,0.400559,9.206
2.3546,0.513606,9.1912
-1.60026,0.846862,9.09681
1.89298,1.77883,9.08988
0.75903,-3.38972,9.21472
-2.77428,-1.39644,9.36007
3.10151,-1.30826,9.3239
-1.54882,-1.05278,9.30642
-0.58927,-1.05956,9.28929
-3.52348,0.133314,9.2155
2.10951,0.512265,9.34735
-2.01943,0.993388,9.24523
0.979535,1.44288,9.33857
-0.190685,2.35178,9.2895
-0.453305,-3.49099,9.40563
1.22207,-3.43039,9.46632
2.18407,-0.308912,9.39272
3.29963,-0.294891,9.42033
0.856057,0.950442,9.37145
2.95423,0.991605,9.50974
0.559621,-3.25402,9.62939
-1.32057,-2.76928,9.55146
-3.43937,0.0275353,9.55348
-0.998286,2.60685,9.66063
-0.999591,3.47506,9.62527
3.03863,-1.81287,9.7434
-1.74868,-0.819401,9.7537
-3.24766,-0.270435,9.80311
-1.16031,0.335498,9.75169
-1.30903,1.10015,9.68885
1.72796,2.29349,9.73124
2.63914,2.37759,9.70055
-2.52157,-2.47757,9.9288
1.83892,-2.52053,9.9724
-1.55653,-1.40408,9.84883
0.774108,-0.771008,9.84216
2.88677,-0.388451,9.86496
-0.129242,1.43073,9.93804
0.677921,1.41263,9.87626
-1.47405,1.65591,9.84697
-2.47881,1.7961,9.96614
0.665299,2.07374,9.90462
1.03475,2.3134,9.8334
-2.11868,-2.58609,10.0614
-1.23595,-1.79746,10.105
-2.33476,-1.49631,10.0177
-0.147033,-1.18655,10.024
-0.73935,-0.257289,10.1196
-1.36878,0.0999434,10.1233
1.00029,0.645734,10.067
2.49706,0.806716,10.0827
0.39346,0.88856,10.0498
-2.676,1.27699,10.0255
-1.635,2.14746,10.0164
-1.03764,2.30664,10.0509
-1.0417,2.60645,10.135
-1.17679,-3.09253,10.1678
0.21733,-2.93742,10.2633
2.69044,-1.84809,10.2848
0.166768,-1.53292,10.2114
2.37312,0.185874,10.2601
1.93631,0.329222,10.2886
2.25285,0.41332,10.1941
0.940163,0.913898,10.2044
2.63097,1.91008,10.2311
-0.620646,3.60399,10.1691
-1.22293,-3.44613,10.3283
-0.537818,-2.70046,10.3511
-1.1342,-1.66945,10.4369
-0.937407,-0.202097,10.3668
0.0931598,0.137503,10.4007
1.51175,1.11695,10.3499
-2.46618,1.38374,10.3474
-1.56666,3.07223,10.4053
-2.54826,-2.62312,10.4742
2.09306,-2.26136,10.5678
-0.651134,0.382607,10.5522
2.9863,0.279507,10.5545
3.09348,0.528671,10.6128
-1.18922,0.737574,10.5124
1.25498,2.37406,10.4877
0.371046,-3.42167,10.7224
3.19738,-1.25793,10.7228
1.87024,-0.523571,10.7154
3.47604,0.609163,10.6266
0.127121,0.920286,10.7725
-0.615369,1.09391,10.6284
1.8356,2.44914,10.6913
1.605,2.81632,10.6475
0.443329,3.02387,10.6472
2.76592,-2.32329,10.8294
1.95334,-2.15417,10.7909
-2.77697,-0.973948,10.7755
-0.11529,0.31843,10.8965
-3.37331,0.717708,10.8173
3.10165,0.953299,10.8079
0.425575,1.04375,10.8808
-2.24753,-2.29433,10.9829
2.07321,-1.55364,10.9838
-1.22145,-1.24705,10.9966
1.60806,1.01482,11.0578
-2.34953,1.08988,10.9459
-2.11755,1.16812,11.0793
-2.47698,2.2267,11.0678
-3.28071,-0.884372,11.1926
-1.28606,-0.437158,11.1567
0.468914,-0.165384,11.2123
-3.14901,1.03654,11.1895
-0.0360581,1.97213,11.2362
-0.440263,2.89776,11.1089
1.08953,3.26946,11.1091
-1.539,-3.09603,11.3393
-0.34517,-2.47336,11.3712
1.71457,-2.4408,11.384
0.535744,-1.75619,11.3264
3.50264,-0.64831,11.3712
-3.23546,-0.346246,11.3679
-0.434988,0.360976,11.2961
-1.86656,1.44353,11.3761
-1.59974,1.98662,11.3689
2.15753,1.98435,11.3438
0.733718,-3.20952,11.4065
-0.521544,-2.78445,11.5158
-0.158407,-2.33814,11.4893
-2.32213,-2.04286,11.5274
0.654257,-1.09597,11.5148
-1.5574,-0.742813,11.4237
2.79361,-0.553344,11.4207
-2.22564,0.804594,11.4585
-3.04048,0.970548,11.4557
-1.90589,1.70445,11.4401
-0.809318,1.7845,11.5505
-1.94069,2.04902,11.4288
2.3276,2.79605,11.5128
-1.00547,3.41601,11.4633
0.499475,-3.31532,11.6216
0.513553,-2.3119,11.6761
0.248571,-2.26759,11.5862
2.24502,-1.97863,11.6435
-1.39104,-1.5599,11.6612
2.31785,-1.53052,11.5703
2.94368,-1.52192,11.582
1.06167,-1.37993,11.6683
3.2851,-1.33155,11.5824
-0.673381,-1.12128,11.6045
2.85468,-0.185683,11.7088
-2.14836,0.185114,11.6974
0.804011,0.208626,11.6844
-0.471165,0.327102,11.6971
-3.56142,0.887358,11.589
1.88394,1.77457,11.6935
-2.81343,1.89846,11.5818
-1.624,-2.89792,11.861
2.64931,-1.4292,11.7961
1.94442,-0.138654,11.7235
-1.81781,0.0377006,11.7133
-1.27968,0.408513,11.8615
0.31793,0.644998,11.7434
2.7209,0.915415,11.8013
-1.21678,1.26179,11.7773
-1.42431,1.67646,11.8191
-0.594929,2.62651,11.7811
2.36845,-2.30554,11.912
-2.99677,-1.52325,11.8982
0.348165,-0.393667,11.9547
-0.505564,-0.221377,11.9983
2.96734,0.879253,11.9359
-2.41868,1.70269,11.8898
3.62795,0.217264,12.1451
-1.60919,2.76537,12.1078
-0.0323732,3.10361,12.1241
1.07009,3.41336,12.1151
-4.5,-4.5,-0.5
-4.5,-4.5,-0.5
-4.5,-4.5,-0.5
-4.5,-4.5,-0.5
-4.5,-4.5,-0.5
-4.5,-4.5,-0.5
-4.5,-4.5,-0.5
-4.5,-4.5,-0.5
-4.5,-4.5,-0.5
-4.5,-4.5,-0.5
-4.5,-4.5,-0.5
-4.5,-4.5,-0.5
-4.5,-4.5,-0.5
-4.5,-4.5,-0.5
-4.5,-4.5,-0.5
-4.5,-4.5,-0.5
-4.5,-4.5,-0.5
-4.5,-4.5,-0.5
-4.5,-4.5,-0.5
-4.5,-4.5,-0.5
-4.5,-4.5,-0.5
-4.5,-4.5,-0.5
-4.5,-4.5,-0.5
-4.5,-4.5,-0.5
-4.5,-4.5,-0.5
-4.5,-4.5,-0.5
-4.5,-4.5,-0.5
-4.5,-4.5,-0.5
-4.5,-4.5,-0.5
-4.5,-4.5,-0.5
-4.5,-4.5,-0.5
-4.5,-4.5,-0.5
-4.5,-4.5,-0.5
-4.5,-4.5,-0.5
-4.5,-4.5,-0.5
-4.5,-4.5,-0.5
-4.5,-4.5,-0.5
-4.5,-4.5,-0.5
-4.5,-4.5,-0.5
-4.5,-4.5,-0.5
-4.5,-4.5,-0.5
-4.5,-4.5,-0.5
-4.5,-4.5,-0.5
-4.5,-4.5,-0.5
-4.5,-4.5,-0.5
-4.5,-4.5,-0.5
-4.5,-4.5,-0.5
-4.5,-4.5,-0.5
-4.5,-4.5,-0.5
-4.5,-4.5,-0.5
-4.5,-4.5,-0.5
-4.5,-4.5,-0.5
-4.5,-4.5,-0.5
-4.5,-4.5,-0.5
-4.5,-4.5,-0.5
-4.5,-4.5,-0.5
-4.5,-4.5,-0.5
-4.5,-4.5,-0.5
-4.5,-4.5,-0.5
-4.5,-4.5,-0.5
-4.5,-4.5,-0.5
-4.5,-4.5,-0.5
-4.5,-4.5,-0.5
-4.5,-4.5,-0.5
-4.5,-4.5,-0.5
-4.5,-4.5,-0.5
-4.5,-4.5,-0.5
-4.5,-4.5,-0.5
-4.5,-4.5,-0.5
-4.5,-4.5,-0.5
-4.5,-4.5,-0.5
-4.5,-4.5,-0.5
-4.5,-4.5,-0.5
-4.5,-4.5,-0.5
-4.5,-4.5,-0.5
-4.5,-4.5,-0.5
-4.5,-4.5,-0.5
-4.5,-4.5,-0.5
-4.5,-4.5,-0.5
-4.5,-4.5,-0.5
-4.5,-4.5,-0.5
-4.5,-4.5,-0.5
-4.5,-4.5,-0.5
-4.5,-4.5,-0.5
-4.5,-4.5,-0.5
-4.5,-4.5,-0.5
-4.5,-4.5,-0.5
-4.5,-4.5,-0.5
-4.5,-4.5,-0.5
-4.5,-4.5,-0.5
-4.5,-4.5,-0.5
-4.5,-4.5,-0.5
-4.5,-4.5,-0.5
-4.5,-4.5,-0.5
-4.5,-4.5,-0.5
-4.5,-4.5,-0.5
-4.5,-4.5,-0.5
-4.5,-4.5,-0.5
-4.5,-4.5,-0.5
-4.5,-4.5,-0.5
-4.5,-4.5,-0.5
-4.5,-4.5,-0.5
-4.5,-4.5,-0.5
-4.5,-4.5,-0.5
-4.5,-4.5,-0.5
-4.5,-4.5,-0.5
-4.5,-4.5,-0.5
-4.5,-4.5,-0.5
-4.5,-4.5,-0.5
-4.5,-4.5,-0.5
-4.5,-4.5,-0.5
-4.5,-4.5,-0.5
-4.5,-4.5,-0.5
-4.5,-4.5,-0.5
-4.5,-4.5,-0.5
-4.5,-4.5,-0.5
-4.5,-4.5,-0.5
-4.5,-4.5,-0.5
-4.5,-4.5,-0.5
-4.5,-4.5,-0.5
-4.5,-4.5,-0.5
-4.5,-4.5,-0.5
-4.5,-4.5,-0.5
-4.5,-4.5,-0.5
-4.5,-4.5,-0.5
-4.5,-4.5,-0.5
-4.5,-4.5,-0.5
-4.5,-4.5,-0.5
-4.5,-4.5,-0.5
-4.5,-4.5,-0.5
-4.5,-4.5,-0.5
-4.5,-4.5,-0.5
-4.5,-4.5,-0.5
-4.5,-4.5,-0.5
-4.5,-4.5,-0.5
-4.5,-4.5,-0.5
-4.5,-4.5,-0.5
-4.5,-4.5,-0.5
-4.5,-4.5,-0.5
-4.5,-4.5,-0.5
-4.5,-4.5,-0.5
-4.5,-4.5,-0.5
-4.5,-4.5,-0.5
-4.5,-4.5,-0.5
-4.5,-4.5,-0.5
-4.5,-4.5,-0.5
-4.5,-4.5,-0.5
-4.5,-4.5,-0.5
-4.5,-4.5,-0.5
-4.5,-4.5,-0.5
-4.5,-4.5,-0.5
-4.5,-4.5,-0.5
-4.5,-4.5,-0.5
-4.5,-4.5,-0.5
-4.5,-4.5,-0.5
-4.5,-4.5,-0.5
-4.5,-4.5,-0.5
-4.5,-4.5,-0.5
-4.5,-4.5,-0.5
-4.5,-4.5,-0.5
-4.5,-4.5,-0.5
-4.5,-4.5,-0.5
-4.5,-4.5,-0.5
-4.5,-4.5,-0.5
-4.5,-4.5,-0.5
-4.5,-4.5,-0.5
-4.5,-4.5,-0.5
-4.5,-4.5,-0.5
-4.5,-4.5,-0.5
-4.5,-4.5,-0.5
-4.5,-4.5,-0.5
-4.5,-4.5,-0.5
-4.5,-4.5,-0.5
-4.5,-4.5,-0.5
-4.5,-4.5,-0.5
-4.5,-4.5,-0.5
-4.5,-4.5,-0.5
-4.5,-4.5,-0.5
-4.5,-4.5,-0.5
-4.5,-4.5,-0.5
-4.5,-4.5,-0.5
-4.5,-4.5,-0.5
-4.5,-4.5,-0.5
-4.5,-4.5,-0.5
-4.5,-4.5,-0.5
-4.5,-4.5,-0.5
-4.5,-4.5,-0.5
-4.5,-4.5,-0.5
-4.5,-4.5,-0.5
-4.5,-4.5,-0.5
-4.5,-4.5,-0.5
-4.5,-4.5,-0.5
-4.5,-4.5,-0.5
-4.5,-4.5,-0.5
-4.5,-4.5,-0.5
-4.5,-4.5,-0.5
-4.5,-4.5,-0.5
-4.5,-4.5,-0.5
-4.5,-4.5,-0.5
-4.5,-4.5,-0.5
-4.5,-4.5,-0.5
-4.5,-4.5,-0.5
-4.5,-4.5,-0.5
-4.5,-4.5,-0.5
-4.5,-4.5,-0.5
-4.5,-4.5,-0.5
-4.5,-4.5,-0.5
-4.5,-4.5,-0.5
-4.5,-4.5,-0.5
-4.5,-4.5,-0.5
-4.5,-4.5,-0.5
-4.5,-4.5,-0.5
-4.5,-4.5,-0.5
-4.5,-4.5,-0.5
-4.5,-4.5,-0.5
-4.5,-4.5,-0.5
-4.5,-4.5,-0.5
-4.5,-4.5,-0.5
-4.5,-4.5,-0.5
-4.5,-4.5,-0.5
-4.5,-4.5,-0.5
-4.5,-4.5,-0.5
-4.5,-4.5,-0.5
-4.5,-4.5,-0.5
-4.5,-4.5,-0.5
-4.5,-4.5,-0.5
-4.5,-4.5,-0.5
-4.5,-4.5,-0.5
-4.5,-4.5,-0.5
-4.5,-4.5,-0.5
-4.5,-4.5,-0.5
-4.5,-4.5,-0.5
-4.5,-4.5,-0.5
-4.5,-4.5,-0.5
-4.5,-4.5,-0.5
-4.5,-4.5,-0.5
-4.5,-4.5,-0.5
-4.5,-4.5,-0.5
-4.5,-4.5,-0.5
-4.5,-4.5,-0.5
-4.5,-4.5,-0.5
-4.5,-4.5,-0.5
-4.5,-4.5,-0.5
-4.5,-4.5,-0.5
-4.5,-4.5,-0.5
-4.5,-4.5,-0.5
-4.5,-4.5,-0.5
-4.5,-4.5,-0.5
-4.5,-4.5,-0.5
-4.5,-4.5,-0.5
-4.5,-4.5,-0.5
-4.5,-4.5,-0.5
-4.5,-4.5,-0.5
-4.5,-4.5,-0.5
-4.5,-4.5,-0.5
-4.5,-4.5,-0.5
-4.5,-4.5,-0.5
-4.5,-4.5,-0.5
-4.5,-4.5,-0.5
-4.5,-4.5,-0.5
-4.5,-4.5,-0.5
-4.5,-4.5,-0.5
-4.5,-4.5,-0.5
-4.5,-4.5,-0.5
-4.5,-4.5,-0.5
-4.5,-4.5,-0.5
-4.5,-4.5,-0.5
-4.5,-4.5,-0.5
-4.5,-4.5,-0.5
-4.5,-4.5,-0.5
-4.5,-4.5,-0.5
-4.5,-4.5,-0.5
-4.5,-4.5,-0.5
-4.5,-4.5,-0.5
-4.5,-4.5,-0.5
-4.5,-4.5,-0.5
-4.5,-4.5,-0.5
-4.5,-4.5,-0.5
-4.5,-4.5,-0.5
-4.5,-4.5,-0.5
-4.5,-4.5,-0.5
-4.5,-4.5,-0.5
-4.5,-4.5,-0.5
-4.5,-4.5,-0.5
-4.5,-4.5,-0.5
-4.5,-4.5,-0.5
-4.5,-4.5,-0.5
-4.5,-4.5,-0.5
-4.5,-4.5,-0.5
-4.5,-4.5,-0.5
-4.5,-4.5,-0.5
-4.5,-4.5,-0.5
-4.5,-4.5,-0.5
-4.5,-4.5,-0.5
-4.5,-4.5,-0.5
-4.5,-4.5,-0.5
-4.5,-4.5,-0.5
-4.5,-4.5,-0.5
-4.5,-4.5,-0.5
-4.5,-4.5,-0.5
-4.5,-4.5,-0.5
-4.5,-4.5,-0.5
-4.5,-4.5,-0.5
-4.5,-4.5,-0.5
-4.5,-4.5,-0.5
-4.5,-4.5,-0.5
-4.5,-4.5,-0.5
-4.5,-4.5,-0.5
-4.5,-4.5,-0.5
-4.5,-4.5,-0.5
-4.5,-4.5,-0.5
-4.5,-4.5,-0.5
-4.5,-4.5,-0.5
-4.5,-4.5,-0.5
-4.5,-4.5,-0.5
-4.5,-4.5,-0.5
-4.5,-4.5,-0.5
-4.5,-4.5,-0.5
-4.5,-4.5,-0.5
-4.5,-4.5,-0.5
-4.5,-4.5,-0.5
-4.5,-4.5,-0.5
-4.5,-4.5,-0.5
-4.5,-4.5,-0.5
-4.5,-4.5,-0.5
-4.5,-4.5,-0.5
-4.5,-4.5,-0.5
-4.5,-4.5,-0.5
-4.5,-4.5,-0.5
-4.5,-4.5,-0.5
-4.5,-4.5,-0.5
-4.5,-4.5,-0.5
-4.5,-4.5,-0.5
-4.5,-4.5,-0.5
-4.5,-4.5,-0.5
-4.5,-4.5,-0.5
-4.5,-4.5,-0.5
-4.5,-4.5,-0.5
-4.5,-4.5,-0.5
-4.5,-4.5,-0.5
-4.5,-4.5,-0.5
-4.5,-4.5,-0.5
-4.5,-4.5,-0.5
-4.5,-4.5,-0.5
-4.5,-4.5,-0.5
-4.5,-4.5,-0.5
-4.5,-4.5,-0.5
-4.5,-4.5,-0.5
-4.5,-4.5,-0.5
-4.5,-4.5,-0.5
-4.5,-4.5,-0.5
-4.5,-4.5,-0.5
-4.5,-4.5,-0.5
-4.5,-4.5,-0.5
-4.5,-4.5,-0.5
-4.5,-4.5,-0.5
-4.5,-4.5,-0.5
-4.5,-4.5,-0.5
-4.5,-4.5,-0.5
-4.5,-4.5,-0.5
-4.5,-4.5,-0.5
-4.5,-4.5,-0.5
-4.5,-4.5,-0.5
-4.5,-4.5,-0.5
-4.5,-4.5,-0.5
-4.5,-4.5,-0.5
-4.5,-4.5,-0.5
-4.5,-4.5,-0.5
-4.5,-4.5,-0.5
-4.5,-4.5,-0.5
-4.5,-4.5,-0.5
-4.5,-4.5,-0.5
-4.5,-4.5,-0.5
-4.5,-4.5,-0.5
-4.5,-4.5,-0.5
-4.5,-4.5,-0.5
-4.5,-4.5,-0.5
-4.5,-4.5,-0.5
-4.5,-4.5,-0.5
-4.5,-4.5,-0.5
-4.5,-4.5,-0.5
-4.5,-4.5,-0.5
-4.5,-4.5,-0.5
-4.5,-4.5,-0.5
-4.5,-4.5,-0.5
-4.5,-4.5,-0.5
-4.5,-4.5,-0.5
-4.5,-4.5,-0.5
-4.5,-4.5,-0.5
-4.5,-4.5,-0.5
-4.5,-4.5,-0.5
-4.5,-4.5,-0.5
-4.5,-4.5,-0.5
-4.5,-4.5,-0.5
-4.5,-4.5,-0.5
-4.5,-4.5,-0.5
-4.5,-4.5,-0.5
-4.5,-4.5,-0.5
-4.5,-4.5,-0.5
-4.5,-4.5,-0.5
-4.5,-4.5,-0.5
-4.5,-4.5,-0.5
-4.5,-4.5,-0.5
-4.5,-4.5,-0.5
-4.5,-4.5,-0.5
-4.5,-4.5,-0.5
-4.5,-4.5,-0.5
-4.5,-4.5,-0.5
-4.5,-4.5,-0.5
-4.5,-4.5,-0.5
-4.5,-4.5,-0.5
-4.5,-4.5,-0.5
-4.5,-4.5,-0.5
-4.5,-4.5,-0.5
-4.5,-4.5,-0.5
-4.5,-4.5,-0.5
-4.5,-4.5,-0.5
-4.5,-4.5,-0.5
-4.5,-4.5,-0.5
-4.5,-4.5,-0.5
-4.5,-4.5,-0.5
-4.5,-4.5,-0.5
-4.5,-4.5,-0.5
-4.5,-4.5,-0.5
-4.5,-4.5,-0.5
-4.5,-4.5,-0.5
-4.5,-4.5,-0.5
-4.5,-4.5,-0.5
-4.5,-4.5,-0.5
-4.5,-4.5,-0.5
-4.5,-4.5,-0.5
-4.5,-4.5,-0.5
-4.5,-4.5,-0.5
-4.5,-4.5,-0.5
-4.5,-4.5,-0.5
-4.5,-4.5,-0.5
-4.5,-4.5,-0.5
-4.5,-4.5,-0.5
-4.5,-4.5,-0.5
-4.5,-4.5,-0.5
-4.5,-4.5,-0.5
-4.5,-4.5,-0.5
-4.5,-4.5,-0.5
-4.5,-4.5,-0.5
-4.5,-4.5,-0.5
-4.5,-4.5,-0.5
-4.5,-4.5,-0.5
-4.5,-4.5,-0.5
-4.5,-4.5,-0.5
-4.5,-4.5,-0.5
-4.5,-4.5,-0.5
-4.5,-4.5,-0.5
-4.5,-4.5,-0.5
-4.5,-4.5,-0.5
-4.5,-4.5,-0.5
-4.5,-4.5,-0.5
-4.5,-4.5,-0.5
-4.5,-4.5,-0.5
-4.5,-4.5,-0.5
-4.5,-4.5,-0.5
-4.5,-4.5,-0.5
-4.5,-4.5,-0.5
-4.5,-4.5,-0.5
-4.5,-4.5,-0.5
-4.5,-4.5,-0.5
-4.5,-4.5,-0.5
-4.5,-4.5,-0.5
-4.5,-4.5,-0.5
-4.5,-4.5,-0.5
-4.5,-4.5,-0.5
-4.5,-4.5,-0.5
-4.5,-4.5,-0.5
-4.5,-4.5,-0.5
-4.5,-4.5,-0.5
-4.5,-4.5,-0.5
-4.5,-4.5,-0.5
-4.5,-4.5,-0.5
-4.5,-4.5,-0.5
-4.5,-4.5,-0.5
-4.5,-4.5,-0.5
-4.5,-4.5,-0.5
-4.5,-4.5,-0.5
-4.5,-4.5,-0.5
-4.5,-4.5,-0.5
-4.5,-4.5,-0.5
-4.5,-4.5,-0.5
-4.5,-4.5,-0.5
-4.5,-4.5,-0.5
-4.5,-4.5,-0.5
-4.5,-4.5,-0.5
-4.5,-4.5,-0.5
-4.5,-4.5,-0.5
-4.5,-4.5,-0.5
-4.5,-4.5,-0.5
-4.5,-4.5,-0.5
-4.5,-4.5,-0.5
-4.5,-4.5,-0.5
-4.5,-4.5,-0.5
-4.5,-4.5,-0.5
-4.5,-4.5,-0.5
-4.5,-4.5,-0.5
-4.5,-4.5,-0.5
-4.5,-4.5,-0.5
-4.5,-4.5,-0.5
-4.5,-4.5,-0.5
-4.5,-4.5,-0.5
-4.5,-4.5,-0.5
-4.5,-4.5,-0.5
-4.5,-4.5,-0.5
-4.5,-4.5,-0.5
-4.5,-4.5,-0.5
-4.5,-4.5,-0.5
-4.5,-4.5,-0.5
-4.5,-4.5,-0.5
-4.5,-4.5,-0.5
-4.5,-4.5,-0.5
-4.5,-4.5,-0.5
-4.5,-4.5,-0.5
-4.5,-4.5,-0.5
-4.5,-4.5,-0.5
-4.5,-4.5,-0.5
-4.5,-4.5,-0.5
-4.5,-4.5,-0.5
-4.5,-4.5,-0.5
-4.5,-4.5,-0.5
-4.5,-4.5,-0.5
-4.5,-4.5,-0.5
-4.5,-4.5,-0.5
-4.5,-4.5,-0.5
-4.5,-4.5,-0.5
-4.5,-4.5,-0.5
-4.5,-4.5,-0.5
-4.5,-4.5,-0.5
-4.5,-4.5,-0.5
-4.5,-4.5,-0.5
-4.5,-4.5,-0.5
-4.5,-4.5,-0.5
-4.5,-4.5,-0.5
-4.5,-4.5,-0.5
-4.5,-4.5,-0.5
-4.5,-4.5,-0.5
-4.5,-4.5,-0.5
-4.5,-4.5,-0.5
-4.5,-4.5,-0.5
-4.5,-4.5,-0.5
-4.5,-4.5,-0.5
-4.5,-4.5,-0.5
-4.5,-4.5,-0.5
-4.5,-4.5,-0.5
-4.5,-4.5,-0.5
-4.5,-4.5,-0.5
-4.5,-4.5,-0.5
-4.5,-4.5,-0.5
-4.5,-4.5,-0.5
-4.5,-4.5,-0.5
-4.5,-4.5,-0.5
-4.5,-4.5,-0.5
-4.5,-4.5,-0.5
-4.5,-4.5,-0.5
-4.5,-4.5,-0.5
-4.5,-4.5,-0.5
-4.5,-4.5,-0.5
-4.5,-4.5,-0.5
-4.5,-4.5,-0.5
-4.5,-4.5,-0.5
-4.5,-4.5,-0.5
-4.5,-4.5,-0.5
-4.5,-4.5,-0.5
-4.5,-4.5,-0.5
-4.5,-4.5,-0.5
-4.5,-4.5,-0.5
-4.5,-4.5,-0.5
-4.5,-4.5,-0.5
-4.5,-4.5,-0.5
-4.5,-4.5,-0.5
-4.5,-4.5,-0.5
-4.5,-4.5,-0.5
-4.5,-4.5,-0.5
-4.5,-4.5,-0.5
-4.5,-4.5,-0.5
-4.5,-4.5,-0.5
-4.5,-4.5,-0.5
-4.5,-4.5,-0.5
-4.5,-4.5,-0.5
-4.5,-4.5,-0.5
-4.5,-4.5,-0.5
-4.5,-4.5,-0.5
-4.5,-4.5,-0.5
-4.5,-4.5,-0.5
