x,y,z
-0.245676,-0.593578,0.135904
0.113881,-0.645026,0.146948
-0.0514119,-0.542427,0.115509
0.283298,-0.472056,0.0922153
-0.376454,-0.450091,0.114086
-0.192595,-0.416827,0.100084
0.0999987,-0.435741,0.0935534
0.45587,-0.405115,0.105956
-0.545388,-0.259172,0.0936529
-0.382694,-0.277898,0.183899
-0.0388756,-0.309824,0.0938601
0.243181,-0.289355,0.0929274
-0.40442,-0.117803,0.0915725
-0.224102,-0.231975,0.0943682
-0.0699499,-0.125324,0.0938462
0.114518,-0.153096,0.0932593
0.49779,-0.224764,0.0922459
-0.620716,-0.0907258,0.125987
0.369277,-0.0889273,0.0942418
0.572132,-0.0533523,0.0941621
-0.698013,0.0819334,0.170264
-0.51574,0.0499758,0.191279
-0.358276,0.0628831,0.0925822
-0.192033,0.00310878,0.15098
0.0331264,0.0696153,0.0928698
0.209517,0.0077756,0.10385
0.377685,0.0985834,0.0926145
0.651368,0.095896,0.174083
-0.520948,0.209975,0.0938838
-0.212461,0.180204,0.0938778
0.216724,0.194341,0.0938796
0.528104,0.209434,0.0953083
-0.0238922,0.247315,0.0927696
0.368463,0.303089,0.0927163
-0.397424,0.360828,0.0908406
-0.0776092,0.43923,0.0950543
0.198031,0.380831,0.0916811
0.51648,0.426996,0.179363
-0.313238,0.519699,0.135547
0.175614,0.565068,0.0958974
0.344815,0.486954,0.135297
-0.174145,0.639194,0.161469
-0.00329357,0.613743,0.0953768
-0.106676,-0.687124,0.217779
0.296442,-0.625197,0.194843
-0.390746,-0.574333,0.250848
-0.146647,-0.516523,0.273418
0.0358645,-0.541543,0.279259
0.446739,-0.525946,0.246075
-0.528219,-0.402233,0.213524
-0.299643,-0.414962,0.280122
0.196138,-0.450562,0.255775
0.575518,-0.386086,0.247208
-0.0985223,-0.33701,0.269095
0.102951,-0.294448,0.214579
0.373956,-0.287528,0.224763
-0.645314,-0.231087,0.248137
-0.489794,-0.130282,0.253172
-0.294075,-0.123974,0.240722
-0.11279,-0.151448,0.274239
0.246986,-0.150741,0.223634
0.476826,-0.134211,0.251793
0.640968,-0.216624,0.210156
-0.697422,-0.0577987,0.293
0.0386163,-0.0525718,0.23099
0.700561,-0.0531007,0.274586
-0.350501,0.0483888,0.278643
0.481529,0.0514422,0.238545
-0.364651,0.215248,0.197271
-0.0808214,0.130915,0.227574
0.116429,0.176024,0.249564
0.316667,0.138984,0.263142
-0.638488,0.247301,0.2338
-0.151449,0.31029,0.212771
0.271594,0.319808,0.246552
0.452403,0.269107,0.256023
0.644438,0.276266,0.225767
-0.537043,0.401234,0.205368
-0.343688,0.386783,0.266078
0.0607621,0.35857,0.213592
-0.422483,0.558488,0.280784
-0.176606,0.486534,0.266549
0.00530987,0.529552,0.261261
0.189323,0.485308,0.261754
0.424085,0.558871,0.288206
-0.0598432,0.700081,0.294208
0.112308,0.680327,0.226235
-0.187709,-0.675209,0.383273
-0.00401299,-0.701855,0.368931
0.173112,-0.677627,0.321639
0.340786,-0.61125,0.374197
-0.495127,-0.494597,0.381024
-0.179059,-0.417994,0.426319
0.051613,-0.379882,0.372687
0.347993,-0.416386,0.357546
0.523421,-0.466669,0.405887
-0.609167,-0.3487,0.386428
-0.429143,-0.310374,0.361745
-0.242455,-0.256924,0.358241
0.220702,-0.277027,0.359614
0.484193,-0.286823,0.374058
0.0511399,-0.18845,0.356337
0.667191,-0.211885,0.395478
0.341822,-0.0895883,0.371386
0.525562,-0.0316483,0.399442
-0.539897,0.00424571,0.370537
-0.176327,0.0116464,0.337647
0.0227786,0.0694654,0.370548
0.192392,0.0106325,0.315344
0.69046,0.11488,0.35524
-0.692652,0.117957,0.35584
-0.491839,0.179871,0.326202
-0.234463,0.187142,0.325325
0.509599,0.154084,0.391241
-0.633603,0.296498,0.413313
-0.382784,0.303144,0.427334
-0.175106,0.349413,0.393803
-0.0193335,0.259277,0.347388
0.145099,0.342589,0.378582
0.305007,0.251594,0.410696
0.641064,0.285303,0.413252
-0.53582,0.453335,0.382647
-0.00204841,0.444225,0.426074
0.322088,0.435421,0.384126
0.547102,0.437843,0.360279
-0.294607,0.491098,0.410563
-0.125669,0.581027,0.421388
-0.265925,0.650831,0.321774
0.10177,0.693698,0.410808
0.262641,0.64369,0.328559
-0.352522,-0.604776,0.430041
0.0838077,-0.695923,0.529597
0.261778,-0.650014,0.537939
-0.070406,-0.574344,0.48632
0.127736,-0.53931,0.437723
0.423126,-0.558853,0.533376
-0.355714,-0.428051,0.487022
0.232702,-0.399616,0.502122
0.416249,-0.372926,0.524306
-0.259775,-0.277467,0.542026
-0.0789662,-0.26526,0.466246
0.107248,-0.264535,0.51479
0.610116,-0.343098,0.516143
-0.676252,-0.180722,0.431141
-0.432984,-0.136737,0.428115
0.326937,-0.204064,0.517223
0.511583,-0.175244,0.518178
-0.70086,-0.00641372,0.494207
-0.252887,-0.103427,0.463405
-0.0601235,-0.0759253,0.454267
0.179838,-0.100704,0.464231
0.700705,-0.0395424,0.461014
-0.392351,0.0806814,0.456904
0.349928,0.0771017,0.451698
-0.566066,0.141139,0.490753
-0.116276,0.151789,0.4642
0.141852,0.177449,0.46538
0.688125,0.128535,0.540856
-0.0111922,0.291818,0.530088
0.466597,0.316174,0.472806
-0.438707,0.546484,0.512511
0.167004,0.522,0.4417
0.506429,0.485053,0.535499
-0.274377,0.64675,0.511264
-0.0372038,0.701992,0.533028
0.371151,0.593798,0.470704
-0.234186,-0.661732,0.562541
-0.0678481,-0.697598,0.634348
-0.394366,-0.580745,0.609742
-0.190646,-0.486806,0.596756
0.152517,-0.522222,0.618585
-0.528593,-0.460713,0.561105
0.011904,-0.420855,0.550465
0.316279,-0.445509,0.661808
0.52772,-0.460177,0.650679
-0.630249,-0.305077,0.564597
-0.44642,-0.277457,0.548379
0.22958,-0.279367,0.656535
-0.135158,-0.153693,0.605383
0.681503,-0.166157,0.595217
-0.562201,-0.112896,0.561606
-0.385746,-0.0561766,0.586701
0.0738113,-0.113738,0.618111
0.556582,-0.00809057,0.582346
-0.526118,0.0494198,0.64775
-0.184959,0.0246196,0.580289
0.0175365,0.0593548,0.556316
0.202321,0.0436925,0.580251
0.381512,0.0464031,0.63167
-0.684426,0.156902,0.629858
-0.337948,0.118573,0.630968
-0.0985844,0.17998,0.648171
0.0869286,0.198884,0.657982
0.3058,0.210821,0.58823
0.509823,0.169583,0.576557
-0.459254,0.255006,0.589682
-0.233263,0.267526,0.552158
0.167602,0.335776,0.561367
0.439468,0.321528,0.655571
0.615093,0.33451,0.592193
-0.572353,0.401497,0.554954
-0.350142,0.405573,0.597125
-0.175567,0.45223,0.547805
0.321909,0.439762,0.571044
-0.0406762,0.545609,0.635736
0.142565,0.509634,0.624058
0.219222,0.664833,0.553149
0.361122,0.600202,0.656919
-0.18963,-0.6738,0.774391
0.145793,-0.68519,0.70535
0.321718,-0.624128,0.710431
-0.501864,-0.488399,0.744073
-0.205148,-0.485352,0.780109
-0.0180974,-0.529343,0.700232
-0.344451,-0.416092,0.673947
0.165666,-0.415799,0.766285
-0.518657,-0.304066,0.717056
-0.344896,-0.237215,0.714624
-0.134879,-0.327651,0.66978
0.0462323,-0.298247,0.686227
0.429296,-0.255317,0.665043
0.629154,-0.311417,0.699146
-0.67158,-0.201117,0.710609
-0.489371,-0.119912,0.733165
-0.0732401,-0.188999,0.778363
-0.700036,-0.0209925,0.680106
-0.259255,-0.075427,0.719377
-0.0570194,-0.0163832,0.708898
0.28265,-0.102354,0.689073
0.467313,-0.0861958,0.725361
-0.197876,0.0868361,0.771437
0.133766,0.00427247,0.749021
0.528413,0.0879758,0.744067
0.700212,0.0128898,0.696354
0.241526,0.154793,0.749964
0.673196,0.198174,0.712757
-0.625416,0.314966,0.707957
-0.46913,0.236238,0.77301
-0.272414,0.253152,0.740283
0.264937,0.337614,0.718988
-0.204724,0.424641,0.728034
0.026389,0.376393,0.692812
-0.487573,0.50315,0.685824
-0.312523,0.569759,0.676414
0.247823,0.514265,0.776365
0.519171,0.473159,0.719916
-0.164408,0.68223,0.666754
0.0819648,0.696246,0.676691
-0.360144,-0.599692,0.792309
-0.0079598,-0.702149,0.808945
0.0254081,-0.53833,0.890629
0.203328,-0.578795,0.847637
0.419611,-0.56275,0.853724
-0.587582,-0.382506,0.871628
-0.400458,-0.368323,0.845369
-0.0471615,-0.380828,0.824951
0.431815,-0.388767,0.792959
0.587294,-0.386924,0.891731
-0.218003,-0.305314,0.833197
0.307099,-0.25304,0.825044
-0.689887,-0.133997,0.881363
-0.501525,-0.218082,0.892177
-0.208736,-0.127715,0.890326
0.139485,-0.177522,0.791142
0.522181,-0.228421,0.825007
0.684924,-0.151837,0.781026
-0.534366,-0.0346055,0.893286
0.0126449,-0.0542724,0.876414
0.566694,-0.0439341,0.876877
-0.623579,0.10265,0.796321
-0.398335,0.0346615,0.785822
0.365254,0.0360319,0.817969
0.694813,0.0916254,0.86535
0.00729094,0.12749,0.811664
0.407725,0.217469,0.804671
-0.647958,0.266193,0.883173
-0.0978068,0.287994,0.801531
0.122789,0.276887,0.823142
0.611425,0.341291,0.813644
-0.554926,0.426701,0.841652
-0.377656,0.396404,0.791288
0.355766,0.393336,0.870698
-0.405431,0.573399,0.83685
-0.111602,0.527315,0.847968
0.0633515,0.532046,0.79015
0.413634,0.567818,0.83586
-0.240502,0.658805,0.835286
-0.0477871,0.70039,0.811798
0.160971,0.681961,0.845344
-0.286766,-0.63849,0.959591
-0.107927,-0.692545,0.964641
0.105268,-0.693595,0.957195
0.312423,-0.628076,0.991136
-0.467581,-0.522691,0.924998
0.160848,-0.506161,1.01486
0.486181,-0.487562,1.00838
-0.265137,-0.442437,0.948651
-0.086846,-0.431727,1.00404
0.288863,-0.422988,0.907382
-0.649405,-0.262188,1.01068
-0.332048,-0.244905,0.966558
-0.0854208,-0.251887,0.953592
0.126836,-0.331527,0.921825
0.428416,-0.310176,0.960284
0.107125,-0.162111,0.992388
0.401075,-0.119311,0.916338
0.66372,-0.227106,0.949042
-0.397731,-0.0767361,1.01361
-0.114911,-0.012828,1.00374
0.227255,-0.055992,0.900873
0.700761,-0.0537191,1.00558
-0.694281,0.0968219,0.967451
-0.279646,0.0392394,0.92979
0.0268823,0.108481,1.00452
0.364074,0.0442232,1.00319
-0.500608,0.143946,0.92878
-0.328663,0.221881,0.917
-0.135397,0.156376,0.929052
0.193695,0.124488,0.92677
0.336279,0.230001,0.975187
0.517452,0.128991,0.926156
0.662761,0.229929,0.986079
-0.501338,0.320662,0.984896
-0.173973,0.323005,0.989361
0.00640932,0.325736,0.956352
0.499962,0.315715,0.960135
-0.336162,0.403066,0.972479
-0.483061,0.509882,0.993232
-0.185384,0.504461,1.01498
0.168037,0.503841,0.941966
0.492173,0.499908,0.989241
-0.32821,0.61876,0.998549
0.0118263,0.603825,0.960369
0.298357,0.63485,0.963175
0.189417,-0.674391,1.12276
-0.40211,-0.574473,1.09259
-0.226875,-0.519078,1.10977
0.000151462,-0.582651,1.07039
0.324234,-0.475386,1.09919
-0.560158,-0.420982,1.05168
-0.378997,-0.388514,1.08694
0.604427,-0.353724,1.07314
0.095043,-0.339107,1.10116
0.27122,-0.301996,1.05715
-0.537235,-0.151207,1.11118
-0.201365,-0.162613,1.07301
-0.0239842,-0.196462,1.11796
0.335621,-0.118112,1.0912
0.518715,-0.175236,1.05053
-0.697597,-0.0703313,1.0554
-0.543555,0.0308564,1.06812
-0.377963,0.116855,1.06467
0.194607,0.00764323,1.07342
0.535637,0.00862047,1.06803
0.693581,0.0972827,1.11351
-0.213087,0.190076,1.11242
0.520891,0.191072,1.10156
-0.655124,0.251182,1.06587
-0.0605046,0.295013,1.13276
0.163478,0.270001,1.04206
0.0737806,0.438917,1.08507
0.318377,0.454852,1.04245
0.601113,0.359802,1.11001
-0.145465,0.686132,1.01981
0.145838,0.687509,1.05408
-0.287162,-0.63945,1.23751
-0.131009,-0.689934,1.14844
0.0568561,-0.62501,1.24237
0.378626,-0.58964,1.23468
-0.506287,-0.483532,1.21868
-0.103462,-0.534446,1.24331
0.166904,-0.480547,1.20026
0.517328,-0.473803,1.18898
-0.0370211,-0.364383,1.22233
-0.619905,-0.32705,1.20094
-0.20251,-0.336676,1.1406
0.435978,-0.311433,1.14526
-0.684885,-0.15329,1.22253
-0.364584,-0.211021,1.14506
0.176013,-0.182263,1.16257
-0.418523,-0.0127368,1.19448
0.0223312,-0.0179342,1.1421
0.472225,-0.106673,1.21655
-0.696392,0.0930666,1.15273
-0.244212,0.00803214,1.13384
0.362421,0.11125,1.17658
0.530667,0.0749558,1.24808
-0.344009,0.161306,1.24106
0.0585378,0.161009,1.18062
0.223829,0.215327,1.24449
-0.640324,0.283939,1.24773
-0.49002,0.235578,1.15037
-0.21059,0.328042,1.23825
0.371925,0.295519,1.14308
-0.562887,0.414585,1.1335
-0.378052,0.38421,1.15315
0.219442,0.391802,1.18772
0.457165,0.464997,1.16731
-0.411649,0.567892,1.15633
-0.241145,0.504903,1.19207
-0.0643159,0.54348,1.14974
0.159862,0.567087,1.19055
-0.168743,0.68057,1.22267
0.0252674,0.69987,1.19578
0.342529,0.610625,1.14276
-0.0908977,-0.696339,1.32928
0.224444,-0.666244,1.30569
-0.411576,-0.56736,1.35606
0.0382429,-0.474862,1.3501
-0.309377,-0.439029,1.25654
-0.154235,-0.403695,1.36218
0.31392,-0.381849,1.26589
-0.448181,-0.314527,1.27086
-0.286522,-0.274673,1.35064
0.138646,-0.317529,1.28617
0.456041,-0.268056,1.32407
0.618235,-0.331231,1.256
-0.563169,-0.197921,1.35724
-0.134076,-0.212921,1.26504
0.0398978,-0.140461,1.28214
0.273826,-0.192067,1.31919
0.680543,-0.170886,1.32422
-0.281853,-0.106004,1.27473
-0.117399,-0.0187005,1.26676
0.206728,-0.0240794,1.25687
-0.701717,0.00683873,1.31476
-0.548031,0.100711,1.26535
0.0474356,0.0377211,1.33145
0.373876,0.00731585,1.3341
0.699997,0.00990707,1.29167
-0.114361,0.168077,1.26963
0.0417765,0.221072,1.35782
0.380646,0.194232,1.34301
0.674468,0.192777,1.27123
-0.43661,0.306923,1.31364
0.516691,0.288985,1.25948
0.0476144,0.378501,1.25857
0.36285,0.385192,1.30479
0.532501,0.456929,1.33757
-0.503949,0.486425,1.29531
-0.160118,0.540913,1.35522
0.0221784,0.554099,1.31335
0.191472,0.478542,1.35085
-0.324941,0.619361,1.31385
0.277444,0.642821,1.31453
0.0760959,-0.696803,1.41394
-0.21518,-0.578698,1.39931
0.225928,-0.49702,1.38215
0.399475,-0.572374,1.41753
-0.578113,-0.397572,1.37212
-0.31892,-0.431957,1.44217
0.129867,-0.362235,1.46691
0.375204,-0.387308,1.44154
0.534924,-0.451322,1.3713
-0.436176,-0.287805,1.47101
-0.0147649,-0.282693,1.3863
0.629363,-0.30626,1.44167
-0.275537,-0.124126,1.46115
0.133094,-0.175011,1.44206
0.38598,-0.169914,1.46435
-0.693984,-0.11187,1.45752
-0.429939,-0.0561422,1.37509
-0.0918245,-0.115766,1.42273
0.258063,-0.0368511,1.47422
0.542604,-0.0577628,1.37962
0.700107,-0.061727,1.47553
-0.576122,0.0353967,1.44495
-0.274075,0.0496932,1.37294
-0.100659,0.0784573,1.43779
-0.673844,0.189534,1.4053
-0.431405,0.143976,1.40414
-0.260514,0.234952,1.39013
0.196041,0.123583,1.40328
0.514768,0.171773,1.47267
0.690157,0.121456,1.44247
0.229239,0.306135,1.40847
0.413867,0.328006,1.47115
0.62792,0.312946,1.40693
-0.59539,0.369053,1.40643
-0.310352,0.431514,1.37144
-0.124922,0.363791,1.40065
0.0556157,0.386,1.44351
-0.428987,0.551555,1.45405
0.383354,0.531177,1.41893
-0.241703,0.657465,1.47711
-0.0689565,0.698528,1.38816
0.117353,0.690392,1.39832
-0.343337,-0.608623,1.53646
-0.0902608,-0.676836,1.50959
0.247999,-0.654531,1.49076
-0.493449,-0.494728,1.50697
-0.2009,-0.493236,1.57669
0.0999988,-0.54131,1.51209
0.390115,-0.582884,1.60211
-0.0425501,-0.419731,1.50914
0.256816,-0.458715,1.56243
0.524869,-0.462789,1.55585
-0.636577,-0.28235,1.50881
-0.216805,-0.296837,1.52204
0.26119,-0.270016,1.55729
0.446075,-0.297226,1.58873
-0.520476,-0.122816,1.52289
-0.0451135,-0.233225,1.5591
0.548505,-0.147498,1.54434
-0.0801047,-0.0485534,1.59668
0.0781989,-0.00844432,1.50899
-0.69511,0.100945,1.56847
-0.425549,0.0342313,1.5529
-0.240735,0.0351638,1.55378
0.435733,0.00315166,1.51796
-0.292665,0.220169,1.57107
0.109653,0.230382,1.53211
0.334229,0.166589,1.52086
-0.637246,0.284035,1.56537
-0.448634,0.301401,1.49957
-0.0812329,0.238609,1.53246
0.271688,0.332051,1.58768
0.621844,0.323938,1.59199
-0.539724,0.448005,1.56863
-0.329078,0.430858,1.55787
0.523863,0.467221,1.5244
-0.157555,0.50151,1.53759
0.0140007,0.559591,1.49672
0.180802,0.487045,1.53658
0.355875,0.498275,1.60056
-0.0857103,0.695846,1.57325
0.10924,0.692436,1.58493
0.275177,0.645051,1.51769
-0.15337,-0.684815,1.68296
0.0692329,-0.698458,1.60352
0.237672,-0.659609,1.67627
-0.450856,-0.537063,1.68343
-0.0339303,-0.54787,1.64207
0.138979,-0.503731,1.69846
-0.574907,-0.402995,1.64795
-0.366122,-0.390069,1.61132
-0.106183,-0.364736,1.67678
0.355867,-0.406841,1.71064
-0.479384,-0.247339,1.64856
-0.262424,-0.264571,1.7004
0.0870828,-0.331709,1.64604
0.629788,-0.311143,1.62801
0.140673,-0.142448,1.62838
0.337219,-0.221285,1.71926
0.692184,-0.118057,1.65233
-0.694648,-0.103569,1.64816
-0.524511,-0.0469516,1.69457
-0.34245,-0.109786,1.63523
0.276271,-0.0465935,1.71707
0.527333,-0.0487157,1.70637
-0.186079,0.10799,1.71331
0.00952427,0.110988,1.63606
0.195321,0.088307,1.61798
0.396691,0.0890555,1.67718
0.610762,0.0835054,1.60606
-0.534535,0.150804,1.64751
-0.465411,0.320834,1.68231
-0.184923,0.351685,1.64377
0.134747,0.305023,1.7047
0.452672,0.262807,1.64134
-0.00525687,0.389134,1.61867
-0.211672,0.525578,1.71527
-0.0121967,0.563035,1.6806
0.496637,0.496325,1.7207
-0.354433,0.603704,1.621
0.251118,0.652997,1.70362
-0.309825,-0.626445,1.763
0.00901483,-0.690412,1.77729
-0.0943863,-0.517726,1.81649
0.397896,-0.576691,1.78738
-0.587676,-0.385797,1.83385
-0.414914,-0.356876,1.78654
-0.256564,-0.447909,1.75212
0.017713,-0.368927,1.8167
0.532949,-0.454053,1.74262
0.178196,-0.274428,1.7994
-0.664829,-0.220942,1.79232
-0.419734,-0.162416,1.79884
-0.0234565,-0.167779,1.72928
0.519985,-0.231041,1.75044
0.68014,-0.173332,1.82707
-0.190447,-0.0836531,1.74158
0.100707,-0.040001,1.78056
-0.69827,0.0576316,1.74845
-0.336835,0.00113682,1.82608
-0.0351884,0.0833523,1.81637
0.699313,0.0300359,1.76275
-0.367734,0.152066,1.7252
0.148053,0.141516,1.79093
0.324696,0.203014,1.8054
0.50832,0.167142,1.80359
0.670229,0.209947,1.72896
-0.656171,0.24814,1.74634
-0.173628,0.267058,1.80806
0.0110413,0.262251,1.83287
0.563797,0.344308,1.80356
-0.316743,0.383998,1.77267
-0.0729516,0.425502,1.79213
0.353768,0.379837,1.74837
-0.495139,0.494679,1.74602
0.157468,0.492555,1.72097
0.347301,0.550229,1.82611
-0.356481,0.601534,1.80996
-0.129777,0.688662,1.75245
0.0817345,0.697284,1.76744
-0.15303,-0.685816,1.86968
0.2168,-0.666571,1.86173
-0.43831,-0.538272,1.87152
-0.25264,-0.537778,1.91574
0.0842337,-0.533816,1.87404
0.259979,-0.471742,1.8559
0.503383,-0.484384,1.92371
-0.482496,-0.268517,1.94125
-0.288569,-0.265648,1.88395
-0.108579,-0.242401,1.87338
0.413499,-0.327301,1.87017
0.611602,-0.342214,1.87162
0.138788,-0.149513,1.93089
0.325504,-0.149154,1.8894
0.520394,-0.130875,1.90783
-0.563811,-0.106616,1.89901
-0.214777,-0.0981528,1.92563
-0.0313811,-0.0771687,1.90956
0.699559,-0.0290745,1.94374
-0.702139,0.00945535,1.92858
-0.539814,0.0691936,1.84194
-0.199859,0.104713,1.89861
0.237058,0.0154263,1.89328
0.416268,0.00999214,1.84441
-0.674131,0.193645,1.92045
0.670471,0.170427,1.90881
-0.47075,0.241053,1.85075
-0.310036,0.284847,1.92982
0.378384,0.324997,1.9387
-0.589993,0.380339,1.86427
-0.422999,0.441941,1.9157
0.208254,0.384385,1.86263
-0.228175,0.479323,1.9081
0.0556135,0.542736,1.86962
0.503357,0.487362,1.90713
-0.215442,0.666033,1.91601
-0.0342056,0.702437,1.90904
0.208153,0.654786,1.89669
-0.37264,-0.593269,2.04746
-0.109206,-0.69422,2.04795
0.0521366,-0.699293,1.95631
0.209475,-0.671092,2.04865
0.361695,-0.600978,1.96692
-0.000948707,-0.514772,2.03468
0.237305,-0.486957,2.0387
-0.564014,-0.416472,2.02101
-0.366109,-0.409052,1.98526
-0.129007,-0.40499,1.96113
0.116514,-0.357177,1.97397
0.409861,-0.371379,2.04969
0.595642,-0.369045,2.05703
-0.658998,-0.240017,1.9953
-0.304147,-0.258375,2.06664
0.26517,-0.259237,2.02608
-0.00356928,-0.22251,2.02578
0.439683,-0.189016,2.06148
0.670815,-0.200768,2.01254
-0.391983,-0.107586,1.97438
0.247028,-0.0667226,2.05704
0.548717,-0.0175429,2.05338
-0.403095,0.107418,1.96255
-0.285397,0.0107776,2.06889
-0.0996029,0.0393481,2.05347
0.0813689,0.0971974,1.96021
-0.227188,0.183665,2.06074
-0.0571026,0.215063,1.99833
0.266022,0.178553,1.98691
0.459281,0.138857,1.97594
-0.620291,0.3266,2.03973
0.163651,0.33197,2.03364
0.614295,0.331087,1.98952
-0.164869,0.394416,2.06364
-0.00807222,0.391553,1.96315
-0.0847869,0.55422,2.00704
0.165944,0.517049,2.01585
-0.365154,0.596746,2.00303
0.366549,0.588808,2.00905
0.0462168,-0.68696,2.14255
-0.184527,-0.532512,2.08611
0.118454,-0.520434,2.17205
0.450303,-0.535501,2.12075
-0.437206,-0.447769,2.15648
0.232757,-0.367457,2.18181
-0.480601,-0.261593,2.13176
-0.13308,-0.314092,2.12495
-0.659458,-0.233151,2.1883
-0.162974,-0.130354,2.10143
0.136727,-0.213312,2.14794
-0.694971,-0.0783567,2.09143
-0.514768,-0.0217904,2.08551
-0.367526,-0.104096,2.18902
0.0594723,-0.0529571,2.07633
-0.642879,0.113103,2.08196
0.358596,0.0738998,2.11345
0.694521,0.0969802,2.09339
-0.472001,0.171738,2.12118
0.113236,0.181314,2.12394
0.527381,0.132872,2.17133
-0.0821938,0.251347,2.18261
0.465216,0.299599,2.09643
-0.356194,0.385013,2.07623
0.0428274,0.43231,2.13503
0.326938,0.420895,2.09508
-0.498013,0.495782,2.11664
-0.077222,0.565359,2.18965
0.502033,0.485849,2.09286
-0.213348,0.65183,2.103
-0.00307079,0.701,2.08883
0.219775,0.666227,2.1099
-0.340428,-0.60494,2.23496
-0.121657,-0.646676,2.25125
0.287554,-0.592692,2.19808
-0.585395,-0.384687,2.26231
-0.262885,-0.424969,2.21103
-0.0596515,-0.469839,2.19963
0.0677255,-0.359799,2.27933
0.552297,-0.424119,2.23198
-0.262444,-0.237967,2.23944
0.475979,-0.25637,2.22863
0.655294,-0.25178,2.19288
-0.508095,-0.167541,2.29716
0.127466,-0.118158,2.30394
0.315255,-0.166692,2.19896
-0.0385407,-0.0946018,2.22977
0.346724,-0.00206993,2.28274
0.520896,-0.0687349,2.22449
0.70195,-0.0702198,2.203
-0.698698,0.0354999,2.24052
-0.511963,0.019708,2.26555
-0.210981,0.10558,2.22908
-0.00353768,0.0901063,2.23515
0.179978,0.029046,2.20164
-0.595892,0.190032,2.25949
-0.412151,0.185176,2.29272
0.27196,0.190034,2.23481
0.69078,0.132641,2.27909
-0.278812,0.280883,2.20263
0.14369,0.325619,2.25308
0.440182,0.26421,2.28351
-0.592936,0.375074,2.2168
-0.397916,0.411621,2.26232
-0.21984,0.45666,2.22874
0.587427,0.37021,2.21501
-0.355739,0.583894,2.19582
0.200474,0.503819,2.1991
0.421523,0.50879,2.25957
-0.188603,0.675108,2.29262
0.0964123,0.693381,2.25047
0.289239,0.63938,2.28795
-0.262396,-0.635997,2.40945
-0.0630885,-0.698577,2.4219
0.0988027,-0.697809,2.32163
0.276571,-0.642637,2.39916
0.0251746,-0.528792,2.3517
0.200204,-0.472497,2.33031
0.432832,-0.550773,2.31989
-0.527797,-0.463621,2.41887
-0.402955,-0.366418,2.32105
0.364481,-0.375297,2.31865
-0.134891,-0.34619,2.31869
0.615584,-0.248766,2.37874
-0.666101,-0.220825,2.37425
-0.347178,-0.208182,2.39777
-0.0147331,-0.186271,2.39943
0.2719,-0.216758,2.37323
0.448314,-0.151489,2.37671
-0.181306,-0.088071,2.34011
0.6924,-0.0465168,2.42592
-0.700003,0.0311183,2.42119
-0.339608,0.016022,2.32634
-0.11224,0.0979795,2.39555
0.149928,0.115768,2.36598
0.499955,0.0984734,2.35079
0.338469,0.172099,2.40979
-0.254046,0.266249,2.37996
-0.0208473,0.350533,2.33823
0.623611,0.320884,2.40904
-0.539625,0.445285,2.38397
0.457681,0.400321,2.4099
-0.318292,0.556717,2.37285
-0.152829,0.47161,2.40985
0.0422425,0.527162,2.32765
0.218796,0.485933,2.3885
0.110647,-0.692007,2.53254
-0.28977,-0.471279,2.4836
-0.0270797,-0.557927,2.53561
0.169478,-0.520298,2.50706
0.401341,-0.565227,2.50836
-0.0101698,-0.385689,2.46608
0.363797,-0.36816,2.53593
0.548155,-0.430103,2.43287
-0.435651,-0.331894,2.50518
0.170408,-0.340193,2.46067
-0.53895,-0.143166,2.48595
-0.180642,-0.233877,2.46476
-0.377523,-0.0426734,2.49146
-0.1801,-0.0445074,2.52724
0.0258963,-0.00804364,2.47164
0.220791,-0.0571417,2.44871
0.393104,-0.0420188,2.51815
-0.514524,0.0995185,2.43789
-0.66098,0.211408,2.42953
-0.308436,0.131321,2.4898
0.011972,0.212673,2.529
0.574897,0.141896,2.51026
-0.581102,0.347077,2.53578
-0.428731,0.306037,2.4337
0.192858,0.29951,2.42781
0.314506,0.407922,2.5365
-0.418695,0.498581,2.53637
0.39982,0.572767,2.46129
-0.145582,0.684067,2.48891
0.157877,0.686438,2.43066
-0.21626,-0.535824,2.64691
0.296508,-0.554224,2.65191
-0.580681,-0.401998,2.63863
-0.0784101,-0.411914,2.63543
0.536656,-0.386863,2.60846
-0.244566,-0.349607,2.6133
0.101817,-0.316509,2.62796
-0.606928,-0.224216,2.6374
-0.340961,-0.190252,2.58024
0.63883,-0.163412,2.57185
-0.693751,-0.08338,2.56409
0.216607,-0.0580178,2.64936
-0.50818,0.03594,2.62307
-0.0767573,0.0162826,2.65592
0.229023,0.109233,2.54836
0.702839,0.0106526,2.6205
-0.692793,0.123022,2.58701
0.390762,0.204478,2.58434
-0.363179,0.286599,2.61496
-0.17176,0.310585,2.55953
0.573016,0.340143,2.60412
-0.0649601,0.447423,2.6196
0.139058,0.443487,2.62589
-0.243794,0.564569,2.60423
0.0582701,0.585571,2.54883
0.458783,0.486516,2.62054
0.279474,0.631534,2.6031
0.428167,-0.441077,2.7499
0.573076,-0.252084,2.71991
-0.455152,-0.144142,2.72514
-0.0366192,-0.191172,2.68511
-0.697238,-0.0450242,2.74992
-0.295105,-0.0520114,2.70598
0.406772,0.0455883,2.68764
-0.603753,0.179002,2.75543
-0.238118,0.124837,2.69416
0.0968522,0.122919,2.71143
0.608499,0.198697,2.71233
-0.247271,0.349348,2.75772
0.268941,0.237013,2.72079
-0.494255,0.406257,2.70487
-0.360245,0.596619,2.77115
-0.15535,0.671082,2.74644
0.0562164,0.603998,2.74585
0.218576,-0.598579,2.8429
-0.112167,-0.580301,2.79367
-0.517921,-0.435561,2.86358
-0.308402,-0.398124,2.78
-0.064483,-0.391169,2.83047
-0.65462,-0.26265,2.85838
0.169465,-0.343457,2.80628
0.124093,-0.176841,2.87476
0.600977,-0.15473,2.88245
0.398984,-0.100854,2.80244
0.697741,-0.00845214,2.82625
-0.29807,0.0796597,2.89576
-0.0385887,0.0462818,2.81825
0.193723,0.00809809,2.83671
-0.39404,0.233431,2.81249
0.438471,0.235094,2.78782
0.598248,0.314833,2.84749
-0.0205301,0.384089,2.79617
0.168074,0.437867,2.7948
-0.313274,0.474672,2.87489
-0.169394,-0.683616,2.98164
0.00727637,-0.0335613,2.97766
-0.624789,0.0913614,2.91492
-0.461082,0.0383331,3.00194
-0.127277,0.157598,2.93186
0.234334,0.21462,2.97369
-0.49518,0.426871,2.8995
-0.136548,0.37713,2.91885
0.0761879,0.407474,2.96329
0.377309,0.423038,2.95718
0.228172,0.561864,2.9348
-0.178987,0.666596,2.98245
0.069646,-0.696823,3.10138
-0.163094,-0.392987,3.07815
0.29429,-0.0554856,3.09048
0.668948,0.0566676,3.01383
0.0673828,0.147978,3.10449
0.422293,0.208515,3.01783
0.276977,-0.302576,3.14669
-0.333932,-0.211989,3.2368
0.0743951,-0.144563,3.16258
-0.623205,0.195889,3.17231
-0.0923252,0.304756,3.16221
0.124536,0.301193,3.21927
0.210561,-0.497691,3.30202
0.204254,-0.0340635,3.33787
-0.080635,0.0346032,3.2751
0.567207,0.159713,3.26004
-0.251642,0.241148,3.29406
-0.349513,0.562471,3.28852
-0.0736701,0.592052,3.32601
0.0389872,-0.400324,3.40161
0.575159,-0.30263,3.44021
0.668007,-0.122432,3.44788
0.341522,0.12399,3.3845
-0.523226,0.279785,3.39436
-0.0955427,0.292774,3.4284
0.364887,0.566353,3.4643
0.301298,-0.525259,3.50902
-0.352917,-0.378712,3.56386
0.390332,-0.306471,3.5474
-0.0488632,0.0820164,3.58039
0.646807,0.0929051,3.48837
-0.636972,0.142282,3.50489
0.248466,0.226674,3.58341
-0.275342,0.314958,3.56664
-0.267033,0.624644,3.5835
-0.234176,-0.652759,3.67054
-0.107123,-0.155132,3.6499
-0.506522,-0.106536,3.65341
0.119329,-0.0144035,3.61239
0.43718,-0.0998634,3.63062
-0.443343,0.204628,3.64735
-0.206066,0.17937,3.70218
0.480055,0.133221,3.62924
-0.614648,0.25284,3.71456
-0.427014,0.407734,3.7166
0.0880097,0.476732,3.65685
0.334865,0.472358,3.63859
0.100607,-0.354988,3.81423
0.303314,-0.402209,3.81485
-0.125673,-0.344593,3.77722
0.469959,-0.151289,3.81479
-0.117408,0.0221681,3.76297
-0.0150147,0.254633,3.79497
0.33413,0.349809,3.80116
-0.0341685,-0.655875,3.87766
-0.102082,-0.169603,3.87246
-0.626653,-0.0568361,3.95064
0.308867,0.0873156,3.87579
-0.311834,0.455036,3.9234
-0.102284,0.501063,3.95216
-0.566997,-0.376773,4.05203
-0.381136,-0.24102,4.02549
0.480781,-0.345222,4.0204
-0.158086,-0.16918,4.07051
0.11344,-0.201666,4.02866
0.0486098,0.0281181,3.99227
-0.439444,0.214814,4.00152
-0.601377,0.3598,3.98444
0.299278,0.383229,4.04319
0.106569,-0.60611,4.08279
-0.256867,-0.547714,4.17581
0.379046,-0.226071,4.12998
-0.0834301,-0.0111039,4.15325
0.353306,0.106618,4.10364
-0.279167,0.189951,4.14772
0.634758,0.212724,4.17126
0.0369016,0.274426,4.09256
0.519022,0.375418,4.15025
0.288913,0.570715,4.10793
-0.0206232,0.663841,4.18209
-0.454664,-0.408788,4.19975
-0.15569,-0.359016,4.22377
0.413278,-0.41771,4.24835
0.202546,0.011729,4.22149
-0.608289,0.287531,4.29639
-0.296751,0.378853,4.29796
-0.0358728,0.457018,4.3051
0.210821,0.380297,4.21606
-0.167248,-0.516098,4.3733
0.273963,-0.586667,4.31389
0.200303,-0.311222,4.36249
-0.370494,-0.139234,4.3698
0.152048,-0.116926,4.41697
-0.33961,0.0774426,4.34959
0.0946155,0.102352,4.4129
0.205579,0.578325,4.34929
-0.57374,0.0903122,4.4297
-0.229704,0.0413017,4.52837
0.267225,0.220342,4.52857
0.0300343,-0.6949,4.65826
0.368262,-0.288714,4.60922
-0.0899375,-0.162276,4.64894
0.608957,-0.197201,4.60932
-0.430209,-0.108874,4.59822
0.231922,-0.113713,4.59582
0.0735629,0.0223302,4.62543
-0.288876,-0.441021,4.65994
-0.662375,-0.0183037,4.70077
-0.302015,-0.0656764,4.75489
0.361159,0.00371814,4.74075
-0.18402,0.185027,4.71844
-0.149339,0.414838,4.72593
0.292532,0.512059,4.7067
-0.0642674,0.628972,4.69882
0.367647,-0.589443,4.89322
0.187837,-0.360072,4.83798
-0.249756,-0.314818,4.81071
-0.516339,0.0888642,4.80361
-0.0572774,0.06486,4.87327
0.58564,0.321428,4.81579
0.0422485,0.3654,4.8197
-0.430098,0.54924,4.81262
0.466252,-0.384185,5.00961
-0.12371,-0.316445,4.95764
0.294311,0.0677848,4.98838
-0.355586,0.287264,4.95379
-0.185357,0.522847,4.96998
0.153908,0.62663,4.90105
0.0210115,-0.608344,5.02569
0.230295,-0.611778,5.04728
-0.136721,-0.518804,5.07428
-0.377208,-0.382618,5.02586
-0.0264931,-0.0382577,5.03031
0.160118,-0.0774741,5.07996
-0.357488,0.111679,5.08671
-0.172002,0.0872412,5.07179
0.510789,0.0401104,5.04157
-0.574852,0.224482,5.09557
0.0070796,0.24611,5.08481
0.32119,0.312311,5.06942
-0.509804,0.432997,5.06756
-0.135994,0.390315,5.09926
0.0158001,0.561992,5.09908
0.342352,0.555097,5.0878
-0.120109,0.684065,5.04083
-0.608153,-0.325926,5.17072
-0.206393,-0.0146957,5.23794
0.342907,-0.113995,5.17074
0.412305,0.109003,5.19637
-0.191835,-0.299779,5.33682
0.559709,-0.325596,5.2916
-0.0722065,-0.15045,5.26105
0.533702,-0.120159,5.24936
-0.593254,0.012315,5.28391
0.616315,0.0878724,5.34822
-0.504064,0.202103,5.34248
0.0222523,0.145686,5.31329
0.0180097,0.463619,5.352
0.437973,0.373686,5.28906
0.371507,0.564177,5.30987
-0.200116,0.656106,5.29051
0.141181,0.663493,5.2859
-0.613709,-0.241567,5.41278
0.199748,-0.205614,5.36962
-0.4619,-0.09372,5.40714
-0.126463,-0.0749297,5.46715
-0.12348,-0.679315,5.54353
-0.27632,-0.571688,5.50066
0.116269,-0.504918,5.51153
0.379351,-0.567407,5.5321
-0.443605,-0.286108,5.48463
-0.398603,-0.142046,5.59807
0.204459,-0.0614359,5.50992
0.533016,-0.0246653,5.52367
0.00520743,0.0645141,5.55085
0.335317,0.0822304,5.59239
-0.380198,0.276322,5.58954
-0.0923884,0.362223,5.50634
-0.414978,0.554158,5.58435
-0.423905,-0.318401,5.70526
0.634544,-0.260318,5.68109
0.0772154,-0.160051,5.63632
0.283125,-0.161879,5.66822
-0.227995,0.0320255,5.61386
0.053077,0.551041,5.67197
-0.133218,0.63074,5.69589
-0.210821,-0.651779,5.78414
0.190782,-0.644412,5.74483
-0.225302,-0.389837,5.80854
-0.0338203,-0.354472,5.71997
-0.185402,-0.182277,5.80409
0.0980455,-0.0128273,5.76784
0.636878,0.224774,5.82402
0.203266,0.520299,5.78953
0.463887,0.520474,5.74517
0.155382,-0.493169,5.9473
0.517235,-0.305291,5.92485
-0.584087,-0.190707,5.88756
-0.0458723,-0.186341,5.93607
0.247151,-0.0799463,5.86155
0.38386,0.11473,5.85162
-0.321406,0.219178,5.89418
0.0268554,0.241086,5.94291
-0.227097,0.486206,5.83635
-0.0890587,-0.69255,6.01844
0.37054,-0.493653,5.97121
-0.351199,-0.302308,6.00056
0.150731,-0.179034,5.9936
-0.492807,-0.041,6.06658
-0.595821,0.107237,6.01745
-0.0276121,0.0433801,6.00484
0.197114,0.141458,5.9623
-0.508712,0.441721,5.98862
0.32858,0.456479,5.99009
-0.0900325,0.481098,6.02082
-0.0618289,0.685227,6.06699
-0.456897,-0.477883,6.15337
0.387743,-0.28108,6.14068
-0.294426,-0.0875615,6.09121
0.38053,-0.0825059,6.15782
0.678213,0.0912035,6.0859
-0.361705,0.153143,6.09528
0.609888,0.339827,6.08665
0.0343982,-0.692451,6.25504
-0.0132818,-0.377964,6.19711
0.167298,-0.289841,6.24721
-0.422652,-0.0280632,6.26305
0.169913,0.0205629,6.20805
0.0621238,0.19677,6.24829
0.227642,0.30132,6.2244
0.550308,0.3256,6.27149
-0.0347445,0.395301,6.28453
0.34722,0.540698,6.19878
-0.0127114,0.699149,6.29027
-0.148017,-0.556718,6.33165
0.109513,-0.576377,6.39108
0.296833,-0.455234,6.30944
-0.139539,-0.260013,6.32874
-0.4341,-0.164485,6.40221
-0.00625644,-0.0740787,6.42162
-0.171378,0.0854474,6.34611
0.399908,0.111158,6.34403
-0.519394,0.226928,6.31839
-0.267074,0.245194,6.31109
0.163374,0.327822,6.4176
-0.223513,0.440136,6.32676
0.0892222,0.553647,6.36194
0.253742,0.651582,6.37395
-0.453568,-0.517757,6.42914
0.445523,-0.518574,6.48595
0.070947,-0.382683,6.42509
-0.20151,-0.176384,6.53361
0.190621,-0.168337,6.4952
-0.357802,0.00784813,6.4614
0.118667,0.102339,6.52961
-0.0196233,0.247791,6.48603
0.413862,0.321256,6.42353
-0.571323,0.366024,6.50136
0.282508,0.488415,6.46431
-0.269228,-0.647057,6.58816
-0.0170979,-0.435545,6.64879
-0.559233,-0.298753,6.57625
-0.0159292,-0.255412,6.54794
0.300452,-0.283825,6.64516
-0.221088,-0.00881922,6.63424
-0.312244,0.191607,6.55359
0.631301,0.17102,6.55044
-0.110319,0.337703,6.64684
0.219686,0.256314,6.61721
0.143782,0.447023,6.6379
-0.382763,0.54896,6.57884
-0.106101,0.676231,6.57076
0.244204,0.644516,6.62594
-0.24519,-0.49044,6.71459
-0.445071,-0.139555,6.71034
0.580567,-0.227744,6.73942
0.0516916,-0.0351292,6.69854
0.620801,0.0961863,6.74418
0.0389717,0.256906,6.74195
-0.287565,0.407133,6.67936
0.471533,0.397669,6.70114
-0.0457504,0.520042,6.69801
0.170475,-0.67431,6.82764
0.250747,-0.422327,6.85729
0.351766,-0.254819,6.83359
-0.187401,-0.193376,6.80434
0.154514,-0.192288,6.79557
-0.0657992,0.0650274,6.8055
0.235544,0.0248414,6.82183
-0.258275,0.121462,6.81039
-0.593702,0.333068,6.83022
-0.421473,0.238221,6.88502
0.553551,0.251024,6.84762
-0.0844078,0.376059,6.88272
0.202436,0.379658,6.8722
0.350182,0.495794,6.86463
0.0133127,-0.48026,6.95756
-0.566705,-0.391066,6.91311
-0.366446,-0.358593,7.00879
-0.42706,-0.186062,6.94185
-0.283898,-0.0554345,7.00593
0.591473,-0.0943378,6.93534
0.537162,0.0876533,6.95851
0.127392,0.191908,6.90061
-0.209821,0.657427,6.90863
0.300833,-0.574615,7.0828
-0.0519731,-0.295023,7.03507
0.0968191,-0.133384,7.10805
0.620352,-0.220183,7.10729
-0.0939604,-0.0997249,7.0281
-0.68964,0.0595669,7.02881
-0.490725,0.0649065,7.11683
-0.605959,0.252871,7.0441
-0.402313,0.310431,7.07624
-0.0196583,0.286228,7.0361
0.330071,0.242141,7.04616
-0.20327,0.365149,7.09667
-0.415319,0.511253,7.09955
0.51055,-0.475967,7.2142
0.0398524,-0.458107,7.16632
-0.464352,-0.173506,7.13461
0.243667,-0.0191847,7.22054
-0.189852,0.0633764,7.20658
0.0223978,0.0969219,7.15397
0.579933,0.10491,7.20572
-0.342675,0.190599,7.22261
0.164987,0.2993,7.14364
0.515765,0.400971,7.18741
0.0097331,0.493813,7.16186
-0.00841809,0.682363,7.15508
-0.00894059,-0.656018,7.26635
0.194974,-0.589659,7.25725
-0.410528,-0.464602,7.3214
-0.151357,-0.278604,7.35139
0.402146,-0.321872,7.27735
-0.287696,-0.179395,7.24984
0.214088,-0.230503,7.2715
0.476177,-0.119537,7.3113
-0.110425,-0.041574,7.34211
0.386294,0.0615415,7.34966
-0.0497299,0.291846,7.25706
-0.327935,0.614559,7.32839
0.053517,-0.448078,7.47958
0.37869,-0.421259,7.44995
0.0358083,-0.242411,7.36598
0.57188,-0.299915,7.43752
0.202532,-0.124106,7.44334
0.656881,-0.112702,7.40608
0.00175566,0.164941,7.40235
-0.268386,0.246083,7.47743
0.20874,0.256425,7.40126
0.384041,0.344209,7.3784
-0.0797537,0.483913,7.39427
-0.225281,-0.403529,7.53421
0.175209,-0.314033,7.52964
-0.261556,-0.192114,7.52369
0.493331,-0.125573,7.5036
-0.488224,-0.0149936,7.56049
0.0561801,-0.00398446,7.48201
0.339219,-0.0306399,7.55155
-0.330518,0.0483559,7.48061
-0.13657,0.00676924,7.52521
0.183218,0.125868,7.55652
-0.429309,0.335486,7.55631
0.313688,0.435372,7.53406
-0.443936,0.529733,7.55115
-0.0303242,0.643292,7.59581
0.212662,0.668459,7.59257
-0.172418,-0.673334,7.6114
0.027503,-0.663929,7.64684
-0.412971,-0.367612,7.64935
0.367068,-0.272588,7.62948
0.00894463,-0.21411,7.63534
0.141256,-0.0838005,7.665
0.00834824,0.0514777,7.68941
-0.609784,0.131604,7.66282
-0.4241,0.157888,7.62482
-0.150198,0.189096,7.69422
0.000766555,0.316183,7.60977
0.137024,0.459019,7.63046
-0.209468,0.499449,7.63275
0.0461079,-0.596648,7.82512
0.241995,-0.628843,7.75175
0.0154981,-0.262474,7.83178
0.609824,-0.317558,7.81667
-0.37537,-0.127594,7.74771
0.265806,-0.165775,7.79969
-0.426415,0.0820718,7.79649
0.469282,0.0822438,7.7557
0.142767,0.136292,7.82318
0.31891,0.225438,7.73996
0.597664,0.341651,7.78062
-0.504024,0.422728,7.8016
0.398252,0.455469,7.73091
-0.199755,0.64339,7.78446
0.276382,0.60705,7.77708
-0.14074,-0.686238,7.83597
0.32947,-0.49313,7.85232
-0.123581,-0.4399,7.93137
-0.482328,-0.308867,7.89745
-0.603464,-0.124376,7.87871
-0.266648,-0.0330884,7.8832
0.330782,-0.0191376,7.93458
0.5211,-0.0516209,7.89075
-0.00400142,0.333223,7.84497
0.450475,0.256575,7.88932
-0.264583,0.397614,7.85236
0.142979,0.475926,7.83679
0.488626,0.502555,7.94991
0.101261,0.676077,7.91149
-0.257402,-0.61758,8.00276
-0.116232,-0.186597,7.95394
0.0630269,-0.0554697,8.03066
0.422739,0.107228,8.04481
-0.0371523,0.154441,7.95651
0.173658,0.168475,8.03235
-0.418407,0.318981,7.95851
0.32723,0.379424,7.99404
-0.453414,0.51885,7.95683
-0.185747,0.523865,8.04414
0.00347964,0.518146,8.03557
0.208843,0.532344,8.02129
0.233331,-0.413693,8.07236
0.527256,-0.362424,8.08929
0.674395,-0.180788,8.06893
-0.180996,-0.0888468,8.17109
0.189057,-0.0217072,8.17791
0.37592,-0.0276321,8.17512
0.643934,0.108882,8.10952
0.28996,0.143073,8.18221
-0.149653,0.352873,8.16931
0.158821,0.350879,8.10114
0.480353,0.380872,8.17237
0.106079,0.686183,8.17686
-0.16302,-0.49882,8.26307
-0.50722,-0.451209,8.1939
0.120924,-0.380898,8.28267
-0.348148,-0.263718,8.19567
-0.0609853,-0.289663,8.1994
0.40424,-0.306937,8.29635
0.208381,-0.210707,8.21583
-0.370181,-0.0643559,8.21458
0.0042762,-0.0264761,8.2526
0.685012,-0.0703378,8.22039
-0.102109,0.121374,8.18799
0.023231,0.30323,8.24849
0.102867,0.496396,8.25786
-0.1276,0.674955,8.24543
0.00827589,-0.245946,8.40876
-0.16752,-0.200826,8.35073
0.588402,-0.153334,8.35701
-0.186724,-0.0170155,8.39486
0.0767418,0.156271,8.36645
0.424363,0.234431,8.3974
-0.173336,0.248946,8.41989
0.221912,0.335564,8.39794
0.602544,0.24761,8.32677
-0.356092,0.409983,8.3112
-0.0581984,0.559335,8.39719
-0.0549456,-0.600787,8.44274
0.179972,-0.666143,8.44868
-0.419594,-0.530904,8.52623
-0.104133,-0.397229,8.42327
0.575449,-0.362364,8.50468
0.311757,-0.136134,8.43756
-0.531813,-0.0205977,8.49384
0.0971108,-0.0771832,8.44143
0.243681,0.0338485,8.49579
0.688625,0.0856376,8.50998
-0.617458,0.189697,8.53093
-0.367718,0.261986,8.4922
-0.532143,0.445749,8.49176
-0.0292291,0.367877,8.44167
0.326607,0.442424,8.52324
-0.322921,0.579241,8.43947
0.299905,0.633745,8.48633
0.0832853,-0.547349,8.59212
-0.218895,-0.357987,8.58057
0.144793,-0.366997,8.59998
0.346626,-0.352584,8.58621
-0.315517,-0.175262,8.58007
-0.130887,-0.140808,8.53865
0.0416256,-0.175745,8.64027
0.533051,-0.145659,8.54844
-0.277298,0.00374339,8.64157
-0.0886355,0.0788784,8.59003
0.0946272,0.053017,8.62573
0.506033,0.0397536,8.5816
0.0768998,0.261395,8.58799
0.31845,0.240077,8.60779
0.6257,0.301746,8.60992
-0.348137,0.511498,8.63013
0.0128074,0.535548,8.58388
0.192374,0.510168,8.64301
-0.16385,-0.657298,8.74992
-0.32415,-0.497197,8.73176
-0.594888,-0.300308,8.71143
-0.0141245,-0.330689,8.75207
-0.487169,-0.136064,8.76186
-0.228896,-0.146205,8.76707
0.241779,-0.209398,8.68119
-0.0596384,-0.0394091,8.7456
0.301843,-0.0152291,8.66731
0.435692,-0.114681,8.75852
-0.488898,0.0460303,8.70722
0.203983,0.161175,8.75321
0.489159,0.227294,8.71289
-0.365427,0.244942,8.7342
-0.188432,0.257104,8.66201
-0.0356144,0.348206,8.72623
0.206693,0.350541,8.77152
0.443972,0.507349,8.67045
-0.177182,-0.483557,8.84714
0.432495,-0.514149,8.85209
0.155558,-0.445078,8.87041
-0.319826,-0.29976,8.82083
0.332789,-0.279292,8.83391
0.260949,-0.0765044,8.87732
-0.352983,0.00376325,8.83646
-0.125626,0.0778391,8.88706
0.0939409,0.0190072,8.87722
0.549143,0.0464514,8.79548
0.00967696,0.16843,8.77577
0.372168,0.260994,8.86948
-0.209774,0.432225,8.84271
0.502747,0.401264,8.82801
-0.385708,0.572966,8.87877
0.267694,0.587135,8.83395
-0.161603,0.656083,8.8603
-0.0182313,-0.698259,9.00103
-0.470068,-0.405295,8.99772
0.563451,-0.378188,8.9384
-0.156914,-0.279115,8.91224
0.163052,-0.250313,8.91656
0.668802,-0.162127,8.93388
-0.154546,-0.0844974,8.97517
0.468478,-0.0821181,8.95443
0.376028,0.0916141,8.95509
-0.443687,0.165308,8.9235
-0.258346,0.222329,8.93181
-0.581929,0.348051,8.89238
-0.0675397,0.261882,8.94337
0.329559,0.439496,8.93619
-0.0195234,0.474033,8.89681
0.108646,0.686654,8.95175
0.332628,-0.592558,9.0642
0.147658,-0.582416,9.03358
-0.00918898,-0.468464,9.03921
0.206243,-0.380661,9.07695
-0.393686,-0.226817,9.03997
-0.00684752,-0.210333,9.00892
0.140215,-0.117874,9.09065
0.310249,-0.218389,9.06438
0.48543,-0.20315,9.12401
0.00531844,0.0840607,9.04992
0.220255,0.0557008,9.06228
0.580009,0.0506864,9.05312
-0.583922,0.1862,9.11135
-0.36423,0.135411,9.10269
0.151369,0.228431,9.07572
0.00262319,0.352089,9.11201
0.302467,0.348549,9.12198
-0.298711,0.383255,9.07671
0.140332,0.458633,9.036
0.481149,0.408941,9.08622
-0.140548,0.478207,9.087
-0.0704195,0.661188,9.12391
-0.340779,-0.611808,9.13497
0.103228,-0.525868,9.22431
-0.23995,-0.435654,9.15196
0.382004,-0.430531,9.14898
0.58984,-0.369186,9.21147
-0.621246,-0.239525,9.13162
-0.0690912,-0.328453,9.16035
-0.242436,-0.190506,9.15029
-0.0219915,-0.138362,9.20505
-0.440964,-0.104522,9.1761
0.412309,-0.0464906,9.20233
0.109437,0.113228,9.22985
-0.155796,0.178848,9.14909
0.279107,0.188429,9.2168
0.446986,0.158576,9.13923
-0.563325,0.351466,9.23495
0.626161,0.237715,9.14145
0.364632,0.501523,9.22127
0.235667,0.638843,9.23314
-0.459039,-0.489269,9.322
-0.0855826,-0.5295,9.26051
0.247139,-0.400735,9.31174
-0.352522,-0.303372,9.28565
0.12387,-0.252367,9.27556
-0.518768,-0.209374,9.32414
-0.1553,-0.200792,9.33281
0.364311,-0.235212,9.27923
-0.185441,-0.0146502,9.24659
0.636072,-0.0323379,9.26303
0.319036,0.0414677,9.34511
-0.548104,0.158376,9.31908
-0.307144,0.249583,9.25086
-0.0193496,0.249252,9.27474
0.371136,0.33168,9.30522
-0.221081,0.448701,9.2579
0.137426,0.372422,9.25495
-0.424881,0.521975,9.27888
-0.0151704,0.476264,9.28688
-0.299888,-0.652454,9.36954
-0.00296088,-0.694819,9.37521
0.231317,-0.564307,9.40324
0.451888,-0.506389,9.36501
-0.196398,-0.390475,9.39473
0.0238432,-0.427053,9.37434
-0.416784,-0.336169,9.47771
0.0422694,-0.239666,9.45581
0.244616,-0.268383,9.45742
-0.325864,-0.170478,9.46542
0.36349,-0.119994,9.44851
0.653859,-0.232722,9.36305
-0.568312,-0.0391091,9.37774
-0.357306,-0.00893177,9.37078
-0.172641,-0.0541769,9.45378
0.0145838,-0.0413088,9.37564
0.194907,-0.100148,9.36879
-0.105741,0.103497,9.3726
0.202158,0.224366,9.38707
0.456338,0.181064,9.38087
0.678515,0.132443,9.36414
-0.465018,0.329159,9.39553
-0.204673,0.268203,9.43282
0.643872,0.301843,9.44457
-0.112347,0.44794,9.44495
0.490329,0.455862,9.41609
-0.479293,0.527799,9.46654
-0.273112,0.567183,9.46846
0.16595,0.530732,9.42346
-0.103979,0.627872,9.38449
0.104703,0.70715,9.39959
0.164586,-0.710542,9.50801
0.0190454,-0.597419,9.54225
0.383819,-0.633959,9.52721
-0.335936,-0.504257,9.48624
-0.157851,-0.566418,9.47914
-0.609123,-0.418464,9.53559
-0.0635384,-0.418787,9.57898
0.144609,-0.448807,9.55068
0.336204,-0.437444,9.50109
0.466071,-0.291723,9.50664
0.669231,-0.326882,9.56218
-0.669817,-0.220829,9.56666
0.564807,-0.129372,9.49103
-0.67042,-0.028626,9.55315
-0.478866,-0.028375,9.54262
-0.0230087,-0.105449,9.57203
0.16768,-0.102552,9.56655
-0.282931,0.110945,9.5256
0.0657216,0.113831,9.49725
0.26119,0.108015,9.55341
0.459129,0.016916,9.5535
-0.66474,0.165973,9.54252
-0.463676,0.160593,9.51143
-0.111683,0.171436,9.56629
0.614063,0.128976,9.53952
0.111393,0.307178,9.55116
-0.329498,0.380776,9.51497
0.27631,0.376563,9.4906
0.532471,0.360275,9.58843
0.353131,0.645986,9.51622
-0.107924,-0.749428,9.6358
-0.288591,-0.695918,9.62674
0.320991,-0.634455,9.70835
0.519955,-0.592161,9.66923
-0.254114,-0.382709,9.61518
0.425699,-0.426932,9.67182
-0.490884,-0.246908,9.62433
-0.0283775,-0.273658,9.69323
0.149934,-0.27855,9.62773
0.333835,-0.259719,9.63766
-0.191009,-0.200859,9.60579
0.571209,-0.204958,9.68733
0.732385,-0.144471,9.61427
0.329721,-0.0688044,9.65871
0.61616,-0.0154058,9.68603
-0.579706,0.0152474,9.70872
-0.143441,0.00159715,9.67486
0.154726,0.0491818,9.70378
-0.53511,0.215699,9.70779
0.427907,0.204449,9.60785
-0.309024,0.257629,9.70104
-0.612624,0.444423,9.6045
-0.443126,0.381716,9.67284
-0.0564429,0.357951,9.62648
0.680783,0.416366,9.70937
-0.229195,0.482314,9.64112
-0.0498291,0.543785,9.61638
0.217207,0.571098,9.62296
0.383972,0.480959,9.6036
-0.345368,0.630545,9.64522
-0.165499,0.691062,9.59818
0.0547561,0.697767,9.59712
0.408993,0.685112,9.7085
-0.269309,-0.7374,9.82678
0.0034691,-0.711856,9.78411
0.224209,-0.78574,9.76044
-0.446767,-0.624901,9.72119
-0.581622,-0.494666,9.71641
-0.282425,-0.535025,9.72243
-0.0952516,-0.552244,9.73482
0.101511,-0.552059,9.71559
-0.713411,-0.356349,9.71401
-0.414432,-0.399723,9.73008
-0.160694,-0.376191,9.77798
0.273804,-0.47025,9.78384
0.640087,-0.459469,9.73156
0.179134,-0.311859,9.8138
0.452644,-0.293328,9.8011
0.745924,-0.295402,9.73698
-0.657108,-0.182879,9.75131
-0.332965,-0.22797,9.72908
0.100344,-0.146198,9.76175
-0.763324,-0.0329451,9.71937
-0.39524,-0.0552077,9.75961
0.482127,-0.0990326,9.82466
-0.265291,0.0955278,9.7981
0.44458,0.0618293,9.73578
-0.74082,0.15474,9.73319
-0.0122439,0.134071,9.72158
0.312498,0.185576,9.78133
0.620393,0.165817,9.73655
-0.698024,0.337356,9.73192
-0.145379,0.303064,9.78146
0.136533,0.241885,9.74849
0.546224,0.33537,9.81449
0.781963,0.280258,9.78856
-0.521651,0.464611,9.82537
0.368739,0.360161,9.74673
-0.704962,0.513303,9.81156
-0.103148,0.484128,9.79745
0.0821471,0.512101,9.74773
0.551084,0.555008,9.71464
-0.203521,0.649975,9.77605
-0.0522129,0.793505,9.7256
0.232927,0.746644,9.72052
0.103183,0.828504,9.82978
-0.0941952,-0.898856,9.91125
0.107017,-0.854309,9.89518
0.53414,-0.70931,9.92832
-0.626939,-0.653458,9.89378
-0.439848,-0.655975,9.90624
-0.0911845,-0.638112,9.92943
0.153797,-0.671288,9.88928
-0.73558,-0.501738,9.84274
-0.53498,-0.482714,9.90064
0.422736,-0.564833,9.85639
0.606033,-0.54163,9.89975
-0.000724529,-0.446973,9.87656
0.481193,-0.409816,9.94735
-0.821979,-0.296828,9.86071
-0.537511,-0.304908,9.8339
-0.268337,-0.255714,9.90273
0.624126,-0.298593,9.8944
-0.905905,-0.140413,9.94536
-0.087937,-0.209409,9.85851
0.308906,-0.178745,9.83718
0.837604,-0.148556,9.86883
-0.566636,-0.112402,9.90009
-0.230049,-0.0807525,9.84946
-0.0398153,-0.00827804,9.84082
0.245605,-0.0048167,9.86496
-0.656628,0.0990714,9.89296
-0.472317,0.111995,9.86004
0.789348,0.0362711,9.84357
-0.854884,0.160007,9.94344
0.474942,0.191566,9.90822
-0.407065,0.314829,9.85158
-0.256389,0.2414,9.94378
-0.816447,0.420378,9.93998
-0.281,0.458526,9.86578
0.0301459,0.358301,9.84923
0.770227,0.465152,9.90874
0.25775,0.47249,9.85188
0.44448,0.497493,9.85809
-0.669562,0.659173,9.9256
-0.0183748,0.645979,9.83541
0.166151,0.637502,9.86347
0.573365,0.681152,9.9369
-0.34619,0.736237,9.89497
0.328476,0.826015,9.93372
-0.259318,-0.953107,9.98399
0.0422423,-1.02702,10.0334
-0.567225,-0.784319,10.0523
-0.39349,-0.820106,9.98461
-0.214281,-0.781034,10.0384
0.383449,-0.816466,9.95607
-0.817007,-0.632308,10.0282
-0.228098,-0.595098,10.0501
0.313645,-0.644927,9.9877
0.708547,-0.679746,10.0119
-0.390032,-0.507911,10.0119
-0.0727785,-0.489838,10.0472
0.162617,-0.496067,9.96769
-0.855293,-0.452897,9.982
-0.675109,-0.37915,9.97064
-0.227909,-0.432888,9.95707
0.767301,-0.46675,9.96717
-0.985073,-0.27241,10.0554
-0.423279,-0.322327,9.98111
-0.094027,-0.257011,10.0639
0.0570081,-0.28123,9.95398
0.322131,-0.292931,9.98801
0.794999,-0.283189,9.99133
-0.771295,-0.233645,10.0361
-0.560054,-0.219239,10.0568
-0.396504,-0.136568,9.97744
0.165838,-0.125204,9.98666
0.52838,-0.177881,10.0122
-0.739458,-0.0560773,9.95915
0.686236,-0.0906376,9.96132
0.961888,-0.0838756,9.99492
-0.557028,0.00880299,10.0416
-0.328751,0.0428613,9.96874
-0.133835,0.0909808,9.97342
0.0836403,0.0451624,9.98317
0.384565,0.041753,9.98502
0.565445,0.033413,10.0298
0.744485,0.107876,10.0452
0.932245,0.10274,9.99972
0.011143,0.214506,10.0007
0.233097,0.155468,9.96958
0.585407,0.216356,10.0638
-0.705512,0.270038,9.96071
-0.519899,0.244344,9.99026
0.180212,0.342129,9.97657
0.356369,0.291544,10.0171
0.870419,0.309956,9.97887
-0.612225,0.425218,10.007
-0.11539,0.356643,9.99123
-0.417845,0.570411,9.94987
-0.174251,0.52964,10.0429
-0.00172295,0.510631,9.96795
0.166676,0.560098,10.0346
0.625835,0.525855,10.0246
-0.286162,0.678887,10.0637
0.364226,0.630502,9.97015
-0.520033,0.765294,9.97198
-0.016372,0.796605,9.96887
0.171524,0.817632,10.0364
-0.377017,0.877206,10.0268
-0.204841,0.851626,9.95441
0.503173,0.842841,9.99892
-0.103597,0.984467,10.0383
-0.303855,-1.10759,10.1484
-0.119164,-1.09029,10.1047
-0.599378,-0.953863,10.1544
0.208206,-0.949414,10.0738
0.388488,-0.990683,10.1082
-0.36454,-0.928536,10.1362
-0.0638762,-0.875374,10.0949
0.688075,-0.874273,10.1287
-0.733419,-0.803335,10.1465
-0.353155,-0.708079,10.1402
0.104455,-0.801959,10.1246
0.289396,-0.781644,10.1137
0.505266,-0.788327,10.0958
-0.541552,-0.598831,10.077
-0.0969265,-0.69357,10.1587
0.0640461,-0.621775,10.0774
0.233729,-0.592568,10.1522
0.555994,-0.601872,10.083
0.862241,-0.635325,10.1101
-0.91553,-0.544251,10.1613
-0.702075,-0.506618,10.1081
0.394509,-0.506047,10.0836
-1.04311,-0.407622,10.1712
-0.848234,-0.357064,10.1549
-0.267082,-0.378447,10.1349
0.0681737,-0.415315,10.1452
0.25464,-0.40132,10.1513
0.807421,-0.460523,10.1498
0.949257,-0.359976,10.0796
-0.425967,-0.272345,10.1821
0.134951,-0.23982,10.1397
0.555552,-0.283382,10.1657
1.13256,-0.258213,10.1706
-0.889086,-0.144902,10.153
-0.265115,-0.181283,10.1075
0.357895,-0.131755,10.0813
0.778551,-0.221534,10.1668
0.96106,-0.184374,10.1528
-1.19059,-0.00299847,10.1744
-1.04006,-0.0688523,10.0735
-0.68403,-0.117064,10.1595
-0.092005,-0.0607661,10.0933
0.671066,-0.0670546,10.1472
1.00969,-0.00282313,10.1565
-0.883029,0.0433039,10.0891
-0.430661,0.115907,10.1281
0.242489,0.0185001,10.1064
-1.07404,0.142932,10.1702
-0.626504,0.179982,10.1333
-0.198751,0.209118,10.1338
0.0940892,0.151199,10.1751
0.425286,0.142546,10.1382
0.890298,0.144335,10.18
1.16223,0.182338,10.1766
-0.982901,0.304333,10.1243
-0.806552,0.237166,10.1203
-0.371583,0.290788,10.1542
1.01272,0.249598,10.0853
-0.740706,0.407537,10.1675
-0.426454,0.462693,10.1045
-0.236862,0.416378,10.1764
0.15794,0.403306,10.1707
0.318248,0.46136,10.086
0.509862,0.387033,10.0695
0.713596,0.353031,10.0727
0.888762,0.372599,10.1542
1.1465,0.373649,10.178
-0.911824,0.501373,10.0824
-0.743283,0.583181,10.0983
0.472744,0.557661,10.1374
0.800469,0.526747,10.0922
1.01989,0.510878,10.1618
-0.917534,0.691985,10.1369
-0.559621,0.60619,10.0679
-0.124763,0.692983,10.158
0.0587806,0.690213,10.1181
-0.747616,0.768472,10.0689
-0.444378,0.741945,10.142
0.485143,0.744183,10.1566
0.751395,0.708929,10.0894
-0.567795,0.896537,10.0985
-0.208662,0.874849,10.1494
-0.0206225,0.857267,10.1492
0.408444,0.920403,10.1399
0.0783036,1.00372,10.0742
0.259717,1.02661,10.1089
-0.278428,1.08771,10.1673
-0.129781,-1.35585,10.2965
-0.660263,-1.21993,10.2843
-0.485384,-1.28552,10.2909
-0.00261147,-1.20102,10.2057
0.175967,-1.25414,10.2477
-0.493417,-1.11425,10.1848
0.453235,-1.17543,10.2699
-0.775212,-0.959123,10.2411
-0.194205,-0.953534,10.21
0.0030787,-1.00195,10.2154
0.299982,-1.05584,10.2613
0.559765,-0.998906,10.1851
0.829573,-1.02808,10.2767
-0.953685,-0.898556,10.2683
-0.00569722,-0.830318,10.2914
0.17614,-0.90102,10.2707
0.409844,-0.86669,10.2461
0.863125,-0.851458,10.1875
-1.00548,-0.719673,10.241
-0.636559,-0.707499,10.2738
-0.487245,-0.810314,10.222
0.287774,-0.734023,10.2942
0.586765,-0.816157,10.2744
1.05122,-0.79718,10.2697
-1.17012,-0.635033,10.2811
-0.819989,-0.680338,10.2582
0.462418,-0.678332,10.2422
0.712234,-0.701237,10.1991
0.883541,-0.694876,10.2881
1.12843,-0.626754,10.2567
-0.549062,-0.484023,10.2286
-0.37049,-0.527351,10.1956
-0.200282,-0.560478,10.2712
0.0954739,-0.552819,10.2737
0.680953,-0.530257,10.2684
-0.0519496,-0.431472,10.2915
0.508595,-0.469849,10.2297
0.94413,-0.42137,10.2715
1.11813,-0.446007,10.2093
1.32444,-0.435496,10.2815
-0.654906,-0.334387,10.1854
0.391629,-0.32637,10.2531
0.722395,-0.347582,10.2923
1.31136,-0.245579,10.2733
-1.1603,-0.204847,10.1907
-0.780609,-0.22786,10.2817
-0.066232,-0.224557,10.2487
0.215813,-0.123609,10.2859
-1.04215,-0.0710173,10.2656
-0.491591,-0.0853413,10.1953
0.0697089,-0.0437299,10.192
0.479338,-0.0299736,10.1854
0.83899,-0.0276938,10.2473
1.21554,-0.0928041,10.203
-0.801878,0.100764,10.2527
-0.626713,0.03336,10.2567
0.632051,0.0991905,10.2298
1.28662,0.0703312,10.2615
-1.3011,0.191723,10.2839
-0.893122,0.286644,10.2857
-0.55945,0.34553,10.1911
-0.0165656,0.335829,10.1854
0.287224,0.246775,10.2158
0.570649,0.284038,10.2392
0.757067,0.264919,10.234
1.00448,0.280072,10.2702
-1.23699,0.388078,10.2785
-1.03876,0.414246,10.2648
-0.415481,0.430375,10.2968
0.430373,0.408392,10.2439
0.62518,0.458764,10.2009
0.791393,0.455571,10.2907
-1.23495,0.57461,10.2948
-0.878823,0.519229,10.2664
-0.611935,0.509148,10.2729
-0.0316708,0.527063,10.1976
-1.05532,0.598168,10.2336
-0.775577,0.677282,10.2634
-0.588926,0.694421,10.2511
-0.35061,0.592341,10.218
0.355619,0.644612,10.2549
0.632328,0.644327,10.2173
0.961711,0.679002,10.224
-1.1366,0.765215,10.2849
0.128566,0.737316,10.2903
0.27481,0.801584,10.1924
-0.985208,0.874519,10.2713
-0.714554,0.879393,10.218
-0.538076,0.872006,10.2812
-0.379237,0.935056,10.2052
0.136182,0.923148,10.2334
0.560915,0.898173,10.2444
0.873507,0.843899,10.2353
1.04938,0.829487,10.2993
-0.910678,1.04399,10.2983
-0.547174,1.0488,10.2176
-0.103551,1.04157,10.2169
0.288754,1.02869,10.2933
0.732573,0.964671,10.2119
-0.728572,1.06659,10.2607
0.413081,1.16504,10.2397
0.669176,1.13117,10.2705
0.862962,1.08077,10.2979
-0.219209,1.24473,10.2649
-0.0443695,1.21783,10.1955
0.142267,1.19184,10.1998
-0.104427,1.39161,10.2988
0.303089,1.31303,10.2975
-0.344847,-1.66833,10.4157
-0.117369,-1.67753,10.4026
0.0679265,-1.66146,10.384
-0.228096,-1.53297,10.3595
0.248377,-1.61513,10.3696
0.422376,-1.54678,10.3725
-0.968577,-1.45416,10.4149
-0.602359,-1.42716,10.349
-0.429263,-1.50505,10.3639
-0.0424281,-1.51564,10.343
0.125114,-1.43801,10.311
0.606166,-1.51426,10.3904
-0.785127,-1.35505,10.3476
-0.31619,-1.36357,10.3078
0.0180655,-1.31126,10.402
0.304638,-1.38411,10.3106
0.490461,-1.37655,10.3327
0.668318,-1.31768,10.3401
-0.995087,-1.26735,10.3748
-0.839464,-1.17841,10.3168
-0.208005,-1.23523,10.4165
0.349683,-1.23425,10.4146
0.823169,-1.21054,10.3307
0.990651,-1.28854,10.3791
1.17577,-1.29061,10.4078
-1.14927,-1.16035,10.3841
-0.993506,-1.07314,10.3239
-0.480152,-1.13537,10.4045
-0.309438,-1.09949,10.3361
-0.12152,-1.09734,10.3192
0.12726,-1.091,10.3245
0.994294,-1.10773,10.325
1.2833,-1.13601,10.3979
-1.28537,-1.02958,10.3826
-0.61687,-1.04035,10.3198
-0.443414,-0.972402,10.305
0.00498343,-0.97655,10.4082
0.654756,-1.05419,10.3392
1.13854,-0.988218,10.3296
1.34442,-0.959299,10.3851
-1.44517,-0.93309,10.3974
-1.16094,-0.836811,10.3012
-0.799648,-0.826768,10.3746
-0.611086,-0.863338,10.3794
0.330785,-0.915866,10.4078
0.741394,-0.882339,10.3555
0.924055,-0.860884,10.3919
-1.54134,-0.773165,10.4083
-1.32369,-0.748726,10.3387
-0.189931,-0.791624,10.3083
0.11976,-0.717686,10.3728
0.434076,-0.759134,10.4107
1.22761,-0.823439,10.3271
1.40416,-0.782285,10.3735
-0.473024,-0.629351,10.3178
-0.305047,-0.653191,10.4042
-0.0529875,-0.650985,10.3473
0.549366,-0.603245,10.3917
0.722885,-0.675396,10.384
1.30794,-0.627905,10.3171
-1.5284,-0.587872,10.3833
-1.29413,-0.496951,10.3062
-1.08771,-0.519054,10.4029
-0.908974,-0.542575,10.3507
-0.714753,-0.558311,10.3552
0.331313,-0.552699,10.3109
0.809391,-0.488096,10.3983
0.992998,-0.570639,10.3736
1.17671,-0.494624,10.38
1.48471,-0.533748,10.3603
-1.48558,-0.407829,10.355
-0.774576,-0.38348,10.3846
-0.590316,-0.404661,10.3992
-0.407229,-0.437922,10.3654
-0.22411,-0.372109,10.346
-1.64523,-0.31772,10.3944
-1.33199,-0.314146,10.3016
-1.12298,-0.346784,10.3292
-0.968992,-0.236601,10.3172
-0.353582,-0.239784,10.3722
0.10143,-0.320068,10.33
0.275183,-0.352255,10.3981
0.508722,-0.274898,10.396
0.913206,-0.244508,10.3234
1.10648,-0.320027,10.3466
1.47788,-0.345681,10.3425
1.69448,-0.272671,10.4091
-1.65288,-0.130705,10.3874
-1.49254,-0.221312,10.3413
-0.55809,-0.232548,10.311
0.403328,-0.147959,10.3073
0.667177,-0.157152,10.312
1.17898,-0.151057,10.3771
-1.42007,-0.0519016,10.3053
-0.859529,-0.0636539,10.32
-0.661639,-0.086684,10.4057
-0.431294,-0.00732298,10.3562
1.00693,-0.0841654,10.3462
1.48301,-0.0173128,10.3401
1.64685,-0.0922842,10.3924
-1.67485,0.0934968,10.3915
-1.152,0.0769184,10.3393
0.469577,0.0036616,10.3935
0.670141,0.0122378,10.3907
1.01724,0.0999425,10.3186
1.17596,0.0359722,10.4081
1.62644,0.0940911,10.3846
-1.48821,0.120394,10.3298
-0.936395,0.122921,10.3833
-0.50082,0.171265,10.3044
0.461894,0.186231,10.3552
0.660322,0.20518,10.3872
0.829919,0.118867,10.3671
1.20831,0.212982,10.3553
-1.59845,0.264166,10.3771
-1.11376,0.259604,10.3391
-0.709605,0.255847,10.3022
-0.335148,0.258813,10.3393
0.128647,0.283548,10.3998
0.860293,0.306291,10.3898
1.38114,0.268046,10.3062
1.55937,0.267759,10.3644
-1.52133,0.434661,10.3692
0.0083802,0.442996,10.3673
0.266784,0.448113,10.331
0.582353,0.407585,10.3805
1.09088,0.426361,10.349
1.33688,0.451019,10.303
1.59971,0.449993,10.384
-1.62296,0.584779,10.4161
-0.334356,0.558102,10.4061
-0.174177,0.484867,10.3391
0.139828,0.578198,10.3885
0.458943,0.561406,10.3942
0.951277,0.551198,10.366
-1.43261,0.599338,10.3577
-1.10567,0.635697,10.4167
-0.94563,0.704438,10.3419
-0.4677,0.689387,10.3958
-0.225446,0.69531,10.3209
0.64271,0.597312,10.4011
0.79887,0.643543,10.3089
1.2564,0.620124,10.3139
1.56719,0.63439,10.396
-1.53445,0.749822,10.4091
-1.31474,0.743579,10.3384
-0.0553133,0.774663,10.3133
0.523989,0.73644,10.3392
0.707505,0.80648,10.3125
1.2427,0.804619,10.3444
1.43155,0.76807,10.3857
-1.43772,0.910103,10.399
-0.830433,0.891805,10.3756
-0.350108,0.830449,10.3577
0.389339,0.873641,10.3274
-1.24967,0.943522,10.352
-0.239196,0.979736,10.3331
-0.0591265,0.951715,10.3749
0.111755,1.02487,10.3947
0.517682,1.04887,10.3498
0.725327,0.997264,10.3963
1.07012,1.01217,10.3384
1.25129,0.988341,10.3805
-1.34736,1.09136,10.4138
-1.14465,1.10047,10.3682
-0.55386,1.158,10.3994
-0.39967,1.07586,10.3296
0.222563,1.17521,10.3943
1.21056,1.16994,10.4037
-1.03916,1.25995,10.3848
-0.860683,1.22269,10.3327
-0.675787,1.26595,10.3069
-0.342714,1.23749,10.406
0.0440925,1.23266,10.3597
0.566592,1.28242,10.3143
0.791624,1.26526,10.3359
1.0466,1.25757,10.3782
-0.804139,1.39872,10.3654
-0.483452,1.30635,10.3035
0.0823014,1.40968,10.304
0.927759,1.40216,10.4015
-0.615834,1.44033,10.3513
-0.42856,1.48329,10.3489
0.251324,1.48693,10.3423
0.446805,1.42421,10.3424
0.686382,1.41662,10.3693
-0.743848,1.58176,10.4003
-0.246434,1.54617,10.357
-0.0849656,1.63796,10.3801
0.0942596,1.58989,10.355
0.399144,1.6428,10.3998
0.566022,1.55752,10.3971
-0.568588,1.64713,10.4087
-0.383898,1.67759,10.4088
0.226024,1.71407,10.4025
-0.303036,-2.00167,10.53
0.0501496,-2.0222,10.5318
-0.568753,-1.93773,10.5276
-0.123023,-1.95776,10.5017
0.234626,-1.99098,10.5248
0.413448,-1.93564,10.5185
-0.914538,-1.79904,10.5043
-0.736495,-1.85642,10.5113
-0.418016,-1.8373,10.4806
-0.233698,-1.81309,10.4586
0.0119311,-1.83808,10.4499
0.192324,-1.79601,10.4223
0.583619,-1.85885,10.5053
-1.06351,-1.68621,10.4961
-0.714993,-1.6815,10.4478
-0.53145,-1.65183,10.4233
0.376177,-1.76274,10.4334
0.656899,-1.69377,10.4561
0.916308,-1.70536,10.505
-1.17076,-1.53362,10.4827
-0.89313,-1.62365,10.4407
0.783645,-1.55827,10.4304
1.09199,-1.64015,10.5109
1.27355,-1.58864,10.5228
-1.32026,-1.42197,10.4973
-0.811809,-1.43488,10.5152
-0.642088,-1.5141,10.5102
-0.304405,-1.41917,10.4864
-0.116877,-1.43778,10.4964
0.0673416,-1.47237,10.4884
0.346869,-1.46061,10.5208
0.958912,-1.49293,10.4367
1.14332,-1.46823,10.4569
1.32298,-1.41635,10.4679
-1.47014,-1.31005,10.5109
-1.15478,-1.35298,10.4337
-0.476231,-1.34705,10.4704
0.196347,-1.33476,10.4556
-1.62921,-1.18796,10.5302
-1.30692,-1.24381,10.442
-0.828615,-1.23549,10.4953
-0.65217,-1.28505,10.4597
0.548401,-1.29019,10.4883
0.710404,-1.19625,10.4792
0.873061,-1.27803,10.5244
1.41688,-1.25464,10.4603
-1.44254,-1.11517,10.4415
-0.937808,-1.08404,10.5022
-0.659228,-1.11277,10.5333
-0.261808,-1.07637,10.5158
0.101227,-1.16532,10.4979
0.26587,-1.0777,10.4754
0.48929,-1.10845,10.4409
0.866008,-1.0685,10.456
1.07797,-1.0896,10.4917
1.44094,-1.07306,10.4982
-1.59963,-1.01598,10.463
-1.10117,-0.963914,10.4293
-0.774841,-1.01782,10.4183
-0.501774,-0.968723,10.493
1.24338,-1.01259,10.5333
1.70961,-1.0423,10.5296
-1.71252,-0.867727,10.4765
-1.25448,-0.86478,10.4684
-0.920047,-0.897968,10.4991
-0.319135,-0.895767,10.4218
-0.142217,-0.899528,10.4979
0.163482,-0.914239,10.492
0.583369,-0.865726,10.4548
1.099,-0.853472,10.4601
1.29349,-0.832858,10.5159
1.52022,-0.914515,10.4385
1.68703,-0.857928,10.5015
-1.86751,-0.773778,10.5235
-0.685222,-0.713539,10.4739
-0.497721,-0.737497,10.4881
0.0296434,-0.750592,10.533
0.266113,-0.715215,10.4905
1.57508,-0.728045,10.4263
-1.86276,-0.589383,10.4829
-1.70478,-0.683185,10.4463
-1.39315,-0.642524,10.5009
-1.19169,-0.684506,10.4603
-1.00542,-0.687706,10.4257
-0.149162,-0.70468,10.4999
0.419922,-0.606079,10.5265
0.885962,-0.68596,10.4759
1.16016,-0.672648,10.4354
1.3907,-0.634328,10.4875
1.74748,-0.68157,10.4828
-2.00693,-0.481015,10.534
-1.68858,-0.497888,10.4227
-1.25513,-0.510508,10.4886
-0.76143,-0.501448,10.5292
-0.579821,-0.556325,10.5119
0.00191324,-0.495705,10.4654
0.1959,-0.544191,10.4395
1.77861,-0.497703,10.4674
-1.84642,-0.404062,10.462
-1.37363,-0.366118,10.4988
-1.11931,-0.378632,10.5254
-0.954564,-0.381345,10.4357
0.441389,-0.450669,10.4224
0.62757,-0.43833,10.4263
1.01012,-0.400085,10.4859
1.19283,-0.359972,10.5082
1.35259,-0.452404,10.4654
1.60618,-0.398024,10.5162
-1.98986,-0.29544,10.5136
-1.23385,-0.251349,10.4482
0.696041,-0.265266,10.464
0.87846,-0.268858,10.5058
1.3466,-0.265942,10.4565
1.87109,-0.335521,10.4788
-1.81763,-0.219558,10.4483
-1.49473,-0.224001,10.5287
-1.00957,-0.215948,10.5059
-0.830535,-0.152066,10.4844
0.579046,-0.121453,10.4855
1.05511,-0.206098,10.5066
1.51173,-0.181189,10.4874
1.86294,-0.149544,10.4602
2.02247,-0.233754,10.5214
-1.96438,-0.110436,10.4994
-1.80436,-0.0328637,10.4404
-1.51861,-0.0169513,10.4606
-1.35652,-0.111338,10.4708
-1.1519,-0.0831679,10.4359
-0.982672,-0.029395,10.4999
0.819841,-0.112593,10.4187
0.954637,-0.0344503,10.5279
1.33829,-0.079677,10.4435
-1.30206,0.0594322,10.5242
-0.800937,0.0285441,10.5298
1.3697,0.103261,10.4271
1.51786,0.00983742,10.5216
1.79131,0.0218782,10.4363
1.9689,0.00578952,10.4947
-1.90982,0.117954,10.4759
-1.40272,0.20883,10.4699
-1.17702,0.197501,10.506
-0.658563,0.128432,10.4357
1.89176,0.17531,10.4744
-2.01787,0.276951,10.5126
-1.8399,0.290223,10.4528
-1.00076,0.289803,10.4861
-0.82242,0.347817,10.487
0.396928,0.348384,10.4204
0.712022,0.349522,10.5198
1.05154,0.250879,10.4499
1.41368,0.272778,10.4902
1.73719,0.276016,10.4251
-1.93834,0.449383,10.4988
-1.70221,0.413526,10.4221
-1.35058,0.383906,10.4276
-1.17675,0.385428,10.5009
-0.648985,0.38767,10.4262
0.994536,0.426626,10.5094
1.24641,0.372196,10.4462
1.41115,0.458697,10.4742
1.77595,0.464659,10.445
1.92304,0.359027,10.4921
-1.8018,0.574954,10.4715
-1.27709,0.550741,10.4753
-1.02068,0.470711,10.4426
-0.777435,0.531623,10.4249
-0.518225,0.519091,10.4549
-0.189524,0.52719,10.5341
0.269538,0.482738,10.5244
0.794693,0.510438,10.4705
1.17665,0.545151,10.4659
1.98575,0.533766,10.5311
-0.645826,0.661564,10.4491
1.06552,0.689723,10.4227
1.41157,0.639734,10.5199
1.84103,0.637859,10.4734
-1.8924,0.730688,10.5252
-1.71484,0.740865,10.4653
-1.3555,0.751859,10.5206
-1.18601,0.804834,10.4609
-0.877292,0.802323,10.5335
-0.155232,0.711848,10.4962
0.0373952,0.712392,10.467
0.298538,0.71171,10.42
0.444201,0.801989,10.4956
0.689565,0.774333,10.4964
1.26655,0.758729,10.5245
1.69838,0.757195,10.4521
-1.80382,0.897624,10.5169
-1.62616,0.905726,10.4582
-1.02086,0.892744,10.4544
-0.655113,0.849218,10.4257
-0.367156,0.906534,10.5282
-0.180218,0.897799,10.5144
0.176069,0.853316,10.4343
0.58376,0.930457,10.498
0.906239,0.842974,10.4191
1.09892,0.878354,10.4737
1.6132,0.92351,10.4612
1.81194,0.893122,10.5134
-1.29608,0.944405,10.5335
-0.748687,1.0456,10.4471
-0.516813,0.975659,10.437
0.359209,1.01302,10.467
0.952771,1.01278,10.4845
1.43157,0.952114,10.42
-1.70829,1.06741,10.5057
-1.52932,1.06581,10.4502
-0.952215,1.1015,10.4713
-0.422013,1.11601,10.5259
-0.224025,1.10354,10.473
-0.0351933,1.10495,10.4793
1.39005,1.13325,10.4431
1.57176,1.1041,10.4844
-1.56673,1.23989,10.5089
-1.23597,1.25281,10.4295
-0.825594,1.23157,10.5166
-0.129343,1.25912,10.4289
0.423583,1.21762,10.4192
0.656069,1.18957,10.4502
0.897866,1.19307,10.4727
1.49852,1.27578,10.4976
-1.39969,1.32271,10.4892
-0.662293,1.3178,10.4861
-0.478482,1.35469,10.4841
-0.29915,1.40797,10.4719
0.133764,1.40621,10.4859
0.314441,1.3585,10.4784
0.557651,1.34532,10.4906
0.786635,1.33976,10.5078
1.29801,1.32826,10.4558
-1.33328,1.49385,10.5332
-1.17417,1.42695,10.4604
-0.987677,1.43684,10.4189
-0.842479,1.48548,10.5271
-0.605539,1.50138,10.528
-0.0419283,1.4655,10.459
0.44119,1.48892,10.5212
1.09022,1.52761,10.4674
1.27619,1.51127,10.4904
1.44965,1.45304,10.5319
-1.03169,1.60711,10.4837
0.260155,1.54198,10.521
0.726928,1.63984,10.4489
0.90903,1.58078,10.4572
-0.87105,1.70256,10.4706
-0.217674,1.76153,10.4286
0.546675,1.74416,10.4555
0.858061,1.75757,10.5124
1.04035,1.71624,10.5274
-0.704459,1.788,10.4762
-0.371823,1.85618,10.4833
0.0475963,1.7738,10.4191
0.371821,1.82246,10.4555
0.692177,1.84434,10.5177
-0.553561,1.89288,10.515
-0.241715,1.98162,10.5333
-0.0888684,1.88832,10.4772
0.0549556,1.99874,10.5242
0.19373,1.89001,10.4581
0.349717,1.99555,10.5299
0.521006,1.92044,10.5179
-0.376597,-2.17,10.6147
-0.200233,-2.22884,10.6363
-0.0226776,-2.17667,10.6088
0.173455,-2.14977,10.6049
-0.720727,-2.0236,10.5954
-0.552118,-2.10459,10.6109
0.360279,-2.10826,10.5993
0.542271,-2.04927,10.5936
0.865034,-2.06329,10.6434
-0.897882,-1.96266,10.594
-0.411685,-1.91149,10.6524
0.713395,-1.9721,10.5792
1.03711,-1.99039,10.6326
-1.0756,-1.85791,10.58
-0.251689,-1.8144,10.6449
-0.045351,-1.83796,10.6283
0.204528,-1.82356,10.6076
0.87597,-1.88005,10.5636
1.06183,-1.81495,10.571
-1.53693,-1.65328,10.6452
-1.22623,-1.74671,10.5705
-0.813966,-1.6619,10.6063
-0.470679,-1.6979,10.5942
-0.120912,-1.67048,10.5907
0.0630628,-1.69747,10.5676
0.4592,-1.7487,10.6002
1.24244,-1.76421,10.5833
-1.33904,-1.59751,10.5599
-0.285964,-1.5836,10.5739
0.242869,-1.64602,10.5541
0.502305,-1.57676,10.5388
0.772189,-1.63258,10.6018
1.43394,-1.63838,10.6064
-1.48922,-1.4864,10.5746
-1.00823,-1.51971,10.5857
-0.458972,-1.51629,10.5489
0.193805,-1.47942,10.6269
0.584433,-1.42536,10.6131
0.764491,-1.42609,10.5616
1.0465,-1.4416,10.6151
1.48336,-1.46644,10.5507
1.64341,-1.49463,10.644
-1.80398,-1.32452,10.6504
-1.63223,-1.366,10.5877
-1.1442,-1.39407,10.6163
-0.981187,-1.32778,10.5522
-0.406616,-1.36756,10.6526
-0.222004,-1.31004,10.6142
1.23008,-1.39739,10.6294
1.76582,-1.35273,10.642
-1.28964,-1.27636,10.6259
-1.11067,-1.19311,10.5644
-0.614412,-1.27822,10.643
-0.398992,-1.19631,10.5621
-0.071637,-1.22219,10.5445
0.217063,-1.19954,10.642
0.373647,-1.28945,10.5921
0.672858,-1.26209,10.6507
1.05828,-1.26579,10.552
1.2557,-1.22147,10.5622
1.50946,-1.29238,10.6186
1.66843,-1.22447,10.5462
1.84182,-1.18417,10.6054
-1.84652,-1.1454,10.6126
-1.4391,-1.16288,10.6226
-1.27259,-1.09927,10.5561
-0.125365,-1.07191,10.645
0.34312,-1.06039,10.645
0.510012,-1.16182,10.6194
0.810911,-1.13132,10.6238
-1.99942,-1.04382,10.6497
-1.84939,-0.964117,10.5624
-1.66392,-1.03526,10.638
-1.43671,-0.977705,10.6516
-1.06578,-0.999494,10.6097
-0.366586,-0.998095,10.6522
0.0378573,-0.98227,10.6137
0.629624,-1.03869,10.5435
0.788211,-0.943257,10.5717
0.97533,-0.950219,10.5632
1.52379,-0.954771,10.6216
1.91352,-1.01076,10.598
-2.00953,-0.860938,10.6093
-1.5879,-0.864062,10.616
-0.748487,-0.922463,10.5776
-0.497929,-0.850672,10.6383
0.448596,-0.924614,10.5701
0.624136,-0.877585,10.6391
1.14808,-0.889019,10.6377
2.03165,-0.866666,10.6191
-1.41849,-0.822241,10.5483
-1.24312,-0.770156,10.6291
-1.08397,-0.814366,10.5405
-0.860843,-0.724429,10.5387
-0.326773,-0.771684,10.5644
0.414412,-0.755547,10.6491
0.83635,-0.773164,10.6345
1.21454,-0.710785,10.6343
1.46906,-0.782819,10.5708
1.64604,-0.728493,10.6332
1.86798,-0.809617,10.548
-2.0144,-0.66548,10.5645
-1.56304,-0.68293,10.5699
0.588317,-0.701437,10.5469
1.03681,-0.596189,10.554
1.89095,-0.608027,10.5783
2.06908,-0.66093,10.6028
-2.14458,-0.553518,10.6396
-1.74441,-0.48494,10.6041
-1.55407,-0.494445,10.5533
-1.38141,-0.503376,10.6262
-1.14311,-0.526864,10.6378
-0.958884,-0.562045,10.5561
-0.395683,-0.56682,10.5432
0.178294,-0.539852,10.6288
0.736057,-0.585243,10.5481
1.21495,-0.539364,10.5578
1.41486,-0.512156,10.6317
1.56366,-0.578839,10.5389
2.16426,-0.503165,10.637
-2.13394,-0.366325,10.6102
-1.25787,-0.364729,10.6509
-0.949469,-0.389979,10.6293
0.663181,-0.420247,10.6091
0.860799,-0.451259,10.5878
1.74024,-0.437985,10.6409
2.00349,-0.460817,10.548
-1.85988,-0.33809,10.6418
-1.64355,-0.325781,10.5812
-0.788712,-0.31841,10.5599
1.45581,-0.321802,10.5982
1.74723,-0.24023,10.5859
2.18361,-0.256905,10.6142
-2.11494,-0.177862,10.5884
-1.8163,-0.156574,10.6246
-1.34133,-0.197806,10.6362
-1.16651,-0.131428,10.6191
1.22779,-0.190008,10.584
-2.21355,-0.0264079,10.6443
-1.64056,-0.115545,10.5743
1.39825,-0.0942509,10.6214
1.68198,-0.0646398,10.5743
1.86151,-0.0686651,10.6291
2.12068,-0.0800997,10.5631
-2.06676,0.0412894,10.5458
-1.81573,0.0308462,10.6163
-1.63752,0.0716449,10.575
1.09851,0.0772137,10.5768
1.38046,0.0970656,10.6142
1.76322,0.108959,10.5995
2.20991,0.0703467,10.6296
-2.2126,0.166301,10.6336
-1.76029,0.21052,10.6025
-1.43429,0.13192,10.638
-1.01304,0.133104,10.5913
0.745108,0.161124,10.5512
0.941169,0.17799,10.5853
1.23094,0.206664,10.5414
1.5753,0.186958,10.539
2.06504,0.15933,10.5463
-2.23098,0.352192,10.6465
-1.56393,0.243086,10.56
-1.39684,0.325147,10.6154
1.88376,0.244204,10.6482
2.08969,0.343716,10.5761
-1.74098,0.397086,10.6044
-1.54084,0.42879,10.5556
-1.0416,0.464304,10.6284
0.45676,0.446971,10.5705
1.1631,0.417709,10.6065
1.34967,0.376757,10.6318
1.55985,0.37324,10.5499
1.74561,0.359757,10.597
-2.10485,0.4743,10.5813
-1.85538,0.539521,10.6473
-1.66146,0.56675,10.5986
-1.3242,0.494588,10.6481
-0.91105,0.576917,10.5552
-0.392819,0.563965,10.5881
0.95332,0.55202,10.6476
1.27117,0.574319,10.6252
1.48787,0.519636,10.6419
1.66535,0.528319,10.582
2.18233,0.491934,10.6431
-2.06987,0.656162,10.61
-1.44712,0.590385,10.5441
-1.18479,0.617613,10.6239
-0.756761,0.67207,10.6044
0.189684,0.650678,10.5599
0.370562,0.669435,10.6144
0.551104,0.628526,10.5618
0.75613,0.631765,10.6084
1.11569,0.678036,10.6027
1.58005,0.694863,10.5831
1.76242,0.70242,10.6308
2.09985,0.660672,10.6089
-1.74433,0.726894,10.6495
-1.56536,0.727616,10.5923
-1.22458,0.810295,10.644
-1.04809,0.732896,10.5664
-0.52017,0.793847,10.5439
-0.336502,0.739787,10.622
0.569946,0.806857,10.6427
0.928169,0.710766,10.5501
1.42565,0.789715,10.6308
1.95078,0.771564,10.5453
-2.01967,0.839425,10.6293
-1.64866,0.887711,10.6433
-1.46824,0.887951,10.5825
-0.710793,0.853355,10.6042
0.0166085,0.897854,10.5557
0.279945,0.843761,10.5902
0.854033,0.89416,10.5913
1.6666,0.909512,10.6402
-1.55104,1.04733,10.6355
-1.12563,1.02392,10.5381
-0.957325,0.975599,10.6097
-0.501645,0.985526,10.6346
-0.289692,1.0544,10.6488
0.196995,1.0202,10.5634
0.443773,0.948106,10.6212
1.13586,0.96231,10.6401
1.30255,0.946435,10.5558
1.48472,0.964702,10.599
1.92101,1.01252,10.608
-1.89078,1.14453,10.6348
-1.41122,1.15772,10.577
-0.802109,1.08075,10.625
-0.637534,1.14906,10.5674
-0.130234,1.16611,10.6307
0.0360712,1.06367,10.6489
0.51391,1.1034,10.5376
0.788186,1.06705,10.5579
1.24551,1.1234,10.5816
1.42949,1.14136,10.6265
1.74674,1.06642,10.5418
-1.74104,1.24217,10.5779
-1.24107,1.181,10.6517
-1.08034,1.20536,10.5592
-0.509677,1.26328,10.6444
-0.29924,1.24483,10.588
0.118116,1.2101,10.5461
0.304298,1.19178,10.5617
0.46403,1.26396,10.6311
0.704089,1.21883,10.6288
1.07056,1.18851,10.551
1.31448,1.28878,10.6377
1.66973,1.24094,10.5663
1.84154,1.19958,10.6333
-1.63485,1.39636,10.5883
-1.14125,1.36553,10.6344
-0.957539,1.34772,10.5813
-0.717914,1.40422,10.6427
-0.15639,1.36798,10.5867
0.0255172,1.35049,10.6284
0.638318,1.39609,10.6519
0.961951,1.36059,10.581
1.14752,1.37383,10.5573
-1.04105,1.52308,10.6508
0.76598,1.51625,10.5843
1.63768,1.4201,10.6108
-1.50849,1.53422,10.6017
-1.20781,1.63248,10.5468
-0.73974,1.63179,10.5837
-0.427317,1.56692,10.5538
-0.191635,1.54779,10.5361
0.0789181,1.58508,10.5411
0.588071,1.58935,10.5797
0.944544,1.53916,10.6363
1.13148,1.53747,10.6498
1.39866,1.62614,10.5808
1.57356,1.59383,10.6395
-1.37925,1.66933,10.6131
-0.920147,1.66958,10.6485
-0.270111,1.70574,10.5996
-0.0723431,1.69474,10.5579
0.220896,1.71395,10.5896
0.404652,1.6615,10.5862
0.552364,1.76261,10.6417
0.729956,1.69906,10.636
1.22394,1.68317,10.5457
-1.24544,1.8002,10.6213
-1.05453,1.77876,10.5561
-0.622883,1.76562,10.643
-0.436439,1.78303,10.6431
0.0656802,1.81871,10.6
1.16081,1.85103,10.5994
-0.906443,1.89234,10.5729
-0.730369,1.95471,10.5579
0.220099,1.91789,10.6445
0.816123,1.96709,10.5859
1.00109,1.94798,10.6094
-0.794109,2.10534,10.6492
-0.596896,2.07703,10.6065
-0.421344,2.02417,10.5675
-0.101652,2.0955,10.584
0.202427,2.10173,10.5766
0.644204,2.04153,10.5906
-0.459231,2.19575,10.6529
-0.279882,2.14509,10.6181
0.0499076,2.19416,10.6339
0.477731,2.12438,10.6127
0.331743,2.23594,10.6522
0.287918,-2.43558,10.7599
0.493031,-2.38275,10.7572
-0.676778,-2.30181,10.7522
-0.493316,-2.28469,10.706
-0.315477,-2.34553,10.7277
-0.0314221,-2.33861,10.7027
0.154363,-2.31571,10.6905
0.347359,-2.27532,10.683
0.672774,-2.31053,10.7441
-0.792412,-2.16643,10.6943
0.52514,-2.2165,10.6767
0.696662,-2.14283,10.6617
0.849816,-2.23133,10.7272
1.0218,-2.15767,10.7163
-1.12542,-2.00032,10.6909
-0.969867,-2.10507,10.7041
-0.645855,-2.03479,10.7669
-0.459361,-2.05249,10.7661
-0.280305,-2.04127,10.7115
-0.0975904,-2.01676,10.6774
0.254017,-2.02072,10.7261
1.19711,-2.06517,10.6952
-1.2801,-1.89655,10.6694
-0.829234,-1.99679,10.7648
0.0782593,-1.95877,10.7064
0.38495,-1.88966,10.6985
0.751236,-1.97152,10.7629
1.34001,-1.94379,10.7043
-1.60941,-1.86767,10.7582
-1.45055,-1.81729,10.6726
-0.9435,-1.77051,10.6874
-0.766711,-1.83174,10.6946
-0.581774,-1.8575,10.7084
0.584376,-1.88161,10.6913
0.753552,-1.8011,10.6819
0.938608,-1.77615,10.7064
1.16415,-1.87953,10.7141
1.46092,-1.80089,10.6956
-1.70137,-1.70748,10.7262
-1.31342,-1.67931,10.7262
-1.12513,-1.74985,10.728
-0.639927,-1.68276,10.673
-0.342286,-1.6732,10.7285
0.340892,-1.65665,10.7133
0.60528,-1.66337,10.6802
1.11295,-1.68165,10.6925
1.29228,-1.75251,10.7644
1.59541,-1.66763,10.6979
-1.67875,-1.53188,10.6608
-1.16776,-1.57872,10.6645
-0.92831,-1.59085,10.7395
0.154202,-1.63751,10.7199
0.948431,-1.59636,10.6539
1.2632,-1.57049,10.7089
-1.85161,-1.50274,10.7277
-1.46907,-1.51645,10.7585
-1.30893,-1.45663,10.6813
-0.764496,-1.49887,10.6846
-0.581365,-1.45914,10.6793
-0.171532,-1.50295,10.6994
0.0104921,-1.52467,10.6592
0.42679,-1.49207,10.6891
0.718802,-1.41929,10.744
1.41393,-1.41952,10.7184
-1.45404,-1.33888,10.6955
-0.987056,-1.39277,10.7281
-0.822177,-1.31963,10.6626
-0.0565137,-1.34409,10.695
0.291421,-1.37819,10.7516
0.510268,-1.30727,10.7389
0.892472,-1.36893,10.6936
1.06978,-1.3007,10.7364
1.93581,-1.31398,10.7105
-1.99186,-1.22376,10.7016
-1.59487,-1.21602,10.7124
-1.14321,-1.24712,10.7406
-0.955137,-1.18207,10.6681
-0.460061,-1.20657,10.7401
0.357342,-1.20174,10.7675
1.25959,-1.25302,10.7468
-1.29773,-1.12416,10.74
-0.740946,-1.11707,10.7017
-0.280963,-1.15803,10.7069
0.0390466,-1.16679,10.691
0.677353,-1.08074,10.7452
1.00341,-1.11637,10.6612
1.18357,-1.08042,10.6978
1.39581,-1.1493,10.6633
1.58502,-1.12234,10.6793
1.78212,-1.08052,10.75
2.0152,-1.14771,10.6763
-2.15041,-0.945084,10.6999
-1.23737,-0.953447,10.6685
-0.895306,-1.01426,10.7282
-0.550389,-1.04396,10.6697
0.505125,-1.00724,10.7274
0.876709,-0.993154,10.7321
2.13531,-1.00489,10.6919
-1.81328,-0.830791,10.6932
-1.35972,-0.847372,10.7623
-0.957791,-0.846251,10.6753
-0.652074,-0.897539,10.7375
-0.215397,-0.883245,10.6765
-0.0547883,-0.935815,10.77
1.34236,-0.930339,10.6685
1.76431,-0.916671,10.6613
1.9202,-0.922692,10.7652
2.19417,-0.825233,10.7022
-2.15319,-0.759416,10.6738
-1.65599,-0.741263,10.7395
-0.713761,-0.738929,10.6591
0.21134,-0.82147,10.6546
1.0263,-0.746026,10.6671
1.53707,-0.822261,10.7534
1.89767,-0.738657,10.719
-2.01387,-0.661348,10.7517
-1.82477,-0.647362,10.6568
-1.39696,-0.680376,10.6856
-1.20866,-0.646911,10.7662
-1.04458,-0.680374,10.6794
-0.161057,-0.67698,10.6866
0.877953,-0.601601,10.7012
1.4034,-0.680789,10.7138
1.76339,-0.608052,10.7159
2.25433,-0.648209,10.714
-1.93056,-0.500043,10.7041
-1.55169,-0.585213,10.7303
-0.872993,-0.547189,10.7217
1.25521,-0.556898,10.7398
1.57565,-0.574315,10.7258
1.96331,-0.512135,10.7239
-2.27195,-0.437711,10.715
-1.63557,-0.418519,10.7438
1.0533,-0.44357,10.6631
1.22719,-0.372864,10.6927
2.0826,-0.363184,10.731
2.2933,-0.382613,10.7001
-2.25925,-0.249226,10.6854
-2.01687,-0.340484,10.7541
-1.69577,-0.241405,10.7401
-1.47885,-0.348959,10.6675
-1.09299,-0.285459,10.7085
0.799213,-0.306123,10.6909
1.35295,-0.238735,10.7324
1.76003,-0.294341,10.7652
1.90932,-0.343327,10.6622
-1.51947,-0.161741,10.7101
-0.934805,-0.129546,10.6578
1.58179,-0.198232,10.6634
1.99759,-0.182136,10.6997
2.38784,-0.218336,10.7621
-2.3662,-0.108599,10.7474
-1.96711,-0.0599337,10.6796
-1.70796,-0.054578,10.7435
-1.33893,-0.0199098,10.6943
1.10883,-0.0789614,10.6792
1.29595,-0.0177332,10.768
2.10111,-0.0312422,10.7434
2.2712,-0.101921,10.6727
-2.34836,0.0765332,10.7262
-2.08461,0.0749638,10.7355
-1.57231,0.074415,10.7509
-1.13662,0.00204671,10.7474
1.59888,0.0661578,10.6806
2.36135,0.047712,10.7403
-1.94143,0.164513,10.6547
-1.23881,0.144692,10.6789
1.29488,0.173421,10.7648
1.68493,0.231105,10.7199
2.01425,0.13372,10.7248
2.39812,0.229177,10.7684
-2.37035,0.262479,10.7354
-2.08182,0.268337,10.7232
-1.9254,0.351248,10.6579
-1.60576,0.258692,10.743
-1.28917,0.303842,10.7672
-1.12611,0.294134,10.6663
1.12724,0.255147,10.7024
1.4718,0.245476,10.6855
2.23499,0.254405,10.6545
-1.61565,0.445803,10.7346
-1.17869,0.45612,10.7599
1.61589,0.406945,10.7254
1.94483,0.419604,10.6741
2.0985,0.357618,10.7626
2.33278,0.398988,10.7238
-2.26013,0.532495,10.6887
-2.01084,0.4953,10.7419
1.11979,0.553717,10.7443
1.82458,0.553369,10.7278
2.04579,0.555502,10.7546
-2.32538,0.689928,10.7666
-1.91964,0.703482,10.7113
-1.51159,0.601156,10.7198
-1.07552,0.695031,10.7551
-0.891575,0.634868,10.7355
1.25733,0.701415,10.7623
1.4468,0.657547,10.7621
1.62884,0.591458,10.7566
2.29029,0.625325,10.7181
-2.18176,0.797729,10.7132
-1.40507,0.75511,10.7012
-0.942038,0.818323,10.7101
-0.524806,0.805385,10.7366
0.85379,0.726332,10.7393
1.03262,0.794014,10.7241
1.59873,0.776267,10.753
1.96598,0.722389,10.7254
2.19956,0.788714,10.7025
-1.85104,0.892605,10.6982
0.121657,0.828153,10.6941
0.370715,0.829048,10.7522
0.730211,0.874435,10.7331
1.30952,0.892107,10.7358
1.83924,0.861489,10.696
2.04225,0.886516,10.6751
-2.18532,0.978155,10.764
-2.02305,1.01981,10.6799
-1.73159,1.04898,10.6906
-1.39446,0.946687,10.7443
-1.21858,0.99098,10.6975
-0.857976,0.975098,10.7693
-0.667958,0.992086,10.7237
-0.125149,0.968859,10.6819
0.634292,1.01555,10.6569
1.77608,1.03685,10.7245
2.14473,1.02951,10.7499
-0.966189,1.14215,10.6953
-0.455047,1.12336,10.7572
0.320295,1.06646,10.7007
0.497422,1.11347,10.7431
0.790956,1.07386,10.7452
0.980709,1.06654,10.6618
1.23601,1.17131,10.7626
1.60541,1.09055,10.6685
2.00617,1.14799,10.7062
-2.00609,1.25545,10.7332
-1.57478,1.22298,10.6951
-0.81861,1.25746,10.702
-0.636238,1.17748,10.7528
-0.324972,1.2797,10.7702
0.883221,1.22488,10.6834
-1.8533,1.35432,10.6782
-1.68468,1.3579,10.7646
-1.50246,1.39076,10.736
-1.32645,1.34852,10.6598
-1.00282,1.37368,10.7613
-0.164308,1.40536,10.7705
0.158794,1.29765,10.7501
0.331513,1.39278,10.6621
0.839827,1.40456,10.7155
1.05947,1.35732,10.7415
1.4958,1.31422,10.6808
1.7247,1.30755,10.7327
1.90521,1.35657,10.718
-1.74253,1.51761,10.6855
-0.866994,1.49335,10.7128
-0.503976,1.44826,10.6768
-0.314437,1.45431,10.6533
0.162251,1.47356,10.6662
0.485405,1.49262,10.7032
1.37995,1.45906,10.7061
1.78056,1.49654,10.7061
-1.39609,1.54394,10.7513
-1.21228,1.55707,10.718
-0.649572,1.55426,10.7317
-0.375777,1.63182,10.7355
-0.193348,1.58402,10.72
-0.0133145,1.53593,10.6968
0.312024,1.56347,10.7373
0.649742,1.57158,10.7552
0.846782,1.63201,10.7667
1.34236,1.63442,10.7597
-1.73489,1.69384,10.7502
-1.56158,1.69689,10.6787
-1.0909,1.69983,10.722
0.131737,1.64712,10.7405
0.332408,1.74979,10.7358
1.04205,1.71353,10.7148
1.54816,1.76387,10.7138
1.71515,1.67015,10.7353
-1.61037,1.8615,10.7553
-1.43255,1.83241,10.6902
-0.980982,1.85394,10.7405
-0.797911,1.80437,10.6975
-0.13422,1.84318,10.6536
0.699054,1.87249,10.7029
0.878414,1.80334,10.693
1.21746,1.77411,10.7605
1.37259,1.79525,10.6567
-1.30122,1.9639,10.7137
-1.12482,1.93934,10.6554
-0.671968,1.93812,10.7351
-0.485225,1.94935,10.727
-0.305433,1.9083,10.6936
-0.00247153,1.96873,10.7007
0.430228,1.89971,10.6803
0.891515,1.98654,10.7564
1.09724,1.91751,10.7673
1.28165,1.95315,10.6998
-1.17501,2.09816,10.7469
-0.970742,2.04504,10.666
-0.174815,2.03266,10.7446
0.148573,2.06691,10.7526
0.330208,2.05638,10.7061
0.695018,2.0493,10.7707
1.18063,2.10457,10.7441
-1.01845,2.20003,10.7598
0.647652,2.20954,10.6784
0.820038,2.13803,10.6627
1.00616,2.12231,10.6778
-0.8423,2.26119,10.7416
-0.65309,2.23676,10.6869
-0.306285,2.3074,10.71
-0.120848,2.25867,10.6761
0.171384,2.32055,10.7004
0.49421,2.31269,10.7127
0.797605,2.29981,10.7549
-0.490649,2.35627,10.7442
0.0028351,2.38967,10.7451
0.3336,2.40493,10.7419
-0.38265,-2.48548,10.8328
-0.0327593,-2.56654,10.8694
0.242201,-2.58301,10.8663
0.423557,-2.53366,10.8443
-0.812727,-2.39686,10.8401
-0.562521,-2.4379,10.8113
-0.165397,-2.44289,10.7868
0.105693,-2.47025,10.7872
0.636376,-2.46126,10.8494
0.812359,-2.38767,10.8426
-0.939462,-2.26544,10.7966
-0.0741882,-2.29727,10.8806
0.112852,-2.30921,10.8829
0.366864,-2.30509,10.8722
0.950499,-2.25295,10.8863
-1.13208,-2.15952,10.7898
-0.775544,-2.20105,10.8777
-0.565727,-2.18431,10.8468
-0.337059,-2.18395,10.8197
-0.153082,-2.14823,10.7988
0.0514869,-2.15858,10.7796
0.234447,-2.18955,10.8053
0.548233,-2.23302,10.8618
0.721314,-2.16097,10.8465
1.23208,-2.22056,10.8397
-1.28608,-2.0538,10.7712
-0.0405002,-2.00271,10.8553
0.142496,-2.03197,10.8836
0.405956,-2.11623,10.7809
0.581549,-2.04994,10.7768
0.894432,-2.0769,10.8278
1.11053,-2.07825,10.861
1.36984,-2.0978,10.8069
-1.6828,-1.98483,10.8845
-1.45678,-1.9762,10.7772
-1.17498,-1.89482,10.8417
-0.994488,-1.91433,10.7961
-0.369562,-1.8871,10.8332
0.497497,-1.91784,10.8806
1.00706,-1.9252,10.8056
1.24694,-1.94977,10.8669
1.50328,-1.96682,10.7937
1.66763,-1.98616,10.8819
-1.79798,-1.83955,10.8553
-1.35066,-1.8311,10.8304
-0.653858,-1.80201,10.8722
-0.139591,-1.85724,10.789
0.0561802,-1.78658,10.7772
0.235341,-1.83789,10.7993
0.661183,-1.83005,10.8551
0.848334,-1.84008,10.8575
1.13801,-1.77622,10.8684
1.42652,-1.81698,10.879
1.62908,-1.82785,10.7892
1.80023,-1.81008,10.8638
-1.86351,-1.66936,10.8123
-1.47823,-1.69441,10.8183
-1.21896,-1.70956,10.8854
-0.975299,-1.74292,10.8701
-0.773971,-1.67565,10.8035
-0.205418,-1.69325,10.855
0.482484,-1.75609,10.7867
0.817226,-1.65453,10.7825
0.996761,-1.65485,10.8369
1.76686,-1.64861,10.7747
1.93759,-1.66268,10.867
-2.01095,-1.56299,10.8592
-1.63396,-1.56764,10.8391
-1.29447,-1.54151,10.8517
-1.0801,-1.58893,10.8494
-0.50798,-1.60041,10.7777
-0.0365467,-1.6267,10.8092
0.642006,-1.64266,10.8627
1.42519,-1.62372,10.7928
1.58413,-1.53055,10.8266
-1.15687,-1.425,10.8008
-0.841254,-1.44628,10.8472
-0.666591,-1.52064,10.8429
-0.475718,-1.42228,10.8299
-0.316865,-1.52209,10.8369
0.390976,-1.52224,10.8709
0.56595,-1.45882,10.846
0.918554,-1.47852,10.8462
1.09413,-1.50327,10.7852
1.25904,-1.42344,10.8244
1.75552,-1.46252,10.7933
1.94096,-1.49013,10.7917
2.10583,-1.44248,10.8671
-2.00054,-1.39768,10.7709
-1.77133,-1.30806,10.8342
-1.61631,-1.39343,10.7723
-1.3051,-1.31072,10.8097
-0.646107,-1.33419,10.8193
-0.255564,-1.34621,10.7947
0.10325,-1.40643,10.774
1.5953,-1.3507,10.7743
-2.29924,-1.19994,10.8805
-2.14678,-1.28814,10.8143
-1.90751,-1.1828,10.8638
-1.45559,-1.20289,10.837
-0.99487,-1.20984,10.8489
-0.809928,-1.24121,10.8342
0.00783555,-1.26285,10.8515
0.195446,-1.24921,10.8495
0.886507,-1.19831,10.7823
1.43608,-1.25718,10.8114
1.75559,-1.25806,10.8033
1.92493,-1.1983,10.8576
2.10263,-1.27364,10.786
-2.10926,-1.10616,10.7884
-1.7509,-1.13191,10.7732
-1.09842,-1.06901,10.7808
-0.780773,-1.06036,10.8766
-0.613366,-1.14389,10.8365
1.07528,-1.14314,10.8378
1.25718,-1.08114,10.8702
1.59814,-1.17162,10.8595
2.22116,-1.1303,10.8095
-2.28409,-1.02831,10.8039
-1.87173,-0.988673,10.7754
-1.54785,-1.04845,10.785
-1.38884,-0.997656,10.8705
-0.349938,-1.04793,10.8441
1.46575,-1.02584,10.7872
1.64305,-0.967784,10.8056
2.03533,-1.04767,10.8443
2.29055,-0.956791,10.7946
-2.42302,-0.931447,10.8846
-2.28627,-0.841927,10.7775
-1.98936,-0.843949,10.7948
-1.68634,-0.922705,10.796
-1.20873,-0.924933,10.8524
-0.989251,-0.931437,10.8687
0.980923,-0.853228,10.8151
2.07865,-0.862706,10.8448
-2.42426,-0.745635,10.8602
-1.84915,-0.708637,10.8322
-1.49504,-0.741556,10.8363
-1.09236,-0.779038,10.831
-0.858686,-0.724738,10.7801
1.2183,-0.812498,10.7937
1.39034,-0.805229,10.8688
1.73062,-0.785288,10.7917
2.35745,-0.781652,10.7968
-2.19406,-0.658902,10.8266
1.58825,-0.688248,10.8744
2.06185,-0.681283,10.789
2.50736,-0.703456,10.8782
-2.36192,-0.580993,10.7959
-2.11166,-0.491,10.813
-1.93646,-0.55123,10.8847
-1.76555,-0.541857,10.8
-1.51552,-0.470664,10.8785
-1.35326,-0.534762,10.809
2.19567,-0.492265,10.8214
2.40422,-0.569886,10.7949
-2.43259,-0.409553,10.8243
-1.84678,-0.374503,10.8253
-1.08847,-0.449936,10.7997
1.42426,-0.403838,10.7849
1.61067,-0.407608,10.8032
1.81218,-0.464712,10.8272
2.4477,-0.3884,10.8132
-2.17883,-0.309239,10.8438
-1.40526,-0.278281,10.8255
1.53695,-0.239008,10.8419
1.92723,-0.307384,10.8487
2.26944,-0.328888,10.8786
2.54205,-0.238648,10.8754
-2.48029,-0.228415,10.8356
-2.09811,-0.155305,10.7737
-1.89975,-0.197963,10.7871
2.16211,-0.201599,10.7918
-2.51389,-0.0368301,10.8392
-2.21448,-0.0200691,10.8315
-2.01848,-0.0239482,10.8814
-1.45926,-0.0440963,10.843
1.50161,-0.0671184,10.7753
1.70694,-0.113206,10.7744
1.88962,-0.105334,10.8324
2.29689,-0.0836116,10.8575
2.48108,-0.0682131,10.8261
-1.87402,0.0568286,10.7925
-1.71089,0.0908802,10.8781
1.63189,0.0993377,10.8639
1.80169,0.0491589,10.7729
-2.4953,0.148454,10.8176
-2.22108,0.176535,10.8205
-1.99745,0.175959,10.868
-1.81002,0.232747,10.7894
-1.44169,0.19954,10.8126
1.8746,0.212057,10.8324
2.18332,0.126395,10.8062
2.52735,0.129843,10.8624
-2.51253,0.332829,10.846
1.55771,0.278224,10.8492
2.24726,0.294228,10.8608
-2.16995,0.438032,10.8229
-1.9591,0.359168,10.8605
-1.80099,0.419428,10.7803
-1.43676,0.440494,10.788
1.7942,0.37292,10.7773
1.95277,0.431186,10.8613
2.50208,0.364927,10.8455
-2.40884,0.478311,10.7892
1.31731,0.482665,10.7819
2.20961,0.494117,10.8283
2.43752,0.534716,10.7997
-2.46867,0.642453,10.8778
-2.13301,0.631239,10.7846
-1.72682,0.591203,10.7771
-1.4402,0.643808,10.8878
-1.28844,0.623869,10.7798
1.76236,0.683297,10.8526
2.53695,0.66876,10.8848
-1.99766,0.714589,10.8844
-1.79795,0.750044,10.8464
-1.60646,0.756574,10.7728
-1.36082,0.814582,10.8734
1.157,0.819839,10.8674
1.89498,0.818668,10.8696
2.08062,0.810832,10.8457
2.3933,0.765514,10.8127
-2.33467,0.869331,10.8204
-2.00179,0.886284,10.8097
-1.73899,0.927914,10.8444
-1.55115,0.920919,10.8439
-1.17435,0.852599,10.8195
0.918274,0.932923,10.7771
1.72048,0.897292,10.8405
2.28846,0.920486,10.8013
-1.88465,1.04348,10.8041
-1.05334,1.0013,10.7852
1.18181,1.0001,10.8194
1.3827,1.05687,10.7879
1.53839,0.952091,10.778
1.99299,0.976725,10.8465
-2.31187,1.07554,10.863
-2.15611,1.16027,10.7967
-1.6142,1.09676,10.8286
-1.43657,1.12631,10.7769
-1.25556,1.1125,10.8354
-0.759044,1.10033,10.8732
0.158667,1.10421,10.7882
1.05698,1.13959,10.8167
1.68395,1.0749,10.887
-1.78871,1.20282,10.7807
-1.52816,1.26436,10.872
-1.34383,1.27798,10.8358
-1.11213,1.22257,10.7809
-0.0508816,1.24976,10.7785
0.915916,1.25307,10.8658
1.57321,1.20648,10.8129
1.8388,1.18554,10.8201
2.20346,1.18543,10.8379
-2.1384,1.34272,10.8359
-1.90615,1.30678,10.8832
-1.20039,1.39618,10.8132
-0.797045,1.37856,10.8434
-0.611477,1.39061,10.8196
0.518394,1.33037,10.7992
0.702799,1.29419,10.8005
1.24072,1.36382,10.7923
1.40817,1.29933,10.8458
2.06831,1.30844,10.7969
-2.13369,1.52441,10.8847
-1.98786,1.43852,10.7781
-1.75002,1.49727,10.8717
-0.46037,1.50888,10.8491
0.441565,1.50246,10.8857
0.748415,1.46289,10.8712
1.62069,1.45145,10.7949
1.82076,1.47724,10.888
2.00198,1.48438,10.8155
-1.89078,1.59827,10.7914
-1.58946,1.54806,10.7892
-1.06445,1.55204,10.8344
-0.800672,1.64634,10.7983
-0.282681,1.56444,10.8836
1.012,1.5558,10.8116
1.1976,1.54123,10.8343
1.51876,1.60719,10.8183
1.88574,1.63153,10.8032
-1.30726,1.70561,10.7818
-0.965826,1.71123,10.8612
-0.541688,1.69464,10.7962
-0.238462,1.75483,10.7828
-0.0667855,1.68622,10.8138
0.487608,1.6595,10.7898
-1.86905,1.77339,10.8544
-1.45378,1.81893,10.8758
-1.18106,1.84322,10.8069
-0.772188,1.81649,10.8828
-0.587746,1.85576,10.8808
-0.406367,1.81859,10.8357
0.0647376,1.81693,10.7873
0.229353,1.81785,10.8767
0.549396,1.83807,10.813
0.782635,1.83293,10.8662
0.969391,1.81399,10.8572
1.37209,1.85708,10.8337
1.70318,1.83832,10.8164
1.87807,1.80476,10.8756
-1.74937,1.91687,10.8689
-1.47801,1.99316,10.7753
-0.847258,1.97621,10.789
-0.27431,1.94455,10.88
-0.0991435,1.88995,10.8417
0.386599,1.92326,10.8611
1.23288,1.98409,10.8783
1.54064,1.93139,10.7987
-1.03897,2.00462,10.8358
-0.355985,2.07641,10.7749
-0.0631029,2.09319,10.8832
0.508019,2.04004,10.7785
1.05452,2.07012,10.8786
1.39531,2.05168,10.8128
-1.34704,2.12025,10.818
-0.89591,2.13071,10.8834
-0.719613,2.12173,10.8203
-0.532438,2.12824,10.8117
-0.211585,2.19658,10.8279
0.060075,2.2196,10.8193
0.400479,2.18823,10.8192
0.584464,2.19572,10.8547
0.896313,2.16002,10.8329
1.2797,2.20572,10.8668
-1.21236,2.24431,10.858
-1.05469,2.34441,10.8738
-0.699951,2.32411,10.8459
0.236515,2.26517,10.8672
1.07195,2.24584,10.8023
-0.878745,2.40598,10.8551
-0.178217,2.42892,10.7748
0.642563,2.3999,10.7876
0.938901,2.36543,10.8591
-0.598031,2.48115,10.8548
-0.411514,2.49614,10.8419
-0.00579464,2.54602,10.8486
0.169985,2.4841,10.7921
0.319895,2.57994,10.851
0.482359,2.49381,10.8134
-0.113205,-2.69348,10.9838
0.0996425,-2.67116,10.9508
0.375768,-2.66881,10.966
-0.870857,-2.58099,10.9979
-0.697948,-2.53506,10.8967
-0.519749,-2.53573,10.9654
-0.233834,-2.58106,10.8945
0.77428,-2.53516,10.9527
-1.14931,-2.44503,11.0002
-0.977336,-2.43666,10.9254
-0.130405,-2.44824,10.9769
0.958872,-2.45226,10.9403
-1.29598,-2.32705,10.9781
-1.09028,-2.28492,10.9227
-0.913682,-2.27019,10.9839
-0.661563,-2.33823,10.9354
-0.443885,-2.31933,10.8946
-0.257175,-2.33038,10.9052
1.11079,-2.34903,10.9026
1.39325,-2.24161,10.9335
-1.68996,-2.13411,10.998
-1.3645,-2.17714,10.8885
-0.227439,-2.15818,10.9728
0.00928371,-2.1482,10.9622
0.243362,-2.22622,10.989
0.414828,-2.14939,10.9651
0.834396,-2.15562,10.9981
-1.53467,-2.09877,10.8987
-1.17773,-2.05523,10.9386
-0.982694,-2.10882,10.8911
-0.846388,-2.02256,10.9868
-0.667772,-2.06595,10.9506
-0.390891,-2.05572,10.9452
1.53009,-2.11734,10.9022
-1.35372,-1.98814,10.9334
-1.04251,-1.88339,10.9746
-0.534587,-1.94327,10.9023
-0.223763,-1.98868,10.8928
0.323557,-1.98562,10.8966
0.74057,-1.99328,10.9571
1.86717,-1.95999,10.9686
-1.5067,-1.87293,10.9256
-0.830868,-1.86031,10.8933
-0.281781,-1.81132,10.9804
-0.0554993,-1.77337,10.9343
0.113514,-1.85501,10.942
0.982445,-1.87926,10.9855
-1.79694,-1.68593,10.9867
-1.64071,-1.74471,10.8997
-1.38263,-1.716,10.9783
-0.476313,-1.74613,10.8953
0.123007,-1.66431,10.9027
0.310004,-1.69131,10.8948
0.486355,-1.68082,10.9601
0.858143,-1.6814,10.9632
1.65259,-1.67877,10.9206
-2.15932,-1.56634,10.9738
-0.859754,-1.60002,10.9529
-0.614779,-1.64604,10.9725
1.09843,-1.55805,10.9644
1.26023,-1.61773,10.8908
1.47638,-1.59231,10.9722
1.78673,-1.5349,10.9628
-1.79069,-1.48137,10.9036
0.74438,-1.49421,10.914
1.45275,-1.42028,10.9019
-2.2393,-1.40025,10.9328
-2.04486,-1.36821,10.9507
-1.5575,-1.34684,10.944
-1.38034,-1.40796,10.9512
-1.00656,-1.39007,10.9145
-0.173679,-1.40495,10.9528
0.98266,-1.30812,10.9023
1.67342,-1.38248,10.9415
1.86539,-1.36757,10.9117
-2.04205,-1.18576,10.9945
-1.1602,-1.28306,10.9249
-0.489139,-1.25915,10.9208
1.19389,-1.27023,10.9216
2.10212,-1.18722,10.9525
2.25171,-1.29316,10.8999
-2.44648,-1.10604,10.9502
-2.17916,-1.05986,10.9559
-1.6274,-1.17585,10.9074
-1.26979,-1.1309,10.9253
1.43464,-1.1265,10.946
1.76755,-1.17625,10.9714
2.37327,-1.07998,10.9094
-2.00749,-0.998756,10.9043
-1.79128,-1.05691,10.9404
1.86165,-1.02552,10.9105
2.18276,-0.988647,10.9446
-2.57794,-0.913042,10.9894
-2.14436,-0.870921,10.8968
-1.82617,-0.874261,10.9168
2.00396,-0.940885,10.9981
2.44976,-0.908675,10.9023
-2.5752,-0.72595,10.9695
-2.03621,-0.720689,10.9281
-1.6335,-0.816054,10.9415
-1.29709,-0.761013,10.9172
1.89281,-0.794822,10.8997
2.20766,-0.729225,10.8966
-2.27287,-0.625479,10.9937
-1.63465,-0.633194,10.8976
1.77396,-0.636046,10.9009
-2.66569,-0.506107,11.0002
-2.51551,-0.560433,10.9015
-2.08861,-0.555492,10.9996
2.02937,-0.533053,10.899
2.36078,-0.478699,10.9528
2.55371,-0.520112,10.8965
-2.27136,-0.459724,10.9063
-2.02023,-0.390563,10.9422
-1.72629,-0.44723,10.9568
2.66767,-0.39859,10.9864
-2.59083,-0.349283,10.928
-2.39374,-0.313546,10.9805
-1.83142,-0.253355,10.9676
-1.61795,-0.306128,10.8977
1.69775,-0.315777,10.9413
-2.61358,-0.154135,10.9467
-2.30317,-0.162302,10.9155
-2.01586,-0.203573,10.9351
1.38112,-0.147235,10.8941
1.83139,-0.190536,10.9892
-1.80617,-0.0793041,10.9024
2.63185,-0.0482708,10.9377
-2.66346,0.0305724,10.9326
-2.36644,0.0523707,10.914
-2.14173,0.0886726,10.9659
-1.88044,0.0778489,10.9787
1.96668,0.0580297,10.8895
-2.63781,0.216012,10.9221
-2.42964,0.221432,10.9773
2.05223,0.229701,10.8914
2.34037,0.122586,10.9112
-2.3172,0.346514,10.8943
-2.12805,0.293046,10.934
-1.66471,0.356198,10.8921
1.67398,0.464885,10.894
-2.57873,0.494914,10.9133
-2.33872,0.5219,10.9575
-2.04503,0.537127,10.9213
-1.8586,0.547707,10.9043
-1.59475,0.53465,10.8983
-2.62301,0.69724,10.9692
-2.23715,0.677608,10.9334
2.12342,0.6396,10.9089
2.31563,0.625337,10.9099
-2.3354,0.821911,11.0018
-1.64975,0.797841,10.9506
1.98709,0.724961,11.0052
-2.49785,0.82586,10.9024
-2.16436,0.846081,10.8954
-1.89298,0.930511,10.9557
2.4504,0.917625,10.9084
-2.4733,1.00843,10.9394
-2.07754,1.03166,10.9082
-1.93828,1.14246,10.9672
-1.76146,1.08516,10.9441
1.45143,1.14293,10.9405
2.01009,1.1583,10.8933
2.34553,1.07241,10.8954
-1.70585,1.27622,10.932
-1.19314,1.24851,10.9478
1.24722,1.24078,10.9364
2.11936,1.28653,10.9758
-2.06065,1.38497,11.0013
-1.06162,1.38522,10.9387
-0.309825,1.38519,10.9316
1.10791,1.39038,10.921
1.69755,1.3332,10.9186
1.92447,1.32361,10.9164
-2.27613,1.41553,10.9402
-1.9217,1.49866,10.9471
-1.54524,1.43994,10.9358
-1.35888,1.45239,10.9107
0.925426,1.4316,10.9229
1.37935,1.50001,10.8891
2.16289,1.45714,10.9108
-1.64763,1.58478,11.0022
-1.46263,1.6335,10.9022
-0.654778,1.59993,10.9134
2.0645,1.62942,10.9235
-2.02371,1.67606,10.8985
-1.6203,1.73447,10.8928
-1.17928,1.67547,10.9182
0.329527,1.66068,10.9006
0.539879,1.71963,10.9599
0.720396,1.65785,10.9056
1.11073,1.69622,10.8936
1.37682,1.69791,10.9331
1.73128,1.65518,10.9233
1.54507,1.77429,10.9008
-1.90241,1.91034,10.9783
-1.57619,1.95426,10.9302
-1.3225,1.95069,10.8993
-0.455557,1.98718,10.9081
0.0800757,1.97161,10.8989
0.609732,1.97562,10.9252
1.71589,1.98892,10.9269
0.273785,2.07053,10.8919
0.802615,2.01239,10.9195
1.55227,2.0809,10.9114
-1.52224,2.13153,10.8941
-0.659782,2.18505,10.9862
-0.346794,2.14766,10.9484
-1.38924,2.26284,10.9324
-0.824199,2.27567,10.978
-0.530759,2.30608,10.9244
-0.347288,2.32672,10.8919
-0.0825505,2.31541,10.8944
0.764725,2.24992,10.9324
1.16388,2.35274,10.9253
-1.25092,2.38739,10.9729
-0.211033,2.43008,10.9687
0.080991,2.3985,10.9332
0.376285,2.37968,10.9226
0.78367,2.46617,10.8918
-0.761546,2.52997,10.933
-0.354913,2.64181,10.9456
-0.176245,2.60219,10.903
0.148782,2.63652,10.904
-1.71781,-1.86361,11.0231
1.2493,-1.42811,11.0111
-1.97399,-0.8649,11.0318
-2.16677,-0.770589,11.0537
2.58683,-0.764097,11.0389
-2.68724,-0.666624,11.1118
-2.2446,-0.412865,11.0859
-2.17559,-0.248745,11.0234
-2.00883,0.394309,11.0376
-1.86392,0.699348,11.0147
-2.03248,0.827521,11.0299
-2.06062,1.57258,11.0504
-2.0573,1.81302,11.0224
-0.499645,2.10585,11.0481
1.68188,2.13765,11.0362
