x,y,z
-0.0554497,-0.250361,0.0459797
0.107664,-0.220715,0.0467456
-0.206795,-0.169339,0.0466675
-0.0858248,-0.140912,0.0443204
0.00468471,-0.171916,0.0456785
0.178805,-0.159856,0.0467267
-0.259128,-0.0801004,0.0460623
-0.166228,-0.0711372,0.0522399
0.0167869,-0.0802161,0.0458581
0.210144,-0.0717319,0.0463516
-0.0757663,-0.0484892,0.0455697
0.115744,-0.0458988,0.0457474
-0.271514,0.0120898,0.0459048
-0.182002,0.0388269,0.0459373
-0.0684967,0.0438292,0.0447542
0.0403515,0.00929663,0.0457838
0.133986,0.0475843,0.0461371
0.224077,0.0209562,0.0466803
-0.249827,0.103075,0.0459981
0.00867833,0.0968127,0.0466094
0.207965,0.113389,0.0467829
-0.0565514,0.163772,0.0457026
-0.196673,0.179934,0.0460271
-0.119517,0.232332,0.046059
0.059627,0.209553,0.0466835
0.151511,0.188392,0.0461288
-0.0281958,0.253085,0.0461456
0.0286094,-0.250013,0.0870953
-0.138261,-0.223383,0.0798258
0.0926459,-0.132039,0.0699702
-0.0256468,-0.00569197,0.111516
-0.123593,0.00359735,0.106615
-0.133543,0.115528,0.0668464
0.0922513,0.124123,0.0785285
-0.109652,-0.237562,0.167704
-0.0166695,-0.254394,0.167763
0.0749048,-0.23606,0.166097
-0.189012,-0.18856,0.167355
-0.0535172,-0.189499,0.115103
0.148158,-0.191399,0.12932
-0.239096,-0.125934,0.122839
-0.135276,-0.131027,0.119069
0.0322288,-0.158766,0.135108
0.206115,-0.118168,0.127113
-0.0429623,-0.0981161,0.114526
0.1298,-0.0831879,0.167458
-0.269969,-0.0339415,0.126304
-0.18253,-0.056063,0.147317
0.0592538,-0.0445152,0.119796
0.146325,-0.00440806,0.121725
0.234318,-0.0288657,0.125299
-0.185892,0.0353674,0.166929
0.0557862,0.0500934,0.126303
-0.26506,0.0591123,0.125899
-0.0593148,0.0951634,0.118938
0.137979,0.0791222,0.157595
0.225487,0.068586,0.127107
-0.226457,0.144267,0.126175
-0.141236,0.120155,0.160002
0.00476493,0.161627,0.113234
0.0765103,0.146426,0.167217
0.182587,0.154697,0.12694
-0.159856,0.209889,0.126205
0.111845,0.218715,0.124582
-0.0742429,0.247163,0.126197
0.0244135,0.250839,0.12303
-0.128685,-0.132439,0.210379
-0.0302483,-0.169004,0.203394
0.0761233,-0.140816,0.215595
0.18131,-0.155973,0.209495
-0.258417,-0.0831054,0.203444
0.00970423,-0.0844226,0.187667
0.224404,-0.0727389,0.206764
-0.0935568,-0.0496336,0.174176
0.0906787,-0.00199228,0.195453
-0.271248,0.0131417,0.20659
-0.0947833,0.0432345,0.186343
-0.0112052,0.00456598,0.202844
0.218617,0.0207942,0.207194
-0.249474,0.103775,0.206165
0.00266689,0.0947036,0.187086
0.208258,0.11394,0.207032
-0.0619274,0.167385,0.176787
-0.196025,0.180318,0.206424
-0.119145,0.233054,0.206406
0.148815,0.190937,0.205973
-0.0259077,0.253688,0.204917
0.0683771,0.238908,0.204444
-0.0633194,-0.249862,0.24672
0.0303864,-0.24918,0.246843
-0.150105,-0.215819,0.246895
0.116896,-0.216086,0.246523
-0.219668,-0.154071,0.247285
-0.0780046,-0.160934,0.282672
0.0127953,-0.137162,0.284062
-0.140184,-0.0850453,0.288253
-0.0560478,-0.0756885,0.25173
-0.26973,-0.0360508,0.285432
-0.191755,-0.0272605,0.235489
0.046083,-0.0465607,0.26405
0.14953,-0.043646,0.253488
0.233852,-0.0232296,0.288304
-0.111739,0.00391432,0.267911
0.0488068,0.0528657,0.256551
0.141783,0.0566653,0.247083
-0.264351,0.0596447,0.28677
-0.176959,0.0693397,0.252272
-0.0316061,0.0987669,0.272026
0.224971,0.0696359,0.287655
-0.226146,0.144808,0.286614
-0.114129,0.138192,0.247889
0.0102418,0.173429,0.234909
0.0923986,0.135039,0.256259
0.18041,0.155036,0.286078
-0.159421,0.210278,0.286511
0.109882,0.219717,0.285706
-0.0727913,0.24738,0.285314
0.0219672,0.251018,0.284627
-0.108586,-0.23759,0.326377
-0.0166185,-0.254308,0.3256
-0.188012,-0.188696,0.32658
0.0634317,-0.205056,0.324149
0.156449,-0.183427,0.321502
-0.245061,-0.114807,0.326721
-0.0303254,-0.0738262,0.337639
0.104609,-0.11035,0.298867
0.208272,-0.113115,0.289355
0.0649756,-0.00773654,0.345935
-0.188135,0.0136928,0.325563
-0.0230669,0.00851031,0.294873
0.153995,0.0127418,0.327245
-0.149132,0.11073,0.329944
0.0255369,0.0763472,0.343066
0.118845,0.0980395,0.335596
-0.0705712,0.163825,0.326489
0.023036,0.167382,0.326182
-0.0626373,-0.249769,0.405184
0.0331085,-0.248563,0.402067
-0.150043,-0.216682,0.406051
0.119248,-0.212978,0.400736
-0.220077,-0.154583,0.405796
-0.117942,-0.139324,0.363886
-0.0290095,-0.169247,0.361311
0.1871,-0.148464,0.400077
-0.261934,-0.0704513,0.406268
-0.177713,-0.0678741,0.369031
0.045298,-0.112995,0.369702
0.132961,-0.063661,0.375006
0.225609,-0.0688829,0.369643
-0.104359,-0.0108239,0.358006
-0.271615,0.0128325,0.366557
-0.0171541,0.00393034,0.387115
0.234499,0.0241463,0.369698
-0.249483,0.104469,0.366975
-0.0671907,0.074703,0.353129
0.207,0.11595,0.366595
-0.0231593,0.171192,0.406513
0.07296,0.144898,0.401798
-0.196079,0.181039,0.366904
-0.118058,0.233125,0.36596
0.148177,0.191361,0.365733
-0.0253473,0.253888,0.36473
0.0671982,0.239289,0.36537
-0.0744904,-0.162995,0.442576
0.0189457,-0.165578,0.440818
0.104856,-0.124151,0.438056
-0.151792,-0.110525,0.447139
-0.0729709,-0.0733797,0.418161
-0.172091,-0.018802,0.445807
0.0611489,-0.0402487,0.434573
0.234354,-0.0224396,0.450122
-0.0908149,0.0396128,0.43459
0.140726,0.0524618,0.41244
-0.262775,0.0593053,0.447166
-0.175912,0.0660091,0.407689
0.00452554,0.0864768,0.432551
0.224334,0.0732237,0.447751
-0.226112,0.145415,0.447171
-0.110549,0.139047,0.409962
0.171475,0.149928,0.44576
-0.158754,0.210783,0.446372
0.10954,0.219595,0.445787
-0.0721597,0.247743,0.44514
0.0214323,0.250698,0.445223
-0.107368,-0.238163,0.485348
-0.0133349,-0.254133,0.482338
-0.187132,-0.188555,0.485641
0.0782917,-0.234376,0.481224
0.156924,-0.184418,0.48125
-0.02602,-0.171119,0.521911
0.0652848,-0.149958,0.518932
-0.244469,-0.114574,0.485904
-0.0103675,-0.0868543,0.483902
0.13071,-0.0836739,0.51772
0.210949,-0.107754,0.478108
-0.270566,-0.0246024,0.486166
-0.0948524,-0.0288821,0.496077
-0.191449,0.0307211,0.520288
-0.0104866,0.00666325,0.477789
0.153438,0.00137293,0.488465
-0.151503,0.108353,0.487941
-0.0727429,0.070867,0.519566
0.0994096,0.100502,0.48065
-0.0650932,0.165308,0.48899
0.0308436,0.165154,0.482214
-0.0590855,-0.250054,0.562722
0.0343529,-0.248574,0.561085
-0.149188,-0.21776,0.564913
0.120477,-0.21188,0.561011
-0.219406,-0.15525,0.565434
-0.11435,-0.14153,0.524616
0.187936,-0.146846,0.559558
-0.259949,-0.0702874,0.565843
-0.174468,-0.0672959,0.525942
-0.0584575,-0.0781732,0.564521
0.0347989,-0.0738237,0.562818
0.227607,-0.0604682,0.555262
-0.271019,0.0226094,0.566225
-0.106244,0.00867775,0.579191
-0.0144975,0.00453951,0.56832
0.0693907,0.00494129,0.527316
0.233545,0.0283096,0.528447
-0.248625,0.1045,0.527763
0.0184087,0.0828401,0.524066
0.136881,0.0656326,0.561291
-0.106936,0.142718,0.569083
-0.0113224,0.171899,0.565187
0.0779017,0.144138,0.56016
0.205899,0.118435,0.526675
-0.195058,0.181371,0.526946
-0.117108,0.233338,0.525811
0.148596,0.192062,0.525658
-0.0257811,0.253946,0.525102
0.0667235,0.239302,0.525735
0.0796714,-0.233773,0.640707
0.158154,-0.182678,0.640391
-0.0697851,-0.162192,0.603266
0.0234927,-0.165686,0.600547
0.105164,-0.120598,0.598265
-0.149171,-0.111202,0.605135
0.213834,-0.103078,0.636479
-0.187153,-0.0258115,0.607662
0.0683188,-0.0293101,0.637111
0.147462,-0.0238789,0.586564
0.234727,-0.0121707,0.633973
0.0544479,0.0557724,0.604498
-0.166381,0.0762058,0.596362
-0.0326265,0.0894035,0.601963
0.223444,0.076127,0.607752
-0.225453,0.146714,0.607685
0.180094,0.158688,0.606515
-0.158104,0.211446,0.60642
0.109407,0.21957,0.605876
-0.0720322,0.247993,0.605419
0.0212574,0.250785,0.605551
-0.104247,-0.239149,0.642611
-0.0115187,-0.254258,0.641363
-0.186116,-0.190245,0.644924
-0.111159,-0.142007,0.684046
-0.0225152,-0.172412,0.682444
0.0681181,-0.147882,0.67942
-0.244177,-0.115069,0.645037
-0.175882,-0.0691146,0.689431
-0.0102676,-0.0901752,0.642217
0.133756,-0.0812615,0.677033
-0.270982,-0.0247716,0.6461
-0.0947863,-0.0505127,0.648273
-0.185999,0.028978,0.682548
-0.0177557,0.000860142,0.659537
0.152679,0.0128366,0.671464
-0.26162,0.0696654,0.645442
-0.0991239,0.0601703,0.659414
0.0129682,0.0850418,0.683304
0.123687,0.0982928,0.648067
-0.16734,0.121087,0.676115
-0.0611566,0.165585,0.647418
0.0399205,0.162957,0.642186
0.205227,0.120095,0.687573
-0.116969,0.233798,0.685649
0.147047,0.192891,0.686681
-0.0258517,0.253404,0.685639
0.0663278,0.239825,0.686161
-0.0574909,-0.250858,0.721495
0.0358503,-0.24774,0.720607
-0.145455,-0.22003,0.722752
0.121948,-0.211335,0.72006
-0.218954,-0.15546,0.724203
0.190726,-0.143254,0.717124
-0.261328,-0.0720524,0.72531
-0.0526925,-0.0804298,0.724217
0.0394319,-0.0676064,0.716713
0.106639,-0.115898,0.758621
-0.103951,-0.00252407,0.727377
0.147752,-0.0308618,0.753702
0.228325,-0.0575615,0.715091
-0.270473,0.0227817,0.725373
-0.0138396,0.000843077,0.751176
0.0708712,0.0201708,0.716219
0.232927,0.0354734,0.713615
-0.245227,0.113174,0.726001
0.143983,0.0701703,0.744704
-0.0999527,0.154645,0.73134
-0.00628175,0.169979,0.723173
0.0818449,0.135848,0.721142
-0.185434,0.192013,0.731632
-0.102037,-0.239846,0.802057
-0.00983038,-0.253887,0.800714
-0.18399,-0.192618,0.801586
0.0815144,-0.232731,0.800016
0.160978,-0.179561,0.797653
-0.0668054,-0.163924,0.762934
0.0266599,-0.164318,0.760755
-0.243865,-0.116627,0.804534
-0.146712,-0.114604,0.765372
-0.00696518,-0.0884216,0.803095
0.213905,-0.10172,0.795775
-0.27067,-0.0258937,0.804848
-0.187718,-0.014825,0.764889
-0.0923121,-0.0512085,0.806018
0.0649445,-0.0285476,0.79652
0.235047,-0.0105112,0.794468
-0.0977453,0.0418699,0.812547
-0.262633,0.0681773,0.805607
-0.165075,0.077908,0.758776
-0.0392846,0.0902185,0.759421
0.0422441,0.0622572,0.794314
0.222292,0.0817952,0.792969
-0.221092,0.152088,0.807161
-0.0480561,0.169674,0.806971
0.0445734,0.160791,0.801021
0.178942,0.159928,0.76771
-0.147759,0.21864,0.812112
0.108099,0.220319,0.766516
-0.0730211,0.248062,0.765435
0.0201015,0.250916,0.766135
-0.107453,-0.143846,0.843665
-0.018281,-0.171684,0.842013
0.0708647,-0.144493,0.839299
-0.177143,-0.0649407,0.843099
0.135039,-0.0748696,0.837447
-0.0193695,-0.00411509,0.842102
0.229242,-0.0561551,0.874813
-0.185332,0.033766,0.844263
0.0684529,0.0218616,0.873858
0.151592,0.021158,0.830109
0.232522,0.0373698,0.874163
-0.0269412,0.0886794,0.853486
0.117339,0.107944,0.826262
-0.128486,0.1289,0.827246
0.202933,0.125469,0.87199
0.146009,0.194248,0.847528
-0.027476,0.253317,0.846271
0.0649025,0.239954,0.846386
-0.0560396,-0.251115,0.881058
0.0375819,-0.247399,0.879795
-0.144977,-0.220452,0.881082
0.125091,-0.20904,0.878256
-0.215772,-0.159654,0.881401
-0.0634001,-0.165246,0.922408
0.0302773,-0.164422,0.920543
0.191467,-0.141819,0.876389
-0.260887,-0.0728295,0.884376
-0.14708,-0.109662,0.919494
-0.0523057,-0.0805572,0.88491
0.0397528,-0.0661754,0.878737
0.108742,-0.113354,0.918254
-0.115369,-0.0109906,0.886757
0.152184,-0.0222685,0.912327
-0.270133,0.0203867,0.885027
-0.0165078,0.00112947,0.933236
-0.246673,0.110814,0.88646
-0.158373,0.096282,0.907889
0.0522912,0.101968,0.916472
0.139679,0.0700764,0.90883
-0.0823912,0.148915,0.906239
0.00390805,0.172679,0.882306
-0.190256,0.186186,0.888134
0.0879531,0.188427,0.919528
-0.106178,0.23843,0.893688
0.0196909,0.251765,0.926348
-0.101628,-0.240041,0.960725
-0.00785536,-0.252953,0.96006
-0.182689,-0.193481,0.960918
0.0844373,-0.231445,0.958398
0.162478,-0.177987,0.957046
-0.242271,-0.12166,0.961166
-0.182555,-0.0597613,0.988703
0.000984123,-0.0862814,0.961517
0.214994,-0.100055,0.95521
-0.270489,-0.0275971,0.964458
-0.089888,-0.0520369,0.965759
0.0701239,-0.0241117,0.954946
0.235041,-0.00844933,0.954427
-0.191479,0.0143813,0.935173
-0.0934349,0.0480249,0.954794
0.150989,0.0270677,0.990223
-0.263078,0.065412,0.966118
-0.00983095,0.079992,0.982079
0.11085,0.111282,0.987305
0.220621,0.0850404,0.95415
-0.223052,0.150059,0.967143
0.0162783,0.169248,0.97351
0.172975,0.168077,0.948665
-0.154879,0.213979,0.969293
-0.0591548,0.250843,0.976351
-0.0553443,-0.251323,1.03946
0.0406708,-0.246605,1.03852
-0.14406,-0.221095,1.04016
0.126899,-0.207755,1.03765
-0.215108,-0.160136,1.04062
-0.112822,-0.14395,0.998721
-0.0154983,-0.169339,1.00152
0.0731194,-0.142207,0.999478
0.192581,-0.140076,1.036
-0.25954,-0.0778684,1.04126
-0.0491221,-0.0901579,1.03948
0.136767,-0.073623,0.996814
0.046336,-0.0548887,1.03869
0.229733,-0.054565,1.0347
-0.249235,0.0151399,1.04384
-0.130912,0.00424854,1.0286
-0.0379962,0.000542376,1.02318
0.0638966,0.0391042,1.0224
0.232585,0.0386462,1.0343
-0.247591,0.108179,1.04664
-0.165407,0.0860521,0.999178
-0.0819928,0.0812472,1.04061
-0.0825249,0.163677,0.998166
0.197243,0.133575,1.03061
-0.190934,0.181612,1.04903
-0.114418,0.235147,1.05043
0.120369,0.212154,1.01246
0.0253225,0.250505,1.01768
-0.0523528,-0.17027,1.08564
-0.141291,-0.0861138,1.06703
0.0116412,-0.105853,1.10783
0.110192,-0.110892,1.07796
-0.182275,-0.00843298,1.10407
0.15149,-0.0199765,1.06977
1.84803e-05,0.0543941,1.08789
-0.160279,0.091134,1.09018
0.136417,0.074572,1.06885
0.219076,0.0902042,1.10962
-0.0935387,0.156115,1.09509
-0.012472,0.139348,1.05382
0.0783898,0.147993,1.06536
-0.0300008,0.224223,1.08696
0.156622,0.183806,1.09827
0.0745498,0.236088,1.09446
-0.101037,-0.240389,1.11943
-0.00661937,-0.252677,1.11767
-0.182061,-0.194414,1.11985
0.0788112,-0.214308,1.11638
-0.241431,-0.122047,1.1207
-0.0992313,-0.148963,1.16328
-0.00959431,-0.174167,1.16749
0.0795043,-0.134441,1.16359
0.164378,-0.175977,1.1165
-0.166172,-0.0828313,1.15696
-0.0720122,-0.0687747,1.12596
0.138815,-0.0624911,1.15102
0.216097,-0.0982521,1.11572
-0.270017,-0.032994,1.12209
-0.0182268,-0.000891743,1.15992
0.0704065,-0.00145476,1.11119
0.23521,-0.00735195,1.11489
-0.0949982,0.0243215,1.11224
0.154761,0.0289227,1.1465
-0.260148,0.0598931,1.12485
-0.0495979,0.096974,1.15285
0.073862,0.0880519,1.13683
-0.224849,0.146469,1.12879
0.0175162,0.162221,1.13728
-0.158708,0.212305,1.13044
-0.0788958,0.24612,1.16302
0.0143253,0.251813,1.16339
-0.0534326,-0.251394,1.19702
0.0431427,-0.246068,1.19544
-0.143022,-0.221938,1.19894
0.128091,-0.207007,1.19537
-0.21424,-0.161891,1.19961
0.194258,-0.138395,1.19584
-0.259414,-0.0806703,1.20154
-0.0278177,-0.0842976,1.2066
-0.10361,-0.0164649,1.19438
0.0563638,-0.0471589,1.19077
0.229885,-0.0520771,1.19653
-0.271613,0.011581,1.20405
-0.175172,0.0542458,1.17197
0.232752,0.0413404,1.19385
-0.250309,0.101752,1.20669
-0.100926,0.0701187,1.22635
0.0182581,0.0696975,1.20942
0.121223,0.0759587,1.21641
-0.1176,0.15009,1.1843
-0.0309435,0.163875,1.21631
0.0664706,0.149286,1.21375
0.188923,0.145713,1.17639
-0.198346,0.179524,1.21619
0.115203,0.216753,1.17529
-0.0983236,-0.240925,1.27704
-0.00452305,-0.248943,1.27494
-0.180631,-0.196058,1.2786
0.0872393,-0.230337,1.27481
-0.239905,-0.125031,1.28075
-0.0578185,-0.163204,1.24612
0.0370775,-0.157975,1.24521
0.165022,-0.175601,1.27501
-0.123148,-0.0968534,1.2369
0.0318648,-0.0710616,1.27711
0.122163,-0.0952538,1.23499
0.216753,-0.0978793,1.27677
-0.26951,-0.0373447,1.283
-0.189052,-0.0277455,1.22911
-0.118024,-0.000490976,1.28365
0.154771,-0.00886131,1.23128
0.235795,-0.00340575,1.27632
-0.0294086,0.00183037,1.2523
0.068798,0.0123528,1.26135
-0.186558,0.0592635,1.26165
0.20817,0.104962,1.25647
-0.129177,0.142722,1.27825
-0.124846,0.229692,1.24261
0.155334,0.186163,1.25288
-0.0348962,0.252841,1.2444
0.0575621,0.24167,1.24448
-0.116097,-0.143093,1.31613
-0.0232386,-0.164519,1.33291
0.094347,-0.13099,1.31332
-0.173443,-0.0692966,1.31182
-0.0580456,-0.0735022,1.2992
-0.0155617,-0.00423195,1.34417
0.14613,-0.0529915,1.31312
-0.267513,0.0518416,1.30508
0.143042,0.0387408,1.31004
-0.0433003,0.106504,1.28828
0.0347701,0.0715924,1.32444
0.226816,0.0661277,1.33821
-0.232111,0.136039,1.28981
0.0261739,0.168297,1.29341
0.10625,0.121504,1.29428
0.186256,0.149939,1.33389
-0.17937,0.197096,1.33548
0.104878,0.222086,1.32125
-0.0975374,0.241797,1.33442
0.0108292,0.25295,1.32455
-0.0506604,-0.251343,1.35487
0.0426767,-0.246002,1.35407
-0.140357,-0.223279,1.35699
0.127701,-0.207615,1.35388
-0.212087,-0.164771,1.3594
0.0467136,-0.137375,1.38876
0.178967,-0.129726,1.35521
-0.258129,-0.08426,1.36233
-0.0340935,-0.0895616,1.38787
-0.197769,-0.0173489,1.38564
-0.107591,-0.035293,1.36821
0.066491,-0.0460547,1.35907
0.14869,-0.00515072,1.3925
0.23206,-0.0378111,1.36319
-0.268117,0.0467382,1.39721
-0.0876739,0.0543115,1.35119
0.06516,0.0356481,1.40403
-0.180207,0.066353,1.35154
-0.017709,0.0944021,1.39733
0.139366,0.0897573,1.38627
-0.234247,0.134673,1.38157
-0.125133,0.135514,1.37538
-0.0424881,0.171596,1.35443
0.0677238,0.148407,1.37403
0.14314,0.196271,1.40092
-0.0359673,0.25149,1.40386
0.0614288,0.241225,1.4007
-0.0957757,-0.24206,1.43448
-0.00284727,-0.25329,1.43412
-0.178093,-0.197726,1.43863
0.086542,-0.230704,1.43403
0.162722,-0.177944,1.43324
-0.103501,-0.15297,1.40614
-0.0205826,-0.16276,1.44399
-0.18028,-0.10177,1.41766
-0.100264,-0.0720256,1.4518
0.0359105,-0.0635987,1.44366
0.122316,-0.0909951,1.41822
0.216325,-0.0965389,1.43428
-0.270425,-0.0363818,1.44048
-0.188145,0.0550352,1.44283
-0.0190847,0.00971413,1.43644
0.233513,0.0341532,1.42316
-0.0948522,0.0617034,1.44331
0.0838625,0.110248,1.4571
-0.0713171,0.153724,1.4463
0.0178631,0.175252,1.44784
0.201963,0.126698,1.44452
-0.182177,0.194255,1.42899
-0.107692,0.238253,1.46053
-0.0493888,-0.252309,1.51242
0.0425741,-0.246747,1.51509
0.126356,-0.208253,1.51397
-0.233723,-0.135505,1.48418
-0.0958478,-0.174128,1.49618
0.0674716,-0.144866,1.47884
-0.153513,-0.106844,1.52109
-0.0283134,-0.0854609,1.50655
0.0852403,-0.061725,1.52083
0.154474,-0.117614,1.50072
-0.187018,-0.030662,1.47857
-0.105989,-0.00238631,1.51175
0.210424,-0.0225301,1.49079
-0.268631,0.0428124,1.49022
0.0685529,0.0259722,1.49596
0.153695,0.04829,1.4679
-0.000699785,0.0868119,1.48658
0.223655,0.077017,1.52123
-0.23686,0.128892,1.47342
-0.145322,0.121366,1.49131
0.150177,0.189821,1.49161
-0.0227117,0.253738,1.49622
0.0694957,0.238591,1.49281
-0.110748,-0.236739,1.57579
-0.179846,-0.196162,1.53051
-0.232453,-0.136165,1.57768
-0.00771573,-0.171691,1.53401
0.0726532,-0.144279,1.57167
0.175246,-0.164744,1.57697
-0.264525,-0.0616091,1.53047
0.220822,-0.0865099,1.55613
-0.185251,-0.036379,1.57128
-0.271327,0.0167358,1.57915
-0.181909,0.0477865,1.53438
-0.0151239,0.00493558,1.52964
0.146333,0.00111317,1.55356
0.236575,0.00344162,1.57625
-0.250335,0.103786,1.56122
-0.0765877,0.0805291,1.53946
0.00811242,0.0895071,1.57756
0.117585,0.0914552,1.54118
-0.118551,0.152915,1.57823
-0.0396399,0.167132,1.53115
0.0523251,0.156865,1.53191
0.186471,0.149314,1.56559
-0.175682,0.200719,1.52261
0.113338,0.216892,1.57179
-0.0976757,0.240758,1.55176
0.0265065,0.250081,1.57533
-0.00937661,-0.254195,1.59594
-0.179208,-0.197058,1.62417
0.0836021,-0.232422,1.59722
-0.0833677,-0.14774,1.58237
-0.000468599,-0.167781,1.62526
-0.264183,-0.0629191,1.62414
-0.156217,-0.10697,1.62343
0.0171552,-0.065898,1.58343
0.106838,-0.0680744,1.60985
-0.0759318,-0.0555127,1.58114
-0.120616,0.0243557,1.60014
-0.0251686,0.0108889,1.62149
0.0617812,0.0152081,1.58789
-0.0667458,0.093971,1.63099
0.136262,0.0661123,1.62687
-0.206039,0.170914,1.60438
-0.00671004,0.17233,1.61681
0.081154,0.140878,1.6187
-0.137352,0.224219,1.63491
-0.0498622,0.252763,1.62843
-0.106533,-0.238276,1.66535
-0.0175741,-0.254196,1.68938
0.0730786,-0.231274,1.68944
0.152483,-0.187219,1.66472
-0.231355,-0.136622,1.67097
-0.0775282,-0.148189,1.67369
0.0753427,-0.13439,1.66697
-0.00742681,-0.0864496,1.66845
0.208976,-0.112362,1.64286
-0.187587,-0.0266364,1.66232
-0.0953185,-0.0558717,1.67168
0.0592794,-0.0209761,1.67342
0.174316,-0.015799,1.64093
-0.270857,0.0174309,1.67203
-0.10605,0.0345329,1.69111
-0.249625,0.105176,1.65444
-0.157647,0.10211,1.64633
0.039071,0.069467,1.66194
0.227123,0.0624134,1.64867
-0.202629,0.174056,1.69592
-0.073588,0.171735,1.68182
0.186649,0.148617,1.65724
0.119859,0.212746,1.66368
0.0338052,0.248314,1.66825
-0.0888667,-0.243217,1.75376
-0.168938,-0.204725,1.72483
0.0021073,-0.167708,1.71741
0.199685,-0.130642,1.73072
-0.264197,-0.0626399,1.71681
-0.152468,-0.115192,1.71595
0.1329,-0.070976,1.70424
-0.181848,-0.0376593,1.75326
0.231713,-0.0476868,1.70311
-0.194194,0.0490967,1.71557
-0.0219021,0.00187341,1.7128
0.131616,0.0218096,1.71469
-0.244948,0.115423,1.75422
-0.0323899,0.0944572,1.71684
0.049179,0.0668558,1.7535
0.112467,0.112108,1.70202
0.21229,0.104805,1.73359
-0.133703,0.122588,1.7346
0.0333246,0.159754,1.69832
-0.133,0.226775,1.72749
0.0826081,0.232646,1.74559
0.16017,0.18103,1.74078
-0.0438359,0.252029,1.71947
-0.0221985,-0.254224,1.81506
0.0626603,-0.240546,1.78124
-0.183022,-0.193861,1.81509
0.14115,-0.197851,1.75687
-0.232582,-0.135398,1.76387
-0.0815021,-0.150225,1.76604
0.00562403,-0.166753,1.80955
0.0760973,-0.13154,1.75992
-0.151475,-0.105819,1.80921
-0.00406567,-0.0842077,1.75864
0.134768,-0.0750038,1.80274
0.226324,-0.067095,1.79231
-0.265458,-0.0566339,1.80935
-0.0899291,-0.0494583,1.76365
-0.0157056,-0.00320117,1.80387
0.0667656,-0.0237423,1.76479
-0.270335,0.0256365,1.76495
-0.0997805,0.0489906,1.78261
0.152129,0.0153937,1.8052
0.234916,0.0206254,1.76281
-0.0213816,0.0919968,1.80976
0.136,0.10603,1.79117
-0.0308381,0.173318,1.76495
0.0571709,0.15381,1.78702
-0.191426,0.184303,1.78645
-0.0833791,0.244739,1.80398
0.00776167,0.25271,1.79532
-0.108523,-0.237787,1.84396
0.12529,-0.209405,1.84754
-0.23564,-0.13138,1.85666
-0.0770989,-0.15267,1.85861
0.0788566,-0.129458,1.85451
0.188336,-0.147849,1.81987
-0.0113885,-0.084466,1.84884
-0.109545,-0.0178072,1.84754
0.0687636,-0.0372661,1.85582
-0.200098,0.0133581,1.825
0.0560457,0.0539358,1.84461
0.235784,0.00129205,1.85353
-0.259515,0.0817453,1.83911
-0.168688,0.100229,1.81881
-0.0861486,0.0691186,1.87286
0.22049,0.0873297,1.82404
-0.217879,0.157499,1.87229
-0.0922452,0.151821,1.82991
-0.00435453,0.173587,1.8537
-0.150073,0.217757,1.86117
0.126747,0.206111,1.82331
0.056542,0.242164,1.87168
-0.0425871,-0.252287,1.90524
0.0454379,-0.245527,1.87599
-0.155711,-0.213698,1.91977
-0.155159,-0.123261,1.90079
0.00436341,-0.159968,1.90184
0.176705,-0.163265,1.90988
-0.259911,-0.0797157,1.9283
-0.0755941,-0.0784847,1.91331
0.0277259,-0.0735477,1.93062
0.220737,-0.0862042,1.88204
-0.183396,-0.0352376,1.9011
0.153522,-0.0202434,1.89168
-0.272405,0.000206886,1.8823
-0.173889,0.0584082,1.90162
-0.0237269,0.0040507,1.89491
0.0610833,0.0147039,1.93212
-0.25377,0.095513,1.93077
0.0138633,0.093936,1.91636
0.141067,0.071266,1.87722
0.225504,0.0705992,1.91475
-0.126624,0.141309,1.91586
0.0814254,0.142102,1.87449
0.183946,0.153969,1.8747
0.127286,0.208064,1.92112
-0.0416633,0.252171,1.88727
0.0259406,-0.250345,1.96659
0.109008,-0.219994,1.93825
-0.217818,-0.156921,1.96086
-0.0966015,-0.157497,1.96479
0.0449229,-0.160924,1.98408
-0.157298,-0.0905124,1.98718
0.117775,-0.0955893,1.93271
0.212843,-0.103521,1.97196
-0.184132,-0.00251349,1.98753
0.151233,-0.0260334,1.98517
0.234817,-0.0175493,1.94354
-0.272488,0.0157277,1.97331
-0.106944,0.00414938,1.93741
-0.017509,0.00450192,1.98668
-0.154841,0.0882254,1.98699
-0.0647621,0.0817021,1.96302
0.122411,0.0759993,1.96717
-0.0400626,0.168615,1.93867
0.0670757,0.152832,1.96487
0.193773,0.138557,1.96877
-0.198431,0.178388,1.96166
-0.119179,0.232913,1.94537
-0.036345,0.252829,1.98053
0.0529104,0.243912,1.96265
-0.0650155,-0.249703,1.99401
-0.153425,-0.215229,2.01293
0.0911222,-0.228658,2.029
0.163714,-0.177312,1.99998
-0.0343777,-0.170324,2.03245
-0.263336,-0.06525,2.01888
-0.0672796,-0.0743676,2.00518
0.0244838,-0.0706541,2.02107
0.108912,-0.108029,2.0249
0.232793,-0.0363448,2.03358
-0.100397,0.0106369,2.02907
0.0688091,0.0106268,2.02429
0.151753,0.0425406,2.04862
0.231049,0.052449,2.00504
0.0193415,0.0872817,2.00905
-0.242229,0.119019,2.01955
-0.092904,0.152586,2.01361
0.100731,0.121378,2.04503
-0.00181749,0.17731,2.02298
0.138909,0.199443,2.01199
-0.108651,0.238437,2.0367
-0.0939568,-0.242007,2.08059
0.00483395,-0.251601,2.05623
-0.173543,-0.200544,2.10645
0.14981,-0.190563,2.08998
-0.225438,-0.143693,2.05327
-0.119813,-0.140558,2.05543
0.0468667,-0.16121,2.07628
0.205001,-0.120745,2.06218
-0.186205,-0.0603876,2.07061
-0.0129489,-0.0950541,2.09921
-0.097063,-0.0579517,2.09092
-0.0216835,-0.00398422,2.07904
0.151541,-0.0457956,2.07666
-0.27014,0.0332356,2.06286
-0.17898,0.0460793,2.06524
0.232157,0.0423805,2.09889
-0.0553827,0.0833924,2.06258
0.0350209,0.0676485,2.09928
-0.134564,0.122741,2.09093
-0.0523676,0.170618,2.10119
0.0410079,0.160982,2.10394
0.204003,0.122452,2.05987
-0.189186,0.187864,2.05439
0.153059,0.186873,2.10313
-0.0241528,0.25409,2.07142
0.0662778,0.239328,2.05328
-0.0248959,-0.253955,2.14301
0.0724566,-0.238085,2.11922
-0.238478,-0.127121,2.14815
-0.146014,-0.11863,2.14249
-0.0662699,-0.166375,2.12651
0.018352,-0.173381,2.16445
0.198946,-0.130929,2.15366
0.109794,-0.113996,2.12393
-0.268391,-0.0474978,2.10907
-0.182031,-0.0341681,2.1611
0.065884,-0.0244674,2.10947
0.231286,-0.0470847,2.12545
-0.269718,0.0334533,2.15466
-0.097062,0.0215123,2.13918
0.156675,0.00171626,2.15447
-0.180253,0.0593497,2.15536
-0.040195,0.0939793,2.15206
0.124245,0.0833593,2.12513
0.207799,0.114935,2.1528
-0.232309,0.123527,2.11133
-0.131054,0.216367,2.12215
-0.0533745,0.251727,2.1603
0.0370305,0.247535,2.13906
-0.111849,-0.235963,2.17092
0.0614076,-0.241287,2.21068
-0.18739,-0.189297,2.19833
0.139277,-0.198745,2.18147
-0.0782547,-0.163461,2.21784
-0.0652424,-0.0841194,2.17318
0.037327,-0.0828134,2.17486
0.135292,-0.07441,2.20233
-0.268107,-0.0478018,2.20098
-0.102679,-0.0178681,2.2236
-0.0136121,-0.00448045,2.17168
0.226487,-0.0557882,2.21735
0.0725909,0.0284777,2.18617
0.233621,0.0349791,2.19481
-0.247498,0.109783,2.20203
0.15056,0.0721972,2.21276
-0.118992,0.133837,2.18084
-0.00549243,0.175508,2.18317
0.0774423,0.133457,2.18494
0.176177,0.163578,2.22562
-0.197338,0.181167,2.17561
-0.124679,0.224998,2.21361
0.114116,0.217301,2.18121
-0.0279826,-0.254165,2.23502
-0.114776,-0.234965,2.26384
0.124171,-0.210584,2.27224
-0.23921,-0.125731,2.24233
-0.00926194,-0.174379,2.27642
0.0765408,-0.141811,2.23335
0.187078,-0.147681,2.24359
-0.148487,-0.105347,2.23511
-0.0156457,-0.0861989,2.25064
-0.181234,-0.026842,2.27253
0.0644203,-0.0382825,2.25143
0.150878,-0.00547154,2.26248
-0.269686,0.0328961,2.24669
-0.0202231,0.00577273,2.26385
-0.181161,0.0624901,2.24645
-0.0814342,0.0710973,2.2377
0.0107958,0.0859172,2.22659
0.218201,0.0934017,2.27178
-0.160578,0.152501,2.26261
-0.0666365,0.161761,2.2511
0.0240942,0.166732,2.27165
0.105871,0.123916,2.27241
0.114767,0.216422,2.2736
-0.0477985,0.25207,2.25992
0.0394624,0.247007,2.2285
-0.0471981,-0.251976,2.3259
0.0426352,-0.246456,2.30045
-0.189302,-0.187523,2.2919
-0.240209,-0.123996,2.33547
-0.100539,-0.151881,2.30766
0.0637933,-0.149086,2.32546
0.174756,-0.162883,2.334
-0.156257,-0.0848254,2.34142
-0.0667647,-0.0660942,2.32427
0.0482613,-0.0589478,2.34072
0.129206,-0.0922558,2.29208
0.221209,-0.085955,2.30459
-0.268669,-0.0464789,2.29357
-0.270225,0.0377295,2.33817
-0.107589,0.0165923,2.30888
0.0594088,0.0452061,2.29244
0.235595,0.00656293,2.30188
-0.243803,0.116175,2.29447
-0.16309,0.0880798,2.33148
-0.0262274,0.0923995,2.31037
0.14342,0.0592816,2.32875
-0.0950321,0.150008,2.33728
0.176794,0.162864,2.31894
-0.127997,0.229581,2.30495
0.0349097,0.247759,2.31881
0.0212327,-0.250736,2.38984
-0.132544,-0.226271,2.35458
0.107364,-0.221171,2.36258
-0.110619,-0.145274,2.40038
-0.0274531,-0.170994,2.36621
0.121118,-0.104686,2.38334
0.213214,-0.103809,2.39466
-0.265225,-0.049653,2.38527
-0.105751,-0.0195141,2.39441
0.164635,-0.0292286,2.35054
-0.189623,0.000218428,2.36211
-0.0170869,0.00611493,2.35663
0.0753312,0.0208206,2.37984
-0.245677,0.112586,2.3875
-0.0817848,0.0692106,2.38008
0.0080027,0.0863331,2.39718
0.217065,0.0956889,2.37092
-0.00709849,0.170544,2.35825
0.0777789,0.132774,2.35849
-0.196639,0.179719,2.34464
-0.133879,0.226213,2.3962
0.110643,0.219094,2.36528
-0.0518221,0.251626,2.35336
-0.0678433,-0.248788,2.41713
-0.151627,-0.216334,2.44553
0.0875863,-0.23036,2.45187
0.1618,-0.178234,2.42454
-0.218052,-0.156208,2.41995
-0.0363633,-0.164596,2.45712
0.0485776,-0.152814,2.4168
-0.16768,-0.0790134,2.43384
-0.0258016,-0.0864719,2.40465
-0.0154486,-0.00470628,2.44909
0.0619187,-0.0544534,2.43311
0.146087,-0.00329693,2.43579
0.235222,-0.0158677,2.41739
-0.26669,0.0318717,2.43014
-0.169381,0.0704313,2.42043
0.130936,0.0858193,2.41711
-0.200166,0.175865,2.43827
-0.111978,0.142508,2.42754
-0.0228481,0.164741,2.44867
0.173019,0.167791,2.41174
0.103343,0.223017,2.45651
-0.0592396,0.250717,2.44586
0.0256687,0.242227,2.40885
-0.0876913,-0.243683,2.50745
0.00112732,-0.247499,2.48024
0.14511,-0.194644,2.5141
-0.232717,-0.135395,2.50989
-0.118435,-0.143891,2.49351
0.0412755,-0.167391,2.5078
-0.000245312,-0.0859259,2.49323
0.132108,-0.105685,2.47476
0.222013,-0.0809159,2.48356
-0.2668,-0.0551447,2.47646
-0.0872351,-0.0578078,2.47579
-0.192457,0.000335691,2.476
-0.0919479,0.0451555,2.46795
0.0681121,0.029876,2.47144
0.234298,0.0186047,2.50453
-0.24834,0.107735,2.4806
-0.164981,0.0819749,2.51101
-0.00779235,0.0805384,2.48753
0.130961,0.0879663,2.50904
0.214095,0.100684,2.46409
-0.0990298,0.14715,2.51704
0.0655388,0.13709,2.46271
0.166496,0.173579,2.50373
-0.138394,0.224822,2.48853
0.0215721,0.250148,2.49937
-0.0159059,-0.254974,2.57024
0.0748683,-0.237806,2.55643
-0.174346,-0.201726,2.5402
-0.0472276,-0.170971,2.54901
0.104811,-0.124198,2.56062
0.198002,-0.133243,2.55697
-0.166125,-0.0719923,2.52713
-0.0615189,-0.0810429,2.56094
-0.254089,-0.0547752,2.56661
-0.104015,-6.48654e-05,2.54754
-0.0149419,-0.0018233,2.57189
0.064492,-0.0409129,2.54144
0.154274,-0.0296236,2.523
0.23132,-0.0486033,2.56973
-0.27111,0.0261048,2.5228
-0.19185,0.0142529,2.56802
0.0566495,0.0542602,2.5581
-0.248138,0.102162,2.57351
-0.058773,0.0797813,2.5642
0.211215,0.106848,2.55723
-0.203777,0.17268,2.53134
-0.00898677,0.157703,2.53932
0.0783678,0.14169,2.56441
0.0977982,0.22728,2.54783
-0.0631979,0.250071,2.53843
-0.108746,-0.237241,2.5971
0.142606,-0.196654,2.6064
-0.231617,-0.137307,2.6035
-0.130547,-0.135759,2.58528
-0.0500089,-0.137095,2.63489
0.0313773,-0.16898,2.60006
-0.178081,-0.0626843,2.61862
0.018103,-0.0784806,2.6132
0.072345,-0.00467093,2.62664
0.14957,-0.0543675,2.61293
-0.271309,0.0224287,2.61609
-0.10001,0.0367778,2.63399
0.144459,0.0379417,2.58452
0.233846,0.0332481,2.61022
-0.147271,0.106917,2.59658
0.00500831,0.0779193,2.6316
-0.2066,0.17104,2.62497
-0.0740429,0.163143,2.60338
0.0158476,0.169178,2.6291
-0.141915,0.222044,2.58078
0.163126,0.17693,2.5961
-0.065883,0.25024,2.63087
0.0180451,0.252221,2.5907
-0.105535,-0.2394,2.6897
0.0708328,-0.237885,2.65018
-0.177948,-0.199493,2.64686
-0.0212289,-0.22205,2.65551
-0.131152,-0.128222,2.67659
0.0233112,-0.148705,2.69051
0.103988,-0.125421,2.65224
0.196912,-0.134229,2.6504
-0.264262,-0.0612701,2.6583
-0.0889684,-0.0537458,2.64375
-0.0127367,-0.00610812,2.66401
0.23075,-0.0482128,2.66298
-0.189315,0.0207371,2.65967
0.14679,0.0230998,2.67425
-0.248869,0.0981891,2.66652
-0.151303,0.100131,2.68853
0.0962799,0.0939057,2.641
0.192802,0.105662,2.64936
-0.0557493,0.163048,2.69067
-0.144013,0.220923,2.67298
0.0938763,0.227145,2.63942
0.158541,0.181657,2.68824
0.0135611,0.246038,2.68293
-0.0170728,-0.254364,2.74103
0.0748669,-0.236762,2.74379
-0.174181,-0.201006,2.73979
0.145121,-0.194817,2.69896
-0.229259,-0.138628,2.69724
-0.060832,-0.167821,2.72424
0.0957885,-0.130593,2.74508
0.198928,-0.131471,2.74506
-0.262985,-0.0662643,2.75107
-0.0359095,-0.0796297,2.71559
0.054031,-0.0615519,2.69773
0.148619,-0.0639472,2.70584
-0.179955,-0.0566783,2.70967
-0.10469,-0.00170014,2.71835
-0.268271,0.0170783,2.70908
-0.18427,0.0338225,2.75082
0.0590789,0.0381272,2.70834
0.233541,0.0354708,2.70359
-0.051323,0.0727414,2.70489
0.116943,0.108635,2.7294
0.207945,0.1154,2.74377
-0.210417,0.166124,2.71794
0.0271506,0.125443,2.71064
0.0909284,0.228552,2.7315
-0.0703408,0.248515,2.72305
-0.0995643,-0.240271,2.78273
0.146093,-0.193809,2.79174
-0.227388,-0.142985,2.79085
-0.140805,-0.119112,2.76571
0.0154992,-0.175341,2.77875
0.14346,-0.0710598,2.79784
-0.184862,-0.0444561,2.80044
-0.0820543,-0.0529446,2.79104
0.0680729,-0.0215292,2.77894
0.227153,-0.0425353,2.75627
-0.271627,0.0117479,2.80191
-0.0841553,0.0545262,2.78968
-0.0167406,0.00258229,2.75491
0.1458,0.0278273,2.76559
0.232382,0.042276,2.79578
-0.254128,0.0942168,2.75963
0.00386185,0.0838681,2.79491
-0.215109,0.161496,2.81066
-0.109257,0.136821,2.76172
-0.0231176,0.170415,2.77507
0.077284,0.140785,2.80593
-0.148841,0.218784,2.76503
0.156319,0.183939,2.78021
0.0130842,0.253379,2.77576
-0.0148624,-0.25412,2.83331
-0.169835,-0.203889,2.8325
0.075965,-0.234229,2.83921
-0.142654,-0.118806,2.85514
-0.0681604,-0.158655,2.81603
0.00882779,-0.172,2.87126
0.0880124,-0.136146,2.83729
0.198845,-0.131857,2.83882
-0.26265,-0.0712583,2.84391
-0.00103956,-0.094049,2.82042
-0.00786684,-0.00575859,2.847
0.0726342,-0.048494,2.86618
0.232098,-0.0457533,2.84964
-0.123349,0.00290846,2.85244
0.0817312,0.0524592,2.83314
0.15476,0.00209015,2.85297
-0.256515,0.0883882,2.85291
-0.164574,0.0852589,2.82519
0.167257,0.102256,2.82968
-0.0799805,0.161221,2.84625
0.0101092,0.149504,2.86898
-0.155032,0.213986,2.85707
0.0878299,0.230597,2.82354
-0.0753662,0.247851,2.81394
0.0012698,0.241495,2.86552
-0.0963978,-0.24155,2.876
-0.0110029,-0.254111,2.92616
-0.166838,-0.205315,2.92561
0.146502,-0.193514,2.88445
-0.225845,-0.146251,2.88431
-0.0769408,-0.156602,2.9081
0.0791157,-0.141282,2.92971
-0.068857,-0.0683084,2.87956
0.0097392,-0.0788394,2.92731
-0.188316,-0.0463549,2.89178
0.144565,-0.0572085,2.92213
-0.272064,0.0058923,2.89516
-0.187602,0.0446393,2.90553
-0.0624734,0.0158962,2.91966
0.150502,0.0519392,2.92923
0.232858,0.039598,2.88762
-0.108881,0.0922537,2.89917
0.0200345,0.063253,2.90178
-0.19198,0.137895,2.89874
0.094454,0.119582,2.89656
0.20216,0.127051,2.92154
0.0794374,0.234431,2.91465
0.153546,0.187247,2.87179
-0.0831249,0.246251,2.90514
-0.0924831,-0.242461,2.96871
0.0794418,-0.234282,2.93439
0.151115,-0.189108,2.97672
-0.222746,-0.151275,2.97803
-0.00389312,-0.168983,2.96277
0.20269,-0.126614,2.93186
-0.260901,-0.0776893,2.93727
-0.147583,-0.10855,2.94504
-0.0721676,-0.0620562,2.97041
-0.24988,-0.000289228,2.98794
-0.159815,-0.0213934,2.97542
-0.00529717,-0.000751574,2.98712
0.232863,-0.0357923,2.94248
0.0759258,0.000473429,2.94551
0.2296,0.0533587,2.9783
-0.259603,0.0826707,2.94623
-0.0275911,0.0887908,2.97653
0.111674,0.112355,2.9878
-0.13082,0.1278,2.9821
-0.0541752,0.164904,2.93408
0.0374392,0.162008,2.95762
-0.16025,0.21003,2.94879
0.146767,0.193589,2.96311
-0.00525005,0.253169,2.95619
-0.00557141,-0.254127,3.01909
-0.162828,-0.20828,3.01826
-0.0884328,-0.154712,2.99952
0.0690418,-0.173817,3.01743
0.202022,-0.127108,3.02486
-0.25833,-0.0831248,3.03072
-0.163874,-0.105082,3.03334
0.00236815,-0.0876108,3.01936
0.117978,-0.0967251,3.00135
0.0698583,-0.0248876,3.03519
0.153839,-0.00766222,2.99997
0.232999,-0.0399746,3.03534
-0.0908359,0.0295872,3.00978
-0.260469,0.0774688,3.03826
-0.168132,0.0708975,3.04565
0.0452957,0.0648427,3.02859
-0.220416,0.153294,2.99182
-0.0566231,0.162901,3.02559
0.197868,0.133578,3.01374
-0.163504,0.207684,3.04116
-0.0884892,0.244223,2.99717
0.0721996,0.237403,3.0061
-0.0906284,-0.242709,3.06246
0.0637979,-0.240751,3.08046
0.143891,-0.195686,3.0687
-0.213612,-0.163421,3.08168
-0.0987439,-0.148534,3.09043
-0.0159893,-0.170921,3.05555
0.0693029,-0.106344,3.08047
0.152149,-0.0616656,3.08111
-0.271877,-0.00488003,3.07965
-0.179476,-0.019025,3.0655
-0.092312,-0.0525081,3.05952
-0.0126308,-0.0074755,3.0773
-0.105244,0.029728,3.10169
0.138374,0.0308713,3.083
0.229833,0.0539355,3.06985
-0.0373459,0.0823036,3.06746
0.104837,0.116991,3.08026
-0.214453,0.142799,3.08506
-0.120867,0.138961,3.08787
0.0325111,0.166481,3.05095
0.193177,0.139382,3.10614
0.141712,0.197713,3.05409
-0.0928191,0.242129,3.08995
-0.0102345,0.253642,3.04787
0.0663323,0.239582,3.09819
-0.0192141,-0.254353,3.11824
-0.151597,-0.216081,3.12744
0.113459,-0.216854,3.15442
0.031226,-0.171981,3.13485
0.196136,-0.136333,3.11647
-0.257769,-0.085735,3.12435
-0.165682,-0.0954006,3.12442
-0.0232051,-0.0948836,3.1085
0.111359,-0.106884,3.1617
-0.181286,-0.00999941,3.15699
-0.0912588,-0.0473726,3.15165
0.0776442,-0.0261567,3.1271
0.234443,-0.0202978,3.12558
-0.260952,0.0756165,3.13142
-0.169077,0.0816274,3.14341
-0.0391777,0.0849521,3.15882
0.0427933,0.0602583,3.12147
0.221802,0.0692314,3.16027
-0.0355903,0.166456,3.11452
0.0523835,0.158984,3.1458
-0.166863,0.205789,3.13408
0.135789,0.201702,3.14539
-0.0156321,0.254194,3.14001
-0.0720885,-0.247641,3.19531
0.0342779,-0.248171,3.19324
-0.159731,-0.210769,3.21977
-0.218718,-0.15579,3.173
-0.0926435,-0.157243,3.18257
0.0684276,-0.16605,3.21893
0.174123,-0.166374,3.20189
-0.258173,-0.0852331,3.21997
-0.166973,-0.0930777,3.21579
-0.0280821,-0.0922549,3.20082
0.195601,-0.0783181,3.18709
-0.272664,-0.00667644,3.17273
-0.00440313,-0.00655297,3.16758
0.236461,-0.00242933,3.21645
-0.1072,0.0333939,3.19455
0.0754465,0.00668735,3.21316
0.156299,0.00359436,3.16944
0.0381639,0.0914974,3.20933
0.121301,0.0899384,3.16683
-0.224606,0.147193,3.17774
-0.110213,0.146837,3.18011
-0.0201659,0.1663,3.20493
0.188629,0.146679,3.19872
-0.0965198,0.241281,3.18248
0.0603059,0.241266,3.19096
-0.0171955,-0.254711,3.27075
0.073802,-0.237272,3.27708
-0.218339,-0.155859,3.26619
-0.116361,-0.147242,3.27195
-0.0257294,-0.164758,3.25693
0.04323,-0.0704579,3.25433
0.127805,-0.10416,3.25294
0.21586,-0.100784,3.2752
-0.272211,-0.00585295,3.26623
-0.180373,-0.0046838,3.24838
-0.095735,-0.0439342,3.24408
0.155123,-0.0163808,3.25975
-0.0159321,0.00143712,3.25722
-0.260404,0.0788796,3.22965
-0.168955,0.0866496,3.23696
-0.0466594,0.0895872,3.25017
0.12973,0.0731178,3.25749
0.222597,0.0812725,3.25303
-0.223492,0.148345,3.28147
-0.114331,0.150316,3.27317
0.0536838,0.166461,3.26139
-0.171697,0.203724,3.22685
0.131288,0.206362,3.23616
-0.101861,0.240607,3.27367
-0.0201899,0.254448,3.23358
-0.105901,-0.238614,3.28991
-0.175682,-0.19917,3.33691
0.152679,-0.187831,3.28762
0.0708602,-0.150652,3.30983
-0.257797,-0.085799,3.31292
-0.16595,-0.0761031,3.30636
-0.0356759,-0.0830466,3.30026
0.137925,-0.0657275,3.33697
-0.185269,0.00944199,3.3391
-0.107574,0.0342322,3.29251
0.0731613,0.00118309,3.30425
0.153689,0.0276815,3.34082
0.236281,0.00801214,3.30709
-0.259215,0.0803646,3.33471
-0.161415,0.0980263,3.33238
-0.0688419,0.106021,3.33817
0.0306921,0.0864398,3.30298
0.113434,0.113153,3.339
0.181947,0.155634,3.2925
-0.0311098,0.181969,3.29584
0.118146,0.214061,3.32706
0.0333637,0.248878,3.30839
-0.105604,-0.238781,3.38455
0.0222098,-0.25136,3.35436
0.109527,-0.220139,3.36206
-0.230128,-0.139105,3.38301
-0.135902,-0.125777,3.37878
-0.0618195,-0.168317,3.34292
0.0194625,-0.166055,3.38482
0.10519,-0.135834,3.39875
0.188092,-0.148339,3.3636
-0.0350468,-0.0923552,3.39083
0.0470526,-0.073435,3.35298
0.227279,-0.0661829,3.36086
-0.273169,-0.00795586,3.35903
-0.098481,-0.0347818,3.35372
-0.0231935,0.0229795,3.34472
0.0744054,0.043161,3.38524
0.235986,0.0177425,3.39863
0.00164699,0.0966572,3.39485
0.219119,0.092183,3.34691
-0.220346,0.154102,3.37551
0.0406748,0.169001,3.35241
0.174732,0.165857,3.3845
-0.157014,0.212368,3.34192
-0.0566141,0.251128,3.353
-0.0283789,-0.254125,3.43483
0.0612518,-0.241136,3.43788
-0.176934,-0.198686,3.43021
-0.0581514,-0.167583,3.43751
0.193756,-0.14014,3.45566
-0.264604,-0.0630618,3.43296
0.0358961,-0.102848,3.44894
-0.176551,-0.048115,3.41042
-0.0916101,-0.0465305,3.4448
0.0143731,-0.0183024,3.41811
0.10396,-0.0453115,3.42167
0.229287,-0.0553735,3.45323
-0.270082,0.0305589,3.44313
-0.0786102,0.0524443,3.4122
0.153035,0.0325179,3.43289
-0.184527,0.0590668,3.41805
0.112118,0.116589,3.43175
0.208867,0.114272,3.45689
-0.244737,0.118654,3.45709
-0.133446,0.137157,3.41228
-0.0483568,0.174299,3.40414
0.0355047,0.16828,3.44262
-0.116328,0.234694,3.42224
0.10746,0.221006,3.41818
0.0221452,0.251126,3.40102
-0.107844,-0.237798,3.47811
0.0156624,-0.179547,3.49555
0.132143,-0.204295,3.48046
-0.230685,-0.137706,3.47619
-0.133729,-0.127171,3.47144
-0.0338734,-0.085276,3.50458
0.117139,-0.105468,3.49196
-0.187692,-0.0587828,3.50205
0.0423646,-0.0312052,3.50605
0.159513,-0.0236841,3.50706
-0.127487,0.0272881,3.48471
-0.0353688,0.01468,3.4849
0.0600277,0.0542342,3.47609
0.233471,0.03049,3.49032
-0.165429,0.108839,3.49853
-0.0177957,0.105084,3.48293
0.14356,0.0777627,3.51007
-0.087319,0.152627,3.51541
-0.185074,0.192759,3.46643
0.155777,0.184828,3.48737
-0.039471,0.252452,3.47099
0.0509423,0.245146,3.48961
-0.108038,-0.238462,3.57146
-0.0227271,-0.254646,3.53311
0.0709804,-0.237826,3.5434
-0.178106,-0.197768,3.52363
-0.233964,-0.135991,3.56939
-0.143791,-0.120277,3.56304
-0.0703157,-0.16651,3.52939
0.167885,-0.172424,3.55801
0.0474749,-0.111307,3.55339
0.216144,-0.0969141,3.5348
-0.272094,-0.0244398,3.51763
-0.10562,-0.03995,3.54322
-0.022031,-0.0123706,3.57082
-0.202367,0.0323445,3.53517
0.0962337,0.0203747,3.55994
-0.244807,0.113886,3.54975
-0.0726756,0.0631106,3.55148
0.0238868,0.0773877,3.5585
0.0784248,0.141572,3.51747
0.197023,0.13706,3.55433
-0.186229,0.191189,3.55888
-0.0101555,0.211617,3.54995
0.107371,0.220856,3.55879
-0.11188,0.237646,3.52721
-0.178989,-0.197142,3.61612
-6.26901e-05,-0.18401,3.58755
-0.0913594,-0.166346,3.62331
0.20563,-0.120555,3.62462
-0.111083,-0.0652894,3.63275
-0.0356792,-0.0996381,3.5943
0.132585,-0.0766671,3.57888
-0.214431,-0.0416386,3.58881
0.0547631,-0.0376563,3.61569
0.234668,-0.0351384,3.59986
-0.269831,0.0375671,3.59776
-0.139549,0.0231752,3.60169
0.156479,0.00238062,3.62517
0.229672,0.0544226,3.57963
0.124111,0.100917,3.59859
-0.223626,0.149796,3.63267
-0.137295,0.118205,3.58685
-0.0420298,0.137645,3.59446
0.0491096,0.157046,3.60072
-0.126053,0.229615,3.61851
0.150323,0.189809,3.63452
-0.0369337,0.252858,3.62948
0.0548146,0.243177,3.63295
-0.0405684,-0.253087,3.63542
0.0526493,-0.243442,3.63573
-0.023715,-0.176815,3.68507
0.135791,-0.200105,3.64041
0.0379706,-0.122903,3.64545
-0.189711,-0.109554,3.64546
0.125261,-0.103176,3.66719
-0.271664,-0.031517,3.66011
-0.181357,-0.0199955,3.67312
-0.0283053,-0.036869,3.66173
0.228678,-0.0577082,3.68881
-0.265441,0.0572857,3.68849
-0.0928953,0.0338969,3.68119
-0.00919569,0.049447,3.63741
0.0800636,0.0428021,3.65562
0.234395,0.0318787,3.67028
-0.171435,0.0815001,3.66513
0.207141,0.116981,3.64386
-0.100048,0.152461,3.66454
-0.00825504,0.174106,3.67126
0.0835113,0.131506,3.68112
-0.173684,0.201109,3.69292
-0.0405859,-0.254205,3.72923
0.0494788,-0.244609,3.74839
-0.200468,-0.179053,3.70452
-0.127753,-0.227849,3.73182
0.131544,-0.204546,3.73288
-0.1163,-0.13859,3.70686
0.0529195,-0.153336,3.73232
0.19534,-0.139126,3.71553
-0.245591,-0.098948,3.7184
-0.0228164,-0.0972942,3.73164
-0.261362,-0.0124993,3.75006
-0.107921,-0.0472713,3.72305
0.056237,-0.0551123,3.70624
0.145146,-0.0247707,3.71208
-0.173143,0.0375253,3.74567
-0.024094,0.000193488,3.74658
0.0607643,0.0356984,3.74542
-0.0287329,0.0926334,3.71239
0.155866,0.0677472,3.70195
-0.23273,0.13658,3.72386
-0.144193,0.126364,3.74177
-0.0620832,0.169005,3.74708
0.0332636,0.162235,3.75212
0.177508,0.162095,3.71931
0.103155,0.218396,3.70968
-0.0913604,0.243876,3.7044
0.00420456,0.252951,3.71772
-0.021443,-0.177893,3.78241
-0.182628,-0.130999,3.77961
-0.0931316,-0.119349,3.79366
0.176535,-0.163087,3.80333
-0.258548,-0.084448,3.80869
0.123802,-0.101032,3.75961
0.224724,-0.0719264,3.77978
-0.0850023,-0.0288959,3.80907
0.0632068,-0.0423424,3.7967
0.143561,0.0285544,3.78561
0.23437,0.0241447,3.76685
-0.26062,0.0736991,3.78496
-0.0878131,0.0616904,3.77593
0.00388747,0.0875933,3.79779
0.11268,0.114495,3.76724
0.209277,0.111182,3.79057
-0.139271,0.213207,3.77867
0.143291,0.196384,3.79855
-0.0548251,0.25161,3.79033
0.0624192,0.241341,3.79006
-0.072188,-0.248366,3.81569
0.0184242,-0.251332,3.83622
-0.158147,-0.212042,3.81782
0.104747,-0.220812,3.82005
-0.222483,-0.152162,3.85974
0.0950359,-0.128332,3.84452
-0.00937555,-0.0940272,3.8222
0.213953,-0.104288,3.86556
-0.174496,-0.0486848,3.81999
0.147372,-0.0502005,3.83401
0.23454,-0.0139359,3.85259
-0.272866,0.000894494,3.84153
-0.189743,0.040708,3.83549
-0.00356892,0.00429478,3.83784
-0.0660768,0.0666966,3.86492
0.131708,0.0878032,3.85306
-0.219972,0.154114,3.81493
-0.136698,0.117681,3.83282
-0.0203546,0.174931,3.82668
0.067445,0.152534,3.83739
0.0130665,0.251896,3.8666
-0.0182885,-0.254367,3.92206
-0.166096,-0.205939,3.90962
-0.0788803,-0.18617,3.88232
0.0756871,-0.233214,3.90801
0.154904,-0.185879,3.88979
0.0121667,-0.167172,3.87585
-0.262783,-0.0710148,3.89994
-0.138197,-0.114453,3.87485
-0.047756,-0.101635,3.90571
0.0416478,-0.0697342,3.89449
0.144001,-0.0623406,3.92515
-0.177457,-0.0404749,3.91606
-0.0902982,-0.0162411,3.89794
0.0854546,0.00867047,3.87031
0.155187,0.0361526,3.92441
-0.255393,0.092245,3.87569
-0.147466,0.0680718,3.90986
0.0313161,0.0819056,3.88443
0.223885,0.0759948,3.87565
-0.210582,0.165962,3.91163
-0.0797952,0.159975,3.89251
0.01455,0.170204,3.91196
0.0993502,0.135128,3.9261
0.177519,0.162724,3.87821
-0.146419,0.220002,3.87128
0.106364,0.222753,3.88014
-0.0671516,0.24974,3.91213
-0.100387,-0.240243,3.9647
0.139244,-0.199025,3.97934
-0.203634,-0.125856,3.94597
-0.113948,-0.146593,3.95803
-0.0247033,-0.171456,3.96251
0.0794692,-0.143647,3.93564
0.198544,-0.132407,3.95205
-0.0864953,-0.0602656,3.97871
0.00435541,-0.0798803,3.97953
0.0723797,-0.018149,3.96507
0.23541,-0.00683553,3.94602
-0.270754,0.0189307,3.93267
-0.190444,0.0254762,3.97984
-0.0941711,0.0331449,3.97597
-0.00843302,0.0109312,3.92976
-0.250121,0.102899,3.96811
-0.0361451,0.0992167,3.94464
0.0475742,0.0709145,3.9738
0.221977,0.0836864,3.96874
-0.126599,0.135934,3.96733
0.175586,0.164839,3.96985
-0.132058,0.227574,3.9741
-0.0467479,0.184233,3.97998
0.100522,0.224474,3.97164
0.0129822,0.252209,3.95909
-0.0297452,-0.253333,4.02335
0.0591303,-0.241848,3.99954
-0.179856,-0.196682,4.00154
-0.235782,-0.129978,4.03531
0.0435817,-0.152945,4.02173
0.18652,-0.149433,4.04181
-0.175399,-0.0625552,4.007
0.117225,-0.0970693,4.00726
0.226056,-0.0696217,4.01499
-0.266478,-0.0538759,3.99128
0.156243,-0.0112261,4.00211
-0.271531,0.0326842,4.02506
-0.0188506,0.00131268,4.01932
0.234618,0.0222679,4.03824
-0.143801,0.081019,4.03724
-0.0200301,0.0945094,4.03216
0.134404,0.0876152,3.99849
-0.2028,0.174329,4.00437
0.0412542,0.159734,4.00062
-0.0520215,0.25155,4.04369
0.045597,0.245184,4.04536
-0.190141,-0.186615,4.09402
-0.115192,-0.234528,4.05695
0.0332122,-0.204084,4.10137
0.118149,-0.215812,4.067
-0.12874,-0.133168,4.04665
-0.0476717,-0.171493,4.0703
0.0978148,-0.130418,4.09247
-0.170515,-0.0689463,4.09891
-0.0440333,-0.079335,4.05962
0.0474791,-0.0602531,4.06015
-0.269442,-0.0399235,4.08409
-0.110581,-0.0144351,4.0539
0.139514,-0.0487471,4.0838
-0.196024,0.0150853,4.07187
0.0614454,0.0313831,4.05641
0.151222,0.0434737,4.077
-0.244706,0.114264,4.06219
-0.0752388,0.0594099,4.09565
-0.0894066,0.151791,4.05451
-0.00289082,0.173827,4.08089
0.0912379,0.124851,4.07121
0.205368,0.119424,4.05347
-0.149113,0.218917,4.06493
0.142223,0.197972,4.04866
-0.0449965,-0.253172,4.11498
-0.127892,-0.227956,4.14988
0.105041,-0.223139,4.15847
-0.115356,-0.135106,4.1371
0.173441,-0.166844,4.13095
-0.243597,-0.117424,4.12738
-0.0112626,-0.0885789,4.14681
0.0778885,-0.0616582,4.15162
0.21971,-0.089798,4.10539
-0.091431,-0.0434811,4.13985
-0.00822376,-0.0037655,4.10857
-0.26845,0.0459896,4.12126
-0.185537,0.00241009,4.16227
0.148224,0.0031497,4.15988
0.229305,0.0569315,4.12462
-0.161896,0.0840316,4.12638
0.0175438,0.0898587,4.11442
0.125075,0.0923327,4.15115
-0.238597,0.127508,4.15542
-0.0646223,0.138795,4.14114
0.174164,0.166649,4.12779
-0.177765,0.197765,4.15016
0.0841209,0.205325,4.11988
-0.0886403,0.243383,4.13093
0.00346583,0.253141,4.12812
0.0207101,-0.250961,4.18061
0.158107,-0.183303,4.22039
-0.206753,-0.171468,4.19174
-0.0367539,-0.176087,4.16513
0.0547087,-0.148262,4.17294
-0.172402,-0.0852959,4.18906
0.210477,-0.111324,4.19489
-0.271923,-0.019255,4.18779
-0.0208615,-0.0107461,4.19795
0.234697,-0.0253652,4.17068
-0.100326,0.0396437,4.1806
0.0587151,0.0266416,4.16515
-0.0190038,0.0822025,4.19841
0.208519,0.113651,4.19546
-0.133392,0.124262,4.20392
0.0195984,0.163157,4.17113
0.118328,0.173267,4.20028
-0.122124,0.231337,4.217
0.0575189,0.242263,4.2024
-0.0609851,-0.251267,4.22177
-0.144842,-0.217776,4.24111
0.0823779,-0.232715,4.24888
-0.104291,-0.132471,4.22943
0.00655892,-0.172901,4.24674
0.0906719,-0.134362,4.25827
-0.253135,-0.0987057,4.2306
-0.0261574,-0.0864976,4.25061
0.136887,-0.0628098,4.22289
-0.188816,-0.0431754,4.26886
-0.10358,-0.0388215,4.23151
0.229702,-0.0530784,4.26543
-0.168279,0.043564,4.24271
0.0630809,0.0125798,4.25557
0.233242,0.0359811,4.2389
-0.262766,0.066893,4.22181
-0.0826554,0.073464,4.26396
0.069009,0.0987923,4.22246
0.146318,0.0625875,4.2577
-0.208071,0.16931,4.2333
-0.0545484,0.164388,4.22782
0.0303763,0.171594,4.2619
0.17819,0.161748,4.26845
0.107055,0.221319,4.27918
-0.0317963,0.253873,4.2238
0.0010663,-0.253313,4.29142
-0.155735,-0.214234,4.33317
-0.0712909,-0.191864,4.29115
0.128376,-0.206556,4.32619
-0.193787,-0.148408,4.28051
0.0441503,-0.165725,4.33082
0.19048,-0.143384,4.29563
-0.255254,-0.0925607,4.32382
-0.117632,-0.0905203,4.31213
0.0476889,-0.0652876,4.30287
-0.272482,-0.00530318,4.28056
-0.0316795,-0.000868002,4.28803
0.150032,-0.0207549,4.3027
-0.204507,0.0416361,4.32609
-0.121023,0.00307814,4.31225
-0.245991,0.117306,4.29831
0.00623729,0.084615,4.28777
0.218895,0.0919165,4.31129
-0.155195,0.120211,4.29447
-0.0725796,0.15677,4.31715
0.099462,0.127882,4.30572
-0.156523,0.212914,4.30127
-0.0704195,0.248776,4.30772
0.0225623,0.251524,4.30445
-0.0612186,-0.250791,4.36118
0.043381,-0.246974,4.37387
-0.182828,-0.133485,4.37113
-0.0933415,-0.157934,4.37249
0.182321,-0.156965,4.38663
-0.0281172,-0.10017,4.34277
0.123107,-0.0997973,4.34345
0.2234,-0.0801231,4.35406
-0.187674,-0.0412863,4.36097
-0.0570275,-0.018198,4.3757
0.164157,-0.0218929,4.39399
-0.272735,0.000737446,4.37397
-0.143723,0.0347719,4.39583
0.0390854,0.018859,4.34385
0.141736,0.057913,4.35021
0.236903,0.0118351,4.35288
-0.25552,0.0917239,4.38452
-0.0595229,0.0717238,4.35152
-0.207009,0.170326,4.36711
-0.128969,0.124827,4.38444
0.0256665,0.16137,4.35349
-0.119889,0.23261,4.38444
0.152322,0.188113,4.35338
-0.015241,0.254378,4.38838
0.0761014,0.235704,4.37922
-0.0463786,-0.252543,4.45251
-0.129953,-0.228422,4.42028
-0.00957871,-0.178084,4.40588
0.117197,-0.213693,4.41893
-0.218907,-0.156591,4.45241
-0.25927,-0.0809214,4.41659
-0.119364,-0.0772069,4.41006
-0.0338516,-0.0928837,4.43912
0.0466805,-0.104074,4.39876
0.130538,-0.0978808,4.43539
0.221514,-0.0842028,4.44672
-0.200908,-0.0158128,4.44872
0.0771294,-0.0191396,4.4158
-0.00641869,0.00381784,4.4493
0.144208,0.0557209,4.44174
0.235711,0.00838971,4.44644
-0.0692743,0.0700244,4.44039
0.0160844,0.0837832,4.40504
0.219952,0.0897309,4.40342
-0.0512094,0.171078,4.40533
0.0310062,0.165299,4.44603
0.100782,0.126255,4.39908
0.176484,0.163308,4.43991
-0.176097,0.199958,4.45048
0.0446656,-0.245822,4.4674
-0.163148,-0.208357,4.50418
-0.0184635,-0.176961,4.49754
-0.101386,-0.151941,4.46369
0.0686259,-0.155973,4.4735
0.172188,-0.16815,4.479
-0.255189,-0.093522,4.51027
-0.165454,-0.0909258,4.48892
0.0431726,-0.0630769,4.48884
-0.110886,-0.0066579,4.47068
0.159231,-0.0250171,4.48598
-0.269165,0.0438678,4.46127
0.0722145,0.0314684,4.49165
-0.16565,0.0709721,4.47946
0.00161223,0.0917938,4.49644
-0.236469,0.130991,4.46519
-0.107689,0.145653,4.47287
0.101662,0.128931,4.49195
0.107915,0.220617,4.46551
-0.071483,0.24799,4.46221
0.0205981,0.25206,4.47424
-0.085149,-0.246313,4.53597
0.00653357,-0.252216,4.55249
0.110947,-0.219217,4.52719
-0.216461,-0.159272,4.56268
-0.0888884,-0.158311,4.5544
0.0323244,-0.126575,4.55422
0.192194,-0.14255,4.56551
-0.0783254,-0.0766813,4.51796
0.119116,-0.0996398,4.52734
0.227929,-0.0627864,4.53636
-0.272648,-0.00714693,4.53715
-0.180447,-0.0147735,4.53994
-0.0163999,-0.0116572,4.54001
0.128169,-0.0193621,4.57144
0.234631,0.0287741,4.54059
-0.257954,0.0850276,4.54275
-0.171811,0.0717896,4.57326
-0.0857036,0.0605259,4.52965
0.150297,0.063855,4.53356
-0.114098,0.142629,4.56307
0.181537,0.156055,4.53287
-0.200259,0.176526,4.53737
-0.124315,0.230854,4.53606
0.0272072,0.184576,4.53643
0.114562,0.216574,4.55811
-0.0349891,0.25323,4.54839
-0.0695473,-0.249316,4.62733
0.0699891,-0.238908,4.61956
-0.150635,-0.216813,4.59528
-0.019754,-0.173606,4.61382
0.10737,-0.158692,4.59771
-0.262003,-0.0661214,4.60877
-0.151945,-0.0942647,4.58031
-0.0380577,-0.0833282,4.60042
0.22326,-0.0774845,4.62813
-0.09904,-0.0144551,4.58381
0.0498601,-0.054139,4.60768
-0.27015,0.0339661,4.61915
-0.184213,0.00188951,4.63202
-0.0203093,0.00339084,4.63121
0.0538302,0.034158,4.57908
-0.090076,0.070431,4.62014
0.13249,0.0637048,4.62298
0.215386,0.0988551,4.59884
-0.232586,0.136357,4.61477
-0.0244165,0.121392,4.58008
0.0836802,0.134341,4.58898
0.166298,0.174044,4.62335
-0.163375,0.208353,4.61661
0.0394889,0.246877,4.6046
0.00473013,-0.252445,4.68314
-0.136133,-0.224452,4.68659
-0.205862,-0.171337,4.65453
-0.107174,-0.148261,4.64219
0.0471482,-0.161746,4.67511
0.181991,-0.156135,4.65662
-0.161822,-0.0782745,4.67062
0.111879,-0.0953967,4.66335
-0.102299,-0.00177245,4.67616
0.157945,-0.0172884,4.65714
0.0620254,0.00311164,4.67846
0.237181,0.0147613,4.63288
-0.168552,0.0880453,4.66517
0.0273446,0.0824487,4.64812
-0.0862242,0.165553,4.64577
0.0078695,0.172128,4.65084
0.098966,0.128925,4.68019
0.109559,0.220273,4.68094
-0.0507568,0.251664,4.64007
-0.0618224,-0.25104,4.74764
0.120457,-0.213292,4.6947
-0.210786,-0.166065,4.74713
-0.12352,-0.1362,4.73101
-0.0411702,-0.171035,4.70415
0.11414,-0.129838,4.74821
-0.25165,-0.100731,4.69491
-0.0525718,-0.079059,4.69158
0.0377654,-0.0787036,4.71616
0.216385,-0.0966422,4.71917
-0.251137,-0.00799832,4.69906
0.119857,-0.0379793,4.73683
0.235614,-0.00555034,4.72444
-0.019258,0.00884171,4.72355
0.135761,0.0509895,4.71427
-0.256806,0.0892565,4.69152
-0.0468813,0.100216,4.69516
0.0490434,0.0698134,4.74121
0.221833,0.083489,4.70046
-0.200961,0.172791,4.69293
-0.123841,0.137009,4.73
0.0418433,0.164878,4.74429
0.176752,0.164025,4.7156
-0.121929,0.232644,4.69699
-0.0444866,0.189168,4.72444
0.0233674,0.251101,4.69626
0.0303213,-0.249975,4.7726
-0.143826,-0.221422,4.77745
0.118319,-0.213892,4.78738
-0.0664747,-0.17103,4.79396
0.0275326,-0.158224,4.76586
0.185927,-0.150834,4.80261
-0.188976,-0.0762579,4.75872
-0.0283917,-0.0866592,4.78021
0.226106,-0.0675879,4.80673
-0.269236,-0.0452367,4.78762
-0.104973,-0.0407187,4.75924
0.0474379,-0.0349715,4.79901
-0.26866,0.0463116,4.77287
-0.182145,0.0169502,4.75569
-0.0956498,0.0519471,4.75576
0.115396,0.0308468,4.80034
-0.158016,0.0982917,4.80775
-0.0244285,0.105529,4.78303
0.209639,0.1113,4.78947
-0.234764,0.133209,4.76952
0.11886,0.121644,4.77229
-0.167856,0.206054,4.77256
0.113124,0.217508,4.77297
-0.0856326,0.246655,4.78177
0.0253516,0.249229,4.7891
-0.0369389,-0.253758,4.83714
0.064996,-0.240446,4.85793
-0.121904,-0.231251,4.86591
-0.240692,-0.125333,4.82433
-0.150926,-0.138267,4.81741
0.0019012,-0.172496,4.85469
0.0850364,-0.134933,4.83596
-0.0918129,-0.0708596,4.84593
-0.00101251,-0.08083,4.86674
-0.186698,-0.055279,4.84921
-0.0405005,-0.000186385,4.81278
0.135227,-0.057131,4.82287
-0.272775,0.00365397,4.86634
-0.129647,0.013435,4.83168
0.032012,0.0535485,4.83241
0.235506,0.0247203,4.8131
-0.254688,0.0932046,4.85155
-0.0670305,0.0766029,4.8593
0.105426,0.102854,4.86123
-0.205426,0.172102,4.84725
-0.0895348,0.160843,4.81254
0.0263943,0.16266,4.8359
-0.131368,0.227655,4.86032
0.0838153,0.232578,4.85976
0.159304,0.179294,4.84368
-0.0372896,0.252903,4.85774
0.000371546,-0.253812,4.92305
-0.19743,-0.178592,4.88806
0.144914,-0.194765,4.87493
-0.109128,-0.144829,4.8978
0.0557035,-0.146243,4.92362
0.205927,-0.121457,4.90703
-0.259283,-0.0808444,4.90126
0.121783,-0.0852949,4.9064
-0.105654,-0.0125469,4.91672
0.0858066,-0.00301111,4.88137
0.233815,-0.0293328,4.89045
-0.189727,0.0235292,4.90209
-0.0153787,0.00625904,4.9019
0.168963,0.0351534,4.87407
0.00767975,0.0955721,4.91229
0.207038,0.117281,4.89402
-0.133477,0.134636,4.89003
-0.0460875,0.168551,4.8944
0.067821,0.165133,4.91868
-0.145382,-0.220482,4.95364
0.087603,-0.23076,4.94637
0.162456,-0.17973,4.96509
-0.230503,-0.138916,4.96808
-0.0322323,-0.170129,4.94143
-0.175856,-0.0691743,4.93966
-0.0476941,-0.0786343,4.94655
0.227255,-0.0647402,4.97682
-0.269844,-0.0409474,4.98251
0.0420528,-0.0541639,4.9425
0.154121,-0.0116508,4.95287
-0.266266,0.054767,4.94461
0.0535004,0.0392676,4.96995
0.232711,0.0390366,4.95344
-0.163921,0.0883684,4.9639
-0.0715694,0.0662399,4.95078
0.133669,0.080208,4.94599
-0.230208,0.140002,4.9275
-0.095974,0.153864,4.97123
-0.00383307,0.168252,4.97755
-0.167414,0.206119,4.94262
0.15709,0.183626,4.93678
-0.0818155,0.241853,4.93941
0.0216662,0.251299,4.92696
-0.0650649,-0.25054,4.98885
0.0254201,-0.25033,5.01289
-0.185561,-0.191153,5.03018
0.102322,-0.199593,5.03234
-0.128166,-0.13406,4.9852
-0.0563888,-0.170058,5.03097
0.0154164,-0.118382,5.00269
0.199022,-0.132326,5.03521
-0.190056,-0.0805625,5.03039
0.107447,-0.111461,4.9921
-0.11079,-0.0427931,5.00351
-0.0269402,-0.00202536,4.99627
0.0552085,-0.0320844,5.02861
0.158681,-0.0494666,5.03768
-0.27007,0.0321178,5.03985
-0.19062,0.00494327,4.99361
-0.115891,0.0461881,5.02918
0.149952,0.0424108,5.02862
0.235935,0.00297863,5.03919
-0.244735,0.115285,5.01262
-0.0169283,0.0881735,5.02293
0.0826054,0.133011,5.00301
0.205207,0.121191,4.98742
-0.189564,0.187767,5.0308
0.0883762,0.229798,4.98559
0.155032,0.185878,5.03003
-0.11082,0.236831,5.02837
-0.0214238,0.25435,5.00868
-0.0976298,-0.240816,5.07625
-0.00777649,-0.25379,5.09955
-0.231986,-0.138606,5.08941
-0.128937,-0.132742,5.0767
0.0274724,-0.16999,5.0779
-0.0481594,-0.0820074,5.05957
0.0888808,-0.0997821,5.07961
0.226794,-0.0692434,5.0975
-0.266986,-0.0542948,5.07307
-0.106804,-0.0200124,5.09389
0.00375152,-0.00361152,5.09865
0.106536,-0.0107475,5.1019
-0.188416,0.0240604,5.08486
-0.0620735,0.0616436,5.09953
0.0638144,0.0608395,5.06052
0.220951,0.0877844,5.07265
-0.14862,0.118929,5.07602
-0.0668271,0.159805,5.05691
0.0847206,0.145622,5.09325
-0.0490325,0.2517,5.0975
0.0416382,0.246407,5.07553
-0.171545,-0.203466,5.12
0.0818368,-0.234007,5.11591
0.15896,-0.181049,5.10388
-0.0522899,-0.1601,5.12132
0.0786964,-0.14907,5.15402
-0.179879,-0.0692409,5.1223
0.0103537,-0.0914231,5.1305
0.149259,-0.0807592,5.14579
-0.271147,0.018631,5.13084
0.0629672,0.0494873,5.1547
0.235151,0.0160173,5.13121
-0.237536,0.101159,5.1026
0.140634,0.075375,5.11363
-0.204819,0.172749,5.15179
-0.0882175,0.149144,5.14565
2.24444e-05,0.174579,5.1178
0.174249,0.166004,5.11675
-0.135749,0.225052,5.11811
0.104523,0.223769,5.13875
-0.0720859,-0.248083,5.16614
0.0242003,-0.25152,5.18735
-0.149227,-0.218131,5.20805
0.115019,-0.218093,5.20088
-0.219837,-0.149791,5.17947
-0.127438,-0.138285,5.16819
-0.00190589,-0.165752,5.19624
0.182628,-0.154984,5.19004
-0.262895,-0.0682897,5.16369
-0.173698,-0.0769141,5.21548
-0.07095,-0.0646051,5.16736
0.0708046,-0.0429105,5.18155
0.228942,-0.056351,5.19047
-0.191081,0.00567752,5.1764
-0.0994711,0.0235221,5.17485
-0.0101074,0.00350507,5.18931
0.155707,0.00684661,5.17851
-0.255895,0.0904557,5.19158
-0.160554,0.0925989,5.16317
-0.0135308,0.0972472,5.16681
0.130158,0.0925828,5.20359
0.21506,0.0995167,5.16445
0.0637205,0.154028,5.18211
-0.0221165,0.176727,5.20995
0.155492,0.18541,5.20507
-0.0764127,0.247314,5.18669
0.0152818,0.252173,5.16555
0.0618366,-0.241346,5.27197
-0.204991,-0.172957,5.26682
-0.0782044,-0.150313,5.24568
0.0837477,-0.136635,5.24494
0.203381,-0.124874,5.27497
-0.258046,-0.0858102,5.2531
-0.00288382,-0.0809363,5.22913
0.142987,-0.0651849,5.23599
-0.0941854,-0.0476107,5.25607
-0.272525,0.00414975,5.22165
-0.149923,0.0523957,5.24544
0.064078,0.0264497,5.24311
0.152727,0.0263425,5.27009
0.23376,0.0314327,5.22335
-0.0539999,0.0664272,5.24288
0.0298911,0.11191,5.25555
-0.220253,0.152983,5.25103
-0.111783,0.136471,5.23376
0.203978,0.123414,5.25241
-0.157173,0.214098,5.22058
0.079307,0.232113,5.23023
-0.00673708,0.254277,5.25678
-0.0257215,-0.254255,5.30002
-0.115539,-0.234708,5.29132
0.14402,-0.195258,5.286
-0.070278,-0.161235,5.33695
0.00771585,-0.168734,5.28769
0.100969,-0.128012,5.33561
-0.228013,-0.114354,5.33443
-0.1422,-0.113206,5.30144
-0.0134581,-0.0876812,5.32571
-0.272335,-0.0140986,5.31115
-0.183119,-0.0231393,5.28791
-0.0140522,-0.00632338,5.28075
0.0652084,-0.0555649,5.28732
0.149342,-0.0487349,5.32538
0.232501,-0.0378186,5.284
-0.0949732,0.0252874,5.31471
0.0649441,0.0269994,5.3351
0.229288,0.0584056,5.31181
-0.261091,0.0752443,5.28224
-0.183229,0.0591185,5.32996
-0.016631,0.0753846,5.32613
0.116277,0.109658,5.2923
-0.150746,0.170224,5.31134
-0.0482146,0.161146,5.29765
0.13844,0.200229,5.29449
-0.0952518,0.241864,5.2834
0.0596958,0.241497,5.32117
-0.0917427,-0.242369,5.3804
0.000332907,-0.252947,5.38958
-0.177126,-0.199053,5.35066
0.0943894,-0.228007,5.35664
0.0264659,-0.164129,5.37877
0.165333,-0.174925,5.38408
0.215496,-0.0997975,5.36269
-0.266626,-0.0553245,5.39246
-0.178531,-0.0210222,5.38012
-0.094888,-0.0564124,5.35784
-0.0143183,-0.00612706,5.37076
0.0649165,-0.0545726,5.3812
0.235372,-0.00934012,5.37282
-0.266177,0.0554101,5.37189
0.150482,0.0305074,5.37181
-0.0975025,0.108494,5.35706
0.114143,0.114681,5.38367
-0.231312,0.138057,5.34526
-0.0342024,0.172298,5.38886
0.0416241,0.151496,5.33854
0.192206,0.141734,5.34196
-0.12,0.232604,5.37339
0.121702,0.211372,5.38448
-0.0286618,0.254213,5.34665
0.0734209,-0.236941,5.445
-0.156672,-0.212526,5.43988
-0.222341,-0.151718,5.41703
-0.13435,-0.1317,5.39626
-0.0524598,-0.171266,5.42729
0.0966887,-0.129335,5.42866
0.204629,-0.123418,5.45072
-0.0199682,-0.0852498,5.41796
-0.11583,-0.0572045,5.44809
0.151125,-0.0555194,5.4174
-0.272039,0.0133459,5.45334
-0.0946115,0.0231897,5.40715
0.0669532,0.0451844,5.42599
-0.247913,0.109908,5.44442
-0.165505,0.0826072,5.41502
-0.0212722,0.0842712,5.41717
0.223344,0.0787629,5.40263
-0.10777,0.149956,5.43964
0.0470752,0.156718,5.43138
0.181214,0.157505,5.43263
-0.193355,0.184068,5.43067
-0.0529561,0.250986,5.43566
0.0376526,0.247559,5.41218
-0.0761097,-0.247893,5.47201
0.00858252,-0.252211,5.50782
0.148641,-0.191844,5.47371
-0.211345,-0.165613,5.50746
-0.118206,-0.141883,5.48639
0.0257392,-0.164028,5.47817
-0.256308,-0.0899378,5.47695
-0.0455734,-0.0756375,5.50628
0.045784,-0.0709401,5.48233
0.135878,-0.0584991,5.50928
0.232913,-0.0364252,5.45998
-0.180543,0.0069323,5.46802
-0.00814385,0.00231101,5.46016
0.149221,0.0233321,5.46478
-0.175789,0.0951027,5.50488
-0.0854339,0.0716888,5.4856
0.00733104,0.0834418,5.50431
0.114553,0.108499,5.47465
0.227918,0.0626394,5.49358
-0.0287136,0.173548,5.48219
-0.13166,0.22796,5.4854
0.118537,0.213623,5.47658
0.0371022,0.248132,5.50587
-0.0634539,-0.250574,5.56449
-0.143001,-0.221836,5.53003
0.0926034,-0.228937,5.53559
0.163652,-0.176706,5.56595
-0.0444269,-0.16301,5.53892
0.0868401,-0.131231,5.5405
-0.248829,-0.107016,5.56731
-0.175097,-0.074668,5.51852
0.213973,-0.102802,5.53998
-0.271557,-0.0226708,5.53795
-0.109769,-0.00902591,5.52667
0.235941,-0.0128858,5.54796
-0.19236,0.0204001,5.55869
-0.0210979,0.00526331,5.54872
0.0681779,0.0135001,5.51514
0.150863,0.0196285,5.55782
-0.263225,0.0693142,5.52505
-0.0557555,0.0884956,5.57169
0.118835,0.104987,5.56543
-0.106945,0.152475,5.53198
0.0567372,0.160073,5.52352
0.191247,0.143243,5.52384
-0.195725,0.181301,5.53495
0.133199,0.203386,5.56721
-0.051946,0.251967,5.52764
0.0217933,-0.251691,5.5999
-0.133024,-0.22658,5.62055
0.104403,-0.218285,5.62543
-0.206429,-0.171032,5.61801
-0.132316,-0.134335,5.57589
-0.0633085,-0.164765,5.62991
0.028218,-0.160474,5.60678
-0.0710258,-0.066299,5.59489
0.0200103,-0.0745223,5.57251
0.163345,-0.0603624,5.60371
-0.162506,-0.0521747,5.60832
0.0806136,-0.012819,5.60818
-0.270206,0.0328282,5.61069
-0.102148,0.01923,5.61408
-0.152265,0.0960101,5.59366
0.0343324,0.0667454,5.59189
0.225528,0.0705883,5.58581
-0.242023,0.12114,5.59645
-0.093178,0.157083,5.62684
-0.0197325,0.175511,5.57395
0.0599795,0.153162,5.61583
0.187509,0.148127,5.61855
-0.188758,0.188675,5.62794
-0.124191,0.230991,5.57903
-0.0356492,0.25363,5.62072
0.0540658,0.243276,5.59727
-0.0514457,-0.252807,5.65712
-0.143699,-0.122385,5.66631
0.174035,-0.166169,5.65806
-0.258873,-0.0827297,5.65549
-0.0100588,-0.0938637,5.65923
0.0884025,-0.0993249,5.64112
0.219688,-0.0905595,5.68662
-0.0927165,-0.0457091,5.68369
-0.00730783,-0.00360158,5.63699
0.23531,-0.0127031,5.63988
-0.186254,0.0310621,5.65002
0.148482,0.000619166,5.67198
-0.256581,0.0897881,5.6813
-0.159462,0.113259,5.68424
-0.0470807,0.0767576,5.66028
0.0413856,0.0612936,5.68475
0.125286,0.0889803,5.65438
0.22541,0.0706411,5.67796
-0.0122988,0.17613,5.66761
0.128688,0.206589,5.66006
-0.111802,0.236726,5.67064
-0.0768985,-0.247458,5.74601
-0.154677,-0.214399,5.7077
0.00266604,-0.187692,5.69179
0.115827,-0.215664,5.71602
-0.222353,-0.151499,5.70672
-0.0804491,-0.159077,5.72132
0.0517374,-0.118269,5.7246
0.134832,-0.0784113,5.71886
-0.266899,-0.00073612,5.69838
-0.185497,-0.046731,5.699
0.0587546,-0.0293165,5.69727
0.235227,-0.010822,5.73298
-0.197991,0.0478326,5.73918
-0.107076,0.0467803,5.72453
-0.0247061,0.00337547,5.72528
-0.0299888,0.0942638,5.74609
0.136311,0.0614612,5.74078
-0.0879431,0.161791,5.71999
0.0732596,0.146044,5.70661
0.177827,0.141121,5.71222
-0.179108,0.197044,5.71906
-0.035941,0.253877,5.7209
0.0547791,0.242453,5.70364
0.0364881,-0.248262,5.75288
-0.153231,-0.215319,5.79791
-0.224499,-0.148431,5.80057
0.00940416,-0.16803,5.79187
0.108985,-0.121517,5.79588
0.180634,-0.158543,5.75064
-0.259979,-0.0786978,5.74897
-0.150589,-0.109644,5.75828
-0.0314736,-0.0863482,5.74925
0.2214,-0.0842306,5.7885
-0.190446,-0.0309653,5.78932
-0.0984409,-0.0294682,5.77684
0.0610297,-0.0419944,5.7893
0.153628,-0.0176492,5.78686
-0.271449,0.025131,5.78805
0.0507062,0.0509002,5.77703
-0.145523,0.114834,5.77598
0.224532,0.0735499,5.77073
-0.234489,0.1338,5.75727
0.0780574,0.14448,5.79792
0.185939,0.151106,5.80467
0.00206992,0.179167,5.75815
0.128792,0.207499,5.75266
-0.112806,0.235999,5.77049
0.0571051,0.242441,5.79735
-0.0257636,-0.254298,5.82209
0.0556417,-0.242693,5.86333
0.122623,-0.211766,5.80746
-0.0832957,-0.144602,5.81318
0.183944,-0.149942,5.84334
-0.160317,-0.106858,5.85043
-0.0113971,-0.0903861,5.83915
0.133229,-0.0668286,5.86362
-0.267426,-0.0530367,5.83691
-0.0180312,-0.000586967,5.81555
0.236192,-0.000603966,5.82629
-0.187915,0.0522855,5.83072
-0.0955047,0.049998,5.8254
0.0708904,0.0165718,5.86149
-0.0124272,0.0902577,5.83357
0.134387,0.0775572,5.83019
0.221664,0.0837712,5.86298
-0.2398,0.125906,5.84748
-0.0743386,0.160739,5.81269
-0.18526,0.191936,5.81041
0.00811259,0.178013,5.84971
0.127495,0.208204,5.84788
-0.108954,0.23742,5.86387
-0.0327537,0.253658,5.81413
-0.0195988,-0.254687,5.9209
-0.185054,-0.192424,5.88084
-0.101044,-0.233036,5.87152
0.132619,-0.20426,5.89931
-0.241502,-0.120097,5.89546
-0.109648,-0.15096,5.91464
-0.0264521,-0.171709,5.88152
0.0626853,-0.149894,5.8706
0.0491603,-0.0640719,5.90357
0.224357,-0.074657,5.88165
-0.190576,-0.0242086,5.88104
-0.0906913,-0.0501167,5.86775
-0.0207795,-0.00432494,5.90592
-0.267675,0.0428322,5.87873
-0.178956,0.057736,5.92353
0.235858,0.0100599,5.91868
-0.0706384,0.0735098,5.91246
0.0224051,0.0769776,5.91444
0.138985,0.064425,5.92057
-0.137827,0.120991,5.8684
-0.0656015,0.166466,5.90594
0.0888898,0.134937,5.88769
0.181997,0.156545,5.90398
-0.182332,0.194603,5.90168
-0.0347144,0.253329,5.92006
0.0525958,0.244785,5.88951
-0.103427,-0.23995,5.96311
0.0667392,-0.240399,5.95485
-0.183857,-0.193158,5.97317
0.0254652,-0.158223,5.9572
0.192053,-0.14294,5.93569
-0.168395,-0.0867005,5.94327
-0.0378289,-0.0931765,5.93196
0.10784,-0.114266,5.95432
0.22721,-0.0667166,5.97487
-0.269811,-0.0368206,5.92767
-0.107742,-0.00473278,5.94683
0.153745,-0.0243562,5.94105
-0.26743,0.0458705,5.97131
0.0704137,0.0105377,5.95445
0.219085,0.0916649,5.95826
-0.237811,0.128693,5.93777
-0.128698,0.126529,5.96123
0.0201112,0.165891,5.94154
0.0962594,0.123925,5.97824
-0.118251,0.233347,5.9562
0.120235,0.213105,5.9409
0.0388717,0.247786,5.97912
-0.00920658,-0.253721,6.01411
0.140927,-0.198234,5.99171
-0.241336,-0.122541,5.98837
-0.139507,-0.125788,6.02042
-0.0599479,-0.164299,5.99179
0.196631,-0.135497,6.02894
-0.0504012,-0.0858958,6.03978
0.0344313,-0.0743489,5.99401
0.139731,-0.0595109,6.0257
-0.270262,-0.0409914,6.0192
-0.191079,-0.00869608,5.98746
-0.113993,-0.00873418,6.03997
-0.0287084,-0.00629557,5.99656
0.144019,0.039549,6.0089
0.235028,0.0180295,6.01196
-0.162834,0.0701845,6.02682
-0.065664,0.0711144,6.0322
0.0237011,0.0734728,6.00468
-0.243246,0.117892,6.0278
-0.0543782,0.15987,6.00628
0.0345514,0.164547,6.034
0.176147,0.164547,5.99683
-0.191221,0.186709,5.99241
0.109719,0.219667,6.03274
-0.0465495,0.252314,6.01287
0.0766356,-0.235501,6.04685
-0.138214,-0.224068,6.04696
-0.209979,-0.167198,6.06553
-0.0905929,-0.158577,6.09124
0.00398329,-0.172512,6.05863
0.090379,-0.137753,6.0422
-0.255777,-0.0910386,6.09452
0.0303961,-0.0789724,6.08584
-0.197538,-0.0171614,6.08076
-0.0342207,-0.00763529,6.08789
0.0615791,-0.00164555,6.04416
0.228936,-0.0577301,6.06697
-0.270302,0.0382632,6.06348
0.142944,0.00797785,6.09526
0.00612689,0.0763853,6.09304
0.100405,0.0983813,6.0669
0.214648,0.10047,6.05131
-0.117353,0.137765,6.07191
-0.0319398,0.161773,6.09895
0.167848,0.172638,6.08853
-0.19971,0.177852,6.08317
-0.129609,0.228118,6.04772
0.0277111,0.250089,6.07007
-0.0776792,-0.247406,6.11281
0.0126908,-0.252439,6.11066
-0.159077,-0.211959,6.13671
-0.024614,-0.177445,6.1531
0.141273,-0.197805,6.10336
-0.223625,-0.14983,6.15776
0.0622552,-0.15503,6.12872
0.201173,-0.128289,6.12198
-0.160892,-0.0991189,6.10641
-0.0494057,-0.0876006,6.13289
0.119589,-0.0839065,6.11287
-0.115411,-0.0221703,6.13244
0.04662,-3.8066e-05,6.13329
-0.271577,0.0202664,6.15266
0.234251,0.0268001,6.10397
-0.24864,0.107358,6.11953
-0.163699,0.0719888,6.11964
-0.0740657,0.0613188,6.13564
0.10202,0.0698822,6.15486
0.189344,0.0999891,6.14128
0.0535763,0.145878,6.13232
-0.141508,0.223443,6.13872
0.10037,0.225085,6.12488
-0.059463,0.250951,6.10404
-0.100528,-0.240467,6.20335
-0.00817516,-0.254171,6.20284
0.0773062,-0.235365,6.17155
0.151744,-0.190354,6.19651
-0.108265,-0.148213,6.18218
0.206789,-0.117975,6.21471
-0.2638,-0.065691,6.18322
-0.172933,-0.0825062,6.19661
0.0321286,-0.0796144,6.17825
0.114099,-0.107531,6.21215
-0.0329464,-0.00919598,6.17993
0.144927,-0.0264418,6.18056
0.231904,-0.0479639,6.15905
-0.18625,0.00908699,6.18361
0.233348,0.0384212,6.19466
-0.255494,0.0918835,6.21027
-0.162695,0.0956058,6.21071
0.00392346,0.0783032,6.18449
-0.208392,0.168839,6.17424
-0.0999954,0.145342,6.16349
-0.0151997,0.169589,6.19036
0.0856096,0.231468,6.21576
-0.0717691,0.24756,6.19541
0.0146017,0.252236,6.16029
0.0664171,-0.240054,6.26308
-0.179796,-0.196599,6.22555
-0.047283,-0.179511,6.24804
-0.238513,-0.126884,6.2463
-0.126582,-0.137132,6.27281
0.0396981,-0.163371,6.21807
-0.0474745,-0.08969,6.2256
0.0439311,-0.0856857,6.26973
-0.111132,-0.020921,6.22889
-0.0136686,-0.011855,6.26881
0.0666527,-0.00186419,6.22311
0.142745,-0.0420738,6.27229
0.233037,-0.036148,6.25076
-0.272448,0.00680606,6.24404
-0.187157,0.0306585,6.27313
0.148528,0.0502088,6.23088
-0.0763732,0.0658392,6.23026
0.0360605,0.0721942,6.26991
-0.217493,0.157706,6.2646
-0.082825,0.157655,6.25402
0.0904336,0.137871,6.2178
0.205059,0.122651,6.23002
-0.152188,0.215764,6.23017
0.151339,0.189659,6.2658
0.00222748,0.252878,6.25142
-0.019864,-0.254333,6.29572
-0.20101,-0.17669,6.31381
-0.119321,-0.228038,6.29465
0.152467,-0.187936,6.28849
0.0228082,-0.171038,6.30807
0.100051,-0.125277,6.3332
-0.253895,-0.0958243,6.33188
-0.17987,-0.0613173,6.28632
-0.0828988,-0.0621937,6.30667
0.210967,-0.107701,6.30796
0.0677886,-0.00751285,6.3151
-0.105137,0.0274041,6.3152
0.144645,0.0569777,6.32092
0.230578,0.0507185,6.28564
-0.260342,0.0790576,6.30185
-0.147337,0.109731,6.30223
-0.0434249,0.0967204,6.31205
0.0110522,0.163657,6.27824
0.0926619,0.133659,6.31127
0.198899,0.132064,6.32175
-0.163111,0.208487,6.32122
0.0728324,0.22677,6.30687
-0.0842742,0.244875,6.28663
-0.0717869,-0.248445,6.37299
-0.156609,-0.212852,6.38526
0.0948049,-0.227224,6.35014
-0.0648057,-0.160201,6.34155
0.166225,-0.174453,6.37939
-0.149983,-0.111243,6.35867
0.00308164,-0.0897145,6.35244
-0.272854,-0.00608654,6.3354
-0.183974,-0.0040817,6.35927
0.144786,-0.0498118,6.36472
0.234007,-0.0235536,6.34236
-0.0268161,0.000424759,6.35772
-0.170753,0.0826055,6.38949
0.0415106,0.0689923,6.36132
0.227541,0.0631368,6.37708
-0.22631,0.145785,6.35495
-0.0959182,0.149172,6.3687
0.00681122,0.167109,6.3714
0.143314,0.196775,6.35821
-0.0968501,0.241796,6.37774
-0.0111699,0.254189,6.34229
0.0178898,-0.25183,6.39632
-0.0285527,-0.189538,6.45204
0.107115,-0.219771,6.44133
-0.223831,-0.14946,6.3996
-0.112277,-0.147647,6.43553
0.0405958,-0.162604,6.39714
-0.0760743,-0.0706467,6.39745
0.000190332,-0.0940189,6.44528
0.112814,-0.11342,6.42465
0.215922,-0.0980028,6.40107
-0.266327,-0.0548772,6.41449
-0.161214,-0.0553012,6.43329
0.0500177,-0.0268886,6.40335
0.235713,-0.0127837,6.43407
-0.261456,0.040999,6.41532
-0.108005,0.0168452,6.40796
-0.0267767,0.00107459,6.44832
0.0486643,0.0547565,6.45203
0.122995,0.031408,6.40402
-0.0410112,0.0814071,6.40279
-0.237904,0.126254,6.44567
-0.048115,0.165796,6.44686
0.0889296,0.136447,6.40389
0.191651,0.141723,6.41472
-0.177002,0.198781,6.41159
0.130183,0.205987,6.44996
-0.0232668,0.254218,6.43372
0.0617269,0.241034,6.39714
-0.107001,-0.238413,6.45872
0.0318232,-0.249295,6.49121
-0.186513,-0.190766,6.47189
0.0516854,-0.158743,6.48894
0.17573,-0.164137,6.47148
-0.245281,-0.114587,6.48322
-0.157503,-0.106408,6.51021
-0.0777882,-0.0650134,6.48846
0.221075,-0.0860312,6.49497
-0.272305,-0.01477,6.49784
0.0612614,-0.0350242,6.49439
0.150345,-0.0371795,6.45896
-0.18415,0.0385091,6.46999
0.136487,0.0553521,6.49151
-0.113118,0.0986239,6.45987
-0.0269095,0.087695,6.49358
0.224958,0.0730911,6.46819
-0.169004,0.164408,6.49597
0.0897947,0.135546,6.49597
0.183545,0.15415,6.50639
-0.113518,0.235192,6.46775
0.0513078,0.243504,6.48782
-0.0517221,-0.252275,6.53174
-0.139908,-0.223,6.54401
0.120512,-0.212976,6.53259
-0.213139,-0.163447,6.55672
-0.0778535,-0.152704,6.52158
0.184452,-0.152457,6.56329
-0.256525,-0.0813353,6.56945
0.00377829,-0.094829,6.53774
0.12035,-0.103061,6.51709
-0.19246,-0.0166377,6.54412
-0.0155076,-0.00312908,6.53723
0.147958,-0.0174744,6.54866
-0.102224,0.0217297,6.51167
0.23595,0.000968216,6.52561
-0.258761,0.0752123,6.52111
-0.159611,0.0866331,6.54716
0.049106,0.0649884,6.543
0.220819,0.0872276,6.55902
-0.0841236,0.151229,6.53083
0.00719276,0.169405,6.52239
-0.134286,0.225784,6.55673
0.118905,0.21404,6.54236
-0.0429212,0.252535,6.52453
-0.0883069,-0.243486,6.61682
0.0561931,-0.242596,6.5925
-0.0162475,-0.183875,6.58315
0.134655,-0.202586,6.62434
-0.0985282,-0.14798,6.61236
0.0702732,-0.150929,6.57975
-0.165484,-0.0846436,6.60077
-0.0736991,-0.0643051,6.57933
0.131897,-0.0880195,6.60794
0.224816,-0.0723038,6.5875
-0.0221038,-0.00254105,6.62718
0.0621801,-0.0194152,6.58535
-0.272083,0.010545,6.58718
-0.124663,0.0104835,6.60171
0.235117,0.0152116,6.61706
-0.252546,0.0980256,6.61212
-0.0611099,0.0739134,6.57713
0.0166783,0.0842341,6.62686
0.133197,0.0702947,6.58201
-0.205851,0.171553,6.58012
-0.0951827,0.148178,6.62211
-0.00745537,0.174359,6.61364
0.0766047,0.144021,6.5868
0.170901,0.162089,6.5982
-0.0663053,0.249737,6.61399
0.0326325,0.249444,6.57834
-0.00803394,-0.254041,6.65847
-0.170979,-0.203323,6.62966
-0.233352,-0.135238,6.64253
-0.0288528,-0.162163,6.67169
0.0801095,-0.144266,6.67359
0.195009,-0.138023,6.65426
-0.0652165,-0.0738045,6.66964
0.017097,-0.0920866,6.62908
-0.268178,-0.0509451,6.65672
0.145682,-0.00185018,6.63886
0.229411,-0.0558313,6.67948
-0.194195,0.00362981,6.66262
0.0591334,0.00807234,6.67273
-0.164274,0.0887903,6.6406
-0.0787231,0.060492,6.66593
0.115817,0.0820096,6.67096
0.215032,0.100379,6.65026
-0.215789,0.160214,6.67181
0.0583804,0.154653,6.67621
-0.148141,0.219046,6.64786
0.102862,0.223585,6.63317
0.0064426,0.252477,6.6693
-0.0400703,-0.252817,6.74525
0.0764807,-0.236262,6.6887
-0.197011,-0.180268,6.71548
-0.120735,-0.232758,6.70271
0.0246114,-0.181717,6.74274
0.150885,-0.189808,6.71801
-0.108337,-0.142021,6.7153
0.206156,-0.119671,6.74455
-0.254252,-0.0948776,6.7402
-0.175233,-0.0823589,6.69327
0.039175,-0.0717112,6.71675
0.136075,-0.0732466,6.69941
-0.272913,-0.00210937,6.73447
-0.115564,-0.00980779,6.71438
-0.0224726,-0.00158863,6.71779
0.146773,0.0153023,6.72801
0.234403,0.032425,6.70775
-0.258552,0.0843831,6.70383
-0.173711,0.0606793,6.73283
0.0160278,0.0834417,6.71843
-0.119289,0.132382,6.71004
-0.0311282,0.162036,6.70207
0.205466,0.121499,6.7392
-0.159331,0.211423,6.73915
0.154111,0.186371,6.7006
-0.078967,0.245852,6.70638
0.0788809,0.235465,6.7226
-0.138333,-0.223999,6.79322
0.0942851,-0.227724,6.78262
-0.131797,-0.119302,6.8027
-0.0566951,-0.171589,6.78726
0.0980235,-0.129085,6.76382
-0.0435409,-0.0834729,6.75848
-0.190459,-0.0276202,6.76655
0.145272,-0.0535678,6.78983
0.23336,-0.0345147,6.77026
0.0624505,0.0162396,6.76398
0.230275,0.0547236,6.79635
-0.262997,0.0683055,6.79465
-0.0765195,0.0633739,6.75747
0.115008,0.112002,6.75844
-0.223736,0.147863,6.76408
-0.133181,0.122353,6.80114
-0.0501584,0.161702,6.79256
0.0383131,0.165134,6.76424
0.115748,0.205625,6.80209
-0.0942465,0.242672,6.79841
-0.00405312,0.253432,6.76191
-0.0608544,-0.251033,6.83578
0.0312664,-0.249158,6.84974
-0.210648,-0.167387,6.80576
0.0368536,-0.157859,6.8305
0.166517,-0.174463,6.80894
-0.250845,-0.104302,6.85721
-0.029872,-0.084253,6.84935
0.0499794,-0.0640042,6.80844
0.11428,-0.11237,6.85402
0.215494,-0.0990063,6.83473
-0.271581,-0.01935,6.82579
-0.186026,-0.039996,6.85839
-0.105449,-0.0307704,6.80445
-0.0177326,-0.000264815,6.80855
0.23577,-0.011335,6.85946
-0.1787,0.0448482,6.82403
0.0612654,0.0163117,6.85615
0.140667,0.0424459,6.8161
-0.0570511,0.0752806,6.84644
0.0250532,0.0868843,6.80918
-0.235616,0.132842,6.85555
0.0191243,0.169621,6.85438
0.100106,0.125912,6.84834
0.188113,0.147513,6.82651
-0.176858,0.198928,6.82875
-0.0195852,0.254254,6.85362
-0.126544,-0.229513,6.89874
0.115122,-0.216298,6.87439
-0.172289,-0.145317,6.88682
-0.0410988,-0.171443,6.87894
0.0624067,-0.153827,6.91949
0.182244,-0.156067,6.89948
-0.110459,-0.0772026,6.89512
0.0508213,-0.0637652,6.90179
-0.269721,-0.0366895,6.91784
-0.0194794,-0.00175206,6.89978
0.145743,-0.0275371,6.87844
-0.267296,0.0512096,6.88609
-0.11409,0.0148908,6.88387
-0.153637,0.105383,6.8892
0.0193765,0.0875906,6.89969
0.129827,0.0603468,6.90596
0.222167,0.0824034,6.88428
-0.0677703,0.157199,6.88596
-0.188197,0.186451,6.92005
-0.115784,0.235229,6.88805
0.142547,0.197294,6.89053
0.0570871,0.242094,6.90737
-0.034503,-0.253388,6.92387
0.0561063,-0.24342,6.94161
-0.182776,-0.19464,6.96497
0.136,-0.202233,6.96464
-0.240469,-0.123999,6.94737
-0.101771,-0.153957,6.94687
-0.0140044,-0.172963,6.96761
-0.160274,-0.0883735,6.97689
-0.0310051,-0.0848538,6.94089
0.129032,-0.0928717,6.94289
0.224247,-0.0748786,6.92524
-0.113646,-0.00824421,6.97341
0.147023,-0.0050948,6.96822
-0.27089,0.0348626,6.97712
-0.193054,0.0168287,6.93072
0.0585761,0.0168474,6.94758
0.235268,0.0152782,6.94699
-0.145736,0.089225,6.97854
-0.0642315,0.0713356,6.93824
-0.243695,0.11794,6.94727
-0.0786613,0.153219,6.97867
0.0042946,0.175123,6.94467
0.0878433,0.136415,6.93967
0.191424,0.142507,6.94738
-0.131051,0.22817,6.97934
0.115136,0.216602,6.97636
-0.0442201,0.253017,6.94325
-0.100708,-0.239092,6.98825
-0.0117324,-0.253954,7.0136
0.0780655,-0.233125,7.0314
-0.221613,-0.140565,7.03765
-0.0837654,-0.158483,7.03752
0.0820761,-0.142299,7.00957
0.196863,-0.135572,6.9888
-0.0631257,-0.0683303,7.02448
0.0400939,-0.0608023,6.99574
0.139404,-0.0715847,7.03178
-0.26554,-0.0582436,7.00844
0.231515,-0.0475015,7.01442
-0.191494,0.021591,7.02215
-0.023212,0.0075126,6.9906
0.0672208,0.0400434,7.03562
-0.0704071,0.0764928,7.03138
0.00963607,0.095096,6.99002
0.138842,0.0832825,6.99611
0.226331,0.0709149,7.02012
-0.201132,0.174851,7.01164
-0.00886866,0.174834,7.03706
0.0773655,0.142044,7.03247
0.172381,0.167121,7.03494
-0.0599318,0.251303,7.03409
0.0309002,0.248902,6.99724
-0.0779943,-0.247046,7.07872
-0.160321,-0.210301,7.05421
0.156859,-0.185333,7.05471
0.00745996,-0.172118,7.0573
0.102916,-0.124604,7.09747
-0.180443,-0.0605539,7.06343
-0.0104168,-0.0898688,7.096
0.209729,-0.111491,7.07742
0.0672195,-0.0401676,7.08239
-0.272006,0.013881,7.06676
-0.112067,0.0017247,7.06546
-0.0202613,0.00759041,7.08166
0.160425,0.015276,7.05681
-0.251072,0.101283,7.03962
-0.162152,0.0968976,7.06788
0.00772444,0.0964179,7.08258
0.137341,0.0984636,7.08839
-0.0877955,0.152169,7.08092
-0.145016,0.221486,7.07003
0.104725,0.222769,7.06773
0.0184407,0.252078,7.08918
0.018756,-0.252614,7.10087
-0.134451,-0.226447,7.14997
0.100256,-0.214825,7.11999
-0.205973,-0.171224,7.12565
-0.0570885,-0.169944,7.12539
0.0319001,-0.156955,7.14593
0.181992,-0.157192,7.15163
-0.262739,-0.072536,7.10062
-0.104372,-0.0935991,7.10229
-0.0797352,-0.0166504,7.14903
0.151101,-0.0494216,7.12211
0.235547,-0.016179,7.10167
-0.19155,0.0204569,7.11504
0.0675499,0.0416497,7.12645
-0.256287,0.0895372,7.13204
-0.071935,0.0725713,7.1245
0.224343,0.075055,7.1125
-0.211093,0.166297,7.10472
-0.0124448,0.174796,7.12975
0.0711139,0.135728,7.14152
0.162608,0.178698,7.12673
-0.0694401,0.248661,7.12592
-0.0462876,-0.252476,7.16671
0.0437432,-0.238971,7.18913
0.129812,-0.207814,7.20694
-0.128232,-0.139274,7.17802
-0.246653,-0.110881,7.18366
-0.172572,-0.0603319,7.15727
-0.0473294,-0.0954027,7.1799
0.0824497,-0.0828681,7.17642
0.224322,-0.0773985,7.17103
0.0128496,-0.0264711,7.15941
0.149275,-0.0277837,7.21118
-0.272675,0.00147815,7.1572
-0.18749,0.0120057,7.21427
-0.102964,0.0491423,7.20806
0.147383,0.0541197,7.16997
0.234045,0.0283148,7.1929
-0.162843,0.0973383,7.15923
0.00328003,0.0836462,7.17883
-0.213535,0.163542,7.19728
-0.0886265,0.150139,7.17727
0.0226994,0.168101,7.21464
0.205185,0.122849,7.18873
-0.149482,0.218546,7.16257
0.0910924,0.228931,7.15887
0.00508577,0.253031,7.18141
-0.103934,-0.239516,7.23759
-0.0154823,-0.255108,7.25733
-0.198021,-0.180662,7.22222
-0.100793,-0.15048,7.26578
-0.0269447,-0.175555,7.21594
0.0610152,-0.153486,7.23328
0.148333,-0.118828,7.22827
-0.258962,-0.084751,7.27189
-0.172145,-0.0942791,7.24522
0.0168527,-0.0725249,7.2408
-0.09694,-0.0407486,7.23758
0.232482,-0.0406442,7.25619
-0.272985,0.00143178,7.24807
-0.0211241,0.0129415,7.23433
0.0713884,0.0231287,7.21556
0.144234,0.0456593,7.26864
-0.257294,0.0893431,7.22666
-0.0485001,0.110652,7.25108
0.0974598,0.114753,7.22859
-0.141673,0.123289,7.2501
-0.15435,0.214583,7.2672
-0.0780181,0.234001,7.21742
0.0790343,0.234799,7.25394
0.150762,0.190072,7.21817
-0.00778204,0.254428,7.27282
-0.077525,-0.247529,7.32683
0.0755174,-0.23608,7.27626
-0.161035,-0.210387,7.30209
0.158086,-0.18337,7.29234
0.00288347,-0.1689,7.30378
0.0872958,-0.132444,7.31918
-0.0481312,-0.0855259,7.3047
0.210954,-0.109544,7.31509
-0.193327,-0.0279661,7.30695
0.0547386,-0.0143813,7.29837
0.137364,-0.057116,7.29659
-0.115881,0.0306198,7.29505
-0.0284368,0.0191752,7.32492
0.232676,0.0434304,7.29579
-0.20089,0.0635231,7.2916
0.0314835,0.0746271,7.28083
0.107436,0.116993,7.3274
-0.221077,0.153315,7.28969
0.0289805,0.163847,7.30602
0.20017,0.129545,7.28135
-0.0630916,0.186467,7.30157
0.143015,0.197761,7.30941
0.0142921,-0.251992,7.34458
0.0991657,-0.214448,7.36279
-0.222963,-0.152072,7.33464
-0.0744832,-0.160488,7.35406
0.175853,-0.165197,7.38013
-0.262021,-0.0740263,7.36111
-0.145831,-0.104974,7.33663
0.0262939,-0.0782496,7.35988
0.156643,-0.0756636,7.38459
-0.099452,-0.0294387,7.35771
0.233552,-0.0294671,7.35798
-0.271801,0.0158785,7.34032
-0.167798,0.0433965,7.37445
0.0626399,0.0477467,7.3635
0.150324,0.0125826,7.3549
-0.250624,0.1028,7.36488
-0.106834,0.112191,7.33642
-0.0152363,0.102911,7.35972
0.226139,0.0590323,7.38767
-0.177992,0.159427,7.3721
0.189211,0.146755,7.37224
-0.123716,0.23254,7.35384
-0.0329164,0.253671,7.36083
0.0580469,0.242403,7.34486
-0.0460365,-0.241089,7.41446
0.0457798,-0.246063,7.43103
-0.135059,-0.219136,7.3945
-0.234042,-0.134006,7.42622
-0.137499,-0.124391,7.42657
0.00828235,-0.164245,7.39654
0.0953232,-0.138535,7.41703
-0.0525076,-0.0897221,7.40808
0.227012,-0.0669184,7.44362
-0.267619,-0.0498869,7.44883
-0.18332,-0.0449382,7.3978
-0.10815,-0.0263986,7.44756
-0.0060394,-0.00800354,7.40974
0.0856302,-0.0255849,7.41174
-0.269276,0.0422079,7.43382
-0.0802867,0.0527917,7.40321
0.167465,0.00372577,7.44581
-0.147105,0.114438,7.44804
0.0229123,0.0763687,7.44011
0.134789,0.083169,7.41096
-0.0655666,0.172989,7.39342
0.0392701,0.167029,7.39811
-0.153015,0.215954,7.44111
0.125117,0.209206,7.40002
-0.0666646,0.24942,7.44635
0.0251102,0.251121,7.43362
-0.102611,-0.240129,7.48784
-0.0120879,-0.254021,7.50122
-0.181664,-0.195363,7.47145
0.122378,-0.211292,7.46951
-0.0560597,-0.162735,7.46443
0.0347441,-0.171891,7.48545
0.188767,-0.147462,7.46854
-0.181261,-0.0660077,7.48778
-0.0507581,-0.0757292,7.49951
0.0280622,-0.0851948,7.45223
0.129849,-0.0758137,7.47709
0.0435124,-0.00010375,7.48844
-0.183419,0.0245892,7.46383
-0.0437646,0.0283446,7.4845
0.221363,0.0845781,7.47735
-0.238686,0.127943,7.45405
-0.0560408,0.118014,7.46602
0.0889237,0.135492,7.46921
0.176256,0.16421,7.46284
0.0101118,0.177789,7.48961
0.0965758,0.226447,7.48693
0.0771498,-0.236531,7.54639
-0.0528982,-0.189405,7.55308
-0.211359,-0.165037,7.55405
-0.127581,-0.135772,7.51782
0.166621,-0.173914,7.55431
-0.257924,-0.0864066,7.5349
0.059473,-0.0754089,7.53769
0.219376,-0.090097,7.53413
-0.112605,-0.0179032,7.53861
-0.0219928,-0.0122833,7.56281
0.15306,-0.0235455,7.5515
0.235745,-0.00172818,7.50918
-0.26186,0.00592177,7.52052
-0.202477,0.0871922,7.52908
-0.111922,0.0732753,7.52432
0.00852975,0.0935474,7.52914
0.138035,0.0610659,7.51332
-0.0703338,0.158967,7.54838
0.09009,0.126662,7.55944
0.182207,0.151483,7.55569
-0.194398,0.181395,7.51673
-0.114094,0.235943,7.52365
-0.0208973,0.25478,7.52768
-0.00112483,-0.254311,7.59333
-0.140073,-0.2234,7.57125
-0.110338,-0.143255,7.60757
0.0465315,-0.157605,7.57592
-0.245614,-0.114883,7.62455
-0.173309,-0.0809726,7.57876
-0.0269274,-0.10315,7.58286
0.121006,-0.104047,7.60036
0.209629,-0.112335,7.62537
-0.270717,-0.0282203,7.60639
-0.0952568,-0.0532982,7.62107
0.0394976,-0.0467777,7.62179
0.233982,-0.0259788,7.59927
-0.189993,0.0105369,7.58099
0.061035,0.0299458,7.57259
0.143181,0.0556083,7.60649
-0.265389,0.0626433,7.59194
-0.0507158,0.0842479,7.59884
0.226398,0.0692854,7.56883
-0.227386,0.146005,7.59596
-0.139309,0.119199,7.59817
0.0103396,0.1595,7.59569
-0.16033,0.210298,7.59912
0.104484,0.221885,7.57853
-0.0717167,0.248408,7.60511
0.0216284,0.251244,7.61071
-0.0819438,-0.245865,7.64098
0.0772144,-0.235466,7.63989
-0.186715,-0.18419,7.6422
0.155705,-0.186412,7.64524
-0.0202884,-0.175843,7.63891
0.055879,-0.128613,7.66223
-0.160222,-0.0991245,7.67118
-0.0266264,-0.0877276,7.67298
0.153994,-0.0271841,7.64883
-0.198325,0.0244303,7.6812
-0.119447,0.0356366,7.63554
-0.0318655,0.0102909,7.65136
0.0597298,0.0341837,7.66405
-0.251271,0.100808,7.67457
0.00169794,0.106086,7.672
-0.071788,0.164039,7.64282
0.0918638,0.120703,7.64954
0.204705,0.121531,7.64361
-0.199736,0.178688,7.67704
-0.122859,0.231517,7.68216
0.0377129,0.190935,7.67975
0.135994,0.201818,7.66269
-0.000955327,-0.253353,7.68666
-0.141308,-0.224682,7.71201
0.114485,-0.21741,7.72338
-0.238332,-0.128817,7.7152
-0.0880638,-0.152232,7.69667
-0.00849056,-0.174631,7.73704
0.142029,-0.109814,7.69118
0.224068,-0.0799335,7.71855
-0.272136,-0.0272877,7.6987
-0.197039,-0.0511815,7.74036
-0.114082,-0.0253911,7.70588
-0.00449609,-0.0226244,7.73256
0.0778992,-0.0467567,7.70449
-0.071038,0.055485,7.72289
0.144134,0.0537153,7.69896
0.235493,0.00682626,7.68529
-0.140456,0.108342,7.69004
-0.0426481,0.1632,7.73008
0.0973042,0.123931,7.73966
0.182232,0.157288,7.72916
0.096035,0.226634,7.74222
-0.0320434,0.25262,7.689
-0.0567943,-0.251492,7.76036
0.0391056,-0.247043,7.77094
-0.158689,-0.145921,7.75551
0.0753181,-0.138331,7.74979
0.177369,-0.161914,7.76427
-0.0662948,-0.0864912,7.75836
0.0184598,-0.0818853,7.7975
-0.270063,-0.0321554,7.79639
-0.137804,-0.0127712,7.7933
0.0770999,-0.00864654,7.78902
0.156301,-0.0270811,7.74516
0.236236,-0.0055667,7.78476
-0.267899,0.049613,7.75101
0.148384,0.0517099,7.79125
-0.17703,0.0638583,7.76306
-0.0354053,0.0988466,7.79667
0.0312576,0.0608143,7.74772
0.224422,0.0767604,7.74418
-0.233541,0.136252,7.75791
-0.117774,0.132945,7.77698
0.030657,0.163745,7.79016
-0.170043,0.204704,7.75877
-0.086689,0.246558,7.76717
0.0113263,0.252394,7.77104
-0.0600931,-0.250788,7.85313
-0.194681,-0.182473,7.8594
-0.135408,-0.225864,7.80411
0.115076,-0.21588,7.81671
-0.24166,-0.120425,7.80758
-0.0647648,-0.1668,7.81104
0.0273667,-0.168995,7.82311
0.178666,-0.161319,7.85983
-0.127248,-0.0991231,7.82612
0.11717,-0.103802,7.82177
0.218895,-0.0927274,7.81107
-0.197546,-0.0471155,7.85403
0.0180359,-0.0135493,7.85956
0.162403,-0.0259084,7.83857
-0.0510698,0.00964811,7.80243
-0.248896,0.0797615,7.8375
-0.156604,0.0915548,7.84993
0.0994536,0.116484,7.83071
0.214452,0.102202,7.8319
-0.210641,0.16661,7.84244
-0.137221,0.224668,7.84272
-0.0550928,0.183772,7.81933
0.0890352,0.229924,7.83436
0.164511,0.17841,7.81814
0.0327454,-0.249713,7.86428
-0.130099,-0.227444,7.91024
0.120097,-0.213605,7.90991
-0.133689,-0.126523,7.9125
-0.00465262,-0.175732,7.91088
-0.244361,-0.116261,7.90037
-0.0471507,-0.0986756,7.87194
0.0437682,-0.100098,7.8845
0.13078,-0.0939941,7.91153
0.22183,-0.0869517,7.91179
-0.273159,-0.0119548,7.88899
-0.101897,-0.0233537,7.87344
-0.19751,0.0357428,7.91029
0.0985675,0.0318017,7.86973
0.235166,0.0218014,7.87416
-0.0714295,0.0642802,7.87446
0.0201539,0.0810623,7.86469
0.155819,0.0958397,7.90263
-0.100768,0.157806,7.89545
-0.0101307,0.169762,7.8957
0.074121,0.146673,7.91065
0.154461,0.188095,7.90992
-0.076179,0.24706,7.90871
0.0043105,0.253819,7.86399
-0.045173,-0.252886,7.94467
0.0463999,-0.245456,7.95548
-0.198182,-0.179493,7.95243
-0.083793,-0.174238,7.97332
0.0737506,-0.149169,7.95741
0.180592,-0.158543,7.95504
-0.078729,-0.0613432,7.95131
0.0090527,-0.0844934,7.96947
-0.266225,-0.058631,7.96824
-0.171576,-0.0471529,7.94354
0.0733531,-0.0262187,7.93728
0.17053,-0.0128501,7.93015
-0.271191,0.0337981,7.97039
-0.112485,0.0259117,7.94923
-0.0208492,0.01413,7.93678
0.231295,0.0500239,7.96337
-0.244066,0.116847,7.92326
-0.154897,0.108263,7.94954
-0.039548,0.103748,7.95076
0.0570098,0.0651988,7.94547
0.195251,0.137105,7.97589
-0.178143,0.198774,7.9232
0.0730581,0.237674,7.92539
-0.0638611,-0.250268,8.03623
-0.149774,-0.217888,8.02162
0.119632,-0.21471,8.00419
-0.237034,-0.130315,8.01994
0.000756177,-0.170798,8.00997
-0.147582,-0.114262,8.00362
-0.0591599,-0.102163,8.02915
0.124185,-0.0780075,8.00265
0.221682,-0.0830735,8.00523
-0.20306,-0.0445855,8.03136
-0.114669,-0.0232398,8.0284
-0.023594,-0.0159523,8.02302
-0.186365,0.040412,8.00259
0.0639292,0.0163723,8.01985
0.140707,0.0540447,7.9839
-0.0758175,0.0617251,8.02513
0.016923,0.0956419,8.02237
-0.207068,0.169831,8.00691
-0.0950865,0.150269,8.00587
0.104571,0.136977,7.99615
-0.121195,0.234169,7.98827
0.0234545,0.179408,7.981
0.0971799,0.22641,8.01459
-0.0299484,0.254165,7.98937
0.0287505,-0.251029,8.04526
-0.199511,-0.179838,8.09051
-0.0524027,-0.17244,8.08664
0.0805578,-0.145204,8.04986
0.181826,-0.155694,8.04861
-0.260175,-0.0797262,8.0938
-0.164788,-0.0966817,8.09357
0.0476406,-0.0615345,8.06146
0.136194,-0.0860524,8.09503
0.146713,-0.00428186,8.05455
-0.273323,0.00698232,8.06041
-0.190196,0.0232116,8.09404
0.236983,0.000930148,8.04328
-0.253913,0.095395,8.0381
-0.157799,0.108543,8.05771
0.131005,0.0869007,8.0694
0.219465,0.0920877,8.0527
-0.0236569,0.17137,8.05944
0.0651231,0.151464,8.07822
0.165396,0.175295,8.05624
-0.162076,0.209862,8.0784
-0.0770949,0.246852,8.06947
0.0241603,0.250804,8.06573
-0.0347034,-0.254919,8.12454
-0.123781,-0.230964,8.11019
0.0339165,-0.193917,8.11272
0.124634,-0.210515,8.09826
-0.113772,-0.14721,8.15024
0.184442,-0.152578,8.14213
-0.0789523,-0.0704462,8.11255
0.00354503,-0.108495,8.12756
0.226063,-0.0684913,8.11321
-0.014179,-0.00588339,8.11241
0.0631368,-0.0415315,8.14991
0.157666,-0.0111236,8.14657
-0.0999473,0.0255906,8.10684
0.0621271,0.0420731,8.10774
0.233111,0.0392696,8.12742
-0.263603,0.0661639,8.13216
-0.158761,0.0926122,8.14731
-0.0306046,0.0890052,8.1009
-0.224616,0.147928,8.10906
-0.0971866,0.153376,8.11315
0.00597153,0.171711,8.14587
0.106712,0.117805,8.15308
0.197307,0.133468,8.13459
0.0973755,0.226178,8.12123
-0.0238239,0.255311,8.14492
-0.095904,-0.241431,8.19874
-0.181085,-0.196324,8.18757
-0.0304317,-0.178872,8.17629
0.0927108,-0.228448,8.18497
-0.228421,-0.117952,8.17233
0.0931564,-0.140296,8.15516
-0.0753562,-0.065495,8.20524
0.127518,-0.0735,8.20815
-0.271728,-0.0210361,8.1642
-0.151837,-0.0333443,8.15752
0.234828,-0.0245441,8.1953
-0.203322,0.0307431,8.19839
0.00122703,0.00483508,8.20143
0.0924035,0.0347524,8.19243
-0.246388,0.112161,8.21136
-0.0686894,0.0680892,8.1815
0.021309,0.0895962,8.17681
-0.0687751,0.163556,8.20162
-0.192328,0.184985,8.18782
-0.11462,0.234886,8.15602
0.149745,0.190738,8.19176
0.0504125,0.245238,8.20015
0.00891966,-0.253299,8.21809
0.161697,-0.179947,8.25932
-0.222227,-0.152104,8.25961
-0.0926081,-0.150795,8.23889
-0.00708512,-0.175582,8.26261
0.0773471,-0.146465,8.24466
-0.262459,-0.0691211,8.24356
-0.161797,-0.0885155,8.23148
0.0146202,-0.0853313,8.21695
0.210864,-0.110537,8.22156
0.0686608,-0.022729,8.25944
-0.270616,0.0328935,8.25952
-0.120129,0.0115142,8.23181
0.161177,0.00528447,8.24432
-0.0630099,0.0973537,8.26738
0.0327978,0.0674135,8.26488
0.14162,0.0980998,8.23569
0.226862,0.0663427,8.21581
-0.145043,0.119332,8.23322
0.0601722,0.157639,8.2238
-0.140087,0.223072,8.25477
-0.0554173,0.251691,8.22964
-0.0578072,-0.251266,8.28365
-0.149012,-0.217596,8.27209
0.0866912,-0.232367,8.27819
-0.119335,-0.137644,8.32453
-0.201115,-0.0925776,8.3292
-0.0378075,-0.0991836,8.302
0.0490613,-0.0772774,8.32997
0.133947,-0.0977669,8.29728
-0.270738,-0.0311562,8.32766
-0.123971,-0.046162,8.30492
-0.0431035,-0.00935567,8.27719
0.235615,-0.0220896,8.28843
-0.183359,0.0499829,8.28687
-0.101202,0.0406389,8.32967
0.109298,0.0421136,8.31123
-0.253224,0.097807,8.32451
0.19754,0.0691998,8.30379
-0.21067,0.166366,8.27758
-0.119938,0.155478,8.31545
-0.00454036,0.163537,8.291
0.0925801,0.132144,8.30584
0.178106,0.162523,8.28913
0.106079,0.222048,8.28751
-0.0754803,0.247002,8.31821
0.0183481,0.252172,8.28805
-0.114258,-0.235983,8.35635
0.0161756,-0.253081,8.34112
-0.194551,-0.183953,8.34636
-0.0407319,-0.181649,8.34609
0.0958572,-0.228333,8.38194
0.050432,-0.167041,8.33296
0.166143,-0.174735,8.35225
0.117477,-0.099539,8.38857
0.216922,-0.0978858,8.33785
-0.187545,-0.00575537,8.36198
-0.0515516,-0.0327272,8.36302
0.159251,-0.0259041,8.34883
0.0255025,0.010951,8.33697
0.235965,0.0201582,8.37136
-0.167951,0.094248,8.36626
-0.0230064,0.0880654,8.34786
0.0627019,0.0848302,8.37858
-0.0495172,0.174349,8.37268
0.0435489,0.175566,8.37016
0.200828,0.129853,8.37321
-0.193439,0.184449,8.36603
-0.00545341,0.254645,8.37798
-0.0712703,-0.248234,8.4383
0.0221398,-0.250795,8.43463
-0.158311,-0.212426,8.43405
0.15151,-0.189631,8.44355
-0.224623,-0.148193,8.42552
-0.0884782,-0.153389,8.41796
0.0635129,-0.160711,8.43427
-0.264353,-0.0651161,8.41431
-0.133645,-0.0769414,8.39198
-0.00596681,-0.112156,8.3966
0.207232,-0.117205,8.42796
0.0475902,-0.0370243,8.41279
0.141206,-0.0246687,8.43931
-0.268231,0.0350987,8.39221
-0.112773,0.00938831,8.41603
-0.0174191,0.0306227,8.42138
0.149929,0.0555935,8.39404
-0.0869485,0.0998647,8.41168
-0.242316,0.121594,8.41448
-0.157987,0.148451,8.44256
0.0861984,0.140743,8.44607
-0.120715,0.232696,8.39644
0.142639,0.197363,8.39879
0.0672612,0.239776,8.4314
0.0893688,-0.230204,8.50137
-0.0189781,-0.163395,8.47736
-0.15129,-0.116507,8.4742
0.0367891,-0.0898889,8.48752
0.127999,-0.107409,8.47977
-0.271091,-0.0272769,8.49961
-0.187088,-0.0326541,8.45345
-0.0509364,-0.0525152,8.45064
0.00735199,-0.00328971,8.50465
0.233785,-0.030463,8.44958
-0.0798731,0.0533948,8.48936
0.073901,0.0391327,8.45685
-0.265624,0.061671,8.48142
-0.180023,0.0600228,8.45098
0.0042969,0.0927553,8.48703
0.144885,0.0753447,8.49889
0.227614,0.0627234,8.45375
-0.078162,0.147509,8.49162
0.189466,0.147258,8.46343
-0.137525,0.225583,8.48652
0.00114767,0.178334,8.45284
0.127641,0.209043,8.49337
-0.0537132,0.252146,8.45776
-0.1095,-0.237144,8.52288
-0.0178428,-0.254501,8.51896
-0.188997,-0.188714,8.5181
-0.116788,-0.143066,8.55663
0.0590465,-0.156395,8.5486
0.16909,-0.171955,8.53201
-0.245973,-0.115407,8.5087
-0.179046,-0.0742667,8.55134
-0.0437851,-0.090197,8.53345
0.216157,-0.0921312,8.51718
-0.113187,-0.0284867,8.51247
0.0965818,-0.0257057,8.51936
0.187657,-0.0033134,8.52654
-0.191102,0.0165953,8.53174
-0.157117,0.10841,8.52584
0.0448518,0.059676,8.56418
0.223565,0.0812904,8.54508
-0.243851,0.118355,8.55818
-0.00141324,0.167279,8.54513
0.08724,0.138545,8.53746
0.177895,0.161564,8.55596
-0.185907,0.191348,8.55672
-0.074142,0.247425,8.55006
0.0218973,0.251311,8.51156
-0.0718814,-0.248515,8.60763
0.0265335,-0.250272,8.60102
-0.157828,-0.212611,8.60233
0.113973,-0.21744,8.59264
-0.224946,-0.148045,8.59294
-0.0301312,-0.176142,8.56732
0.180435,-0.157992,8.62185
-0.264687,-0.0638148,8.58382
0.0404501,-0.0703504,8.57852
0.139307,-0.091247,8.5699
0.224807,-0.0773523,8.60869
-0.187915,-0.0133703,8.61985
-0.051345,-0.00569302,8.57502
0.0979452,-0.0026882,8.60819
-0.27078,0.0306302,8.57371
-0.125838,0.0481774,8.58954
0.235172,0.0151403,8.60862
-0.0447668,0.0870363,8.56576
0.13553,0.0795214,8.59066
-0.102644,0.157731,8.58111
0.0630204,0.154925,8.62391
0.0872529,0.230675,8.57424
0.00150902,0.253642,8.60276
-0.200418,-0.177183,8.67782
-0.0844443,-0.161961,8.64221
0.00688853,-0.174292,8.65124
0.090252,-0.136666,8.63461
-0.251824,-0.0995836,8.66756
-0.155898,-0.103357,8.63565
-0.0391981,-0.0837823,8.62445
0.148232,-0.0617404,8.65653
-0.272417,-0.00825597,8.65773
0.0115355,-0.00802936,8.64136
-0.0774088,0.0133734,8.66166
0.163606,0.0317976,8.66683
-0.256828,0.0883957,8.64594
-0.101541,0.105885,8.65774
-0.0127307,0.0806486,8.64974
0.0772551,0.0706997,8.66179
0.211899,0.109084,8.63338
-0.208747,0.168364,8.64293
-0.028437,0.171652,8.63379
-0.118977,0.23357,8.6311
0.145889,0.19503,8.63684
0.0680829,0.23901,8.66498
-0.0336683,-0.253686,8.69199
0.058371,-0.242673,8.6896
-0.123613,-0.231797,8.68611
0.140189,-0.199525,8.69372
-0.0551874,-0.15197,8.73001
0.0370234,-0.165605,8.73669
0.206144,-0.119068,8.70191
-0.0934906,-0.0728608,8.69754
0.0291704,-0.0879959,8.68694
0.114581,-0.115679,8.72228
-0.183438,-0.0487553,8.70465
-0.0183572,-0.0128903,8.7295
0.0818978,-0.0129719,8.69943
0.233518,-0.0308194,8.68939
-0.267578,0.0495383,8.73015
-0.180174,0.0528714,8.68518
-0.0543911,0.0746988,8.73231
0.222886,0.0797324,8.72161
-0.233223,0.135949,8.72622
-0.143006,0.119229,8.73927
-0.0660709,0.166939,8.71791
0.0230086,0.143093,8.70515
0.144336,0.123307,8.69495
-0.161758,0.20943,8.71219
0.127676,0.208735,8.72809
-0.0191874,0.254063,8.69554
-0.0851599,-0.244803,8.77052
0.00822651,-0.252521,8.77501
-0.169305,-0.204626,8.76112
0.0978262,-0.225859,8.77244
-0.235517,-0.133126,8.7522
0.171717,-0.168479,8.77623
-0.14599,-0.114474,8.76162
-0.0752765,-0.0590902,8.78694
0.0158674,-0.0847019,8.77894
0.220524,-0.0895903,8.78839
-0.268806,-0.0462593,8.74161
-0.184572,-0.0364039,8.79419
0.0738525,-0.0125244,8.79029
0.158131,-0.036929,8.74517
-0.191669,0.0553087,8.78428
-0.121409,0.00896797,8.74282
0.13004,0.0519441,8.75274
0.235736,0.00421906,8.77549
0.0371056,0.060499,8.74575
-0.00268661,0.172452,8.78626
0.0891964,0.13476,8.76809
0.185754,0.151681,8.77316
-0.090622,0.244124,8.76167
0.0526184,0.244413,8.7712
-0.0427716,-0.252587,8.85372
0.0507308,-0.244826,8.85752
-0.137574,-0.225046,8.84575
0.134113,-0.203566,8.85449
-0.209922,-0.166962,8.83496
-0.0848024,-0.15464,8.8183
0.00610521,-0.171632,8.82265
0.0897234,-0.135716,8.80765
-0.258845,-0.081516,8.82636
-0.150777,-0.0977397,8.85371
0.163519,-0.111384,8.85797
-0.0110216,-0.00632561,8.83009
-0.272353,0.0110712,8.81414
0.157228,0.00443329,8.82826
-0.103074,0.0682914,8.81074
-0.0119022,0.0865237,8.8213
0.129491,0.0916322,8.83788
0.221869,0.0826419,8.82324
-0.239895,0.126319,8.81833
-0.0935018,0.159961,8.80596
0.0588558,0.151855,8.85331
-0.179377,0.196682,8.80335
0.124836,0.2096,8.82084
-0.110665,0.237619,8.85263
-0.0232583,0.254143,8.82535
-0.243312,-0.121025,8.90746
-0.113911,-0.162759,8.90819
-0.0243133,-0.171817,8.90794
0.0650628,-0.154083,8.89478
-0.0296168,-0.0929776,8.8596
0.0595741,-0.0670939,8.86305
-0.271175,-0.0244023,8.89957
-0.101761,-0.00934529,8.86022
0.140607,-0.0379792,8.90995
0.233958,-0.0332044,8.86039
-0.191276,0.0163585,8.86849
0.0791576,0.0235285,8.87525
-0.263651,0.0679005,8.88654
-0.164996,0.10615,8.86868
-0.0774293,0.0906348,8.89654
0.0133921,0.0778409,8.91146
0.221988,0.0860763,8.91581
-0.0310603,0.173416,8.87227
0.181029,0.158536,8.87442
-0.178759,0.193826,8.89758
0.055347,0.243246,8.87295
-0.0889277,-0.244695,8.94071
0.0036711,-0.253764,8.93871
-0.192284,-0.186563,8.94567
0.0937991,-0.228599,8.93939
0.172018,-0.168371,8.93049
-0.0949615,-0.0751681,8.92427
-0.00900466,-0.0916679,8.94948
0.104718,-0.105445,8.96288
0.21982,-0.0896018,8.93181
-0.184736,-0.0530905,8.92834
-0.0327773,-0.00299092,8.92298
0.0540582,-0.02864,8.9466
-0.133614,0.026582,8.93961
0.154132,0.0410402,8.95646
0.236229,8.70069e-06,8.94663
-0.142645,0.117467,8.95838
0.109551,0.116379,8.92543
-0.234414,0.134655,8.94211
-0.0599316,0.159553,8.95697
0.031842,0.164796,8.94017
0.184346,0.153049,8.96874
0.123976,0.21027,8.92639
-0.111857,0.2364,8.94723
-0.0249508,0.254066,8.91915
-0.0505865,-0.252277,9.02574
0.0427187,-0.247481,9.0233
-0.141241,-0.222457,9.0147
0.14177,-0.197431,9.01233
-0.226954,-0.144873,9.02028
-0.141727,-0.121624,8.99048
-0.0594286,-0.165747,8.99278
0.0360234,-0.164885,8.98339
0.202626,-0.12664,9.01362
-0.262924,-0.0689274,8.9801
-0.176615,-0.0368392,9.01878
-0.0858103,-0.0248874,9.00009
-0.000839645,-0.00160061,9.02763
0.144451,-0.0562802,9.03067
-0.271159,0.0243834,8.98145
-0.188129,0.0548671,9.0098
0.088072,0.0173317,9.01371
-0.0665101,0.070946,8.98651
0.0245292,0.0847513,9.00373
0.121419,0.103538,9.01711
0.223359,0.078531,9.00939
-0.235614,0.13181,9.03419
-0.000483792,0.171133,9.02538
-0.182415,0.194588,8.9911
0.127928,0.207605,9.01923
0.0434238,0.246612,8.9824
-0.185998,-0.190784,9.09045
0.0136885,-0.176553,9.07506
0.102119,-0.223643,9.09112
-0.0723699,-0.140625,9.08081
0.0897449,-0.128574,9.05213
0.174861,-0.165225,9.09266
-0.156599,-0.102423,9.08093
0.000872103,-0.0930455,9.04103
-0.269878,-0.0391273,9.06563
-0.060086,-0.0412506,9.08797
0.0628866,-0.0399541,9.08564
0.235875,-0.00927363,9.03901
-0.262925,0.0529773,9.07503
-0.117588,0.0270086,9.06903
0.0517123,0.0522435,9.0897
0.15603,0.024919,9.07246
-0.160965,0.105144,9.0827
-0.0362798,0.0710262,9.07357
-0.0878442,0.143116,9.04275
0.0693336,0.148752,9.0782
0.188794,0.147535,9.06261
-0.186162,0.19213,9.08473
-0.115866,0.234514,9.04216
-0.0265162,0.254867,9.04721
0.0612055,0.241112,9.07409
-0.106146,-0.238473,9.09937
-0.0147972,-0.254682,9.11217
-0.244051,-0.118152,9.10699
0.0695438,-0.149454,9.14441
-0.00759079,-0.100679,9.1337
0.134293,-0.0866576,9.12302
0.222218,-0.0830819,9.09356
-0.272365,-0.00655303,9.1512
-0.191869,-0.0114805,9.10648
-0.00902757,0.00961277,9.14677
0.232798,0.0450049,9.11531
-0.0902583,0.0996005,9.14298
0.126017,0.0943762,9.12438
-0.239121,0.127221,9.12683
-0.0161045,0.15149,9.11471
-0.101333,0.189155,9.12279
0.135259,0.202452,9.11645
-0.0358904,0.253362,9.13981
-0.0718165,-0.248987,9.18477
0.0580643,-0.242626,9.16952
-0.0103093,-0.180241,9.18146
0.141657,-0.198717,9.17181
-0.209474,-0.16762,9.17769
-0.117806,-0.163032,9.15863
0.201876,-0.127396,9.17315
-0.25664,-0.0882914,9.19362
-0.120547,-0.0598742,9.15584
-0.190958,-0.016219,9.199
0.0484511,-0.051921,9.18969
0.11623,-9.0589e-05,9.15264
0.232733,-0.0395507,9.17504
-0.0960111,0.0221461,9.19384
0.232484,0.0469047,9.20768
-0.26178,0.0725683,9.19835
-0.175155,0.0685553,9.1648
0.056577,0.0664244,9.18047
0.143958,0.0673977,9.2099
-0.0453794,0.172521,9.1988
0.0735622,0.156224,9.17015
0.205309,0.122512,9.16007
-0.189301,0.187768,9.17757
0.153964,0.186561,9.20666
-0.106475,0.239917,9.19987
0.0531816,0.244912,9.16594
0.0123392,-0.252769,9.24876
-0.148718,-0.218433,9.22661
0.100964,-0.224725,9.25054
-0.0942659,-0.147546,9.26365
0.0561757,-0.145072,9.23649
0.173779,-0.166716,9.25292
-0.165482,-0.101283,9.22601
-0.0241841,-0.0987281,9.2252
0.130443,-0.0870619,9.21783
0.221234,-0.0868606,9.25476
-0.272849,-0.00919293,9.24254
-0.0957626,-0.0474786,9.2551
-0.0139653,-0.00440485,9.24104
0.171113,-0.00974576,9.25246
-0.180036,0.0579122,9.25517
0.0805581,0.0127205,9.25134
-0.0280661,0.0831891,9.21292
-0.228424,0.142941,9.24981
-0.125673,0.132092,9.22578
0.0149053,0.174013,9.26855
0.0951656,0.130047,9.25614
0.204116,0.123326,9.25354
-0.164212,0.20789,9.26465
0.0860623,0.231765,9.25247
-0.0126082,0.254306,9.23014
-0.0757654,-0.247426,9.27696
-0.15129,-0.216585,9.32017
-0.211615,-0.166953,9.27101
-0.011368,-0.176321,9.29423
-0.256978,-0.0884592,9.28597
-0.039908,-0.0906352,9.31641
0.0427754,-0.0657199,9.28205
0.131466,-0.0714615,9.3101
-0.181112,-0.0345575,9.28966
0.232313,0.0424392,9.29991
-0.263864,0.0678372,9.29095
-0.0903701,0.0622276,9.27812
0.026504,0.0779591,9.29293
0.14036,0.062842,9.30263
-0.159344,0.127402,9.31417
-0.0709812,0.153105,9.29852
0.154386,0.186451,9.30064
-0.0824922,0.245622,9.28992
0.0101274,0.252508,9.32058
-0.0314475,-0.253594,9.35765
0.0561206,-0.242951,9.32981
0.138761,-0.200496,9.33202
-0.243551,-0.118111,9.37207
-0.157833,-0.117874,9.32926
-0.0808046,-0.163918,9.35481
0.0672199,-0.141849,9.32961
0.199826,-0.129922,9.33456
0.029988,-0.0681741,9.37401
-0.272257,-0.0120041,9.33624
-0.184975,-0.0458376,9.38197
-0.0748587,-0.00789495,9.33718
0.155507,-0.0174185,9.38253
0.232453,-0.0430645,9.33652
-0.154788,0.0377929,9.34165
0.0745968,0.00846582,9.34413
-0.0558954,0.0801528,9.36251
-0.241081,0.123391,9.35934
-0.000818719,0.167823,9.3588
0.0866931,0.135897,9.34784
0.206487,0.118666,9.34648
-0.145235,0.220413,9.35382
0.0930078,0.228496,9.35643
-0.0613584,0.250491,9.38051
-0.111491,-0.237215,9.4014
0.0097983,-0.25266,9.44013
-0.189833,-0.187466,9.39939
0.0968925,-0.226357,9.41149
0.00530724,-0.170869,9.39395
0.17164,-0.170413,9.41271
-0.0988329,-0.0800652,9.39146
-0.0238378,-0.0943755,9.4449
0.114262,-0.0991657,9.39787
0.219215,-0.0903706,9.41707
-0.268923,-0.0445648,9.42229
-0.22546,0.0357929,9.40129
-0.116319,0.00734381,9.42141
-0.0204067,0.000756922,9.41164
0.0827129,0.00496762,9.43745
0.233668,0.032135,9.39199
-0.154019,0.0985717,9.41146
0.0317754,0.0754488,9.39287
0.137323,0.0730564,9.39422
0.211361,0.1086,9.43926
-0.0854085,0.160627,9.39848
0.0858706,0.134046,9.44091
-0.198195,0.180114,9.41793
-0.126634,0.230197,9.44409
0.159451,0.178463,9.39965
0.024708,0.250544,9.41524
-0.0723895,-0.248378,9.48417
0.0767535,-0.235649,9.50136
-0.158078,-0.212359,9.48198
-0.0940134,-0.155726,9.44639
-0.0132273,-0.176103,9.48856
0.104989,-0.151597,9.47429
0.194783,-0.138207,9.49705
-0.174506,-0.108991,9.4499
-0.101772,-0.0612236,9.48461
0.0571944,-0.0724245,9.48469
-0.190522,-0.0195948,9.4716
-0.0210401,-0.00744818,9.50402
0.150613,-0.0545479,9.47095
0.235853,-0.0162407,9.47088
-0.270996,0.0263781,9.48233
0.161526,0.0383518,9.47594
-0.248047,0.110103,9.45058
-0.177482,0.069356,9.49676
-0.0641002,0.0767823,9.45631
0.0255123,0.0734313,9.4859
-0.121018,0.14462,9.48601
-0.00726561,0.15227,9.44897
0.17019,0.170567,9.49436
0.102945,0.223423,9.45795
-0.0446475,0.253006,9.47715
-0.00268162,-0.253663,9.54434
0.143571,-0.196105,9.55006
-0.223971,-0.149533,9.51774
-0.107658,-0.144428,9.53829
0.0527977,-0.156891,9.55117
-0.263986,-0.0642205,9.51211
-0.173249,-0.0757498,9.54453
-0.0295754,-0.0932329,9.53813
0.126953,-0.100133,9.54889
0.22734,-0.0672804,9.54792
0.154506,-0.0114901,9.55391
-0.10578,0.0200904,9.5306
0.0659064,0.0054233,9.53441
-0.254012,0.0962129,9.54233
-0.0370693,0.0780619,9.55533
0.120999,0.100053,9.53192
0.220551,0.0865352,9.53046
-0.207443,0.16984,9.50998
-0.0435767,0.167998,9.53256
0.0489086,0.15684,9.52275
-0.137139,0.224448,9.53596
0.115967,0.215846,9.55524
0.037269,0.248304,9.51761
-0.088823,-0.24483,9.57545
0.0724902,-0.237391,9.59451
-0.170913,-0.203925,9.5722
-0.0323792,-0.172539,9.58649
0.195419,-0.138316,9.5986
-0.261122,-0.0756321,9.60341
0.0472303,-0.0699703,9.58619
-0.0961644,-0.0518241,9.59193
-0.0167221,-0.00255507,9.59836
-0.272813,0.0106292,9.57324
-0.181901,0.0229639,9.58364
0.138072,0.057289,9.61237
0.23543,0.0158091,9.59055
-0.139744,0.106746,9.57305
0.0490086,0.0762212,9.59152
-0.217405,0.157144,9.60223
-0.0786299,0.160908,9.61875
0.0130816,0.159616,9.60803
0.181381,0.156615,9.58557
-0.0552582,0.251803,9.57001
0.0290495,0.250561,9.6089
-0.0133021,-0.254003,9.63748
-0.134281,-0.225287,9.65449
-0.0549002,-0.180518,9.67874
0.140544,-0.198938,9.64371
-0.22078,-0.153836,9.62973
-0.121868,-0.134662,9.63072
0.0407275,-0.16089,9.64309
-0.0257698,-0.0950365,9.63788
0.118141,-0.108574,9.6421
0.228141,-0.0634729,9.64139
-0.272307,-0.00718891,9.66504
-0.178656,-0.0521075,9.63907
0.150211,-0.0291974,9.67898
-0.188889,0.0331646,9.67656
-0.0985299,0.0383352,9.62221
0.0695783,0.00138629,9.6426
-0.259554,0.0801597,9.63442
-0.143759,0.114419,9.66597
-0.028917,0.0904946,9.65528
0.21802,0.0938469,9.64312
0.0948818,0.128455,9.65379
-0.15137,0.217332,9.62729
0.108226,0.220479,9.64811
-0.0560971,0.25119,9.66291
-0.0169791,-0.248889,9.73144
0.0649416,-0.239757,9.68697
-0.197559,-0.180184,9.71582
0.138641,-0.199839,9.73717
0.0552923,-0.1571,9.73456
0.193898,-0.139466,9.69158
-0.254451,-0.0947549,9.69329
-0.0985006,-0.0620958,9.68517
-0.0307088,-0.106523,9.73129
0.0473335,-0.0740835,9.69198
0.226839,-0.0659768,9.73792
-0.178453,-0.0580727,9.73259
-0.018107,-0.00574881,9.69206
-0.10436,0.0260075,9.71606
0.235092,0.0151925,9.68953
-0.263087,0.0607385,9.7276
0.0435101,0.063446,9.70745
0.138116,0.0593798,9.70458
0.217844,0.0943952,9.73588
-0.227603,0.144246,9.69412
-0.0731076,0.154611,9.71209
0.0193086,0.156624,9.70086
0.174698,0.165311,9.68562
-0.129384,0.228566,9.71632
0.0299739,0.249652,9.70107
-0.110336,-0.236977,9.74277
0.0657079,-0.239775,9.77954
-0.0526511,-0.178302,9.78655
-0.239665,-0.125606,9.77936
-0.122094,-0.132661,9.74325
0.193042,-0.140821,9.78502
0.0409181,-0.0776861,9.78479
0.124599,-0.0945208,9.74093
-0.27016,-0.0280106,9.75633
-0.0898092,-0.0501635,9.77739
0.0893752,-0.00793837,9.74682
-0.186082,0.0102995,9.79521
-0.00870074,0.00090792,9.79628
0.235476,0.0152705,9.78251
-0.169076,0.0908584,9.75213
-0.0367892,0.079071,9.75296
0.135885,0.0629876,9.79778
-0.0163795,0.16654,9.78623
0.0953619,0.129736,9.7473
0.175644,0.164719,9.77959
-0.191967,0.185549,9.76966
0.109564,0.220428,9.74125
-0.0480674,0.252362,9.75574
0.0366625,0.246535,9.7932
-0.105567,-0.238698,9.835
-0.0145732,-0.254345,9.82513
-0.182485,-0.194128,9.80668
0.13804,-0.201048,9.83079
-0.114788,-0.145502,9.84941
0.0339429,-0.163821,9.8246
-0.26408,-0.060997,9.84368
-0.174129,-0.0777907,9.82392
-0.0343408,-0.100372,9.83448
0.112004,-0.112491,9.83391
0.226767,-0.0670798,9.83139
0.143297,-0.0255666,9.82506
-0.270757,0.0309572,9.82876
-0.0977003,0.0369022,9.81056
0.0669287,0.0187627,9.85579
-0.244994,0.115724,9.79999
-0.168503,0.0866298,9.84661
0.0364844,0.0931148,9.80917
0.217826,0.0944818,9.8287
-0.105046,0.139872,9.79947
-0.122096,0.232059,9.8089
0.0990712,0.186939,9.82758
0.0640636,-0.238726,9.87214
-0.166482,-0.206587,9.89784
-0.0341642,-0.177543,9.88706
-0.228755,-0.143162,9.87021
0.0675596,-0.152017,9.91067
0.192336,-0.141591,9.8786
0.0422295,-0.0682928,9.8778
0.13317,-0.0658609,9.91248
-0.185914,-0.00229423,9.8872
-0.100556,-0.0451505,9.8701
-0.0215001,-0.000857189,9.89113
-0.105367,0.041905,9.90381
0.147142,0.0263353,9.90277
0.235173,0.0149934,9.87523
-0.251761,0.0980911,9.89167
-0.0438037,0.0979077,9.85667
0.102793,0.105414,9.87421
-0.2046,0.173039,9.86132
-0.114084,0.134932,9.90559
0.0268292,0.159859,9.87892
0.175928,0.164059,9.87476
-0.137797,0.22477,9.90011
-0.0568132,0.196528,9.86425
0.10728,0.220849,9.91471
0.0157866,0.252386,9.88258
-0.0857026,-0.245153,9.92498
0.00528011,-0.252958,9.94263
0.0981228,-0.226198,9.95722
-0.216536,-0.159097,9.96127
-0.103057,-0.149701,9.94421
-0.00152506,-0.164752,9.97367
0.179685,-0.159046,9.96983
-0.259588,-0.0801217,9.93548
-0.16862,-0.089259,9.91636
-0.033067,-0.0897936,9.92801
0.226403,-0.0677749,9.9249
-0.0997104,-0.0351315,9.96291
-0.272294,0.011346,9.91996
0.0702083,0.00196444,9.9498
0.235492,0.0147775,9.96802
-0.166316,0.0824485,9.96222
-0.0495214,0.0695603,9.97331
0.0247217,0.0757181,9.91679
0.118856,0.0897488,9.96495
0.217587,0.0945336,9.92158
-0.215304,0.16086,9.95334
-0.0357322,0.160453,9.94956
0.0559882,0.158551,9.96749
0.175528,0.164339,9.96779
-0.0578141,0.25111,9.94016
0.0293933,0.247798,9.97378
-0.148815,-0.218173,9.98835
-0.0558442,-0.231187,10.0116
0.0365965,-0.230601,10.0274
-0.252502,-0.0991159,10.0278
-0.161252,-0.0919758,10.0091
0.0517768,-0.085894,9.97399
0.134266,-0.0858865,10.0186
0.226375,-0.0676601,10.0183
-0.272976,-0.00939677,10.0106
-0.186249,-0.0068014,9.9803
-0.0126286,-0.014833,9.98979
-0.118395,0.0361687,10.0275
0.148324,0.00806033,10.0002
-0.257854,0.079346,9.98415
0.0390733,0.0674031,10.0088
0.213569,0.0925974,10.0143
-0.114279,0.135833,10.019
-0.151074,0.21717,9.9913
-0.0430044,0.22212,10.0276
0.112915,0.217779,10.0122
-0.128004,-0.228969,10.078
0.133078,-0.20417,10.0405
-0.201414,-0.173737,10.052
-0.0938457,-0.150088,10.0374
0.0627407,-0.142954,10.0476
0.193842,-0.139658,10.0684
-0.0174504,-0.0962621,10.0356
-0.182184,-0.0193401,10.073
-0.0944423,-0.0485888,10.0581
-0.0160886,-0.00286876,10.0823
0.065964,-0.0213348,10.0405
0.146738,-0.0228294,10.088
-0.263396,0.05681,10.0757
0.235111,0.0147952,10.0617
-0.173958,0.0810014,10.0883
0.130917,0.0809676,10.0568
-0.220062,0.15094,10.0463
-0.022729,0.13155,10.0377
0.0651062,0.15373,10.0603
0.175091,0.164018,10.061
-0.121961,0.230867,10.078
0.0388436,0.247407,10.0656
-0.0381108,-0.254116,10.0996
0.0531724,-0.244661,10.1174
-0.186498,-0.193372,10.1418
0.137699,-0.204623,10.1337
-0.242358,-0.122146,10.1186
-0.0121383,-0.164766,10.0994
-0.151367,-0.110895,10.0998
-0.059377,-0.0916563,10.1332
0.0321206,-0.0835936,10.1139
0.122488,-0.107414,10.1197
0.228317,-0.0649127,10.1119
-0.270101,-0.0349286,10.1003
-0.100605,-0.0020464,10.1392
0.070036,-0.00129884,10.1372
0.146129,0.0523718,10.1441
-0.244958,0.117181,10.148
-0.0685769,0.0746278,10.096
0.0247838,0.0793872,10.1003
0.218803,0.0953817,10.1066
-0.0619478,0.164636,10.1196
0.0908703,0.127663,10.146
-0.189761,0.189081,10.1264
0.115238,0.217013,10.1087
-0.0399566,0.254964,10.1147
-0.0182368,-0.25769,10.1905
0.0720715,-0.24158,10.2084
-0.102143,-0.224854,10.167
-0.125303,-0.135998,10.1857
0.0587134,-0.162524,10.1603
0.198738,-0.138712,10.1644
-0.267447,-0.0606649,10.19
0.0119682,-0.0956213,10.2046
0.232356,-0.0613717,10.2053
-0.179375,-0.0472024,10.1624
-0.0147171,-0.0107904,10.1754
0.146738,-0.0333995,10.1806
-0.274002,0.0302614,10.1673
-0.181898,0.0446819,10.1803
0.234384,0.0173079,10.1553
-0.0618975,0.0691883,10.1888
0.0317326,0.0689656,10.1928
0.224589,0.0985421,10.1998
-0.134139,0.123129,10.1619
0.0107896,0.163797,10.1783
0.176709,0.163907,10.1545
0.118269,0.218571,10.202
-0.118765,0.236819,10.1706
-0.0363133,0.25911,10.2083
0.0423572,0.249734,10.1584
-0.0875265,-0.253233,10.2547
-0.168654,-0.211085,10.2311
0.153071,-0.198023,10.2256
-0.230734,-0.144649,10.2087
-0.0429388,-0.170489,10.2144
0.0489118,-0.164897,10.2597
0.202696,-0.127107,10.2634
-0.165195,-0.0731692,10.251
-0.0748256,-0.065785,10.2215
0.114313,-0.113414,10.2164
0.0567901,-0.0202422,10.2354
-0.271508,0.004406,10.2573
-0.117261,0.0151688,10.2416
-0.0283227,0.00181679,10.2669
0.115284,0.0517251,10.2314
0.207148,0.0201447,10.246
-0.25136,0.094035,10.2383
-0.152233,0.119167,10.2534
-0.0730957,0.169525,10.2196
0.0779968,0.137332,10.2377
0.169067,0.155725,10.2482
-0.188022,0.19972,10.2217
-0.112193,0.24308,10.2632
0.0466289,0.254621,10.251
0.00156182,-0.262178,10.2812
0.0892604,-0.240318,10.2996
-0.148412,-0.225872,10.3204
-0.0339996,-0.179674,10.3073
0.165474,-0.192126,10.3179
-0.206507,-0.155436,10.3021
-0.116679,-0.148657,10.2775
-0.264512,-0.0863568,10.2795
-0.0953247,-0.0618801,10.3123
0.0170362,-0.0793597,10.2965
0.110503,-0.117097,10.3198
0.0860328,-0.00871534,10.3237
0.151978,-0.0492902,10.2723
0.241152,-0.0483081,10.3003
-0.192529,0.0426453,10.2897
-0.0686996,0.0865873,10.2803
0.0398866,0.0630848,10.2856
0.143456,0.0651146,10.3186
0.226496,0.0984939,10.2931
-0.239125,0.145671,10.3155
-0.0812394,0.171822,10.3169
0.0041221,0.175964,10.2795
-0.179833,0.217775,10.3221
0.120587,0.219492,10.2952
-0.0297427,0.26186,10.303
-0.0658631,-0.259973,10.3457
-0.262005,-0.122191,10.3697
-0.106811,-0.158965,10.3699
0.0450376,-0.171978,10.3561
0.213487,-0.123764,10.3576
-0.0346131,-0.0995534,10.3731
0.0550132,-0.0752647,10.382
-0.274622,-0.0307922,10.3539
-0.184769,-0.0581004,10.3413
0.162523,-0.0432698,10.3649
-0.113434,0.0270217,10.3373
-0.0268697,0.000250523,10.3602
0.221947,0.0312226,10.3569
-0.273852,0.060302,10.3325
-0.0111454,0.105379,10.3513
-0.153124,0.119985,10.3468
0.0736466,0.139242,10.3309
0.165364,0.152535,10.3428
-0.101826,0.251827,10.3604
0.0523043,0.256025,10.347
-0.130352,-0.244608,10.4115
0.0114941,-0.267212,10.3966
0.0991853,-0.23938,10.3914
-0.205815,-0.194895,10.387
-0.0279979,-0.184284,10.4122
0.174683,-0.190162,10.4109
-0.168255,-0.121807,10.4295
-0.283338,-0.0659101,10.4414
0.131753,-0.109155,10.4231
-0.196471,-0.0328382,10.4306
-0.108965,-0.0524304,10.404
0.250539,-0.0479045,10.3956
-0.286977,0.0308798,10.4228
-0.19715,0.0534401,10.3952
0.05047,0.0406071,10.3941
0.143464,0.0378071,10.4073
-0.0847929,0.085905,10.4057
0.00618949,0.106516,10.443
0.234789,0.116411,10.3924
-0.263146,0.119185,10.4045
-0.115908,0.175982,10.4121
0.0797569,0.158914,10.4219
-0.207213,0.193626,10.408
-0.0217452,0.191012,10.3869
0.131927,0.227056,10.3871
0.00999375,0.267909,10.4293
-0.0556099,-0.271521,10.4611
0.0338272,-0.278401,10.487
-0.192046,-0.223376,10.4796
-0.10156,-0.176871,10.4692
0.10494,-0.219015,10.4812
-0.251647,-0.153854,10.4575
0.0515363,-0.150121,10.4473
0.232671,-0.122214,10.449
-0.115415,-0.08002,10.4929
-0.0304117,-0.111878,10.4713
0.169154,-0.0665989,10.4968
0.00238939,-0.028676,10.4438
0.0955543,-0.0281849,10.4517
0.258562,-0.0412385,10.4885
-0.217947,0.0401528,10.4853
-0.123709,0.0204433,10.4601
-0.0350675,0.0406715,10.4943
0.176718,0.0266056,10.4941
0.253814,0.0411025,10.4443
-0.15749,0.107732,10.4612
0.0793909,0.0619506,10.4806
0.156224,0.112018,10.4619
-0.237401,0.15576,10.4881
-0.0714467,0.137286,10.4835
0.244161,0.121239,10.492
-0.164573,0.234819,10.4805
0.0111485,0.193221,10.4851
0.175399,0.203213,10.4665
-0.0806761,0.2635,10.4512
0.0934543,0.252356,10.4686
-0.121943,-0.264546,10.526
-0.0340517,-0.286929,10.5508
-0.0106653,-0.197608,10.5028
-0.254454,-0.163893,10.5516
-0.162464,-0.154929,10.5364
0.074932,-0.155671,10.5426
0.17336,-0.162704,10.5078
0.247762,-0.117724,10.5414
-0.215278,-0.0834773,10.5073
0.0436621,-0.0718314,10.5157
-0.298057,-0.00297667,10.5091
-0.134454,-0.0157426,10.5574
-0.0423844,-0.0420645,10.5367
0.103428,-0.00500061,10.5416
-0.292604,0.0783305,10.5554
-0.200203,0.0929629,10.5599
-0.11193,0.0725529,10.5367
0.00247709,0.115319,10.5362
0.173246,0.0992146,10.553
-0.143002,0.163619,10.5378
0.0933817,0.157481,10.5139
-0.0571006,0.196397,10.5547
-0.102778,0.276714,10.5423
-0.0121716,0.280449,10.5193
0.145118,0.242587,10.5458
-0.101923,-0.28801,10.6152
0.0557755,-0.289255,10.5774
0.138376,-0.247878,10.5627
-0.196135,-0.235037,10.5751
-0.0816802,-0.191225,10.5668
0.00488243,-0.213204,10.5934
0.208129,-0.184774,10.5925
-0.0140545,-0.12676,10.5639
-0.289989,-0.0779953,10.5644
-0.201974,-0.0977112,10.5991
-0.101982,-0.10053,10.5827
0.0729241,-0.1016,10.6189
0.157531,-0.106778,10.5805
0.269502,-0.0641396,10.615
-0.226475,-0.00667625,10.5692
0.0290357,-0.022997,10.594
0.189108,-0.0193532,10.5748
-0.310807,0.00242139,10.6085
-0.0371881,0.0486362,10.5881
0.273815,0.0156884,10.5611
0.0829196,0.0844313,10.5715
0.26114,0.105204,10.584
-0.249884,0.169685,10.5799
-0.0881514,0.126814,10.6089
0.120735,0.172092,10.6016
0.0336532,0.193797,10.5758
0.209419,0.182305,10.5771
-0.189507,0.24011,10.5704
0.0643201,0.281563,10.5731
-0.0067795,-0.303679,10.6455
0.088673,-0.292078,10.6652
0.168515,-0.24468,10.6522
-0.228141,-0.208904,10.6594
-0.0648877,-0.212466,10.6565
0.0913908,-0.197786,10.6245
-0.278871,-0.132724,10.6395
-0.148503,-0.170799,10.6286
-0.00639928,-0.138659,10.6562
0.160706,-0.149382,10.6635
0.256867,-0.144384,10.6617
-0.0935935,-0.111046,10.6749
-0.239757,-0.03396,10.6579
-0.147055,-0.0390786,10.6472
-0.0561558,-0.0332742,10.6288
0.159048,-0.0560897,10.6593
-0.235179,0.0576602,10.639
-0.141796,0.0510638,10.6221
-0.0665241,0.050117,10.6778
0.0246336,0.0439613,10.6586
0.109967,0.0184716,10.6315
0.200024,0.0280001,10.6542
0.291754,0.018418,10.653
0.0926846,0.107538,10.6618
0.272222,0.106624,10.6769
-0.297706,0.129542,10.6493
-0.177648,0.136032,10.6394
0.000798633,0.131197,10.6367
0.186256,0.119998,10.6432
-0.235948,0.211142,10.6631
-0.123049,0.211454,10.6292
-0.0309452,0.218904,10.643
0.0586601,0.198967,10.6654
0.0883892,0.287207,10.6752
0.170561,0.243202,10.6367
-0.089336,0.298633,10.634
0.00373938,0.305833,10.6399
-0.076652,-0.312217,10.7069
-0.146665,-0.244618,10.6894
0.0239626,-0.223937,10.6839
0.225168,-0.211145,10.7191
-0.304287,-0.129659,10.7297
-0.199095,-0.122617,10.6909
0.0753225,-0.147431,10.7002
0.206303,-0.0996222,10.7275
0.291581,-0.0696244,10.7061
-0.325835,-0.0464175,10.6926
-0.180223,-0.0416511,10.7343
-0.0420776,-0.0473658,10.7196
0.0493454,-0.0416796,10.6864
0.227525,-0.00903294,10.7358
-0.320315,0.0482628,10.6896
-0.152711,0.0456509,10.714
0.13746,0.0115022,10.7203
-0.225461,0.108074,10.7173
0.00158131,0.111941,10.7286
0.201153,0.0800384,10.7317
-0.085272,0.138641,10.7014
-0.166737,0.180647,10.7206
-0.0899088,0.232744,10.715
0.00184415,0.234041,10.7293
0.142746,0.179866,10.7001
0.234207,0.182891,10.7148
-0.168497,0.272476,10.6837
0.179689,0.263475,10.7287
0.0160207,0.3259,10.7303
0.0658253,-0.318181,10.7523
-0.210325,-0.275733,10.7621
-0.107941,-0.254858,10.7741
-0.0132112,-0.266251,10.7583
0.151148,-0.270315,10.7403
-0.272231,-0.206661,10.7723
-0.180397,-0.18877,10.775
0.0711157,-0.225527,10.7646
-0.0943,-0.165261,10.7509
-0.00233484,-0.154594,10.7482
0.14783,-0.173373,10.7525
0.280232,-0.144876,10.7613
-0.335457,-0.0591981,10.785
-0.242683,-0.0862269,10.7878
0.0311148,-0.0686271,10.7739
0.117707,-0.0762688,10.7419
-0.103693,-0.0170416,10.7827
-0.342383,0.0430773,10.7804
-0.248568,0.021304,10.7433
0.0142245,0.0211311,10.748
0.310359,0.0360459,10.7437
-0.0586143,0.0648303,10.7869
0.0887722,0.0831522,10.7514
-0.320191,0.127604,10.7403
-0.114549,0.139688,10.7899
0.0680053,0.17348,10.7549
0.178452,0.153555,10.7835
0.287488,0.126363,10.7673
-0.227992,0.2448,10.7509
-0.106123,0.317655,10.7497
0.0841191,0.309627,10.7922
-0.145287,-0.312833,10.8376
-0.0641325,-0.334438,10.7966
0.139991,-0.301416,10.8277
-0.234953,-0.277664,10.8525
0.0381948,-0.27606,10.8363
0.212592,-0.245508,10.8082
-0.0235748,-0.201136,10.8255
0.129106,-0.209095,10.8361
-0.323551,-0.145015,10.8203
-0.234747,-0.161857,10.8456
0.0616508,-0.147376,10.816
0.22809,-0.157921,10.8375
-0.147394,-0.102616,10.7969
-0.0541742,-0.0956046,10.7984
0.147898,-0.112614,10.8224
0.242917,-0.0709065,10.8084
0.316561,-0.116171,10.8432
-0.276611,-0.00192665,10.8292
-0.185777,-0.0226236,10.8266
-0.0159316,-0.0118705,10.832
0.164154,-0.0229449,10.8029
0.322374,-0.0239414,10.8165
0.079347,0.0143089,10.8138
0.242543,0.0243393,10.8224
-0.265049,0.0892961,10.8055
-0.174073,0.068459,10.8014
0.0276885,0.0960223,10.8191
0.155231,0.0687872,10.8151
0.229297,0.112297,10.8503
0.322407,0.0839605,10.8433
-0.343783,0.120519,10.8453
-0.204218,0.160376,10.8036
-0.0274896,0.169223,10.8019
0.105056,0.143948,10.8406
-0.29143,0.193922,10.8008
-0.141022,0.229601,10.7961
0.0358515,0.235084,10.8166
0.127165,0.227707,10.805
0.233674,0.227333,10.7973
-0.0525032,0.259828,10.7999
-0.187047,0.298249,10.8406
-0.0896268,0.341441,10.843
0.0054433,0.344885,10.8286
0.182744,0.29427,10.8388
-0.0998237,-0.347827,10.9115
-0.0145266,-0.352791,10.8735
0.0783427,-0.349168,10.879
-0.0626728,-0.273965,10.8674
0.111331,-0.259688,10.912
0.203633,-0.282667,10.8938
-0.301716,-0.217403,10.8819
-0.15905,-0.223625,10.8619
0.0385418,-0.2035,10.8956
0.182255,-0.192211,10.9109
0.270306,-0.217453,10.896
-0.0974821,-0.153677,10.8572
-0.00713195,-0.12346,10.8742
0.10615,-0.139682,10.901
-0.36046,-0.0816859,10.8785
-0.266894,-0.080573,10.8788
-0.174574,-0.0911926,10.8894
0.0648184,-0.0651965,10.861
0.182897,-0.0825174,10.9036
-0.0881473,-0.0580962,10.8758
0.131883,-0.00600578,10.8882
0.266557,-0.0341469,10.8913
-0.361139,0.0116477,10.8668
-0.218351,0.057696,10.8828
-0.118966,0.0295223,10.8659
0.04056,0.0308264,10.897
0.343835,0.0171417,10.9054
-0.0415061,0.0796614,10.8778
0.166846,0.077126,10.91
-0.259014,0.148182,10.878
-0.151481,0.122373,10.8744
-0.0708198,0.168382,10.8846
-0.183977,0.210032,10.8803
0.0214474,0.182424,10.8924
0.184268,0.191683,10.8688
0.292448,0.177871,10.8655
-0.266626,0.25286,10.87
-0.102713,0.255899,10.8775
-0.0115889,0.273451,10.8861
0.100572,0.239602,10.8941
0.247993,0.254993,10.8934
-0.151246,0.346628,10.9127
0.0932542,0.332383,10.8828
-0.0323978,-0.382926,10.967
0.0605929,-0.372426,10.9678
-0.190381,-0.325502,10.9197
0.147174,-0.340053,10.9412
-0.120717,-0.260116,10.9391
0.0255406,-0.291369,10.9313
-0.210687,-0.235203,10.9389
-0.0503505,-0.200472,10.923
-0.350599,-0.152707,10.9391
-0.25704,-0.154144,10.9358
-0.146322,-0.167198,10.9356
0.0310531,-0.132756,10.9588
0.263049,-0.127247,10.9189
-0.385702,-0.0687199,10.9678
-0.062549,-0.111494,10.9484
0.0923673,-0.0627341,10.9505
0.341028,-0.0771349,10.928
-0.307556,-0.0235027,10.9419
-0.214679,-0.0199255,10.9345
-0.125082,-0.0323995,10.957
0.00312413,-0.0484389,10.9291
0.201506,-0.00375945,10.9513
-0.381195,0.0282569,10.9668
-0.0502408,0.0234718,10.9519
0.101559,0.0306765,10.9685
-0.304735,0.0668593,10.9173
-0.130302,0.0701724,10.9491
0.04034,0.10933,10.9477
0.262073,0.0596819,10.9198
-0.368067,0.124964,10.9544
-0.208592,0.12064,10.9518
-0.129438,0.170942,10.9575
-0.0517485,0.118853,10.9616
0.123998,0.157131,10.9315
0.233299,0.148055,10.9366
0.331088,0.122068,10.9298
-0.31911,0.200023,10.9271
-0.228121,0.216429,10.9629
-0.0440701,0.221584,10.9568
0.18439,0.22632,10.9556
0.302981,0.208354,10.9534
-0.147454,0.263304,10.9581
-0.225716,0.321458,10.9631
-0.0698432,0.314953,10.9464
0.108137,0.300875,10.9697
0.190262,0.316622,10.9321
0.00399268,0.36603,10.9198
-0.120321,-0.3757,10.9983
0.132732,-0.371817,11.0273
-0.25993,-0.298801,10.9865
0.00701661,-0.32282,11.0269
0.219103,-0.323029,11.0192
-0.172287,-0.275378,11.0154
-0.0803274,-0.291226,11.0185
0.0901206,-0.289904,11.0007
0.172685,-0.251167,10.982
0.274638,-0.259614,10.9795
-0.30125,-0.214869,10.9915
-0.186854,-0.182988,11.0183
-0.0935399,-0.199307,11.0057
0.00997,-0.22151,10.9916
0.0988794,-0.194147,10.9767
0.229255,-0.177447,10.9901
0.320312,-0.178449,10.9742
0.156155,-0.120604,10.9848
-0.298627,-0.0980277,10.998
-0.205577,-0.0961226,10.9882
-0.119698,-0.110995,11.0216
0.239982,-0.0814271,10.9967
0.367876,-0.114867,11.023
-0.0535247,-0.0457046,11.0149
0.0383634,-0.0468292,11.0238
0.146378,-0.033109,11.0203
0.293127,-0.00701303,10.9795
0.376459,-0.0219924,11.0204
-0.253511,0.0100498,11.0141
0.0152032,0.046635,11.0143
-0.323305,0.0706058,11.0284
0.0889579,0.102151,11.027
0.178211,0.102105,10.9992
0.271167,0.0970249,11.0055
0.372515,0.0705012,10.9969
-0.283432,0.150178,10.999
0.00764305,0.14863,11.0265
0.342099,0.155997,11.0207
-0.357614,0.203746,11.018
-0.101778,0.223656,11.0301
0.0584687,0.207651,10.9747
0.135629,0.182402,11.0211
0.243081,0.185804,11.0218
-0.30098,0.270945,10.9852
0.0164375,0.290892,10.973
0.253621,0.278897,10.9898
-0.162986,0.369237,11.0141
-0.0424362,0.388227,10.9979
0.0640087,0.380293,10.9931
0.150269,0.36446,11.0268
-0.0569687,-0.413176,11.0562
-0.206229,-0.360713,11.0317
-0.144676,-0.404503,11.0871
0.0359421,-0.406483,11.0566
-0.282183,-0.318753,11.075
0.0773072,-0.329163,11.0885
-0.346137,-0.251313,11.0652
-0.227873,-0.242524,11.0829
0.153349,-0.279366,11.0688
0.236229,-0.237065,11.065
-0.135351,-0.221827,11.086
-0.0333483,-0.217309,11.0746
0.0713731,-0.2186,11.0623
0.158106,-0.187905,11.0496
0.328427,-0.230958,11.0547
-0.386976,-0.167209,11.0651
-0.265871,-0.15942,11.0619
-0.026472,-0.133744,11.032
0.0814272,-0.128044,11.0406
0.285588,-0.148384,11.0581
-0.244568,-0.0685359,11.0688
0.201634,-0.109776,11.077
-0.339005,-0.0217147,11.0342
-0.169313,-0.022197,11.0384
0.22954,-9.70013e-05,11.0477
0.301555,-0.0572405,11.0632
-0.415348,0.0293145,11.0541
-0.0742804,0.0414395,11.0404
0.0819044,0.0191103,11.0736
0.165677,0.0581337,11.081
0.314827,0.0349326,11.0599
0.405208,0.0434519,11.0807
-0.172658,0.0726194,11.0314
-0.399949,0.123289,11.0422
-0.312699,0.151635,11.0879
-0.186785,0.1653,11.0326
-0.100227,0.130956,11.0407
-0.25719,0.22349,11.0532
-0.338154,0.271575,11.0808
-0.178215,0.281426,11.0435
-0.0125192,0.244823,11.048
0.0806347,0.264959,11.0508
0.17294,0.272885,11.0366
0.315393,0.24111,11.0494
-0.260674,0.326138,11.0498
-0.0885967,0.317528,11.038
0.00998022,0.335322,11.0549
0.226761,0.341819,11.076
-0.0982172,0.406697,11.0704
-0.00727627,0.423453,11.081
-0.000688167,-0.442548,11.1348
0.112575,-0.412588,11.1097
-0.228112,-0.379567,11.1204
0.192496,-0.364124,11.0983
-0.166171,-0.311548,11.1016
-0.00877167,-0.3509,11.117
-0.0771646,-0.287578,11.1176
0.0259567,-0.263616,11.1293
0.208385,-0.278223,11.1456
0.295273,-0.293949,11.1154
-0.322676,-0.186876,11.1309
0.118454,-0.23395,11.1419
0.198312,-0.185922,11.1341
0.289932,-0.201359,11.1345
-0.175805,-0.12667,11.0939
-0.0846498,-0.145062,11.1038
0.0251006,-0.153931,11.1111
0.117444,-0.14031,11.1261
0.37656,-0.164923,11.1018
-0.43005,-0.0878341,11.0895
-0.329711,-0.0985817,11.0933
-0.0257144,-0.0817338,11.1411
0.0647332,-0.0647298,11.1117
0.296231,-0.108842,11.1419
0.403872,-0.0702234,11.0971
-0.371561,-0.0197906,11.1218
-0.184593,-0.0440771,11.1369
-0.101506,-0.0532598,11.0946
-0.00703277,-0.00204062,11.0919
0.15596,-0.0340792,11.1128
0.246883,-0.0299559,11.1345
-0.45765,0.00787039,11.1463
-0.282996,0.00824987,11.1053
-0.138091,0.0319143,11.108
-0.437914,0.103568,11.1254
-0.350283,0.0715282,11.1187
-0.24092,0.0907128,11.0914
-0.0667225,0.0909693,11.1195
0.0286932,0.0921626,11.0978
0.250724,0.0622246,11.1193
0.340956,0.065796,11.1442
-0.156595,0.12364,11.115
0.113506,0.127846,11.1129
0.203216,0.142671,11.0944
0.295439,0.150341,11.1044
0.387079,0.13535,11.1022
-0.394971,0.195373,11.1034
-0.231795,0.177081,11.1319
-0.152031,0.219558,11.1086
-0.0519516,0.181321,11.1032
0.0484639,0.191857,11.0982
0.14254,0.218455,11.1063
0.235689,0.229499,11.1045
0.35526,0.223119,11.1322
-0.225658,0.276919,11.1234
-0.070663,0.271852,11.1177
0.0220127,0.275328,11.1294
-0.144314,0.336177,11.1109
0.0884291,0.340262,11.1053
0.168702,0.302467,11.1355
0.292952,0.299662,11.1277
-0.231766,0.371688,11.1263
-0.0279695,0.353038,11.1382
0.161542,0.396883,11.1145
-0.155721,0.423688,11.1418
0.0734717,0.433989,11.1267
-0.174603,-0.430499,11.178
-0.0840082,-0.452888,11.1761
0.133965,-0.441399,11.1959
-0.105449,-0.362591,11.1654
0.0562161,-0.380734,11.1775
0.212368,-0.392833,11.1849
-0.189654,-0.330202,11.1903
-0.027036,-0.298307,11.1969
0.13448,-0.331952,11.1629
0.289413,-0.341773,11.1961
-0.361742,-0.272492,11.1551
-0.269344,-0.285519,11.1615
-0.117743,-0.270865,11.1999
0.363153,-0.249067,11.1653
-0.412693,-0.192858,11.1553
-0.231529,-0.176553,11.149
-0.141033,-0.184257,11.1716
-0.0479955,-0.212182,11.1669
0.049001,-0.198092,11.1921
0.341459,-0.163101,11.2027
0.420373,-0.122633,11.1729
-0.456165,-0.108193,11.18
-0.362863,-0.115146,11.1792
-0.271934,-0.0661162,11.1628
-0.112028,-0.0954122,11.1774
0.0679255,-0.106725,11.1997
0.193392,-0.0985921,11.1692
0.028532,-0.0203508,11.1856
0.120254,-0.030197,11.1986
0.339474,-0.0268502,11.1487
0.434517,-0.00423907,11.1563
-0.39772,0.0586076,11.1981
-0.311454,0.0148313,11.1943
-0.210731,0.0410355,11.1656
-0.0676674,0.00408838,11.1625
0.0878937,0.0522043,11.1611
0.179406,0.0363933,11.1723
0.278172,0.0284326,11.2023
-0.281358,0.101319,11.1744
-0.124311,0.0732123,11.191
-0.00181037,0.0673502,11.182
0.42909,0.0881197,11.1714
-0.364665,0.143865,11.177
-0.190162,0.13783,11.2058
-0.108304,0.173586,11.1774
0.152391,0.122212,11.1971
0.24255,0.132237,11.1795
0.344315,0.147581,11.1875
-0.415535,0.221387,11.191
-0.312948,0.218319,11.1538
-0.183759,0.231458,11.1958
0.00138,0.19759,11.1782
0.0942242,0.192039,11.1805
0.187658,0.208741,11.1887
0.28108,0.21618,11.1865
0.0941376,0.284465,11.1876
0.229728,0.291191,11.2051
0.345898,0.291007,11.2044
-0.35747,0.294889,11.1916
-0.186223,0.325315,11.1937
-0.29738,0.367879,11.1924
-0.102182,0.365774,11.1922
0.0508992,0.367084,11.1866
0.23687,0.374684,11.1648
-0.0629453,0.444257,11.1536
0.13375,0.442686,11.1999
-0.132307,-0.476379,11.2526
-0.0357182,-0.481787,11.2542
0.0457631,-0.467009,11.2121
0.201316,-0.439765,11.2652
-0.255293,-0.394539,11.2083
-0.148813,-0.384214,11.2553
-0.0275155,-0.391191,11.2176
0.10244,-0.379878,11.2586
-0.331939,-0.340212,11.2129
-0.254433,-0.307885,11.2542
0.215369,-0.325943,11.2501
0.355533,-0.299566,11.2496
-0.404241,-0.28641,11.2385
-0.205287,-0.239931,11.2122
0.0651864,-0.291564,11.2091
0.157011,-0.258955,11.2231
0.270386,-0.25181,11.2103
-0.442754,-0.198294,11.244
-0.348899,-0.211999,11.2261
-0.055477,-0.233359,11.2587
0.40911,-0.214982,11.2393
-0.283884,-0.145042,11.2194
-0.102199,-0.1527,11.2507
-0.0182146,-0.137867,11.2153
0.13667,-0.168427,11.2132
0.248582,-0.161089,11.2116
-0.413966,-0.110305,11.2641
-0.317316,-0.0623163,11.2477
-0.199644,-0.106971,11.2067
0.190106,-0.108652,11.2619
0.269577,-0.0632941,11.2188
0.361827,-0.0747693,11.226
-0.488798,-0.0427293,11.2389
-0.399036,-0.0345584,11.2101
-0.232376,-0.0245895,11.2377
-0.142152,-0.0153279,11.2153
-0.0585672,-0.0499194,11.2383
0.196473,-0.0159568,11.2501
0.461955,-0.0505703,11.2331
-0.486879,0.0500296,11.2253
-0.0587688,0.0452719,11.2516
0.0335201,0.0379794,11.264
0.124489,0.0491676,11.2471
0.372526,0.0234269,11.2215
0.461806,0.042048,11.2461
-0.326851,0.0968001,11.2555
-0.236754,0.0681475,11.2514
0.063837,0.117024,11.2254
0.213345,0.0759596,11.2499
-0.451175,0.137144,11.2118
-0.279024,0.175116,11.2315
-0.0424874,0.135258,11.2317
0.242926,0.176348,11.2616
-0.370328,0.179165,11.2637
-0.126498,0.20331,11.2642
-0.0359503,0.224599,11.2591
0.072113,0.230942,11.2623
0.398776,0.215486,11.2201
-0.26642,0.279626,11.2071
-0.097865,0.271921,11.2072
0.155022,0.272057,11.2573
-0.0096306,0.302542,11.215
-0.0245999,0.401725,11.23
0.160175,0.353823,11.2134
0.2958,0.361994,11.2387
-0.21985,0.417639,11.2093
-0.11826,0.463351,11.2268
0.0426509,0.463564,11.2096
0.219559,0.415036,11.2514
0.115576,-0.478776,11.2795
-0.215529,-0.444885,11.2809
0.0234303,-0.418597,11.2913
-0.377291,-0.354109,11.3012
-0.298514,-0.403055,11.2903
-0.220735,-0.361632,11.3234
-0.0723476,-0.411706,11.3021
0.308238,-0.3796,11.2795
-0.078089,-0.324709,11.2691
0.0145161,-0.326065,11.2792
-0.444833,-0.29303,11.3227
-0.343056,-0.267344,11.3072
-0.165154,-0.292951,11.2775
0.106031,-0.293648,11.2936
0.282508,-0.292384,11.3078
0.425079,-0.266203,11.316
-0.270147,-0.21812,11.2762
0.036022,-0.235009,11.277
0.142719,-0.207194,11.2992
0.234867,-0.213968,11.2877
0.32646,-0.215814,11.2786
-0.492273,-0.169061,11.319
-0.335206,-0.148512,11.2974
-0.189552,-0.171598,11.2744
0.0488634,-0.143801,11.2836
0.302918,-0.12583,11.2793
0.449462,-0.136028,11.269
-0.251812,-0.106509,11.2986
-0.146923,-0.0777391,11.285
-0.0368482,-0.112863,11.3042
-0.42026,-0.021906,11.3004
-0.0785498,-0.0127309,11.3213
0.0275212,-0.0542214,11.2725
0.11469,-0.031629,11.2919
0.316881,-0.0238955,11.2892
0.406206,-0.00513737,11.304
-0.514045,0.0157491,11.3083
-0.300897,0.0175066,11.298
-0.158806,0.0287544,11.2961
0.243788,0.0225542,11.3206
-0.495205,0.107804,11.299
-0.40875,0.0706107,11.2926
-0.119875,0.11103,11.2772
0.0957773,0.107581,11.3128
0.30254,0.0870227,11.2713
0.392767,0.0861497,11.2892
-0.212886,0.147094,11.2961
0.0210912,0.160708,11.2956
0.147224,0.176135,11.2735
0.335228,0.175204,11.2761
0.452073,0.153271,11.2653
-0.459862,0.193606,11.286
-0.297844,0.181691,11.323
0.437125,0.233058,11.312
-0.416324,0.274702,11.2682
-0.324382,0.259426,11.2771
-0.233739,0.237703,11.2841
-0.157246,0.290493,11.277
0.013955,0.274684,11.3202
0.287792,0.259185,11.2706
-0.352352,0.351233,11.2662
-0.238087,0.341091,11.2716
-0.0737291,0.331892,11.2757
0.0714216,0.326204,11.2679
0.221338,0.329609,11.2897
0.374286,0.327974,11.3061
-0.154644,0.383155,11.2669
-0.0440908,0.407836,11.3214
0.136921,0.399709,11.2916
0.293959,0.406359,11.321
-0.285398,0.419671,11.2909
-0.205584,0.46831,11.2866
0.0441665,0.411978,11.2927
-0.0375584,0.486714,11.2673
0.0990668,0.485931,11.2807
-0.230401,-0.483877,11.365
-0.0859168,-0.508224,11.328
0.00674659,-0.514524,11.3377
0.201076,-0.484793,11.3473
-0.338607,-0.428054,11.3706
-0.149007,-0.441739,11.3467
-0.0128948,-0.432061,11.3767
0.0753949,-0.455009,11.3601
0.30126,-0.42657,11.3601
0.0674116,-0.358837,11.349
0.148477,-0.403666,11.3364
0.233054,-0.367172,11.3319
-0.318313,-0.336459,11.3745
-0.129618,-0.350496,11.3417
-0.0365269,-0.344269,11.3556
0.372989,-0.341149,11.3348
-0.251846,-0.276661,11.3468
-0.0845206,-0.26547,11.3418
0.0264458,-0.275424,11.3604
0.191005,-0.283997,11.3299
0.346961,-0.257676,11.366
-0.405063,-0.201132,11.3303
-0.247233,-0.177776,11.3589
-0.170988,-0.229574,11.3455
-0.00608769,-0.186933,11.3522
0.0836676,-0.202153,11.3708
0.300671,-0.177493,11.3594
0.393111,-0.180285,11.3337
0.475575,-0.208616,11.3696
-0.0974768,-0.172963,11.3414
0.126723,-0.120372,11.3293
0.215442,-0.143435,11.3449
-0.504709,-0.0763935,11.3249
-0.337825,-0.0604689,11.339
-0.177411,-0.115617,11.3651
-0.0892345,-0.0867574,11.3768
0.28079,-0.078488,11.3562
0.373772,-0.0891504,11.3283
0.493308,-0.100237,11.3437
-0.225073,-0.0243889,11.3335
-0.00048055,-0.0452961,11.361
0.192572,-0.0535129,11.3373
0.345355,-0.0168146,11.3804
0.496049,-0.00842637,11.3252
-0.375483,0.0190622,11.372
0.0631651,0.0292618,11.3538
0.154863,0.0403377,11.338
0.404633,0.0545479,11.3763
-0.542237,0.0842136,11.3769
-0.33043,0.0977951,11.3489
-0.239787,0.0710505,11.345
-0.15703,0.110508,11.3624
-0.016953,0.0826836,11.329
0.237236,0.114987,11.3316
0.31083,0.0680169,11.3662
0.481871,0.0871505,11.3261
-0.50544,0.175254,11.3657
-0.416685,0.142097,11.3532
-0.0658306,0.168235,11.3275
0.0612803,0.160761,11.3801
0.15801,0.137689,11.3757
0.3218,0.159594,11.3671
0.412808,0.152009,11.3518
-0.378791,0.227319,11.3456
-0.168219,0.213768,11.347
0.112697,0.230156,11.3467
0.203256,0.230528,11.3252
0.488475,0.196172,11.3821
-0.470192,0.264627,11.3468
-0.084793,0.259663,11.3343
0.349503,0.243568,11.3386
-0.40696,0.33415,11.3402
-0.300283,0.324559,11.3399
-0.211511,0.297917,11.3522
-0.128511,0.340929,11.351
-0.0374439,0.330723,11.3735
0.127712,0.321697,11.3417
0.292914,0.316838,11.3488
0.420163,0.294525,11.3806
-0.354332,0.410951,11.3547
-0.207312,0.391409,11.3441
0.0860818,0.398471,11.3753
0.209968,0.391902,11.358
-0.129612,0.441946,11.3344
-0.258224,0.472865,11.3638
-0.0808304,0.519781,11.3464
0.0254077,0.510977,11.3323
0.111152,0.526053,11.3691
0.17799,0.474755,11.3291
-0.185383,-0.548691,11.4328
0.0211095,-0.568707,11.4368
0.100143,-0.535932,11.3988
-0.11156,-0.494054,11.4162
0.294539,-0.474954,11.4406
-0.267523,-0.416752,11.4305
0.140193,-0.454738,11.4273
0.222923,-0.417816,11.4089
-0.411118,-0.371134,11.3867
-0.185222,-0.377513,11.4107
-0.0936781,-0.401661,11.411
0.107776,-0.367191,11.4331
0.373363,-0.39554,11.4102
-0.481223,-0.335267,11.437
0.0195438,-0.336967,11.4302
0.202025,-0.326774,11.4123
0.299046,-0.338045,11.3907
0.455026,-0.294724,11.4
-0.495333,-0.248604,11.3879
-0.395735,-0.278387,11.4065
-0.216959,-0.236625,11.4263
-0.142232,-0.290556,11.4114
-0.062027,-0.246671,11.4307
0.117016,-0.287688,11.3861
0.257123,-0.254536,11.39
-0.318686,-0.228101,11.3909
-0.14165,-0.180926,11.4232
0.0232967,-0.21041,11.4409
0.17372,-0.21367,11.3893
0.404197,-0.219201,11.429
-0.541979,-0.170863,11.4115
-0.448319,-0.16047,11.4027
-0.355724,-0.139215,11.3883
-0.050216,-0.153642,11.4295
0.047531,-0.119013,11.3908
0.255157,-0.135788,11.4294
0.435866,-0.134085,11.4079
0.535362,-0.132256,11.4348
-0.504903,-0.0850655,11.4182
-0.420135,-0.0657771,11.3835
-0.264184,-0.0908327,11.3902
0.16588,-0.112307,11.4171
0.3449,-0.116121,11.4133
-0.553296,-0.00761448,11.3953
-0.340876,-0.0580004,11.4327
-0.204461,-0.0275372,11.4245
0.0433206,-0.00947473,11.4368
0.107697,-0.0477239,11.3833
0.199522,-0.0265255,11.4262
0.433204,-0.0437722,11.3846
0.537559,-0.0443912,11.404
-0.466953,0.0296053,11.3882
-0.28602,0.00827312,11.3964
-0.135059,0.0213832,11.3864
-0.0426986,0.0281045,11.3997
0.125051,0.0337749,11.4254
0.524605,0.0475037,11.4006
-0.473312,0.117082,11.4321
-0.382557,0.0945343,11.4272
-0.289179,0.0950954,11.4327
-0.200682,0.0660721,11.4352
-0.0999787,0.0933738,11.434
0.0458999,0.0832013,11.4295
0.227215,0.059411,11.4063
0.462301,0.112921,11.4202
-0.335411,0.173281,11.4088
-0.234563,0.155756,11.3867
-0.0247476,0.13984,11.407
0.244086,0.150004,11.4176
0.370485,0.118809,11.4354
-0.526988,0.233987,11.4354
-0.424523,0.233639,11.4269
-0.101843,0.19268,11.4097
-0.0179277,0.232564,11.3971
0.18194,0.219059,11.4155
0.2716,0.234584,11.3884
0.377092,0.211574,11.4218
-0.279469,0.245547,11.3889
-0.182245,0.24941,11.4322
-0.09553,0.283903,11.4291
0.33234,0.293229,11.4304
-0.480145,0.314623,11.4256
-0.356106,0.295515,11.4092
-0.196649,0.349683,11.4286
0.0530278,0.312639,11.3964
0.208344,0.30286,11.3835
-0.414947,0.381963,11.4204
-0.278192,0.38866,11.4045
-0.0867187,0.402433,11.4077
0.00973939,0.389105,11.429
0.283526,0.378906,11.4185
0.370547,0.37918,11.3844
-0.328442,0.463963,11.4285
-0.176068,0.447845,11.415
0.155069,0.447946,11.4151
0.259109,0.465318,11.3869
-0.0226782,0.472008,11.4014
0.0658574,0.471058,11.4307
-0.143759,0.536463,11.4135
-0.0538955,0.562891,11.4253
0.0638721,0.568837,11.4372
0.0951258,-0.588281,11.4903
-0.0844365,-0.587459,11.4705
0.183077,-0.551009,11.4768
-0.2685,-0.508915,11.4472
-0.0382729,-0.505879,11.4729
0.0455395,-0.476671,11.4455
-0.42646,-0.412186,11.4694
-0.351602,-0.466546,11.4548
-0.186451,-0.457842,11.4584
-0.0191304,-0.412983,11.4681
0.215782,-0.464298,11.489
0.411396,-0.41389,11.4937
-0.342996,-0.369128,11.4587
0.227029,-0.371767,11.4904
0.320006,-0.381417,11.4849
-0.253321,-0.321424,11.4415
-0.169417,-0.332352,11.491
-0.0783732,-0.330324,11.4694
0.280976,-0.297474,11.4723
0.371992,-0.307241,11.4417
0.468714,-0.341136,11.4799
-0.45581,-0.251585,11.473
-0.353715,-0.284087,11.4967
-0.133492,-0.243856,11.4916
0.0914369,-0.268465,11.4736
0.179334,-0.291936,11.4963
0.522145,-0.266338,11.4982
-0.557396,-0.231554,11.482
-0.377731,-0.198133,11.4576
-0.201399,-0.178759,11.4979
0.117866,-0.180573,11.4568
0.222702,-0.213609,11.4691
0.3135,-0.20684,11.4475
0.476023,-0.187232,11.4796
-0.586633,-0.134707,11.4856
-0.490114,-0.166414,11.4926
-0.278061,-0.164479,11.4463
0.0229369,-0.1261,11.4811
0.391412,-0.147347,11.4885
-0.428074,-0.0995874,11.471
-0.250118,-0.0831548,11.4844
-0.143358,-0.0919321,11.4523
-0.0341027,-0.0601248,11.447
0.100426,-0.0752618,11.4726
0.219137,-0.0832078,11.4995
0.473174,-0.0699607,11.4649
-0.591485,-0.0411327,11.4742
0.287728,-0.049768,11.4452
0.383786,-0.0482492,11.4633
0.575813,-0.00377457,11.479
-0.58584,0.0570981,11.4553
-0.500757,0.00808477,11.4732
-0.408709,0.00150007,11.4577
-0.257598,0.0141565,11.4885
-0.0982354,0.00400608,11.4706
-0.0145986,0.0416935,11.4878
0.246431,0.016383,11.4954
0.339857,0.0334914,11.4589
0.44798,0.0192199,11.4514
0.178798,0.07941,11.4856
0.287421,0.104557,11.487
0.516125,0.0652014,11.495
-0.562036,0.147283,11.4436
-0.41358,0.164159,11.4887
-0.171183,0.152087,11.457
0.115503,0.147465,11.4585
0.541646,0.14865,11.4517
-0.345268,0.234077,11.4795
-0.257933,0.197561,11.4665
-0.0998234,0.220292,11.4987
-0.0117984,0.194123,11.4821
0.073387,0.229354,11.4415
0.299006,0.201832,11.4722
0.454656,0.191432,11.4693
-0.257676,0.290905,11.4686
0.0057402,0.285231,11.4718
0.242261,0.276006,11.4658
0.403795,0.266881,11.4924
0.484466,0.276231,11.4462
-0.408549,0.304534,11.4861
-0.0579293,0.351974,11.4813
0.136823,0.296587,11.4414
-0.469865,0.376613,11.4961
-0.338369,0.364627,11.4714
-0.139461,0.397252,11.4849
0.0926575,0.373833,11.4692
0.194402,0.369636,11.447
0.354876,0.365266,11.4856
0.444632,0.358535,11.4636
-0.40138,0.446235,11.4877
-0.242694,0.435184,11.4793
-0.068491,0.457143,11.4813
0.24481,0.442168,11.4776
0.342255,0.447811,11.4422
-0.236499,0.524793,11.4523
-0.161071,0.487206,11.4995
0.00316522,0.516569,11.4832
0.128583,0.516772,11.4826
0.213135,0.523543,11.4438
-0.171659,0.580762,11.491
-0.167854,-0.591259,11.5141
-0.00894176,-0.616344,11.5206
0.168465,-0.605665,11.5513
-0.254534,-0.585319,11.5517
-0.0532546,-0.543129,11.5573
0.0334423,-0.529505,11.5281
0.269028,-0.536141,11.5156
-0.401571,-0.476122,11.5332
-0.32201,-0.527752,11.5211
-0.216347,-0.501408,11.5356
-0.124863,-0.508378,11.5077
0.116734,-0.494939,11.5077
0.36948,-0.497836,11.5488
-0.286404,-0.441096,11.519
-0.113826,-0.41218,11.5014
-0.0431596,-0.450297,11.55
0.0472675,-0.437092,11.5297
0.29089,-0.449136,11.5424
-0.485288,-0.402593,11.5453
-0.362103,-0.383977,11.549
-0.200365,-0.408651,11.537
-0.0270483,-0.35714,11.5429
0.135944,-0.404431,11.5131
-0.528473,-0.314513,11.515
-0.432127,-0.330961,11.5167
-0.277096,-0.34661,11.5283
0.0619792,-0.347306,11.513
0.35678,-0.313575,11.5379
-0.270783,-0.241428,11.5022
-0.0722743,-0.268111,11.5579
0.000975893,-0.278466,11.5008
0.26248,-0.245813,11.5472
0.428455,-0.262233,11.508
-0.607105,-0.202347,11.556
-0.338538,-0.200505,11.5521
-0.0322556,-0.192979,11.5154
0.0600067,-0.198538,11.5273
0.146355,-0.225706,11.553
0.350178,-0.218282,11.5329
0.563974,-0.183564,11.5124
-0.41708,-0.145189,11.5528
-0.342109,-0.122753,11.5002
-0.114804,-0.150516,11.5186
0.127036,-0.134755,11.54
0.215674,-0.163382,11.5479
0.301524,-0.135296,11.5111
-0.629506,-0.0824394,11.5505
-0.513086,-0.0766452,11.5112
-0.0748143,-0.064676,11.5305
0.484462,-0.109924,11.5479
0.584684,-0.092199,11.5088
-0.433748,-0.0359613,11.5398
-0.32512,-0.0349131,11.5305
-0.173726,-0.0286409,11.5141
0.0247798,-0.0420196,11.5218
0.156805,-0.00923317,11.5065
0.322546,-0.0462971,11.5318
0.504405,-0.0181351,11.5358
-0.62293,0.0233499,11.5345
-0.34234,0.0520611,11.5004
-0.0744563,0.030449,11.5579
0.0794624,0.0420817,11.5066
0.39535,0.0117823,11.5343
-0.615177,0.116755,11.5232
-0.538022,0.0654271,11.5372
-0.435592,0.0754561,11.5093
-0.235155,0.110403,11.5112
-0.146933,0.0763083,11.512
0.351468,0.0921455,11.5542
0.428706,0.0938636,11.5044
0.588568,0.114142,11.525
-0.501912,0.149018,11.5154
-0.323809,0.1438,11.5046
-0.154384,0.161929,11.5484
-0.0683771,0.127463,11.5157
0.0274386,0.118201,11.5199
0.131324,0.12894,11.5488
0.216591,0.161647,11.5059
0.294021,0.164805,11.558
0.376661,0.173659,11.5163
0.502416,0.147638,11.5361
-0.583943,0.20559,11.5141
-0.286232,0.224802,11.5516
0.0686618,0.200764,11.5299
0.153256,0.228787,11.5036
0.466903,0.232421,11.5526
0.543789,0.22853,11.5004
-0.46906,0.236856,11.5092
-0.198417,0.241012,11.524
-0.0509496,0.284961,11.5462
0.0904568,0.29389,11.5222
0.232723,0.241231,11.551
0.316325,0.278628,11.523
-0.533712,0.304397,11.5038
-0.302501,0.317933,11.5459
-0.134463,0.307388,11.5108
0.0179285,0.347122,11.5423
0.181149,0.316906,11.5248
0.510372,0.312566,11.5285
-0.39037,0.374415,11.5483
-0.30459,0.411523,11.5451
-0.214995,0.355831,11.5207
-0.0793816,0.402312,11.5565
0.264771,0.35563,11.507
0.0328033,0.432861,11.5096
0.156731,0.430422,11.5065
0.313018,0.428452,11.5399
0.40137,0.441432,11.5141
-0.332494,0.505492,11.5123
0.198631,0.504458,11.5448
0.283438,0.522492,11.5051
-0.263988,0.566699,11.5319
-0.086549,0.542836,11.5129
-0.11414,0.622439,11.5528
-0.0180801,0.605616,11.5024
0.105745,0.599408,11.5202
0.193166,0.597289,11.5537
-0.0172946,-0.660839,11.6026
-0.185493,-0.627685,11.5985
-0.0943774,-0.627238,11.56
0.0825614,-0.633639,11.5757
0.249009,-0.601843,11.5989
-0.376331,-0.536725,11.6001
-0.139089,-0.546807,11.5923
0.0198059,-0.573663,11.6092
0.104595,-0.540994,11.5879
-0.461138,-0.474265,11.6054
-0.29288,-0.494363,11.6036
0.0332594,-0.481365,11.6102
0.190419,-0.514653,11.5631
0.271538,-0.510796,11.6095
-0.130241,-0.453846,11.5835
0.11642,-0.436737,11.5989
0.207842,-0.418003,11.5696
0.443376,-0.446893,11.5753
-0.286236,-0.400841,11.604
-0.197437,-0.360259,11.617
0.0440123,-0.376518,11.6006
0.280618,-0.359242,11.5663
0.363415,-0.400369,11.5743
-0.479045,-0.306065,11.5941
-0.385907,-0.312433,11.6063
-0.116151,-0.349756,11.5713
0.127023,-0.339702,11.5794
0.211485,-0.306194,11.5965
0.438817,-0.346945,11.5677
0.53063,-0.340723,11.5719
-0.58338,-0.288312,11.586
-0.423506,-0.238417,11.561
-0.300624,-0.278361,11.5879
-0.211441,-0.286585,11.5609
0.0586231,-0.277844,11.5759
0.479145,-0.264369,11.5863
0.571972,-0.257763,11.5832
-0.515747,-0.224356,11.5663
-0.249109,-0.190596,11.5776
-0.15843,-0.210896,11.5748
1.19595e-05,-0.211097,11.6029
0.0891825,-0.186597,11.6155
0.298129,-0.176877,11.599
0.433385,-0.186478,11.5625
0.520739,-0.181343,11.5954
-0.652829,-0.145195,11.6165
-0.544463,-0.135699,11.5768
-0.0521571,-0.135944,11.5863
0.0406005,-0.118949,11.5729
0.617786,-0.154946,11.5908
-0.479969,-0.0764821,11.6105
-0.384763,-0.0769615,11.6083
-0.302749,-0.114578,11.5845
-0.188118,-0.109216,11.5589
0.174174,-0.0982445,11.6121
0.26317,-0.0923735,11.5848
0.384837,-0.104361,11.5712
0.550699,-0.0945408,11.6118
-0.663007,-0.0172697,11.6092
-0.549967,-0.0192599,11.5755
-0.246596,-0.0400344,11.5813
-0.125759,-0.0336104,11.6022
-0.0163453,-0.0518775,11.6047
0.103775,-0.0497057,11.5723
0.209122,-0.0171759,11.5825
0.359873,-0.022289,11.6141
0.448964,-0.0450112,11.6044
0.630214,-0.0498499,11.5973
-0.471976,0.028762,11.5959
-0.378077,0.0173819,11.593
-0.28071,0.0469984,11.5728
-0.188801,0.0329211,11.5826
0.0174981,0.0341422,11.5756
0.118302,0.0466461,11.5918
0.289581,0.0278766,11.5773
0.464342,0.0523904,11.5821
0.596536,0.0300176,11.564
-0.653748,0.077727,11.6055
-0.37603,0.108857,11.5735
-0.0346778,0.10718,11.6007
0.20589,0.0754816,11.5749
0.541721,0.0987216,11.6055
0.634937,0.103984,11.6057
-0.602821,0.162281,11.6056
-0.496101,0.118946,11.6046
-0.28366,0.139145,11.5891
0.057976,0.145677,11.6042
0.211715,0.164997,11.5999
0.425946,0.137361,11.5873
-0.522612,0.207175,11.5858
-0.431642,0.185075,11.5782
-0.206398,0.207619,11.6111
-0.0343359,0.196328,11.5728
0.128979,0.206345,11.6012
0.60091,0.187627,11.5813
-0.602007,0.256708,11.5908
-0.376099,0.261118,11.5637
-0.126159,0.246222,11.5842
0.029889,0.262845,11.5877
0.380032,0.235729,11.5859
0.578406,0.27606,11.6001
-0.555477,0.347615,11.584
-0.457752,0.311568,11.5653
-0.218874,0.298805,11.5946
-0.133021,0.338478,11.5992
-0.0369672,0.344304,11.6173
0.133957,0.299498,11.605
0.243073,0.322214,11.595
0.335298,0.315373,11.6068
0.426713,0.314818,11.5695
-0.246057,0.39473,11.6164
0.104244,0.377142,11.5622
0.222697,0.409871,11.5691
0.383197,0.393742,11.5925
0.470379,0.39764,11.5596
-0.458862,0.434348,11.5699
-0.360298,0.440206,11.6147
-0.16972,0.4214,11.5701
0.0301853,0.417873,11.6021
0.0975807,0.4703,11.5662
-0.404791,0.511782,11.5718
-0.241708,0.480533,11.5611
-0.114698,0.490733,11.5998
-0.0294605,0.481159,11.563
0.269965,0.483202,11.6012
0.356003,0.509972,11.5627
0.432244,0.472437,11.6016
-0.317886,0.530472,11.6014
-0.183121,0.55127,11.5792
-0.0414476,0.575371,11.5883
0.0427112,0.54579,11.5624
0.127327,0.551205,11.6009
0.288758,0.574442,11.5983
-0.275846,0.612838,11.6154
-0.186902,0.640324,11.608
0.0327379,0.639374,11.5735
0.116311,0.642916,11.6149
-0.110895,-0.665872,11.6438
0.0625516,-0.678851,11.6586
0.155406,-0.652134,11.6331
-0.366668,-0.596793,11.6731
-0.284083,-0.61952,11.6352
0.0921027,-0.590355,11.6663
-0.443049,-0.543187,11.6661
-0.222833,-0.548702,11.6327
-0.0670999,-0.582576,11.641
0.177582,-0.56159,11.643
0.334618,-0.57737,11.6273
-0.141584,-0.496274,11.6716
-0.0566442,-0.489698,11.6336
0.103658,-0.496413,11.67
0.413573,-0.527065,11.6263
-0.369483,-0.443626,11.6207
-0.212041,-0.452362,11.6284
0.192879,-0.469703,11.646
0.26804,-0.414679,11.6407
0.346927,-0.463852,11.6407
0.510621,-0.413487,11.6311
-0.540968,-0.395217,11.6207
-0.442209,-0.385166,11.6281
-0.128255,-0.404114,11.6625
-0.0427928,-0.396668,11.6267
0.178278,-0.377301,11.6475
0.422058,-0.390931,11.6483
-0.619472,-0.321489,11.669
-0.525941,-0.319578,11.6741
-0.316232,-0.336691,11.6656
-0.016751,-0.306159,11.6229
0.095898,-0.34055,11.6691
0.336922,-0.352651,11.6499
0.488628,-0.326026,11.6561
0.580567,-0.323443,11.6492
-0.641606,-0.235907,11.6372
-0.461355,-0.251834,11.6696
-0.237916,-0.28617,11.6572
-0.147336,-0.282129,11.6349
0.0511913,-0.258594,11.6671
0.13959,-0.26421,11.6384
0.309905,-0.266419,11.6255
0.404948,-0.292301,11.6348
0.535277,-0.244759,11.6681
-0.551244,-0.215155,11.6544
-0.381953,-0.184098,11.6334
-0.295496,-0.212366,11.6556
-0.199506,-0.199956,11.658
-0.0874893,-0.210387,11.6346
0.218899,-0.217534,11.6243
0.378604,-0.203676,11.6353
0.62545,-0.22398,11.6534
-0.474086,-0.168217,11.6293
-0.326793,-0.120297,11.6749
-0.131992,-0.123535,11.6321
0.00363938,-0.124368,11.6603
0.241729,-0.13461,11.6651
0.449293,-0.132377,11.6372
-0.705877,-0.0677618,11.6759
-0.591602,-0.0770644,11.6363
-0.229431,-0.112652,11.6426
0.092688,-0.0981711,11.6565
0.331204,-0.104673,11.6477
0.674091,-0.0805789,11.6755
-0.524193,-0.0161113,11.667
-0.429018,-0.0173995,11.6654
-0.314026,-0.0273925,11.6445
0.0568267,-0.0121194,11.6466
0.149097,-0.0174095,11.6529
0.238032,-0.0413925,11.6682
-0.564451,0.058494,11.6268
-0.234452,0.0185286,11.6625
-0.0413984,0.0266472,11.648
0.211718,0.0506898,11.6649
0.302611,0.0251506,11.6694
0.454779,0.0167705,11.6743
0.530996,0.000846995,11.6232
0.666404,0.0110656,11.6586
-0.31687,0.0788163,11.6526
-0.202173,0.115672,11.6281
-0.118369,0.0748043,11.6272
0.0257895,0.0877992,11.6694
0.277256,0.104962,11.628
0.38305,0.0649048,11.6378
0.468252,0.108288,11.6655
0.589993,0.0606006,11.6756
-0.689862,0.134589,11.6712
-0.4171,0.129012,11.655
-0.119372,0.167958,11.6348
-0.00971416,0.175034,11.6611
0.140242,0.122827,11.6425
0.350476,0.160476,11.6362
0.585876,0.152669,11.6681
-0.654641,0.220955,11.6596
-0.351707,0.191204,11.6266
-0.270575,0.180394,11.6724
0.294126,0.233262,11.6211
0.433519,0.194618,11.66
0.516104,0.188917,11.6189
-0.551202,0.249424,11.6715
-0.462623,0.254854,11.6398
-0.380438,0.287748,11.6705
-0.294011,0.264605,11.6386
-0.148097,0.252401,11.6745
-0.0532004,0.255761,11.6427
0.0798646,0.250298,11.6665
0.204684,0.249336,11.6395
0.405052,0.283064,11.6626
0.491519,0.278321,11.6308
-0.614591,0.320484,11.6586
-0.505018,0.335978,11.6627
0.0554398,0.336242,11.6393
-0.424655,0.375334,11.6352
-0.328717,0.353129,11.6284
0.180182,0.371443,11.6424
0.290283,0.393665,11.6314
0.452043,0.361569,11.6465
0.540401,0.358981,11.62
-0.527739,0.42239,11.6334
-0.141292,0.414088,11.6592
-0.052573,0.433383,11.6403
0.100934,0.414017,11.6634
0.170109,0.462865,11.6249
0.350115,0.463372,11.6443
0.506569,0.439367,11.6531
-0.472584,0.498098,11.637
-0.384289,0.514406,11.6665
-0.290903,0.472059,11.6693
-0.192691,0.492151,11.6514
0.00190927,0.508548,11.6468
0.0916353,0.506096,11.6745
-0.11911,0.58387,11.639
0.0523055,0.586227,11.6483
0.211324,0.545024,11.6394
0.371019,0.554211,11.645
0.204772,0.63834,11.6449
-0.0605276,0.663419,11.6188
0.0302945,0.683924,11.656
-0.122587,-0.716996,11.7215
-0.0231201,-0.709786,11.6822
0.0547311,-0.732633,11.7347
-0.285376,-0.674202,11.7112
-0.197379,-0.672638,11.6795
0.139388,-0.697049,11.7156
0.230667,-0.667468,11.6868
-0.238302,-0.593465,11.7135
-0.151872,-0.589101,11.6786
-0.0796121,-0.632404,11.7255
0.00515717,-0.613391,11.6921
0.16665,-0.608029,11.7236
0.361442,-0.622577,11.7162
-0.0757495,-0.538807,11.7232
0.266074,-0.580862,11.6908
0.351291,-0.530349,11.7066
0.438658,-0.569669,11.7062
-0.519288,-0.485059,11.6848
-0.338284,-0.50689,11.6847
-0.245758,-0.496895,11.7072
0.0111581,-0.51999,11.6925
0.184004,-0.516181,11.7267
0.268585,-0.48732,11.6999
0.483641,-0.490292,11.6775
-0.431275,-0.453675,11.6918
-0.349942,-0.411769,11.7118
-0.178986,-0.436697,11.7334
-0.0537899,-0.437078,11.7105
0.0430318,-0.422304,11.6823
0.13438,-0.421795,11.7169
0.40228,-0.452826,11.7151
-0.596377,-0.407774,11.6981
-0.505924,-0.398544,11.7208
-0.25836,-0.404892,11.6942
0.225797,-0.403607,11.7231
0.31886,-0.411128,11.72
0.39681,-0.36134,11.7334
0.483464,-0.394271,11.7202
0.574603,-0.401442,11.7004
-0.438699,-0.33472,11.7069
-0.176583,-0.337433,11.7065
-0.0824286,-0.326096,11.6862
0.010725,-0.337395,11.7068
0.171314,-0.319357,11.7202
0.25285,-0.326634,11.6775
0.634836,-0.329718,11.7249
-0.613679,-0.245223,11.7262
-0.369434,-0.2616,11.6845
0.223759,-0.242297,11.7146
0.3739,-0.254497,11.714
-0.690018,-0.190433,11.7033
-0.371048,-0.180442,11.7314
-0.116502,-0.214193,11.7231
-0.0192699,-0.206502,11.6977
0.303109,-0.199371,11.6906
0.45288,-0.208535,11.6914
0.691765,-0.196264,11.7253
-0.530434,-0.123055,11.691
-0.256368,-0.159928,11.7223
-0.166731,-0.134491,11.7177
0.0686163,-0.175513,11.707
0.157463,-0.173467,11.6777
0.384134,-0.149402,11.7106
0.527498,-0.153315,11.6841
0.616466,-0.145314,11.7077
-0.632869,-0.116353,11.7108
-0.419699,-0.113741,11.6869
-0.259097,-0.0593555,11.7134
-0.0710329,-0.072702,11.6818
0.169171,-0.0878135,11.7103
0.405804,-0.0622409,11.6854
0.498163,-0.06502,11.6814
-0.361037,-0.0472406,11.7227
-0.171978,-0.0484901,11.6814
0.00389205,-0.00645313,11.7227
0.0968596,-0.0323814,11.7304
0.322267,-0.0496661,11.7223
0.588958,-0.0436586,11.682
0.716872,-0.019682,11.7317
-0.702319,0.0334915,11.6777
-0.613617,0.00440117,11.6865
-0.388933,0.0568782,11.7079
-0.300838,0.0255375,11.7281
-0.0976343,0.00827453,11.7199
0.107923,0.0538476,11.6967
0.377488,0.0255186,11.7248
-0.479377,0.0647753,11.6823
-0.245097,0.0985043,11.7095
-0.15319,0.0825738,11.7135
-0.0620701,0.105306,11.695
0.297132,0.102667,11.7205
0.685817,0.0981761,11.6874
-0.5774,0.12711,11.6893
-0.496573,0.173746,11.6808
-0.345362,0.143318,11.7141
-0.182438,0.170777,11.704
0.0739946,0.161423,11.7009
0.218731,0.141913,11.69
0.388161,0.120192,11.7128
0.52989,0.120625,11.7343
-0.713923,0.203964,11.7305
-0.412855,0.207527,11.7058
-0.32534,0.234148,11.7256
-0.0886269,0.195043,11.7186
0.154878,0.207752,11.7062
0.296059,0.194483,11.706
0.380694,0.224001,11.7303
0.643551,0.224029,11.6774
-0.650534,0.278146,11.7345
-0.479316,0.268167,11.7318
-0.234053,0.258383,11.7104
0.00228676,0.249706,11.718
0.230953,0.256789,11.7289
0.31882,0.284758,11.6951
0.468617,0.250447,11.7256
0.552971,0.237051,11.6907
-0.430294,0.34799,11.7246
-0.306786,0.325124,11.7149
-0.192003,0.334883,11.6765
-0.0978402,0.329991,11.6864
-0.00801365,0.343419,11.7066
0.0817852,0.350388,11.7299
0.154492,0.301138,11.6984
0.247506,0.343946,11.7009
0.434088,0.336103,11.7343
0.521731,0.323749,11.707
0.609314,0.310747,11.6824
-0.595534,0.404807,11.6959
-0.50961,0.397173,11.7336
-0.350135,0.40716,11.7018
0.364683,0.365437,11.6798
0.577959,0.397677,11.6969
-0.434559,0.447053,11.7081
-0.222483,0.418837,11.7039
-0.0683582,0.424151,11.7317
0.0191027,0.434876,11.7019
0.231852,0.435178,11.691
0.318109,0.430679,11.7262
0.423899,0.436374,11.6941
-0.534483,0.486462,11.7064
-0.236765,0.512555,11.7342
-0.0829481,0.509073,11.6857
0.17778,0.505795,11.7171
0.291534,0.524472,11.6821
0.372653,0.50585,11.7274
0.453287,0.524288,11.6801
0.533886,0.490584,11.7329
-0.470772,0.563421,11.704
-0.303477,0.562684,11.6896
-0.207911,0.581007,11.6773
-0.120236,0.580702,11.7325
0.0289206,0.547815,11.73
0.13983,0.585599,11.6872
0.231076,0.583349,11.722
-0.389112,0.605823,11.6866
-0.0354396,0.596425,11.6793
0.0697827,0.632053,11.728
0.303937,0.620881,11.6779
0.394617,0.601894,11.7215
-0.313202,0.657015,11.7059
-0.223739,0.67498,11.6861
-0.130142,0.664603,11.6852
0.134878,0.689852,11.694
0.244215,0.680605,11.7191
-0.0482661,0.712053,11.6987
0.0634281,0.735249,11.7338
-0.300207,-0.723309,11.7894
-0.211792,-0.724165,11.7562
-0.0398029,-0.759843,11.7595
0.130334,-0.753783,11.7892
0.21591,-0.715546,11.7679
-0.36593,-0.663306,11.7574
-0.00588417,-0.670741,11.768
0.302499,-0.681156,11.7584
-0.432873,-0.600198,11.7398
-0.166338,-0.634422,11.759
0.0779376,-0.634875,11.7469
0.237337,-0.620974,11.7836
0.430794,-0.628285,11.7791
-0.515145,-0.556081,11.7478
-0.321651,-0.580004,11.7536
-0.17078,-0.533623,11.7522
0.010711,-0.579239,11.7791
0.0971677,-0.54349,11.7502
0.286048,-0.542416,11.7736
0.402638,-0.539264,11.7874
0.500247,-0.564472,11.7775
-0.580599,-0.486894,11.7557
-0.490132,-0.471076,11.7785
-0.39816,-0.513591,11.7566
-0.310659,-0.485007,11.7735
-0.105923,-0.47114,11.7805
-0.0143784,-0.489474,11.7772
0.470617,-0.476144,11.774
0.561715,-0.474092,11.7594
-0.647062,-0.420677,11.7763
0.0610539,-0.435519,11.7732
0.233666,-0.467335,11.7907
0.340359,-0.468553,11.7903
-0.426761,-0.402491,11.7706
-0.248206,-0.406155,11.7875
-0.109129,-0.379776,11.7594
-0.0181626,-0.386489,11.7807
0.6367,-0.406692,11.7784
-0.670846,-0.334518,11.7463
-0.574024,-0.33108,11.7536
-0.485672,-0.327191,11.7876
-0.356104,-0.326643,11.7504
-0.261949,-0.324605,11.7424
0.0946098,-0.349984,11.7621
0.233502,-0.30073,11.7872
0.315156,-0.318892,11.7468
0.544724,-0.316794,11.7353
-0.521613,-0.254055,11.7413
-0.425037,-0.257269,11.7598
-0.299836,-0.239189,11.7466
-0.207139,-0.248607,11.7373
-0.132586,-0.290647,11.7747
-0.0429252,-0.276193,11.7549
0.0495199,-0.268535,11.7611
0.134293,-0.236681,11.7415
0.45658,-0.290228,11.736
0.602648,-0.243613,11.742
0.692463,-0.274845,11.7756
-0.743089,-0.190925,11.7804
-0.467918,-0.177442,11.7358
0.296937,-0.232721,11.7781
0.383366,-0.199808,11.789
0.475348,-0.211985,11.7833
-0.573156,-0.168113,11.7619
-0.0825198,-0.13432,11.7584
-0.00214059,-0.174767,11.7838
0.114843,-0.128793,11.7738
0.216094,-0.156978,11.7521
0.30627,-0.135101,11.7587
0.46851,-0.124869,11.7499
0.556895,-0.168889,11.775
-0.75109,-0.102216,11.7507
-0.478091,-0.059606,11.7361
-0.408085,-0.0909124,11.7907
-0.318136,-0.113064,11.7748
-0.219727,-0.103078,11.7878
-0.138885,-0.0601871,11.7679
0.0315557,-0.0968483,11.745
0.242485,-0.0675762,11.7651
0.389405,-0.0847523,11.7772
0.547894,-0.0768751,11.7594
0.64049,-0.0747259,11.764
0.7239,-0.111692,11.7485
-0.751902,-0.00827782,11.7455
-0.663155,-0.0375254,11.7541
-0.571162,-0.0549086,11.7459
-0.0403013,-0.056434,11.7882
0.184173,-0.000216607,11.7378
0.461707,-0.0293072,11.7593
-0.543957,0.0348633,11.7432
-0.453856,0.0253356,11.7674
-0.211624,0.0119783,11.7529
-0.0433724,0.0376556,11.7902
0.121237,0.0414171,11.7908
0.272349,0.0206323,11.7572
0.540579,0.0137497,11.7378
0.63341,0.0167368,11.7461
0.754669,0.0486965,11.7838
-0.741976,0.0936433,11.738
-0.643092,0.0785838,11.7356
-0.57069,0.114543,11.785
-0.392008,0.107417,11.7868
-0.298524,0.10505,11.7855
-0.197794,0.114174,11.789
0.0382657,0.0720486,11.7607
0.455409,0.0685932,11.7523
0.672396,0.0910656,11.7871
-0.480795,0.118233,11.7592
-0.0899059,0.124543,11.7819
-0.00854179,0.162431,11.7538
0.148215,0.12183,11.7465
0.246542,0.156864,11.7781
0.339236,0.162588,11.7859
0.451509,0.166659,11.762
0.612364,0.156086,11.759
0.701396,0.173506,11.7416
-0.62219,0.188416,11.7444
-0.53094,0.197253,11.7648
-0.255009,0.185234,11.7651
-0.149935,0.197062,11.7893
0.535018,0.203924,11.7761
-0.394993,0.27567,11.7726
-0.141875,0.287025,11.7613
-0.05901,0.250004,11.7883
0.0851652,0.237287,11.7599
0.308225,0.250687,11.7814
0.590686,0.27751,11.7684
0.680679,0.263939,11.7536
-0.559581,0.31673,11.7363
-0.231423,0.342265,11.7674
-0.0685473,0.342394,11.777
0.0186007,0.307422,11.79
0.14053,0.30611,11.7905
0.327367,0.342878,11.7676
0.646651,0.351143,11.7586
-0.660468,0.369459,11.754
-0.358918,0.361559,11.7836
-0.148855,0.379685,11.7464
0.00459006,0.400031,11.7875
0.168024,0.385232,11.7372
0.250881,0.394563,11.7795
0.393856,0.407614,11.7776
0.496611,0.405376,11.7435
-0.602237,0.464922,11.7676
-0.287258,0.420346,11.7707
0.1029,0.45135,11.7492
0.607003,0.442553,11.7735
-0.42675,0.51492,11.7723
-0.339177,0.494576,11.7462
-0.152304,0.472376,11.7363
-0.0551477,0.5028,11.7799
0.261416,0.494266,11.7644
0.450849,0.481017,11.772
-0.527787,0.559013,11.7782
-0.35826,0.582244,11.7731
0.113554,0.54642,11.7707
0.315935,0.571371,11.7594
0.478028,0.570556,11.7578
-0.439049,0.628862,11.7631
-0.266437,0.599736,11.7672
-0.181205,0.63737,11.7744
-0.0381385,0.594348,11.7748
0.171029,0.640362,11.7649
-0.350517,0.689184,11.7855
-0.0921442,0.670789,11.7707
0.00148368,0.678475,11.7719
0.333575,0.664251,11.7557
-0.261877,0.709708,11.7639
-0.166253,0.727396,11.754
0.176846,0.733824,11.7661
-0.0308574,0.766938,11.7726
-0.210708,-0.777008,11.8334
-0.123626,-0.771816,11.7995
-0.0388023,-0.817692,11.8485
0.0437408,-0.790433,11.8075
0.203588,-0.775182,11.8439
-0.015837,-0.726894,11.8439
0.289342,-0.741071,11.8287
-0.400667,-0.702681,11.8349
-0.17921,-0.686485,11.8357
-0.0914778,-0.683784,11.8036
0.068318,-0.691485,11.8212
0.153008,-0.656465,11.8027
0.372537,-0.688589,11.8245
-0.468469,-0.639564,11.8171
-0.332533,-0.636677,11.8408
-0.252179,-0.643218,11.7938
0.0855192,-0.600065,11.8331
0.320192,-0.611582,11.8262
0.503119,-0.626269,11.8483
-0.555854,-0.586472,11.8267
-0.454658,-0.546817,11.8235
-0.355328,-0.545508,11.8338
-0.247175,-0.545857,11.8058
-0.166588,-0.582113,11.8366
-0.0780942,-0.580417,11.8072
0.167963,-0.564232,11.808
0.564247,-0.555144,11.8453
-0.638258,-0.503299,11.8388
-0.546604,-0.488654,11.8514
-0.190447,-0.471873,11.8205
0.0606283,-0.51012,11.8294
0.141337,-0.475663,11.7988
0.621912,-0.482391,11.8317
-0.40095,-0.46387,11.8368
0.414268,-0.46708,11.8473
0.530523,-0.467222,11.8472
-0.55581,-0.408765,11.8028
-0.475162,-0.408366,11.8506
-0.339557,-0.401358,11.8043
-0.177253,-0.356879,11.8233
-0.102174,-0.407152,11.8488
0.17599,-0.379049,11.7982
0.276915,-0.385612,11.7993
0.366462,-0.3791,11.8233
0.456376,-0.391918,11.8097
0.547649,-0.388568,11.7949
-0.719933,-0.350481,11.8248
-0.627161,-0.338894,11.8322
-0.399585,-0.33571,11.8332
-0.0634465,-0.323719,11.8327
0.0396311,-0.33815,11.8365
0.309349,-0.308162,11.8409
0.499874,-0.309394,11.8165
0.607681,-0.319535,11.8135
0.696681,-0.352855,11.8266
-0.761934,-0.267006,11.8317
-0.674259,-0.254298,11.7971
-0.581038,-0.259419,11.8136
-0.353913,-0.253595,11.8216
-0.233896,-0.280776,11.8209
-0.000373596,-0.253675,11.8382
0.145581,-0.292515,11.8156
0.393502,-0.291548,11.8043
0.565574,-0.239501,11.836
0.752282,-0.266965,11.8476
-0.506973,-0.202301,11.8188
-0.41584,-0.181265,11.8143
-0.260207,-0.184514,11.8126
-0.168408,-0.186253,11.7956
-0.0812671,-0.214242,11.8136
0.0795537,-0.201909,11.8194
0.17288,-0.203194,11.8205
0.643528,-0.18831,11.8051
0.745813,-0.185586,11.8018
-0.795385,-0.1304,11.8291
-0.671831,-0.131188,11.7947
-0.604799,-0.176049,11.8498
-0.0513141,-0.129302,11.8487
0.259869,-0.168781,11.8347
0.344954,-0.131451,11.844
0.437264,-0.140232,11.8368
-0.598019,-0.0844655,11.8307
-0.50231,-0.108871,11.812
-0.143159,-0.111291,11.8457
0.0462856,-0.10637,11.8371
0.188713,-0.109174,11.8277
0.49695,-0.067668,11.8371
0.594293,-0.109955,11.8372
0.687111,-0.112608,11.8385
0.778543,-0.10143,11.8265
-0.809879,-0.0378946,11.8345
-0.718175,-0.0562744,11.8277
-0.51929,-0.0169583,11.8193
-0.430568,-0.0230206,11.8515
-0.279739,-0.0314845,11.8001
-0.19342,-0.0274866,11.8363
-0.101299,-0.0253304,11.8509
0.0360212,-0.00706006,11.8105
0.117967,-0.0486646,11.8218
0.204291,-0.0165024,11.8331
0.332036,-0.0221866,11.8146
0.589402,-0.0183502,11.8204
0.685194,-0.0146874,11.8198
0.798307,-0.00444116,11.8472
-0.791158,0.0501011,11.8076
-0.697238,0.0422478,11.8037
-0.607528,0.0153806,11.8092
-0.364151,0.0121299,11.7956
-0.249448,0.047364,11.8403
-0.136116,0.0442897,11.7975
0.41455,0.0209053,11.8211
0.507076,0.0246548,11.8241
-0.452497,0.0720162,11.8486
-0.00310233,0.114379,11.8339
0.209052,0.0738167,11.7987
0.339999,0.0705646,11.7974
0.581053,0.0742165,11.7971
-0.780746,0.143792,11.8071
-0.680693,0.137867,11.7978
-0.503433,0.150927,11.8443
0.074539,0.151049,11.7947
0.156821,0.140367,11.8377
0.409981,0.121254,11.8317
0.502662,0.11833,11.8235
0.587062,0.151439,11.8492
0.758982,0.139345,11.8071
-0.675365,0.230369,11.812
-0.605376,0.177399,11.8453
-0.435509,0.192922,11.7954
-0.342077,0.185759,11.804
0.021352,0.220746,11.8255
0.18443,0.222436,11.8015
0.480971,0.208854,11.8515
0.658198,0.206658,11.824
-0.769741,0.235874,11.8206
-0.586518,0.26074,11.8065
-0.498669,0.247365,11.838
-0.306466,0.28618,11.8013
-0.217383,0.259102,11.8082
-0.126155,0.263759,11.851
0.393496,0.285525,11.8009
0.50522,0.288381,11.8026
-0.719431,0.312139,11.7993
-0.639669,0.333922,11.8454
-0.489563,0.332737,11.799
-0.161802,0.34826,11.8333
0.236808,0.302122,11.8112
0.626475,0.318943,11.8458
0.716727,0.315371,11.8229
-0.572344,0.382732,11.8017
-0.437817,0.410663,11.7946
-0.278289,0.364084,11.8451
0.0937662,0.386256,11.8156
0.183165,0.373127,11.8395
0.466831,0.370847,11.8254
0.561505,0.362475,11.7945
0.675391,0.403188,11.8308
-0.68887,0.419881,11.8279
-0.511517,0.468398,11.7957
-0.357616,0.44761,11.8255
-0.200837,0.430972,11.8051
-0.101723,0.420076,11.8191
0.183113,0.456072,11.7966
0.259662,0.454909,11.8505
0.52608,0.451546,11.8195
-0.615205,0.522755,11.8407
-0.281652,0.520532,11.8161
0.0348474,0.487877,11.8012
0.340656,0.475888,11.8104
0.477674,0.525428,11.8505
0.634005,0.488896,11.8501
-0.460652,0.564445,11.8442
-0.173121,0.539468,11.7978
0.201262,0.553297,11.8044
0.285742,0.544216,11.8429
0.39984,0.551287,11.8046
0.559854,0.53894,11.8094
-0.397791,0.636692,11.8469
-0.309772,0.605173,11.85
-0.111839,0.601412,11.8318
0.0478161,0.597586,11.8122
0.136284,0.605854,11.846
0.25767,0.63131,11.7994
0.343358,0.617219,11.8375
0.424462,0.642827,11.8004
0.504958,0.615807,11.8399
-0.48938,0.653772,11.8382
-0.237504,0.665495,11.8437
-0.148342,0.694084,11.842
0.0979411,0.683457,11.8039
0.195697,0.684433,11.8441
0.02965,0.734167,11.8427
0.274985,0.723117,11.7992
0.365003,0.708042,11.8322
-0.21742,0.76637,11.8231
-0.125455,0.782941,11.8178
-0.0453279,0.817582,11.8512
0.103409,0.779408,11.8061
0.211224,0.776809,11.8419
-0.140204,-0.824191,11.8757
0.0405329,-0.848039,11.8971
-0.334499,-0.765372,11.8655
-0.261957,-0.810036,11.9045
0.119032,-0.811791,11.8616
0.277079,-0.798739,11.9017
-0.261462,-0.707428,11.8753
-0.0784224,-0.756582,11.9071
0.0586594,-0.748808,11.896
0.142574,-0.712767,11.8773
0.358445,-0.753614,11.8905
-0.107075,-0.668329,11.8953
0.0749169,-0.656113,11.9075
0.226583,-0.678198,11.8563
0.311604,-0.673821,11.8956
0.445281,-0.690864,11.8836
-0.568113,-0.641012,11.9073
-0.409659,-0.604305,11.8823
-0.240281,-0.616051,11.8828
-0.0135848,-0.632465,11.8523
0.159675,-0.619002,11.8885
0.250083,-0.60539,11.9097
0.404749,-0.603821,11.8659
-0.591392,-0.550196,11.9062
-0.497993,-0.579194,11.9
-0.298617,-0.547415,11.9083
-0.0723233,-0.581515,11.9032
0.0354598,-0.571637,11.9062
0.472246,-0.538909,11.8622
-0.465623,-0.491096,11.8985
-0.208801,-0.523584,11.8963
-0.117158,-0.50737,11.8666
-0.0237822,-0.510415,11.8679
0.137239,-0.517244,11.8828
0.234308,-0.525735,11.8636
0.34605,-0.529086,11.8616
-0.702203,-0.436854,11.8583
-0.611911,-0.420145,11.8771
-0.303454,-0.464528,11.8647
-0.167995,-0.439649,11.9065
0.00279113,-0.420855,11.8651
0.0960288,-0.420522,11.8587
0.188198,-0.437503,11.8702
0.28914,-0.449806,11.8665
0.691545,-0.434107,11.8723
-0.766068,-0.379689,11.9011
-0.363945,-0.398508,11.8947
-0.244172,-0.392256,11.8798
0.324219,-0.370828,11.9086
0.423699,-0.388493,11.8969
0.51513,-0.381996,11.8822
0.606558,-0.395718,11.8675
-0.812132,-0.297748,11.9046
-0.679933,-0.343608,11.9099
-0.538249,-0.339694,11.8643
-0.307459,-0.328493,11.8535
-0.12835,-0.333996,11.9014
0.139846,-0.345529,11.8927
0.229484,-0.347337,11.869
0.387457,-0.303106,11.8971
0.482468,-0.297919,11.9073
0.574761,-0.312891,11.9009
0.754476,-0.346449,11.9001
-0.641025,-0.26194,11.8856
-0.550402,-0.242878,11.9012
-0.459068,-0.269792,11.8627
-0.371187,-0.289892,11.91
-0.286919,-0.238289,11.8854
-0.152271,-0.254529,11.8585
-0.068639,-0.260401,11.9011
0.0862472,-0.269617,11.8829
0.238743,-0.253529,11.868
0.660378,-0.260769,11.8633
-0.813845,-0.206047,11.8813
-0.697196,-0.190368,11.863
-0.407931,-0.203878,11.9052
-0.207766,-0.187457,11.8915
-0.110059,-0.176975,11.9035
0.0227938,-0.179531,11.8904
0.335067,-0.221988,11.8659
0.434154,-0.229344,11.865
0.616136,-0.181208,11.8942
0.709078,-0.186334,11.8922
0.801229,-0.184606,11.8846
-0.494702,-0.167347,11.9052
-0.336864,-0.162236,11.861
0.121175,-0.144753,11.8808
0.522753,-0.16205,11.8653
-0.851099,-0.110373,11.903
-0.759801,-0.0881033,11.9054
-0.667445,-0.105334,11.8904
-0.500424,-0.0683016,11.8965
-0.420756,-0.114632,11.8804
-0.345475,-0.0639312,11.858
-0.258664,-0.111282,11.8723
0.16226,-0.0627208,11.9044
0.270662,-0.0769061,11.8596
0.401952,-0.0590397,11.8663
0.830943,-0.0755711,11.8997
-0.578456,-0.0164563,11.8924
-0.259133,-0.0224464,11.9022
-0.0126464,-0.0534478,11.887
0.328942,-0.0190438,11.908
0.549216,-0.0194149,11.9048
0.63968,-0.0419765,11.8971
0.7327,-0.0518799,11.8927
-0.855419,0.0150769,11.8995
-0.761892,0.00634887,11.902
-0.670023,0.00159552,11.8837
-0.171925,0.0533755,11.8922
0.00657414,0.037907,11.887
0.0940218,0.00100044,11.898
0.168163,0.0554253,11.8804
0.275194,0.0392443,11.8555
0.459504,0.00586257,11.9018
0.634995,0.0472256,11.8687
0.727047,0.0475342,11.8756
-0.831216,0.102499,11.8744
-0.736755,0.0918482,11.8728
-0.635998,0.0872687,11.8628
-0.545021,0.0649305,11.8603
-0.344783,0.0762494,11.8616
-0.0816536,0.0639281,11.8711
0.0818556,0.0863171,11.8617
0.371549,0.0620106,11.8924
0.460812,0.0991884,11.9068
0.549495,0.0746522,11.8912
0.809995,0.087529,11.8663
-0.690219,0.172491,11.885
-0.401609,0.150007,11.8715
-0.252708,0.138795,11.8605
-0.140267,0.135819,11.8597
0.046213,0.164718,11.8961
0.236282,0.119776,11.8823
0.326761,0.142172,11.8764
0.682888,0.129705,11.8715
-0.783094,0.180221,11.8956
-0.542352,0.205619,11.9096
-0.441564,0.225824,11.9094
-0.288075,0.224985,11.8698
-0.193902,0.208555,11.8834
-0.060697,0.184929,11.8556
0.111075,0.218809,11.8578
0.190303,0.198925,11.9059
0.266339,0.209803,11.8537
0.387537,0.208897,11.8528
0.738866,0.204472,11.8714
-0.805167,0.279754,11.8955
-0.711721,0.273235,11.887
-0.619733,0.256165,11.8941
-0.376685,0.276345,11.8645
-0.00728569,0.284544,11.8868
0.172249,0.286888,11.8765
0.32522,0.280743,11.8687
0.449116,0.293273,11.8759
0.571569,0.243586,11.8543
0.688158,0.276573,11.9029
0.779201,0.287112,11.8875
-0.54964,0.319469,11.8697
-0.455607,0.321982,11.8861
-0.213759,0.299456,11.8934
-0.0758217,0.345805,11.8701
0.0795398,0.306126,11.8613
0.534591,0.33341,11.8793
-0.753394,0.35682,11.8745
-0.502463,0.401754,11.8618
-0.3662,0.369077,11.8767
-0.207879,0.395591,11.8995
0.0172108,0.374076,11.8766
0.119766,0.376389,11.908
0.281238,0.364855,11.8645
0.374113,0.35886,11.8547
0.591075,0.407822,11.8711
0.743382,0.372936,11.8945
-0.6072,0.434521,11.8717
-0.280872,0.451287,11.8793
-0.0265394,0.455579,11.8634
0.0704533,0.450677,11.8794
0.182528,0.444519,11.9009
0.338485,0.434395,11.8966
0.419424,0.453205,11.8552
0.504198,0.418243,11.9044
0.703954,0.456578,11.9031
-0.690149,0.491701,11.8884
-0.53038,0.505616,11.8796
-0.442132,0.474003,11.8638
-0.194551,0.487151,11.8803
-0.105813,0.505114,11.8582
0.135948,0.511308,11.8545
0.365735,0.523411,11.8868
0.553682,0.497138,11.8969
-0.372113,0.535536,11.8542
-0.222761,0.575898,11.8679
-0.0233835,0.548832,11.8554
0.0616034,0.549693,11.8941
-0.560697,0.596751,11.8591
-0.0226605,0.642109,11.8537
0.223254,0.601618,11.8813
0.425406,0.595036,11.8839
0.583016,0.589405,11.8847
-0.329495,0.687567,11.8899
0.0659463,0.652291,11.8863
0.282667,0.673899,11.8798
0.450978,0.685827,11.8792
-0.415644,0.723153,11.8804
-0.229262,0.731101,11.91
-0.0621093,0.726223,11.8591
0.122642,0.728515,11.8822
0.305531,0.764439,11.8775
0.395317,0.754644,11.9091
-0.302459,0.772652,11.8617
-0.179356,0.82372,11.8862
0.0468982,0.82456,11.8654
0.140411,0.825384,11.8789
-0.349132,-0.841088,11.9612
-0.133235,-0.882199,11.9563
-0.0456457,-0.868659,11.9271
0.141484,-0.871633,11.9481
0.243427,-0.85763,11.9663
-0.410538,-0.767671,11.9201
-0.00356774,-0.787848,11.9537
0.174305,-0.785286,11.9324
-0.486994,-0.713563,11.9231
-0.317993,-0.752768,11.9583
-0.170778,-0.741385,11.9111
0.436011,-0.756726,11.9494
-0.361851,-0.68013,11.9185
-0.277033,-0.661281,11.956
-0.01094,-0.685962,11.9289
0.209994,-0.690764,11.9472
0.385974,-0.671499,11.9531
0.531792,-0.673383,11.929
-0.436464,-0.64415,11.9625
-0.353236,-0.598817,11.9644
-0.160428,-0.599094,11.9288
0.339667,-0.59294,11.9325
0.46627,-0.6081,11.9388
0.598245,-0.596859,11.9222
-0.433781,-0.550282,11.964
0.107289,-0.554041,11.9635
0.411128,-0.533548,11.9323
0.52762,-0.538108,11.9379
-0.690685,-0.51488,11.9168
-0.607079,-0.472019,11.9554
-0.525961,-0.51789,11.9651
-0.373316,-0.492487,11.9216
-0.116094,-0.521395,11.9593
-0.0175648,-0.519658,11.9624
0.0561192,-0.481233,11.9179
0.20254,-0.491991,11.945
0.292785,-0.512615,11.9367
0.669532,-0.515242,11.9135
-0.779786,-0.447799,11.9644
-0.689259,-0.427471,11.9507
-0.530679,-0.428609,11.9235
-0.429774,-0.427133,11.958
-0.255324,-0.458517,11.9452
-0.0666841,-0.449879,11.9242
0.130989,-0.43211,11.9449
0.364007,-0.453631,11.9247
0.472917,-0.464181,11.9212
0.588501,-0.470139,11.9208
0.657439,-0.420166,11.9605
0.748939,-0.427731,11.9462
-0.608678,-0.377716,11.9606
-0.20609,-0.373277,11.9633
-0.0387119,-0.355514,11.9174
0.0541511,-0.361749,11.926
0.244837,-0.408877,11.9388
0.480366,-0.369062,11.9683
0.570582,-0.386879,11.9576
-0.534519,-0.320584,11.956
-0.452652,-0.345629,11.9174
-0.298732,-0.351706,11.9441
-0.217512,-0.295492,11.9121
0.112698,-0.298855,11.9688
0.203179,-0.299765,11.9448
0.66321,-0.337853,11.9165
-0.72838,-0.258285,11.9196
-0.473425,-0.249331,11.9541
-0.147047,-0.248069,11.9516
0.0146231,-0.277017,11.9406
0.302442,-0.2827,11.9306
0.628802,-0.255064,11.9513
0.719911,-0.267077,11.938
0.811961,-0.267535,11.927
-0.880844,-0.182439,11.9552
-0.640324,-0.183374,11.9372
0.0811847,-0.211598,11.9561
0.162271,-0.222763,11.9114
0.243356,-0.217059,11.96
0.384798,-0.223566,11.9452
0.466945,-0.179856,11.9421
0.543118,-0.229357,11.9267
-0.73229,-0.167545,11.9469
-0.38988,-0.135316,11.9665
-0.277791,-0.172046,11.9514
-0.0127487,-0.121095,11.9543
0.210598,-0.142595,11.9122
0.30226,-0.155788,11.9228
0.390989,-0.128582,11.9274
0.668918,-0.118579,11.9421
0.762428,-0.123818,11.9439
-0.57815,-0.116288,11.917
-0.313833,-0.0860486,11.9434
-0.186143,-0.0777158,11.9216
-0.0931382,-0.0866639,11.9212
0.0682127,-0.0840559,11.9272
0.276858,-0.0747418,11.9604
0.477039,-0.0883685,11.9258
0.568081,-0.108342,11.9272
-0.896304,-0.0458817,11.9579
-0.42271,-0.0447748,11.9431
0.0211282,-0.0124851,11.9641
0.229419,-0.00126729,11.9255
0.404013,-0.0416232,11.9594
0.873389,-0.0142058,11.9586
-0.487017,0.0213458,11.9205
-0.346192,0.00467066,11.9219
-0.195773,0.00330725,11.9676
-0.106265,0.00447358,11.9392
0.142078,0.0415079,11.9687
0.612875,0.0231651,11.9587
0.792383,0.0287249,11.9397
-0.895026,0.0746015,11.9602
-0.791042,0.0776678,11.9555
-0.680189,0.0724971,11.9454
-0.587145,0.0615005,11.9439
-0.496058,0.11428,11.9302
-0.409555,0.0728203,11.9318
-0.265481,0.0664593,11.9305
-0.114107,0.096791,11.9523
-0.0268132,0.115831,11.9264
0.0563283,0.0819521,11.9527
0.292819,0.0725216,11.9413
0.620405,0.114053,11.9389
0.700079,0.0711269,11.9615
0.861722,0.0912335,11.9444
-0.863376,0.160631,11.9406
-0.730646,0.148599,11.9666
-0.614,0.150888,11.9353
-0.320926,0.141636,11.9247
-0.199028,0.131926,11.9368
0.132952,0.128762,11.9274
0.278716,0.164207,11.9534
0.376901,0.131567,11.9549
0.529134,0.160813,11.9222
0.769537,0.128713,11.9398
-0.678135,0.226063,11.9611
-0.348789,0.229558,11.941
-0.253613,0.205826,11.955
-0.115196,0.189299,11.932
-0.0240566,0.208617,11.9385
0.350055,0.221865,11.9373
0.440358,0.19726,11.9349
0.631763,0.203163,11.9139
0.827509,0.200161,11.9262
-0.862942,0.251642,11.9638
-0.511592,0.284021,11.9511
-0.173541,0.254512,11.965
-0.086594,0.278444,11.9346
0.0656202,0.248052,11.9339
0.250935,0.269177,11.9244
0.515239,0.252904,11.9286
0.600245,0.290344,11.9303
0.749682,0.236133,11.9625
0.836511,0.286369,11.9615
-0.717362,0.326959,11.9637
-0.61988,0.338957,11.9382
-0.38949,0.316467,11.9524
-0.304181,0.307553,11.915
-0.14271,0.351432,11.9502
0.050894,0.337515,11.9566
0.138506,0.301502,11.9624
0.29791,0.345017,11.9546
0.382104,0.309548,11.9373
0.483356,0.335957,11.9578
-0.80852,0.355643,11.9505
-0.685347,0.403678,11.9204
-0.533676,0.374984,11.946
-0.435946,0.40346,11.9289
-0.310747,0.394983,11.9479
-0.0386897,0.363342,11.9541
0.209067,0.356514,11.9278
0.417365,0.395757,11.9289
0.56889,0.375534,11.9564
0.655719,0.365182,11.9238
0.802901,0.373825,11.9668
-0.767229,0.439959,11.9484
-0.612264,0.441248,11.9655
-0.502129,0.462983,11.9582
-0.365447,0.46509,11.917
-0.233247,0.461022,11.9613
-0.100003,0.425526,11.9125
0.0202855,0.435946,11.9563
0.261611,0.431134,11.9487
0.622932,0.453434,11.9471
-0.14407,0.491085,11.9626
-0.0547153,0.513756,11.9363
0.116064,0.479559,11.9559
0.239376,0.516946,11.9189
0.320377,0.502254,11.9653
0.452786,0.490508,11.9344
-0.708804,0.546389,11.9623
-0.633194,0.57706,11.9151
-0.529829,0.571735,11.946
-0.427986,0.532058,11.9363
-0.295619,0.537397,11.9139
-0.21451,0.553214,11.9583
-0.129228,0.572749,11.9192
0.157283,0.559626,11.9316
0.386671,0.570181,11.9652
0.503377,0.569198,11.9293
0.664002,0.536142,11.931
-0.454242,0.620546,11.9199
-0.362747,0.601703,11.9271
-0.269865,0.62566,11.932
-0.00299724,0.602528,11.9357
0.0848191,0.606172,11.9669
0.307527,0.592634,11.9202
0.450574,0.63871,11.9629
0.614289,0.634697,11.9606
-0.576584,0.652346,11.9332
-0.499278,0.70294,11.9174
-0.181118,0.651363,11.9191
-0.0881965,0.656937,11.9179
-0.00118232,0.703349,11.9268
0.0887422,0.699716,11.9644
0.159111,0.653114,11.9249
0.246181,0.65312,11.9633
0.369696,0.661912,11.9176
0.531165,0.659102,11.9197
-0.30851,0.753631,11.9544
-0.130806,0.744716,11.9197
0.211256,0.730634,11.9239
0.31021,0.722276,11.9621
0.479496,0.73587,11.9548
-0.371007,0.8235,11.9575
-0.0477014,0.783709,11.9386
0.0458191,0.781481,11.9489
0.138854,0.778568,11.9599
0.242521,0.818187,11.9204
0.335827,0.812099,11.9523
-0.264495,0.830642,11.9247
-0.176853,0.881909,11.9617
-0.0984615,0.85958,11.9158
-0.00930529,0.869003,11.9419
0.0837403,0.87041,11.9383
0.175102,0.871333,11.9562
-0.281983,-0.892962,12.0025
-0.194179,-0.92317,12.0142
-0.0649903,-0.927715,12.0017
0.0301938,-0.901374,11.9737
0.186108,-0.917691,12.0165
-0.211388,-0.836116,11.9789
-0.0548524,-0.835502,12.0156
0.335536,-0.840252,11.9764
-0.476899,-0.785574,11.9838
-0.129004,-0.791456,11.9789
0.0884829,-0.798524,11.9723
0.178498,-0.823207,12.0242
0.246531,-0.766603,11.9892
-0.565624,-0.707177,11.9737
-0.395441,-0.719882,11.9995
-0.22934,-0.736905,11.9841
-0.0623507,-0.727616,11.9949
0.061168,-0.709866,11.9837
0.157595,-0.732919,12.0122
0.337799,-0.74674,11.9814
0.533801,-0.748387,12.0004
-0.644456,-0.660657,11.9941
-0.484943,-0.698788,12.021
-0.154408,-0.679666,11.9797
0.133385,-0.648351,11.9802
0.291237,-0.665599,11.9867
0.471379,-0.678355,12.0002
0.600581,-0.682643,11.9936
-0.705004,-0.589364,11.9875
-0.521175,-0.611653,11.9857
-0.158068,-0.591949,12.0222
-0.0717857,-0.635636,11.9793
0.0435033,-0.618101,11.9872
0.400437,-0.594064,12.0038
0.543709,-0.608372,11.9975
-0.774855,-0.530362,12.0085
-0.612901,-0.572189,11.9947
-0.23881,-0.576236,11.9744
0.195804,-0.578663,11.9802
0.285598,-0.574237,12.0066
0.675643,-0.582556,11.9785
-0.683419,-0.500474,12.0095
-0.398069,-0.486839,12.0232
-0.314338,-0.519198,11.9963
0.0793336,-0.477198,12.0086
0.359749,-0.505692,12.0051
0.466596,-0.528447,12.0084
0.605565,-0.523105,11.9963
0.698745,-0.494306,12.0003
0.79078,-0.476449,12.0143
-0.849208,-0.415949,12.0194
-0.336901,-0.429458,11.981
-0.17698,-0.461803,11.997
-0.0690358,-0.464475,12.0178
0.00792805,-0.426386,11.9759
0.23658,-0.444883,12.025
0.320772,-0.415627,11.9976
0.423756,-0.437942,11.9968
0.532327,-0.463469,11.9952
-0.509594,-0.398727,12.0097
-0.114748,-0.389142,11.9758
0.0858927,-0.383965,12.0113
0.181473,-0.373515,11.9977
0.811128,-0.366424,11.9816
-0.79643,-0.345975,11.9834
-0.694758,-0.327042,12.0011
-0.464541,-0.317038,12.0182
-0.384424,-0.348646,11.9817
-0.255972,-0.320577,12.0224
-0.163448,-0.306334,12.0231
-0.0787978,-0.303246,11.9837
0.00378584,-0.339248,12.0087
0.269288,-0.337636,11.9991
0.388666,-0.352754,11.9766
0.543055,-0.302565,11.9891
0.630183,-0.332334,12.0043
0.721184,-0.344927,11.9901
-0.871883,-0.288781,11.9763
-0.61753,-0.281123,11.9743
-0.308975,-0.260692,11.9736
0.346906,-0.27571,12.0132
0.451417,-0.284626,11.9941
0.781511,-0.278371,12.0161
0.871608,-0.263951,11.9991
-0.800307,-0.227764,11.9717
-0.712352,-0.235241,12.0091
-0.553962,-0.185537,11.9755
-0.392509,-0.224399,11.9953
-0.224503,-0.231091,12.0011
-0.0423945,-0.213602,11.9777
0.161582,-0.209519,12.0042
0.332598,-0.179907,12.0081
0.514608,-0.217293,12.0149
0.711472,-0.188782,11.9876
0.820918,-0.188255,11.9782
-0.932031,-0.120248,12.0032
-0.808196,-0.131385,11.9885
-0.170322,-0.159744,11.9727
-0.0777965,-0.137854,12.0189
0.028685,-0.172037,12.0224
0.140249,-0.124756,11.9708
0.226128,-0.138282,12.0069
0.439205,-0.118157,12.0071
0.532761,-0.119143,12.0132
0.60603,-0.171182,11.9868
-0.713943,-0.0640601,11.9835
-0.631724,-0.108472,11.9936
-0.479408,-0.11161,11.979
-0.237484,-0.0993103,11.9967
-0.146855,-0.0759528,12.007
0.350512,-0.0892182,12.018
0.614632,-0.0634824,11.9946
0.719595,-0.0957237,12.0223
0.876674,-0.112648,11.9727
-0.803886,-0.0389243,11.9725
-0.635602,-0.0141082,11.9707
-0.548185,-0.0481647,11.9752
-0.364553,-0.0564941,12.0161
-0.285077,-0.0109183,11.9919
-0.05758,-0.0487563,11.9992
0.103747,-0.03762,12.0003
0.19536,-0.0507198,11.9971
0.486663,-0.0380133,12.0044
0.694414,-0.0211174,11.9717
0.793897,-0.049407,11.9912
-0.841114,0.0304426,12.0237
-0.729227,0.025153,12.0099
-0.526496,0.0356428,12.0111
-0.416363,0.0211604,12.0097
-0.0424234,0.0503666,11.9914
0.234721,0.0327129,12.0125
0.322796,0.00435261,11.9982
0.417639,0.0494416,11.9729
0.511261,0.0457399,11.9712
0.753699,0.0279817,12.0251
0.846113,0.0447972,12.0273
-0.957992,0.0601675,12.0281
-0.631157,0.0616893,12.0266
-0.461464,0.102908,12.0166
-0.336888,0.0674516,11.9909
-0.181108,0.0823457,12.0157
0.116713,0.116241,12.0185
0.204973,0.117328,11.9858
0.63666,0.0841625,12.0281
-0.809782,0.146762,12.0168
-0.637772,0.1655,12.0247
-0.553945,0.125757,12.0038
-0.401996,0.158113,11.9698
-0.264812,0.126261,12.003
-0.161205,0.174145,12.0118
-0.064726,0.156671,12.0043
0.0470771,0.172101,11.9894
0.461858,0.128923,11.9967
0.554559,0.121892,12.004
0.690453,0.164292,11.976
0.894513,0.157982,12.0011
-0.920684,0.183012,12.0113
-0.770957,0.235058,11.971
-0.488698,0.190402,11.985
-0.331405,0.188699,12.0235
0.135285,0.206447,11.9811
0.225568,0.223372,12.002
0.342163,0.182951,12.0248
0.491317,0.216337,12.0112
0.581937,0.210448,11.9926
0.811217,0.194261,12.0217
-0.655323,0.289972,12.0261
-0.588199,0.235784,11.9855
-0.414622,0.243849,12.0061
-0.294535,0.275185,12.0023
-0.0988913,0.244287,12.0207
-0.0141691,0.28248,11.9947
0.0700072,0.254649,12.0271
0.307837,0.268115,12.0071
0.405114,0.251667,12.007
0.663071,0.255634,11.9906
0.893715,0.248997,12.0257
-0.568004,0.322306,12.0154
-0.462111,0.349992,12.0013
-0.342029,0.352503,12.0253
-0.235827,0.343795,11.9728
0.229068,0.318555,12.0114
0.404156,0.347981,12.0192
0.551907,0.29719,12.0095
0.6387,0.344203,12.0129
0.723561,0.325063,11.9747
0.870435,0.344278,12.0267
-0.848103,0.409967,12.0159
-0.757731,0.385466,12.0249
-0.664158,0.383118,12.0178
0.156904,0.401743,11.991
-0.412037,0.462374,11.9981
-0.168028,0.415937,12.0132
-0.0633141,0.442922,11.9969
0.348327,0.416425,11.9881
0.462189,0.41933,12.0076
0.538815,0.464418,11.9834
0.703387,0.415147,11.9895
0.808855,0.450988,12.0197
-0.718149,0.473816,12.0211
-0.567184,0.511818,12.0077
-0.317531,0.480091,11.9969
0.0335122,0.526668,11.9801
0.201138,0.484012,11.9976
0.400768,0.490222,12.0123
0.739849,0.500923,11.9789
-0.776585,0.559257,12.0258
-0.476962,0.53596,12.0161
-0.308557,0.573571,11.9995
-0.142515,0.580489,12.0116
0.117758,0.539509,12.0276
0.259827,0.566221,11.9959
0.485125,0.534536,12.0145
0.582312,0.5462,11.974
0.661815,0.568627,12.0188
-0.695089,0.628937,12.011
-0.607175,0.597184,12.0031
-0.414316,0.604954,12.0053
-0.0576908,0.619464,12.0091
0.177725,0.608685,12.0088
0.331164,0.638154,11.9996
0.530532,0.616868,12.0061
-0.625861,0.691889,12.0026
-0.503668,0.648025,11.9946
-0.42231,0.6931,11.9704
-0.333157,0.668813,11.9857
-0.245031,0.698937,11.9967
-0.155533,0.673232,12.0072
0.0139405,0.679486,12.0162
0.175502,0.702134,12.0052
-0.547176,0.741231,11.9883
-0.372531,0.752929,12.0228
-0.0709193,0.710613,11.9924
0.397981,0.709753,11.993
0.561484,0.709988,11.9923
-0.45366,0.78141,11.9711
-0.192731,0.789289,11.974
-0.108441,0.820974,12.0006
-0.0112821,0.77385,12.0273
0.220724,0.784417,12.0049
0.424896,0.806888,11.9823
0.507462,0.789248,12.0266
-0.426224,0.851753,12.0278
-0.30256,0.873003,11.999
0.0497765,0.84472,12.0218
0.273235,0.867749,11.9937
0.36158,0.865672,12.0248
-0.0922056,0.915423,11.9908
0.0147553,0.930539,12.0083
0.115239,0.926737,12.0061
0.206588,0.924468,12.0266
-0.262351,-0.956788,12.0689
-0.171155,-0.977793,12.0868
-0.079527,-0.990343,12.0715
0.00805204,-0.966813,12.0469
0.0991977,-0.950653,12.0318
-0.369561,-0.896486,12.0351
0.292389,-0.899893,12.0343
0.383482,-0.88242,12.0478
-0.453307,-0.855224,12.042
-0.231873,-0.865137,12.0773
-0.140184,-0.854745,12.0485
0.00673034,-0.876734,12.0727
0.0940904,-0.858115,12.0444
0.482862,-0.834017,12.0562
-0.556059,-0.778734,12.0336
-0.47035,-0.770892,12.0791
-0.375294,-0.801124,12.0419
-0.282415,-0.802125,12.0296
-0.196049,-0.780437,12.06
-0.10355,-0.768457,12.0683
0.00567441,-0.770349,12.0453
0.0952048,-0.7678,12.0727
0.319327,-0.813334,12.0651
0.403537,-0.792097,12.03
-0.646017,-0.73238,12.0545
0.292981,-0.723488,12.0604
0.471676,-0.740624,12.0702
0.608712,-0.755092,12.0564
-0.718334,-0.667577,12.0522
-0.56854,-0.67988,12.0639
-0.311658,-0.697717,12.035
-0.226501,-0.658642,12.0357
-0.100102,-0.67258,12.0606
-0.00528081,-0.672349,12.0457
0.0941841,-0.674396,12.0638
0.210702,-0.654353,12.0335
0.391143,-0.700362,12.043
0.538987,-0.675617,12.0646
0.695578,-0.651531,12.0482
-0.407131,-0.642212,12.0514
-0.2996,-0.599946,12.0415
0.135607,-0.590949,12.0541
0.337387,-0.626817,12.0642
0.474962,-0.607105,12.0609
0.618424,-0.598909,12.053
-0.733105,-0.578479,12.0773
-0.644388,-0.548413,12.0804
-0.556979,-0.58667,12.0687
-0.466317,-0.569484,12.0498
-0.376436,-0.558311,12.08
-0.0669897,-0.558222,12.0317
0.0250552,-0.545239,12.0431
0.223279,-0.56714,12.0758
0.410196,-0.542874,12.0818
0.544252,-0.542503,12.0644
0.755442,-0.562803,12.0298
-0.848544,-0.502278,12.0594
-0.576938,-0.496855,12.0408
-0.486121,-0.477926,12.054
-0.2344,-0.5166,12.0466
-0.139024,-0.510543,12.0674
0.165822,-0.505719,12.0299
0.293646,-0.505668,12.071
0.651408,-0.516238,12.0818
-0.636795,-0.423602,12.0374
-0.322117,-0.464595,12.0735
-0.252435,-0.41869,12.0309
0.0110435,-0.449958,12.0665
0.148707,-0.4229,12.0696
0.382696,-0.45343,12.0798
0.478252,-0.459886,12.0715
0.613835,-0.441103,12.0406
0.702919,-0.414726,12.0495
0.859771,-0.43114,12.062
-0.729661,-0.407642,12.0339
-0.424219,-0.40053,12.0488
-0.328887,-0.370245,12.0538
-0.159164,-0.39315,12.058
-0.0651784,-0.37953,12.0568
0.225413,-0.370698,12.0807
0.359868,-0.363852,12.065
0.452319,-0.370799,12.0575
0.544462,-0.379368,12.0473
0.784898,-0.375597,12.0717
-0.907232,-0.345579,12.0421
-0.737622,-0.328922,12.0845
-0.580205,-0.348687,12.0456
0.1229,-0.329351,12.0777
0.706681,-0.29613,12.0686
0.868637,-0.336182,12.0588
-0.906777,-0.259312,12.0808
-0.809894,-0.280202,12.0491
-0.642667,-0.281347,12.0647
-0.543081,-0.261895,12.0289
-0.382108,-0.293451,12.0577
-0.303929,-0.241097,12.065
-0.036168,-0.27333,12.0614
0.0525276,-0.262222,12.0298
0.124134,-0.236099,12.0856
0.197494,-0.290284,12.0376
0.413635,-0.287337,12.0795
0.561052,-0.293687,12.0809
0.632215,-0.244897,12.045
0.93363,-0.269886,12.0701
-0.96486,-0.189192,12.0579
-0.849615,-0.194523,12.0443
-0.630066,-0.19527,12.0297
-0.477115,-0.192513,12.0286
-0.404062,-0.207135,12.0867
-0.114536,-0.223076,12.0362
0.265314,-0.227634,12.0504
0.41981,-0.205999,12.0318
0.574772,-0.177445,12.0749
0.752539,-0.207701,12.0697
0.846156,-0.209438,12.074
0.930259,-0.179811,12.0449
-0.794429,-0.12828,12.0812
-0.708815,-0.143009,12.0344
-0.422193,-0.120337,12.0532
-0.336491,-0.156087,12.0409
-0.246629,-0.166292,12.065
-0.155439,-0.14615,12.0702
0.112892,-0.147794,12.0568
0.287297,-0.141293,12.0803
0.483768,-0.159559,12.0818
0.665173,-0.159136,12.0629
0.811651,-0.123856,12.0453
-0.859142,-0.0726277,12.0411
-0.550512,-0.116762,12.0397
-0.290116,-0.0765124,12.0702
0.025909,-0.0790666,12.0298
0.189477,-0.082778,12.0846
0.589342,-0.0850761,12.0821
0.941001,-0.0868681,12.0366
-0.954355,-0.033461,12.0312
-0.77315,-0.038942,12.0623
-0.680166,-0.0571487,12.0708
-0.593427,-0.0253577,12.0541
-0.480088,-0.0407114,12.0402
-0.211309,-0.0278033,12.0546
0.271727,-0.053675,12.0513
0.402514,-0.0062584,12.0465
0.656828,-0.00315601,12.0554
0.769321,-0.0442321,12.0827
0.860486,-0.0456979,12.061
-0.775114,0.0530051,12.0867
-0.343896,0.017395,12.0699
-0.257836,0.0530083,12.0605
-0.12207,0.0110615,12.0312
-0.013125,0.00047393,12.0652
0.06608,0.03994,12.036
0.154618,0.0164429,12.058
0.3252,0.0342536,12.0869
0.481688,0.04179,12.0598
0.564145,0.00345,12.0362
0.931612,0.00626972,12.0295
-0.885191,0.1105,12.0592
-0.708806,0.109227,12.0495
-0.378854,0.115352,12.0594
-0.0834158,0.088858,12.066
0.00563856,0.110521,12.0465
0.214984,0.0977769,12.0769
0.294803,0.1024,12.0299
0.386738,0.100937,12.044
0.935568,0.0953629,12.0584
0.074455,0.173332,12.0794
0.502566,0.130348,12.0812
0.640462,0.173438,12.0554
0.753038,0.121417,12.0317
0.847876,0.125248,12.0754
-0.979184,0.209815,12.0796
-0.844972,0.225771,12.053
-0.721267,0.20296,12.0445
-0.559264,0.196259,12.0654
-0.445602,0.180551,12.0678
-0.242774,0.207688,12.0481
-0.104416,0.177749,12.0862
-0.00776774,0.211047,12.0548
0.169202,0.178334,12.0643
0.263317,0.178404,12.075
0.4251,0.182924,12.068
0.553022,0.209024,12.0818
0.724537,0.214141,12.05
0.950122,0.187032,12.0711
-0.924095,0.273275,12.0364
-0.7516,0.291759,12.0436
-0.498766,0.264234,12.0419
-0.354965,0.270481,12.0736
0.159415,0.26974,12.0484
0.356338,0.2543,12.0863
0.619034,0.274477,12.0718
0.797081,0.283695,12.0467
-0.841168,0.316406,12.0292
-0.509113,0.347388,12.0839
-0.415642,0.341298,12.0822
-0.254602,0.324896,12.0708
-0.169275,0.318277,12.0335
-0.0780047,0.337804,12.0349
0.0135072,0.30527,12.0811
0.100231,0.343002,12.037
0.315606,0.352534,12.0474
0.471599,0.295576,12.0567
0.707602,0.304562,12.0673
-0.916418,0.36371,12.0605
-0.26658,0.409467,12.0321
0.00351655,0.385783,12.0346
0.180451,0.353599,12.0842
0.239645,0.407913,12.0363
0.540764,0.382558,12.0454
0.769351,0.373709,12.0545
-0.631515,0.462792,12.0551
-0.548884,0.413435,12.03
-0.464374,0.428146,12.0678
-0.3581,0.433666,12.0692
-0.0672029,0.417861,12.0869
0.0765749,0.443943,12.0324
0.160969,0.446344,12.0733
0.307232,0.470313,12.0528
0.401983,0.4227,12.0784
0.519257,0.469305,12.0747
0.611105,0.443708,12.0394
0.690375,0.417938,12.0822
-0.842387,0.49697,12.0509
-0.243585,0.518354,12.0401
-0.113371,0.500554,12.0506
-0.00392625,0.485883,12.0555
0.746138,0.49287,12.0764
0.835227,0.520529,12.0814
-0.670212,0.548355,12.0526
-0.547698,0.576724,12.0729
-0.375145,0.531225,12.0499
0.223954,0.531816,12.075
0.340847,0.557201,12.0457
0.581023,0.562984,12.0659
0.752604,0.58071,12.0439
-0.76439,0.638636,12.0745
-0.634642,0.635758,12.0843
-0.46772,0.625204,12.0796
-0.228745,0.612392,12.0295
0.0363274,0.593518,12.0458
0.25693,0.639988,12.0568
0.410873,0.629784,12.048
-0.555404,0.681946,12.065
-0.346462,0.656573,12.0776
-0.0516766,0.676719,12.0828
0.106839,0.654948,12.0478
0.482482,0.690073,12.0391
0.590134,0.657902,12.0694
0.674759,0.660636,12.0301
-0.691971,0.70806,12.0672
-0.473524,0.722614,12.0432
-0.270011,0.709941,12.0869
-0.188792,0.745624,12.0568
-0.0967325,0.757819,12.0688
0.0811333,0.757568,12.0376
0.339287,0.708018,12.0655
0.597219,0.759298,12.0635
-0.608186,0.76853,12.054
-0.511373,0.813584,12.0376
-0.28689,0.788513,12.0387
0.306741,0.792046,12.041
0.394021,0.787961,12.0751
-0.219473,0.853577,12.0401
-0.134039,0.869235,12.0767
-0.0386633,0.862847,12.0472
0.147354,0.834456,12.0374
0.233428,0.847275,12.076
0.450237,0.860378,12.0549
-0.360134,0.907488,12.0643
-0.262704,0.938301,12.0531
0.0697177,0.913098,12.0868
0.293417,0.926149,12.0641
-0.171688,0.944153,12.0315
-0.056999,0.973649,12.0552
0.0299895,0.998002,12.0828
0.125557,0.987551,12.0767
0.0724696,-1.01016,12.0993
0.163808,-0.952104,12.1039
0.255383,-0.966878,12.0907
0.346436,-0.948476,12.1032
-0.0821682,-0.903025,12.1056
0.0789389,-0.915361,12.1177
0.448131,-0.910348,12.1104
-0.534117,-0.850924,12.0892
-0.409628,-0.857507,12.1301
-0.320766,-0.848721,12.1016
0.055866,-0.823642,12.1373
0.147377,-0.831123,12.118
0.225607,-0.878165,12.0965
0.308665,-0.869465,12.1395
0.566785,-0.827881,12.098
-0.622432,-0.807529,12.1059
-0.138649,-0.82083,12.1379
-0.0462988,-0.818363,12.123
0.229653,-0.784569,12.0925
0.414265,-0.823108,12.1194
-0.720987,-0.741033,12.1108
-0.550175,-0.750562,12.1239
-0.390156,-0.72419,12.0936
-0.303047,-0.75542,12.1083
-0.161345,-0.714159,12.118
-0.0356287,-0.725569,12.1165
0.170125,-0.713157,12.1028
0.362773,-0.744829,12.1204
0.547517,-0.740631,12.1313
-0.335973,-0.649844,12.1119
-0.248499,-0.680723,12.1242
0.261662,-0.65227,12.1126
0.41374,-0.647906,12.1188
0.628149,-0.678819,12.1073
-0.64383,-0.639449,12.1028
-0.488173,-0.646473,12.0987
-0.21158,-0.590812,12.0991
-0.11696,-0.592632,12.1065
-0.0238548,-0.60071,12.1032
0.0684811,-0.602062,12.118
0.174609,-0.624651,12.1324
0.562306,-0.609994,12.1271
-0.825251,-0.587158,12.0922
-0.451743,-0.564728,12.1423
-0.291106,-0.543707,12.116
0.309433,-0.572211,12.135
0.485707,-0.553545,12.137
0.712309,-0.581934,12.1109
-0.779239,-0.510422,12.1227
-0.537397,-0.513157,12.1243
-0.407533,-0.477062,12.116
-0.052493,-0.505038,12.1075
0.0979586,-0.5145,12.0934
0.212217,-0.48001,12.1094
0.741508,-0.492213,12.0925
-0.912667,-0.427743,12.0878
-0.794553,-0.420597,12.1003
-0.698516,-0.469938,12.0969
-0.566159,-0.424406,12.0992
-0.201618,-0.457072,12.1116
-0.104842,-0.429423,12.1252
0.30006,-0.420494,12.1094
0.562898,-0.465946,12.1152
0.669356,-0.440069,12.1334
-0.65369,-0.363859,12.1078
-0.500117,-0.358082,12.0946
-0.379207,-0.388827,12.1306
-0.275417,-0.40124,12.1255
-0.0183422,-0.395476,12.1368
0.0732697,-0.407055,12.1222
0.562741,-0.373469,12.1422
0.642595,-0.358527,12.0958
0.928817,-0.386642,12.11
-0.968308,-0.326633,12.1119
-0.842159,-0.340817,12.113
-0.313929,-0.312173,12.126
-0.213297,-0.333678,12.106
-0.120366,-0.321873,12.1058
0.0316531,-0.327074,12.0971
0.292084,-0.306345,12.0924
0.48578,-0.321036,12.1295
-0.565155,-0.292641,12.1192
-0.477251,-0.265724,12.0956
-0.190967,-0.244525,12.0877
0.0358589,-0.235842,12.1178
0.206278,-0.293939,12.1307
0.791798,-0.289385,12.1085
0.875407,-0.265475,12.1436
-0.829707,-0.232923,12.1277
-0.746472,-0.208374,12.0922
-0.658603,-0.211168,12.1248
-0.565409,-0.201552,12.0973
-0.10692,-0.232054,12.1291
-0.0370955,-0.184221,12.0892
0.196558,-0.176642,12.087
0.273174,-0.230232,12.1438
0.349252,-0.22047,12.0911
0.431173,-0.214597,12.1359
0.524016,-0.227297,12.1357
0.680228,-0.226459,12.1263
0.988229,-0.20617,12.1137
-0.866404,-0.147199,12.1383
-0.712892,-0.128139,12.1275
-0.624728,-0.12876,12.0957
-0.492428,-0.144319,12.1103
-0.321006,-0.137366,12.1345
-0.097647,-0.138746,12.1439
0.0372062,-0.13106,12.1085
0.391053,-0.136807,12.0874
0.758688,-0.130648,12.1222
0.886288,-0.123942,12.106
-0.935376,-0.10011,12.0953
-0.553634,-0.0744507,12.1235
-0.373338,-0.062185,12.11
-0.216353,-0.0990611,12.1233
-0.13514,-0.0593425,12.0989
-0.0458331,-0.0840158,12.0887
0.0977931,-0.0619479,12.0906
0.265462,-0.0746015,12.1424
0.457082,-0.0703686,12.0872
0.683553,-0.0769364,12.1065
-0.839488,-0.0426288,12.1285
-0.463417,-0.0510297,12.1325
-0.276319,-0.00628809,12.1307
0.348992,-0.0551608,12.1053
0.527912,-0.0183936,12.1198
0.620219,-0.0170239,12.1405
0.918025,-0.00991116,12.1256
0.999365,-0.0499362,12.1015
-1.00908,0.013092,12.0918
-0.903597,0.0165014,12.0924
-0.684266,0.032467,12.098
-0.523463,0.0142867,12.1026
-0.431873,0.0350272,12.1012
-0.17077,0.0477309,12.1021
-0.0843234,0.0154638,12.1238
0.0796913,0.0222038,12.1269
0.236285,0.0118908,12.1068
0.410819,0.0519582,12.1201
0.829766,0.022959,12.1171
0.993875,0.0432092,12.1109
-0.998519,0.115056,12.0927
-0.85545,0.0873287,12.145
-0.611502,0.11615,12.1002
-0.518753,0.107094,12.0906
-0.344138,0.0793021,12.1402
-0.00392025,0.0679385,12.1295
0.128216,0.100296,12.1102
0.279387,0.0918495,12.1448
0.57525,0.0733311,12.0975
0.703359,0.0695943,12.0922
0.780693,0.100629,12.1361
-0.7814,0.16376,12.105
-0.688832,0.163669,12.1235
-0.428654,0.121174,12.1384
-0.289952,0.139169,12.0923
-0.196438,0.137006,12.09
-0.0274893,0.15919,12.1357
0.346013,0.149466,12.1129
0.614295,0.146306,12.1411
0.705818,0.157563,12.1244
-0.607654,0.205319,12.1452
-0.50443,0.185221,12.1406
-0.365769,0.188171,12.1171
0.031119,0.232193,12.1379
0.475556,0.234901,12.1279
0.792745,0.190741,12.1133
0.878811,0.228275,12.1162
-0.789813,0.257508,12.1222
-0.682939,0.258547,12.11
-0.542462,0.2695,12.1246
-0.444076,0.259622,12.1183
-0.277799,0.250976,12.1235
-0.168897,0.245304,12.0918
-0.0658615,0.263237,12.1064
0.0993616,0.292329,12.1161
0.195838,0.24522,12.131
0.268481,0.285461,12.0905
0.767707,0.277943,12.1362
0.991718,0.247456,12.1296
-0.977455,0.306863,12.106
-0.736179,0.3346,12.1257
-0.610268,0.328732,12.0989
0.404693,0.330424,12.1115
0.543151,0.307731,12.1158
0.834334,0.340278,12.1131
0.931111,0.308172,12.0883
-0.975848,0.397212,12.1369
-0.816153,0.375786,12.0978
-0.330876,0.35825,12.1182
-0.247271,0.399503,12.1268
-0.150426,0.378107,12.103
0.0641103,0.39115,12.1086
0.324092,0.405759,12.1263
0.480699,0.389414,12.1167
0.614944,0.365874,12.1008
0.744377,0.368181,12.1453
-0.91211,0.451689,12.0945
-0.704097,0.41773,12.0953
-0.5923,0.416337,12.1268
-0.188326,0.463066,12.0917
0.00322961,0.453341,12.1429
0.242722,0.45145,12.1191
0.592444,0.451405,12.1309
0.805615,0.433534,12.1179
0.892116,0.41368,12.0884
-0.761447,0.502328,12.0993
-0.536555,0.482963,12.0917
-0.449915,0.516252,12.1042
-0.291192,0.482866,12.1126
-0.078134,0.499392,12.1374
0.0745075,0.505337,12.1032
0.161171,0.509074,12.143
0.368851,0.501692,12.1159
0.455737,0.475886,12.1432
0.654957,0.508686,12.0905
0.906423,0.493357,12.1355
-0.836008,0.579567,12.0961
-0.611235,0.529848,12.1235
-0.391997,0.588072,12.1224
-0.298279,0.576156,12.0927
-0.17876,0.558447,12.095
-0.0882174,0.582003,12.0892
-0.00429958,0.553965,12.12
0.291292,0.549418,12.1377
0.442509,0.555509,12.0953
0.529561,0.536488,12.1392
-0.229136,0.632907,12.1212
0.15557,0.591149,12.0982
0.338322,0.625515,12.1097
0.508852,0.621334,12.0975
0.673569,0.602772,12.1059
0.816392,0.604851,12.1182
-0.420585,0.695979,12.1192
-0.142077,0.658858,12.0991
0.0386035,0.677711,12.1073
0.182648,0.680626,12.0964
0.74537,0.661103,12.0917
-0.534364,0.760588,12.1115
0.111718,0.734621,12.1248
0.239562,0.754611,12.0938
0.424555,0.706847,12.1109
0.51784,0.740545,12.1097
0.680426,0.728862,12.0943
-0.425411,0.786483,12.0952
-0.334956,0.778686,12.1186
-0.234478,0.801469,12.1165
-0.0786785,0.821128,12.1353
0.0114419,0.766652,12.1181
0.0856689,0.822863,12.1069
0.17292,0.805,12.1358
0.459731,0.808251,12.1388
0.619751,0.817408,12.1335
-0.567087,0.849504,12.1039
0.00500761,0.862971,12.1324
0.327623,0.85087,12.111
0.536444,0.842872,12.0979
-0.0726996,0.917506,12.1286
0.160506,0.898467,12.1049
0.246893,0.9105,12.1441
-0.226641,0.991443,12.1215
0.218122,0.986077,12.0963
-0.136946,1.0045,12.0943
-0.259199,-0.913029,12.153
-0.365641,-0.770993,12.1763
-0.229453,-0.799535,12.1457
-0.278415,-0.73843,12.1976
-0.0969877,-0.715987,12.1866
0.0901971,-0.716851,12.1515
0.177141,-0.764674,12.1807
0.276407,-0.734704,12.1567
0.448608,-0.724777,12.1599
-0.416739,-0.650083,12.1593
0.014834,-0.662979,12.1644
0.336269,-0.663658,12.169
-0.255714,-0.603138,12.1866
-0.169654,-0.636679,12.1701
-0.0696534,-0.626119,12.1809
0.238058,-0.641266,12.2025
-0.35829,-0.57649,12.1726
0.127524,-0.555311,12.1736
0.224251,-0.551928,12.1682
-0.621896,-0.47962,12.1505
-0.129205,-0.513053,12.1609
0.0268022,-0.525658,12.153
0.296679,-0.487994,12.1743
0.388972,-0.499201,12.1619
-0.887791,-0.42072,12.1794
-0.485353,-0.434654,12.1466
-0.32733,-0.470584,12.1668
-0.041423,-0.467097,12.1925
0.0519966,-0.449951,12.2025
0.136688,-0.463145,12.1621
0.221437,-0.43435,12.1907
0.480427,-0.416491,12.1545
-0.584699,-0.367879,12.1716
-0.172183,-0.405435,12.1857
-0.0859436,-0.370102,12.1964
0.162302,-0.374159,12.1498
0.266438,-0.355415,12.1679
0.390331,-0.391063,12.1493
-0.49281,-0.31214,12.1759
-0.404836,-0.295277,12.1485
-0.248737,-0.348988,12.2004
-0.0407177,-0.301897,12.1507
0.361364,-0.302142,12.1557
0.54442,-0.301162,12.1999
-0.722322,-0.27179,12.1572
-0.197441,-0.273832,12.1764
0.0417117,-0.294029,12.1944
0.128622,-0.265664,12.1744
0.441077,-0.28058,12.2016
-0.544091,-0.234212,12.1896
-0.456082,-0.210343,12.1681
-0.358586,-0.216283,12.1683
-0.267447,-0.213923,12.147
-0.180607,-0.180197,12.1549
-0.0303402,-0.212412,12.1795
0.0683663,-0.178525,12.1844
0.605333,-0.232121,12.1824
0.816518,-0.19333,12.1615
-0.598936,-0.158492,12.1808
-0.502414,-0.127685,12.2021
-0.409652,-0.129019,12.1646
-0.0153269,-0.119753,12.185
0.140267,-0.132151,12.1468
0.227265,-0.154321,12.1729
0.334826,-0.157956,12.1593
0.449419,-0.126519,12.1623
0.542532,-0.131742,12.15
0.635261,-0.146197,12.1507
-0.275926,-0.0776065,12.1922
-0.164455,-0.101797,12.2034
0.0855367,-0.0661419,12.1841
0.374099,-0.0796561,12.1926
0.727154,-0.0737239,12.1894
-0.731879,-0.038353,12.1468
-0.638944,-0.0518122,12.155
-0.538083,-0.0133897,12.1929
-0.188661,-0.0196718,12.1646
-0.0833864,-0.0556552,12.1846
0.00426799,-0.0346106,12.1504
0.159606,-0.0217055,12.1485
0.252295,-0.000913425,12.1986
0.445226,-0.0217834,12.1663
0.562091,-0.0563597,12.2024
-0.794989,0.0236642,12.178
-0.603841,0.0348502,12.1463
-0.385045,0.00262898,12.1766
0.348047,0.00846035,12.1742
0.587591,0.0563365,12.1888
0.743759,0.0115179,12.1536
-0.72786,0.0868685,12.1607
-0.497828,0.0691081,12.1742
-0.24482,0.0801148,12.1494
-0.11947,0.110486,12.1497
0.191115,0.0637133,12.17
0.498436,0.0654076,12.1502
0.675893,0.08681,12.1802
-0.569804,0.128517,12.1834
-0.298171,0.171135,12.18
0.0572774,0.130618,12.1626
0.200516,0.154288,12.15
0.438021,0.136999,12.1487
0.525968,0.165433,12.1654
-0.728522,0.223145,12.1842
-0.426015,0.199902,12.1898
-0.210318,0.196978,12.1604
-0.119945,0.21924,12.1685
0.118537,0.200864,12.1574
0.298238,0.220277,12.1512
0.391222,0.216544,12.1646
0.709902,0.225951,12.1883
0.832998,0.223206,12.1994
-0.361078,0.267405,12.167
0.604786,0.238197,12.1569
-0.541879,0.350639,12.1717
-0.463587,0.305636,12.1976
-0.288518,0.33468,12.1984
-0.208284,0.307802,12.1505
-0.116112,0.316527,12.1648
-0.0275042,0.345296,12.1548
0.077337,0.345843,12.1896
0.166091,0.32184,12.1754
0.328153,0.308735,12.1604
0.472039,0.319615,12.1784
0.667638,0.307738,12.1519
-0.659455,0.366131,12.1694
-0.457817,0.387397,12.152
-0.382376,0.353869,12.1964
0.141983,0.410653,12.1578
0.248425,0.355943,12.1487
0.406405,0.401695,12.1723
0.562953,0.375564,12.178
-0.512468,0.45722,12.1823
-0.310557,0.426697,12.1903
-0.176336,0.431558,12.1791
-0.0840747,0.415787,12.1791
0.678312,0.448937,12.1697
-0.377097,0.478756,12.1497
-0.220228,0.513232,12.1657
0.0714955,0.495861,12.1963
0.303917,0.472146,12.1893
-0.520025,0.547481,12.1579
-0.432465,0.541356,12.1929
-0.275005,0.585963,12.188
0.221535,0.552327,12.2002
0.408294,0.539562,12.1931
0.665317,0.541382,12.1776
-0.58065,0.61895,12.1592
-0.436349,0.635942,12.1897
-0.134906,0.596291,12.1691
-0.0461742,0.626615,12.1618
0.0756335,0.594759,12.1465
0.240391,0.628178,12.1485
0.421294,0.624387,12.1553
0.590418,0.607151,12.1485
0.740863,0.596963,12.1735
-0.508321,0.677342,12.1462
-0.326302,0.695377,12.1607
0.0176023,0.686257,12.1981
0.113225,0.668185,12.1911
0.298568,0.703331,12.1496
0.501629,0.674485,12.1743
-0.197748,0.717775,12.146
-0.0923925,0.719776,12.1553
0.604185,0.709479,12.1463
-0.162125,0.80785,12.1758
0.101394,0.797428,12.1959
-0.344013,-0.947108,12.2459
0.128226,-0.8427,12.2197
0.460631,-0.804394,12.2084
-0.334062,-0.663109,12.2046
0.061103,-0.602957,12.2193
-0.130936,-0.575745,12.2307
-0.483571,-0.50562,12.2078
-0.435429,-0.380461,12.2049
0.108492,-0.353426,12.2236
0.326557,-0.409293,12.2155
0.198364,-0.318771,12.2211
-0.110189,-0.280646,12.2097
0.32964,-0.239701,12.2179
-0.212884,-0.20592,12.239
-0.1098,-0.187826,12.2227
0.154265,-0.188333,12.2206
0.405679,-0.18506,12.221
-0.296686,-0.164177,12.2216
0.0497598,-0.11798,12.2534
-1.13981,-0.0706554,12.2617
0.182828,-0.0834111,12.215
0.294781,-0.115497,12.2325
0.476908,-0.0758266,12.2361
-0.438631,-0.058547,12.2236
0.674174,-0.00042808,12.2154
-0.303835,0.033283,12.2116
-0.212532,0.0433644,12.2297
-0.122154,0.0356853,12.207
-0.0290013,0.0286655,12.2107
0.0614474,0.0523086,12.2137
0.144283,0.0135161,12.2338
0.505817,0.0139793,12.2282
0.217753,0.091097,12.2555
0.305737,0.0680906,12.2328
0.427294,0.0679442,12.2112
0.524274,0.105422,12.2374
-0.659256,0.127168,12.2116
-0.375558,0.122304,12.2175
-0.22614,0.136002,12.2296
-0.0536762,0.118893,12.216
0.137124,0.126828,12.2132
0.270832,0.15581,12.2134
0.363425,0.136646,12.2053
0.597752,0.17281,12.2294
-0.352896,0.215441,12.2463
-0.0370184,0.214406,12.2114
0.0545195,0.201106,12.2254
0.186453,0.214079,12.2207
0.457226,0.188357,12.2247
-0.261525,0.247637,12.2202
-0.170691,0.269879,12.2286
0.0093964,0.294028,12.2275
0.250406,0.280712,12.2046
0.336562,0.249973,12.2328
0.526408,0.249181,12.2074
-0.0675976,0.34601,12.2394
0.607085,0.306716,12.2234
-0.203295,0.357664,12.2299
0.00978922,0.402113,12.2209
0.312204,0.382433,12.2161
-0.0531489,0.462909,12.2543
0.221779,0.42464,12.2065
0.492537,0.426063,12.2136
-0.137184,0.511467,12.2091
-0.0337333,0.54443,12.2084
0.490857,0.587368,12.2078
0.658512,0.620354,12.2324
0.669685,-0.734279,12.2932
-0.152775,-0.474181,12.2738
-0.720284,-0.315854,12.3186
-0.285347,-0.258246,12.2745
-0.472338,-0.228062,12.2712
-0.374036,-0.106447,12.2803
0.691805,0.11535,12.2683
-0.730733,0.138769,12.3041
0.58342,0.402725,12.2654
0.12126,0.452492,12.3118
0.0293697,0.641302,12.3103
0.669567,0.868382,12.2669
-0.365741,0.953028,12.2692
-0.220514,-1.06264,12.3435
-0.724517,0.0507324,12.3425
-1.20495,0.211914,12.3627
-0.198353,1.24438,12.341
-0.431864,-1.21822,12.414
-0.752057,-0.824968,12.3879
-0.640106,-0.255556,12.4383
0.131558,0.0900143,12.4388
-0.986945,0.421838,12.4189
-0.730304,1.06398,12.4263
-0.500054,-0.0731045,12.4483
0.631623,0.694115,12.4969
-0.895255,0.927122,12.4884
0.454521,1.11273,12.4914
0.581429,1.13297,12.4744
-0.647309,-0.618053,12.5119
1.35544,-0.201878,12.5166
1.17304,0.414327,12.5457
0.746807,0.590059,12.5495
0.0582354,0.65434,12.5486
-0.822551,0.793619,12.499
-1.33125,-0.380543,12.598
1.44468,-0.40741,12.5764
-0.340321,0.220928,12.5607
1.09057,0.493908,12.5937
-0.975806,0.541283,12.5805
1.28552,0.556476,12.5718
0.164836,-1.6005,12.6604
-0.405834,-0.851765,12.6736
0.212372,-0.450537,12.63
-0.861979,-0.278439,12.6263
-0.227113,-0.0879795,12.6466
1.46146,0.517776,12.6449
0.0753513,0.541687,12.6159
-0.0592513,1.21814,12.6429
-0.112787,-1.74112,12.6987
-0.0636011,-1.63476,12.7313
-0.674856,-1.30663,12.6766
1.66795,0.353112,12.7166
-0.408909,1.44035,12.7162
0.366455,1.61153,12.6774
-0.820537,-1.51849,12.7821
-0.366855,-1.36554,12.784
0.850773,-1.05726,12.7837
0.0461568,-0.526574,12.7506
-0.819414,0.113618,12.7627
-1.50465,0.40225,12.7767
0.29193,0.471622,12.7496
-1.5655,0.601866,12.7553
0.522326,0.809714,12.7693
0.981136,0.979367,12.7559
-0.872588,1.36745,12.7709
-0.907219,-1.62208,12.8402
1.56289,-1.0801,12.8132
0.538543,-1.05205,12.7997
-0.172828,-0.722808,12.8448
1.52759,0.176456,12.8107
-0.285976,0.605148,12.823
0.896548,0.752146,12.8238
0.985748,1.46253,12.839
-0.457231,-2.02032,12.881
0.18672,-1.83392,12.9022
0.257782,-1.46499,12.8885
-0.177825,-1.07471,12.853
-1.73062,-0.58843,12.8657
1.02233,0.279873,12.8705
0.300439,0.48538,12.8525
0.0151675,0.718225,12.8749
1.38142,0.997778,12.8661
1.53419,1.12089,12.8639
1.45943,1.34083,12.8551
-0.902642,-1.86943,12.9173
0.163539,-1.393,12.9127
1.43011,-1.24479,12.9303
1.52205,-1.21133,12.9143
1.75061,-0.88328,12.9161
-1.006,-0.760102,12.9373
-0.401235,-0.564412,12.9201
0.528168,-0.0761615,12.9308
1.61578,-0.0384866,12.9593
1.81952,0.463975,12.9158
0.802915,0.603516,12.9576
1.23505,0.773147,12.9388
-0.346114,1.86374,12.9222
-0.436673,-2.16594,13.0064
-0.969261,-1.95962,12.9924
-0.0112362,-1.8472,12.981
-0.978646,-1.32011,13.0116
1.05496,-1.21366,12.9953
1.39466,-0.990473,13.0042
0.20023,-0.731949,13.0105
1.66772,-0.304265,12.9958
-2.07078,0.406207,13.0037
-0.312812,0.561321,13.0056
-1.86986,0.806033,12.9792
-1.35006,1.26415,12.9898
-1.8047,1.34967,13.0087
1.76825,-1.53486,13.0502
-0.838333,-1.23424,13.0636
-1.89805,-0.930776,13.0757
-1.25991,-0.250236,13.0809
-2.33259,0.0763521,13.0657
-1.15778,0.115619,13.0462
0.107359,0.385927,13.0758
-2.19151,0.665657,13.041
-0.0581957,0.904937,13.0792
1.66372,1.10929,13.0432
-0.691041,1.66676,13.081
-0.215205,2.04309,13.0541
0.425371,-2.39007,13.1324
0.307224,-2.22874,13.1343
-1.24036,-1.77257,13.1264
1.48133,-1.79602,13.1176
0.686464,-1.60175,13.1337
0.7972,-1.62462,13.1023
-1.78027,-1.58078,13.0896
-0.824279,-1.15215,13.0995
-2.1557,-1.01228,13.1121
2.17568,-0.906867,13.0951
1.77984,-0.605431,13.1042
1.74785,0.0214594,13.0883
0.702313,0.766842,13.0968
1.82107,1.10467,13.12
-0.768851,2.32482,13.1095
0.696242,-2.25427,13.1599
-1.40893,-1.47105,13.1842
1.87306,-1.43877,13.1887
1.73555,-1.31116,13.1769
-2.04143,-1.26795,13.1944
-0.812297,-1.27974,13.1618
1.57739,-0.869528,13.1746
1.84234,-0.837958,13.1543
-0.645371,-0.746325,13.1838
1.02639,-0.710602,13.1554
-0.0654789,-0.503509,13.1935
-0.123704,-0.0970759,13.1547
-0.882951,0.262352,13.2013
-2.26814,0.40871,13.2008
-1.8617,0.444996,13.1985
1.71824,0.563834,13.2004
1.65983,0.830991,13.1636
-2.44893,0.897185,13.1985
1.23179,0.956745,13.1763
-1.78473,1.06792,13.1725
0.755379,1.65696,13.1612
2.04054,1.8027,13.1998
0.0151376,1.92325,13.2017
0.116331,1.88502,13.1849
-0.437374,1.97304,13.1569
-1.53552,2.03297,13.1574
-0.094115,2.21,13.1704
0.259963,2.1956,13.147
0.117146,2.42067,13.1438
-0.871672,-2.60404,13.2487
-0.382643,-2.44849,13.2288
1.7912,-1.69762,13.2038
-2.33919,-0.844494,13.2192
-0.878363,-0.640945,13.2418
-1.20317,-0.538997,13.2266
0.270271,-0.558483,13.2175
-0.899952,-0.490411,13.2559
-0.681015,-0.209575,13.258
-0.0949027,-0.0303065,13.2421
1.74225,-0.0473223,13.2492
-2.3633,0.519226,13.2595
-2.04309,0.726526,13.2533
-2.15582,1.16741,13.2473
0.654636,1.23268,13.2592
-1.47187,1.24529,13.2371
-2.33475,1.54959,13.2242
-2.31322,1.67629,13.2404
-0.363586,2.12868,13.2371
1.25284,2.43123,13.2565
0.0398921,2.67696,13.22
-0.770505,-2.87798,13.2986
-0.798089,-2.68345,13.3169
0.7885,-2.68884,13.2828
1.4757,-2.40844,13.3152
0.632105,-2.20713,13.2686
2.00491,-2.1768,13.3008
1.38216,-2.11092,13.3181
-2.27027,-1.65098,13.2798
-1.02241,-1.57097,13.3089
-1.20296,-1.3334,13.2874
-0.593697,-1.26728,13.2907
-1.52043,-0.845793,13.2928
1.61654,-0.790159,13.3131
-2.6795,-0.383073,13.2638
2.88523,-0.217892,13.281
1.5225,0.141648,13.2765
0.795881,0.36436,13.3157
-1.70672,0.517512,13.2885
-2.50561,0.960479,13.268
-0.549856,1.82893,13.2744
-2.00524,1.92924,13.2616
-0.859179,2.77615,13.3014
-0.889252,-2.91587,13.351
-0.888294,-2.56905,13.3319
-1.32621,-2.5146,13.3391
0.782626,-2.40151,13.3319
0.987483,-2.36878,13.3751
1.34115,-2.38482,13.3336
2.01438,-2.35438,13.3724
1.86235,-2.15659,13.3712
-2.1933,-1.84388,13.3523
-0.723313,-1.72215,13.3322
2.67768,-1.59812,13.3659
-2.26004,-1.49701,13.3201
1.66366,-1.29746,13.3439
1.78748,-1.18035,13.3631
-2.85626,-1.09645,13.3636
-1.34503,-0.995007,13.3718
-1.39738,-0.748918,13.3751
-2.86239,-0.659132,13.3607
-2.31077,-0.588487,13.3491
0.644837,-0.559943,13.3569
2.59709,-0.552178,13.3267
2.47329,-0.342481,13.3747
-0.021611,-0.216166,13.3582
1.88313,0.127594,13.353
-0.724499,0.348001,13.3424
1.53424,0.703664,13.3738
1.86866,1.63603,13.3261
1.31796,1.75645,13.3286
-1.73529,1.97423,13.3617
1.71445,2.57631,13.3527
0.0044378,-2.41394,13.382
-2.27448,-2.21563,13.4013
-1.4491,-2.07493,13.4016
-1.62465,-1.29284,13.3929
-1.72566,-1.19952,13.3794
2.45951,-1.04278,13.4327
-0.987028,-0.987801,13.4201
-3.03991,-0.662839,13.4239
0.804332,-0.599693,13.3876
-1.50213,-0.584313,13.435
1.2507,-0.472717,13.4261
-3.00806,-0.424938,13.4343
0.919524,-0.35852,13.4237
-0.17932,0.171296,13.3966
-2.5924,0.546317,13.3827
1.14016,0.620929,13.3887
-0.421787,0.879452,13.4293
-2.46342,1.2283,13.4355
1.95503,1.84306,13.41
0.661367,2.19165,13.4168
1.8478,2.35105,13.3887
1.28507,2.73854,13.4358
-0.466572,-3.13316,13.4428
0.0882262,-2.18223,13.4869
0.656073,-1.93455,13.4804
0.306337,-1.74802,13.4663
1.86847,-1.42968,13.4707
1.76674,-1.09146,13.442
-2.32151,-1.032,13.4659
-2.2491,-0.900759,13.4482
3.02173,-0.761343,13.4527
-0.873135,-0.313274,13.4787
-1.97329,-0.0499108,13.4742
-0.703578,-0.0394383,13.4794
1.90943,0.205724,13.4931
-0.772933,0.31464,13.4792
-2.67951,0.462295,13.4669
-3.28001,0.603336,13.4604
2.54024,1.7587,13.4577
-1.64397,1.80007,13.4646
2.37868,2.02185,13.4751
-1.38221,2.24263,13.4805
-0.491715,2.3191,13.4745
-0.705389,2.5242,13.4736
-0.636884,-3.01137,13.5139
-0.175048,-3.05163,13.5164
0.906286,-3.05794,13.525
-1.5911,-2.82311,13.5195
-1.60037,-2.48068,13.5077
1.04363,-2.52353,13.5456
-0.970225,-2.31675,13.5277
0.562333,-2.12571,13.4978
-0.0950204,-2.00814,13.4964
-2.86507,-0.913931,13.5086
-2.56798,-0.787011,13.5416
-1.32211,-0.769184,13.5518
-2.14873,-0.621271,13.5388
2.15295,-0.581938,13.5016
2.42496,-0.238485,13.5163
-2.44057,0.390567,13.5264
1.30311,0.446854,13.5311
-1.42413,0.649091,13.5321
0.252677,0.743333,13.4976
0.104501,1.21355,13.5076
1.05969,1.21261,13.5236
0.226533,1.33303,13.5022
0.000737308,1.39193,13.5028
0.796362,1.74472,13.5127
1.2044,2.40639,13.5045
-1.02685,2.66951,13.511
0.848383,2.7788,13.5315
-0.431383,2.89756,13.5283
1.61492,2.91937,13.5415
1.03499,3.02032,13.5442
-0.188032,-3.25559,13.5579
0.0818599,-3.17476,13.5901
1.85365,-2.91231,13.5693
-0.648898,-2.54668,13.5747
-0.46745,-2.43747,13.6099
2.49151,-2.21888,13.5676
1.96466,-2.00289,13.6007
0.811454,-1.89818,13.5599
1.33919,-1.90531,13.5808
1.42472,-1.7267,13.6049
-2.14651,-1.68764,13.6089
2.65705,-1.44378,13.574
1.93711,-1.36925,13.6111
-2.56232,-1.07371,13.5661
2.90481,-1.11203,13.5685
2.21004,-0.854913,13.6053
-3.40927,-0.542069,13.6072
0.832476,-0.583961,13.5765
-3.46848,-0.314307,13.5705
-0.322014,-0.0845818,13.6037
3.49824,-0.0584045,13.5867
-0.152555,0.100799,13.605
1.71412,0.21648,13.5764
3.26985,0.410863,13.5768
-0.0562504,0.59936,13.6082
-1.65254,0.81403,13.5917
3.12809,1.25274,13.5654
0.0321649,1.59484,13.6102
-2.87835,1.65178,13.5947
1.22465,1.65308,13.5744
1.79673,1.74647,13.5737
0.977264,1.87234,13.5657
2.8486,1.90008,13.593
1.89225,2.05821,13.5836
2.43875,2.03007,13.5869
-2.16754,2.19042,13.5895
0.173402,2.29233,13.5672
-2.46594,2.42448,13.6068
-0.41611,2.43651,13.563
-1.74151,2.77322,13.5624
-0.0669097,-3.29003,13.6629
-1.78799,-3.22766,13.641
-1.45278,-3.20047,13.6349
-0.0407506,-2.89495,13.6391
-1.89142,-2.65955,13.653
-2.41455,-2.3321,13.6206
1.14677,-2.18593,13.6457
-2.79114,-1.69572,13.6356
-0.227183,-1.59587,13.6632
-2.30463,-1.33826,13.6612
-3.19384,-1.23636,13.6626
-2.42894,-0.883564,13.6268
-3.21986,-0.850513,13.617
-0.970642,-0.581991,13.6221
3.52913,-0.498601,13.6421
3.02634,-0.33263,13.6244
-2.93801,-0.190606,13.6274
-3.62784,-0.124502,13.6346
-3.19464,-0.0016172,13.6366
-3.27842,0.0661754,13.6337
3.58858,0.281282,13.6392
-0.177993,0.476973,13.6281
3.56284,0.504538,13.6171
-1.87507,0.624234,13.6318
2.35489,0.623583,13.6587
-1.1728,0.761026,13.6619
-1.61195,0.893882,13.6233
-1.07134,0.942318,13.6532
0.154518,0.990094,13.6386
1.71875,0.972421,13.6238
2.53158,1.58221,13.6657
-2.61431,1.59395,13.6503
2.0906,1.60487,13.6544
1.77973,2.18224,13.652
1.94167,2.57271,13.6697
0.0366121,2.85297,13.6319
-0.851295,3.27754,13.6654
-0.207031,3.30918,13.6293
-0.161578,3.49065,13.6546
0.983934,-3.61072,13.714
-0.311379,-3.58263,13.7084
-1.63719,-3.35402,13.73
1.58542,-3.37146,13.7219
-0.0878791,-2.98396,13.6868
2.22815,-2.98523,13.6792
-2.42962,-2.68223,13.7214
-2.69507,-2.44135,13.7292
-2.92833,-2.35892,13.7244
2.29769,-2.37678,13.69
-2.35045,-2.20426,13.6859
3.43837,-1.49977,13.7237
1.08375,-1.44984,13.6754
2.96057,-1.41877,13.6952
-0.668795,-1.28485,13.6846
2.27214,-1.2377,13.7206
1.21336,-1.12652,13.6851
-0.153868,-1.05648,13.7126
2.76256,-0.633687,13.6875
-0.528842,-0.246231,13.6754
-2.44231,-0.0935282,13.702
-1.38556,-0.0616645,13.6814
1.3993,-0.0106118,13.7005
0.471233,0.0103315,13.698
-3.48646,0.111777,13.6963
1.02298,0.280633,13.6787
-3.82104,0.305069,13.7077
1.39736,0.414803,13.6745
-1.1787,0.546362,13.7268
-3.28875,0.901743,13.6768
0.997496,0.916802,13.7243
2.39075,1.03929,13.7208
-3.67227,1.18841,13.7028
-0.658337,1.33175,13.7259
-2.19658,1.3976,13.7282
0.665097,2.2801,13.7019
0.077106,2.44798,13.7258
-1.69512,2.58626,13.7083
-0.480038,2.61322,13.6803
2.67594,2.60919,13.7075
0.840743,2.8377,13.6903
2.08408,3.05752,13.686
-1.62486,3.1211,13.7247
-1.81527,3.44312,13.7252
0.0323174,-3.95971,13.7525
-1.13789,-3.56115,13.7384
-0.0338981,-3.5715,13.7435
-0.18542,-3.35439,13.7448
1.73303,-3.28446,13.7644
-0.0669271,-2.84324,13.7454
0.586912,-2.77648,13.7368
1.4011,-2.75357,13.7402
-1.98979,-2.40996,13.7333
1.97511,-2.13386,13.7732
2.38497,-2.06641,13.7578
-1.90789,-1.82232,13.7326
0.366409,-1.77053,13.7434
2.67255,-1.8091,13.7451
1.00197,-0.970738,13.7751
-3.62928,-0.474126,13.7784
3.59645,-0.485011,13.7431
-2.98145,-0.232652,13.7464
3.57106,-0.228225,13.7653
1.57993,-0.149352,13.7874
-2.77776,0.182655,13.7796
3.70384,0.191888,13.7343
-0.270285,0.321218,13.7321
-0.0497203,0.350673,13.7504
2.09831,0.355253,13.7381
3.80357,0.397621,13.7431
3.63053,0.455801,13.7579
3.8332,0.554925,13.7357
3.6615,0.683988,13.7468
-3.50204,0.713048,13.7732
-1.90844,0.857246,13.7365
-3.58933,0.917719,13.7609
2.20479,0.966439,13.7427
2.75417,1.30361,13.789
-2.16648,1.82093,13.7382
2.15915,2.04678,13.746
-1.02871,2.45027,13.7537
-0.432175,2.83579,13.7408
1.74817,3.15508,13.7418
0.565639,3.27562,13.7731
1.93392,3.40449,13.7426
-0.324643,-3.42079,13.7958
2.05399,-3.43997,13.8122
1.28256,-3.28409,13.8368
-1.32159,-2.92931,13.8345
-0.401726,-2.69384,13.7941
-2.60411,-2.60809,13.8412
-2.26513,-2.57904,13.8059
-0.154598,-2.32879,13.8387
1.69499,-2.28625,13.8311
0.209312,-2.09711,13.7987
-1.0617,-1.97472,13.8295
1.71268,-1.99239,13.8155
-2.94372,-1.83002,13.7981
-1.54272,-1.52378,13.8195
-3.38338,-1.44043,13.838
-2.86962,-1.40916,13.8318
-2.59997,-1.31857,13.8205
2.67031,-1.30707,13.8115
0.712669,-1.16904,13.843
2.6852,-1.13944,13.8428
-3.32551,-0.905937,13.82
-3.21366,-0.9259,13.8291
-1.47683,-0.917973,13.8409
-3.57093,-0.836703,13.8294
-3.11854,-0.395572,13.8352
-4.03625,-0.175528,13.8179
-3.84201,-0.110922,13.7976
0.72648,-0.0505177,13.838
-3.69935,0.2129,13.8147
3.9047,0.295702,13.8014
-2.94586,0.608652,13.7993
-3.94719,0.757729,13.8403
1.52959,0.886052,13.8077
2.29666,0.935144,13.8466
-2.56198,1.26143,13.7937
2.30929,1.24014,13.8
0.331911,1.42797,13.8232
-3.65014,1.67931,13.7922
-3.66271,1.79139,13.8367
3.14395,1.77847,13.8209
3.22488,2.19228,13.8026
2.9473,2.27946,13.8391
-2.68448,2.5271,13.8407
0.318239,2.63681,13.7911
-2.49031,2.75784,13.7965
-1.5477,2.75528,13.8208
2.2141,2.74573,13.8188
1.12915,2.88567,13.824
-0.401668,3.16761,13.8467
1.52351,3.18438,13.8201
0.390601,3.28647,13.824
2.15478,3.42286,13.8317
-1.62159,3.52585,13.8271
1.88086,3.49908,13.8186
-0.24014,3.98596,13.8382
0.108809,3.96812,13.8242
0.0865862,-4.19754,13.8733
0.209826,-4.19124,13.8835
-2.38835,-3.39168,13.868
-0.00170464,-3.29185,13.8981
-2.70454,-3.2103,13.8965
-1.86083,-3.1826,13.8496
2.4105,-3.18801,13.8894
1.2556,-2.95912,13.8574
2.30172,-2.99409,13.9063
-1.91314,-2.92179,13.9045
2.11602,-2.86547,13.8583
2.97862,-2.8562,13.8951
2.67552,-2.80991,13.8955
-0.921962,-2.72999,13.8841
-0.856865,-2.32879,13.8763
1.42901,-2.29482,13.85
-2.96001,-2.14825,13.8566
1.11841,-1.84774,13.8744
-2.63114,-1.49497,13.891
3.87908,-1.27048,13.8485
1.36781,-1.207,13.8627
3.68696,-1.14402,13.8932
-1.0047,-0.915093,13.8753
-0.343151,-0.918323,13.8546
2.05963,-0.758671,13.8717
-0.463412,-0.566906,13.867
-3.61928,-0.438369,13.8673
1.54392,-0.384957,13.8774
4.18276,-0.387224,13.8996
-2.56955,-0.349614,13.8758
-3.22089,-0.238999,13.8959
1.11982,-0.22919,13.8623
-3.082,-0.147378,13.8679
-2.46351,-0.169629,13.8825
0.919548,-0.161124,13.8536
-3.69186,0.0869246,13.8517
0.379607,0.0607478,13.8561
2.68734,0.162853,13.8919
-2.85159,0.24335,13.8574
0.668904,0.267572,13.8993
2.90044,0.342385,13.8643
-4.15459,0.382924,13.8627
-3.26812,0.396752,13.9055
-1.70034,0.458678,13.8609
-2.45559,0.827808,13.8502
0.598253,0.841554,13.8587
-1.57548,0.932074,13.9037
2.57573,1.00638,13.877
3.84438,1.03288,13.901
2.72968,1.15876,13.8788
3.26793,1.13673,13.8852
-3.96654,1.36835,13.8963
2.18217,1.77224,13.9044
-2.40879,1.86705,13.865
2.43309,1.83052,13.8613
3.5281,2.09392,13.8898
1.67918,2.74429,13.8552
-0.128746,3.17154,13.8608
-0.646992,3.34432,13.8832
-1.05205,3.43833,13.8743
-0.801483,3.85411,13.8678
0.884453,3.99488,13.8609
-0.667198,4.17357,13.8881
-0.492124,-4.31,13.9353
0.464473,-4.30663,13.9547
0.563983,-4.23299,13.9568
-0.591248,-4.10048,13.9614
0.380847,-4.06681,13.9576
1.76054,-3.70092,13.9399
-0.914537,-3.6155,13.9581
1.32243,-3.50868,13.9335
-2.28031,-3.29094,13.932
-1.67699,-3.177,13.9502
1.72428,-2.89062,13.9262
-1.35163,-2.8434,13.9207
-3.42192,-2.67884,13.9311
1.33633,-2.36085,13.9233
-3.184,-2.30518,13.9129
-1.48189,-2.20705,13.9445
-1.19588,-2.12851,13.9284
-1.78557,-2.11215,13.9117
3.83672,-2.04368,13.9619
-0.269273,-1.905,13.9625
-0.330619,-1.70702,13.9253
3.44759,-1.7303,13.9504
3.8569,-1.61519,13.9378
1.72646,-1.42493,13.9435
-4.10663,-1.34262,13.9516
4.17718,-1.22975,13.9502
-4.00029,-1.02006,13.9159
-1.63562,-0.914433,13.9162
1.65713,-0.680778,13.932
-3.4329,-0.528238,13.9366
-2.12843,-0.521082,13.9368
3.85115,-0.430891,13.9361
4.11528,-0.228326,13.9503
-4.24237,-0.0293116,13.9427
-0.602133,-0.0544313,13.9398
3.66567,-0.00129031,13.9278
-3.28946,0.0182152,13.9262
-2.98316,0.0313035,13.9147
3.8484,0.0548664,13.9242
-4.29246,0.104527,13.9571
-0.900552,0.418112,13.9583
-3.90176,0.8781,13.9256
-1.9261,0.970502,13.9631
1.19188,0.96199,13.935
-0.638064,1.06606,13.946
1.13365,1.23033,13.9631
-2.56486,1.39068,13.9385
3.82702,1.59715,13.9508
-3.18071,1.76963,13.9429
-3.57976,1.83086,13.9199
3.14268,1.98945,13.9645
2.57488,2.08051,13.9283
2.20637,2.14161,13.9232
-1.47113,2.44668,13.9569
2.56526,2.51403,13.9416
3.37838,2.66706,13.9424
0.712719,3.08561,13.9563
-2.78723,3.16735,13.9307
-1.86494,3.25775,13.9069
-1.13796,3.25532,13.921
1.95319,3.30637,13.9599
-2.40342,3.47253,13.9159
-0.894477,3.53151,13.9377
1.17023,3.73498,13.9445
0.622966,3.95881,13.9481
0.770579,4.11794,13.9355
-0.168508,4.19338,13.911
0.741921,-4.32618,13.9775
1.13391,-4.08992,13.9866
-0.441929,-4.00771,13.998
-2.11126,-3.89171,13.9897
1.32887,-3.60071,13.9746
-1.68277,-3.34216,13.9945
2.38214,-3.34716,14.0144
0.945322,-3.17367,13.9918
0.780655,-2.97388,14.0122
2.88745,-2.69005,13.9787
-3.47705,-2.61359,14.0114
-2.26926,-2.51465,14.0175
-3.25332,-2.43342,14.0132
-2.72934,-2.04996,13.9749
-3.94836,-1.88133,14.0119
3.19316,-1.60556,14.017
-3.07515,-1.56247,13.9841
-1.42162,-1.14939,13.9662
-3.78459,-1.06305,13.9878
-2.86298,-0.952809,13.9712
-0.805731,-0.927516,13.9729
4.22245,-0.725186,13.9835
-4.37799,-0.53655,13.9829
0.701586,-0.452351,14.017
-4.25864,-0.366379,14.0052
-1.99622,-0.397378,13.9797
-0.103508,-0.040148,13.9874
-4.03585,0.0181279,14.0099
-3.88977,0.0453588,14.0231
4.30646,0.0980059,14.0007
3.17565,0.228236,13.9719
-2.89726,0.965963,13.9734
-4.23857,1.1266,13.9782
-3.91658,1.12904,13.9876
3.70805,1.38011,13.9832
3.91501,1.35507,13.988
-3.847,1.41294,13.9907
2.75256,1.50985,14.0076
-3.7862,1.65106,14.0061
-0.176607,1.76244,14.0174
4.04022,1.70771,13.9935
-1.08307,1.86323,13.9763
-3.85288,1.99876,13.9969
-1.14951,1.99067,13.9897
2.81035,1.96506,14.0199
-1.07847,2.14008,13.9848
-2.82922,2.23498,14.0062
3.38058,2.75763,13.9719
-3.1454,2.92943,13.982
-0.470057,2.8942,13.9829
-1.22581,3.08335,13.9753
0.381668,3.17442,13.9701
0.136324,3.19053,13.9869
-1.65839,3.26277,13.9973
1.31283,3.47718,14.0095
0.984338,3.5961,14.0212
2.64074,3.61821,14.0235
2.11631,3.66682,13.9964
-1.56441,3.83718,13.988
0.388511,3.92374,13.9729
-1.47956,3.96152,13.9972
-0.0652034,4.1271,13.9662
-1.00761,-4.42083,14.0713
-2.01074,-3.77456,14.0438
1.40431,-3.73068,14.0736
1.44208,-3.63556,14.034
-2.9927,-3.41764,14.0765
-2.12849,-3.42251,14.0354
-1.17043,-3.43093,14.0281
1.47919,-3.40071,14.0343
-0.178087,-3.33733,14.0782
2.25398,-3.31603,14.0414
-3.09926,-3.26557,14.0319
-0.0374823,-2.96493,14.0408
-1.92762,-2.94082,14.064
2.33635,-2.91388,14.039
-0.624406,-2.86945,14.0305
1.97945,-2.83539,14.0297
3.15774,-2.84516,14.0276
-1.99995,-2.70902,14.0429
3.10731,-2.69485,14.0714
3.53251,-2.38407,14.0556
3.5674,-1.96138,14.0659
2.60451,-1.88968,14.0279
-4.08247,-1.72578,14.0792
-3.15202,-1.73912,14.0675
-1.39351,-1.74954,14.0483
2.97705,-1.73347,14.0773
-2.8242,-1.62442,14.0742
-3.22868,-1.44193,14.0661
0.556229,-1.45371,14.0819
-2.91204,-1.2803,14.0608
-4.20733,-1.17364,14.0666
-3.74044,-1.14078,14.0604
-3.60586,-0.959206,14.0546
-4.17995,-0.812737,14.0775
-4.41047,-0.689704,14.0425
-3.02967,-0.702358,14.0767
-3.42049,-0.500833,14.0475
2.93638,-0.443597,14.0348
4.23554,-0.439377,14.0527
-1.0472,-0.341736,14.0626
-3.37448,-0.285354,14.0802
-4.42696,-0.170853,14.0273
-0.598857,0.00317641,14.0365
-2.69845,0.0849891,14.0485
-3.46092,0.363799,14.0275
-4.08917,0.690473,14.0779
-1.41954,0.774164,14.0349
-2.14864,0.876265,14.0379
3.63139,0.853769,14.0403
-4.3689,0.890734,14.0488
-3.27452,0.888467,14.0433
3.32313,1.51906,14.0651
1.37846,1.75918,14.0749
3.82154,1.74913,14.0391
-3.32797,1.83247,14.0337
-2.94802,1.84836,14.0665
-2.81029,1.83356,14.0683
2.77955,2.14519,14.0323
-0.744016,2.32007,14.0639
2.1997,2.48379,14.0339
-3.06961,2.68638,14.0688
-2.93401,2.97566,14.0464
1.73588,2.9955,14.0592
-2.23268,3.01618,14.0405
3.05037,3.12214,14.0601
0.310858,3.32317,14.0747
-2.48629,3.41067,14.0539
0.167291,3.45853,14.0617
0.822285,3.52666,14.0809
-1.64816,4.01649,14.0578
0.423869,4.07446,14.0429
0.438892,-4.54355,14.1025
-1.34865,-4.48832,14.1035
1.54336,-4.4003,14.1136
-1.10184,-4.29014,14.1
0.524648,-4.24707,14.1142
1.77994,-3.98385,14.1403
1.50374,-3.84273,14.0845
1.74984,-3.80639,14.1153
-2.56647,-3.70057,14.0942
-1.50913,-3.69556,14.0921
0.68129,-3.67118,14.1339
1.52168,-3.63393,14.0888
2.43186,-3.59761,14.0857
-1.70652,-3.49458,14.1308
2.1856,-3.51171,14.1325
0.817257,-3.36089,14.0837
3.16007,-3.05055,14.1405
1.93582,-2.75287,14.0939
2.7686,-2.46832,14.1337
2.06936,-2.26004,14.085
3.73466,-2.2638,14.1173
4.13037,-2.22393,14.1347
2.83641,-2.1073,14.1176
3.95792,-2.09253,14.113
3.03969,-2.00751,14.1062
-1.70637,-1.91512,14.0871
2.71536,-1.92494,14.1092
2.47322,-1.52243,14.0901
-4.43164,-1.35408,14.1087
-4.31689,-1.4112,14.0839
3.51103,-1.27795,14.0952
3.74994,-1.25241,14.1237
-0.68663,-1.18602,14.1234
2.89179,-1.20346,14.1094
-4.20047,-0.942672,14.0981
-3.12066,-0.92357,14.1152
0.973176,-0.837176,14.1298
3.5069,-0.852789,14.1139
3.66063,-0.746838,14.1392
1.84038,-0.658502,14.111
-4.58694,-0.571476,14.0889
1.75662,-0.488337,14.098
4.06697,-0.45103,14.1079
1.72457,-0.202323,14.1171
1.99553,-0.102188,14.1027
-4.58126,0.13981,14.1388
-0.0510159,0.576516,14.0905
4.48842,0.612282,14.1351
4.11286,0.819331,14.0897
-0.867448,0.826335,14.1348
2.40989,1.03663,14.1357
-2.34759,1.09487,14.1053
3.07721,1.23414,14.0976
-2.21078,1.35863,14.0889
0.33846,1.49412,14.1339
1.2325,1.68915,14.1297
-2.34035,1.72515,14.1406
2.84195,1.8177,14.1249
-1.74214,1.89989,14.0994
4.00791,2.06014,14.0935
-3.28234,2.20838,14.1273
3.7186,2.2864,14.1086
2.46429,2.31222,14.1092
3.81679,2.31933,14.0955
-1.55099,2.58188,14.1324
1.55326,2.71408,14.1256
1.9669,2.7167,14.0909
2.06967,2.95624,14.1156
-0.569799,3.02663,14.1165
0.196727,3.20369,14.097
1.38541,3.18377,14.0939
1.1859,3.34291,14.1288
-1.86273,3.35527,14.1176
-2.21995,3.50938,14.1391
1.49129,3.58495,14.1206
1.6329,3.53293,14.1026
-1.59216,3.6343,14.1368
0.016849,3.80046,14.095
-0.319451,3.8784,14.1387
1.8261,3.92839,14.0855
-0.510934,4.05301,14.121
1.38781,4.04661,14.084
0.743094,4.17425,14.1213
-1.4827,-4.42756,14.1715
-1.43442,-3.84958,14.1649
-0.618062,-3.77386,14.1795
1.74832,-3.72026,14.1968
2.18957,-3.73686,14.2
2.52469,-3.67127,14.1774
-2.7375,-3.47388,14.1543
-0.817841,-3.35531,14.1776
-0.435009,-3.37764,14.1555
0.54815,-3.34004,14.1724
2.87581,-3.33484,14.144
0.185049,-3.21864,14.1554
1.3103,-2.9129,14.179
-1.59515,-2.8686,14.1978
2.89985,-2.85861,14.1767
-1.70792,-2.77203,14.1431
2.51713,-2.52869,14.1454
2.92084,-2.48452,14.1415
-2.52412,-2.41834,14.1679
3.62191,-2.43374,14.1553
1.76829,-2.39093,14.1479
-3.931,-2.2993,14.1796
2.98957,-2.30715,14.1665
-1.84185,-2.03161,14.1873
-4.42033,-1.99596,14.1991
-3.26171,-1.98051,14.1745
3.5006,-1.86514,14.1615
3.85576,-1.84079,14.1998
2.82288,-1.80793,14.1441
-3.49376,-1.66117,14.1556
-3.62789,-1.62947,14.1876
3.23571,-1.4308,14.1466
2.90748,-1.33912,14.1825
3.53544,-1.34058,14.1953
-4.4735,-1.12383,14.1886
-0.635574,-1.08522,14.1708
-1.22133,-0.960217,14.1494
-3.56139,-0.833173,14.1899
0.759811,-0.85026,14.167
3.97469,-0.823616,14.1839
3.93124,-0.704367,14.1517
4.04763,-0.632776,14.1782
-4.17931,-0.532477,14.1639
-3.34579,-0.328427,14.1501
-2.13561,-0.265149,14.1514
4.34229,-0.283126,14.164
3.65665,-0.0662602,14.1623
4.07805,-0.0620764,14.1482
-2.71286,-0.0557068,14.1955
1.29131,-0.0288765,14.1665
4.43964,0.0850685,14.189
-0.204193,0.134744,14.1498
4.03756,0.229649,14.1869
-4.16108,0.255518,14.1748
3.80588,0.371675,14.1985
-4.24436,0.422527,14.1559
-3.1718,0.425844,14.1788
-0.711387,0.714627,14.1932
3.75403,0.999845,14.1649
-3.72789,1.10034,14.1975
2.91382,1.38519,14.1689
1.26521,1.42998,14.1986
-0.388678,1.49674,14.1732
1.15985,1.58772,14.1946
-3.35133,1.72525,14.1689
4.22657,1.78229,14.1419
1.36735,2.07727,14.1491
2.9376,2.10997,14.1487
-2.8216,2.13844,14.1636
1.94386,2.48205,14.1526
1.79916,2.67415,14.151
-3.32,2.82801,14.1796
-0.946199,3.04327,14.1711
3.28371,3.00738,14.1417
0.696124,3.2301,14.1513
2.53762,3.23174,14.1879
0.601138,3.29031,14.1456
0.415997,3.31051,14.1698
2.6348,3.30148,14.1695
0.243769,3.44264,14.166
0.576109,3.51874,14.1966
-1.69053,3.56059,14.1688
-2.04004,3.65351,14.1799
-1.42601,3.71242,14.1693
0.0071478,3.73724,14.1671
-0.75832,3.90918,14.1548
1.35656,4.00177,14.163
-1.58209,4.11025,14.1641
-0.175154,4.18146,14.197
0.318303,4.28369,14.1666
-0.0997191,4.31189,14.1913
-0.00707222,4.34267,14.1835
-0.196065,4.74366,14.1686
-0.20916,-4.82494,14.2225
-0.300021,-4.45518,14.2245
1.17534,-4.22197,14.2094
1.38732,-4.20898,14.2344
1.91903,-4.23316,14.2084
1.47263,-4.12417,14.2106
0.67171,-4.064,14.2282
1.62323,-4.0831,14.2401
0.967109,-3.97038,14.2228
2.0718,-3.96836,14.2387
1.46442,-3.92123,14.2494
1.13816,-3.83633,14.241
2.66223,-3.87792,14.2171
2.16437,-3.82272,14.2442
0.126693,-3.67048,14.2075
-2.81716,-3.11831,14.2222
0.145767,-3.10235,14.2068
-2.92292,-2.88606,14.2232
2.73398,-2.91487,14.2435
-3.28943,-2.79241,14.2566
-1.75288,-2.69329,14.224
3.13681,-2.64944,14.2174
3.38043,-2.62534,14.2524
-4.21014,-2.33714,14.2212
0.0705491,-2.28162,14.2218
-1.01001,-2.22992,14.2222
-3.13248,-2.14491,14.2227
3.15758,-1.84614,14.212
3.62407,-1.71283,14.257
3.70759,-1.66952,14.2497
-3.4573,-1.47251,14.2549
-4.64206,-1.10254,14.215
3.45827,-0.899996,14.2124
3.56293,-0.914732,14.2541
3.37214,-0.793468,14.2077
1.89864,-0.612015,14.2513
0.0209201,-0.396694,14.2055
4.30405,-0.399258,14.2467
1.80311,-0.16369,14.2559
-3.10555,-0.00334309,14.2305
-4.60059,0.031378,14.2152
-0.174729,0.321938,14.2331
1.74685,0.322591,14.2195
4.37397,0.390661,14.2415
-3.75833,0.423361,14.2124
-3.81366,0.869746,14.2328
-2.28149,1.03271,14.2258
4.67438,1.05735,14.2389
3.58667,1.21859,14.2316
-4.13498,1.44111,14.2163
-3.51279,1.7129,14.2391
1.71422,1.81156,14.2371
3.36139,1.81064,14.2447
-1.73886,2.05306,14.2309
2.50498,2.12961,14.2102
2.96059,2.16456,14.2394
3.82427,2.2433,14.254
-1.07453,2.37114,14.2137
2.02449,2.64276,14.2354
3.3744,2.74844,14.2083
3.57828,2.72493,14.2047
2.77363,2.79109,14.2428
-1.84762,2.94813,14.2433
-1.46936,3.10962,14.2501
2.33494,3.06969,14.2315
2.33087,3.42388,14.2332
-3.04971,3.48778,14.2094
-0.252057,3.47626,14.2165
-0.0816588,3.54584,14.227
-0.227334,3.60115,14.2344
3.14554,3.67304,14.2328
-0.763957,3.71323,14.2063
0.55363,3.76215,14.2004
-2.07765,3.80234,14.2378
-0.0640077,3.82486,14.2051
0.0474958,3.85414,14.2486
2.53538,3.90777,14.227
-1.77801,3.96548,14.2148
1.2837,4.18997,14.2294
0.756471,4.23926,14.2326
-0.284376,4.44371,14.2061
0.674488,-4.87928,14.2826
-1.65416,-4.43881,14.2653
-0.539768,-4.46844,14.3158
0.887222,-4.46302,14.3137
1.32071,-4.32599,14.3024
1.65994,-4.05771,14.3132
-0.788288,-3.87277,14.2862
-0.35022,-3.84789,14.3112
1.5451,-3.80978,14.2771
1.1471,-3.74374,14.3117
1.00181,-3.60303,14.278
2.46586,-3.24607,14.2812
2.99337,-3.04242,14.2614
3.74743,-2.90207,14.2728
3.34204,-2.83023,14.2657
-2.16702,-2.80093,14.3051
-0.759359,-2.54144,14.2912
-3.51999,-2.51815,14.299
-2.76907,-2.3118,14.2747
0.785249,-2.31892,14.2694
-3.53895,-2.1409,14.278
3.99629,-2.05727,14.3105
3.32784,-1.95736,14.2844
-3.30719,-1.68665,14.2993
1.16162,-1.60618,14.2597
4.49101,-1.60553,14.2736
-4.27629,-1.54974,14.3023
-3.91721,-1.49819,14.2754
4.21263,-1.44149,14.3159
3.87195,-1.33108,14.2864
-3.68005,-1.27555,14.2777
0.94239,-1.25145,14.2851
3.85473,-1.20645,14.2622
-4.12081,-1.1075,14.2588
-1.6245,-1.03219,14.2841
3.36901,-1.01581,14.2881
-3.26952,-0.844806,14.2665
0.670834,-0.298514,14.2616
2.90199,-0.268402,14.3002
4.46001,-0.197101,14.3092
4.26623,-0.0625123,14.3155
-0.748734,0.0241515,14.2767
3.89563,0.120584,14.2905
-2.10286,0.277439,14.2774
-3.65685,0.600727,14.3154
3.70536,0.684681,14.2908
3.83205,0.671481,14.2955
-1.74482,0.732313,14.3083
0.845663,1.06282,14.2617
-3.255,1.24218,14.31
4.34668,1.29066,14.3106
3.69607,1.42849,14.2644
3.88713,1.42623,14.3057
1.15854,1.52817,14.2958
-3.58944,1.60046,14.2997
0.271718,1.76248,14.2894
3.04993,1.7081,14.2994
-4.4654,2.06649,14.2792
-3.80734,2.22123,14.2812
3.07812,2.20321,14.2969
3.70586,2.43464,14.2782
-2.19837,2.60459,14.2719
3.45965,2.72663,14.2588
3.61905,2.84854,14.28
-0.0966911,2.91307,14.3022
-2.70848,2.97845,14.2711
2.57144,3.25455,14.2948
1.61563,3.47933,14.2937
-1.30991,3.55232,14.3063
2.21085,3.6018,14.3068
-1.02067,3.7058,14.2755
0.226199,3.68105,14.2941
1.32883,3.70239,14.3141
1.42222,3.65338,14.2856
0.988434,3.70677,14.3157
-1.19802,3.89738,14.3113
-0.688508,4.14798,14.2938
-0.346112,4.26782,14.3097
1.00115,4.32675,14.265
-1.67547,4.59258,14.2871
-1.76556,-4.68316,14.3529
1.07082,-4.68314,14.3472
-0.260068,-4.57788,14.3614
1.54465,-4.48643,14.3443
2.17003,-4.28238,14.3234
-1.86772,-4.13852,14.3407
-0.776468,-4.10567,14.3378
-1.69751,-4.01294,14.3417
2.58152,-4.03696,14.3415
1.43113,-3.99178,14.3567
-0.939209,-3.93186,14.3657
2.14895,-3.89354,14.32
-1.58696,-3.85334,14.3441
1.47106,-3.83995,14.3273
-0.241539,-3.81627,14.3319
-0.103975,-3.79974,14.3644
0.00910424,-3.80823,14.344
1.94428,-3.69878,14.3371
-2.80423,-3.53137,14.3654
-0.28292,-3.54258,14.3221
-0.0636971,-3.55786,14.3723
0.473528,-3.58239,14.3707
2.87756,-3.3903,14.3684
-3.32387,-3.33633,14.3475
3.68638,-3.30345,14.3539
3.21781,-3.11795,14.3509
-1.9133,-3.09705,14.3699
3.40144,-3.09318,14.3225
-2.19403,-2.99369,14.3698
-1.65734,-2.9734,14.3436
2.38321,-2.91527,14.3495
-3.71567,-2.77999,14.3658
0.0495895,-2.54864,14.3336
3.68055,-2.41283,14.3385
-3.52741,-2.24895,14.3734
-3.43751,-2.15202,14.3345
4.40823,-2.1284,14.3604
0.596781,-1.90986,14.3421
4.61991,-1.91771,14.3347
-3.51167,-1.74773,14.3226
-0.864023,-1.63431,14.3584
3.04982,-1.59308,14.3516
3.92124,-1.60403,14.3228
-3.4421,-1.34947,14.3564
4.47144,-1.14752,14.327
-3.75584,-1.02632,14.3598
3.00863,-0.911108,14.3204
-3.81703,-0.861367,14.3208
1.17345,-0.878381,14.3374
4.20014,-0.834566,14.3262
2.73114,-0.729153,14.3759
-2.31496,-0.454269,14.3631
3.6796,-0.451112,14.3232
2.91836,-0.136187,14.3667
-1.1303,-0.0223048,14.3713
-3.58226,0.0293515,14.3274
1.27364,0.046414,14.3523
-3.88773,0.159262,14.3648
2.86405,0.138699,14.371
4.65296,0.34899,14.3673
-4.42665,0.389506,14.361
2.58918,0.397217,14.3257
3.523,0.365377,14.336
-0.254571,0.433217,14.3527
4.24051,0.454673,14.3344
-5.0165,0.506764,14.3707
-2.87643,0.806932,14.3602
-1.98174,0.844237,14.3589
3.87202,1.02553,14.3179
-2.3417,1.06022,14.3732
-3.93302,1.27461,14.3668
4.15761,1.26573,14.3615
-4.53678,1.29512,14.3284
-2.59366,1.38288,14.3681
-3.41721,1.45049,14.3502
-3.85943,1.52884,14.3755
-3.27805,1.62235,14.3425
0.946489,1.64402,14.3291
-4.29007,1.71435,14.3644
-3.77639,1.73236,14.3476
4.02627,1.70725,14.3682
-4.47644,1.93037,14.3581
3.89302,1.94312,14.3615
3.35148,2.13583,14.3349
-3.77091,2.29275,14.3574
-3.42407,2.32282,14.3347
3.71859,2.29726,14.3494
-2.77995,2.39901,14.3307
-3.28276,2.46871,14.3491
-1.33827,2.7632,14.3304
2.1713,3.03069,14.3474
0.782297,3.0623,14.3292
2.75311,3.15523,14.3747
2.89244,3.12802,14.3319
-1.88474,3.22592,14.3409
2.44769,3.33616,14.3644
-0.905601,3.48852,14.3594
-3.33358,3.56705,14.338
-0.574145,3.55513,14.3703
2.39646,3.73953,14.3754
2.67382,3.81561,14.3335
1.70122,4.02671,14.323
1.77849,4.10228,14.3293
-1.63298,4.18432,14.3483
0.683539,4.23514,14.3411
-1.05424,4.2864,14.3374
0.0869371,4.32811,14.3619
-0.308832,4.4342,14.3499
2.21548,4.44305,14.3429
1.22222,4.86869,14.3579
1.32699,-4.65638,14.43
0.745091,-4.57586,14.3917
1.41174,-4.49573,14.4043
-0.0741471,-4.46741,14.411
1.21031,-4.22039,14.3996
-1.27211,-4.1279,14.3879
1.96075,-4.15029,14.4103
-1.57659,-4.10026,14.4331
0.85535,-4.10546,14.3935
0.730828,-3.96953,14.4028
3.08764,-3.97672,14.4004
-1.05875,-3.91734,14.3901
2.52244,-3.91551,14.4055
-2.45388,-3.796,14.3935
-0.532824,-3.78651,14.4246
-1.99561,-3.76018,14.4246
-3.4229,-3.59601,14.4093
-0.916732,-3.55528,14.4031
1.26483,-3.48143,14.4059
1.80694,-3.52592,14.4136
-1.98312,-3.46548,14.3816
-2.34905,-3.21609,14.4178
-3.58996,-2.70444,14.4265
-3.31318,-2.68673,14.3887
3.57436,-2.66019,14.4015
3.72972,-2.65302,14.4127
2.5859,-2.56026,14.3855
-4.19673,-2.47729,14.413
-3.55468,-2.50609,14.3943
2.20876,-2.42886,14.3955
4.36928,-2.31865,14.384
3.60402,-2.28969,14.3919
3.89753,-2.27505,14.3958
0.831724,-2.21156,14.4203
-3.49479,-1.85819,14.4297
4.0573,-1.60465,14.4001
3.36687,-1.58077,14.4254
-3.99777,-1.33493,14.3869
2.92157,-1.21936,14.4272
3.76783,-1.15653,14.4219
-1.27697,-0.976545,14.4139
-4.48314,-0.901014,14.4029
-4.16821,-0.848559,14.3784
3.80784,-0.788638,14.4108
2.82016,-0.505314,14.401
4.27969,-0.406403,14.3822
4.41852,-0.304329,14.4143
-4.16124,-0.263227,14.3906
-5.07819,-0.135527,14.4018
-3.50413,0.137394,14.3955
-4.36986,0.24931,14.3857
4.74789,0.317345,14.413
-2.14932,0.439114,14.4044
-4.34117,0.512255,14.3869
2.34638,0.524854,14.4168
-4.99038,0.617921,14.3787
-4.06041,0.628919,14.4234
3.77117,0.635479,14.421
-2.90652,1.05761,14.3939
4.27193,1.40121,14.4069
0.265807,1.42281,14.39
2.32549,1.47059,14.3926
3.31916,1.52755,14.3924
1.15004,1.64665,14.4031
-0.00120824,1.69312,14.4317
-2.40841,1.88619,14.3799
4.17256,2.22171,14.3829
1.0375,2.25729,14.406
2.94248,2.29877,14.4306
4.15222,2.36266,14.3976
3.92904,2.45232,14.407
-4.26807,2.53551,14.4316
1.00021,2.58061,14.4345
-2.22511,2.62577,14.4232
-2.64483,2.69905,14.4109
2.70386,2.7043,14.3835
-3.50228,2.92989,14.3982
-0.909566,2.91897,14.4027
3.20293,2.96996,14.4311
-2.05708,3.14187,14.4013
-2.34304,3.17775,14.3943
-3.54517,3.27371,14.4184
-2.79418,3.29164,14.3798
1.62689,3.29142,14.3781
2.14781,3.29689,14.4335
-2.88316,3.46423,14.3906
-1.9291,3.45091,14.4282
3.28052,3.46042,14.3879
-0.941239,3.57897,14.4154
-0.311325,3.56627,14.4161
2.34852,3.59378,14.3919
-2.57874,3.66339,14.4075
0.340403,3.65295,14.4016
2.11682,3.6905,14.4019
-2.73881,3.74756,14.4128
1.41442,3.75846,14.4082
0.316806,3.78761,14.397
-0.47099,4.06629,14.3868
0.576542,4.1671,14.4119
1.34336,4.15405,14.4167
-0.684971,4.21095,14.4074
-0.898569,4.51882,14.3818
0.940365,4.47531,14.4003
-1.23297,4.66574,14.4233
0.399518,4.70573,14.422
1.06662,4.84214,14.3836
1.24868,4.96235,14.4321
-1.00588,-5.02982,14.4749
-0.0417526,-4.62953,14.4432
2.31204,-4.50816,14.4576
-1.13376,-4.26213,14.4352
0.988673,-4.08136,14.4858
2.87739,-3.91183,14.4386
0.907404,-3.76,14.4351
2.33246,-3.6698,14.4408
-2.27265,-3.40113,14.4836
3.36419,-3.32384,14.4653
3.76332,-3.26069,14.4403
0.878133,-3.21227,14.4569
2.42441,-3.20808,14.4778
-1.62136,-3.15206,14.4545
-2.92735,-3.05321,14.4425
-2.45981,-3.05072,14.4614
-3.98667,-2.92626,14.4565
-3.76872,-2.8667,14.4522
3.74953,-2.42521,14.4652
4.08421,-2.3717,14.4623
-3.74419,-2.13067,14.4441
3.79937,-1.75257,14.4397
-4.30467,-1.66048,14.4618
2.57532,-1.6559,14.4596
-4.43609,-1.61475,14.4648
2.24285,-1.33782,14.4358
1.11321,-1.27564,14.4476
-4.65238,-1.20456,14.4481
-1.34504,-1.1238,14.4691
-4.7065,-1.11332,14.4735
-3.45576,-1.00403,14.4355
4.57547,-1.00796,14.4456
3.90257,-0.67347,14.4612
4.87556,-0.696223,14.4528
4.42474,-0.596948,14.4567
-1.94975,-0.424151,14.4513
-0.72323,-0.323358,14.4621
-0.237596,-0.273616,14.4718
-0.111934,-0.279504,14.4873
-3.476,-0.0792309,14.4819
4.65673,0.0935536,14.4772
0.341657,0.235578,14.4821
1.86666,0.979727,14.4385
-4.96641,1.12548,14.4492
-2.50139,1.18851,14.4431
0.446432,1.1787,14.4656
4.77478,1.20897,14.4528
-4.04635,1.25704,14.4834
3.91225,1.3577,14.4384
-0.590913,1.52034,14.4724
-0.00645545,1.50332,14.4577
-3.58072,1.72677,14.4405
3.59544,1.93981,14.4833
4.16639,1.95891,14.4404
2.51022,2.01734,14.4897
4.16089,2.06156,14.48
0.919037,2.25991,14.493
-3.3875,2.35808,14.4584
-4.07177,2.68119,14.4434
-3.03471,2.69057,14.4856
-3.75955,2.72764,14.4853
-3.40887,2.86282,14.4391
-3.06647,3.43071,14.4787
1.87941,3.57001,14.4439
3.35408,3.58015,14.4672
-0.174864,3.79935,14.4588
-0.958901,3.9746,14.4493
-1.77408,4.08135,14.4559
1.56391,4.16364,14.4517
-1.93382,4.20386,14.4494
2.48184,4.1878,14.4392
1.00031,4.29318,14.4432
0.0212772,4.37261,14.4539
1.79227,4.45243,14.4819
-1.31486,4.5986,14.4841
1.05444,4.60239,14.4744
-0.716963,-4.99182,14.5119
0.403588,-4.81185,14.511
1.05934,-4.7763,14.5347
-1.06946,-4.65468,14.5516
-0.910352,-4.69622,14.5233
-0.437005,-3.88308,14.5192
-0.603654,-3.61216,14.5086
0.6459,-3.61893,14.5199
3.42683,-3.58499,14.54
0.0344838,-3.43021,14.5206
2.22245,-3.29669,14.5335
1.7414,-3.28361,14.5175
-1.78039,-3.06304,14.5072
0.980912,-2.81303,14.4946
-4.01269,-2.59516,14.5486
4.0,-2.52834,14.5172
0.252491,-2.37648,14.5081
-4.37536,-2.2385,14.5449
-4.61557,-1.8614,14.5152
4.56236,-1.37053,14.5062
2.85678,-1.06554,14.5235
4.43502,-0.91173,14.5064
-0.0340851,-0.868539,14.527
4.6142,-0.607389,14.512
-4.85852,-0.570522,14.5326
2.81821,-0.410399,14.5071
5.03045,-0.385778,14.5455
4.07093,-0.260834,14.5125
-2.04331,0.081123,14.513
-0.827924,0.0817817,14.5451
5.15958,0.258617,14.5309
1.76453,0.479055,14.5323
1.20365,0.710087,14.5126
-2.39472,1.01181,14.5336
3.10366,1.29586,14.5268
2.52641,1.41301,14.5284
-2.18652,2.09434,14.5385
4.30578,2.08995,14.5179
-2.51115,2.17549,14.5384
-1.70479,2.6428,14.5485
1.58468,2.69384,14.5032
4.35317,2.69843,14.5141
0.106865,3.07737,14.5161
-0.965181,3.19518,14.4943
2.53791,3.58353,14.5193
3.01153,3.66544,14.5357
0.443328,4.02181,14.5401
2.26614,4.35445,14.5267
-2.02,4.42591,14.504
-0.148795,-4.99756,14.6062
-1.2429,-4.65023,14.5792
1.83634,-4.48407,14.561
2.35905,-4.3222,14.5692
0.794968,-3.97147,14.5809
-1.91591,-3.72603,14.598
3.27282,-3.58413,14.5692
-3.90357,-3.26265,14.5831
-2.46369,-3.25742,14.5533
3.98697,-3.03161,14.6097
3.52557,-2.6926,14.5632
1.67338,-2.54534,14.5612
-0.0433384,-2.38826,14.5824
1.21001,-2.36666,14.5731
-1.8746,-2.34572,14.5678
-4.84531,-2.04269,14.5719
-1.87981,-2.04661,14.6093
-4.82959,-1.83849,14.5773
0.878219,-1.775,14.5738
-2.97868,-1.62905,14.6066
0.956118,-1.53284,14.6002
3.98644,-0.943142,14.5967
2.35154,-0.731747,14.5589
0.378908,-0.689857,14.5772
2.60945,0.00652018,14.5814
3.13633,0.337034,14.5577
2.37321,0.584435,14.5913
-4.87361,0.852533,14.592
3.02371,1.02761,14.6098
3.76862,1.15515,14.5744
4.88152,1.16439,14.5652
4.30596,1.21536,14.6048
-4.29599,1.27492,14.5542
4.79683,1.39077,14.6102
-0.174659,1.4981,14.5794
-1.49803,1.59497,14.6049
3.70909,1.62377,14.6089
4.83903,1.61387,14.6036
0.680143,2.15717,14.6003
-4.15913,2.55772,14.6019
3.14089,2.67672,14.5775
3.89634,2.7665,14.6013
-2.60993,2.84962,14.5582
3.31319,2.8614,14.6025
0.681522,3.34441,14.5665
2.29485,3.51393,14.5941
2.61947,3.48382,14.6038
0.88047,4.88528,14.5785
-0.265426,4.98522,14.569
1.05867,5.04522,14.5837
0.811668,-4.96946,14.6357
0.984535,-4.95691,14.6124
1.65949,-4.89822,14.6222
-1.56779,-4.83407,14.6354
-0.743779,-4.76584,14.6393
-0.786315,-4.58798,14.6559
-2.62817,-4.42256,14.6335
1.86176,-4.4008,14.6566
-0.0414565,-3.76006,14.6339
1.7381,-3.71424,14.6547
3.35011,-3.64422,14.6158
-0.917799,-3.44394,14.6294
0.746568,-3.43216,14.6645
2.85009,-3.46292,14.6539
-4.04993,-3.32437,14.6344
0.608481,-3.25545,14.6394
1.2682,-3.2849,14.6512
0.187021,-2.74625,14.6512
-2.22542,-2.63761,14.6367
-1.51331,-2.25146,14.6424
-1.90011,-2.22135,14.6526
2.98959,-1.95694,14.6451
3.39472,-1.91505,14.6439
0.433819,-1.80379,14.6255
-0.0537678,-1.67485,14.6532
-1.50542,-1.5865,14.6154
4.73188,-1.23569,14.6421
-4.67769,-0.919573,14.6521
5.05061,-0.922412,14.6311
-0.702939,-0.294538,14.6361
-5.08118,-0.0434161,14.6356
-4.17301,0.214655,14.6394
4.85306,0.412311,14.639
-3.87651,0.528158,14.6539
-1.70942,1.72587,14.6227
2.43809,2.02432,14.6327
-4.58266,2.15078,14.6357
-1.87301,2.36596,14.6615
2.6816,2.62645,14.6598
-2.90248,2.99885,14.6136
1.11608,2.97267,14.6375
-1.60855,3.0427,14.6421
-1.16808,3.04532,14.6611
-2.10399,3.2901,14.6662
3.58614,3.46198,14.626
3.31102,3.67277,14.6254
2.85425,4.12235,14.6413
0.663911,4.34775,14.6391
2.36317,4.433,14.6377
-2.42682,4.53445,14.6313
-1.90624,4.74503,14.6361
1.48478,-4.3648,14.698
0.499772,-4.32684,14.7076
-3.00769,-4.25916,14.6981
-2.87468,-2.72203,14.6999
-1.23322,-2.72661,14.7122
-2.71297,-1.86988,14.7164
1.8207,-1.43727,14.6977
-3.06506,-1.38229,14.723
-0.245339,-1.30542,14.7125
-0.383605,-1.24354,14.7041
1.52227,-1.22325,14.6763
4.94506,-1.19716,14.6729
1.64467,-1.0989,14.6723
-3.80199,-1.03672,14.6867
1.73892,-0.983049,14.7253
-3.61742,-0.915643,14.6706
-2.83791,-0.762486,14.72
-2.92626,-0.655151,14.7133
-2.63239,-0.525565,14.6904
-2.25474,-0.412991,14.7091
1.36066,-0.432629,14.6801
-4.10822,0.0975122,14.7187
4.90998,0.0975072,14.6808
0.621799,0.580522,14.6968
-1.23825,0.689819,14.6703
4.32297,1.17676,14.7055
-4.81116,1.44406,14.6822
0.695896,2.9164,14.7264
-2.02939,3.10292,14.695
2.88125,3.08983,14.6932
1.00025,3.17885,14.715
1.26403,3.55911,14.7258
0.78888,3.70309,14.7136
1.36812,4.05586,14.7031
2.69085,4.10691,14.6982
3.17127,4.22485,14.6866
2.80857,4.44329,14.7215
-0.0344203,4.49764,14.705
-2.61823,4.5682,14.6836
-1.41146,4.55197,14.7247
-0.347197,-5.34129,14.7304
-1.23348,-5.17225,14.756
-0.164544,-4.4983,14.769
-0.927015,-4.3445,14.7837
0.216381,-4.28232,14.7749
-3.55411,-3.85625,14.7476
-3.65422,-3.46094,14.735
-2.36487,-3.4256,14.7713
1.65959,-3.23711,14.7303
-3.09002,-2.93015,14.7469
-2.1266,-2.71875,14.7783
-4.34858,-2.64283,14.7742
0.418728,-2.44517,14.7646
-0.707645,-2.38169,14.7445
2.47907,-2.33129,14.7614
-1.05516,-2.11924,14.7754
-4.31844,-2.07539,14.7585
-3.51146,-2.09175,14.7612
-4.05139,-1.76777,14.7827
0.648495,-1.74356,14.7798
0.670107,-1.51383,14.7778
4.27832,-1.35218,14.7471
2.86201,-1.14667,14.7503
4.16707,-1.05373,14.7479
2.1375,-0.978465,14.7393
-1.98902,-0.509197,14.7364
-1.51517,-0.500688,14.7376
-5.29615,-0.454217,14.7624
-4.31049,-0.36521,14.733
-1.05961,0.0778847,14.774
-4.53885,0.46796,14.7742
-4.0434,0.610634,14.7387
-0.964658,0.995478,14.7731
5.16524,1.16241,14.7536
2.82224,1.46998,14.7408
1.43735,1.4798,14.7516
0.628414,1.74879,14.7413
-2.71602,1.76973,14.729
1.61866,1.83322,14.7352
-2.14203,1.9327,14.7445
-2.49544,2.06426,14.7716
-2.26503,2.72006,14.7853
3.24906,2.89219,14.7503
-0.0351585,3.09181,14.7556
-1.55683,3.28554,14.7653
-0.0253168,3.50086,14.7441
-3.57394,3.86475,14.7321
-3.1688,3.9001,14.7466
-3.18907,4.32387,14.7845
1.01735,4.6593,14.737
-1.68829,4.86416,14.7525
2.67005,-4.47539,14.8395
-0.184147,-3.96161,14.8428
2.45805,-3.63044,14.8404
2.94371,-3.00476,14.7892
-3.26476,-2.78681,14.8341
-0.623232,-2.66835,14.7934
-1.13764,-2.23965,14.8403
-0.169625,-1.89147,14.8203
-1.79274,-1.6552,14.83
2.03406,-1.59499,14.8057
-3.73264,-1.54525,14.7928
-0.0386997,-1.42613,14.7948
2.93532,-1.0282,14.7969
1.94314,-0.70357,14.816
1.96868,-0.314148,14.8188
-4.1966,-0.224484,14.8172
-1.08843,-0.197653,14.7909
0.109942,-0.19765,14.8162
4.42761,-0.144633,14.8391
3.34313,-0.0896559,14.8398
-1.50724,0.773614,14.833
2.57747,1.4798,14.7886
0.511289,2.22592,14.7878
-1.58569,2.2809,14.8145
1.06237,2.29203,14.8413
1.29211,2.4635,14.8081
-0.797667,2.61862,14.8217
1.77386,3.29012,14.811
2.64567,3.79997,14.8023
1.72808,3.88637,14.8408
2.94152,4.11478,14.7931
-1.30739,4.67698,14.8011
0.841297,4.68353,14.8047
1.66464,4.65931,14.8139
0.0343163,4.75421,14.8037
0.99904,4.87072,14.84
-0.77063,-4.9741,14.8883
-0.242433,-4.57225,14.8668
-1.08083,-4.47538,14.8688
-2.33417,-4.32093,14.8519
1.87617,-4.25744,14.8979
-1.81054,-3.72665,14.8843
-1.60212,-3.72935,14.8465
2.06012,-3.47991,14.871
1.00969,-3.10095,14.9036
-2.29416,-2.98707,14.8916
2.90317,-2.41767,14.8738
-2.1272,-1.88753,14.876
0.100705,-1.44575,14.8803
-3.13115,-1.22388,14.8987
-0.788078,-1.23043,14.8576
-0.248774,-1.14469,14.8887
-0.784797,-1.08905,14.8856
4.59446,-0.883547,14.8762
-3.2221,-0.869148,14.8763
-0.844995,-0.83315,14.8818
-3.72407,-0.46664,14.8502
-4.47213,-0.12892,14.8777
-1.40191,0.168215,14.8545
-4.5729,0.241524,14.9039
1.37118,0.392053,14.8799
-0.0294243,0.466014,14.9018
-1.31877,0.475175,14.8905
-2.0675,0.552401,14.8623
-5.37135,0.720603,14.852
-5.1573,1.26907,14.8714
3.1521,1.28936,14.8801
-1.96339,1.30114,14.8951
-3.32472,1.35546,14.8821
4.09588,1.48897,14.849
-0.223727,1.82539,14.8861
3.16786,2.15852,14.8749
-0.942186,2.47143,14.8639
1.50483,2.69716,14.8809
-4.12965,3.05321,14.8692
-0.0868575,3.18541,14.8807
-2.33827,3.75416,14.8783
-2.18444,4.13704,14.8488
1.89042,4.36349,14.8533
1.54291,4.74113,14.8719
-1.18564,4.92963,14.8646
0.419863,-5.3609,14.9336
1.18564,-4.92239,14.9216
0.378035,-4.3615,14.9125
1.34867,-3.94786,14.9498
-0.262683,-3.91906,14.9047
2.89916,-3.8595,14.9076
1.24072,-3.26784,14.9309
4.08579,-3.19781,14.9546
4.21541,-2.64739,14.9478
-4.21179,-2.62055,14.9404
-0.0760773,-2.63168,14.9255
2.48888,-2.42879,14.9082
4.17158,-2.22982,14.9401
1.58507,-1.64864,14.9044
3.2357,-1.63948,14.9086
-1.9485,-1.47913,14.9091
3.60549,-1.45622,14.9063
-3.50486,-1.13879,14.9257
1.18457,-0.880264,14.9547
1.2219,-0.592948,14.9138
0.746748,-0.407725,14.9347
-3.31629,0.0785573,14.9124
1.0485,0.194407,14.95
-0.9071,0.371769,14.9161
3.70378,0.424132,14.9437
0.884911,0.704248,14.9055
-0.856675,0.860675,14.9362
-1.71798,0.944446,14.9075
-0.31475,1.00008,14.9213
0.846332,1.29525,14.9109
4.33542,1.35874,14.9244
2.74501,1.42288,14.9265
4.37015,2.14544,14.9233
-3.24874,2.37713,14.9571
-2.05953,2.50802,14.9079
3.45914,2.78094,14.9074
0.342469,2.87388,14.9064
-3.82923,3.18738,14.9095
-0.825776,3.18477,14.9524
-0.00110905,3.36017,14.9203
2.86622,3.60757,14.9562
1.10827,3.72407,14.963
-2.00248,4.24242,14.9196
0.455145,4.61548,14.9385
-0.521966,5.32494,14.9054
2.91286,-4.59907,15.0021
1.00242,-4.27902,14.9935
3.44437,-3.48971,14.9711
-0.780356,-3.44716,15.0087
3.98828,-3.01193,14.9986
0.656293,-2.67617,15.0192
1.66683,-2.54855,15.0211
2.24671,-2.57407,15.0144
-0.0367826,-2.20494,15.0077
0.542452,-2.0086,14.9764
2.70357,-2.05769,14.9774
0.570014,-0.778811,15.0057
2.00207,-0.159669,14.9721
2.16112,-0.0575664,14.9888
-1.25203,0.166266,14.9636
-0.163613,0.162339,14.9642
2.58394,0.223862,14.9703
-2.23048,0.394685,14.9867
0.202294,0.94969,14.9734
5.29881,1.06488,14.9794
-0.202169,1.14015,14.966
4.59066,1.27301,14.9923
1.53883,2.11272,14.9791
-0.735502,2.42164,15.0095
3.35706,3.11147,14.9879
0.207016,3.32025,14.9769
0.924341,3.39421,14.9724
-0.805472,3.42563,15.0142
-0.409504,3.46359,14.9976
-2.65964,3.50285,14.9863
-2.48815,3.67433,14.9648
-1.66808,3.65535,14.9902
-0.91866,4.08862,15.0029
2.71311,4.32293,15.0126
3.22492,4.29479,14.9785
-3.07256,4.45187,15.0035
-0.753694,4.66719,14.9868
1.19475,5.23071,14.9972
-1.4945,-5.14098,15.0409
-1.29502,-5.11087,15.0421
0.148276,-4.91779,15.0762
-1.38711,-4.07481,15.0756
-1.20839,-3.46745,15.0278
-0.149418,-3.26652,15.0606
-0.462252,-3.07345,15.0316
1.92271,-3.05381,15.0598
-1.85827,-2.99752,15.0611
0.797645,-2.97985,15.0559
-4.27333,-2.91964,15.0379
-1.34842,-2.93928,15.022
-1.23647,-2.30246,15.0428
2.43457,-2.16828,15.0785
-3.27126,-2.07143,15.0236
-3.7968,-1.79064,15.0745
-4.2634,-1.03733,15.0573
-0.877068,-0.880907,15.0408
2.81818,-0.85669,15.0476
2.12511,-0.286628,15.0631
1.80445,0.462759,15.0363
4.1724,0.485013,15.0499
-1.01442,0.566821,15.0243
-3.55053,1.17615,15.0575
3.74767,1.13099,15.0266
0.608091,1.19121,15.0419
-4.93803,1.48115,15.0699
-3.78153,1.87319,15.0787
-4.41376,1.93078,15.0739
1.56173,1.991,15.0688
-1.29446,2.04466,15.0576
5.02922,2.05186,15.0678
-2.2847,2.12647,15.061
2.62661,2.40005,15.0523
-3.53669,2.85753,15.0227
3.08609,2.87325,15.0693
-2.19889,3.19984,15.0577
0.769247,3.73194,15.0803
-1.41208,5.11226,15.0753
-0.247746,5.13385,15.0322
2.62882,-4.47077,15.1118
3.2997,-3.96878,15.1238
-1.65538,-2.94254,15.121
-1.76533,-2.90523,15.1293
1.02869,-2.88821,15.123
4.49619,-2.59697,15.0976
2.6826,-2.49094,15.0918
-3.8505,-2.2874,15.1018
3.03931,-2.27365,15.1231
-2.63901,-1.88358,15.0995
-0.352136,-1.36589,15.0913
-1.64415,-1.30828,15.1166
4.87325,-1.23039,15.1244
0.448964,-0.263716,15.1012
-2.8012,0.276238,15.0992
5.37076,0.411065,15.1204
1.7521,0.567487,15.1144
1.08192,0.776926,15.1327
4.32166,1.10155,15.1073
-4.27764,1.73182,15.0905
3.90871,1.73444,15.0908
0.585911,2.4066,15.1215
-4.21669,3.0696,15.121
1.13703,3.10625,15.1079
3.2458,3.13701,15.1148
1.55199,3.32027,15.1353
4.33357,3.29736,15.0969
2.96176,3.37524,15.0932
-2.54181,3.77711,15.1379
-2.95806,3.92306,15.1299
0.237166,4.0461,15.1089
-2.11834,4.07686,15.0962
-0.608388,4.82625,15.0933
0.442072,4.91003,15.1388
1.75629,5.03634,15.0814
-2.40619,-4.83794,15.1413
0.724269,-4.21551,15.1799
2.70804,-3.88892,15.1568
3.8305,-3.73184,15.1841
1.63339,-3.55317,15.1895
0.134623,-3.38758,15.1969
-3.31715,-3.2953,15.1938
4.37442,-3.07801,15.1854
3.69969,-2.31749,15.1898
2.09555,-2.093,15.1662
-1.67428,-1.66824,15.1626
-1.35161,-1.56417,15.1846
-5.08021,-1.08902,15.172
1.88685,-0.770934,15.1821
-2.90074,-0.723815,15.1532
-4.18089,-0.279413,15.179
-4.02837,0.130951,15.1742
-3.98581,0.517756,15.1916
-3.54597,0.799839,15.1799
3.9008,0.82929,15.1656
4.98334,0.972621,15.1554
-1.519,1.18926,15.1797
-0.19624,1.79662,15.1608
-3.32927,1.95828,15.1392
-3.20948,2.18867,15.1942
-0.145159,2.3104,15.142
4.00237,2.77836,15.1415
3.71113,3.01855,15.1522
1.36546,3.33991,15.1481
2.07755,3.38703,15.1747
-0.725576,4.2418,15.1775
-2.00575,4.42767,15.1634
0.830829,4.73593,15.1398
-0.666639,4.80008,15.1676
0.16459,5.25822,15.1916
2.10258,-4.94722,15.2417
-1.08282,-4.91647,15.2036
1.58227,-4.78949,15.225
-0.413234,-4.22401,15.2455
2.17921,-4.03749,15.2101
-0.267915,-3.85292,15.2399
-2.1921,-3.55512,15.2473
-3.09589,-2.70429,15.2061
4.44579,-2.55048,15.245
-1.51006,-2.49878,15.2049
0.55621,-1.77818,15.2522
3.0145,-1.31612,15.2105
-1.33911,-0.36711,15.2138
-2.7253,-0.0483714,15.2346
-1.26775,-0.0503327,15.2509
-1.96475,0.366576,15.2459
-2.68142,0.419588,15.2307
-5.26598,0.693815,15.2009
2.27506,0.855474,15.2005
2.86869,1.09764,15.2489
-3.32735,1.23508,15.2192
0.975267,1.30642,15.2515
-0.907667,1.84048,15.2004
3.36617,2.1926,15.2355
-0.878183,2.36997,15.2548
4.12867,2.53424,15.2207
4.12541,2.69918,15.2499
1.76729,2.81109,15.2241
-4.52365,2.96424,15.201
0.445247,3.264,15.2291
0.997642,3.37657,15.2127
-0.721621,4.71762,15.2161
-1.7256,4.88582,15.239
-0.371455,4.95847,15.2486
-0.213065,5.01737,15.2164
-2.56325,-4.59968,15.2937
-1.79028,-4.22401,15.2635
3.34943,-4.15136,15.2812
-0.0362166,-3.69191,15.2934
-2.40479,-3.23049,15.2872
-0.606899,-3.15392,15.284
3.3135,-3.08519,15.2856
0.816641,-2.71933,15.2927
-3.35965,-2.67287,15.2638
2.51508,-2.12375,15.2648
4.88368,-2.05175,15.3117
3.3928,-1.17343,15.3094
0.188468,-0.414876,15.3034
1.57665,-0.266965,15.2815
-4.44461,0.451664,15.2747
-1.72846,0.753386,15.2984
2.76855,0.977874,15.2833
2.50154,1.36991,15.2972
2.07484,1.75672,15.3054
0.112689,1.96419,15.257
3.5684,2.07284,15.2979
2.79154,2.44589,15.2571
-1.77088,2.84055,15.288
0.185396,2.95313,15.3074
2.5553,2.95313,15.3043
1.98069,3.38247,15.2997
3.58877,3.38182,15.3064
3.45855,3.82032,15.297
2.06451,4.21956,15.2732
-1.36562,5.07498,15.3088
-1.45266,5.20915,15.2791
0.993173,5.26609,15.2887
-1.65289,-5.14814,15.3441
0.72359,-4.6252,15.3493
-1.56384,-4.40922,15.3221
-3.31253,-2.63621,15.3412
-4.49583,-2.39601,15.3463
-2.07226,-2.40779,15.3472
3.10018,-2.28017,15.3408
1.56672,-2.08316,15.3672
2.93003,-1.98368,15.3375
0.0136346,-1.84362,15.3329
0.293765,-1.68524,15.3356
3.8817,-1.19633,15.3324
3.95829,-1.07329,15.3393
2.41111,-0.505188,15.3625
4.45835,-0.497338,15.333
2.489,-0.361855,15.362
-3.41775,-0.177289,15.3625
-2.03809,-0.207395,15.3672
0.442421,-0.223108,15.3248
1.43337,0.640162,15.3196
-1.0118,0.697103,15.3214
2.457,0.755359,15.3678
0.20494,1.42425,15.3686
3.76275,1.51849,15.3628
-4.13755,2.13764,15.3637
2.60568,2.66188,15.3473
-3.79845,3.41716,15.3268
-1.76361,3.96301,15.331
1.85244,4.04089,15.3526
1.74839,4.11027,15.3378
-1.67131,4.23593,15.3416
-0.51416,4.51802,15.3706
-1.51225,4.6836,15.3217
0.241133,4.72156,15.3281
-0.121426,5.18821,15.3189
-0.954545,-5.03097,15.4293
-0.254843,-4.14152,15.4201
-3.14701,-3.72462,15.3831
-3.71636,-2.85349,15.408
-0.3693,-2.82731,15.3899
4.68533,-2.66238,15.4082
-3.59003,-2.63358,15.4306
-2.90084,-2.37571,15.4178
1.18782,-1.36649,15.4304
-0.924207,-1.15182,15.3918
0.551677,-0.956783,15.3816
5.34189,-0.800358,15.4009
5.25027,-0.694327,15.426
2.42487,-0.227681,15.3942
-1.40387,0.0832014,15.3908
-5.04871,0.337142,15.3816
-1.77168,0.360052,15.4075
0.858761,1.20303,15.3905
-0.208704,1.30972,15.4076
-2.13747,1.55449,15.3978
-4.2855,1.65202,15.4292
-2.03729,2.25546,15.4215
4.62214,2.2404,15.3775
-1.36447,2.30716,15.3874
2.51076,2.33857,15.3749
2.91917,2.47732,15.3766
0.0512064,2.62655,15.4246
1.59909,2.8818,15.4274
-2.11972,2.9479,15.3854
-3.67674,3.04935,15.4261
3.06916,4.37796,15.4112
0.24834,4.8433,15.3949
-2.1353,4.94278,15.3862
-1.33814,4.94541,15.4297
1.06452,5.3394,15.3815
-2.0063,-4.95374,15.4841
-2.83617,-4.57675,15.4786
2.99207,-4.2482,15.4677
-3.19481,-4.22202,15.4655
0.285107,-4.20697,15.4385
1.92002,-4.18799,15.4519
-2.90551,-3.98902,15.4462
-1.54613,-3.74948,15.4845
-3.43236,-3.64803,15.4436
-0.267226,-3.27105,15.4485
-2.50358,-2.73044,15.4601
-0.98385,-2.56289,15.4461
-1.38895,-2.11914,15.4706
4.472,-2.01378,15.4426
-0.15586,-1.53992,15.4644
-2.32678,-1.12301,15.4599
-1.46415,-1.00717,15.4473
-4.7896,-0.746028,15.4572
-1.45759,-0.717881,15.4877
2.11985,-0.691049,15.4706
4.43677,-0.226364,15.454
5.34,0.308354,15.452
-4.17429,0.68861,15.439
-2.31816,0.752098,15.4554
5.28897,0.74097,15.4452
1.02435,1.26849,15.4373
-1.29448,1.64744,15.4808
-2.77295,2.04537,15.4387
4.12472,2.16776,15.4471
1.73129,2.83599,15.4808
3.66467,3.15277,15.4764
-1.43963,4.15675,15.443
1.98271,4.33346,15.4565
0.0271013,4.4912,15.4694
-2.18964,4.69932,15.4454
0.421146,5.20328,15.4902
0.391084,-5.05387,15.5315
1.20802,-2.74352,15.5439
-0.105508,-2.27556,15.5171
4.24293,-2.02686,15.5125
1.30821,-1.96533,15.5145
-2.52513,-1.81938,15.4983
1.91886,-1.64529,15.5168
-0.0903809,-1.03138,15.5159
2.49814,-0.742749,15.5078
2.77107,-0.626903,15.5176
-2.26195,-0.58174,15.5442
2.06359,-0.244025,15.528
-1.59303,-0.0313186,15.5103
-5.39888,0.0884515,15.4994
3.98455,0.25011,15.4984
-0.865215,0.331927,15.5381
4.76078,0.428134,15.5171
-2.78351,0.489004,15.5406
0.00137499,1.10946,15.5144
-1.25327,1.28813,15.5301
-3.22983,1.30187,15.4923
4.45192,1.47401,15.5465
0.709595,2.1573,15.5255
-3.28999,2.19657,15.5404
-2.9935,2.19722,15.5133
-3.02098,2.43087,15.5383
0.230557,2.97278,15.4953
0.366701,3.14754,15.5395
-0.670623,3.83148,15.5175
-0.900313,4.44015,15.5279
2.13073,-4.7829,15.6017
-2.06781,-4.71287,15.6067
0.0475352,-4.0754,15.5531
0.482848,-2.76642,15.5743
1.48487,-2.80373,15.5716
1.50844,-2.65058,15.5511
-2.78173,-2.53865,15.603
4.76062,-2.23825,15.5752
3.94776,-2.07463,15.5618
5.0748,-1.79058,15.5611
-3.87923,-1.26633,15.5719
4.59315,-0.980971,15.5942
3.28942,-0.785278,15.6057
-5.34786,-0.418116,15.5513
4.04147,-0.090865,15.6027
-2.43601,0.0308674,15.5828
-1.86986,0.257976,15.5929
0.930735,0.86861,15.5575
-4.70768,1.0486,15.5801
-2.59498,1.12714,15.5962
3.05588,1.22073,15.5735
-1.55104,1.65727,15.5532
-2.47449,2.16908,15.5738
2.87794,2.46033,15.5689
-4.25664,2.57487,15.5755
4.22685,2.73653,15.5853
-1.69947,3.92835,15.5873
-2.64582,4.75301,15.5876
-0.863527,-4.29727,15.6131
-0.716266,-4.29072,15.6196
-1.20511,-3.24223,15.6449
-3.5462,-2.96996,15.6389
-1.47212,-2.90451,15.6571
2.84033,-2.57726,15.6494
2.91172,-1.64658,15.6663
-0.695814,-1.54645,15.6181
-4.75428,-1.12888,15.6409
-0.16565,-1.07783,15.6303
-1.75605,-1.00388,15.6089
3.89808,-1.00583,15.6544
4.44592,-0.358543,15.6631
-2.34963,-0.226996,15.6245
0.804357,-0.173978,15.6594
3.24953,-0.16351,15.628
-2.41638,-0.0659893,15.6419
0.581876,0.592428,15.6506
-0.412267,1.02308,15.6178
-4.52048,1.22205,15.6527
3.54807,1.34574,15.609
1.27831,1.50674,15.6107
-4.12906,1.84905,15.663
3.60569,1.88046,15.6142
1.36146,2.0984,15.624
2.64361,2.2064,15.6553
0.891547,2.23651,15.6589
-1.8193,2.98393,15.6602
3.94348,2.99506,15.6673
-0.767517,3.33474,15.6348
-0.0141719,3.81252,15.6645
-1.15102,3.85505,15.6286
-1.27339,4.06972,15.6117
-1.41607,4.16397,15.6398
0.816452,5.10317,15.6516
0.945429,-5.16707,15.7218
2.28258,-4.74624,15.6802
0.743244,-4.29006,15.6914
-1.89369,-4.23377,15.7215
1.42654,-4.12185,15.7079
3.2984,-3.77694,15.6767
1.88013,-3.64801,15.6697
-3.45722,-3.52954,15.6947
0.899728,-3.27233,15.6739
-0.260002,-2.85083,15.7228
-4.63984,-2.74088,15.725
-0.830049,-2.63354,15.7112
-0.764581,-2.31612,15.6932
-3.6489,-2.13286,15.6721
4.22199,-1.98756,15.6815
-0.455594,-1.16618,15.678
2.65129,-0.840244,15.685
2.03018,-0.753196,15.6963
1.75271,-0.266912,15.6822
-2.88041,-0.0175519,15.6814
0.950319,0.0197569,15.7036
-1.13226,0.172905,15.685
-1.48502,0.204324,15.7089
-2.54922,0.261261,15.6846
-4.86868,1.03814,15.6774
-2.85088,1.28881,15.7209
-1.22117,1.86999,15.6733
0.84702,1.85887,15.6894
4.28899,2.01922,15.7011
-0.682506,2.11674,15.6937
0.540112,2.66193,15.7031
-0.495267,3.04218,15.6792
3.78182,3.01535,15.6705
2.8963,3.14167,15.7002
3.03376,3.46172,15.7014
1.71564,3.69079,15.707
-3.77291,3.77129,15.6771
2.78639,3.78307,15.7118
2.76741,3.91986,15.7095
2.59597,4.41989,15.7047
-2.42068,4.6843,15.7214
-1.30999,5.04034,15.6924
-1.07628,-5.12125,15.7672
3.70483,-3.85285,15.7351
-3.06716,-3.76057,15.7413
-3.21309,-3.37311,15.7551
-3.7576,-2.99678,15.7706
-0.504122,-2.78145,15.7805
1.12165,-2.49151,15.7793
0.917503,-1.53465,15.7595
-2.5323,-1.42011,15.7649
1.93265,-1.0019,15.7264
4.17494,-0.766278,15.7549
3.82544,-0.74664,15.7782
0.961404,-0.679886,15.7521
0.187845,0.112698,15.7323
0.757905,0.115972,15.7429
4.88905,0.198439,15.7551
3.36017,0.413765,15.7501
4.97873,0.562332,15.7291
3.91061,0.701744,15.779
-2.83585,0.918378,15.7637
-3.91509,1.09247,15.7757
4.96175,1.15596,15.749
-2.03273,1.85168,15.7412
-2.06478,2.23979,15.7793
-1.83243,2.32684,15.767
4.66207,2.38836,15.752
-1.48226,2.5906,15.7447
2.95321,2.60303,15.7508
-2.21919,3.1371,15.7544
0.195232,3.268,15.7842
0.538843,3.32821,15.7797
1.88971,3.429,15.7508
3.19678,4.32434,15.7341
-2.02669,4.40877,15.7347
1.26609,5.19873,15.7364
2.40561,-4.84504,15.8355
-2.1051,-4.45497,15.7916
3.22572,-4.39672,15.7965
3.97646,-3.67482,15.8182
-0.520528,-3.50596,15.814
-1.12396,-3.35543,15.8342
2.29247,-3.4019,15.8014
0.681131,-3.22323,15.7926
2.21464,-2.56742,15.8329
4.53808,-2.50002,15.7874
3.42807,-2.34555,15.8008
-1.52313,-2.26898,15.8232
-0.932756,-1.82916,15.8226
-4.90222,-1.59617,15.7941
1.34752,-1.29117,15.7948
-3.44202,-1.11315,15.7861
2.86464,-1.05228,15.7912
-5.36294,-0.939058,15.7973
0.335058,-0.683804,15.8163
3.84576,-0.278675,15.8234
1.00856,-0.0869103,15.8154
1.6611,0.170307,15.8367
-0.293848,0.298583,15.809
4.96236,0.323451,15.786
-4.1658,0.411814,15.8417
3.04471,0.475951,15.82
-3.38235,0.866027,15.8212
-3.54596,0.969437,15.8272
2.46163,1.56175,15.8209
3.03627,1.56699,15.8393
0.737061,1.78297,15.8368
2.59713,1.978,15.7937
3.15868,1.97604,15.8127
-1.88022,2.11741,15.8189
3.60968,2.90149,15.7969
3.72031,3.29745,15.8261
-0.617635,3.40218,15.8412
-0.628717,4.15941,15.7867
-0.448714,4.46637,15.8402
0.328164,4.45197,15.8132
-1.45527,5.221,15.8264
0.392354,5.28907,15.8276
-0.0356511,-5.18799,15.864
0.597915,-4.84831,15.8812
0.952654,-4.74883,15.8693
3.67316,-4.11989,15.858
-1.20122,-3.82927,15.8558
0.423879,-3.87378,15.8442
-3.10577,-3.72063,15.8798
2.86255,-3.14664,15.8676
4.11329,-2.89728,15.8895
-1.10034,-2.4483,15.8535
4.84635,-2.43652,15.8486
0.0895229,-2.3894,15.8653
-2.76012,-2.31478,15.8781
-0.701097,-2.32984,15.8789
2.27881,-2.08244,15.8995
-4.25953,-1.86646,15.8469
-1.87064,-1.79577,15.8765
2.43525,-1.77091,15.8597
-0.157125,-0.793751,15.8764
3.68997,-0.757752,15.8897
4.0892,-0.731575,15.8725
-2.85754,-0.629472,15.8903
-0.401224,-0.365716,15.8662
-1.99752,-0.276048,15.8854
-2.02365,0.435378,15.8621
-1.7134,0.873234,15.8796
3.03427,0.965519,15.8996
-1.06217,1.17757,15.8787
-4.58657,1.47602,15.8631
-1.98888,1.925,15.8912
-1.99082,2.28628,15.8869
0.868646,2.32948,15.901
3.23659,2.30722,15.8894
0.145444,2.47019,15.8652
4.54885,2.44597,15.8721
3.44342,2.54807,15.8916
-0.569247,2.66064,15.8463
-0.324465,2.7202,15.8957
-2.07194,2.92179,15.8965
-1.51497,2.94076,15.8531
-0.970424,3.0913,15.8938
0.332676,3.28044,15.8629
0.0689262,3.44341,15.8693
1.29286,4.11426,15.8825
-0.232023,5.38135,15.8552
-1.00299,-5.27896,15.9476
-0.398881,-4.98967,15.9493
-2.52659,-4.43271,15.9147
1.70863,-4.03935,15.9537
-0.366703,-3.1787,15.9175
2.19105,-3.08576,15.9368
0.424583,-3.02882,15.9501
-2.30393,-2.23296,15.9383
0.262975,-2.17079,15.9244
2.83905,-2.11777,15.9572
-4.67447,-1.7493,15.9489
-0.226524,-1.18185,15.94
-0.511878,-1.13669,15.944
-0.543931,-0.844137,15.9475
-5.08674,-0.823198,15.9098
0.53996,0.0996312,15.9071
0.437209,0.169665,15.9318
-3.06233,0.353575,15.9189
-5.10367,0.639591,15.9573
0.875751,0.750854,15.9535
1.68274,0.859495,15.9205
3.55851,0.90662,15.9351
1.90266,0.944578,15.9169
-2.34497,1.07941,15.935
3.3072,1.07809,15.9172
4.15346,1.2463,15.9231
-0.547726,1.36149,15.9463
0.155198,1.41777,15.9263
-4.77569,2.04608,15.9252
1.76267,2.23,15.9429
-3.25201,2.4787,15.9272
-4.1637,2.64822,15.9521
-3.88357,2.75555,15.9453
0.411189,2.85307,15.9314
-0.692248,3.38386,15.9088
-3.4653,3.74121,15.9415
-1.09147,3.73794,15.938
1.65674,3.81779,15.9209
-1.61305,4.54361,15.9102
2.0868,4.83814,15.9412
0.637122,5.11498,15.9092
-0.0186751,5.12807,15.9284
0.0448813,-4.67944,15.9938
-0.965634,-4.41045,15.9648
-0.479345,-4.35874,15.9904
1.17786,-3.76577,15.9889
-1.84391,-3.52885,15.9942
-0.630455,-3.05172,16.0099
3.14073,-2.68913,16.0146
-1.09118,-2.43912,15.9879
-2.66129,-2.33506,16.0058
2.42213,-2.20744,15.9655
3.93793,-2.20613,15.9624
0.0744877,-2.08439,15.979
3.96151,-1.9705,16.0079
-4.90223,-1.83765,15.9767
1.37235,-1.86775,15.981
3.82735,-1.75583,16.0155
-0.478533,-1.70348,15.9794
2.14735,-0.552882,16.0041
3.28224,-0.316616,15.9697
-5.08667,0.403327,16.0042
-4.55913,0.742349,15.9807
-3.28743,1.09774,16.0126
-1.20485,1.11738,16.0129
0.858759,1.16515,16.0074
0.0982735,1.68351,16.0018
-1.48361,1.91912,15.993
-1.76831,1.98261,15.9738
-1.45677,2.10827,15.9893
0.465468,2.11416,15.9837
-4.91247,2.15932,15.9614
-1.88807,2.17044,15.9717
0.0767203,2.43814,16.0192
-1.63999,2.71695,16.0125
3.41988,2.85766,15.9901
2.19012,3.36947,15.9909
3.52202,3.64174,16.0083
-2.06987,4.61169,15.9975
0.494476,-5.33458,16.031
-2.12084,-5.00078,16.0764
-1.97162,-4.94581,16.0289
-0.0330059,-4.73048,16.0368
1.42782,-4.68336,16.0387
-1.67117,-4.31291,16.0612
1.69225,-4.29786,16.0575
-1.43422,-3.94902,16.0573
-3.13064,-3.6846,16.0648
0.622234,-3.11913,16.0612
0.307427,-3.07004,16.0515
3.11912,-2.87435,16.0418
3.26638,-2.87435,16.064
-0.761339,-2.81741,16.0733
-2.64495,-2.67866,16.0255
-2.99312,-2.42471,16.0562
1.59747,-2.33833,16.0228
-4.58875,-2.1027,16.0668
-3.58541,-1.96003,16.0697
1.61845,-1.67925,16.0264
-2.6606,-1.63671,16.0675
1.33902,-1.12948,16.062
-5.27062,-0.380746,16.0467
-1.13818,-0.389907,16.0559
-3.79736,-0.171963,16.0529
-0.256565,-0.0881867,16.0637
-4.10103,0.0695453,16.0644
0.279505,0.639602,16.0362
3.82749,0.695239,16.0774
0.452966,0.999569,16.0205
-3.99428,1.21097,16.0303
-4.43273,2.05526,16.0221
2.8537,2.21103,16.0617
4.58026,2.38906,16.0743
0.513923,2.50686,16.0406
2.69338,2.68947,16.0635
4.23866,3.14106,16.0411
0.746333,3.62277,16.0688
1.73921,3.85315,16.0593
1.19141,4.03051,16.0529
0.805274,4.23864,16.0528
-1.49327,4.58159,16.0304
1.83483,5.00635,16.0421
0.781143,-5.33457,16.0917
0.317802,-4.70822,16.0861
2.48222,-4.27037,16.0785
-0.786947,-4.21081,16.1022
-2.58611,-3.76444,16.1299
3.85866,-3.4228,16.1191
-3.27003,-3.38157,16.0913
-4.16404,-2.97252,16.0989
0.687042,-2.8907,16.1039
-2.91526,-2.84424,16.0854
2.72516,-2.24145,16.0954
-1.30971,-1.23615,16.1115
1.19832,-0.90433,16.102
2.29,-0.933123,16.1333
5.10235,-0.776704,16.1065
2.33779,-0.746593,16.1362
3.73709,-0.71911,16.0939
0.55497,-0.620932,16.1289
-5.42182,-0.467784,16.1092
2.48311,-0.35587,16.0837
1.11919,0.150051,16.093
-2.21805,0.187363,16.1362
-4.52445,0.546671,16.0911
-0.115806,0.641575,16.1094
1.32145,0.589873,16.1335
2.94655,0.673641,16.0783
-0.631525,0.967509,16.0977
1.04466,1.65079,16.082
4.91532,1.72802,16.0792
-2.63355,1.88576,16.1219
2.71952,2.03563,16.0807
-1.09611,2.71762,16.1279
-4.50271,2.92116,16.0937
-2.94961,2.95323,16.1366
0.218801,3.38585,16.1113
1.83408,3.3636,16.1327
1.55922,3.87737,16.1351
-0.563938,3.89307,16.091
0.417839,4.62414,16.1139
0.796858,-5.21413,16.1658
0.737351,-4.33908,16.1498
-3.07831,-4.146,16.1814
0.0201047,-3.09948,16.1722
-4.00368,-2.93062,16.169
-0.0531802,-2.79972,16.1785
4.20951,-2.80626,16.1952
1.17923,-2.72118,16.1645
-3.44734,-2.44433,16.1721
-1.18018,-2.2493,16.1581
1.55822,-2.03528,16.1696
0.0614033,-1.99405,16.1412
1.46856,-1.95805,16.1937
-4.12403,-1.54964,16.1889
4.96683,-1.47766,16.1565
5.22667,-1.43315,16.1886
-2.68022,-1.38472,16.1639
-5.16989,-1.3088,16.1693
1.05103,-1.33694,16.1929
-3.72543,-1.24728,16.1489
-0.142097,-1.22109,16.1868
-3.24175,-1.06009,16.1631
5.27447,-1.01951,16.1748
-4.79943,-0.957333,16.1802
4.84516,-0.317903,16.1377
-5.08862,0.481885,16.1494
0.526274,1.07878,16.1609
0.865299,1.07943,16.1548
3.06898,1.31832,16.1463
-1.21399,1.43155,16.1581
-0.0974346,1.4165,16.1487
1.92429,1.51074,16.1632
2.35625,1.52121,16.1593
5.05013,1.53038,16.183
3.42636,1.76142,16.1847
3.01535,1.98525,16.155
4.48993,2.27518,16.1399
0.308404,2.3426,16.1596
2.81185,2.71697,16.1677
3.00171,3.77528,16.181
-3.18188,4.16994,16.1903
-0.230125,4.28512,16.1689
-0.118808,5.19159,16.1825
0.419883,-5.03152,16.2515
-2.18301,-4.88034,16.2031
-1.77848,-3.91039,16.1997
1.49988,-3.59557,16.227
3.21858,-3.30563,16.2515
-2.97675,-2.2133,16.1965
-2.66127,-1.99862,16.2542
-2.47472,-1.57386,16.2318
-3.391,-1.50186,16.2142
-4.95063,-1.31271,16.2262
1.27554,-0.920679,16.1995
-3.66715,-0.835595,16.2057
-1.11137,-0.825774,16.2305
-2.03156,-0.424573,16.2236
-3.70967,-0.363049,16.2393
-0.969964,-0.179793,16.2339
-5.16261,0.0852735,16.2209
4.38643,0.773141,16.2179
-5.28822,0.84841,16.2374
1.38169,1.12591,16.2179
-2.80833,1.42501,16.2058
-0.796414,1.66979,16.2099
0.677495,1.65343,16.2486
-2.35016,1.77909,16.2032
-3.79326,2.72221,16.2315
-4.49486,2.86881,16.2024
-1.58565,3.00234,16.2479
-0.524713,3.14959,16.2075
-3.87764,3.54556,16.2156
-3.26502,3.87804,16.2498
-0.402281,3.87149,16.2225
0.432979,-4.92876,16.2856
-2.05076,-4.05698,16.2841
-1.07033,-4.03931,16.2607
3.20743,-3.78602,16.2608
2.2022,-2.63412,16.2594
-2.39491,-2.18515,16.2548
3.00136,-2.20282,16.2609
0.417439,-2.10268,16.2731
0.34025,-1.42593,16.3075
3.15652,-1.44557,16.2986
-3.21755,-1.3919,16.2698
-0.970682,-1.25969,16.2948
3.53352,-1.1589,16.2754
-3.32485,-0.777333,16.2963
-0.415638,-0.620912,16.287
4.88116,-0.29563,16.2946
3.90208,0.266576,16.2887
2.12451,0.572221,16.2789
2.40528,0.569605,16.2924
-0.960094,0.695267,16.2927
-1.77165,0.824853,16.2701
1.15326,0.846453,16.2872
3.04801,0.929573,16.2859
2.79016,1.2398,16.257
4.15937,1.49505,16.3031
4.26736,1.59519,16.2992
-2.04256,1.65802,16.2903
-2.04909,1.89887,16.2984
-0.599368,2.41853,16.2684
0.327393,2.48595,16.2818
-0.436366,3.003,16.3081
-1.27279,3.29163,16.3081
3.36301,4.07374,16.2938
-0.47817,4.39575,16.2678
0.0343704,-5.3365,16.3143
-2.39244,-4.76971,16.3312
-2.81848,-4.26903,16.3509
-0.781052,-4.13354,16.3657
0.125421,-4.04846,16.3572
2.09284,-3.72057,16.343
0.0227237,-3.08309,16.3469
-1.69399,-2.90638,16.3212
-4.03248,-2.837,16.3561
1.62168,-2.41944,16.3197
2.86587,-2.29967,16.3142
-0.439946,-2.1799,16.358
2.02421,-2.1367,16.3184
2.09098,-1.87294,16.3383
-2.21228,-1.80945,16.3578
1.841,-1.30419,16.3329
-3.10236,-1.28521,16.345
-2.84968,-0.608468,16.3501
5.03037,-0.564616,16.3636
-3.82748,-0.4671,16.3387
0.389419,-0.0305533,16.3565
-0.471861,0.430206,16.3477
-1.28604,0.525758,16.3243
3.49305,0.690695,16.3683
1.31295,0.720144,16.3442
1.68275,0.900129,16.3497
-2.76774,1.57425,16.3347
-0.814728,1.87466,16.3285
0.239657,1.91066,16.3485
4.68102,1.90084,16.3296
-1.88742,2.0697,16.3646
-0.802273,2.20256,16.3302
1.8471,2.18947,16.3244
-1.62496,2.23856,16.3134
-2.09486,2.65809,16.3334
-4.02036,2.76935,16.3508
2.94408,3.15877,16.3712
3.36688,3.21964,16.3536
-0.580336,3.29098,16.3582
-2.6112,3.51547,16.3465
0.0599367,-4.64404,16.3822
-3.23669,-4.13026,16.4299
0.875482,-3.77292,16.3728
0.298901,-3.37237,16.3753
1.03065,-2.90048,16.3983
-3.69672,-2.7866,16.3914
-0.585276,-2.73686,16.4131
4.00662,-2.69759,16.4019
0.444896,-2.6256,16.4133
-1.39158,-2.21327,16.4028
-2.56506,-1.9986,16.3826
3.29132,-1.86704,16.4112
-4.59656,-1.35785,16.4079
2.67028,-0.626129,16.4275
0.474536,0.519223,16.4001
5.32299,0.570273,16.3964
5.2713,0.716224,16.3965
-1.18128,1.27646,16.373
3.05459,1.45122,16.4288
5.16008,1.46234,16.3798
0.687315,1.70909,16.424
-4.0034,1.88121,16.377
-1.0608,2.18686,16.4019
-1.87236,2.30009,16.4185
4.2733,2.40611,16.3879
-3.34292,3.56718,16.3876
0.0722138,3.69808,16.416
-1.43506,3.86497,16.416
1.03175,4.54629,16.3807
1.5017,5.00247,16.3726
-1.05402,-4.84169,16.4561
-0.0395299,-4.37831,16.4367
-1.48202,-4.24807,16.4551
1.58361,-4.24741,16.4703
1.58624,-4.10146,16.4668
1.00902,-3.48232,16.4526
3.27158,-3.51635,16.4474
3.93066,-3.33048,16.4502
1.93317,-3.29251,16.4858
1.03587,-3.17798,16.4367
-1.38508,-3.02679,16.4479
2.36907,-3.04512,16.4337
2.80366,-2.89524,16.442
4.15715,-2.78986,16.4843
-1.82421,-2.47244,16.4543
-4.41264,-1.26491,16.4385
-0.42417,-1.02405,16.457
1.60933,-0.942895,16.4783
-4.61289,-0.870907,16.4402
2.24554,-0.16602,16.4537
-2.42357,0.0944702,16.4794
-1.57927,0.256778,16.4378
4.75357,0.264636,16.4712
4.04738,0.335322,16.4796
3.57288,0.440037,16.4503
1.34765,0.907998,16.4588
-0.0359375,0.99897,16.4484
-2.72785,1.10762,16.4679
-1.39001,2.0671,16.4749
-1.22639,2.12993,16.4663
0.536818,2.29879,16.4683
-2.37762,2.359,16.4531
-3.44703,2.77591,16.4564
-0.83364,3.0076,16.4449
-0.111693,3.78317,16.4861
-2.67464,4.2904,16.4464
2.827,4.44093,16.467
0.333431,4.97434,16.4395
-0.725517,5.23614,16.4848
-0.0140866,5.2466,16.4469
1.18829,-4.45619,16.521
3.06802,-3.73756,16.5011
-2.51736,-3.29316,16.5049
-4.41341,-3.12169,16.5144
-1.47344,-3.06082,16.5159
1.00839,-2.96068,16.5008
-3.94084,-2.68253,16.4977
0.784578,-2.60464,16.5108
0.757116,-2.15369,16.5427
-1.14089,-1.98484,16.4968
4.82937,-1.83954,16.5184
-3.06573,-1.75969,16.5257
-4.25033,-1.31268,16.5216
3.35945,-0.800865,16.5278
3.27502,-0.744582,16.5034
3.86473,-0.533836,16.5035
-4.93944,-0.0841982,16.5339
-5.16261,0.0630623,16.5372
-1.44117,0.338598,16.5027
2.85687,0.465571,16.5213
3.5068,0.759434,16.5043
0.246802,1.00552,16.5016
3.53432,1.33408,16.5207
-0.45345,1.86879,16.511
3.40738,1.86291,16.5299
-4.49424,2.25756,16.5
4.75958,2.29356,16.543
-0.436394,2.53441,16.5072
1.80263,2.72422,16.5424
1.15734,3.33093,16.5242
-1.61178,3.75896,16.5113
-1.91021,4.02075,16.5072
-0.662068,4.62616,16.5168
0.0448371,-5.42351,16.5882
-0.476121,-5.16565,16.5747
-0.904135,-4.78932,16.5669
3.32983,-3.57851,16.5843
1.14449,-3.51175,16.5696
3.98498,-3.49474,16.5762
-1.37267,-3.46398,16.5679
1.30681,-3.36057,16.5718
-0.614091,-3.03004,16.6038
1.61252,-2.31731,16.5771
1.47902,-2.09413,16.5849
2.39009,-1.68442,16.6022
4.15657,-1.57512,16.5863
2.41958,-1.17326,16.569
-1.22326,-0.404892,16.576
-3.67691,0.148805,16.5703
0.861355,0.800675,16.5662
-0.620392,1.07229,16.5916
-3.66179,1.21366,16.6031
-1.50198,1.26602,16.5836
1.49755,1.39823,16.5756
-0.363811,1.42637,16.5704
4.20913,1.87731,16.5576
4.98668,2.08216,16.5533
3.94735,2.16791,16.5838
2.74638,2.35116,16.5644
2.12137,2.89242,16.5508
2.55861,3.61629,16.585
-3.30037,3.65163,16.6015
0.0480042,3.80675,16.5795
-0.483438,3.86434,16.5841
2.60577,4.1942,16.5527
-1.29888,4.76099,16.5782
-0.251023,5.05747,16.5593
2.30552,-4.11846,16.6098
-3.40552,-3.51175,16.619
-2.97355,-3.51436,16.6463
-1.92375,-3.47051,16.6351
3.84492,-3.42732,16.6191
-1.16781,-3.37692,16.6129
-4.20658,-2.98096,16.6243
4.31423,-2.77544,16.6489
1.7696,-2.26363,16.6479
0.616397,-2.21979,16.621
-3.83347,-2.10983,16.6594
-2.79348,-2.08496,16.6483
4.28614,-1.7636,16.6353
1.64921,-1.69423,16.6341
-1.14869,-0.998504,16.6553
-2.80257,-0.813289,16.6099
-1.93797,-0.413393,16.6379
-1.83324,-0.301475,16.6346
-1.45363,-0.10251,16.6401
-0.0470997,0.395554,16.6202
4.84783,0.453148,16.6137
-3.07149,0.531037,16.6541
3.64162,0.779084,16.615
-4.46029,0.892966,16.6209
-2.24615,0.98983,16.6231
-2.22846,1.27061,16.6388
-1.23032,1.94277,16.6587
-4.974,2.01149,16.6184
-1.64458,2.49451,16.6635
-4.31097,2.57435,16.6329
-4.10609,2.90814,16.6143
1.3877,3.10973,16.6607
4.27073,3.08224,16.6631
-4.07466,3.25895,16.6313
-0.19288,3.26025,16.6332
3.3885,3.44678,16.6209
1.97092,4.28388,16.6522
0.512739,4.59673,16.6616
-0.283017,-4.66364,16.7049
1.60977,-4.59296,16.6716
-2.79882,-3.82851,16.7043
2.39979,-3.75062,16.7184
1.94493,-3.55362,16.6907
2.7493,-3.49537,16.6959
-0.174281,-3.13278,16.7226
2.2048,-2.94626,16.6931
-4.08876,-2.77282,16.6708
-0.629129,-2.77936,16.7157
2.07653,-2.81144,16.6819
-3.80862,-2.5156,16.7004
4.70826,-2.35133,16.7002
3.1964,-2.12226,16.6708
-0.862084,-2.04372,16.7145
2.97127,-1.88861,16.669
0.694966,-1.70731,16.6797
-4.10113,-1.6687,16.667
-4.45454,-1.4285,16.6975
-2.36867,-1.25768,16.7024
-4.96765,-1.23477,16.6894
-5.23334,-0.717067,16.7072
4.19262,-0.698745,16.6751
4.84122,-0.668633,16.7212
-4.63707,-0.312592,16.713
-3.23319,-0.238635,16.7036
1.6238,0.197909,16.7037
4.36354,0.981988,16.7094
-1.57985,1.4506,16.7213
-2.10799,2.06909,16.6721
0.686702,2.40746,16.7077
1.45378,2.6457,16.6893
4.42322,2.98734,16.6819
3.05799,3.63594,16.7038
1.71563,3.65885,16.7044
-3.60796,3.97562,16.6872
0.29678,4.98746,16.7038
-1.06644,-4.58116,16.7583
2.55228,-3.79774,16.7545
3.8724,-3.50911,16.7573
1.57977,-2.86902,16.7361
-1.50349,-2.07709,16.7709
-4.87606,-1.93637,16.7722
-4.3217,-1.73087,16.7269
2.48503,-1.11041,16.7648
2.73179,-0.826363,16.7341
-4.07685,-0.609726,16.7386
-3.04341,-0.516787,16.7538
0.996756,-0.520715,16.7453
-3.86937,-0.41796,16.7471
-2.32932,0.0513134,16.781
-3.24037,0.150135,16.7322
-4.51661,0.36743,16.7664
-2.24356,0.523853,16.7666
0.670228,0.51927,16.7598
4.10368,0.524504,16.7434
-4.49827,0.57097,16.7241
4.23,0.63577,16.7625
1.71679,1.01603,16.7473
-3.09368,1.45192,16.7798
-0.292467,1.50493,16.7822
1.57939,1.85966,16.7275
2.84716,2.21505,16.7675
4.58876,2.31715,16.7767
-3.27819,2.3826,16.7817
-2.40445,2.43234,16.7504
-4.3895,2.6961,16.7686
-3.5458,3.66474,16.7525
0.0290939,4.98092,16.7289
1.00561,5.32453,16.724
0.703261,-5.29324,16.8349
-1.40614,-5.05762,16.8286
-1.90944,-4.9601,16.8326
-1.23394,-3.83242,16.8087
-0.262004,-3.50059,16.8196
1.76888,-3.50125,16.8227
-4.20395,-2.85265,16.7946
2.40379,-2.42527,16.8314
-2.50156,-1.79434,16.8367
-1.19717,-1.75769,16.8166
-2.66778,-1.38594,16.8208
-2.28228,-1.31788,16.7979
4.06037,-1.329,16.7905
-1.09303,-0.602519,16.799
2.22654,-0.6143,16.7973
4.62786,-0.548192,16.8339
2.10878,0.30526,16.8183
1.74751,0.449904,16.8304
0.353462,0.631848,16.7998
3.09905,0.731982,16.7834
0.110008,0.898879,16.8003
2.55782,1.36161,16.8226
0.307084,2.15943,16.8195
-1.62431,2.21048,16.7958
1.81767,2.5783,16.8379
4.23994,2.6071,16.8323
2.22806,3.03382,16.8019
4.41014,3.19941,16.8163
-1.13074,3.63464,16.7931
-0.169279,3.93244,16.8194
1.62275,4.52999,16.8331
2.23143,4.6779,16.7904
1.40419,5.17793,16.8361
-2.22424,-4.80892,16.842
-2.30145,-4.39724,16.8521
2.96786,-4.15115,16.8432
-1.39299,-3.97705,16.8937
-0.012673,-3.99538,16.8908
-1.20513,-3.58633,16.8622
3.57594,-3.16222,16.8747
-4.42124,-2.76363,16.8591
-4.79429,-2.55485,16.874
-1.15205,-2.56794,16.8831
3.62638,-2.49071,16.8531
-3.54224,-2.39057,16.8773
0.637334,-2.32709,16.8778
4.27826,-2.30614,16.8959
3.1761,-2.26033,16.8896
4.40065,-2.23938,16.898
1.77486,-1.91018,16.8885
4.66641,-1.64119,16.8443
4.0486,-1.19875,16.8984
-0.909792,-0.873466,16.8894
-1.30182,-0.636539,16.8986
2.90528,-0.0265617,16.8512
-0.219217,0.612878,16.8759
3.09515,1.13712,16.8758
1.90596,1.42248,16.851
1.76722,1.74056,16.8621
2.06176,1.91662,16.8803
1.70834,2.06453,16.8683
4.72424,2.24648,16.8608
-3.6938,2.37935,16.8878
2.31249,3.00896,16.8828
1.15409,3.74853,16.8704
1.23853,3.97368,16.88
2.61035,4.06858,16.8654
0.0611197,4.2394,16.8776
1.06512,4.40368,16.8494
0.252273,4.94428,16.8559
1.48145,-5.23759,16.9447
-1.12603,-5.22646,16.9557
-0.6266,-4.27222,16.9456
-1.36613,-3.57716,16.9126
-3.77072,-3.44036,16.946
-3.2877,-3.35398,16.9174
-3.06646,-2.92267,16.9168
-1.54607,-2.80748,16.9169
-4.2013,-2.31792,16.9144
-4.27656,-2.10455,16.934
-2.09383,-2.02275,16.906
1.4666,-1.79236,16.9202
0.291807,-1.6078,16.9309
-2.93087,-1.09075,16.9264
3.79532,-1.08224,16.9502
-2.5794,-0.995847,16.9542
4.12126,-0.98014,16.9482
0.0961572,-0.885893,16.9506
4.68545,-0.595959,16.9158
-4.21688,-0.105746,16.9222
-3.59969,0.0244983,16.9259
4.33864,0.448609,16.9397
0.0118163,0.595869,16.9396
-2.02953,0.690766,16.9086
0.298514,1.12077,16.9298
-3.18991,1.17771,16.9121
-3.09304,1.35376,16.9035
3.72938,1.64174,16.914
5.16794,1.61687,16.9151
-2.29255,2.07697,16.9062
-0.48811,2.33419,16.94
-1.67271,2.78775,16.9202
0.522469,3.13005,16.9235
1.76076,3.17652,16.9081
-3.42144,3.84803,16.9325
-3.12363,4.13076,16.9301
-3.10137,4.26035,16.9248
2.51415,4.31926,16.9271
-2.11633,4.77216,16.9168
-1.18761,4.80751,16.937
1.69804,4.88473,16.9029
-2.21376,-4.61321,16.9664
-2.08678,-4.55757,17.0074
-0.701173,-3.60922,16.9635
-3.8833,-3.55882,16.9813
-3.6071,-3.50908,16.9887
0.35126,-3.37491,16.974
0.895811,-3.10264,16.987
1.60594,-2.96585,17.0007
3.60345,-2.7322,16.9737
4.75601,-2.6661,16.9803
3.16496,-2.54633,16.9605
3.34889,-2.22301,16.9668
-3.5985,-2.03059,17.0112
1.96794,-1.8938,16.9954
2.31155,-1.84013,17.0065
-2.87328,-1.13525,17.0005
-4.79812,-1.00239,16.9869
-0.884924,-0.925155,17.005
3.91839,-0.639799,16.9959
-2.78095,-0.478792,17.0153
0.68064,-0.487958,16.9966
-2.2868,-0.308626,17.0045
-0.356712,-0.25823,17.0078
0.340983,-0.100503,16.9755
-3.33723,0.141007,16.9997
2.71091,0.212348,17.014
2.63564,0.279103,16.9893
-4.46751,0.482648,16.9808
1.19712,1.02653,16.9715
-4.92496,1.23008,17.0025
-3.03342,2.38655,16.964
1.997,2.60385,17.0172
-1.98294,2.75831,16.979
-0.965201,2.86761,16.9878
-3.25392,3.28386,16.9672
-0.893151,3.81007,16.9972
-2.62098,4.15826,17.0014
0.23654,4.5215,16.9782
1.83284,4.57844,17.0033
-1.73273,-4.92408,17.0363
-1.57825,-4.59684,17.0287
-1.1423,-3.55423,17.0493
1.04109,-3.46719,17.0294
3.15708,-2.96912,17.0665
4.60746,-2.38008,17.0228
4.45826,-2.03189,17.0277
2.69704,-1.91016,17.0506
1.55889,-1.78908,17.049
3.20951,-1.77664,17.0454
1.32133,-1.33355,17.0472
4.38371,-0.978819,17.0342
-0.141401,-0.533763,17.0643
1.63361,0.0664036,17.0634
1.85025,0.16981,17.0447
-2.45954,0.551374,17.0192
-0.437153,0.762777,17.0374
-1.71406,0.862918,17.0679
-4.7777,1.27459,17.0498
0.496194,1.52918,17.0329
1.02505,1.97424,17.0603
-3.83977,2.00172,17.02
-1.22638,2.15292,17.0693
-4.29721,2.79366,17.0668
-4.40978,2.85126,17.0759
-1.64974,3.80354,17.054
-0.118886,3.88208,17.0761
-3.4018,3.94556,17.0532
2.75695,3.99792,17.0359
-0.376703,4.74534,17.0409
-3.24782,-4.11512,17.0967
2.41155,-4.02284,17.0814
0.762295,-3.10132,17.1304
-2.02844,-2.95406,17.11
2.65117,-2.70797,17.1234
-0.242314,-2.57969,17.0773
-4.56455,-2.43374,17.0928
-3.82759,-2.37288,17.0786
-4.0226,-1.86957,17.1151
0.251873,-1.77401,17.1263
-0.665063,-1.7138,17.1163
-3.95514,-1.09858,17.1273
-4.5363,-0.642401,17.116
-2.28028,-0.605094,17.1294
0.29188,-0.366206,17.1208
0.221857,-0.241199,17.1214
-0.147272,-0.198656,17.1308
-4.0382,-0.0952482,17.1169
-1.56485,0.485286,17.1334
-0.157018,0.993823,17.1296
4.01606,1.91861,17.1023
-1.54576,2.44875,17.1152
1.54542,2.85191,17.1019
-1.77805,3.26031,17.0847
-0.737408,3.38598,17.1163
3.0462,3.53651,17.0976
-3.1145,3.62487,17.1116
-3.52747,3.76885,17.0795
-0.18235,4.23551,17.131
2.87019,4.30292,17.1016
-0.00167458,4.85531,17.1151
0.238575,-5.26571,17.1671
0.997149,-4.91752,17.1448
2.06336,-4.0765,17.1895
2.00187,-3.65174,17.1356
-0.90074,-2.73545,17.1547
-2.78108,-2.56725,17.1393
0.624888,-2.50442,17.1741
3.54195,-2.41868,17.1858
0.290451,-2.38792,17.1757
0.599389,-2.07572,17.1893
3.83062,-1.70201,17.1739
-3.84326,-1.61889,17.1511
4.04597,-1.39506,17.1538
-4.22021,-1.08417,17.1845
-1.53678,-0.70915,17.1889
-0.28736,-0.667923,17.1409
-4.63186,-0.60705,17.1867
-4.46496,-0.552729,17.1697
4.48063,0.0271452,17.147
-2.12316,0.1299,17.1505
4.86156,0.300722,17.1468
1.10873,0.387117,17.1709
-1.27227,0.917249,17.1361
-2.89802,0.991213,17.1884
-1.37372,0.946705,17.1674
-0.706774,1.24122,17.1572
2.51659,1.289,17.1479
0.147357,1.63326,17.1381
4.32368,2.13657,17.1685
3.71044,2.38004,17.1843
-3.02746,3.48416,17.1569
0.235183,3.7165,17.1509
-3.47511,3.86049,17.1899
-1.59147,4.24664,17.1672
1.84658,4.46131,17.1889
-2.42395,4.75256,17.1659
1.92194,-5.00391,17.2009
2.35588,-4.80494,17.2029
-2.28374,-3.75841,17.1961
1.1026,-3.55748,17.2048
1.07906,-3.20864,17.2095
3.43261,-3.20079,17.1998
1.25123,-2.53975,17.2036
3.17941,-1.69023,17.2086
2.23826,-1.56129,17.1944
0.0444615,-0.735982,17.2044
-4.9231,-0.485311,17.2174
0.377696,0.939513,17.22
-1.13672,2.11236,17.2207
-1.22178,2.48934,17.1985
1.74177,2.85324,17.216
-3.74414,3.17525,17.2174
1.3773,4.34285,17.1997
2.26154,4.72966,17.218
-6.0,-6.0,-2.0
-6.0,-6.0,-2.0
-6.0,-6.0,-2.0
-6.0,-6.0,-2.0
-6.0,-6.0,-2.0
-6.0,-6.0,-2.0
-6.0,-6.0,-2.0
-6.0,-6.0,-2.0
-6.0,-6.0,-2.0
-6.0,-6.0,-2.0
-6.0,-6.0,-2.0
-6.0,-6.0,-2.0
-6.0,-6.0,-2.0
-6.0,-6.0,-2.0
-6.0,-6.0,-2.0
-6.0,-6.0,-2.0
-6.0,-6.0,-2.0
-6.0,-6.0,-2.0
-6.0,-6.0,-2.0
-6.0,-6.0,-2.0
-6.0,-6.0,-2.0
-6.0,-6.0,-2.0
-6.0,-6.0,-2.0
-6.0,-6.0,-2.0
-6.0,-6.0,-2.0
-6.0,-6.0,-2.0
-6.0,-6.0,-2.0
-6.0,-6.0,-2.0
-6.0,-6.0,-2.0
-6.0,-6.0,-2.0
-6.0,-6.0,-2.0
-6.0,-6.0,-2.0
-6.0,-6.0,-2.0
-6.0,-6.0,-2.0
-6.0,-6.0,-2.0
-6.0,-6.0,-2.0
-6.0,-6.0,-2.0
-6.0,-6.0,-2.0
-6.0,-6.0,-2.0
-6.0,-6.0,-2.0
-6.0,-6.0,-2.0
-6.0,-6.0,-2.0
-6.0,-6.0,-2.0
-6.0,-6.0,-2.0
-6.0,-6.0,-2.0
-6.0,-6.0,-2.0
-6.0,-6.0,-2.0
-6.0,-6.0,-2.0
-6.0,-6.0,-2.0
-6.0,-6.0,-2.0
-6.0,-6.0,-2.0
-6.0,-6.0,-2.0
-6.0,-6.0,-2.0
-6.0,-6.0,-2.0
-6.0,-6.0,-2.0
-6.0,-6.0,-2.0
-6.0,-6.0,-2.0
-6.0,-6.0,-2.0
-6.0,-6.0,-2.0
-6.0,-6.0,-2.0
-6.0,-6.0,-2.0
-6.0,-6.0,-2.0
-6.0,-6.0,-2.0
-6.0,-6.0,-2.0
-6.0,-6.0,-2.0
-6.0,-6.0,-2.0
-6.0,-6.0,-2.0
-6.0,-6.0,-2.0
-6.0,-6.0,-2.0
-6.0,-6.0,-2.0
-6.0,-6.0,-2.0
-6.0,-6.0,-2.0
-6.0,-6.0,-2.0
-6.0,-6.0,-2.0
-6.0,-6.0,-2.0
-6.0,-6.0,-2.0
-6.0,-6.0,-2.0
-6.0,-6.0,-2.0
-6.0,-6.0,-2.0
-6.0,-6.0,-2.0
-6.0,-6.0,-2.0
-6.0,-6.0,-2.0
-6.0,-6.0,-2.0
-6.0,-6.0,-2.0
-6.0,-6.0,-2.0
-6.0,-6.0,-2.0
-6.0,-6.0,-2.0
-6.0,-6.0,-2.0
-6.0,-6.0,-2.0
-6.0,-6.0,-2.0
-6.0,-6.0,-2.0
-6.0,-6.0,-2.0
-6.0,-6.0,-2.0
-6.0,-6.0,-2.0
-6.0,-6.0,-2.0
-6.0,-6.0,-2.0
-6.0,-6.0,-2.0
-6.0,-6.0,-2.0
-6.0,-6.0,-2.0
-6.0,-6.0,-2.0
-6.0,-6.0,-2.0
-6.0,-6.0,-2.0
-6.0,-6.0,-2.0
-6.0,-6.0,-2.0
-6.0,-6.0,-2.0
-6.0,-6.0,-2.0
-6.0,-6.0,-2.0
-6.0,-6.0,-2.0
-6.0,-6.0,-2.0
-6.0,-6.0,-2.0
-6.0,-6.0,-2.0
-6.0,-6.0,-2.0
-6.0,-6.0,-2.0
-6.0,-6.0,-2.0
-6.0,-6.0,-2.0
-6.0,-6.0,-2.0
-6.0,-6.0,-2.0
-6.0,-6.0,-2.0
-6.0,-6.0,-2.0
-6.0,-6.0,-2.0
-6.0,-6.0,-2.0
-6.0,-6.0,-2.0
-6.0,-6.0,-2.0
-6.0,-6.0,-2.0
-6.0,-6.0,-2.0
-6.0,-6.0,-2.0
-6.0,-6.0,-2.0
-6.0,-6.0,-2.0
-6.0,-6.0,-2.0
-6.0,-6.0,-2.0
-6.0,-6.0,-2.0
-6.0,-6.0,-2.0
-6.0,-6.0,-2.0
-6.0,-6.0,-2.0
-6.0,-6.0,-2.0
-6.0,-6.0,-2.0
-6.0,-6.0,-2.0
-6.0,-6.0,-2.0
-6.0,-6.0,-2.0
-6.0,-6.0,-2.0
-6.0,-6.0,-2.0
-6.0,-6.0,-2.0
-6.0,-6.0,-2.0
-6.0,-6.0,-2.0
-6.0,-6.0,-2.0
-6.0,-6.0,-2.0
-6.0,-6.0,-2.0
-6.0,-6.0,-2.0
-6.0,-6.0,-2.0
-6.0,-6.0,-2.0
-6.0,-6.0,-2.0
-6.0,-6.0,-2.0
-6.0,-6.0,-2.0
-6.0,-6.0,-2.0
-6.0,-6.0,-2.0
-6.0,-6.0,-2.0
-6.0,-6.0,-2.0
-6.0,-6.0,-2.0
-6.0,-6.0,-2.0
-6.0,-6.0,-2.0
-6.0,-6.0,-2.0
-6.0,-6.0,-2.0
-6.0,-6.0,-2.0
-6.0,-6.0,-2.0
-6.0,-6.0,-2.0
-6.0,-6.0,-2.0
-6.0,-6.0,-2.0
-6.0,-6.0,-2.0
-6.0,-6.0,-2.0
-6.0,-6.0,-2.0
-6.0,-6.0,-2.0
-6.0,-6.0,-2.0
-6.0,-6.0,-2.0
-6.0,-6.0,-2.0
-6.0,-6.0,-2.0
-6.0,-6.0,-2.0
-6.0,-6.0,-2.0
-6.0,-6.0,-2.0
-6.0,-6.0,-2.0
-6.0,-6.0,-2.0
-6.0,-6.0,-2.0
-6.0,-6.0,-2.0
-6.0,-6.0,-2.0
-6.0,-6.0,-2.0
-6.0,-6.0,-2.0
-6.0,-6.0,-2.0
-6.0,-6.0,-2.0
-6.0,-6.0,-2.0
-6.0,-6.0,-2.0
-6.0,-6.0,-2.0
-6.0,-6.0,-2.0
-6.0,-6.0,-2.0
-6.0,-6.0,-2.0
-6.0,-6.0,-2.0
-6.0,-6.0,-2.0
-6.0,-6.0,-2.0
-6.0,-6.0,-2.0
-6.0,-6.0,-2.0
-6.0,-6.0,-2.0
-6.0,-6.0,-2.0
-6.0,-6.0,-2.0
-6.0,-6.0,-2.0
-6.0,-6.0,-2.0
-6.0,-6.0,-2.0
-6.0,-6.0,-2.0
-6.0,-6.0,-2.0
-6.0,-6.0,-2.0
-6.0,-6.0,-2.0
-6.0,-6.0,-2.0
-6.0,-6.0,-2.0
-6.0,-6.0,-2.0
-6.0,-6.0,-2.0
-6.0,-6.0,-2.0
-6.0,-6.0,-2.0
-6.0,-6.0,-2.0
-6.0,-6.0,-2.0
-6.0,-6.0,-2.0
-6.0,-6.0,-2.0
-6.0,-6.0,-2.0
-6.0,-6.0,-2.0
-6.0,-6.0,-2.0
-6.0,-6.0,-2.0
-6.0,-6.0,-2.0
-6.0,-6.0,-2.0
-6.0,-6.0,-2.0
-6.0,-6.0,-2.0
-6.0,-6.0,-2.0
-6.0,-6.0,-2.0
-6.0,-6.0,-2.0
-6.0,-6.0,-2.0
-6.0,-6.0,-2.0
-6.0,-6.0,-2.0
-6.0,-6.0,-2.0
-6.0,-6.0,-2.0
-6.0,-6.0,-2.0
-6.0,-6.0,-2.0
-6.0,-6.0,-2.0
-6.0,-6.0,-2.0
-6.0,-6.0,-2.0
-6.0,-6.0,-2.0
-6.0,-6.0,-2.0
-6.0,-6.0,-2.0
-6.0,-6.0,-2.0
-6.0,-6.0,-2.0
-6.0,-6.0,-2.0
-6.0,-6.0,-2.0
-6.0,-6.0,-2.0
-6.0,-6.0,-2.0
-6.0,-6.0,-2.0
-6.0,-6.0,-2.0
-6.0,-6.0,-2.0
-6.0,-6.0,-2.0
-6.0,-6.0,-2.0
-6.0,-6.0,-2.0
-6.0,-6.0,-2.0
-6.0,-6.0,-2.0
-6.0,-6.0,-2.0
-6.0,-6.0,-2.0
-6.0,-6.0,-2.0
-6.0,-6.0,-2.0
-6.0,-6.0,-2.0
-6.0,-6.0,-2.0
-6.0,-6.0,-2.0
-6.0,-6.0,-2.0
-6.0,-6.0,-2.0
-6.0,-6.0,-2.0
-6.0,-6.0,-2.0
-6.0,-6.0,-2.0
-6.0,-6.0,-2.0
-6.0,-6.0,-2.0
-6.0,-6.0,-2.0
-6.0,-6.0,-2.0
-6.0,-6.0,-2.0
-6.0,-6.0,-2.0
-6.0,-6.0,-2.0
-6.0,-6.0,-2.0
-6.0,-6.0,-2.0
-6.0,-6.0,-2.0
-6.0,-6.0,-2.0
-6.0,-6.0,-2.0
-6.0,-6.0,-2.0
-6.0,-6.0,-2.0
-6.0,-6.0,-2.0
-6.0,-6.0,-2.0
-6.0,-6.0,-2.0
-6.0,-6.0,-2.0
-6.0,-6.0,-2.0
-6.0,-6.0,-2.0
-6.0,-6.0,-2.0
-6.0,-6.0,-2.0
-6.0,-6.0,-2.0
-6.0,-6.0,-2.0
-6.0,-6.0,-2.0
-6.0,-6.0,-2.0
-6.0,-6.0,-2.0
-6.0,-6.0,-2.0
-6.0,-6.0,-2.0
-6.0,-6.0,-2.0
-6.0,-6.0,-2.0
-6.0,-6.0,-2.0
-6.0,-6.0,-2.0
-6.0,-6.0,-2.0
-6.0,-6.0,-2.0
-6.0,-6.0,-2.0
-6.0,-6.0,-2.0
-6.0,-6.0,-2.0
-6.0,-6.0,-2.0
-6.0,-6.0,-2.0
-6.0,-6.0,-2.0
-6.0,-6.0,-2.0
-6.0,-6.0,-2.0
-6.0,-6.0,-2.0
-6.0,-6.0,-2.0
-6.0,-6.0,-2.0
-6.0,-6.0,-2.0
-6.0,-6.0,-2.0
-6.0,-6.0,-2.0
-6.0,-6.0,-2.0
-6.0,-6.0,-2.0
-6.0,-6.0,-2.0
-6.0,-6.0,-2.0
-6.0,-6.0,-2.0
-6.0,-6.0,-2.0
-6.0,-6.0,-2.0
-6.0,-6.0,-2.0
-6.0,-6.0,-2.0
-6.0,-6.0,-2.0
-6.0,-6.0,-2.0
-6.0,-6.0,-2.0
-6.0,-6.0,-2.0
-6.0,-6.0,-2.0
-6.0,-6.0,-2.0
-6.0,-6.0,-2.0
-6.0,-6.0,-2.0
-6.0,-6.0,-2.0
-6.0,-6.0,-2.0
-6.0,-6.0,-2.0
-6.0,-6.0,-2.0
-6.0,-6.0,-2.0
-6.0,-6.0,-2.0
-6.0,-6.0,-2.0
-6.0,-6.0,-2.0
-6.0,-6.0,-2.0
-6.0,-6.0,-2.0
-6.0,-6.0,-2.0
-6.0,-6.0,-2.0
-6.0,-6.0,-2.0
-6.0,-6.0,-2.0
-6.0,-6.0,-2.0
-6.0,-6.0,-2.0
-6.0,-6.0,-2.0
-6.0,-6.0,-2.0
-6.0,-6.0,-2.0
-6.0,-6.0,-2.0
-6.0,-6.0,-2.0
-6.0,-6.0,-2.0
-6.0,-6.0,-2.0
-6.0,-6.0,-2.0
-6.0,-6.0,-2.0
-6.0,-6.0,-2.0
-6.0,-6.0,-2.0
-6.0,-6.0,-2.0
-6.0,-6.0,-2.0
-6.0,-6.0,-2.0
-6.0,-6.0,-2.0
-6.0,-6.0,-2.0
-6.0,-6.0,-2.0
-6.0,-6.0,-2.0
-6.0,-6.0,-2.0
-6.0,-6.0,-2.0
-6.0,-6.0,-2.0
-6.0,-6.0,-2.0
-6.0,-6.0,-2.0
-6.0,-6.0,-2.0
-6.0,-6.0,-2.0
-6.0,-6.0,-2.0
-6.0,-6.0,-2.0
-6.0,-6.0,-2.0
-6.0,-6.0,-2.0
-6.0,-6.0,-2.0
-6.0,-6.0,-2.0
-6.0,-6.0,-2.0
-6.0,-6.0,-2.0
-6.0,-6.0,-2.0
-6.0,-6.0,-2.0
-6.0,-6.0,-2.0
-6.0,-6.0,-2.0
-6.0,-6.0,-2.0
-6.0,-6.0,-2.0
-6.0,-6.0,-2.0
-6.0,-6.0,-2.0
-6.0,-6.0,-2.0
-6.0,-6.0,-2.0
-6.0,-6.0,-2.0
-6.0,-6.0,-2.0
-6.0,-6.0,-2.0
-6.0,-6.0,-2.0
-6.0,-6.0,-2.0
-6.0,-6.0,-2.0
-6.0,-6.0,-2.0
-6.0,-6.0,-2.0
-6.0,-6.0,-2.0
-6.0,-6.0,-2.0
-6.0,-6.0,-2.0
-6.0,-6.0,-2.0
-6.0,-6.0,-2.0
-6.0,-6.0,-2.0
-6.0,-6.0,-2.0
-6.0,-6.0,-2.0
-6.0,-6.0,-2.0
-6.0,-6.0,-2.0
-6.0,-6.0,-2.0
-6.0,-6.0,-2.0
-6.0,-6.0,-2.0
-6.0,-6.0,-2.0
-6.0,-6.0,-2.0
-6.0,-6.0,-2.0
-6.0,-6.0,-2.0
-6.0,-6.0,-2.0
-6.0,-6.0,-2.0
-6.0,-6.0,-2.0
-6.0,-6.0,-2.0
-6.0,-6.0,-2.0
-6.0,-6.0,-2.0
-6.0,-6.0,-2.0
-6.0,-6.0,-2.0
-6.0,-6.0,-2.0
-6.0,-6.0,-2.0
-6.0,-6.0,-2.0
-6.0,-6.0,-2.0
-6.0,-6.0,-2.0
-6.0,-6.0,-2.0
-6.0,-6.0,-2.0
-6.0,-6.0,-2.0
-6.0,-6.0,-2.0
-6.0,-6.0,-2.0
-6.0,-6.0,-2.0
-6.0,-6.0,-2.0
-6.0,-6.0,-2.0
-6.0,-6.0,-2.0
-6.0,-6.0,-2.0
-6.0,-6.0,-2.0
-6.0,-6.0,-2.0
-6.0,-6.0,-2.0
-6.0,-6.0,-2.0
-6.0,-6.0,-2.0
-6.0,-6.0,-2.0
-6.0,-6.0,-2.0
-6.0,-6.0,-2.0
-6.0,-6.0,-2.0
-6.0,-6.0,-2.0
-6.0,-6.0,-2.0
-6.0,-6.0,-2.0
-6.0,-6.0,-2.0
-6.0,-6.0,-2.0
-6.0,-6.0,-2.0
-6.0,-6.0,-2.0
-6.0,-6.0,-2.0
-6.0,-6.0,-2.0
-6.0,-6.0,-2.0
-6.0,-6.0,-2.0
-6.0,-6.0,-2.0
-6.0,-6.0,-2.0
-6.0,-6.0,-2.0
-6.0,-6.0,-2.0
-6.0,-6.0,-2.0
-6.0,-6.0,-2.0
-6.0,-6.0,-2.0
-6.0,-6.0,-2.0
-6.0,-6.0,-2.0
-6.0,-6.0,-2.0
-6.0,-6.0,-2.0
-6.0,-6.0,-2.0
-6.0,-6.0,-2.0
-6.0,-6.0,-2.0
-6.0,-6.0,-2.0
-6.0,-6.0,-2.0
-6.0,-6.0,-2.0
-6.0,-6.0,-2.0
-6.0,-6.0,-2.0
-6.0,-6.0,-2.0
-6.0,-6.0,-2.0
-6.0,-6.0,-2.0
-6.0,-6.0,-2.0
-6.0,-6.0,-2.0
-6.0,-6.0,-2.0
-6.0,-6.0,-2.0
-6.0,-6.0,-2.0
-6.0,-6.0,-2.0
-6.0,-6.0,-2.0
-6.0,-6.0,-2.0
-6.0,-6.0,-2.0
-6.0,-6.0,-2.0
-6.0,-6.0,-2.0
-6.0,-6.0,-2.0
-6.0,-6.0,-2.0
-6.0,-6.0,-2.0
-6.0,-6.0,-2.0
-6.0,-6.0,-2.0
-6.0,-6.0,-2.0
-6.0,-6.0,-2.0
-6.0,-6.0,-2.0
-6.0,-6.0,-2.0
-6.0,-6.0,-2.0
-6.0,-6.0,-2.0
-6.0,-6.0,-2.0
-6.0,-6.0,-2.0
-6.0,-6.0,-2.0
-6.0,-6.0,-2.0
-6.0,-6.0,-2.0
-6.0,-6.0,-2.0
-6.0,-6.0,-2.0
-6.0,-6.0,-2.0
-6.0,-6.0,-2.0
-6.0,-6.0,-2.0
-6.0,-6.0,-2.0
-6.0,-6.0,-2.0
-6.0,-6.0,-2.0
-6.0,-6.0,-2.0
-6.0,-6.0,-2.0
-6.0,-6.0,-2.0
-6.0,-6.0,-2.0
-6.0,-6.0,-2.0
-6.0,-6.0,-2.0
-6.0,-6.0,-2.0
-6.0,-6.0,-2.0
-6.0,-6.0,-2.0
-6.0,-6.0,-2.0
-6.0,-6.0,-2.0
-6.0,-6.0,-2.0
-6.0,-6.0,-2.0
-6.0,-6.0,-2.0
-6.0,-6.0,-2.0
-6.0,-6.0,-2.0
-6.0,-6.0,-2.0
-6.0,-6.0,-2.0
-6.0,-6.0,-2.0
-6.0,-6.0,-2.0
-6.0,-6.0,-2.0
-6.0,-6.0,-2.0
-6.0,-6.0,-2.0
-6.0,-6.0,-2.0
-6.0,-6.0,-2.0
-6.0,-6.0,-2.0
-6.0,-6.0,-2.0
-6.0,-6.0,-2.0
-6.0,-6.0,-2.0
-6.0,-6.0,-2.0
-6.0,-6.0,-2.0
-6.0,-6.0,-2.0
-6.0,-6.0,-2.0
-6.0,-6.0,-2.0
-6.0,-6.0,-2.0
-6.0,-6.0,-2.0
-6.0,-6.0,-2.0
-6.0,-6.0,-2.0
-6.0,-6.0,-2.0
-6.0,-6.0,-2.0
-6.0,-6.0,-2.0
-6.0,-6.0,-2.0
-6.0,-6.0,-2.0
-6.0,-6.0,-2.0
-6.0,-6.0,-2.0
-6.0,-6.0,-2.0
-6.0,-6.0,-2.0
-6.0,-6.0,-2.0
-6.0,-6.0,-2.0
-6.0,-6.0,-2.0
-6.0,-6.0,-2.0
-6.0,-6.0,-2.0
-6.0,-6.0,-2.0
-6.0,-6.0,-2.0
-6.0,-6.0,-2.0
-6.0,-6.0,-2.0
-6.0,-6.0,-2.0
-6.0,-6.0,-2.0
-6.0,-6.0,-2.0
-6.0,-6.0,-2.0
-6.0,-6.0,-2.0
-6.0,-6.0,-2.0
-6.0,-6.0,-2.0
-6.0,-6.0,-2.0
-6.0,-6.0,-2.0
-6.0,-6.0,-2.0
-6.0,-6.0,-2.0
-6.0,-6.0,-2.0
-6.0,-6.0,-2.0
-6.0,-6.0,-2.0
-6.0,-6.0,-2.0
-6.0,-6.0,-2.0
-6.0,-6.0,-2.0
-6.0,-6.0,-2.0
-6.0,-6.0,-2.0
-6.0,-6.0,-2.0
-6.0,-6.0,-2.0
-6.0,-6.0,-2.0
-6.0,-6.0,-2.0
-6.0,-6.0,-2.0
-6.0,-6.0,-2.0
-6.0,-6.0,-2.0
-6.0,-6.0,-2.0
-6.0,-6.0,-2.0
-6.0,-6.0,-2.0
-6.0,-6.0,-2.0
-6.0,-6.0,-2.0
-6.0,-6.0,-2.0
-6.0,-6.0,-2.0
-6.0,-6.0,-2.0
-6.0,-6.0,-2.0
-6.0,-6.0,-2.0
-6.0,-6.0,-2.0
-6.0,-6.0,-2.0
-6.0,-6.0,-2.0
-6.0,-6.0,-2.0
-6.0,-6.0,-2.0
-6.0,-6.0,-2.0
-6.0,-6.0,-2.0
-6.0,-6.0,-2.0
-6.0,-6.0,-2.0
-6.0,-6.0,-2.0
-6.0,-6.0,-2.0
-6.0,-6.0,-2.0
-6.0,-6.0,-2.0
-6.0,-6.0,-2.0
-6.0,-6.0,-2.0
-6.0,-6.0,-2.0
-6.0,-6.0,-2.0
-6.0,-6.0,-2.0
-6.0,-6.0,-2.0
-6.0,-6.0,-2.0
-6.0,-6.0,-2.0
-6.0,-6.0,-2.0
-6.0,-6.0,-2.0
-6.0,-6.0,-2.0
-6.0,-6.0,-2.0
-6.0,-6.0,-2.0
-6.0,-6.0,-2.0
-6.0,-6.0,-2.0
-6.0,-6.0,-2.0
-6.0,-6.0,-2.0
-6.0,-6.0,-2.0
-6.0,-6.0,-2.0
-6.0,-6.0,-2.0
-6.0,-6.0,-2.0
-6.0,-6.0,-2.0
-6.0,-6.0,-2.0
-6.0,-6.0,-2.0
-6.0,-6.0,-2.0
-6.0,-6.0,-2.0
-6.0,-6.0,-2.0
-6.0,-6.0,-2.0
-6.0,-6.0,-2.0
-6.0,-6.0,-2.0
-6.0,-6.0,-2.0
-6.0,-6.0,-2.0
-6.0,-6.0,-2.0
-6.0,-6.0,-2.0
-6.0,-6.0,-2.0
-6.0,-6.0,-2.0
-6.0,-6.0,-2.0
-6.0,-6.0,-2.0
-6.0,-6.0,-2.0
-6.0,-6.0,-2.0
-6.0,-6.0,-2.0
-6.0,-6.0,-2.0
-6.0,-6.0,-2.0
-6.0,-6.0,-2.0
-6.0,-6.0,-2.0
-6.0,-6.0,-2.0
-6.0,-6.0,-2.0
-6.0,-6.0,-2.0
-6.0,-6.0,-2.0
-6.0,-6.0,-2.0
-6.0,-6.0,-2.0
-6.0,-6.0,-2.0
-6.0,-6.0,-2.0
-6.0,-6.0,-2.0
-6.0,-6.0,-2.0
-6.0,-6.0,-2.0
-6.0,-6.0,-2.0
-6.0,-6.0,-2.0
-6.0,-6.0,-2.0
-6.0,-6.0,-2.0
-6.0,-6.0,-2.0
-6.0,-6.0,-2.0
-6.0,-6.0,-2.0
-6.0,-6.0,-2.0
-6.0,-6.0,-2.0
-6.0,-6.0,-2.0
-6.0,-6.0,-2.0
-6.0,-6.0,-2.0
-6.0,-6.0,-2.0
-6.0,-6.0,-2.0
-6.0,-6.0,-2.0
-6.0,-6.0,-2.0
-6.0,-6.0,-2.0
-6.0,-6.0,-2.0
-6.0,-6.0,-2.0
-6.0,-6.0,-2.0
-6.0,-6.0,-2.0
-6.0,-6.0,-2.0
-6.0,-6.0,-2.0
-6.0,-6.0,-2.0
-6.0,-6.0,-2.0
-6.0,-6.0,-2.0
-6.0,-6.0,-2.0
-6.0,-6.0,-2.0
-6.0,-6.0,-2.0
-6.0,-6.0,-2.0
-6.0,-6.0,-2.0
-6.0,-6.0,-2.0
-6.0,-6.0,-2.0
-6.0,-6.0,-2.0
-6.0,-6.0,-2.0
-6.0,-6.0,-2.0
-6.0,-6.0,-2.0
-6.0,-6.0,-2.0
-6.0,-6.0,-2.0
-6.0,-6.0,-2.0
-6.0,-6.0,-2.0
-6.0,-6.0,-2.0
-6.0,-6.0,-2.0
-6.0,-6.0,-2.0
-6.0,-6.0,-2.0
-6.0,-6.0,-2.0
-6.0,-6.0,-2.0
-6.0,-6.0,-2.0
-6.0,-6.0,-2.0
-6.0,-6.0,-2.0
-6.0,-6.0,-2.0
-6.0,-6.0,-2.0
-6.0,-6.0,-2.0
-6.0,-6.0,-2.0
-6.0,-6.0,-2.0
-6.0,-6.0,-2.0
-6.0,-6.0,-2.0
-6.0,-6.0,-2.0
-6.0,-6.0,-2.0
-6.0,-6.0,-2.0
-6.0,-6.0,-2.0
-6.0,-6.0,-2.0
-6.0,-6.0,-2.0
-6.0,-6.0,-2.0
-6.0,-6.0,-2.0
-6.0,-6.0,-2.0
-6.0,-6.0,-2.0
-6.0,-6.0,-2.0
-6.0,-6.0,-2.0
-6.0,-6.0,-2.0
-6.0,-6.0,-2.0
-6.0,-6.0,-2.0
-6.0,-6.0,-2.0
-6.0,-6.0,-2.0
-6.0,-6.0,-2.0
-6.0,-6.0,-2.0
-6.0,-6.0,-2.0
-6.0,-6.0,-2.0
-6.0,-6.0,-2.0
-6.0,-6.0,-2.0
-6.0,-6.0,-2.0
-6.0,-6.0,-2.0
-6.0,-6.0,-2.0
-6.0,-6.0,-2.0
-6.0,-6.0,-2.0
-6.0,-6.0,-2.0
-6.0,-6.0,-2.0
-6.0,-6.0,-2.0
-6.0,-6.0,-2.0
-6.0,-6.0,-2.0
-6.0,-6.0,-2.0
-6.0,-6.0,-2.0
-6.0,-6.0,-2.0
-6.0,-6.0,-2.0
-6.0,-6.0,-2.0
-6.0,-6.0,-2.0
-6.0,-6.0,-2.0
-6.0,-6.0,-2.0
-6.0,-6.0,-2.0
-6.0,-6.0,-2.0
-6.0,-6.0,-2.0
-6.0,-6.0,-2.0
-6.0,-6.0,-2.0
-6.0,-6.0,-2.0
-6.0,-6.0,-2.0
-6.0,-6.0,-2.0
-6.0,-6.0,-2.0
-6.0,-6.0,-2.0
-6.0,-6.0,-2.0
-6.0,-6.0,-2.0
-6.0,-6.0,-2.0
-6.0,-6.0,-2.0
-6.0,-6.0,-2.0
-6.0,-6.0,-2.0
-6.0,-6.0,-2.0
-6.0,-6.0,-2.0
-6.0,-6.0,-2.0
-6.0,-6.0,-2.0
-6.0,-6.0,-2.0
-6.0,-6.0,-2.0
-6.0,-6.0,-2.0
-6.0,-6.0,-2.0
-6.0,-6.0,-2.0
-6.0,-6.0,-2.0
-6.0,-6.0,-2.0
-6.0,-6.0,-2.0
-6.0,-6.0,-2.0
-6.0,-6.0,-2.0
-6.0,-6.0,-2.0
-6.0,-6.0,-2.0
-6.0,-6.0,-2.0
-6.0,-6.0,-2.0
-6.0,-6.0,-2.0
-6.0,-6.0,-2.0
-6.0,-6.0,-2.0
-6.0,-6.0,-2.0
-6.0,-6.0,-2.0
-6.0,-6.0,-2.0
-6.0,-6.0,-2.0
-6.0,-6.0,-2.0
-6.0,-6.0,-2.0
-6.0,-6.0,-2.0
-6.0,-6.0,-2.0
-6.0,-6.0,-2.0
-6.0,-6.0,-2.0
-6.0,-6.0,-2.0
-6.0,-6.0,-2.0
-6.0,-6.0,-2.0
-6.0,-6.0,-2.0
-6.0,-6.0,-2.0
-6.0,-6.0,-2.0
-6.0,-6.0,-2.0
-6.0,-6.0,-2.0
-6.0,-6.0,-2.0
-6.0,-6.0,-2.0
-6.0,-6.0,-2.0
-6.0,-6.0,-2.0
-6.0,-6.0,-2.0
-6.0,-6.0,-2.0
-6.0,-6.0,-2.0
-6.0,-6.0,-2.0
-6.0,-6.0,-2.0
-6.0,-6.0,-2.0
-6.0,-6.0,-2.0
-6.0,-6.0,-2.0
-6.0,-6.0,-2.0
-6.0,-6.0,-2.0
-6.0,-6.0,-2.0
-6.0,-6.0,-2.0
-6.0,-6.0,-2.0
-6.0,-6.0,-2.0
-6.0,-6.0,-2.0
-6.0,-6.0,-2.0
-6.0,-6.0,-2.0
-6.0,-6.0,-2.0
-6.0,-6.0,-2.0
-6.0,-6.0,-2.0
-6.0,-6.0,-2.0
-6.0,-6.0,-2.0
-6.0,-6.0,-2.0
-6.0,-6.0,-2.0
-6.0,-6.0,-2.0
-6.0,-6.0,-2.0
-6.0,-6.0,-2.0
-6.0,-6.0,-2.0
-6.0,-6.0,-2.0
-6.0,-6.0,-2.0
-6.0,-6.0,-2.0
-6.0,-6.0,-2.0
-6.0,-6.0,-2.0
-6.0,-6.0,-2.0
-6.0,-6.0,-2.0
-6.0,-6.0,-2.0
-6.0,-6.0,-2.0
-6.0,-6.0,-2.0
-6.0,-6.0,-2.0
-6.0,-6.0,-2.0
-6.0,-6.0,-2.0
-6.0,-6.0,-2.0
-6.0,-6.0,-2.0
-6.0,-6.0,-2.0
-6.0,-6.0,-2.0
-6.0,-6.0,-2.0
-6.0,-6.0,-2.0
-6.0,-6.0,-2.0
-6.0,-6.0,-2.0
-6.0,-6.0,-2.0
-6.0,-6.0,-2.0
-6.0,-6.0,-2.0
-6.0,-6.0,-2.0
-6.0,-6.0,-2.0
-6.0,-6.0,-2.0
-6.0,-6.0,-2.0
-6.0,-6.0,-2.0
-6.0,-6.0,-2.0
-6.0,-6.0,-2.0
-6.0,-6.0,-2.0
-6.0,-6.0,-2.0
-6.0,-6.0,-2.0
-6.0,-6.0,-2.0
-6.0,-6.0,-2.0
-6.0,-6.0,-2.0
-6.0,-6.0,-2.0
-6.0,-6.0,-2.0
-6.0,-6.0,-2.0
-6.0,-6.0,-2.0
-6.0,-6.0,-2.0
-6.0,-6.0,-2.0
-6.0,-6.0,-2.0
-6.0,-6.0,-2.0
-6.0,-6.0,-2.0
-6.0,-6.0,-2.0
-6.0,-6.0,-2.0
-6.0,-6.0,-2.0
-6.0,-6.0,-2.0
-6.0,-6.0,-2.0
-6.0,-6.0,-2.0
-6.0,-6.0,-2.0
-6.0,-6.0,-2.0
-6.0,-6.0,-2.0
-6.0,-6.0,-2.0
-6.0,-6.0,-2.0
-6.0,-6.0,-2.0
-6.0,-6.0,-2.0
-6.0,-6.0,-2.0
-6.0,-6.0,-2.0
-6.0,-6.0,-2.0
-6.0,-6.0,-2.0
-6.0,-6.0,-2.0
-6.0,-6.0,-2.0
-6.0,-6.0,-2.0
-6.0,-6.0,-2.0
-6.0,-6.0,-2.0
-6.0,-6.0,-2.0
-6.0,-6.0,-2.0
-6.0,-6.0,-2.0
-6.0,-6.0,-2.0
-6.0,-6.0,-2.0
-6.0,-6.0,-2.0
-6.0,-6.0,-2.0
-6.0,-6.0,-2.0
-6.0,-6.0,-2.0
-6.0,-6.0,-2.0
-6.0,-6.0,-2.0
-6.0,-6.0,-2.0
-6.0,-6.0,-2.0
-6.0,-6.0,-2.0
-6.0,-6.0,-2.0
-6.0,-6.0,-2.0
-6.0,-6.0,-2.0
-6.0,-6.0,-2.0
-6.0,-6.0,-2.0
-6.0,-6.0,-2.0
-6.0,-6.0,-2.0
-6.0,-6.0,-2.0
-6.0,-6.0,-2.0
-6.0,-6.0,-2.0
-6.0,-6.0,-2.0
-6.0,-6.0,-2.0
-6.0,-6.0,-2.0
-6.0,-6.0,-2.0
-6.0,-6.0,-2.0
-6.0,-6.0,-2.0
-6.0,-6.0,-2.0
-6.0,-6.0,-2.0
-6.0,-6.0,-2.0
-6.0,-6.0,-2.0
-6.0,-6.0,-2.0
-6.0,-6.0,-2.0
-6.0,-6.0,-2.0
-6.0,-6.0,-2.0
-6.0,-6.0,-2.0
-6.0,-6.0,-2.0
-6.0,-6.0,-2.0
-6.0,-6.0,-2.0
-6.0,-6.0,-2.0
-6.0,-6.0,-2.0
-6.0,-6.0,-2.0
-6.0,-6.0,-2.0
-6.0,-6.0,-2.0
-6.0,-6.0,-2.0
-6.0,-6.0,-2.0
-6.0,-6.0,-2.0
-6.0,-6.0,-2.0
-6.0,-6.0,-2.0
-6.0,-6.0,-2.0
-6.0,-6.0,-2.0
-6.0,-6.0,-2.0
-6.0,-6.0,-2.0
-6.0,-6.0,-2.0
-6.0,-6.0,-2.0
-6.0,-6.0,-2.0
-6.0,-6.0,-2.0
-6.0,-6.0,-2.0
-6.0,-6.0,-2.0
-6.0,-6.0,-2.0
-6.0,-6.0,-2.0
-6.0,-6.0,-2.0
-6.0,-6.0,-2.0
-6.0,-6.0,-2.0
-6.0,-6.0,-2.0
-6.0,-6.0,-2.0
-6.0,-6.0,-2.0
-6.0,-6.0,-2.0
-6.0,-6.0,-2.0
-6.0,-6.0,-2.0
-6.0,-6.0,-2.0
-6.0,-6.0,-2.0
-6.0,-6.0,-2.0
-6.0,-6.0,-2.0
-6.0,-6.0,-2.0
-6.0,-6.0,-2.0
-6.0,-6.0,-2.0
-6.0,-6.0,-2.0
-6.0,-6.0,-2.0
-6.0,-6.0,-2.0
-6.0,-6.0,-2.0
-6.0,-6.0,-2.0
-6.0,-6.0,-2.0
-6.0,-6.0,-2.0
-6.0,-6.0,-2.0
-6.0,-6.0,-2.0
-6.0,-6.0,-2.0
-6.0,-6.0,-2.0
-6.0,-6.0,-2.0
-6.0,-6.0,-2.0
-6.0,-6.0,-2.0
-6.0,-6.0,-2.0
-6.0,-6.0,-2.0
-6.0,-6.0,-2.0
-6.0,-6.0,-2.0
-6.0,-6.0,-2.0
-6.0,-6.0,-2.0
-6.0,-6.0,-2.0
-6.0,-6.0,-2.0
-6.0,-6.0,-2.0
-6.0,-6.0,-2.0
-6.0,-6.0,-2.0
-6.0,-6.0,-2.0
-6.0,-6.0,-2.0
-6.0,-6.0,-2.0
-6.0,-6.0,-2.0
-6.0,-6.0,-2.0
-6.0,-6.0,-2.0
-6.0,-6.0,-2.0
-6.0,-6.0,-2.0
-6.0,-6.0,-2.0
-6.0,-6.0,-2.0
-6.0,-6.0,-2.0
-6.0,-6.0,-2.0
-6.0,-6.0,-2.0
-6.0,-6.0,-2.0
-6.0,-6.0,-2.0
-6.0,-6.0,-2.0
-6.0,-6.0,-2.0
-6.0,-6.0,-2.0
-6.0,-6.0,-2.0
-6.0,-6.0,-2.0
-6.0,-6.0,-2.0
-6.0,-6.0,-2.0
-6.0,-6.0,-2.0
-6.0,-6.0,-2.0
-6.0,-6.0,-2.0
-6.0,-6.0,-2.0
-6.0,-6.0,-2.0
-6.0,-6.0,-2.0
-6.0,-6.0,-2.0
-6.0,-6.0,-2.0
-6.0,-6.0,-2.0
-6.0,-6.0,-2.0
-6.0,-6.0,-2.0
-6.0,-6.0,-2.0
-6.0,-6.0,-2.0
-6.0,-6.0,-2.0
-6.0,-6.0,-2.0
-6.0,-6.0,-2.0
-6.0,-6.0,-2.0
-6.0,-6.0,-2.0
-6.0,-6.0,-2.0
-6.0,-6.0,-2.0
-6.0,-6.0,-2.0
-6.0,-6.0,-2.0
-6.0,-6.0,-2.0
-6.0,-6.0,-2.0
-6.0,-6.0,-2.0
-6.0,-6.0,-2.0
-6.0,-6.0,-2.0
-6.0,-6.0,-2.0
-6.0,-6.0,-2.0
-6.0,-6.0,-2.0
-6.0,-6.0,-2.0
-6.0,-6.0,-2.0
-6.0,-6.0,-2.0
-6.0,-6.0,-2.0
-6.0,-6.0,-2.0
-6.0,-6.0,-2.0
-6.0,-6.0,-2.0
-6.0,-6.0,-2.0
-6.0,-6.0,-2.0
-6.0,-6.0,-2.0
-6.0,-6.0,-2.0
-6.0,-6.0,-2.0
-6.0,-6.0,-2.0
-6.0,-6.0,-2.0
-6.0,-6.0,-2.0
-6.0,-6.0,-2.0
-6.0,-6.0,-2.0
-6.0,-6.0,-2.0
-6.0,-6.0,-2.0
-6.0,-6.0,-2.0
-6.0,-6.0,-2.0
-6.0,-6.0,-2.0
-6.0,-6.0,-2.0
-6.0,-6.0,-2.0
-6.0,-6.0,-2.0
-6.0,-6.0,-2.0
-6.0,-6.0,-2.0
-6.0,-6.0,-2.0
-6.0,-6.0,-2.0
-6.0,-6.0,-2.0
-6.0,-6.0,-2.0
-6.0,-6.0,-2.0
-6.0,-6.0,-2.0
-6.0,-6.0,-2.0
-6.0,-6.0,-2.0
-6.0,-6.0,-2.0
-6.0,-6.0,-2.0
-6.0,-6.0,-2.0
-6.0,-6.0,-2.0
-6.0,-6.0,-2.0
-6.0,-6.0,-2.0
-6.0,-6.0,-2.0
-6.0,-6.0,-2.0
-6.0,-6.0,-2.0
-6.0,-6.0,-2.0
-6.0,-6.0,-2.0
-6.0,-6.0,-2.0
-6.0,-6.0,-2.0
-6.0,-6.0,-2.0
-6.0,-6.0,-2.0
-6.0,-6.0,-2.0
-6.0,-6.0,-2.0
-6.0,-6.0,-2.0
-6.0,-6.0,-2.0
-6.0,-6.0,-2.0
-6.0,-6.0,-2.0
-6.0,-6.0,-2.0
-6.0,-6.0,-2.0
-6.0,-6.0,-2.0
-6.0,-6.0,-2.0
-6.0,-6.0,-2.0
-6.0,-6.0,-2.0
-6.0,-6.0,-2.0
-6.0,-6.0,-2.0
-6.0,-6.0,-2.0
-6.0,-6.0,-2.0
-6.0,-6.0,-2.0
-6.0,-6.0,-2.0
-6.0,-6.0,-2.0
-6.0,-6.0,-2.0
-6.0,-6.0,-2.0
-6.0,-6.0,-2.0
-6.0,-6.0,-2.0
-6.0,-6.0,-2.0
-6.0,-6.0,-2.0
-6.0,-6.0,-2.0
-6.0,-6.0,-2.0
-6.0,-6.0,-2.0
-6.0,-6.0,-2.0
-6.0,-6.0,-2.0
-6.0,-6.0,-2.0
-6.0,-6.0,-2.0
-6.0,-6.0,-2.0
-6.0,-6.0,-2.0
-6.0,-6.0,-2.0
-6.0,-6.0,-2.0
-6.0,-6.0,-2.0
-6.0,-6.0,-2.0
-6.0,-6.0,-2.0
-6.0,-6.0,-2.0
-6.0,-6.0,-2.0
-6.0,-6.0,-2.0
-6.0,-6.0,-2.0
-6.0,-6.0,-2.0
-6.0,-6.0,-2.0
-6.0,-6.0,-2.0
-6.0,-6.0,-2.0
-6.0,-6.0,-2.0
-6.0,-6.0,-2.0
-6.0,-6.0,-2.0
-6.0,-6.0,-2.0
-6.0,-6.0,-2.0
-6.0,-6.0,-2.0
-6.0,-6.0,-2.0
-6.0,-6.0,-2.0
-6.0,-6.0,-2.0
-6.0,-6.0,-2.0
-6.0,-6.0,-2.0
-6.0,-6.0,-2.0
-6.0,-6.0,-2.0
-6.0,-6.0,-2.0
-6.0,-6.0,-2.0
-6.0,-6.0,-2.0
-6.0,-6.0,-2.0
-6.0,-6.0,-2.0
-6.0,-6.0,-2.0
-6.0,-6.0,-2.0
-6.0,-6.0,-2.0
-6.0,-6.0,-2.0
-6.0,-6.0,-2.0
-6.0,-6.0,-2.0
-6.0,-6.0,-2.0
-6.0,-6.0,-2.0
-6.0,-6.0,-2.0
-6.0,-6.0,-2.0
-6.0,-6.0,-2.0
-6.0,-6.0,-2.0
-6.0,-6.0,-2.0
-6.0,-6.0,-2.0
-6.0,-6.0,-2.0
-6.0,-6.0,-2.0
-6.0,-6.0,-2.0
-6.0,-6.0,-2.0
-6.0,-6.0,-2.0
-6.0,-6.0,-2.0
-6.0,-6.0,-2.0
-6.0,-6.0,-2.0
-6.0,-6.0,-2.0
-6.0,-6.0,-2.0
-6.0,-6.0,-2.0
-6.0,-6.0,-2.0
-6.0,-6.0,-2.0
-6.0,-6.0,-2.0
-6.0,-6.0,-2.0
-6.0,-6.0,-2.0
-6.0,-6.0,-2.0
-6.0,-6.0,-2.0
-6.0,-6.0,-2.0
-6.0,-6.0,-2.0
-6.0,-6.0,-2.0
-6.0,-6.0,-2.0
-6.0,-6.0,-2.0
-6.0,-6.0,-2.0
-6.0,-6.0,-2.0
-6.0,-6.0,-2.0
-6.0,-6.0,-2.0
-6.0,-6.0,-2.0
-6.0,-6.0,-2.0
-6.0,-6.0,-2.0
-6.0,-6.0,-2.0
-6.0,-6.0,-2.0
-6.0,-6.0,-2.0
-6.0,-6.0,-2.0
-6.0,-6.0,-2.0
-6.0,-6.0,-2.0
-6.0,-6.0,-2.0
-6.0,-6.0,-2.0
-6.0,-6.0,-2.0
-6.0,-6.0,-2.0
-6.0,-6.0,-2.0
-6.0,-6.0,-2.0
-6.0,-6.0,-2.0
-6.0,-6.0,-2.0
-6.0,-6.0,-2.0
-6.0,-6.0,-2.0
-6.0,-6.0,-2.0
-6.0,-6.0,-2.0
-6.0,-6.0,-2.0
-6.0,-6.0,-2.0
-6.0,-6.0,-2.0
-6.0,-6.0,-2.0
-6.0,-6.0,-2.0
-6.0,-6.0,-2.0
-6.0,-6.0,-2.0
-6.0,-6.0,-2.0
-6.0,-6.0,-2.0
-6.0,-6.0,-2.0
-6.0,-6.0,-2.0
-6.0,-6.0,-2.0
-6.0,-6.0,-2.0
-6.0,-6.0,-2.0
-6.0,-6.0,-2.0
-6.0,-6.0,-2.0
-6.0,-6.0,-2.0
-6.0,-6.0,-2.0
-6.0,-6.0,-2.0
-6.0,-6.0,-2.0
-6.0,-6.0,-2.0
-6.0,-6.0,-2.0
-6.0,-6.0,-2.0
-6.0,-6.0,-2.0
-6.0,-6.0,-2.0
-6.0,-6.0,-2.0
-6.0,-6.0,-2.0
-6.0,-6.0,-2.0
-6.0,-6.0,-2.0
-6.0,-6.0,-2.0
-6.0,-6.0,-2.0
-6.0,-6.0,-2.0
-6.0,-6.0,-2.0
-6.0,-6.0,-2.0
-6.0,-6.0,-2.0
-6.0,-6.0,-2.0
-6.0,-6.0,-2.0
-6.0,-6.0,-2.0
-6.0,-6.0,-2.0
-6.0,-6.0,-2.0
-6.0,-6.0,-2.0
-6.0,-6.0,-2.0
-6.0,-6.0,-2.0
-6.0,-6.0,-2.0
-6.0,-6.0,-2.0
-6.0,-6.0,-2.0
-6.0,-6.0,-2.0
-6.0,-6.0,-2.0
-6.0,-6.0,-2.0
-6.0,-6.0,-2.0
-6.0,-6.0,-2.0
-6.0,-6.0,-2.0
-6.0,-6.0,-2.0
-6.0,-6.0,-2.0
-6.0,-6.0,-2.0
-6.0,-6.0,-2.0
-6.0,-6.0,-2.0
-6.0,-6.0,-2.0
-6.0,-6.0,-2.0
-6.0,-6.0,-2.0
-6.0,-6.0,-2.0
-6.0,-6.0,-2.0
-6.0,-6.0,-2.0
-6.0,-6.0,-2.0
-6.0,-6.0,-2.0
-6.0,-6.0,-2.0
-6.0,-6.0,-2.0
-6.0,-6.0,-2.0
-6.0,-6.0,-2.0
-6.0,-6.0,-2.0
-6.0,-6.0,-2.0
-6.0,-6.0,-2.0
-6.0,-6.0,-2.0
-6.0,-6.0,-2.0
-6.0,-6.0,-2.0
-6.0,-6.0,-2.0
-6.0,-6.0,-2.0
-6.0,-6.0,-2.0
-6.0,-6.0,-2.0
-6.0,-6.0,-2.0
-6.0,-6.0,-2.0
-6.0,-6.0,-2.0
-6.0,-6.0,-2.0
-6.0,-6.0,-2.0
-6.0,-6.0,-2.0
-6.0,-6.0,-2.0
-6.0,-6.0,-2.0
-6.0,-6.0,-2.0
-6.0,-6.0,-2.0
-6.0,-6.0,-2.0
-6.0,-6.0,-2.0
-6.0,-6.0,-2.0
-6.0,-6.0,-2.0
-6.0,-6.0,-2.0
-6.0,-6.0,-2.0
-6.0,-6.0,-2.0
-6.0,-6.0,-2.0
-6.0,-6.0,-2.0
-6.0,-6.0,-2.0
-6.0,-6.0,-2.0
-6.0,-6.0,-2.0
-6.0,-6.0,-2.0
-6.0,-6.0,-2.0
-6.0,-6.0,-2.0
-6.0,-6.0,-2.0
-6.0,-6.0,-2.0
-6.0,-6.0,-2.0
-6.0,-6.0,-2.0
-6.0,-6.0,-2.0
-6.0,-6.0,-2.0
-6.0,-6.0,-2.0
-6.0,-6.0,-2.0
-6.0,-6.0,-2.0
-6.0,-6.0,-2.0
-6.0,-6.0,-2.0
-6.0,-6.0,-2.0
-6.0,-6.0,-2.0
-6.0,-6.0,-2.0
-6.0,-6.0,-2.0
-6.0,-6.0,-2.0
-6.0,-6.0,-2.0
-6.0,-6.0,-2.0
-6.0,-6.0,-2.0
-6.0,-6.0,-2.0
-6.0,-6.0,-2.0
-6.0,-6.0,-2.0
-6.0,-6.0,-2.0
-6.0,-6.0,-2.0
-6.0,-6.0,-2.0
-6.0,-6.0,-2.0
-6.0,-6.0,-2.0
-6.0,-6.0,-2.0
-6.0,-6.0,-2.0
-6.0,-6.0,-2.0
-6.0,-6.0,-2.0
-6.0,-6.0,-2.0
-6.0,-6.0,-2.0
-6.0,-6.0,-2.0
-6.0,-6.0,-2.0
-6.0,-6.0,-2.0
-6.0,-6.0,-2.0
-6.0,-6.0,-2.0
-6.0,-6.0,-2.0
-6.0,-6.0,-2.0
-6.0,-6.0,-2.0
-6.0,-6.0,-2.0
-6.0,-6.0,-2.0
-6.0,-6.0,-2.0
-6.0,-6.0,-2.0
-6.0,-6.0,-2.0
-6.0,-6.0,-2.0
-6.0,-6.0,-2.0
-6.0,-6.0,-2.0
-6.0,-6.0,-2.0
-6.0,-6.0,-2.0
-6.0,-6.0,-2.0
-6.0,-6.0,-2.0
-6.0,-6.0,-2.0
-6.0,-6.0,-2.0
-6.0,-6.0,-2.0
-6.0,-6.0,-2.0
-6.0,-6.0,-2.0
-6.0,-6.0,-2.0
-6.0,-6.0,-2.0
-6.0,-6.0,-2.0
-6.0,-6.0,-2.0
-6.0,-6.0,-2.0
-6.0,-6.0,-2.0
-6.0,-6.0,-2.0
-6.0,-6.0,-2.0
-6.0,-6.0,-2.0
-6.0,-6.0,-2.0
-6.0,-6.0,-2.0
-6.0,-6.0,-2.0
-6.0,-6.0,-2.0
-6.0,-6.0,-2.0
-6.0,-6.0,-2.0
-6.0,-6.0,-2.0
-6.0,-6.0,-2.0
-6.0,-6.0,-2.0
-6.0,-6.0,-2.0
-6.0,-6.0,-2.0
-6.0,-6.0,-2.0
-6.0,-6.0,-2.0
-6.0,-6.0,-2.0
-6.0,-6.0,-2.0
-6.0,-6.0,-2.0
-6.0,-6.0,-2.0
-6.0,-6.0,-2.0
-6.0,-6.0,-2.0
-6.0,-6.0,-2.0
-6.0,-6.0,-2.0
-6.0,-6.0,-2.0
-6.0,-6.0,-2.0
-6.0,-6.0,-2.0
-6.0,-6.0,-2.0
-6.0,-6.0,-2.0
-6.0,-6.0,-2.0
-6.0,-6.0,-2.0
-6.0,-6.0,-2.0
-6.0,-6.0,-2.0
-6.0,-6.0,-2.0
-6.0,-6.0,-2.0
-6.0,-6.0,-2.0
-6.0,-6.0,-2.0
-6.0,-6.0,-2.0
-6.0,-6.0,-2.0
-6.0,-6.0,-2.0
-6.0,-6.0,-2.0
-6.0,-6.0,-2.0
-6.0,-6.0,-2.0
-6.0,-6.0,-2.0
-6.0,-6.0,-2.0
-6.0,-6.0,-2.0
-6.0,-6.0,-2.0
-6.0,-6.0,-2.0
-6.0,-6.0,-2.0
-6.0,-6.0,-2.0
-6.0,-6.0,-2.0
-6.0,-6.0,-2.0
-6.0,-6.0,-2.0
-6.0,-6.0,-2.0
-6.0,-6.0,-2.0
-6.0,-6.0,-2.0
-6.0,-6.0,-2.0
-6.0,-6.0,-2.0
-6.0,-6.0,-2.0
-6.0,-6.0,-2.0
-6.0,-6.0,-2.0
-6.0,-6.0,-2.0
-6.0,-6.0,-2.0
-6.0,-6.0,-2.0
-6.0,-6.0,-2.0
-6.0,-6.0,-2.0
-6.0,-6.0,-2.0
-6.0,-6.0,-2.0
-6.0,-6.0,-2.0
-6.0,-6.0,-2.0
-6.0,-6.0,-2.0
-6.0,-6.0,-2.0
-6.0,-6.0,-2.0
-6.0,-6.0,-2.0
-6.0,-6.0,-2.0
-6.0,-6.0,-2.0
-6.0,-6.0,-2.0
-6.0,-6.0,-2.0
-6.0,-6.0,-2.0
-6.0,-6.0,-2.0
-6.0,-6.0,-2.0
-6.0,-6.0,-2.0
-6.0,-6.0,-2.0
-6.0,-6.0,-2.0
-6.0,-6.0,-2.0
-6.0,-6.0,-2.0
-6.0,-6.0,-2.0
-6.0,-6.0,-2.0
-6.0,-6.0,-2.0
-6.0,-6.0,-2.0
-6.0,-6.0,-2.0
-6.0,-6.0,-2.0
-6.0,-6.0,-2.0
-6.0,-6.0,-2.0
-6.0,-6.0,-2.0
-6.0,-6.0,-2.0
-6.0,-6.0,-2.0
-6.0,-6.0,-2.0
-6.0,-6.0,-2.0
-6.0,-6.0,-2.0
-6.0,-6.0,-2.0
-6.0,-6.0,-2.0
-6.0,-6.0,-2.0
-6.0,-6.0,-2.0
-6.0,-6.0,-2.0
-6.0,-6.0,-2.0
-6.0,-6.0,-2.0
-6.0,-6.0,-2.0
-6.0,-6.0,-2.0
-6.0,-6.0,-2.0
-6.0,-6.0,-2.0
-6.0,-6.0,-2.0
-6.0,-6.0,-2.0
-6.0,-6.0,-2.0
-6.0,-6.0,-2.0
-6.0,-6.0,-2.0
-6.0,-6.0,-2.0
-6.0,-6.0,-2.0
-6.0,-6.0,-2.0
-6.0,-6.0,-2.0
-6.0,-6.0,-2.0
-6.0,-6.0,-2.0
-6.0,-6.0,-2.0
-6.0,-6.0,-2.0
-6.0,-6.0,-2.0
-6.0,-6.0,-2.0
-6.0,-6.0,-2.0
-6.0,-6.0,-2.0
-6.0,-6.0,-2.0
-6.0,-6.0,-2.0
-6.0,-6.0,-2.0
-6.0,-6.0,-2.0
-6.0,-6.0,-2.0
-6.0,-6.0,-2.0
-6.0,-6.0,-2.0
-6.0,-6.0,-2.0
-6.0,-6.0,-2.0
-6.0,-6.0,-2.0
-6.0,-6.0,-2.0
-6.0,-6.0,-2.0
-6.0,-6.0,-2.0
-6.0,-6.0,-2.0
-6.0,-6.0,-2.0
-6.0,-6.0,-2.0
-6.0,-6.0,-2.0
-6.0,-6.0,-2.0
-6.0,-6.0,-2.0
-6.0,-6.0,-2.0
-6.0,-6.0,-2.0
-6.0,-6.0,-2.0
-6.0,-6.0,-2.0
-6.0,-6.0,-2.0
-6.0,-6.0,-2.0
-6.0,-6.0,-2.0
-6.0,-6.0,-2.0
-6.0,-6.0,-2.0
-6.0,-6.0,-2.0
-6.0,-6.0,-2.0
-6.0,-6.0,-2.0
-6.0,-6.0,-2.0
-6.0,-6.0,-2.0
-6.0,-6.0,-2.0
-6.0,-6.0,-2.0
-6.0,-6.0,-2.0
-6.0,-6.0,-2.0
-6.0,-6.0,-2.0
-6.0,-6.0,-2.0
-6.0,-6.0,-2.0
-6.0,-6.0,-2.0
-6.0,-6.0,-2.0
-6.0,-6.0,-2.0
-6.0,-6.0,-2.0
-6.0,-6.0,-2.0
-6.0,-6.0,-2.0
-6.0,-6.0,-2.0
-6.0,-6.0,-2.0
-6.0,-6.0,-2.0
-6.0,-6.0,-2.0
-6.0,-6.0,-2.0
-6.0,-6.0,-2.0
-6.0,-6.0,-2.0
-6.0,-6.0,-2.0
-6.0,-6.0,-2.0
-6.0,-6.0,-2.0
-6.0,-6.0,-2.0
-6.0,-6.0,-2.0
-6.0,-6.0,-2.0
-6.0,-6.0,-2.0
-6.0,-6.0,-2.0
-6.0,-6.0,-2.0
-6.0,-6.0,-2.0
-6.0,-6.0,-2.0
-6.0,-6.0,-2.0
-6.0,-6.0,-2.0
-6.0,-6.0,-2.0
-6.0,-6.0,-2.0
-6.0,-6.0,-2.0
-6.0,-6.0,-2.0
-6.0,-6.0,-2.0
-6.0,-6.0,-2.0
-6.0,-6.0,-2.0
-6.0,-6.0,-2.0
-6.0,-6.0,-2.0
-6.0,-6.0,-2.0
-6.0,-6.0,-2.0
-6.0,-6.0,-2.0
-6.0,-6.0,-2.0
-6.0,-6.0,-2.0
-6.0,-6.0,-2.0
-6.0,-6.0,-2.0
-6.0,-6.0,-2.0
-6.0,-6.0,-2.0
-6.0,-6.0,-2.0
-6.0,-6.0,-2.0
-6.0,-6.0,-2.0
-6.0,-6.0,-2.0
-6.0,-6.0,-2.0
-6.0,-6.0,-2.0
-6.0,-6.0,-2.0
-6.0,-6.0,-2.0
-6.0,-6.0,-2.0
-6.0,-6.0,-2.0
-6.0,-6.0,-2.0
-6.0,-6.0,-2.0
-6.0,-6.0,-2.0
-6.0,-6.0,-2.0
-6.0,-6.0,-2.0
-6.0,-6.0,-2.0
-6.0,-6.0,-2.0
-6.0,-6.0,-2.0
-6.0,-6.0,-2.0
-6.0,-6.0,-2.0
-6.0,-6.0,-2.0
-6.0,-6.0,-2.0
-6.0,-6.0,-2.0
-6.0,-6.0,-2.0
-6.0,-6.0,-2.0
-6.0,-6.0,-2.0
-6.0,-6.0,-2.0
-6.0,-6.0,-2.0
-6.0,-6.0,-2.0
-6.0,-6.0,-2.0
-6.0,-6.0,-2.0
-6.0,-6.0,-2.0
-6.0,-6.0,-2.0
-6.0,-6.0,-2.0
-6.0,-6.0,-2.0
-6.0,-6.0,-2.0
-6.0,-6.0,-2.0
-6.0,-6.0,-2.0
-6.0,-6.0,-2.0
-6.0,-6.0,-2.0
-6.0,-6.0,-2.0
-6.0,-6.0,-2.0
-6.0,-6.0,-2.0
-6.0,-6.0,-2.0
-6.0,-6.0,-2.0
-6.0,-6.0,-2.0
-6.0,-6.0,-2.0
-6.0,-6.0,-2.0
-6.0,-6.0,-2.0
-6.0,-6.0,-2.0
-6.0,-6.0,-2.0
-6.0,-6.0,-2.0
-6.0,-6.0,-2.0
-6.0,-6.0,-2.0
-6.0,-6.0,-2.0
-6.0,-6.0,-2.0
-6.0,-6.0,-2.0
-6.0,-6.0,-2.0
-6.0,-6.0,-2.0
-6.0,-6.0,-2.0
-6.0,-6.0,-2.0
-6.0,-6.0,-2.0
-6.0,-6.0,-2.0
-6.0,-6.0,-2.0
-6.0,-6.0,-2.0
-6.0,-6.0,-2.0
-6.0,-6.0,-2.0
-6.0,-6.0,-2.0
-6.0,-6.0,-2.0
-6.0,-6.0,-2.0
-6.0,-6.0,-2.0
-6.0,-6.0,-2.0
-6.0,-6.0,-2.0
-6.0,-6.0,-2.0
-6.0,-6.0,-2.0
-6.0,-6.0,-2.0
-6.0,-6.0,-2.0
-6.0,-6.0,-2.0
-6.0,-6.0,-2.0
-6.0,-6.0,-2.0
-6.0,-6.0,-2.0
-6.0,-6.0,-2.0
-6.0,-6.0,-2.0
-6.0,-6.0,-2.0
-6.0,-6.0,-2.0
-6.0,-6.0,-2.0
-6.0,-6.0,-2.0
-6.0,-6.0,-2.0
-6.0,-6.0,-2.0
-6.0,-6.0,-2.0
-6.0,-6.0,-2.0
-6.0,-6.0,-2.0
-6.0,-6.0,-2.0
-6.0,-6.0,-2.0
-6.0,-6.0,-2.0
-6.0,-6.0,-2.0
-6.0,-6.0,-2.0
-6.0,-6.0,-2.0
-6.0,-6.0,-2.0
-6.0,-6.0,-2.0
-6.0,-6.0,-2.0
-6.0,-6.0,-2.0
-6.0,-6.0,-2.0
-6.0,-6.0,-2.0
-6.0,-6.0,-2.0
-6.0,-6.0,-2.0
-6.0,-6.0,-2.0
-6.0,-6.0,-2.0
-6.0,-6.0,-2.0
-6.0,-6.0,-2.0
-6.0,-6.0,-2.0
-6.0,-6.0,-2.0
-6.0,-6.0,-2.0
-6.0,-6.0,-2.0
-6.0,-6.0,-2.0
-6.0,-6.0,-2.0
-6.0,-6.0,-2.0
-6.0,-6.0,-2.0
-6.0,-6.0,-2.0
-6.0,-6.0,-2.0
-6.0,-6.0,-2.0
-6.0,-6.0,-2.0
-6.0,-6.0,-2.0
-6.0,-6.0,-2.0
-6.0,-6.0,-2.0
-6.0,-6.0,-2.0
-6.0,-6.0,-2.0
-6.0,-6.0,-2.0
-6.0,-6.0,-2.0
-6.0,-6.0,-2.0
-6.0,-6.0,-2.0
-6.0,-6.0,-2.0
-6.0,-6.0,-2.0
-6.0,-6.0,-2.0
-6.0,-6.0,-2.0
-6.0,-6.0,-2.0
-6.0,-6.0,-2.0
-6.0,-6.0,-2.0
-6.0,-6.0,-2.0
-6.0,-6.0,-2.0
-6.0,-6.0,-2.0
-6.0,-6.0,-2.0
-6.0,-6.0,-2.0
-6.0,-6.0,-2.0
-6.0,-6.0,-2.0
-6.0,-6.0,-2.0
-6.0,-6.0,-2.0
-6.0,-6.0,-2.0
-6.0,-6.0,-2.0
-6.0,-6.0,-2.0
-6.0,-6.0,-2.0
-6.0,-6.0,-2.0
-6.0,-6.0,-2.0
-6.0,-6.0,-2.0
-6.0,-6.0,-2.0
-6.0,-6.0,-2.0
-6.0,-6.0,-2.0
-6.0,-6.0,-2.0
-6.0,-6.0,-2.0
-6.0,-6.0,-2.0
-6.0,-6.0,-2.0
-6.0,-6.0,-2.0
-6.0,-6.0,-2.0
-6.0,-6.0,-2.0
-6.0,-6.0,-2.0
-6.0,-6.0,-2.0
-6.0,-6.0,-2.0
-6.0,-6.0,-2.0
-6.0,-6.0,-2.0
-6.0,-6.0,-2.0
-6.0,-6.0,-2.0
-6.0,-6.0,-2.0
-6.0,-6.0,-2.0
-6.0,-6.0,-2.0
-6.0,-6.0,-2.0
-6.0,-6.0,-2.0
-6.0,-6.0,-2.0
-6.0,-6.0,-2.0
-6.0,-6.0,-2.0
-6.0,-6.0,-2.0
-6.0,-6.0,-2.0
-6.0,-6.0,-2.0
-6.0,-6.0,-2.0
-6.0,-6.0,-2.0
-6.0,-6.0,-2.0
-6.0,-6.0,-2.0
-6.0,-6.0,-2.0
-6.0,-6.0,-2.0
-6.0,-6.0,-2.0
-6.0,-6.0,-2.0
-6.0,-6.0,-2.0
-6.0,-6.0,-2.0
-6.0,-6.0,-2.0
-6.0,-6.0,-2.0
-6.0,-6.0,-2.0
-6.0,-6.0,-2.0
-6.0,-6.0,-2.0
-6.0,-6.0,-2.0
-6.0,-6.0,-2.0
-6.0,-6.0,-2.0
-6.0,-6.0,-2.0
-6.0,-6.0,-2.0
-6.0,-6.0,-2.0
-6.0,-6.0,-2.0
-6.0,-6.0,-2.0
-6.0,-6.0,-2.0
-6.0,-6.0,-2.0
-6.0,-6.0,-2.0
-6.0,-6.0,-2.0
-6.0,-6.0,-2.0
-6.0,-6.0,-2.0
-6.0,-6.0,-2.0
-6.0,-6.0,-2.0
-6.0,-6.0,-2.0
-6.0,-6.0,-2.0
-6.0,-6.0,-2.0
-6.0,-6.0,-2.0
-6.0,-6.0,-2.0
-6.0,-6.0,-2.0
-6.0,-6.0,-2.0
-6.0,-6.0,-2.0
-6.0,-6.0,-2.0
-6.0,-6.0,-2.0
-6.0,-6.0,-2.0
-6.0,-6.0,-2.0
-6.0,-6.0,-2.0
-6.0,-6.0,-2.0
-6.0,-6.0,-2.0
-6.0,-6.0,-2.0
-6.0,-6.0,-2.0
-6.0,-6.0,-2.0
-6.0,-6.0,-2.0
-6.0,-6.0,-2.0
-6.0,-6.0,-2.0
-6.0,-6.0,-2.0
-6.0,-6.0,-2.0
-6.0,-6.0,-2.0
-6.0,-6.0,-2.0
-6.0,-6.0,-2.0
-6.0,-6.0,-2.0
-6.0,-6.0,-2.0
-6.0,-6.0,-2.0
-6.0,-6.0,-2.0
-6.0,-6.0,-2.0
-6.0,-6.0,-2.0
-6.0,-6.0,-2.0
-6.0,-6.0,-2.0
-6.0,-6.0,-2.0
-6.0,-6.0,-2.0
-6.0,-6.0,-2.0
-6.0,-6.0,-2.0
-6.0,-6.0,-2.0
-6.0,-6.0,-2.0
-6.0,-6.0,-2.0
-6.0,-6.0,-2.0
-6.0,-6.0,-2.0
-6.0,-6.0,-2.0
-6.0,-6.0,-2.0
-6.0,-6.0,-2.0
-6.0,-6.0,-2.0
-6.0,-6.0,-2.0
-6.0,-6.0,-2.0
-6.0,-6.0,-2.0
-6.0,-6.0,-2.0
-6.0,-6.0,-2.0
-6.0,-6.0,-2.0
-6.0,-6.0,-2.0
-6.0,-6.0,-2.0
-6.0,-6.0,-2.0
-6.0,-6.0,-2.0
-6.0,-6.0,-2.0
-6.0,-6.0,-2.0
-6.0,-6.0,-2.0
-6.0,-6.0,-2.0
-6.0,-6.0,-2.0
-6.0,-6.0,-2.0
-6.0,-6.0,-2.0
-6.0,-6.0,-2.0
-6.0,-6.0,-2.0
-6.0,-6.0,-2.0
-6.0,-6.0,-2.0
-6.0,-6.0,-2.0
-6.0,-6.0,-2.0
-6.0,-6.0,-2.0
-6.0,-6.0,-2.0
-6.0,-6.0,-2.0
-6.0,-6.0,-2.0
-6.0,-6.0,-2.0
-6.0,-6.0,-2.0
-6.0,-6.0,-2.0
-6.0,-6.0,-2.0
-6.0,-6.0,-2.0
-6.0,-6.0,-2.0
-6.0,-6.0,-2.0
-6.0,-6.0,-2.0
-6.0,-6.0,-2.0
-6.0,-6.0,-2.0
-6.0,-6.0,-2.0
-6.0,-6.0,-2.0
-6.0,-6.0,-2.0
-6.0,-6.0,-2.0
-6.0,-6.0,-2.0
-6.0,-6.0,-2.0
-6.0,-6.0,-2.0
-6.0,-6.0,-2.0
-6.0,-6.0,-2.0
-6.0,-6.0,-2.0
-6.0,-6.0,-2.0
-6.0,-6.0,-2.0
-6.0,-6.0,-2.0
-6.0,-6.0,-2.0
-6.0,-6.0,-2.0
-6.0,-6.0,-2.0
-6.0,-6.0,-2.0
-6.0,-6.0,-2.0
-6.0,-6.0,-2.0
-6.0,-6.0,-2.0
-6.0,-6.0,-2.0
-6.0,-6.0,-2.0
-6.0,-6.0,-2.0
-6.0,-6.0,-2.0
-6.0,-6.0,-2.0
-6.0,-6.0,-2.0
-6.0,-6.0,-2.0
-6.0,-6.0,-2.0
-6.0,-6.0,-2.0
-6.0,-6.0,-2.0
-6.0,-6.0,-2.0
-6.0,-6.0,-2.0
-6.0,-6.0,-2.0
-6.0,-6.0,-2.0
-6.0,-6.0,-2.0
-6.0,-6.0,-2.0
-6.0,-6.0,-2.0
-6.0,-6.0,-2.0
-6.0,-6.0,-2.0
-6.0,-6.0,-2.0
-6.0,-6.0,-2.0
-6.0,-6.0,-2.0
-6.0,-6.0,-2.0
-6.0,-6.0,-2.0
-6.0,-6.0,-2.0
-6.0,-6.0,-2.0
-6.0,-6.0,-2.0
-6.0,-6.0,-2.0
-6.0,-6.0,-2.0
-6.0,-6.0,-2.0
-6.0,-6.0,-2.0
-6.0,-6.0,-2.0
-6.0,-6.0,-2.0
-6.0,-6.0,-2.0
-6.0,-6.0,-2.0
-6.0,-6.0,-2.0
-6.0,-6.0,-2.0
-6.0,-6.0,-2.0
-6.0,-6.0,-2.0
-6.0,-6.0,-2.0
-6.0,-6.0,-2.0
-6.0,-6.0,-2.0
-6.0,-6.0,-2.0
-6.0,-6.0,-2.0
-6.0,-6.0,-2.0
-6.0,-6.0,-2.0
-6.0,-6.0,-2.0
-6.0,-6.0,-2.0
-6.0,-6.0,-2.0
-6.0,-6.0,-2.0
-6.0,-6.0,-2.0
-6.0,-6.0,-2.0
-6.0,-6.0,-2.0
-6.0,-6.0,-2.0
-6.0,-6.0,-2.0
-6.0,-6.0,-2.0
-6.0,-6.0,-2.0
-6.0,-6.0,-2.0
-6.0,-6.0,-2.0
-6.0,-6.0,-2.0
-6.0,-6.0,-2.0
-6.0,-6.0,-2.0
-6.0,-6.0,-2.0
-6.0,-6.0,-2.0
-6.0,-6.0,-2.0
-6.0,-6.0,-2.0
-6.0,-6.0,-2.0
-6.0,-6.0,-2.0
-6.0,-6.0,-2.0
-6.0,-6.0,-2.0
-6.0,-6.0,-2.0
-6.0,-6.0,-2.0
-6.0,-6.0,-2.0
-6.0,-6.0,-2.0
-6.0,-6.0,-2.0
-6.0,-6.0,-2.0
-6.0,-6.0,-2.0
-6.0,-6.0,-2.0
-6.0,-6.0,-2.0
-6.0,-6.0,-2.0
-6.0,-6.0,-2.0
-6.0,-6.0,-2.0
-6.0,-6.0,-2.0
-6.0,-6.0,-2.0
-6.0,-6.0,-2.0
-6.0,-6.0,-2.0
-6.0,-6.0,-2.0
-6.0,-6.0,-2.0
-6.0,-6.0,-2.0
-6.0,-6.0,-2.0
-6.0,-6.0,-2.0
-6.0,-6.0,-2.0
-6.0,-6.0,-2.0
-6.0,-6.0,-2.0
-6.0,-6.0,-2.0
-6.0,-6.0,-2.0
-6.0,-6.0,-2.0
-6.0,-6.0,-2.0
-6.0,-6.0,-2.0
-6.0,-6.0,-2.0
-6.0,-6.0,-2.0
-6.0,-6.0,-2.0
-6.0,-6.0,-2.0
-6.0,-6.0,-2.0
-6.0,-6.0,-2.0
-6.0,-6.0,-2.0
-6.0,-6.0,-2.0
-6.0,-6.0,-2.0
-6.0,-6.0,-2.0
-6.0,-6.0,-2.0
-6.0,-6.0,-2.0
-6.0,-6.0,-2.0
-6.0,-6.0,-2.0
-6.0,-6.0,-2.0
-6.0,-6.0,-2.0
-6.0,-6.0,-2.0
-6.0,-6.0,-2.0
-6.0,-6.0,-2.0
-6.0,-6.0,-2.0
-6.0,-6.0,-2.0
-6.0,-6.0,-2.0
-6.0,-6.0,-2.0
-6.0,-6.0,-2.0
-6.0,-6.0,-2.0
-6.0,-6.0,-2.0
-6.0,-6.0,-2.0
-6.0,-6.0,-2.0
-6.0,-6.0,-2.0
-6.0,-6.0,-2.0
-6.0,-6.0,-2.0
-6.0,-6.0,-2.0
-6.0,-6.0,-2.0
-6.0,-6.0,-2.0
-6.0,-6.0,-2.0
-6.0,-6.0,-2.0
-6.0,-6.0,-2.0
-6.0,-6.0,-2.0
-6.0,-6.0,-2.0
-6.0,-6.0,-2.0
-6.0,-6.0,-2.0
-6.0,-6.0,-2.0
-6.0,-6.0,-2.0
-6.0,-6.0,-2.0
-6.0,-6.0,-2.0
-6.0,-6.0,-2.0
-6.0,-6.0,-2.0
-6.0,-6.0,-2.0
-6.0,-6.0,-2.0
-6.0,-6.0,-2.0
-6.0,-6.0,-2.0
-6.0,-6.0,-2.0
-6.0,-6.0,-2.0
-6.0,-6.0,-2.0
-6.0,-6.0,-2.0
-6.0,-6.0,-2.0
-6.0,-6.0,-2.0
-6.0,-6.0,-2.0
-6.0,-6.0,-2.0
-6.0,-6.0,-2.0
-6.0,-6.0,-2.0
-6.0,-6.0,-2.0
-6.0,-6.0,-2.0
-6.0,-6.0,-2.0
-6.0,-6.0,-2.0
-6.0,-6.0,-2.0
-6.0,-6.0,-2.0
-6.0,-6.0,-2.0
-6.0,-6.0,-2.0
-6.0,-6.0,-2.0
-6.0,-6.0,-2.0
-6.0,-6.0,-2.0
-6.0,-6.0,-2.0
-6.0,-6.0,-2.0
-6.0,-6.0,-2.0
-6.0,-6.0,-2.0
-6.0,-6.0,-2.0
-6.0,-6.0,-2.0
-6.0,-6.0,-2.0
-6.0,-6.0,-2.0
-6.0,-6.0,-2.0
-6.0,-6.0,-2.0
-6.0,-6.0,-2.0
-6.0,-6.0,-2.0
-6.0,-6.0,-2.0
-6.0,-6.0,-2.0
-6.0,-6.0,-2.0
-6.0,-6.0,-2.0
-6.0,-6.0,-2.0
-6.0,-6.0,-2.0
-6.0,-6.0,-2.0
-6.0,-6.0,-2.0
-6.0,-6.0,-2.0
-6.0,-6.0,-2.0
-6.0,-6.0,-2.0
-6.0,-6.0,-2.0
-6.0,-6.0,-2.0
-6.0,-6.0,-2.0
-6.0,-6.0,-2.0
-6.0,-6.0,-2.0
-6.0,-6.0,-2.0
-6.0,-6.0,-2.0
-6.0,-6.0,-2.0
-6.0,-6.0,-2.0
-6.0,-6.0,-2.0
-6.0,-6.0,-2.0
-6.0,-6.0,-2.0
-6.0,-6.0,-2.0
-6.0,-6.0,-2.0
-6.0,-6.0,-2.0
-6.0,-6.0,-2.0
-6.0,-6.0,-2.0
-6.0,-6.0,-2.0
-6.0,-6.0,-2.0
-6.0,-6.0,-2.0
-6.0,-6.0,-2.0
-6.0,-6.0,-2.0
-6.0,-6.0,-2.0
-6.0,-6.0,-2.0
-6.0,-6.0,-2.0
-6.0,-6.0,-2.0
-6.0,-6.0,-2.0
-6.0,-6.0,-2.0
-6.0,-6.0,-2.0
-6.0,-6.0,-2.0
-6.0,-6.0,-2.0
-6.0,-6.0,-2.0
-6.0,-6.0,-2.0
-6.0,-6.0,-2.0
-6.0,-6.0,-2.0
-6.0,-6.0,-2.0
-6.0,-6.0,-2.0
-6.0,-6.0,-2.0
-6.0,-6.0,-2.0
-6.0,-6.0,-2.0
-6.0,-6.0,-2.0
-6.0,-6.0,-2.0
-6.0,-6.0,-2.0
-6.0,-6.0,-2.0
-6.0,-6.0,-2.0
-6.0,-6.0,-2.0
-6.0,-6.0,-2.0
-6.0,-6.0,-2.0
-6.0,-6.0,-2.0
-6.0,-6.0,-2.0
-6.0,-6.0,-2.0
-6.0,-6.0,-2.0
-6.0,-6.0,-2.0
-6.0,-6.0,-2.0
-6.0,-6.0,-2.0
-6.0,-6.0,-2.0
-6.0,-6.0,-2.0
-6.0,-6.0,-2.0
-6.0,-6.0,-2.0
-6.0,-6.0,-2.0
-6.0,-6.0,-2.0
-6.0,-6.0,-2.0
-6.0,-6.0,-2.0
-6.0,-6.0,-2.0
-6.0,-6.0,-2.0
-6.0,-6.0,-2.0
-6.0,-6.0,-2.0
-6.0,-6.0,-2.0
-6.0,-6.0,-2.0
-6.0,-6.0,-2.0
-6.0,-6.0,-2.0
-6.0,-6.0,-2.0
-6.0,-6.0,-2.0
-6.0,-6.0,-2.0
-6.0,-6.0,-2.0
-6.0,-6.0,-2.0
-6.0,-6.0,-2.0
-6.0,-6.0,-2.0
-6.0,-6.0,-2.0
-6.0,-6.0,-2.0
-6.0,-6.0,-2.0
-6.0,-6.0,-2.0
-6.0,-6.0,-2.0
-6.0,-6.0,-2.0
-6.0,-6.0,-2.0
-6.0,-6.0,-2.0
-6.0,-6.0,-2.0
-6.0,-6.0,-2.0
-6.0,-6.0,-2.0
-6.0,-6.0,-2.0
-6.0,-6.0,-2.0
-6.0,-6.0,-2.0
-6.0,-6.0,-2.0
-6.0,-6.0,-2.0
-6.0,-6.0,-2.0
-6.0,-6.0,-2.0
-6.0,-6.0,-2.0
-6.0,-6.0,-2.0
-6.0,-6.0,-2.0
-6.0,-6.0,-2.0
-6.0,-6.0,-2.0
-6.0,-6.0,-2.0
-6.0,-6.0,-2.0
-6.0,-6.0,-2.0
-6.0,-6.0,-2.0
-6.0,-6.0,-2.0
-6.0,-6.0,-2.0
-6.0,-6.0,-2.0
-6.0,-6.0,-2.0
-6.0,-6.0,-2.0
-6.0,-6.0,-2.0
-6.0,-6.0,-2.0
-6.0,-6.0,-2.0
-6.0,-6.0,-2.0
-6.0,-6.0,-2.0
-6.0,-6.0,-2.0
-6.0,-6.0,-2.0
-6.0,-6.0,-2.0
-6.0,-6.0,-2.0
-6.0,-6.0,-2.0
-6.0,-6.0,-2.0
-6.0,-6.0,-2.0
-6.0,-6.0,-2.0
-6.0,-6.0,-2.0
-6.0,-6.0,-2.0
-6.0,-6.0,-2.0
-6.0,-6.0,-2.0
-6.0,-6.0,-2.0
-6.0,-6.0,-2.0
-6.0,-6.0,-2.0
-6.0,-6.0,-2.0
-6.0,-6.0,-2.0
-6.0,-6.0,-2.0
-6.0,-6.0,-2.0
-6.0,-6.0,-2.0
-6.0,-6.0,-2.0
-6.0,-6.0,-2.0
-6.0,-6.0,-2.0
-6.0,-6.0,-2.0
-6.0,-6.0,-2.0
-6.0,-6.0,-2.0
-6.0,-6.0,-2.0
-6.0,-6.0,-2.0
-6.0,-6.0,-2.0
-6.0,-6.0,-2.0
-6.0,-6.0,-2.0
-6.0,-6.0,-2.0
-6.0,-6.0,-2.0
-6.0,-6.0,-2.0
-6.0,-6.0,-2.0
-6.0,-6.0,-2.0
-6.0,-6.0,-2.0
-6.0,-6.0,-2.0
-6.0,-6.0,-2.0
-6.0,-6.0,-2.0
-6.0,-6.0,-2.0
-6.0,-6.0,-2.0
-6.0,-6.0,-2.0
-6.0,-6.0,-2.0
-6.0,-6.0,-2.0
-6.0,-6.0,-2.0
-6.0,-6.0,-2.0
-6.0,-6.0,-2.0
-6.0,-6.0,-2.0
-6.0,-6.0,-2.0
-6.0,-6.0,-2.0
-6.0,-6.0,-2.0
-6.0,-6.0,-2.0
-6.0,-6.0,-2.0
-6.0,-6.0,-2.0
-6.0,-6.0,-2.0
-6.0,-6.0,-2.0
-6.0,-6.0,-2.0
-6.0,-6.0,-2.0
-6.0,-6.0,-2.0
-6.0,-6.0,-2.0
-6.0,-6.0,-2.0
-6.0,-6.0,-2.0
-6.0,-6.0,-2.0
-6.0,-6.0,-2.0
-6.0,-6.0,-2.0
-6.0,-6.0,-2.0
-6.0,-6.0,-2.0
-6.0,-6.0,-2.0
-6.0,-6.0,-2.0
-6.0,-6.0,-2.0
-6.0,-6.0,-2.0
-6.0,-6.0,-2.0
-6.0,-6.0,-2.0
-6.0,-6.0,-2.0
-6.0,-6.0,-2.0
-6.0,-6.0,-2.0
-6.0,-6.0,-2.0
-6.0,-6.0,-2.0
-6.0,-6.0,-2.0
-6.0,-6.0,-2.0
-6.0,-6.0,-2.0
-6.0,-6.0,-2.0
-6.0,-6.0,-2.0
-6.0,-6.0,-2.0
-6.0,-6.0,-2.0
-6.0,-6.0,-2.0
-6.0,-6.0,-2.0
-6.0,-6.0,-2.0
-6.0,-6.0,-2.0
-6.0,-6.0,-2.0
-6.0,-6.0,-2.0
-6.0,-6.0,-2.0
-6.0,-6.0,-2.0
-6.0,-6.0,-2.0
-6.0,-6.0,-2.0
-6.0,-6.0,-2.0
-6.0,-6.0,-2.0
-6.0,-6.0,-2.0
-6.0,-6.0,-2.0
-6.0,-6.0,-2.0
-6.0,-6.0,-2.0
-6.0,-6.0,-2.0
-6.0,-6.0,-2.0
-6.0,-6.0,-2.0
-6.0,-6.0,-2.0
-6.0,-6.0,-2.0
-6.0,-6.0,-2.0
-6.0,-6.0,-2.0
-6.0,-6.0,-2.0
-6.0,-6.0,-2.0
-6.0,-6.0,-2.0
-6.0,-6.0,-2.0
-6.0,-6.0,-2.0
-6.0,-6.0,-2.0
-6.0,-6.0,-2.0
-6.0,-6.0,-2.0
-6.0,-6.0,-2.0
-6.0,-6.0,-2.0
-6.0,-6.0,-2.0
-6.0,-6.0,-2.0
-6.0,-6.0,-2.0
-6.0,-6.0,-2.0
-6.0,-6.0,-2.0
-6.0,-6.0,-2.0
-6.0,-6.0,-2.0
-6.0,-6.0,-2.0
-6.0,-6.0,-2.0
-6.0,-6.0,-2.0
-6.0,-6.0,-2.0
-6.0,-6.0,-2.0
-6.0,-6.0,-2.0
-6.0,-6.0,-2.0
-6.0,-6.0,-2.0
-6.0,-6.0,-2.0
-6.0,-6.0,-2.0
-6.0,-6.0,-2.0
-6.0,-6.0,-2.0
-6.0,-6.0,-2.0
-6.0,-6.0,-2.0
-6.0,-6.0,-2.0
-6.0,-6.0,-2.0
-6.0,-6.0,-2.0
-6.0,-6.0,-2.0
-6.0,-6.0,-2.0
-6.0,-6.0,-2.0
-6.0,-6.0,-2.0
-6.0,-6.0,-2.0
-6.0,-6.0,-2.0
-6.0,-6.0,-2.0
-6.0,-6.0,-2.0
-6.0,-6.0,-2.0
-6.0,-6.0,-2.0
-6.0,-6.0,-2.0
-6.0,-6.0,-2.0
-6.0,-6.0,-2.0
-6.0,-6.0,-2.0
-6.0,-6.0,-2.0
-6.0,-6.0,-2.0
-6.0,-6.0,-2.0
-6.0,-6.0,-2.0
-6.0,-6.0,-2.0
-6.0,-6.0,-2.0
-6.0,-6.0,-2.0
-6.0,-6.0,-2.0
-6.0,-6.0,-2.0
-6.0,-6.0,-2.0
-6.0,-6.0,-2.0
-6.0,-6.0,-2.0
-6.0,-6.0,-2.0
-6.0,-6.0,-2.0
-6.0,-6.0,-2.0
-6.0,-6.0,-2.0
-6.0,-6.0,-2.0
-6.0,-6.0,-2.0
-6.0,-6.0,-2.0
-6.0,-6.0,-2.0
-6.0,-6.0,-2.0
-6.0,-6.0,-2.0
-6.0,-6.0,-2.0
-6.0,-6.0,-2.0
-6.0,-6.0,-2.0
-6.0,-6.0,-2.0
-6.0,-6.0,-2.0
-6.0,-6.0,-2.0
-6.0,-6.0,-2.0
-6.0,-6.0,-2.0
-6.0,-6.0,-2.0
-6.0,-6.0,-2.0
-6.0,-6.0,-2.0
-6.0,-6.0,-2.0
-6.0,-6.0,-2.0
-6.0,-6.0,-2.0
-6.0,-6.0,-2.0
-6.0,-6.0,-2.0
-6.0,-6.0,-2.0
-6.0,-6.0,-2.0
-6.0,-6.0,-2.0
-6.0,-6.0,-2.0
-6.0,-6.0,-2.0
-6.0,-6.0,-2.0
-6.0,-6.0,-2.0
-6.0,-6.0,-2.0
-6.0,-6.0,-2.0
-6.0,-6.0,-2.0
-6.0,-6.0,-2.0
-6.0,-6.0,-2.0
-6.0,-6.0,-2.0
-6.0,-6.0,-2.0
-6.0,-6.0,-2.0
-6.0,-6.0,-2.0
-6.0,-6.0,-2.0
-6.0,-6.0,-2.0
-6.0,-6.0,-2.0
-6.0,-6.0,-2.0
-6.0,-6.0,-2.0
-6.0,-6.0,-2.0
-6.0,-6.0,-2.0
-6.0,-6.0,-2.0
-6.0,-6.0,-2.0
-6.0,-6.0,-2.0
-6.0,-6.0,-2.0
-6.0,-6.0,-2.0
-6.0,-6.0,-2.0
-6.0,-6.0,-2.0
-6.0,-6.0,-2.0
-6.0,-6.0,-2.0
-6.0,-6.0,-2.0
-6.0,-6.0,-2.0
-6.0,-6.0,-2.0
-6.0,-6.0,-2.0
-6.0,-6.0,-2.0
-6.0,-6.0,-2.0
-6.0,-6.0,-2.0
-6.0,-6.0,-2.0
-6.0,-6.0,-2.0
-6.0,-6.0,-2.0
-6.0,-6.0,-2.0
-6.0,-6.0,-2.0
-6.0,-6.0,-2.0
-6.0,-6.0,-2.0
-6.0,-6.0,-2.0
-6.0,-6.0,-2.0
-6.0,-6.0,-2.0
-6.0,-6.0,-2.0
-6.0,-6.0,-2.0
-6.0,-6.0,-2.0
-6.0,-6.0,-2.0
-6.0,-6.0,-2.0
-6.0,-6.0,-2.0
-6.0,-6.0,-2.0
-6.0,-6.0,-2.0
-6.0,-6.0,-2.0
-6.0,-6.0,-2.0
-6.0,-6.0,-2.0
-6.0,-6.0,-2.0
-6.0,-6.0,-2.0
-6.0,-6.0,-2.0
-6.0,-6.0,-2.0
-6.0,-6.0,-2.0
-6.0,-6.0,-2.0
-6.0,-6.0,-2.0
-6.0,-6.0,-2.0
-6.0,-6.0,-2.0
-6.0,-6.0,-2.0
-6.0,-6.0,-2.0
-6.0,-6.0,-2.0
-6.0,-6.0,-2.0
-6.0,-6.0,-2.0
-6.0,-6.0,-2.0
-6.0,-6.0,-2.0
-6.0,-6.0,-2.0
-6.0,-6.0,-2.0
-6.0,-6.0,-2.0
-6.0,-6.0,-2.0
-6.0,-6.0,-2.0
-6.0,-6.0,-2.0
-6.0,-6.0,-2.0
-6.0,-6.0,-2.0
-6.0,-6.0,-2.0
-6.0,-6.0,-2.0
-6.0,-6.0,-2.0
-6.0,-6.0,-2.0
-6.0,-6.0,-2.0
-6.0,-6.0,-2.0
-6.0,-6.0,-2.0
-6.0,-6.0,-2.0
-6.0,-6.0,-2.0
-6.0,-6.0,-2.0
-6.0,-6.0,-2.0
-6.0,-6.0,-2.0
-6.0,-6.0,-2.0
-6.0,-6.0,-2.0
-6.0,-6.0,-2.0
-6.0,-6.0,-2.0
-6.0,-6.0,-2.0
-6.0,-6.0,-2.0
-6.0,-6.0,-2.0
-6.0,-6.0,-2.0
-6.0,-6.0,-2.0
-6.0,-6.0,-2.0
-6.0,-6.0,-2.0
-6.0,-6.0,-2.0
-6.0,-6.0,-2.0
-6.0,-6.0,-2.0
-6.0,-6.0,-2.0
-6.0,-6.0,-2.0
-6.0,-6.0,-2.0
-6.0,-6.0,-2.0
-6.0,-6.0,-2.0
-6.0,-6.0,-2.0
-6.0,-6.0,-2.0
-6.0,-6.0,-2.0
-6.0,-6.0,-2.0
-6.0,-6.0,-2.0
-6.0,-6.0,-2.0
-6.0,-6.0,-2.0
-6.0,-6.0,-2.0
-6.0,-6.0,-2.0
-6.0,-6.0,-2.0
-6.0,-6.0,-2.0
-6.0,-6.0,-2.0
-6.0,-6.0,-2.0
-6.0,-6.0,-2.0
-6.0,-6.0,-2.0
-6.0,-6.0,-2.0
-6.0,-6.0,-2.0
-6.0,-6.0,-2.0
-6.0,-6.0,-2.0
-6.0,-6.0,-2.0
-6.0,-6.0,-2.0
-6.0,-6.0,-2.0
-6.0,-6.0,-2.0
-6.0,-6.0,-2.0
-6.0,-6.0,-2.0
-6.0,-6.0,-2.0
-6.0,-6.0,-2.0
-6.0,-6.0,-2.0
-6.0,-6.0,-2.0
-6.0,-6.0,-2.0
-6.0,-6.0,-2.0
-6.0,-6.0,-2.0
-6.0,-6.0,-2.0
-6.0,-6.0,-2.0
-6.0,-6.0,-2.0
-6.0,-6.0,-2.0
-6.0,-6.0,-2.0
-6.0,-6.0,-2.0
-6.0,-6.0,-2.0
-6.0,-6.0,-2.0
-6.0,-6.0,-2.0
-6.0,-6.0,-2.0
-6.0,-6.0,-2.0
-6.0,-6.0,-2.0
-6.0,-6.0,-2.0
-6.0,-6.0,-2.0
-6.0,-6.0,-2.0
-6.0,-6.0,-2.0
-6.0,-6.0,-2.0
-6.0,-6.0,-2.0
-6.0,-6.0,-2.0
-6.0,-6.0,-2.0
-6.0,-6.0,-2.0
-6.0,-6.0,-2.0
-6.0,-6.0,-2.0
-6.0,-6.0,-2.0
-6.0,-6.0,-2.0
-6.0,-6.0,-2.0
-6.0,-6.0,-2.0
-6.0,-6.0,-2.0
-6.0,-6.0,-2.0
-6.0,-6.0,-2.0
-6.0,-6.0,-2.0
-6.0,-6.0,-2.0
-6.0,-6.0,-2.0
-6.0,-6.0,-2.0
-6.0,-6.0,-2.0
-6.0,-6.0,-2.0
-6.0,-6.0,-2.0
-6.0,-6.0,-2.0
-6.0,-6.0,-2.0
-6.0,-6.0,-2.0
-6.0,-6.0,-2.0
-6.0,-6.0,-2.0
-6.0,-6.0,-2.0
-6.0,-6.0,-2.0
-6.0,-6.0,-2.0
-6.0,-6.0,-2.0
-6.0,-6.0,-2.0
-6.0,-6.0,-2.0
-6.0,-6.0,-2.0
-6.0,-6.0,-2.0
-6.0,-6.0,-2.0
-6.0,-6.0,-2.0
-6.0,-6.0,-2.0
-6.0,-6.0,-2.0
-6.0,-6.0,-2.0
-6.0,-6.0,-2.0
-6.0,-6.0,-2.0
-6.0,-6.0,-2.0
-6.0,-6.0,-2.0
-6.0,-6.0,-2.0
-6.0,-6.0,-2.0
-6.0,-6.0,-2.0
-6.0,-6.0,-2.0
-6.0,-6.0,-2.0
-6.0,-6.0,-2.0
-6.0,-6.0,-2.0
-6.0,-6.0,-2.0
-6.0,-6.0,-2.0
-6.0,-6.0,-2.0
-6.0,-6.0,-2.0
-6.0,-6.0,-2.0
-6.0,-6.0,-2.0
-6.0,-6.0,-2.0
-6.0,-6.0,-2.0
-6.0,-6.0,-2.0
-6.0,-6.0,-2.0
-6.0,-6.0,-2.0
-6.0,-6.0,-2.0
-6.0,-6.0,-2.0
-6.0,-6.0,-2.0
-6.0,-6.0,-2.0
-6.0,-6.0,-2.0
-6.0,-6.0,-2.0
-6.0,-6.0,-2.0
-6.0,-6.0,-2.0
-6.0,-6.0,-2.0
-6.0,-6.0,-2.0
-6.0,-6.0,-2.0
-6.0,-6.0,-2.0
-6.0,-6.0,-2.0
-6.0,-6.0,-2.0
-6.0,-6.0,-2.0
-6.0,-6.0,-2.0
-6.0,-6.0,-2.0
-6.0,-6.0,-2.0
-6.0,-6.0,-2.0
-6.0,-6.0,-2.0
-6.0,-6.0,-2.0
-6.0,-6.0,-2.0
-6.0,-6.0,-2.0
-6.0,-6.0,-2.0
-6.0,-6.0,-2.0
-6.0,-6.0,-2.0
-6.0,-6.0,-2.0
-6.0,-6.0,-2.0
-6.0,-6.0,-2.0
-6.0,-6.0,-2.0
-6.0,-6.0,-2.0
-6.0,-6.0,-2.0
-6.0,-6.0,-2.0
-6.0,-6.0,-2.0
-6.0,-6.0,-2.0
-6.0,-6.0,-2.0
-6.0,-6.0,-2.0
-6.0,-6.0,-2.0
-6.0,-6.0,-2.0
-6.0,-6.0,-2.0
-6.0,-6.0,-2.0
-6.0,-6.0,-2.0
-6.0,-6.0,-2.0
-6.0,-6.0,-2.0
-6.0,-6.0,-2.0
-6.0,-6.0,-2.0
-6.0,-6.0,-2.0
-6.0,-6.0,-2.0
-6.0,-6.0,-2.0
-6.0,-6.0,-2.0
-6.0,-6.0,-2.0
-6.0,-6.0,-2.0
-6.0,-6.0,-2.0
-6.0,-6.0,-2.0
-6.0,-6.0,-2.0
-6.0,-6.0,-2.0
-6.0,-6.0,-2.0
-6.0,-6.0,-2.0
-6.0,-6.0,-2.0
-6.0,-6.0,-2.0
-6.0,-6.0,-2.0
-6.0,-6.0,-2.0
-6.0,-6.0,-2.0
-6.0,-6.0,-2.0
-6.0,-6.0,-2.0
-6.0,-6.0,-2.0
-6.0,-6.0,-2.0
-6.0,-6.0,-2.0
-6.0,-6.0,-2.0
-6.0,-6.0,-2.0
-6.0,-6.0,-2.0
-6.0,-6.0,-2.0
-6.0,-6.0,-2.0
-6.0,-6.0,-2.0
-6.0,-6.0,-2.0
-6.0,-6.0,-2.0
-6.0,-6.0,-2.0
-6.0,-6.0,-2.0
-6.0,-6.0,-2.0
-6.0,-6.0,-2.0
-6.0,-6.0,-2.0
-6.0,-6.0,-2.0
-6.0,-6.0,-2.0
-6.0,-6.0,-2.0
-6.0,-6.0,-2.0
-6.0,-6.0,-2.0
-6.0,-6.0,-2.0
-6.0,-6.0,-2.0
-6.0,-6.0,-2.0
-6.0,-6.0,-2.0
-6.0,-6.0,-2.0
-6.0,-6.0,-2.0
-6.0,-6.0,-2.0
-6.0,-6.0,-2.0
-6.0,-6.0,-2.0
-6.0,-6.0,-2.0
-6.0,-6.0,-2.0
-6.0,-6.0,-2.0
-6.0,-6.0,-2.0
-6.0,-6.0,-2.0
-6.0,-6.0,-2.0
-6.0,-6.0,-2.0
-6.0,-6.0,-2.0
-6.0,-6.0,-2.0
-6.0,-6.0,-2.0
-6.0,-6.0,-2.0
-6.0,-6.0,-2.0
-6.0,-6.0,-2.0
-6.0,-6.0,-2.0
-6.0,-6.0,-2.0
-6.0,-6.0,-2.0
-6.0,-6.0,-2.0
-6.0,-6.0,-2.0
-6.0,-6.0,-2.0
-6.0,-6.0,-2.0
-6.0,-6.0,-2.0
-6.0,-6.0,-2.0
-6.0,-6.0,-2.0
-6.0,-6.0,-2.0
-6.0,-6.0,-2.0
-6.0,-6.0,-2.0
-6.0,-6.0,-2.0
-6.0,-6.0,-2.0
-6.0,-6.0,-2.0
-6.0,-6.0,-2.0
-6.0,-6.0,-2.0
-6.0,-6.0,-2.0
-6.0,-6.0,-2.0
-6.0,-6.0,-2.0
-6.0,-6.0,-2.0
-6.0,-6.0,-2.0
-6.0,-6.0,-2.0
-6.0,-6.0,-2.0
-6.0,-6.0,-2.0
-6.0,-6.0,-2.0
-6.0,-6.0,-2.0
-6.0,-6.0,-2.0
-6.0,-6.0,-2.0
-6.0,-6.0,-2.0
-6.0,-6.0,-2.0
-6.0,-6.0,-2.0
-6.0,-6.0,-2.0
-6.0,-6.0,-2.0
-6.0,-6.0,-2.0
-6.0,-6.0,-2.0
-6.0,-6.0,-2.0
-6.0,-6.0,-2.0
-6.0,-6.0,-2.0
-6.0,-6.0,-2.0
-6.0,-6.0,-2.0
-6.0,-6.0,-2.0
-6.0,-6.0,-2.0
-6.0,-6.0,-2.0
-6.0,-6.0,-2.0
-6.0,-6.0,-2.0
-6.0,-6.0,-2.0
-6.0,-6.0,-2.0
-6.0,-6.0,-2.0
-6.0,-6.0,-2.0
-6.0,-6.0,-2.0
-6.0,-6.0,-2.0
-6.0,-6.0,-2.0
-6.0,-6.0,-2.0
-6.0,-6.0,-2.0
-6.0,-6.0,-2.0
-6.0,-6.0,-2.0
-6.0,-6.0,-2.0
-6.0,-6.0,-2.0
-6.0,-6.0,-2.0
-6.0,-6.0,-2.0
-6.0,-6.0,-2.0
-6.0,-6.0,-2.0
-6.0,-6.0,-2.0
-6.0,-6.0,-2.0
-6.0,-6.0,-2.0
-6.0,-6.0,-2.0
-6.0,-6.0,-2.0
-6.0,-6.0,-2.0
-6.0,-6.0,-2.0
-6.0,-6.0,-2.0
-6.0,-6.0,-2.0
-6.0,-6.0,-2.0
-6.0,-6.0,-2.0
-6.0,-6.0,-2.0
-6.0,-6.0,-2.0
-6.0,-6.0,-2.0
-6.0,-6.0,-2.0
-6.0,-6.0,-2.0
-6.0,-6.0,-2.0
-6.0,-6.0,-2.0
-6.0,-6.0,-2.0
-6.0,-6.0,-2.0
-6.0,-6.0,-2.0
-6.0,-6.0,-2.0
-6.0,-6.0,-2.0
-6.0,-6.0,-2.0
-6.0,-6.0,-2.0
-6.0,-6.0,-2.0
-6.0,-6.0,-2.0
-6.0,-6.0,-2.0
-6.0,-6.0,-2.0
-6.0,-6.0,-2.0
-6.0,-6.0,-2.0
-6.0,-6.0,-2.0
-6.0,-6.0,-2.0
-6.0,-6.0,-2.0
-6.0,-6.0,-2.0
-6.0,-6.0,-2.0
-6.0,-6.0,-2.0
-6.0,-6.0,-2.0
-6.0,-6.0,-2.0
-6.0,-6.0,-2.0
-6.0,-6.0,-2.0
-6.0,-6.0,-2.0
-6.0,-6.0,-2.0
-6.0,-6.0,-2.0
-6.0,-6.0,-2.0
-6.0,-6.0,-2.0
-6.0,-6.0,-2.0
-6.0,-6.0,-2.0
-6.0,-6.0,-2.0
-6.0,-6.0,-2.0
-6.0,-6.0,-2.0
-6.0,-6.0,-2.0
-6.0,-6.0,-2.0
-6.0,-6.0,-2.0
-6.0,-6.0,-2.0
-6.0,-6.0,-2.0
-6.0,-6.0,-2.0
-6.0,-6.0,-2.0
-6.0,-6.0,-2.0
-6.0,-6.0,-2.0
-6.0,-6.0,-2.0
-6.0,-6.0,-2.0
-6.0,-6.0,-2.0
-6.0,-6.0,-2.0
-6.0,-6.0,-2.0
-6.0,-6.0,-2.0
-6.0,-6.0,-2.0
-6.0,-6.0,-2.0
-6.0,-6.0,-2.0
-6.0,-6.0,-2.0
-6.0,-6.0,-2.0
-6.0,-6.0,-2.0
-6.0,-6.0,-2.0
-6.0,-6.0,-2.0
-6.0,-6.0,-2.0
-6.0,-6.0,-2.0
-6.0,-6.0,-2.0
-6.0,-6.0,-2.0
-6.0,-6.0,-2.0
-6.0,-6.0,-2.0
-6.0,-6.0,-2.0
-6.0,-6.0,-2.0
-6.0,-6.0,-2.0
-6.0,-6.0,-2.0
-6.0,-6.0,-2.0
-6.0,-6.0,-2.0
-6.0,-6.0,-2.0
-6.0,-6.0,-2.0
-6.0,-6.0,-2.0
-6.0,-6.0,-2.0
-6.0,-6.0,-2.0
-6.0,-6.0,-2.0
-6.0,-6.0,-2.0
-6.0,-6.0,-2.0
-6.0,-6.0,-2.0
-6.0,-6.0,-2.0
-6.0,-6.0,-2.0
-6.0,-6.0,-2.0
-6.0,-6.0,-2.0
-6.0,-6.0,-2.0
-6.0,-6.0,-2.0
-6.0,-6.0,-2.0
-6.0,-6.0,-2.0
-6.0,-6.0,-2.0
-6.0,-6.0,-2.0
-6.0,-6.0,-2.0
-6.0,-6.0,-2.0
-6.0,-6.0,-2.0
-6.0,-6.0,-2.0
-6.0,-6.0,-2.0
-6.0,-6.0,-2.0
-6.0,-6.0,-2.0
-6.0,-6.0,-2.0
-6.0,-6.0,-2.0
-6.0,-6.0,-2.0
-6.0,-6.0,-2.0
-6.0,-6.0,-2.0
-6.0,-6.0,-2.0
-6.0,-6.0,-2.0
-6.0,-6.0,-2.0
-6.0,-6.0,-2.0
-6.0,-6.0,-2.0
-6.0,-6.0,-2.0
-6.0,-6.0,-2.0
-6.0,-6.0,-2.0
-6.0,-6.0,-2.0
-6.0,-6.0,-2.0
-6.0,-6.0,-2.0
-6.0,-6.0,-2.0
-6.0,-6.0,-2.0
-6.0,-6.0,-2.0
-6.0,-6.0,-2.0
-6.0,-6.0,-2.0
-6.0,-6.0,-2.0
-6.0,-6.0,-2.0
-6.0,-6.0,-2.0
-6.0,-6.0,-2.0
-6.0,-6.0,-2.0
-6.0,-6.0,-2.0
-6.0,-6.0,-2.0
-6.0,-6.0,-2.0
-6.0,-6.0,-2.0
-6.0,-6.0,-2.0
-6.0,-6.0,-2.0
-6.0,-6.0,-2.0
-6.0,-6.0,-2.0
-6.0,-6.0,-2.0
-6.0,-6.0,-2.0
-6.0,-6.0,-2.0
-6.0,-6.0,-2.0
-6.0,-6.0,-2.0
-6.0,-6.0,-2.0
-6.0,-6.0,-2.0
-6.0,-6.0,-2.0
-6.0,-6.0,-2.0
-6.0,-6.0,-2.0
-6.0,-6.0,-2.0
-6.0,-6.0,-2.0
-6.0,-6.0,-2.0
-6.0,-6.0,-2.0
-6.0,-6.0,-2.0
-6.0,-6.0,-2.0
-6.0,-6.0,-2.0
-6.0,-6.0,-2.0
-6.0,-6.0,-2.0
-6.0,-6.0,-2.0
-6.0,-6.0,-2.0
-6.0,-6.0,-2.0
-6.0,-6.0,-2.0
-6.0,-6.0,-2.0
-6.0,-6.0,-2.0
-6.0,-6.0,-2.0
-6.0,-6.0,-2.0
-6.0,-6.0,-2.0
-6.0,-6.0,-2.0
-6.0,-6.0,-2.0
-6.0,-6.0,-2.0
-6.0,-6.0,-2.0
-6.0,-6.0,-2.0
-6.0,-6.0,-2.0
-6.0,-6.0,-2.0
-6.0,-6.0,-2.0
-6.0,-6.0,-2.0
-6.0,-6.0,-2.0
-6.0,-6.0,-2.0
-6.0,-6.0,-2.0
-6.0,-6.0,-2.0
-6.0,-6.0,-2.0
-6.0,-6.0,-2.0
-6.0,-6.0,-2.0
-6.0,-6.0,-2.0
-6.0,-6.0,-2.0
-6.0,-6.0,-2.0
-6.0,-6.0,-2.0
-6.0,-6.0,-2.0
-6.0,-6.0,-2.0
-6.0,-6.0,-2.0
-6.0,-6.0,-2.0
-6.0,-6.0,-2.0
-6.0,-6.0,-2.0
-6.0,-6.0,-2.0
-6.0,-6.0,-2.0
-6.0,-6.0,-2.0
-6.0,-6.0,-2.0
-6.0,-6.0,-2.0
-6.0,-6.0,-2.0
-6.0,-6.0,-2.0
-6.0,-6.0,-2.0
-6.0,-6.0,-2.0
-6.0,-6.0,-2.0
-6.0,-6.0,-2.0
-6.0,-6.0,-2.0
-6.0,-6.0,-2.0
-6.0,-6.0,-2.0
-6.0,-6.0,-2.0
-6.0,-6.0,-2.0
-6.0,-6.0,-2.0
-6.0,-6.0,-2.0
-6.0,-6.0,-2.0
-6.0,-6.0,-2.0
-6.0,-6.0,-2.0
-6.0,-6.0,-2.0
-6.0,-6.0,-2.0
-6.0,-6.0,-2.0
-6.0,-6.0,-2.0
-6.0,-6.0,-2.0
-6.0,-6.0,-2.0
-6.0,-6.0,-2.0
-6.0,-6.0,-2.0
-6.0,-6.0,-2.0
-6.0,-6.0,-2.0
-6.0,-6.0,-2.0
-6.0,-6.0,-2.0
-6.0,-6.0,-2.0
-6.0,-6.0,-2.0
-6.0,-6.0,-2.0
-6.0,-6.0,-2.0
-6.0,-6.0,-2.0
-6.0,-6.0,-2.0
-6.0,-6.0,-2.0
-6.0,-6.0,-2.0
-6.0,-6.0,-2.0
-6.0,-6.0,-2.0
-6.0,-6.0,-2.0
-6.0,-6.0,-2.0
-6.0,-6.0,-2.0
-6.0,-6.0,-2.0
-6.0,-6.0,-2.0
-6.0,-6.0,-2.0
-6.0,-6.0,-2.0
-6.0,-6.0,-2.0
-6.0,-6.0,-2.0
-6.0,-6.0,-2.0
-6.0,-6.0,-2.0
-6.0,-6.0,-2.0
-6.0,-6.0,-2.0
-6.0,-6.0,-2.0
-6.0,-6.0,-2.0
-6.0,-6.0,-2.0
-6.0,-6.0,-2.0
-6.0,-6.0,-2.0
-6.0,-6.0,-2.0
-6.0,-6.0,-2.0
-6.0,-6.0,-2.0
-6.0,-6.0,-2.0
-6.0,-6.0,-2.0
-6.0,-6.0,-2.0
-6.0,-6.0,-2.0
-6.0,-6.0,-2.0
-6.0,-6.0,-2.0
-6.0,-6.0,-2.0
-6.0,-6.0,-2.0
-6.0,-6.0,-2.0
-6.0,-6.0,-2.0
-6.0,-6.0,-2.0
-6.0,-6.0,-2.0
-6.0,-6.0,-2.0
-6.0,-6.0,-2.0
-6.0,-6.0,-2.0
-6.0,-6.0,-2.0
-6.0,-6.0,-2.0
-6.0,-6.0,-2.0
-6.0,-6.0,-2.0
-6.0,-6.0,-2.0
-6.0,-6.0,-2.0
-6.0,-6.0,-2.0
-6.0,-6.0,-2.0
-6.0,-6.0,-2.0
-6.0,-6.0,-2.0
-6.0,-6.0,-2.0
-6.0,-6.0,-2.0
-6.0,-6.0,-2.0
-6.0,-6.0,-2.0
-6.0,-6.0,-2.0
-6.0,-6.0,-2.0
-6.0,-6.0,-2.0
-6.0,-6.0,-2.0
-6.0,-6.0,-2.0
-6.0,-6.0,-2.0
-6.0,-6.0,-2.0
-6.0,-6.0,-2.0
-6.0,-6.0,-2.0
-6.0,-6.0,-2.0
-6.0,-6.0,-2.0
-6.0,-6.0,-2.0
-6.0,-6.0,-2.0
-6.0,-6.0,-2.0
-6.0,-6.0,-2.0
-6.0,-6.0,-2.0
-6.0,-6.0,-2.0
-6.0,-6.0,-2.0
-6.0,-6.0,-2.0
-6.0,-6.0,-2.0
-6.0,-6.0,-2.0
-6.0,-6.0,-2.0
-6.0,-6.0,-2.0
-6.0,-6.0,-2.0
-6.0,-6.0,-2.0
-6.0,-6.0,-2.0
-6.0,-6.0,-2.0
-6.0,-6.0,-2.0
-6.0,-6.0,-2.0
-6.0,-6.0,-2.0
-6.0,-6.0,-2.0
-6.0,-6.0,-2.0
-6.0,-6.0,-2.0
-6.0,-6.0,-2.0
-6.0,-6.0,-2.0
-6.0,-6.0,-2.0
-6.0,-6.0,-2.0
-6.0,-6.0,-2.0
-6.0,-6.0,-2.0
-6.0,-6.0,-2.0
-6.0,-6.0,-2.0
-6.0,-6.0,-2.0
-6.0,-6.0,-2.0
-6.0,-6.0,-2.0
-6.0,-6.0,-2.0
-6.0,-6.0,-2.0
-6.0,-6.0,-2.0
-6.0,-6.0,-2.0
-6.0,-6.0,-2.0
-6.0,-6.0,-2.0
-6.0,-6.0,-2.0
-6.0,-6.0,-2.0
-6.0,-6.0,-2.0
-6.0,-6.0,-2.0
-6.0,-6.0,-2.0
-6.0,-6.0,-2.0
-6.0,-6.0,-2.0
-6.0,-6.0,-2.0
-6.0,-6.0,-2.0
-6.0,-6.0,-2.0
-6.0,-6.0,-2.0
-6.0,-6.0,-2.0
-6.0,-6.0,-2.0
-6.0,-6.0,-2.0
-6.0,-6.0,-2.0
-6.0,-6.0,-2.0
-6.0,-6.0,-2.0
-6.0,-6.0,-2.0
-6.0,-6.0,-2.0
-6.0,-6.0,-2.0
-6.0,-6.0,-2.0
-6.0,-6.0,-2.0
-6.0,-6.0,-2.0
-6.0,-6.0,-2.0
-6.0,-6.0,-2.0
-6.0,-6.0,-2.0
-6.0,-6.0,-2.0
-6.0,-6.0,-2.0
-6.0,-6.0,-2.0
-6.0,-6.0,-2.0
-6.0,-6.0,-2.0
-6.0,-6.0,-2.0
-6.0,-6.0,-2.0
-6.0,-6.0,-2.0
-6.0,-6.0,-2.0
-6.0,-6.0,-2.0
-6.0,-6.0,-2.0
-6.0,-6.0,-2.0
-6.0,-6.0,-2.0
-6.0,-6.0,-2.0
-6.0,-6.0,-2.0
-6.0,-6.0,-2.0
-6.0,-6.0,-2.0
-6.0,-6.0,-2.0
-6.0,-6.0,-2.0
-6.0,-6.0,-2.0
-6.0,-6.0,-2.0
-6.0,-6.0,-2.0
-6.0,-6.0,-2.0
-6.0,-6.0,-2.0
-6.0,-6.0,-2.0
-6.0,-6.0,-2.0
-6.0,-6.0,-2.0
-6.0,-6.0,-2.0
-6.0,-6.0,-2.0
-6.0,-6.0,-2.0
-6.0,-6.0,-2.0
-6.0,-6.0,-2.0
-6.0,-6.0,-2.0
-6.0,-6.0,-2.0
-6.0,-6.0,-2.0
-6.0,-6.0,-2.0
-6.0,-6.0,-2.0
-6.0,-6.0,-2.0
-6.0,-6.0,-2.0
-6.0,-6.0,-2.0
-6.0,-6.0,-2.0
-6.0,-6.0,-2.0
-6.0,-6.0,-2.0
-6.0,-6.0,-2.0
-6.0,-6.0,-2.0
-6.0,-6.0,-2.0
-6.0,-6.0,-2.0
-6.0,-6.0,-2.0
-6.0,-6.0,-2.0
-6.0,-6.0,-2.0
-6.0,-6.0,-2.0
-6.0,-6.0,-2.0
-6.0,-6.0,-2.0
-6.0,-6.0,-2.0
-6.0,-6.0,-2.0
-6.0,-6.0,-2.0
-6.0,-6.0,-2.0
-6.0,-6.0,-2.0
-6.0,-6.0,-2.0
-6.0,-6.0,-2.0
-6.0,-6.0,-2.0
-6.0,-6.0,-2.0
-6.0,-6.0,-2.0
-6.0,-6.0,-2.0
-6.0,-6.0,-2.0
-6.0,-6.0,-2.0
-6.0,-6.0,-2.0
-6.0,-6.0,-2.0
-6.0,-6.0,-2.0
-6.0,-6.0,-2.0
-6.0,-6.0,-2.0
-6.0,-6.0,-2.0
-6.0,-6.0,-2.0
-6.0,-6.0,-2.0
-6.0,-6.0,-2.0
-6.0,-6.0,-2.0
-6.0,-6.0,-2.0
-6.0,-6.0,-2.0
-6.0,-6.0,-2.0
-6.0,-6.0,-2.0
-6.0,-6.0,-2.0
-6.0,-6.0,-2.0
-6.0,-6.0,-2.0
-6.0,-6.0,-2.0
-6.0,-6.0,-2.0
-6.0,-6.0,-2.0
-6.0,-6.0,-2.0
-6.0,-6.0,-2.0
-6.0,-6.0,-2.0
-6.0,-6.0,-2.0
-6.0,-6.0,-2.0
-6.0,-6.0,-2.0
-6.0,-6.0,-2.0
-6.0,-6.0,-2.0
-6.0,-6.0,-2.0
-6.0,-6.0,-2.0
-6.0,-6.0,-2.0
-6.0,-6.0,-2.0
-6.0,-6.0,-2.0
-6.0,-6.0,-2.0
-6.0,-6.0,-2.0
-6.0,-6.0,-2.0
-6.0,-6.0,-2.0
-6.0,-6.0,-2.0
-6.0,-6.0,-2.0
-6.0,-6.0,-2.0
-6.0,-6.0,-2.0
-6.0,-6.0,-2.0
-6.0,-6.0,-2.0
-6.0,-6.0,-2.0
-6.0,-6.0,-2.0
-6.0,-6.0,-2.0
-6.0,-6.0,-2.0
-6.0,-6.0,-2.0
-6.0,-6.0,-2.0
-6.0,-6.0,-2.0
-6.0,-6.0,-2.0
-6.0,-6.0,-2.0
-6.0,-6.0,-2.0
-6.0,-6.0,-2.0
-6.0,-6.0,-2.0
-6.0,-6.0,-2.0
-6.0,-6.0,-2.0
-6.0,-6.0,-2.0
-6.0,-6.0,-2.0
-6.0,-6.0,-2.0
-6.0,-6.0,-2.0
-6.0,-6.0,-2.0
-6.0,-6.0,-2.0
-6.0,-6.0,-2.0
-6.0,-6.0,-2.0
-6.0,-6.0,-2.0
-6.0,-6.0,-2.0
-6.0,-6.0,-2.0
-6.0,-6.0,-2.0
-6.0,-6.0,-2.0
-6.0,-6.0,-2.0
-6.0,-6.0,-2.0
-6.0,-6.0,-2.0
-6.0,-6.0,-2.0
-6.0,-6.0,-2.0
-6.0,-6.0,-2.0
-6.0,-6.0,-2.0
-6.0,-6.0,-2.0
-6.0,-6.0,-2.0
-6.0,-6.0,-2.0
-6.0,-6.0,-2.0
-6.0,-6.0,-2.0
-6.0,-6.0,-2.0
-6.0,-6.0,-2.0
-6.0,-6.0,-2.0
-6.0,-6.0,-2.0
-6.0,-6.0,-2.0
-6.0,-6.0,-2.0
-6.0,-6.0,-2.0
-6.0,-6.0,-2.0
-6.0,-6.0,-2.0
-6.0,-6.0,-2.0
-6.0,-6.0,-2.0
-6.0,-6.0,-2.0
-6.0,-6.0,-2.0
-6.0,-6.0,-2.0
-6.0,-6.0,-2.0
-6.0,-6.0,-2.0
-6.0,-6.0,-2.0
-6.0,-6.0,-2.0
-6.0,-6.0,-2.0
-6.0,-6.0,-2.0
-6.0,-6.0,-2.0
-6.0,-6.0,-2.0
-6.0,-6.0,-2.0
-6.0,-6.0,-2.0
-6.0,-6.0,-2.0
-6.0,-6.0,-2.0
-6.0,-6.0,-2.0
-6.0,-6.0,-2.0
-6.0,-6.0,-2.0
-6.0,-6.0,-2.0
-6.0,-6.0,-2.0
-6.0,-6.0,-2.0
-6.0,-6.0,-2.0
-6.0,-6.0,-2.0
-6.0,-6.0,-2.0
-6.0,-6.0,-2.0
-6.0,-6.0,-2.0
-6.0,-6.0,-2.0
-6.0,-6.0,-2.0
-6.0,-6.0,-2.0
-6.0,-6.0,-2.0
-6.0,-6.0,-2.0
-6.0,-6.0,-2.0
-6.0,-6.0,-2.0
-6.0,-6.0,-2.0
-6.0,-6.0,-2.0
-6.0,-6.0,-2.0
-6.0,-6.0,-2.0
-6.0,-6.0,-2.0
-6.0,-6.0,-2.0
-6.0,-6.0,-2.0
-6.0,-6.0,-2.0
-6.0,-6.0,-2.0
-6.0,-6.0,-2.0
-6.0,-6.0,-2.0
-6.0,-6.0,-2.0
-6.0,-6.0,-2.0
-6.0,-6.0,-2.0
-6.0,-6.0,-2.0
-6.0,-6.0,-2.0
-6.0,-6.0,-2.0
-6.0,-6.0,-2.0
-6.0,-6.0,-2.0
-6.0,-6.0,-2.0
-6.0,-6.0,-2.0
-6.0,-6.0,-2.0
-6.0,-6.0,-2.0
-6.0,-6.0,-2.0
-6.0,-6.0,-2.0
-6.0,-6.0,-2.0
-6.0,-6.0,-2.0
-6.0,-6.0,-2.0
-6.0,-6.0,-2.0
-6.0,-6.0,-2.0
-6.0,-6.0,-2.0
-6.0,-6.0,-2.0
-6.0,-6.0,-2.0
-6.0,-6.0,-2.0
-6.0,-6.0,-2.0
-6.0,-6.0,-2.0
-6.0,-6.0,-2.0
-6.0,-6.0,-2.0
-6.0,-6.0,-2.0
-6.0,-6.0,-2.0
-6.0,-6.0,-2.0
-6.0,-6.0,-2.0
-6.0,-6.0,-2.0
-6.0,-6.0,-2.0
-6.0,-6.0,-2.0
-6.0,-6.0,-2.0
-6.0,-6.0,-2.0
-6.0,-6.0,-2.0
-6.0,-6.0,-2.0
-6.0,-6.0,-2.0
-6.0,-6.0,-2.0
-6.0,-6.0,-2.0
-6.0,-6.0,-2.0
-6.0,-6.0,-2.0
-6.0,-6.0,-2.0
-6.0,-6.0,-2.0
-6.0,-6.0,-2.0
-6.0,-6.0,-2.0
-6.0,-6.0,-2.0
-6.0,-6.0,-2.0
-6.0,-6.0,-2.0
-6.0,-6.0,-2.0
-6.0,-6.0,-2.0
-6.0,-6.0,-2.0
-6.0,-6.0,-2.0
-6.0,-6.0,-2.0
-6.0,-6.0,-2.0
-6.0,-6.0,-2.0
-6.0,-6.0,-2.0
-6.0,-6.0,-2.0
-6.0,-6.0,-2.0
-6.0,-6.0,-2.0
-6.0,-6.0,-2.0
-6.0,-6.0,-2.0
-6.0,-6.0,-2.0
-6.0,-6.0,-2.0
-6.0,-6.0,-2.0
-6.0,-6.0,-2.0
-6.0,-6.0,-2.0
-6.0,-6.0,-2.0
-6.0,-6.0,-2.0
-6.0,-6.0,-2.0
-6.0,-6.0,-2.0
-6.0,-6.0,-2.0
-6.0,-6.0,-2.0
-6.0,-6.0,-2.0
-6.0,-6.0,-2.0
-6.0,-6.0,-2.0
-6.0,-6.0,-2.0
-6.0,-6.0,-2.0
-6.0,-6.0,-2.0
-6.0,-6.0,-2.0
-6.0,-6.0,-2.0
-6.0,-6.0,-2.0
-6.0,-6.0,-2.0
-6.0,-6.0,-2.0
-6.0,-6.0,-2.0
-6.0,-6.0,-2.0
-6.0,-6.0,-2.0
-6.0,-6.0,-2.0
-6.0,-6.0,-2.0
-6.0,-6.0,-2.0
-6.0,-6.0,-2.0
-6.0,-6.0,-2.0
-6.0,-6.0,-2.0
-6.0,-6.0,-2.0
-6.0,-6.0,-2.0
-6.0,-6.0,-2.0
-6.0,-6.0,-2.0
-6.0,-6.0,-2.0
-6.0,-6.0,-2.0
-6.0,-6.0,-2.0
-6.0,-6.0,-2.0
-6.0,-6.0,-2.0
-6.0,-6.0,-2.0
-6.0,-6.0,-2.0
-6.0,-6.0,-2.0
-6.0,-6.0,-2.0
-6.0,-6.0,-2.0
-6.0,-6.0,-2.0
-6.0,-6.0,-2.0
-6.0,-6.0,-2.0
-6.0,-6.0,-2.0
-6.0,-6.0,-2.0
-6.0,-6.0,-2.0
-6.0,-6.0,-2.0
-6.0,-6.0,-2.0
-6.0,-6.0,-2.0
-6.0,-6.0,-2.0
-6.0,-6.0,-2.0
-6.0,-6.0,-2.0
-6.0,-6.0,-2.0
-6.0,-6.0,-2.0
-6.0,-6.0,-2.0
-6.0,-6.0,-2.0
-6.0,-6.0,-2.0
-6.0,-6.0,-2.0
-6.0,-6.0,-2.0
-6.0,-6.0,-2.0
-6.0,-6.0,-2.0
-6.0,-6.0,-2.0
-6.0,-6.0,-2.0
-6.0,-6.0,-2.0
-6.0,-6.0,-2.0
-6.0,-6.0,-2.0
-6.0,-6.0,-2.0
-6.0,-6.0,-2.0
-6.0,-6.0,-2.0
-6.0,-6.0,-2.0
-6.0,-6.0,-2.0
-6.0,-6.0,-2.0
-6.0,-6.0,-2.0
-6.0,-6.0,-2.0
-6.0,-6.0,-2.0
-6.0,-6.0,-2.0
-6.0,-6.0,-2.0
-6.0,-6.0,-2.0
-6.0,-6.0,-2.0
-6.0,-6.0,-2.0
-6.0,-6.0,-2.0
-6.0,-6.0,-2.0
-6.0,-6.0,-2.0
-6.0,-6.0,-2.0
-6.0,-6.0,-2.0
-6.0,-6.0,-2.0
-6.0,-6.0,-2.0
-6.0,-6.0,-2.0
-6.0,-6.0,-2.0
-6.0,-6.0,-2.0
-6.0,-6.0,-2.0
-6.0,-6.0,-2.0
-6.0,-6.0,-2.0
-6.0,-6.0,-2.0
-6.0,-6.0,-2.0
-6.0,-6.0,-2.0
-6.0,-6.0,-2.0
-6.0,-6.0,-2.0
-6.0,-6.0,-2.0
-6.0,-6.0,-2.0
-6.0,-6.0,-2.0
-6.0,-6.0,-2.0
-6.0,-6.0,-2.0
-6.0,-6.0,-2.0
-6.0,-6.0,-2.0
-6.0,-6.0,-2.0
-6.0,-6.0,-2.0
-6.0,-6.0,-2.0
-6.0,-6.0,-2.0
-6.0,-6.0,-2.0
-6.0,-6.0,-2.0
-6.0,-6.0,-2.0
-6.0,-6.0,-2.0
-6.0,-6.0,-2.0
-6.0,-6.0,-2.0
-6.0,-6.0,-2.0
-6.0,-6.0,-2.0
-6.0,-6.0,-2.0
-6.0,-6.0,-2.0
-6.0,-6.0,-2.0
-6.0,-6.0,-2.0
-6.0,-6.0,-2.0
-6.0,-6.0,-2.0
-6.0,-6.0,-2.0
-6.0,-6.0,-2.0
-6.0,-6.0,-2.0
-6.0,-6.0,-2.0
-6.0,-6.0,-2.0
-6.0,-6.0,-2.0
-6.0,-6.0,-2.0
-6.0,-6.0,-2.0
-6.0,-6.0,-2.0
-6.0,-6.0,-2.0
-6.0,-6.0,-2.0
-6.0,-6.0,-2.0
-6.0,-6.0,-2.0
-6.0,-6.0,-2.0
-6.0,-6.0,-2.0
-6.0,-6.0,-2.0
-6.0,-6.0,-2.0
-6.0,-6.0,-2.0
-6.0,-6.0,-2.0
-6.0,-6.0,-2.0
-6.0,-6.0,-2.0
-6.0,-6.0,-2.0
-6.0,-6.0,-2.0
-6.0,-6.0,-2.0
-6.0,-6.0,-2.0
-6.0,-6.0,-2.0
-6.0,-6.0,-2.0
-6.0,-6.0,-2.0
-6.0,-6.0,-2.0
-6.0,-6.0,-2.0
-6.0,-6.0,-2.0
-6.0,-6.0,-2.0
-6.0,-6.0,-2.0
-6.0,-6.0,-2.0
-6.0,-6.0,-2.0
-6.0,-6.0,-2.0
-6.0,-6.0,-2.0
-6.0,-6.0,-2.0
-6.0,-6.0,-2.0
-6.0,-6.0,-2.0
-6.0,-6.0,-2.0
-6.0,-6.0,-2.0
-6.0,-6.0,-2.0
-6.0,-6.0,-2.0
-6.0,-6.0,-2.0
-6.0,-6.0,-2.0
-6.0,-6.0,-2.0
-6.0,-6.0,-2.0
-6.0,-6.0,-2.0
-6.0,-6.0,-2.0
-6.0,-6.0,-2.0
-6.0,-6.0,-2.0
-6.0,-6.0,-2.0
-6.0,-6.0,-2.0
-6.0,-6.0,-2.0
-6.0,-6.0,-2.0
-6.0,-6.0,-2.0
-6.0,-6.0,-2.0
-6.0,-6.0,-2.0
-6.0,-6.0,-2.0
-6.0,-6.0,-2.0
-6.0,-6.0,-2.0
-6.0,-6.0,-2.0
-6.0,-6.0,-2.0
-6.0,-6.0,-2.0
-6.0,-6.0,-2.0
-6.0,-6.0,-2.0
-6.0,-6.0,-2.0
-6.0,-6.0,-2.0
-6.0,-6.0,-2.0
-6.0,-6.0,-2.0
-6.0,-6.0,-2.0
-6.0,-6.0,-2.0
-6.0,-6.0,-2.0
-6.0,-6.0,-2.0
-6.0,-6.0,-2.0
-6.0,-6.0,-2.0
-6.0,-6.0,-2.0
-6.0,-6.0,-2.0
-6.0,-6.0,-2.0
-6.0,-6.0,-2.0
-6.0,-6.0,-2.0
-6.0,-6.0,-2.0
-6.0,-6.0,-2.0
-6.0,-6.0,-2.0
-6.0,-6.0,-2.0
-6.0,-6.0,-2.0
-6.0,-6.0,-2.0
-6.0,-6.0,-2.0
-6.0,-6.0,-2.0
-6.0,-6.0,-2.0
-6.0,-6.0,-2.0
-6.0,-6.0,-2.0
-6.0,-6.0,-2.0
-6.0,-6.0,-2.0
-6.0,-6.0,-2.0
-6.0,-6.0,-2.0
-6.0,-6.0,-2.0
-6.0,-6.0,-2.0
-6.0,-6.0,-2.0
-6.0,-6.0,-2.0
-6.0,-6.0,-2.0
-6.0,-6.0,-2.0
-6.0,-6.0,-2.0
-6.0,-6.0,-2.0
-6.0,-6.0,-2.0
-6.0,-6.0,-2.0
-6.0,-6.0,-2.0
-6.0,-6.0,-2.0
-6.0,-6.0,-2.0
-6.0,-6.0,-2.0
-6.0,-6.0,-2.0
-6.0,-6.0,-2.0
-6.0,-6.0,-2.0
-6.0,-6.0,-2.0
-6.0,-6.0,-2.0
-6.0,-6.0,-2.0
-6.0,-6.0,-2.0
-6.0,-6.0,-2.0
-6.0,-6.0,-2.0
-6.0,-6.0,-2.0
-6.0,-6.0,-2.0
-6.0,-6.0,-2.0
-6.0,-6.0,-2.0
-6.0,-6.0,-2.0
-6.0,-6.0,-2.0
-6.0,-6.0,-2.0
-6.0,-6.0,-2.0
-6.0,-6.0,-2.0
-6.0,-6.0,-2.0
-6.0,-6.0,-2.0
-6.0,-6.0,-2.0
-6.0,-6.0,-2.0
-6.0,-6.0,-2.0
-6.0,-6.0,-2.0
-6.0,-6.0,-2.0
-6.0,-6.0,-2.0
-6.0,-6.0,-2.0
-6.0,-6.0,-2.0
-6.0,-6.0,-2.0
-6.0,-6.0,-2.0
-6.0,-6.0,-2.0
-6.0,-6.0,-2.0
-6.0,-6.0,-2.0
-6.0,-6.0,-2.0
-6.0,-6.0,-2.0
-6.0,-6.0,-2.0
-6.0,-6.0,-2.0
-6.0,-6.0,-2.0
-6.0,-6.0,-2.0
-6.0,-6.0,-2.0
-6.0,-6.0,-2.0
-6.0,-6.0,-2.0
-6.0,-6.0,-2.0
-6.0,-6.0,-2.0
-6.0,-6.0,-2.0
-6.0,-6.0,-2.0
-6.0,-6.0,-2.0
-6.0,-6.0,-2.0
-6.0,-6.0,-2.0
-6.0,-6.0,-2.0
-6.0,-6.0,-2.0
-6.0,-6.0,-2.0
-6.0,-6.0,-2.0
-6.0,-6.0,-2.0
-6.0,-6.0,-2.0
-6.0,-6.0,-2.0
-6.0,-6.0,-2.0
-6.0,-6.0,-2.0
-6.0,-6.0,-2.0
-6.0,-6.0,-2.0
-6.0,-6.0,-2.0
-6.0,-6.0,-2.0
-6.0,-6.0,-2.0
-6.0,-6.0,-2.0
-6.0,-6.0,-2.0
-6.0,-6.0,-2.0
-6.0,-6.0,-2.0
-6.0,-6.0,-2.0
-6.0,-6.0,-2.0
-6.0,-6.0,-2.0
-6.0,-6.0,-2.0
-6.0,-6.0,-2.0
-6.0,-6.0,-2.0
-6.0,-6.0,-2.0
-6.0,-6.0,-2.0
-6.0,-6.0,-2.0
-6.0,-6.0,-2.0
-6.0,-6.0,-2.0
-6.0,-6.0,-2.0
-6.0,-6.0,-2.0
-6.0,-6.0,-2.0
-6.0,-6.0,-2.0
-6.0,-6.0,-2.0
-6.0,-6.0,-2.0
-6.0,-6.0,-2.0
-6.0,-6.0,-2.0
-6.0,-6.0,-2.0
-6.0,-6.0,-2.0
-6.0,-6.0,-2.0
-6.0,-6.0,-2.0
-6.0,-6.0,-2.0
-6.0,-6.0,-2.0
-6.0,-6.0,-2.0
-6.0,-6.0,-2.0
-6.0,-6.0,-2.0
-6.0,-6.0,-2.0
-6.0,-6.0,-2.0
-6.0,-6.0,-2.0
-6.0,-6.0,-2.0
-6.0,-6.0,-2.0
-6.0,-6.0,-2.0
-6.0,-6.0,-2.0
-6.0,-6.0,-2.0
-6.0,-6.0,-2.0
-6.0,-6.0,-2.0
-6.0,-6.0,-2.0
-6.0,-6.0,-2.0
-6.0,-6.0,-2.0
-6.0,-6.0,-2.0
-6.0,-6.0,-2.0
-6.0,-6.0,-2.0
-6.0,-6.0,-2.0
-6.0,-6.0,-2.0
-6.0,-6.0,-2.0
-6.0,-6.0,-2.0
-6.0,-6.0,-2.0
-6.0,-6.0,-2.0
-6.0,-6.0,-2.0
-6.0,-6.0,-2.0
-6.0,-6.0,-2.0
-6.0,-6.0,-2.0
-6.0,-6.0,-2.0
-6.0,-6.0,-2.0
-6.0,-6.0,-2.0
-6.0,-6.0,-2.0
-6.0,-6.0,-2.0
-6.0,-6.0,-2.0
-6.0,-6.0,-2.0
-6.0,-6.0,-2.0
-6.0,-6.0,-2.0
-6.0,-6.0,-2.0
-6.0,-6.0,-2.0
-6.0,-6.0,-2.0
-6.0,-6.0,-2.0
-6.0,-6.0,-2.0
-6.0,-6.0,-2.0
-6.0,-6.0,-2.0
-6.0,-6.0,-2.0
-6.0,-6.0,-2.0
-6.0,-6.0,-2.0
-6.0,-6.0,-2.0
-6.0,-6.0,-2.0
-6.0,-6.0,-2.0
-6.0,-6.0,-2.0
-6.0,-6.0,-2.0
-6.0,-6.0,-2.0
-6.0,-6.0,-2.0
-6.0,-6.0,-2.0
-6.0,-6.0,-2.0
-6.0,-6.0,-2.0
-6.0,-6.0,-2.0
-6.0,-6.0,-2.0
-6.0,-6.0,-2.0
-6.0,-6.0,-2.0
-6.0,-6.0,-2.0
-6.0,-6.0,-2.0
-6.0,-6.0,-2.0
-6.0,-6.0,-2.0
-6.0,-6.0,-2.0
-6.0,-6.0,-2.0
-6.0,-6.0,-2.0
-6.0,-6.0,-2.0
-6.0,-6.0,-2.0
-6.0,-6.0,-2.0
-6.0,-6.0,-2.0
-6.0,-6.0,-2.0
-6.0,-6.0,-2.0
-6.0,-6.0,-2.0
-6.0,-6.0,-2.0
-6.0,-6.0,-2.0
-6.0,-6.0,-2.0
-6.0,-6.0,-2.0
-6.0,-6.0,-2.0
-6.0,-6.0,-2.0
-6.0,-6.0,-2.0
-6.0,-6.0,-2.0
-6.0,-6.0,-2.0
-6.0,-6.0,-2.0
-6.0,-6.0,-2.0
-6.0,-6.0,-2.0
-6.0,-6.0,-2.0
-6.0,-6.0,-2.0
-6.0,-6.0,-2.0
-6.0,-6.0,-2.0
-6.0,-6.0,-2.0
-6.0,-6.0,-2.0
-6.0,-6.0,-2.0
-6.0,-6.0,-2.0
-6.0,-6.0,-2.0
-6.0,-6.0,-2.0
-6.0,-6.0,-2.0
-6.0,-6.0,-2.0
-6.0,-6.0,-2.0
-6.0,-6.0,-2.0
-6.0,-6.0,-2.0
-6.0,-6.0,-2.0
-6.0,-6.0,-2.0
-6.0,-6.0,-2.0
-6.0,-6.0,-2.0
-6.0,-6.0,-2.0
-6.0,-6.0,-2.0
-6.0,-6.0,-2.0
-6.0,-6.0,-2.0
-6.0,-6.0,-2.0
-6.0,-6.0,-2.0
-6.0,-6.0,-2.0
-6.0,-6.0,-2.0
-6.0,-6.0,-2.0
-6.0,-6.0,-2.0
-6.0,-6.0,-2.0
-6.0,-6.0,-2.0
-6.0,-6.0,-2.0
-6.0,-6.0,-2.0
-6.0,-6.0,-2.0
-6.0,-6.0,-2.0
-6.0,-6.0,-2.0
-6.0,-6.0,-2.0
-6.0,-6.0,-2.0
-6.0,-6.0,-2.0
-6.0,-6.0,-2.0
-6.0,-6.0,-2.0
-6.0,-6.0,-2.0
-6.0,-6.0,-2.0
-6.0,-6.0,-2.0
-6.0,-6.0,-2.0
-6.0,-6.0,-2.0
-6.0,-6.0,-2.0
-6.0,-6.0,-2.0
-6.0,-6.0,-2.0
-6.0,-6.0,-2.0
-6.0,-6.0,-2.0
-6.0,-6.0,-2.0
-6.0,-6.0,-2.0
-6.0,-6.0,-2.0
-6.0,-6.0,-2.0
-6.0,-6.0,-2.0
-6.0,-6.0,-2.0
-6.0,-6.0,-2.0
-6.0,-6.0,-2.0
-6.0,-6.0,-2.0
-6.0,-6.0,-2.0
-6.0,-6.0,-2.0
-6.0,-6.0,-2.0
-6.0,-6.0,-2.0
-6.0,-6.0,-2.0
-6.0,-6.0,-2.0
-6.0,-6.0,-2.0
-6.0,-6.0,-2.0
-6.0,-6.0,-2.0
-6.0,-6.0,-2.0
-6.0,-6.0,-2.0
-6.0,-6.0,-2.0
-6.0,-6.0,-2.0
-6.0,-6.0,-2.0
-6.0,-6.0,-2.0
-6.0,-6.0,-2.0
-6.0,-6.0,-2.0
-6.0,-6.0,-2.0
-6.0,-6.0,-2.0
-6.0,-6.0,-2.0
-6.0,-6.0,-2.0
-6.0,-6.0,-2.0
-6.0,-6.0,-2.0
-6.0,-6.0,-2.0
-6.0,-6.0,-2.0
-6.0,-6.0,-2.0
-6.0,-6.0,-2.0
-6.0,-6.0,-2.0
-6.0,-6.0,-2.0
-6.0,-6.0,-2.0
-6.0,-6.0,-2.0
-6.0,-6.0,-2.0
-6.0,-6.0,-2.0
-6.0,-6.0,-2.0
-6.0,-6.0,-2.0
-6.0,-6.0,-2.0
-6.0,-6.0,-2.0
-6.0,-6.0,-2.0
-6.0,-6.0,-2.0
-6.0,-6.0,-2.0
-6.0,-6.0,-2.0
-6.0,-6.0,-2.0
-6.0,-6.0,-2.0
-6.0,-6.0,-2.0
-6.0,-6.0,-2.0
-6.0,-6.0,-2.0
-6.0,-6.0,-2.0
-6.0,-6.0,-2.0
-6.0,-6.0,-2.0
-6.0,-6.0,-2.0
-6.0,-6.0,-2.0
-6.0,-6.0,-2.0
-6.0,-6.0,-2.0
-6.0,-6.0,-2.0
-6.0,-6.0,-2.0
-6.0,-6.0,-2.0
-6.0,-6.0,-2.0
-6.0,-6.0,-2.0
-6.0,-6.0,-2.0
-6.0,-6.0,-2.0
-6.0,-6.0,-2.0
-6.0,-6.0,-2.0
-6.0,-6.0,-2.0
-6.0,-6.0,-2.0
-6.0,-6.0,-2.0
-6.0,-6.0,-2.0
-6.0,-6.0,-2.0
-6.0,-6.0,-2.0
-6.0,-6.0,-2.0
-6.0,-6.0,-2.0
-6.0,-6.0,-2.0
-6.0,-6.0,-2.0
-6.0,-6.0,-2.0
-6.0,-6.0,-2.0
-6.0,-6.0,-2.0
-6.0,-6.0,-2.0
-6.0,-6.0,-2.0
-6.0,-6.0,-2.0
-6.0,-6.0,-2.0
-6.0,-6.0,-2.0
-6.0,-6.0,-2.0
-6.0,-6.0,-2.0
-6.0,-6.0,-2.0
-6.0,-6.0,-2.0
-6.0,-6.0,-2.0
-6.0,-6.0,-2.0
-6.0,-6.0,-2.0
-6.0,-6.0,-2.0
-6.0,-6.0,-2.0
-6.0,-6.0,-2.0
-6.0,-6.0,-2.0
-6.0,-6.0,-2.0
-6.0,-6.0,-2.0
-6.0,-6.0,-2.0
-6.0,-6.0,-2.0
-6.0,-6.0,-2.0
-6.0,-6.0,-2.0
-6.0,-6.0,-2.0
-6.0,-6.0,-2.0
-6.0,-6.0,-2.0
-6.0,-6.0,-2.0
-6.0,-6.0,-2.0
-6.0,-6.0,-2.0
-6.0,-6.0,-2.0
-6.0,-6.0,-2.0
-6.0,-6.0,-2.0
-6.0,-6.0,-2.0
-6.0,-6.0,-2.0
-6.0,-6.0,-2.0
-6.0,-6.0,-2.0
-6.0,-6.0,-2.0
-6.0,-6.0,-2.0
-6.0,-6.0,-2.0
-6.0,-6.0,-2.0
-6.0,-6.0,-2.0
-6.0,-6.0,-2.0
-6.0,-6.0,-2.0
-6.0,-6.0,-2.0
-6.0,-6.0,-2.0
-6.0,-6.0,-2.0
-6.0,-6.0,-2.0
-6.0,-6.0,-2.0
-6.0,-6.0,-2.0
-6.0,-6.0,-2.0
-6.0,-6.0,-2.0
-6.0,-6.0,-2.0
-6.0,-6.0,-2.0
-6.0,-6.0,-2.0
-6.0,-6.0,-2.0
-6.0,-6.0,-2.0
-6.0,-6.0,-2.0
-6.0,-6.0,-2.0
-6.0,-6.0,-2.0
-6.0,-6.0,-2.0
-6.0,-6.0,-2.0
-6.0,-6.0,-2.0
-6.0,-6.0,-2.0
-6.0,-6.0,-2.0
-6.0,-6.0,-2.0
-6.0,-6.0,-2.0
-6.0,-6.0,-2.0
-6.0,-6.0,-2.0
-6.0,-6.0,-2.0
-6.0,-6.0,-2.0
-6.0,-6.0,-2.0
-6.0,-6.0,-2.0
-6.0,-6.0,-2.0
-6.0,-6.0,-2.0
-6.0,-6.0,-2.0
-6.0,-6.0,-2.0
-6.0,-6.0,-2.0
-6.0,-6.0,-2.0
-6.0,-6.0,-2.0
-6.0,-6.0,-2.0
-6.0,-6.0,-2.0
-6.0,-6.0,-2.0
-6.0,-6.0,-2.0
-6.0,-6.0,-2.0
-6.0,-6.0,-2.0
-6.0,-6.0,-2.0
-6.0,-6.0,-2.0
-6.0,-6.0,-2.0
-6.0,-6.0,-2.0
-6.0,-6.0,-2.0
-6.0,-6.0,-2.0
-6.0,-6.0,-2.0
-6.0,-6.0,-2.0
-6.0,-6.0,-2.0
-6.0,-6.0,-2.0
-6.0,-6.0,-2.0
-6.0,-6.0,-2.0
-6.0,-6.0,-2.0
-6.0,-6.0,-2.0
-6.0,-6.0,-2.0
-6.0,-6.0,-2.0
-6.0,-6.0,-2.0
-6.0,-6.0,-2.0
-6.0,-6.0,-2.0
-6.0,-6.0,-2.0
-6.0,-6.0,-2.0
-6.0,-6.0,-2.0
-6.0,-6.0,-2.0
-6.0,-6.0,-2.0
-6.0,-6.0,-2.0
-6.0,-6.0,-2.0
-6.0,-6.0,-2.0
-6.0,-6.0,-2.0
-6.0,-6.0,-2.0
-6.0,-6.0,-2.0
-6.0,-6.0,-2.0
-6.0,-6.0,-2.0
-6.0,-6.0,-2.0
-6.0,-6.0,-2.0
-6.0,-6.0,-2.0
-6.0,-6.0,-2.0
-6.0,-6.0,-2.0
-6.0,-6.0,-2.0
-6.0,-6.0,-2.0
-6.0,-6.0,-2.0
-6.0,-6.0,-2.0
-6.0,-6.0,-2.0
-6.0,-6.0,-2.0
-6.0,-6.0,-2.0
-6.0,-6.0,-2.0
-6.0,-6.0,-2.0
-6.0,-6.0,-2.0
-6.0,-6.0,-2.0
-6.0,-6.0,-2.0
-6.0,-6.0,-2.0
-6.0,-6.0,-2.0
-6.0,-6.0,-2.0
-6.0,-6.0,-2.0
-6.0,-6.0,-2.0
-6.0,-6.0,-2.0
-6.0,-6.0,-2.0
-6.0,-6.0,-2.0
-6.0,-6.0,-2.0
-6.0,-6.0,-2.0
-6.0,-6.0,-2.0
-6.0,-6.0,-2.0
-6.0,-6.0,-2.0
-6.0,-6.0,-2.0
-6.0,-6.0,-2.0
-6.0,-6.0,-2.0
-6.0,-6.0,-2.0
-6.0,-6.0,-2.0
-6.0,-6.0,-2.0
-6.0,-6.0,-2.0
-6.0,-6.0,-2.0
-6.0,-6.0,-2.0
-6.0,-6.0,-2.0
-6.0,-6.0,-2.0
-6.0,-6.0,-2.0
-6.0,-6.0,-2.0
-6.0,-6.0,-2.0
-6.0,-6.0,-2.0
-6.0,-6.0,-2.0
-6.0,-6.0,-2.0
-6.0,-6.0,-2.0
-6.0,-6.0,-2.0
-6.0,-6.0,-2.0
-6.0,-6.0,-2.0
-6.0,-6.0,-2.0
-6.0,-6.0,-2.0
-6.0,-6.0,-2.0
-6.0,-6.0,-2.0
-6.0,-6.0,-2.0
-6.0,-6.0,-2.0
-6.0,-6.0,-2.0
-6.0,-6.0,-2.0
-6.0,-6.0,-2.0
-6.0,-6.0,-2.0
-6.0,-6.0,-2.0
-6.0,-6.0,-2.0
-6.0,-6.0,-2.0
-6.0,-6.0,-2.0
-6.0,-6.0,-2.0
-6.0,-6.0,-2.0
-6.0,-6.0,-2.0
-6.0,-6.0,-2.0
-6.0,-6.0,-2.0
-6.0,-6.0,-2.0
-6.0,-6.0,-2.0
-6.0,-6.0,-2.0
-6.0,-6.0,-2.0
-6.0,-6.0,-2.0
-6.0,-6.0,-2.0
-6.0,-6.0,-2.0
-6.0,-6.0,-2.0
-6.0,-6.0,-2.0
-6.0,-6.0,-2.0
-6.0,-6.0,-2.0
-6.0,-6.0,-2.0
-6.0,-6.0,-2.0
-6.0,-6.0,-2.0
-6.0,-6.0,-2.0
-6.0,-6.0,-2.0
-6.0,-6.0,-2.0
-6.0,-6.0,-2.0
-6.0,-6.0,-2.0
-6.0,-6.0,-2.0
-6.0,-6.0,-2.0
-6.0,-6.0,-2.0
-6.0,-6.0,-2.0
-6.0,-6.0,-2.0
-6.0,-6.0,-2.0
-6.0,-6.0,-2.0
-6.0,-6.0,-2.0
-6.0,-6.0,-2.0
-6.0,-6.0,-2.0
-6.0,-6.0,-2.0
-6.0,-6.0,-2.0
-6.0,-6.0,-2.0
-6.0,-6.0,-2.0
-6.0,-6.0,-2.0
-6.0,-6.0,-2.0
-6.0,-6.0,-2.0
-6.0,-6.0,-2.0
-6.0,-6.0,-2.0
-6.0,-6.0,-2.0
-6.0,-6.0,-2.0
-6.0,-6.0,-2.0
-6.0,-6.0,-2.0
-6.0,-6.0,-2.0
-6.0,-6.0,-2.0
-6.0,-6.0,-2.0
-6.0,-6.0,-2.0
-6.0,-6.0,-2.0
-6.0,-6.0,-2.0
-6.0,-6.0,-2.0
-6.0,-6.0,-2.0
-6.0,-6.0,-2.0
-6.0,-6.0,-2.0
-6.0,-6.0,-2.0
-6.0,-6.0,-2.0
-6.0,-6.0,-2.0
-6.0,-6.0,-2.0
-6.0,-6.0,-2.0
-6.0,-6.0,-2.0
-6.0,-6.0,-2.0
-6.0,-6.0,-2.0
-6.0,-6.0,-2.0
-6.0,-6.0,-2.0
-6.0,-6.0,-2.0
-6.0,-6.0,-2.0
-6.0,-6.0,-2.0
-6.0,-6.0,-2.0
-6.0,-6.0,-2.0
-6.0,-6.0,-2.0
-6.0,-6.0,-2.0
-6.0,-6.0,-2.0
-6.0,-6.0,-2.0
-6.0,-6.0,-2.0
-6.0,-6.0,-2.0
-6.0,-6.0,-2.0
-6.0,-6.0,-2.0
-6.0,-6.0,-2.0
-6.0,-6.0,-2.0
-6.0,-6.0,-2.0
-6.0,-6.0,-2.0
-6.0,-6.0,-2.0
-6.0,-6.0,-2.0
-6.0,-6.0,-2.0
-6.0,-6.0,-2.0
-6.0,-6.0,-2.0
-6.0,-6.0,-2.0
-6.0,-6.0,-2.0
-6.0,-6.0,-2.0
-6.0,-6.0,-2.0
-6.0,-6.0,-2.0
-6.0,-6.0,-2.0
-6.0,-6.0,-2.0
-6.0,-6.0,-2.0
-6.0,-6.0,-2.0
-6.0,-6.0,-2.0
-6.0,-6.0,-2.0
-6.0,-6.0,-2.0
-6.0,-6.0,-2.0
-6.0,-6.0,-2.0
-6.0,-6.0,-2.0
-6.0,-6.0,-2.0
-6.0,-6.0,-2.0
-6.0,-6.0,-2.0
-6.0,-6.0,-2.0
-6.0,-6.0,-2.0
-6.0,-6.0,-2.0
-6.0,-6.0,-2.0
-6.0,-6.0,-2.0
-6.0,-6.0,-2.0
-6.0,-6.0,-2.0
-6.0,-6.0,-2.0
-6.0,-6.0,-2.0
-6.0,-6.0,-2.0
-6.0,-6.0,-2.0
-6.0,-6.0,-2.0
-6.0,-6.0,-2.0
-6.0,-6.0,-2.0
-6.0,-6.0,-2.0
-6.0,-6.0,-2.0
-6.0,-6.0,-2.0
-6.0,-6.0,-2.0
-6.0,-6.0,-2.0
-6.0,-6.0,-2.0
-6.0,-6.0,-2.0
-6.0,-6.0,-2.0
-6.0,-6.0,-2.0
-6.0,-6.0,-2.0
-6.0,-6.0,-2.0
-6.0,-6.0,-2.0
-6.0,-6.0,-2.0
-6.0,-6.0,-2.0
-6.0,-6.0,-2.0
-6.0,-6.0,-2.0
-6.0,-6.0,-2.0
-6.0,-6.0,-2.0
-6.0,-6.0,-2.0
-6.0,-6.0,-2.0
-6.0,-6.0,-2.0
-6.0,-6.0,-2.0
-6.0,-6.0,-2.0
-6.0,-6.0,-2.0
-6.0,-6.0,-2.0
-6.0,-6.0,-2.0
-6.0,-6.0,-2.0
-6.0,-6.0,-2.0
-6.0,-6.0,-2.0
-6.0,-6.0,-2.0
-6.0,-6.0,-2.0
-6.0,-6.0,-2.0
-6.0,-6.0,-2.0
-6.0,-6.0,-2.0
-6.0,-6.0,-2.0
-6.0,-6.0,-2.0
-6.0,-6.0,-2.0
-6.0,-6.0,-2.0
-6.0,-6.0,-2.0
-6.0,-6.0,-2.0
-6.0,-6.0,-2.0
-6.0,-6.0,-2.0
-6.0,-6.0,-2.0
-6.0,-6.0,-2.0
-6.0,-6.0,-2.0
-6.0,-6.0,-2.0
-6.0,-6.0,-2.0
-6.0,-6.0,-2.0
-6.0,-6.0,-2.0
-6.0,-6.0,-2.0
-6.0,-6.0,-2.0
-6.0,-6.0,-2.0
-6.0,-6.0,-2.0
-6.0,-6.0,-2.0
-6.0,-6.0,-2.0
-6.0,-6.0,-2.0
-6.0,-6.0,-2.0
-6.0,-6.0,-2.0
-6.0,-6.0,-2.0
-6.0,-6.0,-2.0
-6.0,-6.0,-2.0
-6.0,-6.0,-2.0
-6.0,-6.0,-2.0
-6.0,-6.0,-2.0
-6.0,-6.0,-2.0
-6.0,-6.0,-2.0
-6.0,-6.0,-2.0
-6.0,-6.0,-2.0
-6.0,-6.0,-2.0
-6.0,-6.0,-2.0
-6.0,-6.0,-2.0
-6.0,-6.0,-2.0
-6.0,-6.0,-2.0
-6.0,-6.0,-2.0
-6.0,-6.0,-2.0
-6.0,-6.0,-2.0
-6.0,-6.0,-2.0
-6.0,-6.0,-2.0
-6.0,-6.0,-2.0
-6.0,-6.0,-2.0
-6.0,-6.0,-2.0
-6.0,-6.0,-2.0
-6.0,-6.0,-2.0
-6.0,-6.0,-2.0
-6.0,-6.0,-2.0
-6.0,-6.0,-2.0
-6.0,-6.0,-2.0
-6.0,-6.0,-2.0
-6.0,-6.0,-2.0
-6.0,-6.0,-2.0
-6.0,-6.0,-2.0
-6.0,-6.0,-2.0
-6.0,-6.0,-2.0
-6.0,-6.0,-2.0
-6.0,-6.0,-2.0
-6.0,-6.0,-2.0
-6.0,-6.0,-2.0
-6.0,-6.0,-2.0
-6.0,-6.0,-2.0
-6.0,-6.0,-2.0
-6.0,-6.0,-2.0
-6.0,-6.0,-2.0
-6.0,-6.0,-2.0
-6.0,-6.0,-2.0
-6.0,-6.0,-2.0
-6.0,-6.0,-2.0
-6.0,-6.0,-2.0
-6.0,-6.0,-2.0
-6.0,-6.0,-2.0
-6.0,-6.0,-2.0
-6.0,-6.0,-2.0
-6.0,-6.0,-2.0
-6.0,-6.0,-2.0
-6.0,-6.0,-2.0
-6.0,-6.0,-2.0
-6.0,-6.0,-2.0
-6.0,-6.0,-2.0
-6.0,-6.0,-2.0
-6.0,-6.0,-2.0
-6.0,-6.0,-2.0
-6.0,-6.0,-2.0
-6.0,-6.0,-2.0
-6.0,-6.0,-2.0
-6.0,-6.0,-2.0
-6.0,-6.0,-2.0
-6.0,-6.0,-2.0
-6.0,-6.0,-2.0
-6.0,-6.0,-2.0
-6.0,-6.0,-2.0
-6.0,-6.0,-2.0
-6.0,-6.0,-2.0
-6.0,-6.0,-2.0
-6.0,-6.0,-2.0
-6.0,-6.0,-2.0
-6.0,-6.0,-2.0
-6.0,-6.0,-2.0
-6.0,-6.0,-2.0
-6.0,-6.0,-2.0
-6.0,-6.0,-2.0
-6.0,-6.0,-2.0
-6.0,-6.0,-2.0
-6.0,-6.0,-2.0
-6.0,-6.0,-2.0
-6.0,-6.0,-2.0
-6.0,-6.0,-2.0
-6.0,-6.0,-2.0
-6.0,-6.0,-2.0
-6.0,-6.0,-2.0
-6.0,-6.0,-2.0
-6.0,-6.0,-2.0
-6.0,-6.0,-2.0
-6.0,-6.0,-2.0
-6.0,-6.0,-2.0
-6.0,-6.0,-2.0
-6.0,-6.0,-2.0
-6.0,-6.0,-2.0
-6.0,-6.0,-2.0
-6.0,-6.0,-2.0
-6.0,-6.0,-2.0
-6.0,-6.0,-2.0
-6.0,-6.0,-2.0
-6.0,-6.0,-2.0
-6.0,-6.0,-2.0
-6.0,-6.0,-2.0
-6.0,-6.0,-2.0
-6.0,-6.0,-2.0
-6.0,-6.0,-2.0
-6.0,-6.0,-2.0
-6.0,-6.0,-2.0
-6.0,-6.0,-2.0
-6.0,-6.0,-2.0
-6.0,-6.0,-2.0
-6.0,-6.0,-2.0
-6.0,-6.0,-2.0
-6.0,-6.0,-2.0
-6.0,-6.0,-2.0
-6.0,-6.0,-2.0
-6.0,-6.0,-2.0
-6.0,-6.0,-2.0
-6.0,-6.0,-2.0
-6.0,-6.0,-2.0
-6.0,-6.0,-2.0
-6.0,-6.0,-2.0
-6.0,-6.0,-2.0
-6.0,-6.0,-2.0
-6.0,-6.0,-2.0
-6.0,-6.0,-2.0
-6.0,-6.0,-2.0
-6.0,-6.0,-2.0
-6.0,-6.0,-2.0
-6.0,-6.0,-2.0
-6.0,-6.0,-2.0
-6.0,-6.0,-2.0
-6.0,-6.0,-2.0
-6.0,-6.0,-2.0
-6.0,-6.0,-2.0
-6.0,-6.0,-2.0
-6.0,-6.0,-2.0
-6.0,-6.0,-2.0
-6.0,-6.0,-2.0
-6.0,-6.0,-2.0
-6.0,-6.0,-2.0
-6.0,-6.0,-2.0
-6.0,-6.0,-2.0
-6.0,-6.0,-2.0
-6.0,-6.0,-2.0
-6.0,-6.0,-2.0
-6.0,-6.0,-2.0
-6.0,-6.0,-2.0
-6.0,-6.0,-2.0
-6.0,-6.0,-2.0
-6.0,-6.0,-2.0
-6.0,-6.0,-2.0
-6.0,-6.0,-2.0
-6.0,-6.0,-2.0
-6.0,-6.0,-2.0
-6.0,-6.0,-2.0
-6.0,-6.0,-2.0
-6.0,-6.0,-2.0
-6.0,-6.0,-2.0
-6.0,-6.0,-2.0
-6.0,-6.0,-2.0
-6.0,-6.0,-2.0
-6.0,-6.0,-2.0
-6.0,-6.0,-2.0
-6.0,-6.0,-2.0
-6.0,-6.0,-2.0
-6.0,-6.0,-2.0
-6.0,-6.0,-2.0
-6.0,-6.0,-2.0
-6.0,-6.0,-2.0
-6.0,-6.0,-2.0
-6.0,-6.0,-2.0
-6.0,-6.0,-2.0
-6.0,-6.0,-2.0
-6.0,-6.0,-2.0
-6.0,-6.0,-2.0
-6.0,-6.0,-2.0
-6.0,-6.0,-2.0
-6.0,-6.0,-2.0
-6.0,-6.0,-2.0
-6.0,-6.0,-2.0
-6.0,-6.0,-2.0
-6.0,-6.0,-2.0
-6.0,-6.0,-2.0
-6.0,-6.0,-2.0
-6.0,-6.0,-2.0
-6.0,-6.0,-2.0
-6.0,-6.0,-2.0
-6.0,-6.0,-2.0
-6.0,-6.0,-2.0
-6.0,-6.0,-2.0
-6.0,-6.0,-2.0
-6.0,-6.0,-2.0
-6.0,-6.0,-2.0
-6.0,-6.0,-2.0
-6.0,-6.0,-2.0
-6.0,-6.0,-2.0
-6.0,-6.0,-2.0
-6.0,-6.0,-2.0
-6.0,-6.0,-2.0
-6.0,-6.0,-2.0
-6.0,-6.0,-2.0
-6.0,-6.0,-2.0
-6.0,-6.0,-2.0
-6.0,-6.0,-2.0
-6.0,-6.0,-2.0
-6.0,-6.0,-2.0
-6.0,-6.0,-2.0
-6.0,-6.0,-2.0
-6.0,-6.0,-2.0
-6.0,-6.0,-2.0
-6.0,-6.0,-2.0
-6.0,-6.0,-2.0
-6.0,-6.0,-2.0
-6.0,-6.0,-2.0
-6.0,-6.0,-2.0
-6.0,-6.0,-2.0
-6.0,-6.0,-2.0
-6.0,-6.0,-2.0
-6.0,-6.0,-2.0
-6.0,-6.0,-2.0
-6.0,-6.0,-2.0
-6.0,-6.0,-2.0
-6.0,-6.0,-2.0
-6.0,-6.0,-2.0
-6.0,-6.0,-2.0
-6.0,-6.0,-2.0
-6.0,-6.0,-2.0
-6.0,-6.0,-2.0
-6.0,-6.0,-2.0
-6.0,-6.0,-2.0
-6.0,-6.0,-2.0
-6.0,-6.0,-2.0
-6.0,-6.0,-2.0
-6.0,-6.0,-2.0
-6.0,-6.0,-2.0
-6.0,-6.0,-2.0
-6.0,-6.0,-2.0
-6.0,-6.0,-2.0
-6.0,-6.0,-2.0
-6.0,-6.0,-2.0
-6.0,-6.0,-2.0
-6.0,-6.0,-2.0
-6.0,-6.0,-2.0
-6.0,-6.0,-2.0
-6.0,-6.0,-2.0
-6.0,-6.0,-2.0
-6.0,-6.0,-2.0
-6.0,-6.0,-2.0
-6.0,-6.0,-2.0
-6.0,-6.0,-2.0
-6.0,-6.0,-2.0
-6.0,-6.0,-2.0
-6.0,-6.0,-2.0
-6.0,-6.0,-2.0
-6.0,-6.0,-2.0
-6.0,-6.0,-2.0
-6.0,-6.0,-2.0
-6.0,-6.0,-2.0
-6.0,-6.0,-2.0
-6.0,-6.0,-2.0
-6.0,-6.0,-2.0
-6.0,-6.0,-2.0
-6.0,-6.0,-2.0
-6.0,-6.0,-2.0
-6.0,-6.0,-2.0
-6.0,-6.0,-2.0
-6.0,-6.0,-2.0
-6.0,-6.0,-2.0
-6.0,-6.0,-2.0
-6.0,-6.0,-2.0
-6.0,-6.0,-2.0
-6.0,-6.0,-2.0
-6.0,-6.0,-2.0
-6.0,-6.0,-2.0
-6.0,-6.0,-2.0
-6.0,-6.0,-2.0
-6.0,-6.0,-2.0
-6.0,-6.0,-2.0
-6.0,-6.0,-2.0
-6.0,-6.0,-2.0
-6.0,-6.0,-2.0
-6.0,-6.0,-2.0
-6.0,-6.0,-2.0
-6.0,-6.0,-2.0
-6.0,-6.0,-2.0
-6.0,-6.0,-2.0
-6.0,-6.0,-2.0
-6.0,-6.0,-2.0
-6.0,-6.0,-2.0
-6.0,-6.0,-2.0
-6.0,-6.0,-2.0
-6.0,-6.0,-2.0
-6.0,-6.0,-2.0
-6.0,-6.0,-2.0
-6.0,-6.0,-2.0
-6.0,-6.0,-2.0
-6.0,-6.0,-2.0
-6.0,-6.0,-2.0
-6.0,-6.0,-2.0
-6.0,-6.0,-2.0
-6.0,-6.0,-2.0
-6.0,-6.0,-2.0
-6.0,-6.0,-2.0
-6.0,-6.0,-2.0
-6.0,-6.0,-2.0
-6.0,-6.0,-2.0
-6.0,-6.0,-2.0
-6.0,-6.0,-2.0
-6.0,-6.0,-2.0
-6.0,-6.0,-2.0
-6.0,-6.0,-2.0
-6.0,-6.0,-2.0
-6.0,-6.0,-2.0
-6.0,-6.0,-2.0
-6.0,-6.0,-2.0
-6.0,-6.0,-2.0
-6.0,-6.0,-2.0
-6.0,-6.0,-2.0
-6.0,-6.0,-2.0
-6.0,-6.0,-2.0
-6.0,-6.0,-2.0
-6.0,-6.0,-2.0
-6.0,-6.0,-2.0
-6.0,-6.0,-2.0
-6.0,-6.0,-2.0
-6.0,-6.0,-2.0
-6.0,-6.0,-2.0
-6.0,-6.0,-2.0
-6.0,-6.0,-2.0
-6.0,-6.0,-2.0
-6.0,-6.0,-2.0
-6.0,-6.0,-2.0
-6.0,-6.0,-2.0
-6.0,-6.0,-2.0
-6.0,-6.0,-2.0
-6.0,-6.0,-2.0
-6.0,-6.0,-2.0
-6.0,-6.0,-2.0
-6.0,-6.0,-2.0
-6.0,-6.0,-2.0
-6.0,-6.0,-2.0
-6.0,-6.0,-2.0
-6.0,-6.0,-2.0
-6.0,-6.0,-2.0
-6.0,-6.0,-2.0
-6.0,-6.0,-2.0
-6.0,-6.0,-2.0
-6.0,-6.0,-2.0
-6.0,-6.0,-2.0
-6.0,-6.0,-2.0
-6.0,-6.0,-2.0
-6.0,-6.0,-2.0
-6.0,-6.0,-2.0
-6.0,-6.0,-2.0
-6.0,-6.0,-2.0
-6.0,-6.0,-2.0
-6.0,-6.0,-2.0
-6.0,-6.0,-2.0
-6.0,-6.0,-2.0
-6.0,-6.0,-2.0
-6.0,-6.0,-2.0
-6.0,-6.0,-2.0
-6.0,-6.0,-2.0
-6.0,-6.0,-2.0
-6.0,-6.0,-2.0
-6.0,-6.0,-2.0
-6.0,-6.0,-2.0
-6.0,-6.0,-2.0
-6.0,-6.0,-2.0
-6.0,-6.0,-2.0
-6.0,-6.0,-2.0
-6.0,-6.0,-2.0
-6.0,-6.0,-2.0
-6.0,-6.0,-2.0
-6.0,-6.0,-2.0
-6.0,-6.0,-2.0
-6.0,-6.0,-2.0
-6.0,-6.0,-2.0
-6.0,-6.0,-2.0
-6.0,-6.0,-2.0
-6.0,-6.0,-2.0
-6.0,-6.0,-2.0
-6.0,-6.0,-2.0
-6.0,-6.0,-2.0
-6.0,-6.0,-2.0
-6.0,-6.0,-2.0
-6.0,-6.0,-2.0
-6.0,-6.0,-2.0
-6.0,-6.0,-2.0
-6.0,-6.0,-2.0
-6.0,-6.0,-2.0
-6.0,-6.0,-2.0
-6.0,-6.0,-2.0
-6.0,-6.0,-2.0
-6.0,-6.0,-2.0
-6.0,-6.0,-2.0
-6.0,-6.0,-2.0
-6.0,-6.0,-2.0
-6.0,-6.0,-2.0
-6.0,-6.0,-2.0
-6.0,-6.0,-2.0
-6.0,-6.0,-2.0
-6.0,-6.0,-2.0
-6.0,-6.0,-2.0
-6.0,-6.0,-2.0
-6.0,-6.0,-2.0
-6.0,-6.0,-2.0
-6.0,-6.0,-2.0
-6.0,-6.0,-2.0
-6.0,-6.0,-2.0
-6.0,-6.0,-2.0
-6.0,-6.0,-2.0
-6.0,-6.0,-2.0
-6.0,-6.0,-2.0
-6.0,-6.0,-2.0
-6.0,-6.0,-2.0
-6.0,-6.0,-2.0
-6.0,-6.0,-2.0
-6.0,-6.0,-2.0
-6.0,-6.0,-2.0
-6.0,-6.0,-2.0
-6.0,-6.0,-2.0
-6.0,-6.0,-2.0
-6.0,-6.0,-2.0
-6.0,-6.0,-2.0
-6.0,-6.0,-2.0
-6.0,-6.0,-2.0
-6.0,-6.0,-2.0
-6.0,-6.0,-2.0
-6.0,-6.0,-2.0
-6.0,-6.0,-2.0
-6.0,-6.0,-2.0
-6.0,-6.0,-2.0
-6.0,-6.0,-2.0
-6.0,-6.0,-2.0
-6.0,-6.0,-2.0
-6.0,-6.0,-2.0
-6.0,-6.0,-2.0
-6.0,-6.0,-2.0
-6.0,-6.0,-2.0
-6.0,-6.0,-2.0
-6.0,-6.0,-2.0
-6.0,-6.0,-2.0
-6.0,-6.0,-2.0
-6.0,-6.0,-2.0
-6.0,-6.0,-2.0
-6.0,-6.0,-2.0
-6.0,-6.0,-2.0
-6.0,-6.0,-2.0
-6.0,-6.0,-2.0
-6.0,-6.0,-2.0
-6.0,-6.0,-2.0
-6.0,-6.0,-2.0
-6.0,-6.0,-2.0
-6.0,-6.0,-2.0
-6.0,-6.0,-2.0
-6.0,-6.0,-2.0
-6.0,-6.0,-2.0
-6.0,-6.0,-2.0
-6.0,-6.0,-2.0
-6.0,-6.0,-2.0
-6.0,-6.0,-2.0
-6.0,-6.0,-2.0
-6.0,-6.0,-2.0
-6.0,-6.0,-2.0
-6.0,-6.0,-2.0
-6.0,-6.0,-2.0
-6.0,-6.0,-2.0
-6.0,-6.0,-2.0
-6.0,-6.0,-2.0
-6.0,-6.0,-2.0
-6.0,-6.0,-2.0
-6.0,-6.0,-2.0
-6.0,-6.0,-2.0
-6.0,-6.0,-2.0
-6.0,-6.0,-2.0
-6.0,-6.0,-2.0
-6.0,-6.0,-2.0
-6.0,-6.0,-2.0
-6.0,-6.0,-2.0
-6.0,-6.0,-2.0
-6.0,-6.0,-2.0
-6.0,-6.0,-2.0
-6.0,-6.0,-2.0
-6.0,-6.0,-2.0
-6.0,-6.0,-2.0
-6.0,-6.0,-2.0
-6.0,-6.0,-2.0
-6.0,-6.0,-2.0
-6.0,-6.0,-2.0
-6.0,-6.0,-2.0
-6.0,-6.0,-2.0
-6.0,-6.0,-2.0
-6.0,-6.0,-2.0
-6.0,-6.0,-2.0
-6.0,-6.0,-2.0
-6.0,-6.0,-2.0
-6.0,-6.0,-2.0
-6.0,-6.0,-2.0
-6.0,-6.0,-2.0
-6.0,-6.0,-2.0
-6.0,-6.0,-2.0
-6.0,-6.0,-2.0
-6.0,-6.0,-2.0
-6.0,-6.0,-2.0
-6.0,-6.0,-2.0
-6.0,-6.0,-2.0
-6.0,-6.0,-2.0
-6.0,-6.0,-2.0
-6.0,-6.0,-2.0
-6.0,-6.0,-2.0
-6.0,-6.0,-2.0
-6.0,-6.0,-2.0
-6.0,-6.0,-2.0
-6.0,-6.0,-2.0
-6.0,-6.0,-2.0
-6.0,-6.0,-2.0
-6.0,-6.0,-2.0
-6.0,-6.0,-2.0
-6.0,-6.0,-2.0
-6.0,-6.0,-2.0
-6.0,-6.0,-2.0
-6.0,-6.0,-2.0
-6.0,-6.0,-2.0
-6.0,-6.0,-2.0
-6.0,-6.0,-2.0
-6.0,-6.0,-2.0
-6.0,-6.0,-2.0
-6.0,-6.0,-2.0
-6.0,-6.0,-2.0
-6.0,-6.0,-2.0
-6.0,-6.0,-2.0
-6.0,-6.0,-2.0
-6.0,-6.0,-2.0
-6.0,-6.0,-2.0
-6.0,-6.0,-2.0
-6.0,-6.0,-2.0
-6.0,-6.0,-2.0
-6.0,-6.0,-2.0
-6.0,-6.0,-2.0
-6.0,-6.0,-2.0
-6.0,-6.0,-2.0
-6.0,-6.0,-2.0
-6.0,-6.0,-2.0
-6.0,-6.0,-2.0
-6.0,-6.0,-2.0
-6.0,-6.0,-2.0
-6.0,-6.0,-2.0
-6.0,-6.0,-2.0
-6.0,-6.0,-2.0
-6.0,-6.0,-2.0
-6.0,-6.0,-2.0
-6.0,-6.0,-2.0
-6.0,-6.0,-2.0
-6.0,-6.0,-2.0
-6.0,-6.0,-2.0
-6.0,-6.0,-2.0
-6.0,-6.0,-2.0
-6.0,-6.0,-2.0
-6.0,-6.0,-2.0
-6.0,-6.0,-2.0
-6.0,-6.0,-2.0
-6.0,-6.0,-2.0
-6.0,-6.0,-2.0
-6.0,-6.0,-2.0
-6.0,-6.0,-2.0
-6.0,-6.0,-2.0
-6.0,-6.0,-2.0
-6.0,-6.0,-2.0
-6.0,-6.0,-2.0
-6.0,-6.0,-2.0
-6.0,-6.0,-2.0
-6.0,-6.0,-2.0
-6.0,-6.0,-2.0
-6.0,-6.0,-2.0
-6.0,-6.0,-2.0
-6.0,-6.0,-2.0
-6.0,-6.0,-2.0
-6.0,-6.0,-2.0
-6.0,-6.0,-2.0
-6.0,-6.0,-2.0
-6.0,-6.0,-2.0
-6.0,-6.0,-2.0
-6.0,-6.0,-2.0
-6.0,-6.0,-2.0
-6.0,-6.0,-2.0
-6.0,-6.0,-2.0
-6.0,-6.0,-2.0
-6.0,-6.0,-2.0
-6.0,-6.0,-2.0
-6.0,-6.0,-2.0
-6.0,-6.0,-2.0
-6.0,-6.0,-2.0
-6.0,-6.0,-2.0
-6.0,-6.0,-2.0
-6.0,-6.0,-2.0
-6.0,-6.0,-2.0
-6.0,-6.0,-2.0
-6.0,-6.0,-2.0
-6.0,-6.0,-2.0
-6.0,-6.0,-2.0
-6.0,-6.0,-2.0
-6.0,-6.0,-2.0
-6.0,-6.0,-2.0
-6.0,-6.0,-2.0
-6.0,-6.0,-2.0
-6.0,-6.0,-2.0
-6.0,-6.0,-2.0
-6.0,-6.0,-2.0
-6.0,-6.0,-2.0
-6.0,-6.0,-2.0
-6.0,-6.0,-2.0
-6.0,-6.0,-2.0
-6.0,-6.0,-2.0
-6.0,-6.0,-2.0
-6.0,-6.0,-2.0
-6.0,-6.0,-2.0
-6.0,-6.0,-2.0
-6.0,-6.0,-2.0
-6.0,-6.0,-2.0
-6.0,-6.0,-2.0
-6.0,-6.0,-2.0
-6.0,-6.0,-2.0
-6.0,-6.0,-2.0
-6.0,-6.0,-2.0
-6.0,-6.0,-2.0
-6.0,-6.0,-2.0
-6.0,-6.0,-2.0
-6.0,-6.0,-2.0
-6.0,-6.0,-2.0
-6.0,-6.0,-2.0
-6.0,-6.0,-2.0
-6.0,-6.0,-2.0
-6.0,-6.0,-2.0
-6.0,-6.0,-2.0
-6.0,-6.0,-2.0
-6.0,-6.0,-2.0
-6.0,-6.0,-2.0
-6.0,-6.0,-2.0
-6.0,-6.0,-2.0
-6.0,-6.0,-2.0
-6.0,-6.0,-2.0
-6.0,-6.0,-2.0
-6.0,-6.0,-2.0
-6.0,-6.0,-2.0
-6.0,-6.0,-2.0
-6.0,-6.0,-2.0
-6.0,-6.0,-2.0
-6.0,-6.0,-2.0
-6.0,-6.0,-2.0
-6.0,-6.0,-2.0
-6.0,-6.0,-2.0
-6.0,-6.0,-2.0
-6.0,-6.0,-2.0
-6.0,-6.0,-2.0
-6.0,-6.0,-2.0
-6.0,-6.0,-2.0
-6.0,-6.0,-2.0
-6.0,-6.0,-2.0
-6.0,-6.0,-2.0
-6.0,-6.0,-2.0
-6.0,-6.0,-2.0
-6.0,-6.0,-2.0
-6.0,-6.0,-2.0
-6.0,-6.0,-2.0
-6.0,-6.0,-2.0
-6.0,-6.0,-2.0
-6.0,-6.0,-2.0
-6.0,-6.0,-2.0
-6.0,-6.0,-2.0
-6.0,-6.0,-2.0
-6.0,-6.0,-2.0
-6.0,-6.0,-2.0
-6.0,-6.0,-2.0
-6.0,-6.0,-2.0
-6.0,-6.0,-2.0
-6.0,-6.0,-2.0
-6.0,-6.0,-2.0
-6.0,-6.0,-2.0
-6.0,-6.0,-2.0
-6.0,-6.0,-2.0
-6.0,-6.0,-2.0
-6.0,-6.0,-2.0
-6.0,-6.0,-2.0
-6.0,-6.0,-2.0
-6.0,-6.0,-2.0
-6.0,-6.0,-2.0
-6.0,-6.0,-2.0
-6.0,-6.0,-2.0
-6.0,-6.0,-2.0
-6.0,-6.0,-2.0
-6.0,-6.0,-2.0
-6.0,-6.0,-2.0
-6.0,-6.0,-2.0
-6.0,-6.0,-2.0
-6.0,-6.0,-2.0
-6.0,-6.0,-2.0
-6.0,-6.0,-2.0
-6.0,-6.0,-2.0
-6.0,-6.0,-2.0
-6.0,-6.0,-2.0
-6.0,-6.0,-2.0
-6.0,-6.0,-2.0
-6.0,-6.0,-2.0
-6.0,-6.0,-2.0
-6.0,-6.0,-2.0
-6.0,-6.0,-2.0
-6.0,-6.0,-2.0
-6.0,-6.0,-2.0
-6.0,-6.0,-2.0
-6.0,-6.0,-2.0
-6.0,-6.0,-2.0
-6.0,-6.0,-2.0
-6.0,-6.0,-2.0
-6.0,-6.0,-2.0
-6.0,-6.0,-2.0
-6.0,-6.0,-2.0
-6.0,-6.0,-2.0
-6.0,-6.0,-2.0
-6.0,-6.0,-2.0
-6.0,-6.0,-2.0
-6.0,-6.0,-2.0
-6.0,-6.0,-2.0
-6.0,-6.0,-2.0
-6.0,-6.0,-2.0
-6.0,-6.0,-2.0
-6.0,-6.0,-2.0
-6.0,-6.0,-2.0
-6.0,-6.0,-2.0
-6.0,-6.0,-2.0
-6.0,-6.0,-2.0
-6.0,-6.0,-2.0
-6.0,-6.0,-2.0
-6.0,-6.0,-2.0
-6.0,-6.0,-2.0
-6.0,-6.0,-2.0
-6.0,-6.0,-2.0
-6.0,-6.0,-2.0
-6.0,-6.0,-2.0
-6.0,-6.0,-2.0
-6.0,-6.0,-2.0
-6.0,-6.0,-2.0
-6.0,-6.0,-2.0
-6.0,-6.0,-2.0
-6.0,-6.0,-2.0
-6.0,-6.0,-2.0
-6.0,-6.0,-2.0
-6.0,-6.0,-2.0
-6.0,-6.0,-2.0
-6.0,-6.0,-2.0
-6.0,-6.0,-2.0
-6.0,-6.0,-2.0
-6.0,-6.0,-2.0
-6.0,-6.0,-2.0
-6.0,-6.0,-2.0
-6.0,-6.0,-2.0
-6.0,-6.0,-2.0
-6.0,-6.0,-2.0
-6.0,-6.0,-2.0
-6.0,-6.0,-2.0
-6.0,-6.0,-2.0
-6.0,-6.0,-2.0
-6.0,-6.0,-2.0
-6.0,-6.0,-2.0
-6.0,-6.0,-2.0
-6.0,-6.0,-2.0
-6.0,-6.0,-2.0
-6.0,-6.0,-2.0
-6.0,-6.0,-2.0
-6.0,-6.0,-2.0
-6.0,-6.0,-2.0
-6.0,-6.0,-2.0
-6.0,-6.0,-2.0
-6.0,-6.0,-2.0
-6.0,-6.0,-2.0
-6.0,-6.0,-2.0
-6.0,-6.0,-2.0
-6.0,-6.0,-2.0
-6.0,-6.0,-2.0
-6.0,-6.0,-2.0
-6.0,-6.0,-2.0
-6.0,-6.0,-2.0
-6.0,-6.0,-2.0
-6.0,-6.0,-2.0
-6.0,-6.0,-2.0
-6.0,-6.0,-2.0
-6.0,-6.0,-2.0
-6.0,-6.0,-2.0
-6.0,-6.0,-2.0
-6.0,-6.0,-2.0
-6.0,-6.0,-2.0
-6.0,-6.0,-2.0
-6.0,-6.0,-2.0
-6.0,-6.0,-2.0
-6.0,-6.0,-2.0
-6.0,-6.0,-2.0
-6.0,-6.0,-2.0
-6.0,-6.0,-2.0
-6.0,-6.0,-2.0
-6.0,-6.0,-2.0
-6.0,-6.0,-2.0
-6.0,-6.0,-2.0
-6.0,-6.0,-2.0
-6.0,-6.0,-2.0
-6.0,-6.0,-2.0
-6.0,-6.0,-2.0
-6.0,-6.0,-2.0
-6.0,-6.0,-2.0
-6.0,-6.0,-2.0
-6.0,-6.0,-2.0
-6.0,-6.0,-2.0
-6.0,-6.0,-2.0
-6.0,-6.0,-2.0
-6.0,-6.0,-2.0
-6.0,-6.0,-2.0
-6.0,-6.0,-2.0
-6.0,-6.0,-2.0
-6.0,-6.0,-2.0
-6.0,-6.0,-2.0
-6.0,-6.0,-2.0
-6.0,-6.0,-2.0
-6.0,-6.0,-2.0
-6.0,-6.0,-2.0
-6.0,-6.0,-2.0
-6.0,-6.0,-2.0
-6.0,-6.0,-2.0
-6.0,-6.0,-2.0
-6.0,-6.0,-2.0
-6.0,-6.0,-2.0
-6.0,-6.0,-2.0
-6.0,-6.0,-2.0
-6.0,-6.0,-2.0
-6.0,-6.0,-2.0
-6.0,-6.0,-2.0
-6.0,-6.0,-2.0
-6.0,-6.0,-2.0
-6.0,-6.0,-2.0
-6.0,-6.0,-2.0
-6.0,-6.0,-2.0
-6.0,-6.0,-2.0
-6.0,-6.0,-2.0
-6.0,-6.0,-2.0
-6.0,-6.0,-2.0
-6.0,-6.0,-2.0
-6.0,-6.0,-2.0
-6.0,-6.0,-2.0
-6.0,-6.0,-2.0
-6.0,-6.0,-2.0
-6.0,-6.0,-2.0
-6.0,-6.0,-2.0
-6.0,-6.0,-2.0
-6.0,-6.0,-2.0
-6.0,-6.0,-2.0
-6.0,-6.0,-2.0
-6.0,-6.0,-2.0
-6.0,-6.0,-2.0
-6.0,-6.0,-2.0
-6.0,-6.0,-2.0
-6.0,-6.0,-2.0
-6.0,-6.0,-2.0
-6.0,-6.0,-2.0
-6.0,-6.0,-2.0
-6.0,-6.0,-2.0
-6.0,-6.0,-2.0
-6.0,-6.0,-2.0
-6.0,-6.0,-2.0
-6.0,-6.0,-2.0
-6.0,-6.0,-2.0
-6.0,-6.0,-2.0
-6.0,-6.0,-2.0
-6.0,-6.0,-2.0
-6.0,-6.0,-2.0
-6.0,-6.0,-2.0
-6.0,-6.0,-2.0
-6.0,-6.0,-2.0
-6.0,-6.0,-2.0
-6.0,-6.0,-2.0
-6.0,-6.0,-2.0
-6.0,-6.0,-2.0
-6.0,-6.0,-2.0
-6.0,-6.0,-2.0
-6.0,-6.0,-2.0
-6.0,-6.0,-2.0
-6.0,-6.0,-2.0
-6.0,-6.0,-2.0
-6.0,-6.0,-2.0
-6.0,-6.0,-2.0
-6.0,-6.0,-2.0
-6.0,-6.0,-2.0
-6.0,-6.0,-2.0
-6.0,-6.0,-2.0
-6.0,-6.0,-2.0
-6.0,-6.0,-2.0
-6.0,-6.0,-2.0
-6.0,-6.0,-2.0
-6.0,-6.0,-2.0
-6.0,-6.0,-2.0
-6.0,-6.0,-2.0
-6.0,-6.0,-2.0
-6.0,-6.0,-2.0
-6.0,-6.0,-2.0
-6.0,-6.0,-2.0
-6.0,-6.0,-2.0
-6.0,-6.0,-2.0
-6.0,-6.0,-2.0
-6.0,-6.0,-2.0
-6.0,-6.0,-2.0
-6.0,-6.0,-2.0
-6.0,-6.0,-2.0
-6.0,-6.0,-2.0
-6.0,-6.0,-2.0
-6.0,-6.0,-2.0
-6.0,-6.0,-2.0
-6.0,-6.0,-2.0
-6.0,-6.0,-2.0
-6.0,-6.0,-2.0
-6.0,-6.0,-2.0
-6.0,-6.0,-2.0
-6.0,-6.0,-2.0
-6.0,-6.0,-2.0
-6.0,-6.0,-2.0
-6.0,-6.0,-2.0
-6.0,-6.0,-2.0
-6.0,-6.0,-2.0
-6.0,-6.0,-2.0
-6.0,-6.0,-2.0
-6.0,-6.0,-2.0
-6.0,-6.0,-2.0
-6.0,-6.0,-2.0
-6.0,-6.0,-2.0
-6.0,-6.0,-2.0
-6.0,-6.0,-2.0
-6.0,-6.0,-2.0
-6.0,-6.0,-2.0
-6.0,-6.0,-2.0
-6.0,-6.0,-2.0
-6.0,-6.0,-2.0
-6.0,-6.0,-2.0
-6.0,-6.0,-2.0
-6.0,-6.0,-2.0
-6.0,-6.0,-2.0
-6.0,-6.0,-2.0
-6.0,-6.0,-2.0
-6.0,-6.0,-2.0
-6.0,-6.0,-2.0
-6.0,-6.0,-2.0
-6.0,-6.0,-2.0
-6.0,-6.0,-2.0
-6.0,-6.0,-2.0
-6.0,-6.0,-2.0
-6.0,-6.0,-2.0
-6.0,-6.0,-2.0
-6.0,-6.0,-2.0
-6.0,-6.0,-2.0
-6.0,-6.0,-2.0
-6.0,-6.0,-2.0
-6.0,-6.0,-2.0
-6.0,-6.0,-2.0
-6.0,-6.0,-2.0
-6.0,-6.0,-2.0
-6.0,-6.0,-2.0
-6.0,-6.0,-2.0
-6.0,-6.0,-2.0
-6.0,-6.0,-2.0
-6.0,-6.0,-2.0
-6.0,-6.0,-2.0
-6.0,-6.0,-2.0
-6.0,-6.0,-2.0
-6.0,-6.0,-2.0
-6.0,-6.0,-2.0
-6.0,-6.0,-2.0
-6.0,-6.0,-2.0
-6.0,-6.0,-2.0
-6.0,-6.0,-2.0
-6.0,-6.0,-2.0
-6.0,-6.0,-2.0
-6.0,-6.0,-2.0
-6.0,-6.0,-2.0
-6.0,-6.0,-2.0
-6.0,-6.0,-2.0
-6.0,-6.0,-2.0
-6.0,-6.0,-2.0
-6.0,-6.0,-2.0
-6.0,-6.0,-2.0
-6.0,-6.0,-2.0
-6.0,-6.0,-2.0
-6.0,-6.0,-2.0
-6.0,-6.0,-2.0
-6.0,-6.0,-2.0
-6.0,-6.0,-2.0
-6.0,-6.0,-2.0
-6.0,-6.0,-2.0
-6.0,-6.0,-2.0
-6.0,-6.0,-2.0
-6.0,-6.0,-2.0
-6.0,-6.0,-2.0
-6.0,-6.0,-2.0
-6.0,-6.0,-2.0
-6.0,-6.0,-2.0
-6.0,-6.0,-2.0
-6.0,-6.0,-2.0
-6.0,-6.0,-2.0
-6.0,-6.0,-2.0
-6.0,-6.0,-2.0
-6.0,-6.0,-2.0
-6.0,-6.0,-2.0
-6.0,-6.0,-2.0
-6.0,-6.0,-2.0
-6.0,-6.0,-2.0
-6.0,-6.0,-2.0
-6.0,-6.0,-2.0
-6.0,-6.0,-2.0
-6.0,-6.0,-2.0
-6.0,-6.0,-2.0
-6.0,-6.0,-2.0
-6.0,-6.0,-2.0
-6.0,-6.0,-2.0
-6.0,-6.0,-2.0
-6.0,-6.0,-2.0
-6.0,-6.0,-2.0
-6.0,-6.0,-2.0
-6.0,-6.0,-2.0
-6.0,-6.0,-2.0
-6.0,-6.0,-2.0
-6.0,-6.0,-2.0
-6.0,-6.0,-2.0
-6.0,-6.0,-2.0
-6.0,-6.0,-2.0
-6.0,-6.0,-2.0
-6.0,-6.0,-2.0
-6.0,-6.0,-2.0
-6.0,-6.0,-2.0
-6.0,-6.0,-2.0
-6.0,-6.0,-2.0
-6.0,-6.0,-2.0
-6.0,-6.0,-2.0
-6.0,-6.0,-2.0
-6.0,-6.0,-2.0
-6.0,-6.0,-2.0
-6.0,-6.0,-2.0
-6.0,-6.0,-2.0
-6.0,-6.0,-2.0
-6.0,-6.0,-2.0
-6.0,-6.0,-2.0
-6.0,-6.0,-2.0
-6.0,-6.0,-2.0
-6.0,-6.0,-2.0
-6.0,-6.0,-2.0
-6.0,-6.0,-2.0
-6.0,-6.0,-2.0
-6.0,-6.0,-2.0
-6.0,-6.0,-2.0
-6.0,-6.0,-2.0
-6.0,-6.0,-2.0
-6.0,-6.0,-2.0
-6.0,-6.0,-2.0
-6.0,-6.0,-2.0
-6.0,-6.0,-2.0
-6.0,-6.0,-2.0
-6.0,-6.0,-2.0
-6.0,-6.0,-2.0
-6.0,-6.0,-2.0
-6.0,-6.0,-2.0
-6.0,-6.0,-2.0
-6.0,-6.0,-2.0
-6.0,-6.0,-2.0
-6.0,-6.0,-2.0
-6.0,-6.0,-2.0
-6.0,-6.0,-2.0
-6.0,-6.0,-2.0
-6.0,-6.0,-2.0
-6.0,-6.0,-2.0
-6.0,-6.0,-2.0
-6.0,-6.0,-2.0
-6.0,-6.0,-2.0
-6.0,-6.0,-2.0
-6.0,-6.0,-2.0
-6.0,-6.0,-2.0
-6.0,-6.0,-2.0
-6.0,-6.0,-2.0
-6.0,-6.0,-2.0
-6.0,-6.0,-2.0
-6.0,-6.0,-2.0
-6.0,-6.0,-2.0
-6.0,-6.0,-2.0
-6.0,-6.0,-2.0
-6.0,-6.0,-2.0
-6.0,-6.0,-2.0
-6.0,-6.0,-2.0
-6.0,-6.0,-2.0
-6.0,-6.0,-2.0
-6.0,-6.0,-2.0
-6.0,-6.0,-2.0
-6.0,-6.0,-2.0
-6.0,-6.0,-2.0
-6.0,-6.0,-2.0
-6.0,-6.0,-2.0
-6.0,-6.0,-2.0
-6.0,-6.0,-2.0
-6.0,-6.0,-2.0
-6.0,-6.0,-2.0
-6.0,-6.0,-2.0
-6.0,-6.0,-2.0
-6.0,-6.0,-2.0
-6.0,-6.0,-2.0
-6.0,-6.0,-2.0
-6.0,-6.0,-2.0
-6.0,-6.0,-2.0
-6.0,-6.0,-2.0
-6.0,-6.0,-2.0
-6.0,-6.0,-2.0
-6.0,-6.0,-2.0
-6.0,-6.0,-2.0
-6.0,-6.0,-2.0
-6.0,-6.0,-2.0
-6.0,-6.0,-2.0
-6.0,-6.0,-2.0
-6.0,-6.0,-2.0
-6.0,-6.0,-2.0
-6.0,-6.0,-2.0
-6.0,-6.0,-2.0
-6.0,-6.0,-2.0
-6.0,-6.0,-2.0
-6.0,-6.0,-2.0
-6.0,-6.0,-2.0
-6.0,-6.0,-2.0
-6.0,-6.0,-2.0
-6.0,-6.0,-2.0
-6.0,-6.0,-2.0
-6.0,-6.0,-2.0
-6.0,-6.0,-2.0
-6.0,-6.0,-2.0
-6.0,-6.0,-2.0
-6.0,-6.0,-2.0
-6.0,-6.0,-2.0
-6.0,-6.0,-2.0
-6.0,-6.0,-2.0
-6.0,-6.0,-2.0
-6.0,-6.0,-2.0
-6.0,-6.0,-2.0
-6.0,-6.0,-2.0
-6.0,-6.0,-2.0
-6.0,-6.0,-2.0
-6.0,-6.0,-2.0
-6.0,-6.0,-2.0
-6.0,-6.0,-2.0
-6.0,-6.0,-2.0
-6.0,-6.0,-2.0
-6.0,-6.0,-2.0
-6.0,-6.0,-2.0
-6.0,-6.0,-2.0
-6.0,-6.0,-2.0
-6.0,-6.0,-2.0
-6.0,-6.0,-2.0
-6.0,-6.0,-2.0
-6.0,-6.0,-2.0
-6.0,-6.0,-2.0
-6.0,-6.0,-2.0
-6.0,-6.0,-2.0
-6.0,-6.0,-2.0
-6.0,-6.0,-2.0
-6.0,-6.0,-2.0
-6.0,-6.0,-2.0
-6.0,-6.0,-2.0
-6.0,-6.0,-2.0
-6.0,-6.0,-2.0
-6.0,-6.0,-2.0
-6.0,-6.0,-2.0
-6.0,-6.0,-2.0
-6.0,-6.0,-2.0
-6.0,-6.0,-2.0
-6.0,-6.0,-2.0
-6.0,-6.0,-2.0
-6.0,-6.0,-2.0
-6.0,-6.0,-2.0
-6.0,-6.0,-2.0
-6.0,-6.0,-2.0
-6.0,-6.0,-2.0
-6.0,-6.0,-2.0
-6.0,-6.0,-2.0
-6.0,-6.0,-2.0
-6.0,-6.0,-2.0
-6.0,-6.0,-2.0
-6.0,-6.0,-2.0
-6.0,-6.0,-2.0
-6.0,-6.0,-2.0
-6.0,-6.0,-2.0
-6.0,-6.0,-2.0
-6.0,-6.0,-2.0
-6.0,-6.0,-2.0
-6.0,-6.0,-2.0
-6.0,-6.0,-2.0
-6.0,-6.0,-2.0
-6.0,-6.0,-2.0
-6.0,-6.0,-2.0
-6.0,-6.0,-2.0
-6.0,-6.0,-2.0
-6.0,-6.0,-2.0
-6.0,-6.0,-2.0
-6.0,-6.0,-2.0
-6.0,-6.0,-2.0
-6.0,-6.0,-2.0
-6.0,-6.0,-2.0
-6.0,-6.0,-2.0
-6.0,-6.0,-2.0
-6.0,-6.0,-2.0
-6.0,-6.0,-2.0
-6.0,-6.0,-2.0
-6.0,-6.0,-2.0
-6.0,-6.0,-2.0
-6.0,-6.0,-2.0
-6.0,-6.0,-2.0
-6.0,-6.0,-2.0
-6.0,-6.0,-2.0
-6.0,-6.0,-2.0
-6.0,-6.0,-2.0
-6.0,-6.0,-2.0
-6.0,-6.0,-2.0
-6.0,-6.0,-2.0
-6.0,-6.0,-2.0
-6.0,-6.0,-2.0
-6.0,-6.0,-2.0
-6.0,-6.0,-2.0
-6.0,-6.0,-2.0
-6.0,-6.0,-2.0
-6.0,-6.0,-2.0
-6.0,-6.0,-2.0
-6.0,-6.0,-2.0
-6.0,-6.0,-2.0
-6.0,-6.0,-2.0
-6.0,-6.0,-2.0
-6.0,-6.0,-2.0
-6.0,-6.0,-2.0
-6.0,-6.0,-2.0
-6.0,-6.0,-2.0
-6.0,-6.0,-2.0
-6.0,-6.0,-2.0
-6.0,-6.0,-2.0
-6.0,-6.0,-2.0
-6.0,-6.0,-2.0
-6.0,-6.0,-2.0
-6.0,-6.0,-2.0
-6.0,-6.0,-2.0
-6.0,-6.0,-2.0
-6.0,-6.0,-2.0
-6.0,-6.0,-2.0
-6.0,-6.0,-2.0
-6.0,-6.0,-2.0
-6.0,-6.0,-2.0
-6.0,-6.0,-2.0
-6.0,-6.0,-2.0
-6.0,-6.0,-2.0
-6.0,-6.0,-2.0
-6.0,-6.0,-2.0
-6.0,-6.0,-2.0
-6.0,-6.0,-2.0
-6.0,-6.0,-2.0
-6.0,-6.0,-2.0
-6.0,-6.0,-2.0
-6.0,-6.0,-2.0
-6.0,-6.0,-2.0
-6.0,-6.0,-2.0
-6.0,-6.0,-2.0
-6.0,-6.0,-2.0
-6.0,-6.0,-2.0
-6.0,-6.0,-2.0
-6.0,-6.0,-2.0
-6.0,-6.0,-2.0
-6.0,-6.0,-2.0
-6.0,-6.0,-2.0
-6.0,-6.0,-2.0
-6.0,-6.0,-2.0
-6.0,-6.0,-2.0
-6.0,-6.0,-2.0
-6.0,-6.0,-2.0
-6.0,-6.0,-2.0
-6.0,-6.0,-2.0
-6.0,-6.0,-2.0
-6.0,-6.0,-2.0
-6.0,-6.0,-2.0
-6.0,-6.0,-2.0
-6.0,-6.0,-2.0
-6.0,-6.0,-2.0
-6.0,-6.0,-2.0
-6.0,-6.0,-2.0
-6.0,-6.0,-2.0
-6.0,-6.0,-2.0
-6.0,-6.0,-2.0
-6.0,-6.0,-2.0
-6.0,-6.0,-2.0
-6.0,-6.0,-2.0
-6.0,-6.0,-2.0
-6.0,-6.0,-2.0
-6.0,-6.0,-2.0
-6.0,-6.0,-2.0
-6.0,-6.0,-2.0
-6.0,-6.0,-2.0
-6.0,-6.0,-2.0
-6.0,-6.0,-2.0
-6.0,-6.0,-2.0
-6.0,-6.0,-2.0
-6.0,-6.0,-2.0
-6.0,-6.0,-2.0
-6.0,-6.0,-2.0
-6.0,-6.0,-2.0
-6.0,-6.0,-2.0
-6.0,-6.0,-2.0
-6.0,-6.0,-2.0
-6.0,-6.0,-2.0
-6.0,-6.0,-2.0
-6.0,-6.0,-2.0
-6.0,-6.0,-2.0
-6.0,-6.0,-2.0
-6.0,-6.0,-2.0
-6.0,-6.0,-2.0
-6.0,-6.0,-2.0
-6.0,-6.0,-2.0
-6.0,-6.0,-2.0
-6.0,-6.0,-2.0
-6.0,-6.0,-2.0
-6.0,-6.0,-2.0
-6.0,-6.0,-2.0
-6.0,-6.0,-2.0
-6.0,-6.0,-2.0
-6.0,-6.0,-2.0
-6.0,-6.0,-2.0
-6.0,-6.0,-2.0
-6.0,-6.0,-2.0
-6.0,-6.0,-2.0
-6.0,-6.0,-2.0
-6.0,-6.0,-2.0
-6.0,-6.0,-2.0
-6.0,-6.0,-2.0
-6.0,-6.0,-2.0
-6.0,-6.0,-2.0
-6.0,-6.0,-2.0
-6.0,-6.0,-2.0
-6.0,-6.0,-2.0
-6.0,-6.0,-2.0
-6.0,-6.0,-2.0
-6.0,-6.0,-2.0
-6.0,-6.0,-2.0
-6.0,-6.0,-2.0
-6.0,-6.0,-2.0
-6.0,-6.0,-2.0
-6.0,-6.0,-2.0
-6.0,-6.0,-2.0
-6.0,-6.0,-2.0
-6.0,-6.0,-2.0
-6.0,-6.0,-2.0
-6.0,-6.0,-2.0
-6.0,-6.0,-2.0
-6.0,-6.0,-2.0
-6.0,-6.0,-2.0
-6.0,-6.0,-2.0
-6.0,-6.0,-2.0
-6.0,-6.0,-2.0
-6.0,-6.0,-2.0
-6.0,-6.0,-2.0
-6.0,-6.0,-2.0
-6.0,-6.0,-2.0
-6.0,-6.0,-2.0
-6.0,-6.0,-2.0
-6.0,-6.0,-2.0
-6.0,-6.0,-2.0
-6.0,-6.0,-2.0
-6.0,-6.0,-2.0
-6.0,-6.0,-2.0
-6.0,-6.0,-2.0
-6.0,-6.0,-2.0
-6.0,-6.0,-2.0
-6.0,-6.0,-2.0
-6.0,-6.0,-2.0
-6.0,-6.0,-2.0
-6.0,-6.0,-2.0
-6.0,-6.0,-2.0
-6.0,-6.0,-2.0
-6.0,-6.0,-2.0
-6.0,-6.0,-2.0
-6.0,-6.0,-2.0
-6.0,-6.0,-2.0
-6.0,-6.0,-2.0
-6.0,-6.0,-2.0
-6.0,-6.0,-2.0
-6.0,-6.0,-2.0
-6.0,-6.0,-2.0
-6.0,-6.0,-2.0
-6.0,-6.0,-2.0
-6.0,-6.0,-2.0
-6.0,-6.0,-2.0
-6.0,-6.0,-2.0
-6.0,-6.0,-2.0
-6.0,-6.0,-2.0
-6.0,-6.0,-2.0
-6.0,-6.0,-2.0
-6.0,-6.0,-2.0
-6.0,-6.0,-2.0
-6.0,-6.0,-2.0
-6.0,-6.0,-2.0
-6.0,-6.0,-2.0
-6.0,-6.0,-2.0
-6.0,-6.0,-2.0
-6.0,-6.0,-2.0
-6.0,-6.0,-2.0
-6.0,-6.0,-2.0
-6.0,-6.0,-2.0
-6.0,-6.0,-2.0
-6.0,-6.0,-2.0
-6.0,-6.0,-2.0
-6.0,-6.0,-2.0
-6.0,-6.0,-2.0
-6.0,-6.0,-2.0
-6.0,-6.0,-2.0
-6.0,-6.0,-2.0
-6.0,-6.0,-2.0
-6.0,-6.0,-2.0
-6.0,-6.0,-2.0
-6.0,-6.0,-2.0
-6.0,-6.0,-2.0
-6.0,-6.0,-2.0
-6.0,-6.0,-2.0
-6.0,-6.0,-2.0
-6.0,-6.0,-2.0
-6.0,-6.0,-2.0
-6.0,-6.0,-2.0
-6.0,-6.0,-2.0
-6.0,-6.0,-2.0
-6.0,-6.0,-2.0
-6.0,-6.0,-2.0
-6.0,-6.0,-2.0
-6.0,-6.0,-2.0
-6.0,-6.0,-2.0
-6.0,-6.0,-2.0
-6.0,-6.0,-2.0
-6.0,-6.0,-2.0
-6.0,-6.0,-2.0
-6.0,-6.0,-2.0
-6.0,-6.0,-2.0
-6.0,-6.0,-2.0
-6.0,-6.0,-2.0
-6.0,-6.0,-2.0
-6.0,-6.0,-2.0
-6.0,-6.0,-2.0
-6.0,-6.0,-2.0
-6.0,-6.0,-2.0
-6.0,-6.0,-2.0
-6.0,-6.0,-2.0
-6.0,-6.0,-2.0
-6.0,-6.0,-2.0
-6.0,-6.0,-2.0
-6.0,-6.0,-2.0
-6.0,-6.0,-2.0
-6.0,-6.0,-2.0
-6.0,-6.0,-2.0
-6.0,-6.0,-2.0
-6.0,-6.0,-2.0
-6.0,-6.0,-2.0
-6.0,-6.0,-2.0
-6.0,-6.0,-2.0
-6.0,-6.0,-2.0
-6.0,-6.0,-2.0
-6.0,-6.0,-2.0
-6.0,-6.0,-2.0
-6.0,-6.0,-2.0
-6.0,-6.0,-2.0
-6.0,-6.0,-2.0
-6.0,-6.0,-2.0
-6.0,-6.0,-2.0
-6.0,-6.0,-2.0
-6.0,-6.0,-2.0
-6.0,-6.0,-2.0
-6.0,-6.0,-2.0
-6.0,-6.0,-2.0
-6.0,-6.0,-2.0
-6.0,-6.0,-2.0
-6.0,-6.0,-2.0
-6.0,-6.0,-2.0
-6.0,-6.0,-2.0
-6.0,-6.0,-2.0
-6.0,-6.0,-2.0
-6.0,-6.0,-2.0
-6.0,-6.0,-2.0
-6.0,-6.0,-2.0
-6.0,-6.0,-2.0
-6.0,-6.0,-2.0
-6.0,-6.0,-2.0
-6.0,-6.0,-2.0
-6.0,-6.0,-2.0
-6.0,-6.0,-2.0
-6.0,-6.0,-2.0
-6.0,-6.0,-2.0
-6.0,-6.0,-2.0
-6.0,-6.0,-2.0
-6.0,-6.0,-2.0
-6.0,-6.0,-2.0
-6.0,-6.0,-2.0
-6.0,-6.0,-2.0
-6.0,-6.0,-2.0
-6.0,-6.0,-2.0
-6.0,-6.0,-2.0
-6.0,-6.0,-2.0
-6.0,-6.0,-2.0
-6.0,-6.0,-2.0
-6.0,-6.0,-2.0
-6.0,-6.0,-2.0
-6.0,-6.0,-2.0
-6.0,-6.0,-2.0
-6.0,-6.0,-2.0
-6.0,-6.0,-2.0
-6.0,-6.0,-2.0
-6.0,-6.0,-2.0
-6.0,-6.0,-2.0
-6.0,-6.0,-2.0
-6.0,-6.0,-2.0
-6.0,-6.0,-2.0
-6.0,-6.0,-2.0
-6.0,-6.0,-2.0
-6.0,-6.0,-2.0
-6.0,-6.0,-2.0
-6.0,-6.0,-2.0
-6.0,-6.0,-2.0
-6.0,-6.0,-2.0
-6.0,-6.0,-2.0
-6.0,-6.0,-2.0
-6.0,-6.0,-2.0
-6.0,-6.0,-2.0
-6.0,-6.0,-2.0
-6.0,-6.0,-2.0
-6.0,-6.0,-2.0
-6.0,-6.0,-2.0
-6.0,-6.0,-2.0
-6.0,-6.0,-2.0
-6.0,-6.0,-2.0
-6.0,-6.0,-2.0
-6.0,-6.0,-2.0
-6.0,-6.0,-2.0
-6.0,-6.0,-2.0
-6.0,-6.0,-2.0
-6.0,-6.0,-2.0
-6.0,-6.0,-2.0
-6.0,-6.0,-2.0
-6.0,-6.0,-2.0
-6.0,-6.0,-2.0
-6.0,-6.0,-2.0
-6.0,-6.0,-2.0
-6.0,-6.0,-2.0
-6.0,-6.0,-2.0
-6.0,-6.0,-2.0
-6.0,-6.0,-2.0
-6.0,-6.0,-2.0
-6.0,-6.0,-2.0
-6.0,-6.0,-2.0
-6.0,-6.0,-2.0
-6.0,-6.0,-2.0
-6.0,-6.0,-2.0
-6.0,-6.0,-2.0
-6.0,-6.0,-2.0
-6.0,-6.0,-2.0
-6.0,-6.0,-2.0
-6.0,-6.0,-2.0
-6.0,-6.0,-2.0
-6.0,-6.0,-2.0
-6.0,-6.0,-2.0
-6.0,-6.0,-2.0
-6.0,-6.0,-2.0
-6.0,-6.0,-2.0
-6.0,-6.0,-2.0
-6.0,-6.0,-2.0
-6.0,-6.0,-2.0
-6.0,-6.0,-2.0
-6.0,-6.0,-2.0
-6.0,-6.0,-2.0
-6.0,-6.0,-2.0
-6.0,-6.0,-2.0
-6.0,-6.0,-2.0
-6.0,-6.0,-2.0
-6.0,-6.0,-2.0
-6.0,-6.0,-2.0
-6.0,-6.0,-2.0
-6.0,-6.0,-2.0
-6.0,-6.0,-2.0
-6.0,-6.0,-2.0
-6.0,-6.0,-2.0
-6.0,-6.0,-2.0
-6.0,-6.0,-2.0
-6.0,-6.0,-2.0
-6.0,-6.0,-2.0
-6.0,-6.0,-2.0
-6.0,-6.0,-2.0
-6.0,-6.0,-2.0
-6.0,-6.0,-2.0
-6.0,-6.0,-2.0
-6.0,-6.0,-2.0
-6.0,-6.0,-2.0
-6.0,-6.0,-2.0
-6.0,-6.0,-2.0
-6.0,-6.0,-2.0
-6.0,-6.0,-2.0
-6.0,-6.0,-2.0
-6.0,-6.0,-2.0
-6.0,-6.0,-2.0
-6.0,-6.0,-2.0
-6.0,-6.0,-2.0
-6.0,-6.0,-2.0
-6.0,-6.0,-2.0
-6.0,-6.0,-2.0
-6.0,-6.0,-2.0
-6.0,-6.0,-2.0
-6.0,-6.0,-2.0
-6.0,-6.0,-2.0
-6.0,-6.0,-2.0
-6.0,-6.0,-2.0
-6.0,-6.0,-2.0
-6.0,-6.0,-2.0
-6.0,-6.0,-2.0
-6.0,-6.0,-2.0
-6.0,-6.0,-2.0
-6.0,-6.0,-2.0
-6.0,-6.0,-2.0
-6.0,-6.0,-2.0
-6.0,-6.0,-2.0
-6.0,-6.0,-2.0
-6.0,-6.0,-2.0
-6.0,-6.0,-2.0
-6.0,-6.0,-2.0
-6.0,-6.0,-2.0
-6.0,-6.0,-2.0
-6.0,-6.0,-2.0
-6.0,-6.0,-2.0
-6.0,-6.0,-2.0
-6.0,-6.0,-2.0
-6.0,-6.0,-2.0
-6.0,-6.0,-2.0
-6.0,-6.0,-2.0
-6.0,-6.0,-2.0
-6.0,-6.0,-2.0
-6.0,-6.0,-2.0
-6.0,-6.0,-2.0
-6.0,-6.0,-2.0
-6.0,-6.0,-2.0
-6.0,-6.0,-2.0
-6.0,-6.0,-2.0
-6.0,-6.0,-2.0
-6.0,-6.0,-2.0
-6.0,-6.0,-2.0
-6.0,-6.0,-2.0
-6.0,-6.0,-2.0
-6.0,-6.0,-2.0
-6.0,-6.0,-2.0
-6.0,-6.0,-2.0
-6.0,-6.0,-2.0
-6.0,-6.0,-2.0
-6.0,-6.0,-2.0
-6.0,-6.0,-2.0
-6.0,-6.0,-2.0
-6.0,-6.0,-2.0
-6.0,-6.0,-2.0
-6.0,-6.0,-2.0
-6.0,-6.0,-2.0
-6.0,-6.0,-2.0
-6.0,-6.0,-2.0
-6.0,-6.0,-2.0
-6.0,-6.0,-2.0
-6.0,-6.0,-2.0
-6.0,-6.0,-2.0
-6.0,-6.0,-2.0
-6.0,-6.0,-2.0
-6.0,-6.0,-2.0
-6.0,-6.0,-2.0
-6.0,-6.0,-2.0
-6.0,-6.0,-2.0
-6.0,-6.0,-2.0
-6.0,-6.0,-2.0
-6.0,-6.0,-2.0
-6.0,-6.0,-2.0
-6.0,-6.0,-2.0
-6.0,-6.0,-2.0
-6.0,-6.0,-2.0
-6.0,-6.0,-2.0
-6.0,-6.0,-2.0
-6.0,-6.0,-2.0
-6.0,-6.0,-2.0
-6.0,-6.0,-2.0
-6.0,-6.0,-2.0
-6.0,-6.0,-2.0
-6.0,-6.0,-2.0
-6.0,-6.0,-2.0
-6.0,-6.0,-2.0
-6.0,-6.0,-2.0
-6.0,-6.0,-2.0
-6.0,-6.0,-2.0
-6.0,-6.0,-2.0
-6.0,-6.0,-2.0
-6.0,-6.0,-2.0
-6.0,-6.0,-2.0
-6.0,-6.0,-2.0
-6.0,-6.0,-2.0
-6.0,-6.0,-2.0
-6.0,-6.0,-2.0
-6.0,-6.0,-2.0
-6.0,-6.0,-2.0
-6.0,-6.0,-2.0
-6.0,-6.0,-2.0
-6.0,-6.0,-2.0
-6.0,-6.0,-2.0
-6.0,-6.0,-2.0
-6.0,-6.0,-2.0
-6.0,-6.0,-2.0
-6.0,-6.0,-2.0
-6.0,-6.0,-2.0
-6.0,-6.0,-2.0
-6.0,-6.0,-2.0
-6.0,-6.0,-2.0
-6.0,-6.0,-2.0
-6.0,-6.0,-2.0
-6.0,-6.0,-2.0
-6.0,-6.0,-2.0
-6.0,-6.0,-2.0
-6.0,-6.0,-2.0
-6.0,-6.0,-2.0
-6.0,-6.0,-2.0
-6.0,-6.0,-2.0
-6.0,-6.0,-2.0
-6.0,-6.0,-2.0
-6.0,-6.0,-2.0
-6.0,-6.0,-2.0
-6.0,-6.0,-2.0
-6.0,-6.0,-2.0
-6.0,-6.0,-2.0
-6.0,-6.0,-2.0
-6.0,-6.0,-2.0
-6.0,-6.0,-2.0
-6.0,-6.0,-2.0
-6.0,-6.0,-2.0
-6.0,-6.0,-2.0
-6.0,-6.0,-2.0
-6.0,-6.0,-2.0
-6.0,-6.0,-2.0
-6.0,-6.0,-2.0
-6.0,-6.0,-2.0
-6.0,-6.0,-2.0
-6.0,-6.0,-2.0
-6.0,-6.0,-2.0
-6.0,-6.0,-2.0
-6.0,-6.0,-2.0
-6.0,-6.0,-2.0
-6.0,-6.0,-2.0
-6.0,-6.0,-2.0
-6.0,-6.0,-2.0
-6.0,-6.0,-2.0
-6.0,-6.0,-2.0
-6.0,-6.0,-2.0
-6.0,-6.0,-2.0
-6.0,-6.0,-2.0
-6.0,-6.0,-2.0
-6.0,-6.0,-2.0
-6.0,-6.0,-2.0
-6.0,-6.0,-2.0
-6.0,-6.0,-2.0
-6.0,-6.0,-2.0
-6.0,-6.0,-2.0
-6.0,-6.0,-2.0
-6.0,-6.0,-2.0
-6.0,-6.0,-2.0
-6.0,-6.0,-2.0
-6.0,-6.0,-2.0
-6.0,-6.0,-2.0
-6.0,-6.0,-2.0
-6.0,-6.0,-2.0
-6.0,-6.0,-2.0
-6.0,-6.0,-2.0
-6.0,-6.0,-2.0
-6.0,-6.0,-2.0
-6.0,-6.0,-2.0
-6.0,-6.0,-2.0
-6.0,-6.0,-2.0
-6.0,-6.0,-2.0
-6.0,-6.0,-2.0
-6.0,-6.0,-2.0
-6.0,-6.0,-2.0
-6.0,-6.0,-2.0
-6.0,-6.0,-2.0
-6.0,-6.0,-2.0
-6.0,-6.0,-2.0
-6.0,-6.0,-2.0
-6.0,-6.0,-2.0
-6.0,-6.0,-2.0
-6.0,-6.0,-2.0
-6.0,-6.0,-2.0
-6.0,-6.0,-2.0
-6.0,-6.0,-2.0
-6.0,-6.0,-2.0
-6.0,-6.0,-2.0
-6.0,-6.0,-2.0
-6.0,-6.0,-2.0
-6.0,-6.0,-2.0
-6.0,-6.0,-2.0
-6.0,-6.0,-2.0
-6.0,-6.0,-2.0
-6.0,-6.0,-2.0
-6.0,-6.0,-2.0
-6.0,-6.0,-2.0
-6.0,-6.0,-2.0
-6.0,-6.0,-2.0
-6.0,-6.0,-2.0
-6.0,-6.0,-2.0
-6.0,-6.0,-2.0
-6.0,-6.0,-2.0
-6.0,-6.0,-2.0
-6.0,-6.0,-2.0
-6.0,-6.0,-2.0
-6.0,-6.0,-2.0
-6.0,-6.0,-2.0
-6.0,-6.0,-2.0
-6.0,-6.0,-2.0
-6.0,-6.0,-2.0
-6.0,-6.0,-2.0
-6.0,-6.0,-2.0
-6.0,-6.0,-2.0
-6.0,-6.0,-2.0
-6.0,-6.0,-2.0
-6.0,-6.0,-2.0
-6.0,-6.0,-2.0
-6.0,-6.0,-2.0
-6.0,-6.0,-2.0
-6.0,-6.0,-2.0
-6.0,-6.0,-2.0
-6.0,-6.0,-2.0
-6.0,-6.0,-2.0
-6.0,-6.0,-2.0
-6.0,-6.0,-2.0
-6.0,-6.0,-2.0
-6.0,-6.0,-2.0
-6.0,-6.0,-2.0
-6.0,-6.0,-2.0
-6.0,-6.0,-2.0
-6.0,-6.0,-2.0
-6.0,-6.0,-2.0
-6.0,-6.0,-2.0
-6.0,-6.0,-2.0
-6.0,-6.0,-2.0
-6.0,-6.0,-2.0
-6.0,-6.0,-2.0
-6.0,-6.0,-2.0
-6.0,-6.0,-2.0
-6.0,-6.0,-2.0
-6.0,-6.0,-2.0
-6.0,-6.0,-2.0
-6.0,-6.0,-2.0
-6.0,-6.0,-2.0
-6.0,-6.0,-2.0
-6.0,-6.0,-2.0
-6.0,-6.0,-2.0
-6.0,-6.0,-2.0
-6.0,-6.0,-2.0
-6.0,-6.0,-2.0
-6.0,-6.0,-2.0
-6.0,-6.0,-2.0
-6.0,-6.0,-2.0
-6.0,-6.0,-2.0
-6.0,-6.0,-2.0
-6.0,-6.0,-2.0
-6.0,-6.0,-2.0
-6.0,-6.0,-2.0
-6.0,-6.0,-2.0
-6.0,-6.0,-2.0
-6.0,-6.0,-2.0
-6.0,-6.0,-2.0
-6.0,-6.0,-2.0
-6.0,-6.0,-2.0
-6.0,-6.0,-2.0
-6.0,-6.0,-2.0
-6.0,-6.0,-2.0
-6.0,-6.0,-2.0
-6.0,-6.0,-2.0
-6.0,-6.0,-2.0
-6.0,-6.0,-2.0
-6.0,-6.0,-2.0
-6.0,-6.0,-2.0
-6.0,-6.0,-2.0
-6.0,-6.0,-2.0
-6.0,-6.0,-2.0
-6.0,-6.0,-2.0
-6.0,-6.0,-2.0
-6.0,-6.0,-2.0
-6.0,-6.0,-2.0
-6.0,-6.0,-2.0
-6.0,-6.0,-2.0
-6.0,-6.0,-2.0
-6.0,-6.0,-2.0
-6.0,-6.0,-2.0
-6.0,-6.0,-2.0
-6.0,-6.0,-2.0
-6.0,-6.0,-2.0
-6.0,-6.0,-2.0
-6.0,-6.0,-2.0
-6.0,-6.0,-2.0
-6.0,-6.0,-2.0
-6.0,-6.0,-2.0
-6.0,-6.0,-2.0
-6.0,-6.0,-2.0
-6.0,-6.0,-2.0
-6.0,-6.0,-2.0
-6.0,-6.0,-2.0
-6.0,-6.0,-2.0
-6.0,-6.0,-2.0
-6.0,-6.0,-2.0
-6.0,-6.0,-2.0
-6.0,-6.0,-2.0
-6.0,-6.0,-2.0
-6.0,-6.0,-2.0
-6.0,-6.0,-2.0
-6.0,-6.0,-2.0
-6.0,-6.0,-2.0
-6.0,-6.0,-2.0
-6.0,-6.0,-2.0
-6.0,-6.0,-2.0
-6.0,-6.0,-2.0
-6.0,-6.0,-2.0
-6.0,-6.0,-2.0
-6.0,-6.0,-2.0
-6.0,-6.0,-2.0
-6.0,-6.0,-2.0
-6.0,-6.0,-2.0
-6.0,-6.0,-2.0
-6.0,-6.0,-2.0
-6.0,-6.0,-2.0
-6.0,-6.0,-2.0
-6.0,-6.0,-2.0
-6.0,-6.0,-2.0
-6.0,-6.0,-2.0
-6.0,-6.0,-2.0
-6.0,-6.0,-2.0
-6.0,-6.0,-2.0
-6.0,-6.0,-2.0
-6.0,-6.0,-2.0
-6.0,-6.0,-2.0
-6.0,-6.0,-2.0
-6.0,-6.0,-2.0
-6.0,-6.0,-2.0
-6.0,-6.0,-2.0
-6.0,-6.0,-2.0
-6.0,-6.0,-2.0
-6.0,-6.0,-2.0
-6.0,-6.0,-2.0
-6.0,-6.0,-2.0
-6.0,-6.0,-2.0
-6.0,-6.0,-2.0
-6.0,-6.0,-2.0
-6.0,-6.0,-2.0
-6.0,-6.0,-2.0
-6.0,-6.0,-2.0
-6.0,-6.0,-2.0
-6.0,-6.0,-2.0
-6.0,-6.0,-2.0
-6.0,-6.0,-2.0
-6.0,-6.0,-2.0
-6.0,-6.0,-2.0
-6.0,-6.0,-2.0
-6.0,-6.0,-2.0
-6.0,-6.0,-2.0
-6.0,-6.0,-2.0
-6.0,-6.0,-2.0
-6.0,-6.0,-2.0
-6.0,-6.0,-2.0
-6.0,-6.0,-2.0
-6.0,-6.0,-2.0
-6.0,-6.0,-2.0
-6.0,-6.0,-2.0
-6.0,-6.0,-2.0
-6.0,-6.0,-2.0
-6.0,-6.0,-2.0
-6.0,-6.0,-2.0
-6.0,-6.0,-2.0
-6.0,-6.0,-2.0
-6.0,-6.0,-2.0
-6.0,-6.0,-2.0
-6.0,-6.0,-2.0
-6.0,-6.0,-2.0
-6.0,-6.0,-2.0
-6.0,-6.0,-2.0
-6.0,-6.0,-2.0
-6.0,-6.0,-2.0
-6.0,-6.0,-2.0
-6.0,-6.0,-2.0
-6.0,-6.0,-2.0
-6.0,-6.0,-2.0
-6.0,-6.0,-2.0
-6.0,-6.0,-2.0
-6.0,-6.0,-2.0
-6.0,-6.0,-2.0
-6.0,-6.0,-2.0
-6.0,-6.0,-2.0
-6.0,-6.0,-2.0
-6.0,-6.0,-2.0
-6.0,-6.0,-2.0
-6.0,-6.0,-2.0
-6.0,-6.0,-2.0
-6.0,-6.0,-2.0
-6.0,-6.0,-2.0
-6.0,-6.0,-2.0
-6.0,-6.0,-2.0
-6.0,-6.0,-2.0
-6.0,-6.0,-2.0
-6.0,-6.0,-2.0
-6.0,-6.0,-2.0
-6.0,-6.0,-2.0
-6.0,-6.0,-2.0
-6.0,-6.0,-2.0
-6.0,-6.0,-2.0
-6.0,-6.0,-2.0
-6.0,-6.0,-2.0
-6.0,-6.0,-2.0
-6.0,-6.0,-2.0
-6.0,-6.0,-2.0
-6.0,-6.0,-2.0
-6.0,-6.0,-2.0
-6.0,-6.0,-2.0
-6.0,-6.0,-2.0
-6.0,-6.0,-2.0
-6.0,-6.0,-2.0
-6.0,-6.0,-2.0
-6.0,-6.0,-2.0
-6.0,-6.0,-2.0
-6.0,-6.0,-2.0
-6.0,-6.0,-2.0
-6.0,-6.0,-2.0
-6.0,-6.0,-2.0
-6.0,-6.0,-2.0
-6.0,-6.0,-2.0
-6.0,-6.0,-2.0
-6.0,-6.0,-2.0
-6.0,-6.0,-2.0
-6.0,-6.0,-2.0
-6.0,-6.0,-2.0
-6.0,-6.0,-2.0
-6.0,-6.0,-2.0
-6.0,-6.0,-2.0
-6.0,-6.0,-2.0
-6.0,-6.0,-2.0
-6.0,-6.0,-2.0
-6.0,-6.0,-2.0
-6.0,-6.0,-2.0
-6.0,-6.0,-2.0
-6.0,-6.0,-2.0
-6.0,-6.0,-2.0
-6.0,-6.0,-2.0
-6.0,-6.0,-2.0
-6.0,-6.0,-2.0
-6.0,-6.0,-2.0
-6.0,-6.0,-2.0
-6.0,-6.0,-2.0
-6.0,-6.0,-2.0
-6.0,-6.0,-2.0
-6.0,-6.0,-2.0
-6.0,-6.0,-2.0
-6.0,-6.0,-2.0
-6.0,-6.0,-2.0
-6.0,-6.0,-2.0
-6.0,-6.0,-2.0
-6.0,-6.0,-2.0
-6.0,-6.0,-2.0
-6.0,-6.0,-2.0
-6.0,-6.0,-2.0
-6.0,-6.0,-2.0
-6.0,-6.0,-2.0
-6.0,-6.0,-2.0
-6.0,-6.0,-2.0
-6.0,-6.0,-2.0
-6.0,-6.0,-2.0
-6.0,-6.0,-2.0
-6.0,-6.0,-2.0
-6.0,-6.0,-2.0
-6.0,-6.0,-2.0
-6.0,-6.0,-2.0
-6.0,-6.0,-2.0
-6.0,-6.0,-2.0
-6.0,-6.0,-2.0
-6.0,-6.0,-2.0
-6.0,-6.0,-2.0
-6.0,-6.0,-2.0
-6.0,-6.0,-2.0
-6.0,-6.0,-2.0
-6.0,-6.0,-2.0
-6.0,-6.0,-2.0
-6.0,-6.0,-2.0
-6.0,-6.0,-2.0
-6.0,-6.0,-2.0
-6.0,-6.0,-2.0
-6.0,-6.0,-2.0
-6.0,-6.0,-2.0
-6.0,-6.0,-2.0
-6.0,-6.0,-2.0
-6.0,-6.0,-2.0
-6.0,-6.0,-2.0
-6.0,-6.0,-2.0
-6.0,-6.0,-2.0
-6.0,-6.0,-2.0
-6.0,-6.0,-2.0
-6.0,-6.0,-2.0
-6.0,-6.0,-2.0
-6.0,-6.0,-2.0
-6.0,-6.0,-2.0
-6.0,-6.0,-2.0
-6.0,-6.0,-2.0
-6.0,-6.0,-2.0
-6.0,-6.0,-2.0
-6.0,-6.0,-2.0
-6.0,-6.0,-2.0
-6.0,-6.0,-2.0
-6.0,-6.0,-2.0
-6.0,-6.0,-2.0
-6.0,-6.0,-2.0
-6.0,-6.0,-2.0
-6.0,-6.0,-2.0
-6.0,-6.0,-2.0
-6.0,-6.0,-2.0
-6.0,-6.0,-2.0
-6.0,-6.0,-2.0
-6.0,-6.0,-2.0
-6.0,-6.0,-2.0
-6.0,-6.0,-2.0
-6.0,-6.0,-2.0
-6.0,-6.0,-2.0
-6.0,-6.0,-2.0
-6.0,-6.0,-2.0
-6.0,-6.0,-2.0
-6.0,-6.0,-2.0
-6.0,-6.0,-2.0
-6.0,-6.0,-2.0
-6.0,-6.0,-2.0
-6.0,-6.0,-2.0
-6.0,-6.0,-2.0
-6.0,-6.0,-2.0
-6.0,-6.0,-2.0
-6.0,-6.0,-2.0
-6.0,-6.0,-2.0
-6.0,-6.0,-2.0
-6.0,-6.0,-2.0
-6.0,-6.0,-2.0
-6.0,-6.0,-2.0
-6.0,-6.0,-2.0
-6.0,-6.0,-2.0
-6.0,-6.0,-2.0
-6.0,-6.0,-2.0
-6.0,-6.0,-2.0
-6.0,-6.0,-2.0
-6.0,-6.0,-2.0
-6.0,-6.0,-2.0
-6.0,-6.0,-2.0
-6.0,-6.0,-2.0
-6.0,-6.0,-2.0
-6.0,-6.0,-2.0
-6.0,-6.0,-2.0
-6.0,-6.0,-2.0
-6.0,-6.0,-2.0
-6.0,-6.0,-2.0
-6.0,-6.0,-2.0
-6.0,-6.0,-2.0
-6.0,-6.0,-2.0
-6.0,-6.0,-2.0
-6.0,-6.0,-2.0
-6.0,-6.0,-2.0
-6.0,-6.0,-2.0
-6.0,-6.0,-2.0
-6.0,-6.0,-2.0
-6.0,-6.0,-2.0
-6.0,-6.0,-2.0
-6.0,-6.0,-2.0
-6.0,-6.0,-2.0
-6.0,-6.0,-2.0
-6.0,-6.0,-2.0
-6.0,-6.0,-2.0
-6.0,-6.0,-2.0
-6.0,-6.0,-2.0
-6.0,-6.0,-2.0
-6.0,-6.0,-2.0
-6.0,-6.0,-2.0
-6.0,-6.0,-2.0
-6.0,-6.0,-2.0
-6.0,-6.0,-2.0
-6.0,-6.0,-2.0
-6.0,-6.0,-2.0
-6.0,-6.0,-2.0
-6.0,-6.0,-2.0
-6.0,-6.0,-2.0
-6.0,-6.0,-2.0
-6.0,-6.0,-2.0
-6.0,-6.0,-2.0
-6.0,-6.0,-2.0
-6.0,-6.0,-2.0
-6.0,-6.0,-2.0
-6.0,-6.0,-2.0
-6.0,-6.0,-2.0
-6.0,-6.0,-2.0
-6.0,-6.0,-2.0
-6.0,-6.0,-2.0
-6.0,-6.0,-2.0
-6.0,-6.0,-2.0
-6.0,-6.0,-2.0
-6.0,-6.0,-2.0
-6.0,-6.0,-2.0
-6.0,-6.0,-2.0
-6.0,-6.0,-2.0
-6.0,-6.0,-2.0
-6.0,-6.0,-2.0
-6.0,-6.0,-2.0
-6.0,-6.0,-2.0
-6.0,-6.0,-2.0
-6.0,-6.0,-2.0
-6.0,-6.0,-2.0
-6.0,-6.0,-2.0
-6.0,-6.0,-2.0
-6.0,-6.0,-2.0
-6.0,-6.0,-2.0
-6.0,-6.0,-2.0
-6.0,-6.0,-2.0
-6.0,-6.0,-2.0
-6.0,-6.0,-2.0
-6.0,-6.0,-2.0
-6.0,-6.0,-2.0
-6.0,-6.0,-2.0
-6.0,-6.0,-2.0
-6.0,-6.0,-2.0
-6.0,-6.0,-2.0
-6.0,-6.0,-2.0
-6.0,-6.0,-2.0
-6.0,-6.0,-2.0
-6.0,-6.0,-2.0
-6.0,-6.0,-2.0
-6.0,-6.0,-2.0
-6.0,-6.0,-2.0
-6.0,-6.0,-2.0
-6.0,-6.0,-2.0
-6.0,-6.0,-2.0
-6.0,-6.0,-2.0
-6.0,-6.0,-2.0
-6.0,-6.0,-2.0
-6.0,-6.0,-2.0
-6.0,-6.0,-2.0
-6.0,-6.0,-2.0
-6.0,-6.0,-2.0
-6.0,-6.0,-2.0
-6.0,-6.0,-2.0
-6.0,-6.0,-2.0
-6.0,-6.0,-2.0
-6.0,-6.0,-2.0
-6.0,-6.0,-2.0
-6.0,-6.0,-2.0
-6.0,-6.0,-2.0
-6.0,-6.0,-2.0
-6.0,-6.0,-2.0
-6.0,-6.0,-2.0
-6.0,-6.0,-2.0
-6.0,-6.0,-2.0
-6.0,-6.0,-2.0
-6.0,-6.0,-2.0
-6.0,-6.0,-2.0
-6.0,-6.0,-2.0
-6.0,-6.0,-2.0
-6.0,-6.0,-2.0
-6.0,-6.0,-2.0
-6.0,-6.0,-2.0
-6.0,-6.0,-2.0
-6.0,-6.0,-2.0
-6.0,-6.0,-2.0
-6.0,-6.0,-2.0
-6.0,-6.0,-2.0
-6.0,-6.0,-2.0
-6.0,-6.0,-2.0
-6.0,-6.0,-2.0
-6.0,-6.0,-2.0
-6.0,-6.0,-2.0
-6.0,-6.0,-2.0
-6.0,-6.0,-2.0
-6.0,-6.0,-2.0
-6.0,-6.0,-2.0
-6.0,-6.0,-2.0
-6.0,-6.0,-2.0
-6.0,-6.0,-2.0
-6.0,-6.0,-2.0
-6.0,-6.0,-2.0
-6.0,-6.0,-2.0
-6.0,-6.0,-2.0
-6.0,-6.0,-2.0
-6.0,-6.0,-2.0
-6.0,-6.0,-2.0
-6.0,-6.0,-2.0
-6.0,-6.0,-2.0
-6.0,-6.0,-2.0
-6.0,-6.0,-2.0
-6.0,-6.0,-2.0
-6.0,-6.0,-2.0
-6.0,-6.0,-2.0
-6.0,-6.0,-2.0
-6.0,-6.0,-2.0
-6.0,-6.0,-2.0
-6.0,-6.0,-2.0
-6.0,-6.0,-2.0
-6.0,-6.0,-2.0
-6.0,-6.0,-2.0
-6.0,-6.0,-2.0
-6.0,-6.0,-2.0
-6.0,-6.0,-2.0
-6.0,-6.0,-2.0
-6.0,-6.0,-2.0
-6.0,-6.0,-2.0
-6.0,-6.0,-2.0
-6.0,-6.0,-2.0
-6.0,-6.0,-2.0
-6.0,-6.0,-2.0
-6.0,-6.0,-2.0
-6.0,-6.0,-2.0
-6.0,-6.0,-2.0
-6.0,-6.0,-2.0
-6.0,-6.0,-2.0
-6.0,-6.0,-2.0
-6.0,-6.0,-2.0
-6.0,-6.0,-2.0
-6.0,-6.0,-2.0
-6.0,-6.0,-2.0
-6.0,-6.0,-2.0
-6.0,-6.0,-2.0
-6.0,-6.0,-2.0
-6.0,-6.0,-2.0
-6.0,-6.0,-2.0
-6.0,-6.0,-2.0
-6.0,-6.0,-2.0
-6.0,-6.0,-2.0
-6.0,-6.0,-2.0
-6.0,-6.0,-2.0
-6.0,-6.0,-2.0
-6.0,-6.0,-2.0
-6.0,-6.0,-2.0
-6.0,-6.0,-2.0
-6.0,-6.0,-2.0
-6.0,-6.0,-2.0
-6.0,-6.0,-2.0
-6.0,-6.0,-2.0
-6.0,-6.0,-2.0
-6.0,-6.0,-2.0
-6.0,-6.0,-2.0
-6.0,-6.0,-2.0
-6.0,-6.0,-2.0
-6.0,-6.0,-2.0
-6.0,-6.0,-2.0
-6.0,-6.0,-2.0
-6.0,-6.0,-2.0
-6.0,-6.0,-2.0
-6.0,-6.0,-2.0
-6.0,-6.0,-2.0
-6.0,-6.0,-2.0
-6.0,-6.0,-2.0
-6.0,-6.0,-2.0
-6.0,-6.0,-2.0
-6.0,-6.0,-2.0
-6.0,-6.0,-2.0
-6.0,-6.0,-2.0
-6.0,-6.0,-2.0
-6.0,-6.0,-2.0
-6.0,-6.0,-2.0
-6.0,-6.0,-2.0
-6.0,-6.0,-2.0
-6.0,-6.0,-2.0
-6.0,-6.0,-2.0
-6.0,-6.0,-2.0
-6.0,-6.0,-2.0
-6.0,-6.0,-2.0
-6.0,-6.0,-2.0
-6.0,-6.0,-2.0
-6.0,-6.0,-2.0
-6.0,-6.0,-2.0
-6.0,-6.0,-2.0
-6.0,-6.0,-2.0
-6.0,-6.0,-2.0
-6.0,-6.0,-2.0
-6.0,-6.0,-2.0
-6.0,-6.0,-2.0
-6.0,-6.0,-2.0
-6.0,-6.0,-2.0
-6.0,-6.0,-2.0
-6.0,-6.0,-2.0
-6.0,-6.0,-2.0
-6.0,-6.0,-2.0
-6.0,-6.0,-2.0
-6.0,-6.0,-2.0
-6.0,-6.0,-2.0
-6.0,-6.0,-2.0
-6.0,-6.0,-2.0
-6.0,-6.0,-2.0
-6.0,-6.0,-2.0
-6.0,-6.0,-2.0
-6.0,-6.0,-2.0
-6.0,-6.0,-2.0
-6.0,-6.0,-2.0
-6.0,-6.0,-2.0
-6.0,-6.0,-2.0
-6.0,-6.0,-2.0
-6.0,-6.0,-2.0
-6.0,-6.0,-2.0
-6.0,-6.0,-2.0
-6.0,-6.0,-2.0
-6.0,-6.0,-2.0
-6.0,-6.0,-2.0
-6.0,-6.0,-2.0
-6.0,-6.0,-2.0
-6.0,-6.0,-2.0
-6.0,-6.0,-2.0
-6.0,-6.0,-2.0
-6.0,-6.0,-2.0
-6.0,-6.0,-2.0
-6.0,-6.0,-2.0
-6.0,-6.0,-2.0
-6.0,-6.0,-2.0
-6.0,-6.0,-2.0
-6.0,-6.0,-2.0
-6.0,-6.0,-2.0
-6.0,-6.0,-2.0
-6.0,-6.0,-2.0
-6.0,-6.0,-2.0
-6.0,-6.0,-2.0
-6.0,-6.0,-2.0
-6.0,-6.0,-2.0
-6.0,-6.0,-2.0
-6.0,-6.0,-2.0
-6.0,-6.0,-2.0
-6.0,-6.0,-2.0
-6.0,-6.0,-2.0
-6.0,-6.0,-2.0
-6.0,-6.0,-2.0
-6.0,-6.0,-2.0
-6.0,-6.0,-2.0
-6.0,-6.0,-2.0
-6.0,-6.0,-2.0
-6.0,-6.0,-2.0
-6.0,-6.0,-2.0
-6.0,-6.0,-2.0
-6.0,-6.0,-2.0
-6.0,-6.0,-2.0
-6.0,-6.0,-2.0
-6.0,-6.0,-2.0
-6.0,-6.0,-2.0
-6.0,-6.0,-2.0
-6.0,-6.0,-2.0
-6.0,-6.0,-2.0
-6.0,-6.0,-2.0
-6.0,-6.0,-2.0
-6.0,-6.0,-2.0
-6.0,-6.0,-2.0
-6.0,-6.0,-2.0
-6.0,-6.0,-2.0
-6.0,-6.0,-2.0
-6.0,-6.0,-2.0
-6.0,-6.0,-2.0
-6.0,-6.0,-2.0
-6.0,-6.0,-2.0
-6.0,-6.0,-2.0
-6.0,-6.0,-2.0
-6.0,-6.0,-2.0
-6.0,-6.0,-2.0
-6.0,-6.0,-2.0
-6.0,-6.0,-2.0
-6.0,-6.0,-2.0
-6.0,-6.0,-2.0
-6.0,-6.0,-2.0
-6.0,-6.0,-2.0
-6.0,-6.0,-2.0
-6.0,-6.0,-2.0
-6.0,-6.0,-2.0
-6.0,-6.0,-2.0
-6.0,-6.0,-2.0
-6.0,-6.0,-2.0
-6.0,-6.0,-2.0
-6.0,-6.0,-2.0
-6.0,-6.0,-2.0
-6.0,-6.0,-2.0
-6.0,-6.0,-2.0
-6.0,-6.0,-2.0
-6.0,-6.0,-2.0
-6.0,-6.0,-2.0
-6.0,-6.0,-2.0
-6.0,-6.0,-2.0
-6.0,-6.0,-2.0
-6.0,-6.0,-2.0
-6.0,-6.0,-2.0
-6.0,-6.0,-2.0
-6.0,-6.0,-2.0
-6.0,-6.0,-2.0
-6.0,-6.0,-2.0
-6.0,-6.0,-2.0
-6.0,-6.0,-2.0
-6.0,-6.0,-2.0
-6.0,-6.0,-2.0
-6.0,-6.0,-2.0
-6.0,-6.0,-2.0
-6.0,-6.0,-2.0
-6.0,-6.0,-2.0
-6.0,-6.0,-2.0
-6.0,-6.0,-2.0
-6.0,-6.0,-2.0
-6.0,-6.0,-2.0
-6.0,-6.0,-2.0
-6.0,-6.0,-2.0
-6.0,-6.0,-2.0
-6.0,-6.0,-2.0
-6.0,-6.0,-2.0
-6.0,-6.0,-2.0
-6.0,-6.0,-2.0
-6.0,-6.0,-2.0
-6.0,-6.0,-2.0
-6.0,-6.0,-2.0
-6.0,-6.0,-2.0
-6.0,-6.0,-2.0
-6.0,-6.0,-2.0
-6.0,-6.0,-2.0
-6.0,-6.0,-2.0
-6.0,-6.0,-2.0
-6.0,-6.0,-2.0
-6.0,-6.0,-2.0
-6.0,-6.0,-2.0
-6.0,-6.0,-2.0
-6.0,-6.0,-2.0
-6.0,-6.0,-2.0
-6.0,-6.0,-2.0
-6.0,-6.0,-2.0
-6.0,-6.0,-2.0
-6.0,-6.0,-2.0
-6.0,-6.0,-2.0
-6.0,-6.0,-2.0
-6.0,-6.0,-2.0
-6.0,-6.0,-2.0
-6.0,-6.0,-2.0
-6.0,-6.0,-2.0
-6.0,-6.0,-2.0
-6.0,-6.0,-2.0
-6.0,-6.0,-2.0
-6.0,-6.0,-2.0
-6.0,-6.0,-2.0
-6.0,-6.0,-2.0
-6.0,-6.0,-2.0
-6.0,-6.0,-2.0
-6.0,-6.0,-2.0
-6.0,-6.0,-2.0
-6.0,-6.0,-2.0
-6.0,-6.0,-2.0
-6.0,-6.0,-2.0
-6.0,-6.0,-2.0
-6.0,-6.0,-2.0
-6.0,-6.0,-2.0
-6.0,-6.0,-2.0
-6.0,-6.0,-2.0
-6.0,-6.0,-2.0
-6.0,-6.0,-2.0
-6.0,-6.0,-2.0
-6.0,-6.0,-2.0
-6.0,-6.0,-2.0
-6.0,-6.0,-2.0
-6.0,-6.0,-2.0
-6.0,-6.0,-2.0
-6.0,-6.0,-2.0
-6.0,-6.0,-2.0
-6.0,-6.0,-2.0
-6.0,-6.0,-2.0
-6.0,-6.0,-2.0
-6.0,-6.0,-2.0
-6.0,-6.0,-2.0
-6.0,-6.0,-2.0
-6.0,-6.0,-2.0
-6.0,-6.0,-2.0
-6.0,-6.0,-2.0
-6.0,-6.0,-2.0
-6.0,-6.0,-2.0
-6.0,-6.0,-2.0
-6.0,-6.0,-2.0
-6.0,-6.0,-2.0
-6.0,-6.0,-2.0
-6.0,-6.0,-2.0
-6.0,-6.0,-2.0
-6.0,-6.0,-2.0
-6.0,-6.0,-2.0
-6.0,-6.0,-2.0
-6.0,-6.0,-2.0
-6.0,-6.0,-2.0
-6.0,-6.0,-2.0
-6.0,-6.0,-2.0
-6.0,-6.0,-2.0
-6.0,-6.0,-2.0
-6.0,-6.0,-2.0
-6.0,-6.0,-2.0
-6.0,-6.0,-2.0
-6.0,-6.0,-2.0
-6.0,-6.0,-2.0
-6.0,-6.0,-2.0
-6.0,-6.0,-2.0
-6.0,-6.0,-2.0
-6.0,-6.0,-2.0
-6.0,-6.0,-2.0
-6.0,-6.0,-2.0
-6.0,-6.0,-2.0
-6.0,-6.0,-2.0
-6.0,-6.0,-2.0
-6.0,-6.0,-2.0
-6.0,-6.0,-2.0
-6.0,-6.0,-2.0
-6.0,-6.0,-2.0
-6.0,-6.0,-2.0
-6.0,-6.0,-2.0
-6.0,-6.0,-2.0
-6.0,-6.0,-2.0
-6.0,-6.0,-2.0
-6.0,-6.0,-2.0
-6.0,-6.0,-2.0
-6.0,-6.0,-2.0
-6.0,-6.0,-2.0
-6.0,-6.0,-2.0
-6.0,-6.0,-2.0
-6.0,-6.0,-2.0
-6.0,-6.0,-2.0
-6.0,-6.0,-2.0
-6.0,-6.0,-2.0
-6.0,-6.0,-2.0
-6.0,-6.0,-2.0
-6.0,-6.0,-2.0
-6.0,-6.0,-2.0
-6.0,-6.0,-2.0
-6.0,-6.0,-2.0
-6.0,-6.0,-2.0
-6.0,-6.0,-2.0
-6.0,-6.0,-2.0
-6.0,-6.0,-2.0
-6.0,-6.0,-2.0
-6.0,-6.0,-2.0
-6.0,-6.0,-2.0
-6.0,-6.0,-2.0
-6.0,-6.0,-2.0
-6.0,-6.0,-2.0
-6.0,-6.0,-2.0
-6.0,-6.0,-2.0
-6.0,-6.0,-2.0
-6.0,-6.0,-2.0
-6.0,-6.0,-2.0
-6.0,-6.0,-2.0
-6.0,-6.0,-2.0
-6.0,-6.0,-2.0
-6.0,-6.0,-2.0
-6.0,-6.0,-2.0
-6.0,-6.0,-2.0
-6.0,-6.0,-2.0
-6.0,-6.0,-2.0
-6.0,-6.0,-2.0
-6.0,-6.0,-2.0
-6.0,-6.0,-2.0
-6.0,-6.0,-2.0
-6.0,-6.0,-2.0
-6.0,-6.0,-2.0
-6.0,-6.0,-2.0
-6.0,-6.0,-2.0
-6.0,-6.0,-2.0
-6.0,-6.0,-2.0
-6.0,-6.0,-2.0
-6.0,-6.0,-2.0
-6.0,-6.0,-2.0
-6.0,-6.0,-2.0
-6.0,-6.0,-2.0
-6.0,-6.0,-2.0
-6.0,-6.0,-2.0
-6.0,-6.0,-2.0
-6.0,-6.0,-2.0
-6.0,-6.0,-2.0
-6.0,-6.0,-2.0
-6.0,-6.0,-2.0
-6.0,-6.0,-2.0
-6.0,-6.0,-2.0
-6.0,-6.0,-2.0
-6.0,-6.0,-2.0
-6.0,-6.0,-2.0
-6.0,-6.0,-2.0
-6.0,-6.0,-2.0
-6.0,-6.0,-2.0
-6.0,-6.0,-2.0
-6.0,-6.0,-2.0
-6.0,-6.0,-2.0
-6.0,-6.0,-2.0
-6.0,-6.0,-2.0
-6.0,-6.0,-2.0
-6.0,-6.0,-2.0
-6.0,-6.0,-2.0
-6.0,-6.0,-2.0
-6.0,-6.0,-2.0
-6.0,-6.0,-2.0
-6.0,-6.0,-2.0
-6.0,-6.0,-2.0
-6.0,-6.0,-2.0
-6.0,-6.0,-2.0
-6.0,-6.0,-2.0
-6.0,-6.0,-2.0
-6.0,-6.0,-2.0
-6.0,-6.0,-2.0
-6.0,-6.0,-2.0
-6.0,-6.0,-2.0
-6.0,-6.0,-2.0
-6.0,-6.0,-2.0
-6.0,-6.0,-2.0
-6.0,-6.0,-2.0
-6.0,-6.0,-2.0
-6.0,-6.0,-2.0
-6.0,-6.0,-2.0
-6.0,-6.0,-2.0
-6.0,-6.0,-2.0
-6.0,-6.0,-2.0
-6.0,-6.0,-2.0
-6.0,-6.0,-2.0
-6.0,-6.0,-2.0
-6.0,-6.0,-2.0
-6.0,-6.0,-2.0
-6.0,-6.0,-2.0
-6.0,-6.0,-2.0
-6.0,-6.0,-2.0
-6.0,-6.0,-2.0
-6.0,-6.0,-2.0
-6.0,-6.0,-2.0
-6.0,-6.0,-2.0
-6.0,-6.0,-2.0
-6.0,-6.0,-2.0
-6.0,-6.0,-2.0
-6.0,-6.0,-2.0
-6.0,-6.0,-2.0
-6.0,-6.0,-2.0
-6.0,-6.0,-2.0
-6.0,-6.0,-2.0
-6.0,-6.0,-2.0
-6.0,-6.0,-2.0
-6.0,-6.0,-2.0
-6.0,-6.0,-2.0
-6.0,-6.0,-2.0
-6.0,-6.0,-2.0
-6.0,-6.0,-2.0
-6.0,-6.0,-2.0
-6.0,-6.0,-2.0
-6.0,-6.0,-2.0
-6.0,-6.0,-2.0
-6.0,-6.0,-2.0
-6.0,-6.0,-2.0
-6.0,-6.0,-2.0
-6.0,-6.0,-2.0
-6.0,-6.0,-2.0
-6.0,-6.0,-2.0
-6.0,-6.0,-2.0
-6.0,-6.0,-2.0
-6.0,-6.0,-2.0
-6.0,-6.0,-2.0
-6.0,-6.0,-2.0
-6.0,-6.0,-2.0
-6.0,-6.0,-2.0
-6.0,-6.0,-2.0
-6.0,-6.0,-2.0
-6.0,-6.0,-2.0
-6.0,-6.0,-2.0
-6.0,-6.0,-2.0
-6.0,-6.0,-2.0
-6.0,-6.0,-2.0
-6.0,-6.0,-2.0
-6.0,-6.0,-2.0
-6.0,-6.0,-2.0
-6.0,-6.0,-2.0
-6.0,-6.0,-2.0
-6.0,-6.0,-2.0
-6.0,-6.0,-2.0
-6.0,-6.0,-2.0
-6.0,-6.0,-2.0
-6.0,-6.0,-2.0
-6.0,-6.0,-2.0
-6.0,-6.0,-2.0
-6.0,-6.0,-2.0
-6.0,-6.0,-2.0
-6.0,-6.0,-2.0
-6.0,-6.0,-2.0
-6.0,-6.0,-2.0
-6.0,-6.0,-2.0
-6.0,-6.0,-2.0
-6.0,-6.0,-2.0
-6.0,-6.0,-2.0
-6.0,-6.0,-2.0
-6.0,-6.0,-2.0
-6.0,-6.0,-2.0
-6.0,-6.0,-2.0
-6.0,-6.0,-2.0
-6.0,-6.0,-2.0
-6.0,-6.0,-2.0
-6.0,-6.0,-2.0
-6.0,-6.0,-2.0
-6.0,-6.0,-2.0
-6.0,-6.0,-2.0
-6.0,-6.0,-2.0
-6.0,-6.0,-2.0
-6.0,-6.0,-2.0
-6.0,-6.0,-2.0
-6.0,-6.0,-2.0
-6.0,-6.0,-2.0
-6.0,-6.0,-2.0
-6.0,-6.0,-2.0
-6.0,-6.0,-2.0
-6.0,-6.0,-2.0
-6.0,-6.0,-2.0
-6.0,-6.0,-2.0
-6.0,-6.0,-2.0
-6.0,-6.0,-2.0
-6.0,-6.0,-2.0
-6.0,-6.0,-2.0
-6.0,-6.0,-2.0
-6.0,-6.0,-2.0
-6.0,-6.0,-2.0
-6.0,-6.0,-2.0
-6.0,-6.0,-2.0
-6.0,-6.0,-2.0
-6.0,-6.0,-2.0
-6.0,-6.0,-2.0
-6.0,-6.0,-2.0
-6.0,-6.0,-2.0
-6.0,-6.0,-2.0
-6.0,-6.0,-2.0
-6.0,-6.0,-2.0
-6.0,-6.0,-2.0
-6.0,-6.0,-2.0
-6.0,-6.0,-2.0
-6.0,-6.0,-2.0
-6.0,-6.0,-2.0
-6.0,-6.0,-2.0
-6.0,-6.0,-2.0
-6.0,-6.0,-2.0
-6.0,-6.0,-2.0
-6.0,-6.0,-2.0
-6.0,-6.0,-2.0
-6.0,-6.0,-2.0
-6.0,-6.0,-2.0
-6.0,-6.0,-2.0
-6.0,-6.0,-2.0
-6.0,-6.0,-2.0
-6.0,-6.0,-2.0
-6.0,-6.0,-2.0
-6.0,-6.0,-2.0
-6.0,-6.0,-2.0
-6.0,-6.0,-2.0
-6.0,-6.0,-2.0
-6.0,-6.0,-2.0
-6.0,-6.0,-2.0
-6.0,-6.0,-2.0
-6.0,-6.0,-2.0
-6.0,-6.0,-2.0
-6.0,-6.0,-2.0
-6.0,-6.0,-2.0
-6.0,-6.0,-2.0
-6.0,-6.0,-2.0
-6.0,-6.0,-2.0
-6.0,-6.0,-2.0
-6.0,-6.0,-2.0
-6.0,-6.0,-2.0
-6.0,-6.0,-2.0
-6.0,-6.0,-2.0
-6.0,-6.0,-2.0
-6.0,-6.0,-2.0
-6.0,-6.0,-2.0
-6.0,-6.0,-2.0
-6.0,-6.0,-2.0
-6.0,-6.0,-2.0
-6.0,-6.0,-2.0
-6.0,-6.0,-2.0
-6.0,-6.0,-2.0
-6.0,-6.0,-2.0
-6.0,-6.0,-2.0
-6.0,-6.0,-2.0
-6.0,-6.0,-2.0
-6.0,-6.0,-2.0
-6.0,-6.0,-2.0
-6.0,-6.0,-2.0
-6.0,-6.0,-2.0
-6.0,-6.0,-2.0
-6.0,-6.0,-2.0
-6.0,-6.0,-2.0
-6.0,-6.0,-2.0
-6.0,-6.0,-2.0
-6.0,-6.0,-2.0
-6.0,-6.0,-2.0
-6.0,-6.0,-2.0
-6.0,-6.0,-2.0
-6.0,-6.0,-2.0
-6.0,-6.0,-2.0
-6.0,-6.0,-2.0
-6.0,-6.0,-2.0
-6.0,-6.0,-2.0
-6.0,-6.0,-2.0
-6.0,-6.0,-2.0
-6.0,-6.0,-2.0
-6.0,-6.0,-2.0
-6.0,-6.0,-2.0
-6.0,-6.0,-2.0
-6.0,-6.0,-2.0
-6.0,-6.0,-2.0
-6.0,-6.0,-2.0
-6.0,-6.0,-2.0
-6.0,-6.0,-2.0
-6.0,-6.0,-2.0
-6.0,-6.0,-2.0
-6.0,-6.0,-2.0
-6.0,-6.0,-2.0
-6.0,-6.0,-2.0
-6.0,-6.0,-2.0
-6.0,-6.0,-2.0
-6.0,-6.0,-2.0
-6.0,-6.0,-2.0
-6.0,-6.0,-2.0
-6.0,-6.0,-2.0
-6.0,-6.0,-2.0
-6.0,-6.0,-2.0
-6.0,-6.0,-2.0
-6.0,-6.0,-2.0
-6.0,-6.0,-2.0
-6.0,-6.0,-2.0
-6.0,-6.0,-2.0
-6.0,-6.0,-2.0
-6.0,-6.0,-2.0
-6.0,-6.0,-2.0
-6.0,-6.0,-2.0
-6.0,-6.0,-2.0
-6.0,-6.0,-2.0
-6.0,-6.0,-2.0
-6.0,-6.0,-2.0
-6.0,-6.0,-2.0
-6.0,-6.0,-2.0
-6.0,-6.0,-2.0
-6.0,-6.0,-2.0
-6.0,-6.0,-2.0
-6.0,-6.0,-2.0
-6.0,-6.0,-2.0
-6.0,-6.0,-2.0
-6.0,-6.0,-2.0
-6.0,-6.0,-2.0
-6.0,-6.0,-2.0
-6.0,-6.0,-2.0
-6.0,-6.0,-2.0
-6.0,-6.0,-2.0
-6.0,-6.0,-2.0
-6.0,-6.0,-2.0
-6.0,-6.0,-2.0
-6.0,-6.0,-2.0
-6.0,-6.0,-2.0
-6.0,-6.0,-2.0
-6.0,-6.0,-2.0
-6.0,-6.0,-2.0
-6.0,-6.0,-2.0
-6.0,-6.0,-2.0
-6.0,-6.0,-2.0
-6.0,-6.0,-2.0
-6.0,-6.0,-2.0
-6.0,-6.0,-2.0
-6.0,-6.0,-2.0
-6.0,-6.0,-2.0
-6.0,-6.0,-2.0
-6.0,-6.0,-2.0
-6.0,-6.0,-2.0
-6.0,-6.0,-2.0
-6.0,-6.0,-2.0
-6.0,-6.0,-2.0
-6.0,-6.0,-2.0
-6.0,-6.0,-2.0
-6.0,-6.0,-2.0
-6.0,-6.0,-2.0
-6.0,-6.0,-2.0
-6.0,-6.0,-2.0
-6.0,-6.0,-2.0
-6.0,-6.0,-2.0
-6.0,-6.0,-2.0
-6.0,-6.0,-2.0
-6.0,-6.0,-2.0
-6.0,-6.0,-2.0
-6.0,-6.0,-2.0
-6.0,-6.0,-2.0
-6.0,-6.0,-2.0
-6.0,-6.0,-2.0
-6.0,-6.0,-2.0
-6.0,-6.0,-2.0
-6.0,-6.0,-2.0
-6.0,-6.0,-2.0
-6.0,-6.0,-2.0
-6.0,-6.0,-2.0
-6.0,-6.0,-2.0
-6.0,-6.0,-2.0
-6.0,-6.0,-2.0
-6.0,-6.0,-2.0
-6.0,-6.0,-2.0
-6.0,-6.0,-2.0
-6.0,-6.0,-2.0
-6.0,-6.0,-2.0
-6.0,-6.0,-2.0
-6.0,-6.0,-2.0
-6.0,-6.0,-2.0
-6.0,-6.0,-2.0
-6.0,-6.0,-2.0
-6.0,-6.0,-2.0
-6.0,-6.0,-2.0
-6.0,-6.0,-2.0
-6.0,-6.0,-2.0
-6.0,-6.0,-2.0
-6.0,-6.0,-2.0
-6.0,-6.0,-2.0
-6.0,-6.0,-2.0
-6.0,-6.0,-2.0
-6.0,-6.0,-2.0
-6.0,-6.0,-2.0
-6.0,-6.0,-2.0
-6.0,-6.0,-2.0
-6.0,-6.0,-2.0
-6.0,-6.0,-2.0
-6.0,-6.0,-2.0
-6.0,-6.0,-2.0
-6.0,-6.0,-2.0
-6.0,-6.0,-2.0
-6.0,-6.0,-2.0
-6.0,-6.0,-2.0
-6.0,-6.0,-2.0
-6.0,-6.0,-2.0
-6.0,-6.0,-2.0
-6.0,-6.0,-2.0
-6.0,-6.0,-2.0
-6.0,-6.0,-2.0
-6.0,-6.0,-2.0
-6.0,-6.0,-2.0
-6.0,-6.0,-2.0
-6.0,-6.0,-2.0
-6.0,-6.0,-2.0
-6.0,-6.0,-2.0
-6.0,-6.0,-2.0
-6.0,-6.0,-2.0
-6.0,-6.0,-2.0
-6.0,-6.0,-2.0
-6.0,-6.0,-2.0
-6.0,-6.0,-2.0
-6.0,-6.0,-2.0
-6.0,-6.0,-2.0
-6.0,-6.0,-2.0
-6.0,-6.0,-2.0
-6.0,-6.0,-2.0
-6.0,-6.0,-2.0
-6.0,-6.0,-2.0
-6.0,-6.0,-2.0
-6.0,-6.0,-2.0
-6.0,-6.0,-2.0
-6.0,-6.0,-2.0
-6.0,-6.0,-2.0
-6.0,-6.0,-2.0
-6.0,-6.0,-2.0
-6.0,-6.0,-2.0
-6.0,-6.0,-2.0
-6.0,-6.0,-2.0
-6.0,-6.0,-2.0
-6.0,-6.0,-2.0
-6.0,-6.0,-2.0
-6.0,-6.0,-2.0
-6.0,-6.0,-2.0
-6.0,-6.0,-2.0
-6.0,-6.0,-2.0
-6.0,-6.0,-2.0
-6.0,-6.0,-2.0
-6.0,-6.0,-2.0
-6.0,-6.0,-2.0
-6.0,-6.0,-2.0
-6.0,-6.0,-2.0
-6.0,-6.0,-2.0
-6.0,-6.0,-2.0
-6.0,-6.0,-2.0
-6.0,-6.0,-2.0
-6.0,-6.0,-2.0
-6.0,-6.0,-2.0
-6.0,-6.0,-2.0
-6.0,-6.0,-2.0
-6.0,-6.0,-2.0
-6.0,-6.0,-2.0
-6.0,-6.0,-2.0
-6.0,-6.0,-2.0
-6.0,-6.0,-2.0
-6.0,-6.0,-2.0
-6.0,-6.0,-2.0
-6.0,-6.0,-2.0
-6.0,-6.0,-2.0
-6.0,-6.0,-2.0
-6.0,-6.0,-2.0
-6.0,-6.0,-2.0
-6.0,-6.0,-2.0
-6.0,-6.0,-2.0
-6.0,-6.0,-2.0
-6.0,-6.0,-2.0
-6.0,-6.0,-2.0
-6.0,-6.0,-2.0
-6.0,-6.0,-2.0
-6.0,-6.0,-2.0
-6.0,-6.0,-2.0
-6.0,-6.0,-2.0
-6.0,-6.0,-2.0
-6.0,-6.0,-2.0
-6.0,-6.0,-2.0
-6.0,-6.0,-2.0
-6.0,-6.0,-2.0
-6.0,-6.0,-2.0
-6.0,-6.0,-2.0
-6.0,-6.0,-2.0
-6.0,-6.0,-2.0
-6.0,-6.0,-2.0
-6.0,-6.0,-2.0
-6.0,-6.0,-2.0
-6.0,-6.0,-2.0
-6.0,-6.0,-2.0
-6.0,-6.0,-2.0
-6.0,-6.0,-2.0
-6.0,-6.0,-2.0
-6.0,-6.0,-2.0
-6.0,-6.0,-2.0
-6.0,-6.0,-2.0
-6.0,-6.0,-2.0
-6.0,-6.0,-2.0
-6.0,-6.0,-2.0
-6.0,-6.0,-2.0
-6.0,-6.0,-2.0
-6.0,-6.0,-2.0
-6.0,-6.0,-2.0
-6.0,-6.0,-2.0
-6.0,-6.0,-2.0
-6.0,-6.0,-2.0
-6.0,-6.0,-2.0
-6.0,-6.0,-2.0
-6.0,-6.0,-2.0
-6.0,-6.0,-2.0
-6.0,-6.0,-2.0
-6.0,-6.0,-2.0
-6.0,-6.0,-2.0
-6.0,-6.0,-2.0
-6.0,-6.0,-2.0
-6.0,-6.0,-2.0
-6.0,-6.0,-2.0
-6.0,-6.0,-2.0
-6.0,-6.0,-2.0
-6.0,-6.0,-2.0
-6.0,-6.0,-2.0
-6.0,-6.0,-2.0
-6.0,-6.0,-2.0
-6.0,-6.0,-2.0
-6.0,-6.0,-2.0
-6.0,-6.0,-2.0
-6.0,-6.0,-2.0
-6.0,-6.0,-2.0
-6.0,-6.0,-2.0
-6.0,-6.0,-2.0
-6.0,-6.0,-2.0
-6.0,-6.0,-2.0
-6.0,-6.0,-2.0
-6.0,-6.0,-2.0
-6.0,-6.0,-2.0
-6.0,-6.0,-2.0
-6.0,-6.0,-2.0
-6.0,-6.0,-2.0
-6.0,-6.0,-2.0
-6.0,-6.0,-2.0
-6.0,-6.0,-2.0
-6.0,-6.0,-2.0
-6.0,-6.0,-2.0
-6.0,-6.0,-2.0
-6.0,-6.0,-2.0
-6.0,-6.0,-2.0
-6.0,-6.0,-2.0
-6.0,-6.0,-2.0
-6.0,-6.0,-2.0
-6.0,-6.0,-2.0
-6.0,-6.0,-2.0
-6.0,-6.0,-2.0
-6.0,-6.0,-2.0
-6.0,-6.0,-2.0
-6.0,-6.0,-2.0
-6.0,-6.0,-2.0
-6.0,-6.0,-2.0
-6.0,-6.0,-2.0
-6.0,-6.0,-2.0
-6.0,-6.0,-2.0
-6.0,-6.0,-2.0
-6.0,-6.0,-2.0
-6.0,-6.0,-2.0
-6.0,-6.0,-2.0
-6.0,-6.0,-2.0
-6.0,-6.0,-2.0
-6.0,-6.0,-2.0
-6.0,-6.0,-2.0
-6.0,-6.0,-2.0
-6.0,-6.0,-2.0
-6.0,-6.0,-2.0
-6.0,-6.0,-2.0
-6.0,-6.0,-2.0
-6.0,-6.0,-2.0
-6.0,-6.0,-2.0
-6.0,-6.0,-2.0
-6.0,-6.0,-2.0
-6.0,-6.0,-2.0
-6.0,-6.0,-2.0
-6.0,-6.0,-2.0
-6.0,-6.0,-2.0
-6.0,-6.0,-2.0
-6.0,-6.0,-2.0
-6.0,-6.0,-2.0
-6.0,-6.0,-2.0
-6.0,-6.0,-2.0
-6.0,-6.0,-2.0
-6.0,-6.0,-2.0
-6.0,-6.0,-2.0
-6.0,-6.0,-2.0
-6.0,-6.0,-2.0
-6.0,-6.0,-2.0
-6.0,-6.0,-2.0
-6.0,-6.0,-2.0
-6.0,-6.0,-2.0
-6.0,-6.0,-2.0
-6.0,-6.0,-2.0
-6.0,-6.0,-2.0
-6.0,-6.0,-2.0
-6.0,-6.0,-2.0
-6.0,-6.0,-2.0
-6.0,-6.0,-2.0
-6.0,-6.0,-2.0
-6.0,-6.0,-2.0
-6.0,-6.0,-2.0
-6.0,-6.0,-2.0
-6.0,-6.0,-2.0
-6.0,-6.0,-2.0
-6.0,-6.0,-2.0
-6.0,-6.0,-2.0
-6.0,-6.0,-2.0
-6.0,-6.0,-2.0
-6.0,-6.0,-2.0
-6.0,-6.0,-2.0
-6.0,-6.0,-2.0
-6.0,-6.0,-2.0
-6.0,-6.0,-2.0
-6.0,-6.0,-2.0
-6.0,-6.0,-2.0
-6.0,-6.0,-2.0
-6.0,-6.0,-2.0
-6.0,-6.0,-2.0
-6.0,-6.0,-2.0
-6.0,-6.0,-2.0
-6.0,-6.0,-2.0
-6.0,-6.0,-2.0
-6.0,-6.0,-2.0
-6.0,-6.0,-2.0
-6.0,-6.0,-2.0
-6.0,-6.0,-2.0
-6.0,-6.0,-2.0
-6.0,-6.0,-2.0
-6.0,-6.0,-2.0
-6.0,-6.0,-2.0
-6.0,-6.0,-2.0
-6.0,-6.0,-2.0
-6.0,-6.0,-2.0
-6.0,-6.0,-2.0
-6.0,-6.0,-2.0
-6.0,-6.0,-2.0
-6.0,-6.0,-2.0
-6.0,-6.0,-2.0
-6.0,-6.0,-2.0
-6.0,-6.0,-2.0
-6.0,-6.0,-2.0
-6.0,-6.0,-2.0
-6.0,-6.0,-2.0
-6.0,-6.0,-2.0
-6.0,-6.0,-2.0
-6.0,-6.0,-2.0
-6.0,-6.0,-2.0
-6.0,-6.0,-2.0
-6.0,-6.0,-2.0
-6.0,-6.0,-2.0
-6.0,-6.0,-2.0
-6.0,-6.0,-2.0
-6.0,-6.0,-2.0
-6.0,-6.0,-2.0
-6.0,-6.0,-2.0
-6.0,-6.0,-2.0
-6.0,-6.0,-2.0
-6.0,-6.0,-2.0
-6.0,-6.0,-2.0
-6.0,-6.0,-2.0
-6.0,-6.0,-2.0
-6.0,-6.0,-2.0
-6.0,-6.0,-2.0
-6.0,-6.0,-2.0
-6.0,-6.0,-2.0
-6.0,-6.0,-2.0
-6.0,-6.0,-2.0
-6.0,-6.0,-2.0
-6.0,-6.0,-2.0
-6.0,-6.0,-2.0
-6.0,-6.0,-2.0
-6.0,-6.0,-2.0
-6.0,-6.0,-2.0
-6.0,-6.0,-2.0
-6.0,-6.0,-2.0
-6.0,-6.0,-2.0
-6.0,-6.0,-2.0
-6.0,-6.0,-2.0
-6.0,-6.0,-2.0
-6.0,-6.0,-2.0
-6.0,-6.0,-2.0
-6.0,-6.0,-2.0
-6.0,-6.0,-2.0
-6.0,-6.0,-2.0
-6.0,-6.0,-2.0
-6.0,-6.0,-2.0
-6.0,-6.0,-2.0
-6.0,-6.0,-2.0
-6.0,-6.0,-2.0
-6.0,-6.0,-2.0
-6.0,-6.0,-2.0
-6.0,-6.0,-2.0
-6.0,-6.0,-2.0
-6.0,-6.0,-2.0
-6.0,-6.0,-2.0
-6.0,-6.0,-2.0
-6.0,-6.0,-2.0
-6.0,-6.0,-2.0
-6.0,-6.0,-2.0
-6.0,-6.0,-2.0
-6.0,-6.0,-2.0
-6.0,-6.0,-2.0
-6.0,-6.0,-2.0
-6.0,-6.0,-2.0
-6.0,-6.0,-2.0
-6.0,-6.0,-2.0
-6.0,-6.0,-2.0
-6.0,-6.0,-2.0
-6.0,-6.0,-2.0
-6.0,-6.0,-2.0
-6.0,-6.0,-2.0
-6.0,-6.0,-2.0
-6.0,-6.0,-2.0
-6.0,-6.0,-2.0
-6.0,-6.0,-2.0
-6.0,-6.0,-2.0
-6.0,-6.0,-2.0
-6.0,-6.0,-2.0
-6.0,-6.0,-2.0
-6.0,-6.0,-2.0
-6.0,-6.0,-2.0
-6.0,-6.0,-2.0
-6.0,-6.0,-2.0
-6.0,-6.0,-2.0
-6.0,-6.0,-2.0
-6.0,-6.0,-2.0
-6.0,-6.0,-2.0
-6.0,-6.0,-2.0
-6.0,-6.0,-2.0
-6.0,-6.0,-2.0
-6.0,-6.0,-2.0
-6.0,-6.0,-2.0
-6.0,-6.0,-2.0
-6.0,-6.0,-2.0
-6.0,-6.0,-2.0
-6.0,-6.0,-2.0
-6.0,-6.0,-2.0
-6.0,-6.0,-2.0
-6.0,-6.0,-2.0
-6.0,-6.0,-2.0
-6.0,-6.0,-2.0
-6.0,-6.0,-2.0
-6.0,-6.0,-2.0
-6.0,-6.0,-2.0
-6.0,-6.0,-2.0
-6.0,-6.0,-2.0
-6.0,-6.0,-2.0
-6.0,-6.0,-2.0
-6.0,-6.0,-2.0
-6.0,-6.0,-2.0
-6.0,-6.0,-2.0
-6.0,-6.0,-2.0
-6.0,-6.0,-2.0
-6.0,-6.0,-2.0
-6.0,-6.0,-2.0
-6.0,-6.0,-2.0
-6.0,-6.0,-2.0
-6.0,-6.0,-2.0
-6.0,-6.0,-2.0
-6.0,-6.0,-2.0
-6.0,-6.0,-2.0
-6.0,-6.0,-2.0
-6.0,-6.0,-2.0
-6.0,-6.0,-2.0
-6.0,-6.0,-2.0
-6.0,-6.0,-2.0
-6.0,-6.0,-2.0
-6.0,-6.0,-2.0
-6.0,-6.0,-2.0
-6.0,-6.0,-2.0
-6.0,-6.0,-2.0
-6.0,-6.0,-2.0
-6.0,-6.0,-2.0
-6.0,-6.0,-2.0
-6.0,-6.0,-2.0
-6.0,-6.0,-2.0
-6.0,-6.0,-2.0
-6.0,-6.0,-2.0
-6.0,-6.0,-2.0
-6.0,-6.0,-2.0
-6.0,-6.0,-2.0
-6.0,-6.0,-2.0
-6.0,-6.0,-2.0
-6.0,-6.0,-2.0
-6.0,-6.0,-2.0
-6.0,-6.0,-2.0
-6.0,-6.0,-2.0
-6.0,-6.0,-2.0
-6.0,-6.0,-2.0
-6.0,-6.0,-2.0
-6.0,-6.0,-2.0
-6.0,-6.0,-2.0
-6.0,-6.0,-2.0
-6.0,-6.0,-2.0
-6.0,-6.0,-2.0
-6.0,-6.0,-2.0
-6.0,-6.0,-2.0
-6.0,-6.0,-2.0
-6.0,-6.0,-2.0
-6.0,-6.0,-2.0
-6.0,-6.0,-2.0
-6.0,-6.0,-2.0
-6.0,-6.0,-2.0
-6.0,-6.0,-2.0
-6.0,-6.0,-2.0
-6.0,-6.0,-2.0
-6.0,-6.0,-2.0
-6.0,-6.0,-2.0
-6.0,-6.0,-2.0
-6.0,-6.0,-2.0
-6.0,-6.0,-2.0
-6.0,-6.0,-2.0
-6.0,-6.0,-2.0
-6.0,-6.0,-2.0
-6.0,-6.0,-2.0
-6.0,-6.0,-2.0
-6.0,-6.0,-2.0
-6.0,-6.0,-2.0
-6.0,-6.0,-2.0
-6.0,-6.0,-2.0
-6.0,-6.0,-2.0
-6.0,-6.0,-2.0
-6.0,-6.0,-2.0
-6.0,-6.0,-2.0
-6.0,-6.0,-2.0
-6.0,-6.0,-2.0
-6.0,-6.0,-2.0
-6.0,-6.0,-2.0
-6.0,-6.0,-2.0
-6.0,-6.0,-2.0
-6.0,-6.0,-2.0
-6.0,-6.0,-2.0
-6.0,-6.0,-2.0
-6.0,-6.0,-2.0
-6.0,-6.0,-2.0
-6.0,-6.0,-2.0
-6.0,-6.0,-2.0
-6.0,-6.0,-2.0
-6.0,-6.0,-2.0
-6.0,-6.0,-2.0
-6.0,-6.0,-2.0
-6.0,-6.0,-2.0
-6.0,-6.0,-2.0
-6.0,-6.0,-2.0
-6.0,-6.0,-2.0
-6.0,-6.0,-2.0
-6.0,-6.0,-2.0
-6.0,-6.0,-2.0
-6.0,-6.0,-2.0
-6.0,-6.0,-2.0
-6.0,-6.0,-2.0
-6.0,-6.0,-2.0
-6.0,-6.0,-2.0
-6.0,-6.0,-2.0
-6.0,-6.0,-2.0
-6.0,-6.0,-2.0
-6.0,-6.0,-2.0
-6.0,-6.0,-2.0
-6.0,-6.0,-2.0
-6.0,-6.0,-2.0
-6.0,-6.0,-2.0
-6.0,-6.0,-2.0
-6.0,-6.0,-2.0
-6.0,-6.0,-2.0
-6.0,-6.0,-2.0
-6.0,-6.0,-2.0
-6.0,-6.0,-2.0
-6.0,-6.0,-2.0
-6.0,-6.0,-2.0
-6.0,-6.0,-2.0
-6.0,-6.0,-2.0
-6.0,-6.0,-2.0
-6.0,-6.0,-2.0
-6.0,-6.0,-2.0
-6.0,-6.0,-2.0
-6.0,-6.0,-2.0
-6.0,-6.0,-2.0
-6.0,-6.0,-2.0
-6.0,-6.0,-2.0
-6.0,-6.0,-2.0
-6.0,-6.0,-2.0
-6.0,-6.0,-2.0
-6.0,-6.0,-2.0
-6.0,-6.0,-2.0
-6.0,-6.0,-2.0
-6.0,-6.0,-2.0
-6.0,-6.0,-2.0
-6.0,-6.0,-2.0
-6.0,-6.0,-2.0
-6.0,-6.0,-2.0
-6.0,-6.0,-2.0
-6.0,-6.0,-2.0
-6.0,-6.0,-2.0
-6.0,-6.0,-2.0
-6.0,-6.0,-2.0
-6.0,-6.0,-2.0
-6.0,-6.0,-2.0
-6.0,-6.0,-2.0
-6.0,-6.0,-2.0
-6.0,-6.0,-2.0
-6.0,-6.0,-2.0
-6.0,-6.0,-2.0
-6.0,-6.0,-2.0
-6.0,-6.0,-2.0
-6.0,-6.0,-2.0
-6.0,-6.0,-2.0
-6.0,-6.0,-2.0
-6.0,-6.0,-2.0
-6.0,-6.0,-2.0
-6.0,-6.0,-2.0
-6.0,-6.0,-2.0
-6.0,-6.0,-2.0
-6.0,-6.0,-2.0
-6.0,-6.0,-2.0
-6.0,-6.0,-2.0
-6.0,-6.0,-2.0
-6.0,-6.0,-2.0
-6.0,-6.0,-2.0
-6.0,-6.0,-2.0
-6.0,-6.0,-2.0
-6.0,-6.0,-2.0
-6.0,-6.0,-2.0
-6.0,-6.0,-2.0
-6.0,-6.0,-2.0
-6.0,-6.0,-2.0
-6.0,-6.0,-2.0
-6.0,-6.0,-2.0
-6.0,-6.0,-2.0
-6.0,-6.0,-2.0
-6.0,-6.0,-2.0
-6.0,-6.0,-2.0
-6.0,-6.0,-2.0
-6.0,-6.0,-2.0
-6.0,-6.0,-2.0
-6.0,-6.0,-2.0
-6.0,-6.0,-2.0
-6.0,-6.0,-2.0
-6.0,-6.0,-2.0
-6.0,-6.0,-2.0
-6.0,-6.0,-2.0
-6.0,-6.0,-2.0
-6.0,-6.0,-2.0
-6.0,-6.0,-2.0
-6.0,-6.0,-2.0
-6.0,-6.0,-2.0
-6.0,-6.0,-2.0
-6.0,-6.0,-2.0
-6.0,-6.0,-2.0
-6.0,-6.0,-2.0
-6.0,-6.0,-2.0
-6.0,-6.0,-2.0
-6.0,-6.0,-2.0
-6.0,-6.0,-2.0
-6.0,-6.0,-2.0
-6.0,-6.0,-2.0
-6.0,-6.0,-2.0
-6.0,-6.0,-2.0
-6.0,-6.0,-2.0
-6.0,-6.0,-2.0
-6.0,-6.0,-2.0
-6.0,-6.0,-2.0
-6.0,-6.0,-2.0
-6.0,-6.0,-2.0
-6.0,-6.0,-2.0
-6.0,-6.0,-2.0
-6.0,-6.0,-2.0
-6.0,-6.0,-2.0
-6.0,-6.0,-2.0
-6.0,-6.0,-2.0
-6.0,-6.0,-2.0
-6.0,-6.0,-2.0
-6.0,-6.0,-2.0
-6.0,-6.0,-2.0
-6.0,-6.0,-2.0
-6.0,-6.0,-2.0
-6.0,-6.0,-2.0
-6.0,-6.0,-2.0
-6.0,-6.0,-2.0
-6.0,-6.0,-2.0
-6.0,-6.0,-2.0
-6.0,-6.0,-2.0
-6.0,-6.0,-2.0
-6.0,-6.0,-2.0
-6.0,-6.0,-2.0
-6.0,-6.0,-2.0
-6.0,-6.0,-2.0
-6.0,-6.0,-2.0
-6.0,-6.0,-2.0
-6.0,-6.0,-2.0
-6.0,-6.0,-2.0
-6.0,-6.0,-2.0
-6.0,-6.0,-2.0
-6.0,-6.0,-2.0
-6.0,-6.0,-2.0
-6.0,-6.0,-2.0
-6.0,-6.0,-2.0
-6.0,-6.0,-2.0
-6.0,-6.0,-2.0
-6.0,-6.0,-2.0
-6.0,-6.0,-2.0
-6.0,-6.0,-2.0
-6.0,-6.0,-2.0
-6.0,-6.0,-2.0
-6.0,-6.0,-2.0
-6.0,-6.0,-2.0
-6.0,-6.0,-2.0
-6.0,-6.0,-2.0
-6.0,-6.0,-2.0
-6.0,-6.0,-2.0
-6.0,-6.0,-2.0
-6.0,-6.0,-2.0
-6.0,-6.0,-2.0
-6.0,-6.0,-2.0
-6.0,-6.0,-2.0
-6.0,-6.0,-2.0
-6.0,-6.0,-2.0
-6.0,-6.0,-2.0
-6.0,-6.0,-2.0
-6.0,-6.0,-2.0
-6.0,-6.0,-2.0
-6.0,-6.0,-2.0
-6.0,-6.0,-2.0
-6.0,-6.0,-2.0
-6.0,-6.0,-2.0
-6.0,-6.0,-2.0
-6.0,-6.0,-2.0
-6.0,-6.0,-2.0
-6.0,-6.0,-2.0
-6.0,-6.0,-2.0
-6.0,-6.0,-2.0
-6.0,-6.0,-2.0
-6.0,-6.0,-2.0
-6.0,-6.0,-2.0
-6.0,-6.0,-2.0
-6.0,-6.0,-2.0
-6.0,-6.0,-2.0
-6.0,-6.0,-2.0
-6.0,-6.0,-2.0
-6.0,-6.0,-2.0
-6.0,-6.0,-2.0
-6.0,-6.0,-2.0
-6.0,-6.0,-2.0
-6.0,-6.0,-2.0
-6.0,-6.0,-2.0
-6.0,-6.0,-2.0
-6.0,-6.0,-2.0
-6.0,-6.0,-2.0
-6.0,-6.0,-2.0
-6.0,-6.0,-2.0
-6.0,-6.0,-2.0
-6.0,-6.0,-2.0
-6.0,-6.0,-2.0
-6.0,-6.0,-2.0
-6.0,-6.0,-2.0
-6.0,-6.0,-2.0
-6.0,-6.0,-2.0
-6.0,-6.0,-2.0
-6.0,-6.0,-2.0
-6.0,-6.0,-2.0
-6.0,-6.0,-2.0
-6.0,-6.0,-2.0
-6.0,-6.0,-2.0
-6.0,-6.0,-2.0
-6.0,-6.0,-2.0
-6.0,-6.0,-2.0
-6.0,-6.0,-2.0
-6.0,-6.0,-2.0
-6.0,-6.0,-2.0
-6.0,-6.0,-2.0
-6.0,-6.0,-2.0
-6.0,-6.0,-2.0
-6.0,-6.0,-2.0
-6.0,-6.0,-2.0
-6.0,-6.0,-2.0
-6.0,-6.0,-2.0
-6.0,-6.0,-2.0
-6.0,-6.0,-2.0
-6.0,-6.0,-2.0
-6.0,-6.0,-2.0
-6.0,-6.0,-2.0
-6.0,-6.0,-2.0
-6.0,-6.0,-2.0
-6.0,-6.0,-2.0
-6.0,-6.0,-2.0
-6.0,-6.0,-2.0
-6.0,-6.0,-2.0
-6.0,-6.0,-2.0
-6.0,-6.0,-2.0
-6.0,-6.0,-2.0
-6.0,-6.0,-2.0
-6.0,-6.0,-2.0
-6.0,-6.0,-2.0
-6.0,-6.0,-2.0
-6.0,-6.0,-2.0
-6.0,-6.0,-2.0
-6.0,-6.0,-2.0
-6.0,-6.0,-2.0
-6.0,-6.0,-2.0
-6.0,-6.0,-2.0
-6.0,-6.0,-2.0
-6.0,-6.0,-2.0
-6.0,-6.0,-2.0
-6.0,-6.0,-2.0
-6.0,-6.0,-2.0
-6.0,-6.0,-2.0
-6.0,-6.0,-2.0
-6.0,-6.0,-2.0
-6.0,-6.0,-2.0
-6.0,-6.0,-2.0
-6.0,-6.0,-2.0
-6.0,-6.0,-2.0
-6.0,-6.0,-2.0
-6.0,-6.0,-2.0
-6.0,-6.0,-2.0
-6.0,-6.0,-2.0
-6.0,-6.0,-2.0
-6.0,-6.0,-2.0
-6.0,-6.0,-2.0
-6.0,-6.0,-2.0
-6.0,-6.0,-2.0
-6.0,-6.0,-2.0
-6.0,-6.0,-2.0
-6.0,-6.0,-2.0
-6.0,-6.0,-2.0
-6.0,-6.0,-2.0
-6.0,-6.0,-2.0
-6.0,-6.0,-2.0
-6.0,-6.0,-2.0
-6.0,-6.0,-2.0
-6.0,-6.0,-2.0
-6.0,-6.0,-2.0
-6.0,-6.0,-2.0
-6.0,-6.0,-2.0
-6.0,-6.0,-2.0
-6.0,-6.0,-2.0
-6.0,-6.0,-2.0
-6.0,-6.0,-2.0
-6.0,-6.0,-2.0
-6.0,-6.0,-2.0
-6.0,-6.0,-2.0
-6.0,-6.0,-2.0
-6.0,-6.0,-2.0
-6.0,-6.0,-2.0
-6.0,-6.0,-2.0
-6.0,-6.0,-2.0
-6.0,-6.0,-2.0
-6.0,-6.0,-2.0
-6.0,-6.0,-2.0
-6.0,-6.0,-2.0
-6.0,-6.0,-2.0
-6.0,-6.0,-2.0
-6.0,-6.0,-2.0
-6.0,-6.0,-2.0
-6.0,-6.0,-2.0
-6.0,-6.0,-2.0
-6.0,-6.0,-2.0
-6.0,-6.0,-2.0
-6.0,-6.0,-2.0
-6.0,-6.0,-2.0
-6.0,-6.0,-2.0
-6.0,-6.0,-2.0
-6.0,-6.0,-2.0
-6.0,-6.0,-2.0
-6.0,-6.0,-2.0
-6.0,-6.0,-2.0
-6.0,-6.0,-2.0
-6.0,-6.0,-2.0
-6.0,-6.0,-2.0
-6.0,-6.0,-2.0
-6.0,-6.0,-2.0
-6.0,-6.0,-2.0
-6.0,-6.0,-2.0
-6.0,-6.0,-2.0
-6.0,-6.0,-2.0
-6.0,-6.0,-2.0
-6.0,-6.0,-2.0
-6.0,-6.0,-2.0
-6.0,-6.0,-2.0
-6.0,-6.0,-2.0
-6.0,-6.0,-2.0
-6.0,-6.0,-2.0
-6.0,-6.0,-2.0
-6.0,-6.0,-2.0
-6.0,-6.0,-2.0
-6.0,-6.0,-2.0
-6.0,-6.0,-2.0
-6.0,-6.0,-2.0
-6.0,-6.0,-2.0
-6.0,-6.0,-2.0
-6.0,-6.0,-2.0
-6.0,-6.0,-2.0
-6.0,-6.0,-2.0
-6.0,-6.0,-2.0
-6.0,-6.0,-2.0
-6.0,-6.0,-2.0
-6.0,-6.0,-2.0
-6.0,-6.0,-2.0
-6.0,-6.0,-2.0
-6.0,-6.0,-2.0
-6.0,-6.0,-2.0
-6.0,-6.0,-2.0
-6.0,-6.0,-2.0
-6.0,-6.0,-2.0
-6.0,-6.0,-2.0
-6.0,-6.0,-2.0
-6.0,-6.0,-2.0
-6.0,-6.0,-2.0
-6.0,-6.0,-2.0
-6.0,-6.0,-2.0
-6.0,-6.0,-2.0
-6.0,-6.0,-2.0
-6.0,-6.0,-2.0
-6.0,-6.0,-2.0
-6.0,-6.0,-2.0
-6.0,-6.0,-2.0
-6.0,-6.0,-2.0
-6.0,-6.0,-2.0
-6.0,-6.0,-2.0
-6.0,-6.0,-2.0
-6.0,-6.0,-2.0
-6.0,-6.0,-2.0
-6.0,-6.0,-2.0
-6.0,-6.0,-2.0
-6.0,-6.0,-2.0
-6.0,-6.0,-2.0
-6.0,-6.0,-2.0
-6.0,-6.0,-2.0
-6.0,-6.0,-2.0
-6.0,-6.0,-2.0
-6.0,-6.0,-2.0
-6.0,-6.0,-2.0
-6.0,-6.0,-2.0
-6.0,-6.0,-2.0
-6.0,-6.0,-2.0
-6.0,-6.0,-2.0
-6.0,-6.0,-2.0
-6.0,-6.0,-2.0
-6.0,-6.0,-2.0
-6.0,-6.0,-2.0
-6.0,-6.0,-2.0
-6.0,-6.0,-2.0
-6.0,-6.0,-2.0
-6.0,-6.0,-2.0
-6.0,-6.0,-2.0
-6.0,-6.0,-2.0
-6.0,-6.0,-2.0
-6.0,-6.0,-2.0
-6.0,-6.0,-2.0
-6.0,-6.0,-2.0
-6.0,-6.0,-2.0
-6.0,-6.0,-2.0
-6.0,-6.0,-2.0
-6.0,-6.0,-2.0
-6.0,-6.0,-2.0
-6.0,-6.0,-2.0
-6.0,-6.0,-2.0
-6.0,-6.0,-2.0
-6.0,-6.0,-2.0
-6.0,-6.0,-2.0
-6.0,-6.0,-2.0
-6.0,-6.0,-2.0
-6.0,-6.0,-2.0
-6.0,-6.0,-2.0
-6.0,-6.0,-2.0
-6.0,-6.0,-2.0
-6.0,-6.0,-2.0
-6.0,-6.0,-2.0
-6.0,-6.0,-2.0
-6.0,-6.0,-2.0
-6.0,-6.0,-2.0
-6.0,-6.0,-2.0
-6.0,-6.0,-2.0
-6.0,-6.0,-2.0
-6.0,-6.0,-2.0
-6.0,-6.0,-2.0
-6.0,-6.0,-2.0
-6.0,-6.0,-2.0
-6.0,-6.0,-2.0
-6.0,-6.0,-2.0
-6.0,-6.0,-2.0
-6.0,-6.0,-2.0
-6.0,-6.0,-2.0
-6.0,-6.0,-2.0
-6.0,-6.0,-2.0
-6.0,-6.0,-2.0
-6.0,-6.0,-2.0
-6.0,-6.0,-2.0
-6.0,-6.0,-2.0
-6.0,-6.0,-2.0
-6.0,-6.0,-2.0
-6.0,-6.0,-2.0
-6.0,-6.0,-2.0
-6.0,-6.0,-2.0
-6.0,-6.0,-2.0
-6.0,-6.0,-2.0
-6.0,-6.0,-2.0
-6.0,-6.0,-2.0
-6.0,-6.0,-2.0
-6.0,-6.0,-2.0
-6.0,-6.0,-2.0
-6.0,-6.0,-2.0
-6.0,-6.0,-2.0
-6.0,-6.0,-2.0
-6.0,-6.0,-2.0
-6.0,-6.0,-2.0
-6.0,-6.0,-2.0
-6.0,-6.0,-2.0
-6.0,-6.0,-2.0
-6.0,-6.0,-2.0
-6.0,-6.0,-2.0
-6.0,-6.0,-2.0
-6.0,-6.0,-2.0
-6.0,-6.0,-2.0
-6.0,-6.0,-2.0
-6.0,-6.0,-2.0
-6.0,-6.0,-2.0
-6.0,-6.0,-2.0
-6.0,-6.0,-2.0
-6.0,-6.0,-2.0
-6.0,-6.0,-2.0
-6.0,-6.0,-2.0
-6.0,-6.0,-2.0
-6.0,-6.0,-2.0
-6.0,-6.0,-2.0
-6.0,-6.0,-2.0
-6.0,-6.0,-2.0
-6.0,-6.0,-2.0
-6.0,-6.0,-2.0
-6.0,-6.0,-2.0
-6.0,-6.0,-2.0
-6.0,-6.0,-2.0
-6.0,-6.0,-2.0
-6.0,-6.0,-2.0
-6.0,-6.0,-2.0
-6.0,-6.0,-2.0
-6.0,-6.0,-2.0
-6.0,-6.0,-2.0
-6.0,-6.0,-2.0
-6.0,-6.0,-2.0
-6.0,-6.0,-2.0
-6.0,-6.0,-2.0
-6.0,-6.0,-2.0
-6.0,-6.0,-2.0
-6.0,-6.0,-2.0
-6.0,-6.0,-2.0
-6.0,-6.0,-2.0
-6.0,-6.0,-2.0
-6.0,-6.0,-2.0
-6.0,-6.0,-2.0
-6.0,-6.0,-2.0
-6.0,-6.0,-2.0
-6.0,-6.0,-2.0
-6.0,-6.0,-2.0
-6.0,-6.0,-2.0
-6.0,-6.0,-2.0
-6.0,-6.0,-2.0
-6.0,-6.0,-2.0
-6.0,-6.0,-2.0
-6.0,-6.0,-2.0
-6.0,-6.0,-2.0
-6.0,-6.0,-2.0
-6.0,-6.0,-2.0
-6.0,-6.0,-2.0
-6.0,-6.0,-2.0
-6.0,-6.0,-2.0
-6.0,-6.0,-2.0
-6.0,-6.0,-2.0
-6.0,-6.0,-2.0
-6.0,-6.0,-2.0
-6.0,-6.0,-2.0
-6.0,-6.0,-2.0
-6.0,-6.0,-2.0
-6.0,-6.0,-2.0
-6.0,-6.0,-2.0
-6.0,-6.0,-2.0
-6.0,-6.0,-2.0
-6.0,-6.0,-2.0
-6.0,-6.0,-2.0
-6.0,-6.0,-2.0
-6.0,-6.0,-2.0
-6.0,-6.0,-2.0
-6.0,-6.0,-2.0
-6.0,-6.0,-2.0
-6.0,-6.0,-2.0
-6.0,-6.0,-2.0
-6.0,-6.0,-2.0
-6.0,-6.0,-2.0
-6.0,-6.0,-2.0
-6.0,-6.0,-2.0
-6.0,-6.0,-2.0
-6.0,-6.0,-2.0
-6.0,-6.0,-2.0
-6.0,-6.0,-2.0
-6.0,-6.0,-2.0
-6.0,-6.0,-2.0
-6.0,-6.0,-2.0
-6.0,-6.0,-2.0
-6.0,-6.0,-2.0
-6.0,-6.0,-2.0
-6.0,-6.0,-2.0
-6.0,-6.0,-2.0
-6.0,-6.0,-2.0
-6.0,-6.0,-2.0
-6.0,-6.0,-2.0
-6.0,-6.0,-2.0
-6.0,-6.0,-2.0
-6.0,-6.0,-2.0
-6.0,-6.0,-2.0
-6.0,-6.0,-2.0
-6.0,-6.0,-2.0
-6.0,-6.0,-2.0
-6.0,-6.0,-2.0
-6.0,-6.0,-2.0
-6.0,-6.0,-2.0
-6.0,-6.0,-2.0
-6.0,-6.0,-2.0
-6.0,-6.0,-2.0
-6.0,-6.0,-2.0
-6.0,-6.0,-2.0
-6.0,-6.0,-2.0
-6.0,-6.0,-2.0
-6.0,-6.0,-2.0
-6.0,-6.0,-2.0
-6.0,-6.0,-2.0
-6.0,-6.0,-2.0
-6.0,-6.0,-2.0
-6.0,-6.0,-2.0
-6.0,-6.0,-2.0
-6.0,-6.0,-2.0
-6.0,-6.0,-2.0
-6.0,-6.0,-2.0
-6.0,-6.0,-2.0
-6.0,-6.0,-2.0
-6.0,-6.0,-2.0
-6.0,-6.0,-2.0
-6.0,-6.0,-2.0
-6.0,-6.0,-2.0
-6.0,-6.0,-2.0
-6.0,-6.0,-2.0
-6.0,-6.0,-2.0
-6.0,-6.0,-2.0
-6.0,-6.0,-2.0
-6.0,-6.0,-2.0
-6.0,-6.0,-2.0
-6.0,-6.0,-2.0
-6.0,-6.0,-2.0
-6.0,-6.0,-2.0
-6.0,-6.0,-2.0
-6.0,-6.0,-2.0
-6.0,-6.0,-2.0
-6.0,-6.0,-2.0
-6.0,-6.0,-2.0
-6.0,-6.0,-2.0
-6.0,-6.0,-2.0
-6.0,-6.0,-2.0
-6.0,-6.0,-2.0
-6.0,-6.0,-2.0
-6.0,-6.0,-2.0
-6.0,-6.0,-2.0
-6.0,-6.0,-2.0
-6.0,-6.0,-2.0
-6.0,-6.0,-2.0
-6.0,-6.0,-2.0
-6.0,-6.0,-2.0
-6.0,-6.0,-2.0
-6.0,-6.0,-2.0
-6.0,-6.0,-2.0
-6.0,-6.0,-2.0
-6.0,-6.0,-2.0
-6.0,-6.0,-2.0
-6.0,-6.0,-2.0
-6.0,-6.0,-2.0
-6.0,-6.0,-2.0
-6.0,-6.0,-2.0
-6.0,-6.0,-2.0
-6.0,-6.0,-2.0
-6.0,-6.0,-2.0
-6.0,-6.0,-2.0
-6.0,-6.0,-2.0
-6.0,-6.0,-2.0
-6.0,-6.0,-2.0
-6.0,-6.0,-2.0
-6.0,-6.0,-2.0
-6.0,-6.0,-2.0
-6.0,-6.0,-2.0
-6.0,-6.0,-2.0
-6.0,-6.0,-2.0
-6.0,-6.0,-2.0
-6.0,-6.0,-2.0
-6.0,-6.0,-2.0
-6.0,-6.0,-2.0
-6.0,-6.0,-2.0
-6.0,-6.0,-2.0
-6.0,-6.0,-2.0
-6.0,-6.0,-2.0
-6.0,-6.0,-2.0
-6.0,-6.0,-2.0
-6.0,-6.0,-2.0
-6.0,-6.0,-2.0
-6.0,-6.0,-2.0
-6.0,-6.0,-2.0
-6.0,-6.0,-2.0
-6.0,-6.0,-2.0
-6.0,-6.0,-2.0
-6.0,-6.0,-2.0
-6.0,-6.0,-2.0
-6.0,-6.0,-2.0
-6.0,-6.0,-2.0
-6.0,-6.0,-2.0
-6.0,-6.0,-2.0
-6.0,-6.0,-2.0
-6.0,-6.0,-2.0
-6.0,-6.0,-2.0
-6.0,-6.0,-2.0
-6.0,-6.0,-2.0
-6.0,-6.0,-2.0
-6.0,-6.0,-2.0
-6.0,-6.0,-2.0
-6.0,-6.0,-2.0
-6.0,-6.0,-2.0
-6.0,-6.0,-2.0
-6.0,-6.0,-2.0
-6.0,-6.0,-2.0
-6.0,-6.0,-2.0
-6.0,-6.0,-2.0
-6.0,-6.0,-2.0
-6.0,-6.0,-2.0
-6.0,-6.0,-2.0
-6.0,-6.0,-2.0
-6.0,-6.0,-2.0
-6.0,-6.0,-2.0
-6.0,-6.0,-2.0
-6.0,-6.0,-2.0
-6.0,-6.0,-2.0
-6.0,-6.0,-2.0
-6.0,-6.0,-2.0
-6.0,-6.0,-2.0
-6.0,-6.0,-2.0
-6.0,-6.0,-2.0
-6.0,-6.0,-2.0
-6.0,-6.0,-2.0
-6.0,-6.0,-2.0
-6.0,-6.0,-2.0
-6.0,-6.0,-2.0
-6.0,-6.0,-2.0
-6.0,-6.0,-2.0
-6.0,-6.0,-2.0
-6.0,-6.0,-2.0
-6.0,-6.0,-2.0
-6.0,-6.0,-2.0
-6.0,-6.0,-2.0
-6.0,-6.0,-2.0
-6.0,-6.0,-2.0
-6.0,-6.0,-2.0
-6.0,-6.0,-2.0
-6.0,-6.0,-2.0
-6.0,-6.0,-2.0
-6.0,-6.0,-2.0
-6.0,-6.0,-2.0
-6.0,-6.0,-2.0
-6.0,-6.0,-2.0
-6.0,-6.0,-2.0
-6.0,-6.0,-2.0
-6.0,-6.0,-2.0
-6.0,-6.0,-2.0
-6.0,-6.0,-2.0
-6.0,-6.0,-2.0
-6.0,-6.0,-2.0
-6.0,-6.0,-2.0
-6.0,-6.0,-2.0
-6.0,-6.0,-2.0
-6.0,-6.0,-2.0
-6.0,-6.0,-2.0
-6.0,-6.0,-2.0
-6.0,-6.0,-2.0
-6.0,-6.0,-2.0
-6.0,-6.0,-2.0
-6.0,-6.0,-2.0
-6.0,-6.0,-2.0
-6.0,-6.0,-2.0
-6.0,-6.0,-2.0
-6.0,-6.0,-2.0
-6.0,-6.0,-2.0
-6.0,-6.0,-2.0
-6.0,-6.0,-2.0
-6.0,-6.0,-2.0
-6.0,-6.0,-2.0
-6.0,-6.0,-2.0
-6.0,-6.0,-2.0
-6.0,-6.0,-2.0
-6.0,-6.0,-2.0
-6.0,-6.0,-2.0
-6.0,-6.0,-2.0
-6.0,-6.0,-2.0
-6.0,-6.0,-2.0
-6.0,-6.0,-2.0
-6.0,-6.0,-2.0
-6.0,-6.0,-2.0
-6.0,-6.0,-2.0
-6.0,-6.0,-2.0
-6.0,-6.0,-2.0
-6.0,-6.0,-2.0
-6.0,-6.0,-2.0
-6.0,-6.0,-2.0
-6.0,-6.0,-2.0
-6.0,-6.0,-2.0
-6.0,-6.0,-2.0
-6.0,-6.0,-2.0
-6.0,-6.0,-2.0
-6.0,-6.0,-2.0
-6.0,-6.0,-2.0
-6.0,-6.0,-2.0
-6.0,-6.0,-2.0
-6.0,-6.0,-2.0
-6.0,-6.0,-2.0
-6.0,-6.0,-2.0
-6.0,-6.0,-2.0
-6.0,-6.0,-2.0
-6.0,-6.0,-2.0
-6.0,-6.0,-2.0
-6.0,-6.0,-2.0
-6.0,-6.0,-2.0
-6.0,-6.0,-2.0
-6.0,-6.0,-2.0
-6.0,-6.0,-2.0
-6.0,-6.0,-2.0
-6.0,-6.0,-2.0
-6.0,-6.0,-2.0
-6.0,-6.0,-2.0
-6.0,-6.0,-2.0
-6.0,-6.0,-2.0
-6.0,-6.0,-2.0
-6.0,-6.0,-2.0
-6.0,-6.0,-2.0
-6.0,-6.0,-2.0
-6.0,-6.0,-2.0
-6.0,-6.0,-2.0
-6.0,-6.0,-2.0
-6.0,-6.0,-2.0
-6.0,-6.0,-2.0
-6.0,-6.0,-2.0
-6.0,-6.0,-2.0
-6.0,-6.0,-2.0
-6.0,-6.0,-2.0
-6.0,-6.0,-2.0
-6.0,-6.0,-2.0
-6.0,-6.0,-2.0
-6.0,-6.0,-2.0
-6.0,-6.0,-2.0
-6.0,-6.0,-2.0
-6.0,-6.0,-2.0
-6.0,-6.0,-2.0
-6.0,-6.0,-2.0
-6.0,-6.0,-2.0
-6.0,-6.0,-2.0
-6.0,-6.0,-2.0
-6.0,-6.0,-2.0
-6.0,-6.0,-2.0
-6.0,-6.0,-2.0
-6.0,-6.0,-2.0
-6.0,-6.0,-2.0
-6.0,-6.0,-2.0
-6.0,-6.0,-2.0
-6.0,-6.0,-2.0
-6.0,-6.0,-2.0
-6.0,-6.0,-2.0
-6.0,-6.0,-2.0
-6.0,-6.0,-2.0
-6.0,-6.0,-2.0
-6.0,-6.0,-2.0
-6.0,-6.0,-2.0
-6.0,-6.0,-2.0
-6.0,-6.0,-2.0
-6.0,-6.0,-2.0
-6.0,-6.0,-2.0
-6.0,-6.0,-2.0
-6.0,-6.0,-2.0
-6.0,-6.0,-2.0
-6.0,-6.0,-2.0
-6.0,-6.0,-2.0
-6.0,-6.0,-2.0
-6.0,-6.0,-2.0
-6.0,-6.0,-2.0
-6.0,-6.0,-2.0
-6.0,-6.0,-2.0
-6.0,-6.0,-2.0
-6.0,-6.0,-2.0
-6.0,-6.0,-2.0
-6.0,-6.0,-2.0
-6.0,-6.0,-2.0
-6.0,-6.0,-2.0
-6.0,-6.0,-2.0
-6.0,-6.0,-2.0
-6.0,-6.0,-2.0
-6.0,-6.0,-2.0
-6.0,-6.0,-2.0
-6.0,-6.0,-2.0
-6.0,-6.0,-2.0
-6.0,-6.0,-2.0
-6.0,-6.0,-2.0
-6.0,-6.0,-2.0
-6.0,-6.0,-2.0
-6.0,-6.0,-2.0
-6.0,-6.0,-2.0
-6.0,-6.0,-2.0
-6.0,-6.0,-2.0
-6.0,-6.0,-2.0
-6.0,-6.0,-2.0
-6.0,-6.0,-2.0
-6.0,-6.0,-2.0
-6.0,-6.0,-2.0
-6.0,-6.0,-2.0
-6.0,-6.0,-2.0
-6.0,-6.0,-2.0
-6.0,-6.0,-2.0
-6.0,-6.0,-2.0
-6.0,-6.0,-2.0
-6.0,-6.0,-2.0
-6.0,-6.0,-2.0
-6.0,-6.0,-2.0
-6.0,-6.0,-2.0
-6.0,-6.0,-2.0
-6.0,-6.0,-2.0
-6.0,-6.0,-2.0
-6.0,-6.0,-2.0
-6.0,-6.0,-2.0
-6.0,-6.0,-2.0
-6.0,-6.0,-2.0
-6.0,-6.0,-2.0
-6.0,-6.0,-2.0
-6.0,-6.0,-2.0
-6.0,-6.0,-2.0
-6.0,-6.0,-2.0
-6.0,-6.0,-2.0
-6.0,-6.0,-2.0
-6.0,-6.0,-2.0
-6.0,-6.0,-2.0
-6.0,-6.0,-2.0
-6.0,-6.0,-2.0
-6.0,-6.0,-2.0
-6.0,-6.0,-2.0
-6.0,-6.0,-2.0
-6.0,-6.0,-2.0
-6.0,-6.0,-2.0
-6.0,-6.0,-2.0
-6.0,-6.0,-2.0
-6.0,-6.0,-2.0
-6.0,-6.0,-2.0
-6.0,-6.0,-2.0
-6.0,-6.0,-2.0
-6.0,-6.0,-2.0
-6.0,-6.0,-2.0
-6.0,-6.0,-2.0
-6.0,-6.0,-2.0
-6.0,-6.0,-2.0
-6.0,-6.0,-2.0
-6.0,-6.0,-2.0
-6.0,-6.0,-2.0
-6.0,-6.0,-2.0
-6.0,-6.0,-2.0
-6.0,-6.0,-2.0
-6.0,-6.0,-2.0
-6.0,-6.0,-2.0
-6.0,-6.0,-2.0
-6.0,-6.0,-2.0
-6.0,-6.0,-2.0
-6.0,-6.0,-2.0
-6.0,-6.0,-2.0
-6.0,-6.0,-2.0
-6.0,-6.0,-2.0
-6.0,-6.0,-2.0
-6.0,-6.0,-2.0
-6.0,-6.0,-2.0
-6.0,-6.0,-2.0
-6.0,-6.0,-2.0
-6.0,-6.0,-2.0
-6.0,-6.0,-2.0
-6.0,-6.0,-2.0
-6.0,-6.0,-2.0
-6.0,-6.0,-2.0
-6.0,-6.0,-2.0
-6.0,-6.0,-2.0
-6.0,-6.0,-2.0
-6.0,-6.0,-2.0
-6.0,-6.0,-2.0
-6.0,-6.0,-2.0
-6.0,-6.0,-2.0
-6.0,-6.0,-2.0
-6.0,-6.0,-2.0
-6.0,-6.0,-2.0
-6.0,-6.0,-2.0
-6.0,-6.0,-2.0
-6.0,-6.0,-2.0
-6.0,-6.0,-2.0
-6.0,-6.0,-2.0
-6.0,-6.0,-2.0
-6.0,-6.0,-2.0
-6.0,-6.0,-2.0
-6.0,-6.0,-2.0
-6.0,-6.0,-2.0
-6.0,-6.0,-2.0
-6.0,-6.0,-2.0
-6.0,-6.0,-2.0
-6.0,-6.0,-2.0
-6.0,-6.0,-2.0
-6.0,-6.0,-2.0
-6.0,-6.0,-2.0
-6.0,-6.0,-2.0
-6.0,-6.0,-2.0
-6.0,-6.0,-2.0
-6.0,-6.0,-2.0
-6.0,-6.0,-2.0
-6.0,-6.0,-2.0
-6.0,-6.0,-2.0
-6.0,-6.0,-2.0
-6.0,-6.0,-2.0
-6.0,-6.0,-2.0
-6.0,-6.0,-2.0
-6.0,-6.0,-2.0
-6.0,-6.0,-2.0
-6.0,-6.0,-2.0
-6.0,-6.0,-2.0
-6.0,-6.0,-2.0
-6.0,-6.0,-2.0
-6.0,-6.0,-2.0
-6.0,-6.0,-2.0
-6.0,-6.0,-2.0
-6.0,-6.0,-2.0
-6.0,-6.0,-2.0
-6.0,-6.0,-2.0
-6.0,-6.0,-2.0
-6.0,-6.0,-2.0
-6.0,-6.0,-2.0
-6.0,-6.0,-2.0
-6.0,-6.0,-2.0
-6.0,-6.0,-2.0
-6.0,-6.0,-2.0
-6.0,-6.0,-2.0
-6.0,-6.0,-2.0
-6.0,-6.0,-2.0
-6.0,-6.0,-2.0
-6.0,-6.0,-2.0
-6.0,-6.0,-2.0
-6.0,-6.0,-2.0
-6.0,-6.0,-2.0
-6.0,-6.0,-2.0
-6.0,-6.0,-2.0
-6.0,-6.0,-2.0
-6.0,-6.0,-2.0
-6.0,-6.0,-2.0
-6.0,-6.0,-2.0
-6.0,-6.0,-2.0
-6.0,-6.0,-2.0
-6.0,-6.0,-2.0
-6.0,-6.0,-2.0
-6.0,-6.0,-2.0
-6.0,-6.0,-2.0
-6.0,-6.0,-2.0
-6.0,-6.0,-2.0
-6.0,-6.0,-2.0
-6.0,-6.0,-2.0
-6.0,-6.0,-2.0
-6.0,-6.0,-2.0
-6.0,-6.0,-2.0
-6.0,-6.0,-2.0
-6.0,-6.0,-2.0
-6.0,-6.0,-2.0
-6.0,-6.0,-2.0
-6.0,-6.0,-2.0
-6.0,-6.0,-2.0
-6.0,-6.0,-2.0
-6.0,-6.0,-2.0
-6.0,-6.0,-2.0
-6.0,-6.0,-2.0
-6.0,-6.0,-2.0
-6.0,-6.0,-2.0
-6.0,-6.0,-2.0
-6.0,-6.0,-2.0
-6.0,-6.0,-2.0
-6.0,-6.0,-2.0
-6.0,-6.0,-2.0
-6.0,-6.0,-2.0
-6.0,-6.0,-2.0
-6.0,-6.0,-2.0
-6.0,-6.0,-2.0
-6.0,-6.0,-2.0
-6.0,-6.0,-2.0
-6.0,-6.0,-2.0
-6.0,-6.0,-2.0
-6.0,-6.0,-2.0
-6.0,-6.0,-2.0
-6.0,-6.0,-2.0
-6.0,-6.0,-2.0
-6.0,-6.0,-2.0
-6.0,-6.0,-2.0
-6.0,-6.0,-2.0
-6.0,-6.0,-2.0
-6.0,-6.0,-2.0
-6.0,-6.0,-2.0
-6.0,-6.0,-2.0
-6.0,-6.0,-2.0
-6.0,-6.0,-2.0
-6.0,-6.0,-2.0
-6.0,-6.0,-2.0
-6.0,-6.0,-2.0
-6.0,-6.0,-2.0
-6.0,-6.0,-2.0
-6.0,-6.0,-2.0
-6.0,-6.0,-2.0
-6.0,-6.0,-2.0
-6.0,-6.0,-2.0
-6.0,-6.0,-2.0
-6.0,-6.0,-2.0
-6.0,-6.0,-2.0
-6.0,-6.0,-2.0
-6.0,-6.0,-2.0
-6.0,-6.0,-2.0
-6.0,-6.0,-2.0
-6.0,-6.0,-2.0
-6.0,-6.0,-2.0
-6.0,-6.0,-2.0
-6.0,-6.0,-2.0
-6.0,-6.0,-2.0
-6.0,-6.0,-2.0
-6.0,-6.0,-2.0
-6.0,-6.0,-2.0
-6.0,-6.0,-2.0
-6.0,-6.0,-2.0
-6.0,-6.0,-2.0
-6.0,-6.0,-2.0
-6.0,-6.0,-2.0
-6.0,-6.0,-2.0
-6.0,-6.0,-2.0
-6.0,-6.0,-2.0
-6.0,-6.0,-2.0
-6.0,-6.0,-2.0
-6.0,-6.0,-2.0
-6.0,-6.0,-2.0
-6.0,-6.0,-2.0
-6.0,-6.0,-2.0
-6.0,-6.0,-2.0
-6.0,-6.0,-2.0
-6.0,-6.0,-2.0
-6.0,-6.0,-2.0
-6.0,-6.0,-2.0
-6.0,-6.0,-2.0
-6.0,-6.0,-2.0
-6.0,-6.0,-2.0
-6.0,-6.0,-2.0
-6.0,-6.0,-2.0
-6.0,-6.0,-2.0
-6.0,-6.0,-2.0
-6.0,-6.0,-2.0
-6.0,-6.0,-2.0
-6.0,-6.0,-2.0
-6.0,-6.0,-2.0
-6.0,-6.0,-2.0
-6.0,-6.0,-2.0
-6.0,-6.0,-2.0
-6.0,-6.0,-2.0
-6.0,-6.0,-2.0
-6.0,-6.0,-2.0
-6.0,-6.0,-2.0
-6.0,-6.0,-2.0
-6.0,-6.0,-2.0
-6.0,-6.0,-2.0
-6.0,-6.0,-2.0
-6.0,-6.0,-2.0
-6.0,-6.0,-2.0
-6.0,-6.0,-2.0
-6.0,-6.0,-2.0
-6.0,-6.0,-2.0
-6.0,-6.0,-2.0
-6.0,-6.0,-2.0
-6.0,-6.0,-2.0
-6.0,-6.0,-2.0
-6.0,-6.0,-2.0
-6.0,-6.0,-2.0
-6.0,-6.0,-2.0
-6.0,-6.0,-2.0
-6.0,-6.0,-2.0
-6.0,-6.0,-2.0
-6.0,-6.0,-2.0
-6.0,-6.0,-2.0
-6.0,-6.0,-2.0
-6.0,-6.0,-2.0
-6.0,-6.0,-2.0
-6.0,-6.0,-2.0
-6.0,-6.0,-2.0
-6.0,-6.0,-2.0
-6.0,-6.0,-2.0
-6.0,-6.0,-2.0
-6.0,-6.0,-2.0
-6.0,-6.0,-2.0
-6.0,-6.0,-2.0
-6.0,-6.0,-2.0
-6.0,-6.0,-2.0
-6.0,-6.0,-2.0
-6.0,-6.0,-2.0
-6.0,-6.0,-2.0
-6.0,-6.0,-2.0
-6.0,-6.0,-2.0
-6.0,-6.0,-2.0
-6.0,-6.0,-2.0
-6.0,-6.0,-2.0
-6.0,-6.0,-2.0
-6.0,-6.0,-2.0
-6.0,-6.0,-2.0
-6.0,-6.0,-2.0
-6.0,-6.0,-2.0
-6.0,-6.0,-2.0
-6.0,-6.0,-2.0
-6.0,-6.0,-2.0
-6.0,-6.0,-2.0
-6.0,-6.0,-2.0
-6.0,-6.0,-2.0
-6.0,-6.0,-2.0
-6.0,-6.0,-2.0
-6.0,-6.0,-2.0
-6.0,-6.0,-2.0
-6.0,-6.0,-2.0
-6.0,-6.0,-2.0
-6.0,-6.0,-2.0
-6.0,-6.0,-2.0
-6.0,-6.0,-2.0
-6.0,-6.0,-2.0
-6.0,-6.0,-2.0
-6.0,-6.0,-2.0
-6.0,-6.0,-2.0
-6.0,-6.0,-2.0
-6.0,-6.0,-2.0
-6.0,-6.0,-2.0
-6.0,-6.0,-2.0
-6.0,-6.0,-2.0
-6.0,-6.0,-2.0
-6.0,-6.0,-2.0
-6.0,-6.0,-2.0
-6.0,-6.0,-2.0
-6.0,-6.0,-2.0
-6.0,-6.0,-2.0
-6.0,-6.0,-2.0
-6.0,-6.0,-2.0
-6.0,-6.0,-2.0
-6.0,-6.0,-2.0
-6.0,-6.0,-2.0
-6.0,-6.0,-2.0
-6.0,-6.0,-2.0
-6.0,-6.0,-2.0
-6.0,-6.0,-2.0
-6.0,-6.0,-2.0
-6.0,-6.0,-2.0
-6.0,-6.0,-2.0
-6.0,-6.0,-2.0
-6.0,-6.0,-2.0
-6.0,-6.0,-2.0
-6.0,-6.0,-2.0
-6.0,-6.0,-2.0
-6.0,-6.0,-2.0
-6.0,-6.0,-2.0
-6.0,-6.0,-2.0
-6.0,-6.0,-2.0
-6.0,-6.0,-2.0
-6.0,-6.0,-2.0
-6.0,-6.0,-2.0
-6.0,-6.0,-2.0
-6.0,-6.0,-2.0
-6.0,-6.0,-2.0
-6.0,-6.0,-2.0
-6.0,-6.0,-2.0
-6.0,-6.0,-2.0
-6.0,-6.0,-2.0
-6.0,-6.0,-2.0
-6.0,-6.0,-2.0
-6.0,-6.0,-2.0
-6.0,-6.0,-2.0
-6.0,-6.0,-2.0
-6.0,-6.0,-2.0
-6.0,-6.0,-2.0
-6.0,-6.0,-2.0
-6.0,-6.0,-2.0
-6.0,-6.0,-2.0
-6.0,-6.0,-2.0
-6.0,-6.0,-2.0
-6.0,-6.0,-2.0
-6.0,-6.0,-2.0
-6.0,-6.0,-2.0
-6.0,-6.0,-2.0
-6.0,-6.0,-2.0
-6.0,-6.0,-2.0
-6.0,-6.0,-2.0
-6.0,-6.0,-2.0
-6.0,-6.0,-2.0
-6.0,-6.0,-2.0
-6.0,-6.0,-2.0
-6.0,-6.0,-2.0
-6.0,-6.0,-2.0
-6.0,-6.0,-2.0
-6.0,-6.0,-2.0
-6.0,-6.0,-2.0
-6.0,-6.0,-2.0
-6.0,-6.0,-2.0
-6.0,-6.0,-2.0
-6.0,-6.0,-2.0
-6.0,-6.0,-2.0
-6.0,-6.0,-2.0
-6.0,-6.0,-2.0
-6.0,-6.0,-2.0
-6.0,-6.0,-2.0
-6.0,-6.0,-2.0
-6.0,-6.0,-2.0
-6.0,-6.0,-2.0
-6.0,-6.0,-2.0
-6.0,-6.0,-2.0
-6.0,-6.0,-2.0
-6.0,-6.0,-2.0
-6.0,-6.0,-2.0
-6.0,-6.0,-2.0
-6.0,-6.0,-2.0
-6.0,-6.0,-2.0
-6.0,-6.0,-2.0
-6.0,-6.0,-2.0
-6.0,-6.0,-2.0
-6.0,-6.0,-2.0
-6.0,-6.0,-2.0
-6.0,-6.0,-2.0
-6.0,-6.0,-2.0
-6.0,-6.0,-2.0
-6.0,-6.0,-2.0
-6.0,-6.0,-2.0
-6.0,-6.0,-2.0
-6.0,-6.0,-2.0
-6.0,-6.0,-2.0
-6.0,-6.0,-2.0
-6.0,-6.0,-2.0
-6.0,-6.0,-2.0
-6.0,-6.0,-2.0
-6.0,-6.0,-2.0
-6.0,-6.0,-2.0
-6.0,-6.0,-2.0
-6.0,-6.0,-2.0
-6.0,-6.0,-2.0
-6.0,-6.0,-2.0
-6.0,-6.0,-2.0
-6.0,-6.0,-2.0
-6.0,-6.0,-2.0
-6.0,-6.0,-2.0
-6.0,-6.0,-2.0
-6.0,-6.0,-2.0
-6.0,-6.0,-2.0
-6.0,-6.0,-2.0
-6.0,-6.0,-2.0
-6.0,-6.0,-2.0
-6.0,-6.0,-2.0
-6.0,-6.0,-2.0
-6.0,-6.0,-2.0
-6.0,-6.0,-2.0
-6.0,-6.0,-2.0
-6.0,-6.0,-2.0
-6.0,-6.0,-2.0
-6.0,-6.0,-2.0
-6.0,-6.0,-2.0
-6.0,-6.0,-2.0
-6.0,-6.0,-2.0
-6.0,-6.0,-2.0
-6.0,-6.0,-2.0
-6.0,-6.0,-2.0
-6.0,-6.0,-2.0
-6.0,-6.0,-2.0
-6.0,-6.0,-2.0
-6.0,-6.0,-2.0
-6.0,-6.0,-2.0
-6.0,-6.0,-2.0
-6.0,-6.0,-2.0
-6.0,-6.0,-2.0
-6.0,-6.0,-2.0
-6.0,-6.0,-2.0
-6.0,-6.0,-2.0
-6.0,-6.0,-2.0
-6.0,-6.0,-2.0
-6.0,-6.0,-2.0
-6.0,-6.0,-2.0
-6.0,-6.0,-2.0
-6.0,-6.0,-2.0
-6.0,-6.0,-2.0
-6.0,-6.0,-2.0
-6.0,-6.0,-2.0
-6.0,-6.0,-2.0
-6.0,-6.0,-2.0
-6.0,-6.0,-2.0
-6.0,-6.0,-2.0
-6.0,-6.0,-2.0
-6.0,-6.0,-2.0
-6.0,-6.0,-2.0
-6.0,-6.0,-2.0
-6.0,-6.0,-2.0
-6.0,-6.0,-2.0
-6.0,-6.0,-2.0
-6.0,-6.0,-2.0
-6.0,-6.0,-2.0
-6.0,-6.0,-2.0
-6.0,-6.0,-2.0
-6.0,-6.0,-2.0
-6.0,-6.0,-2.0
-6.0,-6.0,-2.0
-6.0,-6.0,-2.0
-6.0,-6.0,-2.0
-6.0,-6.0,-2.0
-6.0,-6.0,-2.0
-6.0,-6.0,-2.0
-6.0,-6.0,-2.0
-6.0,-6.0,-2.0
-6.0,-6.0,-2.0
-6.0,-6.0,-2.0
-6.0,-6.0,-2.0
-6.0,-6.0,-2.0
-6.0,-6.0,-2.0
-6.0,-6.0,-2.0
-6.0,-6.0,-2.0
-6.0,-6.0,-2.0
-6.0,-6.0,-2.0
-6.0,-6.0,-2.0
-6.0,-6.0,-2.0
-6.0,-6.0,-2.0
-6.0,-6.0,-2.0
-6.0,-6.0,-2.0
-6.0,-6.0,-2.0
-6.0,-6.0,-2.0
-6.0,-6.0,-2.0
-6.0,-6.0,-2.0
-6.0,-6.0,-2.0
-6.0,-6.0,-2.0
-6.0,-6.0,-2.0
-6.0,-6.0,-2.0
-6.0,-6.0,-2.0
-6.0,-6.0,-2.0
-6.0,-6.0,-2.0
-6.0,-6.0,-2.0
-6.0,-6.0,-2.0
-6.0,-6.0,-2.0
-6.0,-6.0,-2.0
-6.0,-6.0,-2.0
-6.0,-6.0,-2.0
-6.0,-6.0,-2.0
-6.0,-6.0,-2.0
-6.0,-6.0,-2.0
-6.0,-6.0,-2.0
-6.0,-6.0,-2.0
-6.0,-6.0,-2.0
-6.0,-6.0,-2.0
-6.0,-6.0,-2.0
-6.0,-6.0,-2.0
-6.0,-6.0,-2.0
-6.0,-6.0,-2.0
-6.0,-6.0,-2.0
-6.0,-6.0,-2.0
-6.0,-6.0,-2.0
-6.0,-6.0,-2.0
-6.0,-6.0,-2.0
-6.0,-6.0,-2.0
-6.0,-6.0,-2.0
-6.0,-6.0,-2.0
-6.0,-6.0,-2.0
-6.0,-6.0,-2.0
-6.0,-6.0,-2.0
-6.0,-6.0,-2.0
-6.0,-6.0,-2.0
-6.0,-6.0,-2.0
-6.0,-6.0,-2.0
-6.0,-6.0,-2.0
-6.0,-6.0,-2.0
-6.0,-6.0,-2.0
-6.0,-6.0,-2.0
-6.0,-6.0,-2.0
-6.0,-6.0,-2.0
-6.0,-6.0,-2.0
-6.0,-6.0,-2.0
-6.0,-6.0,-2.0
-6.0,-6.0,-2.0
-6.0,-6.0,-2.0
-6.0,-6.0,-2.0
-6.0,-6.0,-2.0
-6.0,-6.0,-2.0
-6.0,-6.0,-2.0
-6.0,-6.0,-2.0
-6.0,-6.0,-2.0
-6.0,-6.0,-2.0
-6.0,-6.0,-2.0
-6.0,-6.0,-2.0
-6.0,-6.0,-2.0
-6.0,-6.0,-2.0
-6.0,-6.0,-2.0
-6.0,-6.0,-2.0
-6.0,-6.0,-2.0
-6.0,-6.0,-2.0
-6.0,-6.0,-2.0
-6.0,-6.0,-2.0
-6.0,-6.0,-2.0
-6.0,-6.0,-2.0
-6.0,-6.0,-2.0
-6.0,-6.0,-2.0
-6.0,-6.0,-2.0
-6.0,-6.0,-2.0
-6.0,-6.0,-2.0
-6.0,-6.0,-2.0
-6.0,-6.0,-2.0
-6.0,-6.0,-2.0
-6.0,-6.0,-2.0
-6.0,-6.0,-2.0
-6.0,-6.0,-2.0
-6.0,-6.0,-2.0
-6.0,-6.0,-2.0
-6.0,-6.0,-2.0
-6.0,-6.0,-2.0
-6.0,-6.0,-2.0
-6.0,-6.0,-2.0
-6.0,-6.0,-2.0
-6.0,-6.0,-2.0
-6.0,-6.0,-2.0
-6.0,-6.0,-2.0
-6.0,-6.0,-2.0
-6.0,-6.0,-2.0
-6.0,-6.0,-2.0
-6.0,-6.0,-2.0
-6.0,-6.0,-2.0
-6.0,-6.0,-2.0
-6.0,-6.0,-2.0
-6.0,-6.0,-2.0
-6.0,-6.0,-2.0
-6.0,-6.0,-2.0
-6.0,-6.0,-2.0
-6.0,-6.0,-2.0
-6.0,-6.0,-2.0
-6.0,-6.0,-2.0
-6.0,-6.0,-2.0
-6.0,-6.0,-2.0
-6.0,-6.0,-2.0
-6.0,-6.0,-2.0
-6.0,-6.0,-2.0
-6.0,-6.0,-2.0
-6.0,-6.0,-2.0
-6.0,-6.0,-2.0
-6.0,-6.0,-2.0
-6.0,-6.0,-2.0
-6.0,-6.0,-2.0
-6.0,-6.0,-2.0
-6.0,-6.0,-2.0
-6.0,-6.0,-2.0
-6.0,-6.0,-2.0
-6.0,-6.0,-2.0
-6.0,-6.0,-2.0
-6.0,-6.0,-2.0
-6.0,-6.0,-2.0
-6.0,-6.0,-2.0
-6.0,-6.0,-2.0
-6.0,-6.0,-2.0
-6.0,-6.0,-2.0
-6.0,-6.0,-2.0
-6.0,-6.0,-2.0
-6.0,-6.0,-2.0
-6.0,-6.0,-2.0
-6.0,-6.0,-2.0
-6.0,-6.0,-2.0
-6.0,-6.0,-2.0
-6.0,-6.0,-2.0
-6.0,-6.0,-2.0
-6.0,-6.0,-2.0
-6.0,-6.0,-2.0
-6.0,-6.0,-2.0
-6.0,-6.0,-2.0
-6.0,-6.0,-2.0
-6.0,-6.0,-2.0
-6.0,-6.0,-2.0
-6.0,-6.0,-2.0
-6.0,-6.0,-2.0
-6.0,-6.0,-2.0
-6.0,-6.0,-2.0
-6.0,-6.0,-2.0
-6.0,-6.0,-2.0
-6.0,-6.0,-2.0
-6.0,-6.0,-2.0
-6.0,-6.0,-2.0
-6.0,-6.0,-2.0
-6.0,-6.0,-2.0
-6.0,-6.0,-2.0
-6.0,-6.0,-2.0
-6.0,-6.0,-2.0
-6.0,-6.0,-2.0
-6.0,-6.0,-2.0
-6.0,-6.0,-2.0
-6.0,-6.0,-2.0
-6.0,-6.0,-2.0
-6.0,-6.0,-2.0
-6.0,-6.0,-2.0
-6.0,-6.0,-2.0
-6.0,-6.0,-2.0
-6.0,-6.0,-2.0
-6.0,-6.0,-2.0
-6.0,-6.0,-2.0
-6.0,-6.0,-2.0
-6.0,-6.0,-2.0
-6.0,-6.0,-2.0
-6.0,-6.0,-2.0
-6.0,-6.0,-2.0
-6.0,-6.0,-2.0
-6.0,-6.0,-2.0
-6.0,-6.0,-2.0
-6.0,-6.0,-2.0
-6.0,-6.0,-2.0
-6.0,-6.0,-2.0
-6.0,-6.0,-2.0
-6.0,-6.0,-2.0
-6.0,-6.0,-2.0
-6.0,-6.0,-2.0
-6.0,-6.0,-2.0
-6.0,-6.0,-2.0
-6.0,-6.0,-2.0
-6.0,-6.0,-2.0
-6.0,-6.0,-2.0
-6.0,-6.0,-2.0
-6.0,-6.0,-2.0
-6.0,-6.0,-2.0
-6.0,-6.0,-2.0
-6.0,-6.0,-2.0
-6.0,-6.0,-2.0
-6.0,-6.0,-2.0
-6.0,-6.0,-2.0
-6.0,-6.0,-2.0
-6.0,-6.0,-2.0
-6.0,-6.0,-2.0
-6.0,-6.0,-2.0
-6.0,-6.0,-2.0
-6.0,-6.0,-2.0
-6.0,-6.0,-2.0
-6.0,-6.0,-2.0
-6.0,-6.0,-2.0
-6.0,-6.0,-2.0
-6.0,-6.0,-2.0
-6.0,-6.0,-2.0
-6.0,-6.0,-2.0
-6.0,-6.0,-2.0
-6.0,-6.0,-2.0
-6.0,-6.0,-2.0
-6.0,-6.0,-2.0
-6.0,-6.0,-2.0
-6.0,-6.0,-2.0
-6.0,-6.0,-2.0
-6.0,-6.0,-2.0
-6.0,-6.0,-2.0
-6.0,-6.0,-2.0
-6.0,-6.0,-2.0
-6.0,-6.0,-2.0
-6.0,-6.0,-2.0
-6.0,-6.0,-2.0
-6.0,-6.0,-2.0
-6.0,-6.0,-2.0
-6.0,-6.0,-2.0
-6.0,-6.0,-2.0
-6.0,-6.0,-2.0
-6.0,-6.0,-2.0
-6.0,-6.0,-2.0
-6.0,-6.0,-2.0
-6.0,-6.0,-2.0
-6.0,-6.0,-2.0
-6.0,-6.0,-2.0
-6.0,-6.0,-2.0
-6.0,-6.0,-2.0
-6.0,-6.0,-2.0
-6.0,-6.0,-2.0
-6.0,-6.0,-2.0
-6.0,-6.0,-2.0
-6.0,-6.0,-2.0
-6.0,-6.0,-2.0
-6.0,-6.0,-2.0
-6.0,-6.0,-2.0
-6.0,-6.0,-2.0
-6.0,-6.0,-2.0
-6.0,-6.0,-2.0
-6.0,-6.0,-2.0
-6.0,-6.0,-2.0
-6.0,-6.0,-2.0
-6.0,-6.0,-2.0
-6.0,-6.0,-2.0
-6.0,-6.0,-2.0
-6.0,-6.0,-2.0
-6.0,-6.0,-2.0
-6.0,-6.0,-2.0
-6.0,-6.0,-2.0
-6.0,-6.0,-2.0
-6.0,-6.0,-2.0
-6.0,-6.0,-2.0
-6.0,-6.0,-2.0
-6.0,-6.0,-2.0
-6.0,-6.0,-2.0
-6.0,-6.0,-2.0
-6.0,-6.0,-2.0
-6.0,-6.0,-2.0
-6.0,-6.0,-2.0
-6.0,-6.0,-2.0
-6.0,-6.0,-2.0
-6.0,-6.0,-2.0
-6.0,-6.0,-2.0
-6.0,-6.0,-2.0
-6.0,-6.0,-2.0
-6.0,-6.0,-2.0
-6.0,-6.0,-2.0
-6.0,-6.0,-2.0
-6.0,-6.0,-2.0
-6.0,-6.0,-2.0
-6.0,-6.0,-2.0
-6.0,-6.0,-2.0
-6.0,-6.0,-2.0
-6.0,-6.0,-2.0
-6.0,-6.0,-2.0
-6.0,-6.0,-2.0
-6.0,-6.0,-2.0
-6.0,-6.0,-2.0
-6.0,-6.0,-2.0
-6.0,-6.0,-2.0
-6.0,-6.0,-2.0
-6.0,-6.0,-2.0
-6.0,-6.0,-2.0
-6.0,-6.0,-2.0
-6.0,-6.0,-2.0
-6.0,-6.0,-2.0
-6.0,-6.0,-2.0
-6.0,-6.0,-2.0
-6.0,-6.0,-2.0
-6.0,-6.0,-2.0
-6.0,-6.0,-2.0
-6.0,-6.0,-2.0
-6.0,-6.0,-2.0
-6.0,-6.0,-2.0
-6.0,-6.0,-2.0
-6.0,-6.0,-2.0
-6.0,-6.0,-2.0
-6.0,-6.0,-2.0
-6.0,-6.0,-2.0
-6.0,-6.0,-2.0
-6.0,-6.0,-2.0
-6.0,-6.0,-2.0
-6.0,-6.0,-2.0
-6.0,-6.0,-2.0
-6.0,-6.0,-2.0
-6.0,-6.0,-2.0
-6.0,-6.0,-2.0
-6.0,-6.0,-2.0
-6.0,-6.0,-2.0
-6.0,-6.0,-2.0
-6.0,-6.0,-2.0
-6.0,-6.0,-2.0
-6.0,-6.0,-2.0
-6.0,-6.0,-2.0
-6.0,-6.0,-2.0
-6.0,-6.0,-2.0
-6.0,-6.0,-2.0
-6.0,-6.0,-2.0
-6.0,-6.0,-2.0
-6.0,-6.0,-2.0
-6.0,-6.0,-2.0
-6.0,-6.0,-2.0
-6.0,-6.0,-2.0
-6.0,-6.0,-2.0
-6.0,-6.0,-2.0
-6.0,-6.0,-2.0
-6.0,-6.0,-2.0
-6.0,-6.0,-2.0
-6.0,-6.0,-2.0
-6.0,-6.0,-2.0
-6.0,-6.0,-2.0
-6.0,-6.0,-2.0
-6.0,-6.0,-2.0
-6.0,-6.0,-2.0
-6.0,-6.0,-2.0
-6.0,-6.0,-2.0
-6.0,-6.0,-2.0
-6.0,-6.0,-2.0
-6.0,-6.0,-2.0
-6.0,-6.0,-2.0
-6.0,-6.0,-2.0
-6.0,-6.0,-2.0
-6.0,-6.0,-2.0
-6.0,-6.0,-2.0
-6.0,-6.0,-2.0
-6.0,-6.0,-2.0
-6.0,-6.0,-2.0
-6.0,-6.0,-2.0
-6.0,-6.0,-2.0
-6.0,-6.0,-2.0
-6.0,-6.0,-2.0
-6.0,-6.0,-2.0
-6.0,-6.0,-2.0
-6.0,-6.0,-2.0
-6.0,-6.0,-2.0
-6.0,-6.0,-2.0
-6.0,-6.0,-2.0
-6.0,-6.0,-2.0
-6.0,-6.0,-2.0
-6.0,-6.0,-2.0
-6.0,-6.0,-2.0
-6.0,-6.0,-2.0
-6.0,-6.0,-2.0
-6.0,-6.0,-2.0
-6.0,-6.0,-2.0
-6.0,-6.0,-2.0
-6.0,-6.0,-2.0
-6.0,-6.0,-2.0
-6.0,-6.0,-2.0
-6.0,-6.0,-2.0
-6.0,-6.0,-2.0
-6.0,-6.0,-2.0
-6.0,-6.0,-2.0
-6.0,-6.0,-2.0
-6.0,-6.0,-2.0
-6.0,-6.0,-2.0
-6.0,-6.0,-2.0
-6.0,-6.0,-2.0
-6.0,-6.0,-2.0
-6.0,-6.0,-2.0
-6.0,-6.0,-2.0
-6.0,-6.0,-2.0
-6.0,-6.0,-2.0
-6.0,-6.0,-2.0
-6.0,-6.0,-2.0
-6.0,-6.0,-2.0
-6.0,-6.0,-2.0
-6.0,-6.0,-2.0
-6.0,-6.0,-2.0
-6.0,-6.0,-2.0
-6.0,-6.0,-2.0
-6.0,-6.0,-2.0
-6.0,-6.0,-2.0
-6.0,-6.0,-2.0
-6.0,-6.0,-2.0
-6.0,-6.0,-2.0
-6.0,-6.0,-2.0
-6.0,-6.0,-2.0
-6.0,-6.0,-2.0
-6.0,-6.0,-2.0
-6.0,-6.0,-2.0
-6.0,-6.0,-2.0
-6.0,-6.0,-2.0
-6.0,-6.0,-2.0
-6.0,-6.0,-2.0
-6.0,-6.0,-2.0
-6.0,-6.0,-2.0
-6.0,-6.0,-2.0
-6.0,-6.0,-2.0
-6.0,-6.0,-2.0
-6.0,-6.0,-2.0
-6.0,-6.0,-2.0
-6.0,-6.0,-2.0
-6.0,-6.0,-2.0
-6.0,-6.0,-2.0
-6.0,-6.0,-2.0
-6.0,-6.0,-2.0
-6.0,-6.0,-2.0
-6.0,-6.0,-2.0
-6.0,-6.0,-2.0
-6.0,-6.0,-2.0
-6.0,-6.0,-2.0
-6.0,-6.0,-2.0
-6.0,-6.0,-2.0
-6.0,-6.0,-2.0
-6.0,-6.0,-2.0
-6.0,-6.0,-2.0
-6.0,-6.0,-2.0
-6.0,-6.0,-2.0
-6.0,-6.0,-2.0
-6.0,-6.0,-2.0
-6.0,-6.0,-2.0
-6.0,-6.0,-2.0
-6.0,-6.0,-2.0
-6.0,-6.0,-2.0
-6.0,-6.0,-2.0
-6.0,-6.0,-2.0
-6.0,-6.0,-2.0
-6.0,-6.0,-2.0
-6.0,-6.0,-2.0
-6.0,-6.0,-2.0
-6.0,-6.0,-2.0
-6.0,-6.0,-2.0
-6.0,-6.0,-2.0
-6.0,-6.0,-2.0
-6.0,-6.0,-2.0
-6.0,-6.0,-2.0
-6.0,-6.0,-2.0
-6.0,-6.0,-2.0
-6.0,-6.0,-2.0
-6.0,-6.0,-2.0
-6.0,-6.0,-2.0
-6.0,-6.0,-2.0
-6.0,-6.0,-2.0
-6.0,-6.0,-2.0
-6.0,-6.0,-2.0
-6.0,-6.0,-2.0
-6.0,-6.0,-2.0
-6.0,-6.0,-2.0
-6.0,-6.0,-2.0
-6.0,-6.0,-2.0
-6.0,-6.0,-2.0
-6.0,-6.0,-2.0
-6.0,-6.0,-2.0
-6.0,-6.0,-2.0
-6.0,-6.0,-2.0
-6.0,-6.0,-2.0
-6.0,-6.0,-2.0
-6.0,-6.0,-2.0
-6.0,-6.0,-2.0
-6.0,-6.0,-2.0
-6.0,-6.0,-2.0
-6.0,-6.0,-2.0
-6.0,-6.0,-2.0
-6.0,-6.0,-2.0
-6.0,-6.0,-2.0
-6.0,-6.0,-2.0
-6.0,-6.0,-2.0
-6.0,-6.0,-2.0
-6.0,-6.0,-2.0
-6.0,-6.0,-2.0
-6.0,-6.0,-2.0
-6.0,-6.0,-2.0
-6.0,-6.0,-2.0
-6.0,-6.0,-2.0
-6.0,-6.0,-2.0
-6.0,-6.0,-2.0
-6.0,-6.0,-2.0
-6.0,-6.0,-2.0
-6.0,-6.0,-2.0
-6.0,-6.0,-2.0
-6.0,-6.0,-2.0
-6.0,-6.0,-2.0
-6.0,-6.0,-2.0
-6.0,-6.0,-2.0
-6.0,-6.0,-2.0
-6.0,-6.0,-2.0
-6.0,-6.0,-2.0
-6.0,-6.0,-2.0
-6.0,-6.0,-2.0
-6.0,-6.0,-2.0
-6.0,-6.0,-2.0
-6.0,-6.0,-2.0
-6.0,-6.0,-2.0
-6.0,-6.0,-2.0
-6.0,-6.0,-2.0
-6.0,-6.0,-2.0
-6.0,-6.0,-2.0
-6.0,-6.0,-2.0
-6.0,-6.0,-2.0
-6.0,-6.0,-2.0
-6.0,-6.0,-2.0
-6.0,-6.0,-2.0
-6.0,-6.0,-2.0
-6.0,-6.0,-2.0
-6.0,-6.0,-2.0
-6.0,-6.0,-2.0
-6.0,-6.0,-2.0
-6.0,-6.0,-2.0
-6.0,-6.0,-2.0
-6.0,-6.0,-2.0
-6.0,-6.0,-2.0
-6.0,-6.0,-2.0
-6.0,-6.0,-2.0
-6.0,-6.0,-2.0
-6.0,-6.0,-2.0
-6.0,-6.0,-2.0
-6.0,-6.0,-2.0
-6.0,-6.0,-2.0
-6.0,-6.0,-2.0
-6.0,-6.0,-2.0
-6.0,-6.0,-2.0
-6.0,-6.0,-2.0
-6.0,-6.0,-2.0
-6.0,-6.0,-2.0
-6.0,-6.0,-2.0
-6.0,-6.0,-2.0
-6.0,-6.0,-2.0
-6.0,-6.0,-2.0
-6.0,-6.0,-2.0
-6.0,-6.0,-2.0
-6.0,-6.0,-2.0
-6.0,-6.0,-2.0
-6.0,-6.0,-2.0
-6.0,-6.0,-2.0
-6.0,-6.0,-2.0
-6.0,-6.0,-2.0
-6.0,-6.0,-2.0
-6.0,-6.0,-2.0
-6.0,-6.0,-2.0
-6.0,-6.0,-2.0
-6.0,-6.0,-2.0
-6.0,-6.0,-2.0
-6.0,-6.0,-2.0
-6.0,-6.0,-2.0
-6.0,-6.0,-2.0
-6.0,-6.0,-2.0
-6.0,-6.0,-2.0
-6.0,-6.0,-2.0
-6.0,-6.0,-2.0
-6.0,-6.0,-2.0
-6.0,-6.0,-2.0
-6.0,-6.0,-2.0
-6.0,-6.0,-2.0
-6.0,-6.0,-2.0
-6.0,-6.0,-2.0
-6.0,-6.0,-2.0
-6.0,-6.0,-2.0
-6.0,-6.0,-2.0
-6.0,-6.0,-2.0
-6.0,-6.0,-2.0
-6.0,-6.0,-2.0
-6.0,-6.0,-2.0
-6.0,-6.0,-2.0
-6.0,-6.0,-2.0
-6.0,-6.0,-2.0
-6.0,-6.0,-2.0
-6.0,-6.0,-2.0
-6.0,-6.0,-2.0
-6.0,-6.0,-2.0
-6.0,-6.0,-2.0
-6.0,-6.0,-2.0
-6.0,-6.0,-2.0
-6.0,-6.0,-2.0
-6.0,-6.0,-2.0
-6.0,-6.0,-2.0
-6.0,-6.0,-2.0
-6.0,-6.0,-2.0
-6.0,-6.0,-2.0
-6.0,-6.0,-2.0
-6.0,-6.0,-2.0
-6.0,-6.0,-2.0
-6.0,-6.0,-2.0
-6.0,-6.0,-2.0
-6.0,-6.0,-2.0
-6.0,-6.0,-2.0
-6.0,-6.0,-2.0
-6.0,-6.0,-2.0
-6.0,-6.0,-2.0
-6.0,-6.0,-2.0
-6.0,-6.0,-2.0
-6.0,-6.0,-2.0
-6.0,-6.0,-2.0
-6.0,-6.0,-2.0
-6.0,-6.0,-2.0
-6.0,-6.0,-2.0
-6.0,-6.0,-2.0
-6.0,-6.0,-2.0
-6.0,-6.0,-2.0
-6.0,-6.0,-2.0
-6.0,-6.0,-2.0
-6.0,-6.0,-2.0
-6.0,-6.0,-2.0
-6.0,-6.0,-2.0
-6.0,-6.0,-2.0
-6.0,-6.0,-2.0
-6.0,-6.0,-2.0
-6.0,-6.0,-2.0
-6.0,-6.0,-2.0
-6.0,-6.0,-2.0
-6.0,-6.0,-2.0
-6.0,-6.0,-2.0
-6.0,-6.0,-2.0
-6.0,-6.0,-2.0
-6.0,-6.0,-2.0
-6.0,-6.0,-2.0
-6.0,-6.0,-2.0
-6.0,-6.0,-2.0
-6.0,-6.0,-2.0
-6.0,-6.0,-2.0
-6.0,-6.0,-2.0
-6.0,-6.0,-2.0
-6.0,-6.0,-2.0
-6.0,-6.0,-2.0
-6.0,-6.0,-2.0
-6.0,-6.0,-2.0
-6.0,-6.0,-2.0
-6.0,-6.0,-2.0
-6.0,-6.0,-2.0
-6.0,-6.0,-2.0
-6.0,-6.0,-2.0
-6.0,-6.0,-2.0
-6.0,-6.0,-2.0
-6.0,-6.0,-2.0
-6.0,-6.0,-2.0
-6.0,-6.0,-2.0
-6.0,-6.0,-2.0
-6.0,-6.0,-2.0
-6.0,-6.0,-2.0
-6.0,-6.0,-2.0
-6.0,-6.0,-2.0
-6.0,-6.0,-2.0
-6.0,-6.0,-2.0
-6.0,-6.0,-2.0
-6.0,-6.0,-2.0
-6.0,-6.0,-2.0
-6.0,-6.0,-2.0
-6.0,-6.0,-2.0
-6.0,-6.0,-2.0
-6.0,-6.0,-2.0
-6.0,-6.0,-2.0
-6.0,-6.0,-2.0
-6.0,-6.0,-2.0
-6.0,-6.0,-2.0
-6.0,-6.0,-2.0
-6.0,-6.0,-2.0
-6.0,-6.0,-2.0
-6.0,-6.0,-2.0
-6.0,-6.0,-2.0
-6.0,-6.0,-2.0
-6.0,-6.0,-2.0
-6.0,-6.0,-2.0
-6.0,-6.0,-2.0
-6.0,-6.0,-2.0
-6.0,-6.0,-2.0
-6.0,-6.0,-2.0
-6.0,-6.0,-2.0
-6.0,-6.0,-2.0
-6.0,-6.0,-2.0
-6.0,-6.0,-2.0
-6.0,-6.0,-2.0
-6.0,-6.0,-2.0
-6.0,-6.0,-2.0
-6.0,-6.0,-2.0
-6.0,-6.0,-2.0
-6.0,-6.0,-2.0
-6.0,-6.0,-2.0
-6.0,-6.0,-2.0
-6.0,-6.0,-2.0
-6.0,-6.0,-2.0
-6.0,-6.0,-2.0
-6.0,-6.0,-2.0
-6.0,-6.0,-2.0
-6.0,-6.0,-2.0
-6.0,-6.0,-2.0
-6.0,-6.0,-2.0
-6.0,-6.0,-2.0
-6.0,-6.0,-2.0
-6.0,-6.0,-2.0
-6.0,-6.0,-2.0
-6.0,-6.0,-2.0
-6.0,-6.0,-2.0
-6.0,-6.0,-2.0
-6.0,-6.0,-2.0
-6.0,-6.0,-2.0
-6.0,-6.0,-2.0
-6.0,-6.0,-2.0
-6.0,-6.0,-2.0
-6.0,-6.0,-2.0
-6.0,-6.0,-2.0
-6.0,-6.0,-2.0
-6.0,-6.0,-2.0
-6.0,-6.0,-2.0
-6.0,-6.0,-2.0
-6.0,-6.0,-2.0
-6.0,-6.0,-2.0
-6.0,-6.0,-2.0
-6.0,-6.0,-2.0
-6.0,-6.0,-2.0
-6.0,-6.0,-2.0
-6.0,-6.0,-2.0
-6.0,-6.0,-2.0
-6.0,-6.0,-2.0
-6.0,-6.0,-2.0
-6.0,-6.0,-2.0
-6.0,-6.0,-2.0
-6.0,-6.0,-2.0
-6.0,-6.0,-2.0
-6.0,-6.0,-2.0
-6.0,-6.0,-2.0
-6.0,-6.0,-2.0
-6.0,-6.0,-2.0
-6.0,-6.0,-2.0
-6.0,-6.0,-2.0
-6.0,-6.0,-2.0
-6.0,-6.0,-2.0
-6.0,-6.0,-2.0
-6.0,-6.0,-2.0
-6.0,-6.0,-2.0
-6.0,-6.0,-2.0
-6.0,-6.0,-2.0
-6.0,-6.0,-2.0
-6.0,-6.0,-2.0
-6.0,-6.0,-2.0
-6.0,-6.0,-2.0
-6.0,-6.0,-2.0
-6.0,-6.0,-2.0
-6.0,-6.0,-2.0
-6.0,-6.0,-2.0
-6.0,-6.0,-2.0
-6.0,-6.0,-2.0
-6.0,-6.0,-2.0
-6.0,-6.0,-2.0
-6.0,-6.0,-2.0
-6.0,-6.0,-2.0
-6.0,-6.0,-2.0
-6.0,-6.0,-2.0
-6.0,-6.0,-2.0
-6.0,-6.0,-2.0
-6.0,-6.0,-2.0
-6.0,-6.0,-2.0
-6.0,-6.0,-2.0
-6.0,-6.0,-2.0
-6.0,-6.0,-2.0
-6.0,-6.0,-2.0
-6.0,-6.0,-2.0
-6.0,-6.0,-2.0
-6.0,-6.0,-2.0
-6.0,-6.0,-2.0
-6.0,-6.0,-2.0
-6.0,-6.0,-2.0
-6.0,-6.0,-2.0
-6.0,-6.0,-2.0
-6.0,-6.0,-2.0
-6.0,-6.0,-2.0
-6.0,-6.0,-2.0
-6.0,-6.0,-2.0
-6.0,-6.0,-2.0
-6.0,-6.0,-2.0
-6.0,-6.0,-2.0
-6.0,-6.0,-2.0
-6.0,-6.0,-2.0
-6.0,-6.0,-2.0
-6.0,-6.0,-2.0
-6.0,-6.0,-2.0
-6.0,-6.0,-2.0
-6.0,-6.0,-2.0
-6.0,-6.0,-2.0
-6.0,-6.0,-2.0
-6.0,-6.0,-2.0
-6.0,-6.0,-2.0
-6.0,-6.0,-2.0
-6.0,-6.0,-2.0
-6.0,-6.0,-2.0
-6.0,-6.0,-2.0
-6.0,-6.0,-2.0
-6.0,-6.0,-2.0
-6.0,-6.0,-2.0
-6.0,-6.0,-2.0
-6.0,-6.0,-2.0
-6.0,-6.0,-2.0
-6.0,-6.0,-2.0
-6.0,-6.0,-2.0
-6.0,-6.0,-2.0
-6.0,-6.0,-2.0
-6.0,-6.0,-2.0
-6.0,-6.0,-2.0
-6.0,-6.0,-2.0
-6.0,-6.0,-2.0
-6.0,-6.0,-2.0
-6.0,-6.0,-2.0
-6.0,-6.0,-2.0
-6.0,-6.0,-2.0
-6.0,-6.0,-2.0
-6.0,-6.0,-2.0
-6.0,-6.0,-2.0
-6.0,-6.0,-2.0
-6.0,-6.0,-2.0
-6.0,-6.0,-2.0
-6.0,-6.0,-2.0
-6.0,-6.0,-2.0
-6.0,-6.0,-2.0
-6.0,-6.0,-2.0
-6.0,-6.0,-2.0
-6.0,-6.0,-2.0
-6.0,-6.0,-2.0
-6.0,-6.0,-2.0
-6.0,-6.0,-2.0
-6.0,-6.0,-2.0
-6.0,-6.0,-2.0
-6.0,-6.0,-2.0
-6.0,-6.0,-2.0
-6.0,-6.0,-2.0
-6.0,-6.0,-2.0
-6.0,-6.0,-2.0
-6.0,-6.0,-2.0
-6.0,-6.0,-2.0
-6.0,-6.0,-2.0
-6.0,-6.0,-2.0
-6.0,-6.0,-2.0
-6.0,-6.0,-2.0
-6.0,-6.0,-2.0
-6.0,-6.0,-2.0
-6.0,-6.0,-2.0
-6.0,-6.0,-2.0
-6.0,-6.0,-2.0
-6.0,-6.0,-2.0
-6.0,-6.0,-2.0
-6.0,-6.0,-2.0
-6.0,-6.0,-2.0
-6.0,-6.0,-2.0
-6.0,-6.0,-2.0
-6.0,-6.0,-2.0
-6.0,-6.0,-2.0
-6.0,-6.0,-2.0
-6.0,-6.0,-2.0
-6.0,-6.0,-2.0
-6.0,-6.0,-2.0
-6.0,-6.0,-2.0
-6.0,-6.0,-2.0
-6.0,-6.0,-2.0
-6.0,-6.0,-2.0
-6.0,-6.0,-2.0
-6.0,-6.0,-2.0
-6.0,-6.0,-2.0
-6.0,-6.0,-2.0
-6.0,-6.0,-2.0
-6.0,-6.0,-2.0
-6.0,-6.0,-2.0
-6.0,-6.0,-2.0
-6.0,-6.0,-2.0
-6.0,-6.0,-2.0
-6.0,-6.0,-2.0
-6.0,-6.0,-2.0
-6.0,-6.0,-2.0
-6.0,-6.0,-2.0
-6.0,-6.0,-2.0
-6.0,-6.0,-2.0
-6.0,-6.0,-2.0
-6.0,-6.0,-2.0
-6.0,-6.0,-2.0
-6.0,-6.0,-2.0
-6.0,-6.0,-2.0
-6.0,-6.0,-2.0
-6.0,-6.0,-2.0
-6.0,-6.0,-2.0
-6.0,-6.0,-2.0
-6.0,-6.0,-2.0
-6.0,-6.0,-2.0
-6.0,-6.0,-2.0
-6.0,-6.0,-2.0
-6.0,-6.0,-2.0
-6.0,-6.0,-2.0
-6.0,-6.0,-2.0
-6.0,-6.0,-2.0
-6.0,-6.0,-2.0
-6.0,-6.0,-2.0
-6.0,-6.0,-2.0
-6.0,-6.0,-2.0
-6.0,-6.0,-2.0
-6.0,-6.0,-2.0
-6.0,-6.0,-2.0
-6.0,-6.0,-2.0
-6.0,-6.0,-2.0
-6.0,-6.0,-2.0
-6.0,-6.0,-2.0
-6.0,-6.0,-2.0
-6.0,-6.0,-2.0
-6.0,-6.0,-2.0
-6.0,-6.0,-2.0
-6.0,-6.0,-2.0
-6.0,-6.0,-2.0
-6.0,-6.0,-2.0
-6.0,-6.0,-2.0
-6.0,-6.0,-2.0
-6.0,-6.0,-2.0
-6.0,-6.0,-2.0
-6.0,-6.0,-2.0
-6.0,-6.0,-2.0
-6.0,-6.0,-2.0
-6.0,-6.0,-2.0
-6.0,-6.0,-2.0
-6.0,-6.0,-2.0
-6.0,-6.0,-2.0
-6.0,-6.0,-2.0
-6.0,-6.0,-2.0
-6.0,-6.0,-2.0
-6.0,-6.0,-2.0
-6.0,-6.0,-2.0
-6.0,-6.0,-2.0
-6.0,-6.0,-2.0
-6.0,-6.0,-2.0
-6.0,-6.0,-2.0
-6.0,-6.0,-2.0
-6.0,-6.0,-2.0
-6.0,-6.0,-2.0
-6.0,-6.0,-2.0
-6.0,-6.0,-2.0
-6.0,-6.0,-2.0
-6.0,-6.0,-2.0
-6.0,-6.0,-2.0
-6.0,-6.0,-2.0
-6.0,-6.0,-2.0
-6.0,-6.0,-2.0
-6.0,-6.0,-2.0
-6.0,-6.0,-2.0
-6.0,-6.0,-2.0
-6.0,-6.0,-2.0
-6.0,-6.0,-2.0
-6.0,-6.0,-2.0
-6.0,-6.0,-2.0
-6.0,-6.0,-2.0
-6.0,-6.0,-2.0
-6.0,-6.0,-2.0
-6.0,-6.0,-2.0
-6.0,-6.0,-2.0
-6.0,-6.0,-2.0
-6.0,-6.0,-2.0
-6.0,-6.0,-2.0
-6.0,-6.0,-2.0
-6.0,-6.0,-2.0
-6.0,-6.0,-2.0
-6.0,-6.0,-2.0
-6.0,-6.0,-2.0
-6.0,-6.0,-2.0
-6.0,-6.0,-2.0
-6.0,-6.0,-2.0
-6.0,-6.0,-2.0
-6.0,-6.0,-2.0
-6.0,-6.0,-2.0
-6.0,-6.0,-2.0
-6.0,-6.0,-2.0
-6.0,-6.0,-2.0
-6.0,-6.0,-2.0
-6.0,-6.0,-2.0
-6.0,-6.0,-2.0
-6.0,-6.0,-2.0
-6.0,-6.0,-2.0
-6.0,-6.0,-2.0
-6.0,-6.0,-2.0
-6.0,-6.0,-2.0
-6.0,-6.0,-2.0
-6.0,-6.0,-2.0
-6.0,-6.0,-2.0
-6.0,-6.0,-2.0
-6.0,-6.0,-2.0
-6.0,-6.0,-2.0
-6.0,-6.0,-2.0
-6.0,-6.0,-2.0
-6.0,-6.0,-2.0
-6.0,-6.0,-2.0
-6.0,-6.0,-2.0
-6.0,-6.0,-2.0
-6.0,-6.0,-2.0
-6.0,-6.0,-2.0
-6.0,-6.0,-2.0
-6.0,-6.0,-2.0
-6.0,-6.0,-2.0
-6.0,-6.0,-2.0
-6.0,-6.0,-2.0
-6.0,-6.0,-2.0
-6.0,-6.0,-2.0
-6.0,-6.0,-2.0
-6.0,-6.0,-2.0
-6.0,-6.0,-2.0
-6.0,-6.0,-2.0
-6.0,-6.0,-2.0
-6.0,-6.0,-2.0
-6.0,-6.0,-2.0
-6.0,-6.0,-2.0
-6.0,-6.0,-2.0
-6.0,-6.0,-2.0
-6.0,-6.0,-2.0
-6.0,-6.0,-2.0
-6.0,-6.0,-2.0
-6.0,-6.0,-2.0
-6.0,-6.0,-2.0
-6.0,-6.0,-2.0
-6.0,-6.0,-2.0
-6.0,-6.0,-2.0
-6.0,-6.0,-2.0
-6.0,-6.0,-2.0
-6.0,-6.0,-2.0
-6.0,-6.0,-2.0
-6.0,-6.0,-2.0
-6.0,-6.0,-2.0
-6.0,-6.0,-2.0
-6.0,-6.0,-2.0
-6.0,-6.0,-2.0
-6.0,-6.0,-2.0
-6.0,-6.0,-2.0
-6.0,-6.0,-2.0
-6.0,-6.0,-2.0
-6.0,-6.0,-2.0
-6.0,-6.0,-2.0
-6.0,-6.0,-2.0
-6.0,-6.0,-2.0
-6.0,-6.0,-2.0
-6.0,-6.0,-2.0
-6.0,-6.0,-2.0
-6.0,-6.0,-2.0
-6.0,-6.0,-2.0
-6.0,-6.0,-2.0
-6.0,-6.0,-2.0
-6.0,-6.0,-2.0
-6.0,-6.0,-2.0
-6.0,-6.0,-2.0
-6.0,-6.0,-2.0
-6.0,-6.0,-2.0
-6.0,-6.0,-2.0
-6.0,-6.0,-2.0
-6.0,-6.0,-2.0
-6.0,-6.0,-2.0
-6.0,-6.0,-2.0
-6.0,-6.0,-2.0
-6.0,-6.0,-2.0
-6.0,-6.0,-2.0
-6.0,-6.0,-2.0
-6.0,-6.0,-2.0
-6.0,-6.0,-2.0
-6.0,-6.0,-2.0
-6.0,-6.0,-2.0
-6.0,-6.0,-2.0
-6.0,-6.0,-2.0
-6.0,-6.0,-2.0
-6.0,-6.0,-2.0
-6.0,-6.0,-2.0
-6.0,-6.0,-2.0
-6.0,-6.0,-2.0
-6.0,-6.0,-2.0
-6.0,-6.0,-2.0
-6.0,-6.0,-2.0
-6.0,-6.0,-2.0
-6.0,-6.0,-2.0
-6.0,-6.0,-2.0
-6.0,-6.0,-2.0
-6.0,-6.0,-2.0
-6.0,-6.0,-2.0
-6.0,-6.0,-2.0
-6.0,-6.0,-2.0
-6.0,-6.0,-2.0
-6.0,-6.0,-2.0
-6.0,-6.0,-2.0
-6.0,-6.0,-2.0
-6.0,-6.0,-2.0
-6.0,-6.0,-2.0
-6.0,-6.0,-2.0
-6.0,-6.0,-2.0
-6.0,-6.0,-2.0
-6.0,-6.0,-2.0
-6.0,-6.0,-2.0
-6.0,-6.0,-2.0
-6.0,-6.0,-2.0
-6.0,-6.0,-2.0
-6.0,-6.0,-2.0
-6.0,-6.0,-2.0
-6.0,-6.0,-2.0
-6.0,-6.0,-2.0
-6.0,-6.0,-2.0
-6.0,-6.0,-2.0
-6.0,-6.0,-2.0
-6.0,-6.0,-2.0
-6.0,-6.0,-2.0
-6.0,-6.0,-2.0
-6.0,-6.0,-2.0
-6.0,-6.0,-2.0
-6.0,-6.0,-2.0
-6.0,-6.0,-2.0
-6.0,-6.0,-2.0
-6.0,-6.0,-2.0
-6.0,-6.0,-2.0
-6.0,-6.0,-2.0
-6.0,-6.0,-2.0
-6.0,-6.0,-2.0
-6.0,-6.0,-2.0
-6.0,-6.0,-2.0
-6.0,-6.0,-2.0
-6.0,-6.0,-2.0
-6.0,-6.0,-2.0
-6.0,-6.0,-2.0
-6.0,-6.0,-2.0
-6.0,-6.0,-2.0
-6.0,-6.0,-2.0
-6.0,-6.0,-2.0
-6.0,-6.0,-2.0
-6.0,-6.0,-2.0
-6.0,-6.0,-2.0
-6.0,-6.0,-2.0
-6.0,-6.0,-2.0
-6.0,-6.0,-2.0
-6.0,-6.0,-2.0
-6.0,-6.0,-2.0
-6.0,-6.0,-2.0
-6.0,-6.0,-2.0
-6.0,-6.0,-2.0
-6.0,-6.0,-2.0
-6.0,-6.0,-2.0
-6.0,-6.0,-2.0
-6.0,-6.0,-2.0
-6.0,-6.0,-2.0
-6.0,-6.0,-2.0
-6.0,-6.0,-2.0
-6.0,-6.0,-2.0
-6.0,-6.0,-2.0
-6.0,-6.0,-2.0
-6.0,-6.0,-2.0
-6.0,-6.0,-2.0
-6.0,-6.0,-2.0
-6.0,-6.0,-2.0
-6.0,-6.0,-2.0
-6.0,-6.0,-2.0
-6.0,-6.0,-2.0
-6.0,-6.0,-2.0
-6.0,-6.0,-2.0
-6.0,-6.0,-2.0
-6.0,-6.0,-2.0
-6.0,-6.0,-2.0
-6.0,-6.0,-2.0
-6.0,-6.0,-2.0
-6.0,-6.0,-2.0
-6.0,-6.0,-2.0
-6.0,-6.0,-2.0
-6.0,-6.0,-2.0
-6.0,-6.0,-2.0
-6.0,-6.0,-2.0
-6.0,-6.0,-2.0
-6.0,-6.0,-2.0
-6.0,-6.0,-2.0
-6.0,-6.0,-2.0
-6.0,-6.0,-2.0
-6.0,-6.0,-2.0
-6.0,-6.0,-2.0
-6.0,-6.0,-2.0
-6.0,-6.0,-2.0
-6.0,-6.0,-2.0
-6.0,-6.0,-2.0
-6.0,-6.0,-2.0
-6.0,-6.0,-2.0
-6.0,-6.0,-2.0
-6.0,-6.0,-2.0
-6.0,-6.0,-2.0
-6.0,-6.0,-2.0
-6.0,-6.0,-2.0
-6.0,-6.0,-2.0
-6.0,-6.0,-2.0
-6.0,-6.0,-2.0
-6.0,-6.0,-2.0
-6.0,-6.0,-2.0
-6.0,-6.0,-2.0
-6.0,-6.0,-2.0
-6.0,-6.0,-2.0
-6.0,-6.0,-2.0
-6.0,-6.0,-2.0
-6.0,-6.0,-2.0
-6.0,-6.0,-2.0
-6.0,-6.0,-2.0
-6.0,-6.0,-2.0
-6.0,-6.0,-2.0
-6.0,-6.0,-2.0
-6.0,-6.0,-2.0
-6.0,-6.0,-2.0
-6.0,-6.0,-2.0
-6.0,-6.0,-2.0
-6.0,-6.0,-2.0
-6.0,-6.0,-2.0
-6.0,-6.0,-2.0
-6.0,-6.0,-2.0
-6.0,-6.0,-2.0
-6.0,-6.0,-2.0
-6.0,-6.0,-2.0
-6.0,-6.0,-2.0
-6.0,-6.0,-2.0
-6.0,-6.0,-2.0
-6.0,-6.0,-2.0
-6.0,-6.0,-2.0
-6.0,-6.0,-2.0
-6.0,-6.0,-2.0
-6.0,-6.0,-2.0
-6.0,-6.0,-2.0
-6.0,-6.0,-2.0
-6.0,-6.0,-2.0
-6.0,-6.0,-2.0
-6.0,-6.0,-2.0
-6.0,-6.0,-2.0
-6.0,-6.0,-2.0
-6.0,-6.0,-2.0
-6.0,-6.0,-2.0
-6.0,-6.0,-2.0
-6.0,-6.0,-2.0
-6.0,-6.0,-2.0
-6.0,-6.0,-2.0
-6.0,-6.0,-2.0
-6.0,-6.0,-2.0
-6.0,-6.0,-2.0
-6.0,-6.0,-2.0
-6.0,-6.0,-2.0
-6.0,-6.0,-2.0
-6.0,-6.0,-2.0
-6.0,-6.0,-2.0
-6.0,-6.0,-2.0
-6.0,-6.0,-2.0
-6.0,-6.0,-2.0
-6.0,-6.0,-2.0
-6.0,-6.0,-2.0
-6.0,-6.0,-2.0
-6.0,-6.0,-2.0
-6.0,-6.0,-2.0
-6.0,-6.0,-2.0
-6.0,-6.0,-2.0
-6.0,-6.0,-2.0
-6.0,-6.0,-2.0
-6.0,-6.0,-2.0
-6.0,-6.0,-2.0
-6.0,-6.0,-2.0
-6.0,-6.0,-2.0
-6.0,-6.0,-2.0
-6.0,-6.0,-2.0
-6.0,-6.0,-2.0
-6.0,-6.0,-2.0
-6.0,-6.0,-2.0
-6.0,-6.0,-2.0
-6.0,-6.0,-2.0
-6.0,-6.0,-2.0
-6.0,-6.0,-2.0
-6.0,-6.0,-2.0
-6.0,-6.0,-2.0
-6.0,-6.0,-2.0
-6.0,-6.0,-2.0
-6.0,-6.0,-2.0
-6.0,-6.0,-2.0
-6.0,-6.0,-2.0
-6.0,-6.0,-2.0
-6.0,-6.0,-2.0
-6.0,-6.0,-2.0
-6.0,-6.0,-2.0
-6.0,-6.0,-2.0
-6.0,-6.0,-2.0
-6.0,-6.0,-2.0
-6.0,-6.0,-2.0
-6.0,-6.0,-2.0
-6.0,-6.0,-2.0
-6.0,-6.0,-2.0
-6.0,-6.0,-2.0
-6.0,-6.0,-2.0
-6.0,-6.0,-2.0
-6.0,-6.0,-2.0
-6.0,-6.0,-2.0
-6.0,-6.0,-2.0
-6.0,-6.0,-2.0
-6.0,-6.0,-2.0
-6.0,-6.0,-2.0
-6.0,-6.0,-2.0
-6.0,-6.0,-2.0
-6.0,-6.0,-2.0
-6.0,-6.0,-2.0
-6.0,-6.0,-2.0
-6.0,-6.0,-2.0
-6.0,-6.0,-2.0
-6.0,-6.0,-2.0
-6.0,-6.0,-2.0
-6.0,-6.0,-2.0
-6.0,-6.0,-2.0
-6.0,-6.0,-2.0
-6.0,-6.0,-2.0
-6.0,-6.0,-2.0
-6.0,-6.0,-2.0
-6.0,-6.0,-2.0
-6.0,-6.0,-2.0
-6.0,-6.0,-2.0
-6.0,-6.0,-2.0
-6.0,-6.0,-2.0
-6.0,-6.0,-2.0
-6.0,-6.0,-2.0
-6.0,-6.0,-2.0
-6.0,-6.0,-2.0
-6.0,-6.0,-2.0
-6.0,-6.0,-2.0
-6.0,-6.0,-2.0
-6.0,-6.0,-2.0
-6.0,-6.0,-2.0
-6.0,-6.0,-2.0
-6.0,-6.0,-2.0
-6.0,-6.0,-2.0
-6.0,-6.0,-2.0
-6.0,-6.0,-2.0
-6.0,-6.0,-2.0
-6.0,-6.0,-2.0
-6.0,-6.0,-2.0
-6.0,-6.0,-2.0
-6.0,-6.0,-2.0
-6.0,-6.0,-2.0
-6.0,-6.0,-2.0
-6.0,-6.0,-2.0
-6.0,-6.0,-2.0
-6.0,-6.0,-2.0
-6.0,-6.0,-2.0
-6.0,-6.0,-2.0
-6.0,-6.0,-2.0
-6.0,-6.0,-2.0
-6.0,-6.0,-2.0
-6.0,-6.0,-2.0
-6.0,-6.0,-2.0
-6.0,-6.0,-2.0
-6.0,-6.0,-2.0
-6.0,-6.0,-2.0
-6.0,-6.0,-2.0
-6.0,-6.0,-2.0
-6.0,-6.0,-2.0
-6.0,-6.0,-2.0
-6.0,-6.0,-2.0
-6.0,-6.0,-2.0
-6.0,-6.0,-2.0
-6.0,-6.0,-2.0
-6.0,-6.0,-2.0
-6.0,-6.0,-2.0
-6.0,-6.0,-2.0
-6.0,-6.0,-2.0
-6.0,-6.0,-2.0
-6.0,-6.0,-2.0
-6.0,-6.0,-2.0
-6.0,-6.0,-2.0
-6.0,-6.0,-2.0
-6.0,-6.0,-2.0
-6.0,-6.0,-2.0
-6.0,-6.0,-2.0
-6.0,-6.0,-2.0
-6.0,-6.0,-2.0
-6.0,-6.0,-2.0
-6.0,-6.0,-2.0
-6.0,-6.0,-2.0
-6.0,-6.0,-2.0
-6.0,-6.0,-2.0
-6.0,-6.0,-2.0
-6.0,-6.0,-2.0
-6.0,-6.0,-2.0
-6.0,-6.0,-2.0
-6.0,-6.0,-2.0
-6.0,-6.0,-2.0
-6.0,-6.0,-2.0
-6.0,-6.0,-2.0
-6.0,-6.0,-2.0
-6.0,-6.0,-2.0
-6.0,-6.0,-2.0
-6.0,-6.0,-2.0
-6.0,-6.0,-2.0
-6.0,-6.0,-2.0
-6.0,-6.0,-2.0
-6.0,-6.0,-2.0
-6.0,-6.0,-2.0
-6.0,-6.0,-2.0
-6.0,-6.0,-2.0
-6.0,-6.0,-2.0
-6.0,-6.0,-2.0
-6.0,-6.0,-2.0
-6.0,-6.0,-2.0
-6.0,-6.0,-2.0
-6.0,-6.0,-2.0
-6.0,-6.0,-2.0
-6.0,-6.0,-2.0
-6.0,-6.0,-2.0
-6.0,-6.0,-2.0
-6.0,-6.0,-2.0
-6.0,-6.0,-2.0
-6.0,-6.0,-2.0
-6.0,-6.0,-2.0
-6.0,-6.0,-2.0
-6.0,-6.0,-2.0
-6.0,-6.0,-2.0
-6.0,-6.0,-2.0
-6.0,-6.0,-2.0
-6.0,-6.0,-2.0
-6.0,-6.0,-2.0
-6.0,-6.0,-2.0
-6.0,-6.0,-2.0
-6.0,-6.0,-2.0
-6.0,-6.0,-2.0
-6.0,-6.0,-2.0
-6.0,-6.0,-2.0
-6.0,-6.0,-2.0
-6.0,-6.0,-2.0
-6.0,-6.0,-2.0
-6.0,-6.0,-2.0
-6.0,-6.0,-2.0
-6.0,-6.0,-2.0
-6.0,-6.0,-2.0
-6.0,-6.0,-2.0
-6.0,-6.0,-2.0
-6.0,-6.0,-2.0
-6.0,-6.0,-2.0
-6.0,-6.0,-2.0
-6.0,-6.0,-2.0
-6.0,-6.0,-2.0
-6.0,-6.0,-2.0
-6.0,-6.0,-2.0
-6.0,-6.0,-2.0
-6.0,-6.0,-2.0
-6.0,-6.0,-2.0
-6.0,-6.0,-2.0
-6.0,-6.0,-2.0
-6.0,-6.0,-2.0
-6.0,-6.0,-2.0
-6.0,-6.0,-2.0
-6.0,-6.0,-2.0
-6.0,-6.0,-2.0
-6.0,-6.0,-2.0
-6.0,-6.0,-2.0
-6.0,-6.0,-2.0
-6.0,-6.0,-2.0
-6.0,-6.0,-2.0
-6.0,-6.0,-2.0
-6.0,-6.0,-2.0
-6.0,-6.0,-2.0
-6.0,-6.0,-2.0
-6.0,-6.0,-2.0
-6.0,-6.0,-2.0
-6.0,-6.0,-2.0
-6.0,-6.0,-2.0
-6.0,-6.0,-2.0
-6.0,-6.0,-2.0
-6.0,-6.0,-2.0
-6.0,-6.0,-2.0
-6.0,-6.0,-2.0
-6.0,-6.0,-2.0
-6.0,-6.0,-2.0
-6.0,-6.0,-2.0
-6.0,-6.0,-2.0
-6.0,-6.0,-2.0
-6.0,-6.0,-2.0
-6.0,-6.0,-2.0
-6.0,-6.0,-2.0
-6.0,-6.0,-2.0
-6.0,-6.0,-2.0
-6.0,-6.0,-2.0
-6.0,-6.0,-2.0
-6.0,-6.0,-2.0
-6.0,-6.0,-2.0
-6.0,-6.0,-2.0
-6.0,-6.0,-2.0
-6.0,-6.0,-2.0
-6.0,-6.0,-2.0
-6.0,-6.0,-2.0
-6.0,-6.0,-2.0
-6.0,-6.0,-2.0
-6.0,-6.0,-2.0
-6.0,-6.0,-2.0
-6.0,-6.0,-2.0
-6.0,-6.0,-2.0
-6.0,-6.0,-2.0
-6.0,-6.0,-2.0
-6.0,-6.0,-2.0
-6.0,-6.0,-2.0
-6.0,-6.0,-2.0
-6.0,-6.0,-2.0
-6.0,-6.0,-2.0
-6.0,-6.0,-2.0
-6.0,-6.0,-2.0
-6.0,-6.0,-2.0
-6.0,-6.0,-2.0
-6.0,-6.0,-2.0
-6.0,-6.0,-2.0
-6.0,-6.0,-2.0
-6.0,-6.0,-2.0
-6.0,-6.0,-2.0
-6.0,-6.0,-2.0
-6.0,-6.0,-2.0
-6.0,-6.0,-2.0
-6.0,-6.0,-2.0
-6.0,-6.0,-2.0
-6.0,-6.0,-2.0
-6.0,-6.0,-2.0
-6.0,-6.0,-2.0
-6.0,-6.0,-2.0
-6.0,-6.0,-2.0
-6.0,-6.0,-2.0
-6.0,-6.0,-2.0
-6.0,-6.0,-2.0
-6.0,-6.0,-2.0
-6.0,-6.0,-2.0
-6.0,-6.0,-2.0
-6.0,-6.0,-2.0
-6.0,-6.0,-2.0
-6.0,-6.0,-2.0
-6.0,-6.0,-2.0
-6.0,-6.0,-2.0
-6.0,-6.0,-2.0
-6.0,-6.0,-2.0
-6.0,-6.0,-2.0
-6.0,-6.0,-2.0
-6.0,-6.0,-2.0
-6.0,-6.0,-2.0
-6.0,-6.0,-2.0
-6.0,-6.0,-2.0
-6.0,-6.0,-2.0
-6.0,-6.0,-2.0
-6.0,-6.0,-2.0
-6.0,-6.0,-2.0
-6.0,-6.0,-2.0
-6.0,-6.0,-2.0
-6.0,-6.0,-2.0
-6.0,-6.0,-2.0
-6.0,-6.0,-2.0
-6.0,-6.0,-2.0
-6.0,-6.0,-2.0
-6.0,-6.0,-2.0
-6.0,-6.0,-2.0
-6.0,-6.0,-2.0
-6.0,-6.0,-2.0
-6.0,-6.0,-2.0
-6.0,-6.0,-2.0
-6.0,-6.0,-2.0
-6.0,-6.0,-2.0
-6.0,-6.0,-2.0
-6.0,-6.0,-2.0
-6.0,-6.0,-2.0
-6.0,-6.0,-2.0
-6.0,-6.0,-2.0
-6.0,-6.0,-2.0
-6.0,-6.0,-2.0
-6.0,-6.0,-2.0
-6.0,-6.0,-2.0
-6.0,-6.0,-2.0
-6.0,-6.0,-2.0
-6.0,-6.0,-2.0
-6.0,-6.0,-2.0
-6.0,-6.0,-2.0
-6.0,-6.0,-2.0
-6.0,-6.0,-2.0
-6.0,-6.0,-2.0
-6.0,-6.0,-2.0
-6.0,-6.0,-2.0
-6.0,-6.0,-2.0
-6.0,-6.0,-2.0
-6.0,-6.0,-2.0
-6.0,-6.0,-2.0
-6.0,-6.0,-2.0
-6.0,-6.0,-2.0
-6.0,-6.0,-2.0
-6.0,-6.0,-2.0
-6.0,-6.0,-2.0
-6.0,-6.0,-2.0
-6.0,-6.0,-2.0
-6.0,-6.0,-2.0
-6.0,-6.0,-2.0
-6.0,-6.0,-2.0
-6.0,-6.0,-2.0
-6.0,-6.0,-2.0
-6.0,-6.0,-2.0
-6.0,-6.0,-2.0
-6.0,-6.0,-2.0
-6.0,-6.0,-2.0
-6.0,-6.0,-2.0
-6.0,-6.0,-2.0
-6.0,-6.0,-2.0
-6.0,-6.0,-2.0
-6.0,-6.0,-2.0
-6.0,-6.0,-2.0
-6.0,-6.0,-2.0
-6.0,-6.0,-2.0
-6.0,-6.0,-2.0
-6.0,-6.0,-2.0
-6.0,-6.0,-2.0
-6.0,-6.0,-2.0
-6.0,-6.0,-2.0
-6.0,-6.0,-2.0
-6.0,-6.0,-2.0
-6.0,-6.0,-2.0
-6.0,-6.0,-2.0
-6.0,-6.0,-2.0
-6.0,-6.0,-2.0
-6.0,-6.0,-2.0
-6.0,-6.0,-2.0
-6.0,-6.0,-2.0
-6.0,-6.0,-2.0
-6.0,-6.0,-2.0
-6.0,-6.0,-2.0
-6.0,-6.0,-2.0
-6.0,-6.0,-2.0
-6.0,-6.0,-2.0
-6.0,-6.0,-2.0
-6.0,-6.0,-2.0
-6.0,-6.0,-2.0
-6.0,-6.0,-2.0
-6.0,-6.0,-2.0
-6.0,-6.0,-2.0
-6.0,-6.0,-2.0
-6.0,-6.0,-2.0
-6.0,-6.0,-2.0
-6.0,-6.0,-2.0
-6.0,-6.0,-2.0
-6.0,-6.0,-2.0
-6.0,-6.0,-2.0
-6.0,-6.0,-2.0
-6.0,-6.0,-2.0
-6.0,-6.0,-2.0
-6.0,-6.0,-2.0
-6.0,-6.0,-2.0
-6.0,-6.0,-2.0
-6.0,-6.0,-2.0
-6.0,-6.0,-2.0
-6.0,-6.0,-2.0
-6.0,-6.0,-2.0
-6.0,-6.0,-2.0
-6.0,-6.0,-2.0
-6.0,-6.0,-2.0
-6.0,-6.0,-2.0
-6.0,-6.0,-2.0
-6.0,-6.0,-2.0
-6.0,-6.0,-2.0
-6.0,-6.0,-2.0
-6.0,-6.0,-2.0
-6.0,-6.0,-2.0
-6.0,-6.0,-2.0
-6.0,-6.0,-2.0
-6.0,-6.0,-2.0
-6.0,-6.0,-2.0
-6.0,-6.0,-2.0
-6.0,-6.0,-2.0
-6.0,-6.0,-2.0
-6.0,-6.0,-2.0
-6.0,-6.0,-2.0
-6.0,-6.0,-2.0
-6.0,-6.0,-2.0
-6.0,-6.0,-2.0
-6.0,-6.0,-2.0
-6.0,-6.0,-2.0
-6.0,-6.0,-2.0
-6.0,-6.0,-2.0
-6.0,-6.0,-2.0
-6.0,-6.0,-2.0
-6.0,-6.0,-2.0
-6.0,-6.0,-2.0
-6.0,-6.0,-2.0
-6.0,-6.0,-2.0
-6.0,-6.0,-2.0
-6.0,-6.0,-2.0
-6.0,-6.0,-2.0
-6.0,-6.0,-2.0
-6.0,-6.0,-2.0
-6.0,-6.0,-2.0
-6.0,-6.0,-2.0
-6.0,-6.0,-2.0
-6.0,-6.0,-2.0
-6.0,-6.0,-2.0
-6.0,-6.0,-2.0
-6.0,-6.0,-2.0
-6.0,-6.0,-2.0
-6.0,-6.0,-2.0
-6.0,-6.0,-2.0
-6.0,-6.0,-2.0
-6.0,-6.0,-2.0
-6.0,-6.0,-2.0
-6.0,-6.0,-2.0
-6.0,-6.0,-2.0
-6.0,-6.0,-2.0
-6.0,-6.0,-2.0
-6.0,-6.0,-2.0
-6.0,-6.0,-2.0
-6.0,-6.0,-2.0
-6.0,-6.0,-2.0
-6.0,-6.0,-2.0
-6.0,-6.0,-2.0
-6.0,-6.0,-2.0
-6.0,-6.0,-2.0
-6.0,-6.0,-2.0
-6.0,-6.0,-2.0
-6.0,-6.0,-2.0
-6.0,-6.0,-2.0
-6.0,-6.0,-2.0
-6.0,-6.0,-2.0
-6.0,-6.0,-2.0
-6.0,-6.0,-2.0
-6.0,-6.0,-2.0
-6.0,-6.0,-2.0
-6.0,-6.0,-2.0
-6.0,-6.0,-2.0
-6.0,-6.0,-2.0
-6.0,-6.0,-2.0
-6.0,-6.0,-2.0
-6.0,-6.0,-2.0
-6.0,-6.0,-2.0
-6.0,-6.0,-2.0
-6.0,-6.0,-2.0
-6.0,-6.0,-2.0
-6.0,-6.0,-2.0
-6.0,-6.0,-2.0
-6.0,-6.0,-2.0
-6.0,-6.0,-2.0
-6.0,-6.0,-2.0
-6.0,-6.0,-2.0
-6.0,-6.0,-2.0
-6.0,-6.0,-2.0
-6.0,-6.0,-2.0
-6.0,-6.0,-2.0
-6.0,-6.0,-2.0
-6.0,-6.0,-2.0
-6.0,-6.0,-2.0
-6.0,-6.0,-2.0
-6.0,-6.0,-2.0
-6.0,-6.0,-2.0
-6.0,-6.0,-2.0
-6.0,-6.0,-2.0
-6.0,-6.0,-2.0
-6.0,-6.0,-2.0
-6.0,-6.0,-2.0
-6.0,-6.0,-2.0
-6.0,-6.0,-2.0
-6.0,-6.0,-2.0
-6.0,-6.0,-2.0
-6.0,-6.0,-2.0
-6.0,-6.0,-2.0
-6.0,-6.0,-2.0
-6.0,-6.0,-2.0
-6.0,-6.0,-2.0
-6.0,-6.0,-2.0
-6.0,-6.0,-2.0
-6.0,-6.0,-2.0
-6.0,-6.0,-2.0
-6.0,-6.0,-2.0
-6.0,-6.0,-2.0
-6.0,-6.0,-2.0
-6.0,-6.0,-2.0
-6.0,-6.0,-2.0
-6.0,-6.0,-2.0
-6.0,-6.0,-2.0
-6.0,-6.0,-2.0
-6.0,-6.0,-2.0
-6.0,-6.0,-2.0
-6.0,-6.0,-2.0
-6.0,-6.0,-2.0
-6.0,-6.0,-2.0
-6.0,-6.0,-2.0
-6.0,-6.0,-2.0
-6.0,-6.0,-2.0
-6.0,-6.0,-2.0
-6.0,-6.0,-2.0
-6.0,-6.0,-2.0
-6.0,-6.0,-2.0
-6.0,-6.0,-2.0
-6.0,-6.0,-2.0
-6.0,-6.0,-2.0
-6.0,-6.0,-2.0
-6.0,-6.0,-2.0
-6.0,-6.0,-2.0
-6.0,-6.0,-2.0
-6.0,-6.0,-2.0
-6.0,-6.0,-2.0
-6.0,-6.0,-2.0
-6.0,-6.0,-2.0
-6.0,-6.0,-2.0
-6.0,-6.0,-2.0
-6.0,-6.0,-2.0
-6.0,-6.0,-2.0
-6.0,-6.0,-2.0
-6.0,-6.0,-2.0
-6.0,-6.0,-2.0
-6.0,-6.0,-2.0
-6.0,-6.0,-2.0
-6.0,-6.0,-2.0
-6.0,-6.0,-2.0
-6.0,-6.0,-2.0
-6.0,-6.0,-2.0
-6.0,-6.0,-2.0
-6.0,-6.0,-2.0
-6.0,-6.0,-2.0
-6.0,-6.0,-2.0
-6.0,-6.0,-2.0
-6.0,-6.0,-2.0
-6.0,-6.0,-2.0
-6.0,-6.0,-2.0
-6.0,-6.0,-2.0
-6.0,-6.0,-2.0
-6.0,-6.0,-2.0
-6.0,-6.0,-2.0
-6.0,-6.0,-2.0
-6.0,-6.0,-2.0
-6.0,-6.0,-2.0
-6.0,-6.0,-2.0
-6.0,-6.0,-2.0
-6.0,-6.0,-2.0
-6.0,-6.0,-2.0
-6.0,-6.0,-2.0
-6.0,-6.0,-2.0
-6.0,-6.0,-2.0
-6.0,-6.0,-2.0
-6.0,-6.0,-2.0
-6.0,-6.0,-2.0
-6.0,-6.0,-2.0
-6.0,-6.0,-2.0
-6.0,-6.0,-2.0
-6.0,-6.0,-2.0
-6.0,-6.0,-2.0
-6.0,-6.0,-2.0
-6.0,-6.0,-2.0
-6.0,-6.0,-2.0
-6.0,-6.0,-2.0
-6.0,-6.0,-2.0
-6.0,-6.0,-2.0
-6.0,-6.0,-2.0
-6.0,-6.0,-2.0
-6.0,-6.0,-2.0
-6.0,-6.0,-2.0
-6.0,-6.0,-2.0
-6.0,-6.0,-2.0
-6.0,-6.0,-2.0
-6.0,-6.0,-2.0
-6.0,-6.0,-2.0
-6.0,-6.0,-2.0
-6.0,-6.0,-2.0
-6.0,-6.0,-2.0
-6.0,-6.0,-2.0
-6.0,-6.0,-2.0
-6.0,-6.0,-2.0
-6.0,-6.0,-2.0
-6.0,-6.0,-2.0
-6.0,-6.0,-2.0
-6.0,-6.0,-2.0
-6.0,-6.0,-2.0
-6.0,-6.0,-2.0
-6.0,-6.0,-2.0
-6.0,-6.0,-2.0
-6.0,-6.0,-2.0
-6.0,-6.0,-2.0
-6.0,-6.0,-2.0
-6.0,-6.0,-2.0
-6.0,-6.0,-2.0
-6.0,-6.0,-2.0
-6.0,-6.0,-2.0
-6.0,-6.0,-2.0
-6.0,-6.0,-2.0
-6.0,-6.0,-2.0
-6.0,-6.0,-2.0
-6.0,-6.0,-2.0
-6.0,-6.0,-2.0
-6.0,-6.0,-2.0
-6.0,-6.0,-2.0
-6.0,-6.0,-2.0
-6.0,-6.0,-2.0
-6.0,-6.0,-2.0
-6.0,-6.0,-2.0
-6.0,-6.0,-2.0
-6.0,-6.0,-2.0
-6.0,-6.0,-2.0
-6.0,-6.0,-2.0
-6.0,-6.0,-2.0
-6.0,-6.0,-2.0
-6.0,-6.0,-2.0
-6.0,-6.0,-2.0
-6.0,-6.0,-2.0
-6.0,-6.0,-2.0
-6.0,-6.0,-2.0
-6.0,-6.0,-2.0
-6.0,-6.0,-2.0
-6.0,-6.0,-2.0
-6.0,-6.0,-2.0
-6.0,-6.0,-2.0
-6.0,-6.0,-2.0
-6.0,-6.0,-2.0
-6.0,-6.0,-2.0
-6.0,-6.0,-2.0
-6.0,-6.0,-2.0
-6.0,-6.0,-2.0
-6.0,-6.0,-2.0
-6.0,-6.0,-2.0
-6.0,-6.0,-2.0
-6.0,-6.0,-2.0
-6.0,-6.0,-2.0
-6.0,-6.0,-2.0
-6.0,-6.0,-2.0
-6.0,-6.0,-2.0
-6.0,-6.0,-2.0
-6.0,-6.0,-2.0
-6.0,-6.0,-2.0
-6.0,-6.0,-2.0
-6.0,-6.0,-2.0
-6.0,-6.0,-2.0
-6.0,-6.0,-2.0
-6.0,-6.0,-2.0
-6.0,-6.0,-2.0
-6.0,-6.0,-2.0
-6.0,-6.0,-2.0
-6.0,-6.0,-2.0
-6.0,-6.0,-2.0
-6.0,-6.0,-2.0
-6.0,-6.0,-2.0
-6.0,-6.0,-2.0
-6.0,-6.0,-2.0
-6.0,-6.0,-2.0
-6.0,-6.0,-2.0
-6.0,-6.0,-2.0
-6.0,-6.0,-2.0
-6.0,-6.0,-2.0
-6.0,-6.0,-2.0
-6.0,-6.0,-2.0
-6.0,-6.0,-2.0
-6.0,-6.0,-2.0
-6.0,-6.0,-2.0
-6.0,-6.0,-2.0
-6.0,-6.0,-2.0
-6.0,-6.0,-2.0
-6.0,-6.0,-2.0
-6.0,-6.0,-2.0
-6.0,-6.0,-2.0
-6.0,-6.0,-2.0
-6.0,-6.0,-2.0
-6.0,-6.0,-2.0
-6.0,-6.0,-2.0
-6.0,-6.0,-2.0
-6.0,-6.0,-2.0
-6.0,-6.0,-2.0
-6.0,-6.0,-2.0
-6.0,-6.0,-2.0
-6.0,-6.0,-2.0
-6.0,-6.0,-2.0
-6.0,-6.0,-2.0
-6.0,-6.0,-2.0
-6.0,-6.0,-2.0
-6.0,-6.0,-2.0
-6.0,-6.0,-2.0
-6.0,-6.0,-2.0
-6.0,-6.0,-2.0
-6.0,-6.0,-2.0
-6.0,-6.0,-2.0
-6.0,-6.0,-2.0
-6.0,-6.0,-2.0
-6.0,-6.0,-2.0
-6.0,-6.0,-2.0
-6.0,-6.0,-2.0
-6.0,-6.0,-2.0
-6.0,-6.0,-2.0
-6.0,-6.0,-2.0
-6.0,-6.0,-2.0
-6.0,-6.0,-2.0
-6.0,-6.0,-2.0
-6.0,-6.0,-2.0
-6.0,-6.0,-2.0
-6.0,-6.0,-2.0
-6.0,-6.0,-2.0
-6.0,-6.0,-2.0
-6.0,-6.0,-2.0
-6.0,-6.0,-2.0
-6.0,-6.0,-2.0
-6.0,-6.0,-2.0
-6.0,-6.0,-2.0
-6.0,-6.0,-2.0
-6.0,-6.0,-2.0
-6.0,-6.0,-2.0
-6.0,-6.0,-2.0
-6.0,-6.0,-2.0
-6.0,-6.0,-2.0
-6.0,-6.0,-2.0
-6.0,-6.0,-2.0
-6.0,-6.0,-2.0
-6.0,-6.0,-2.0
-6.0,-6.0,-2.0
-6.0,-6.0,-2.0
-6.0,-6.0,-2.0
-6.0,-6.0,-2.0
-6.0,-6.0,-2.0
-6.0,-6.0,-2.0
-6.0,-6.0,-2.0
-6.0,-6.0,-2.0
-6.0,-6.0,-2.0
-6.0,-6.0,-2.0
-6.0,-6.0,-2.0
-6.0,-6.0,-2.0
-6.0,-6.0,-2.0
-6.0,-6.0,-2.0
-6.0,-6.0,-2.0
-6.0,-6.0,-2.0
-6.0,-6.0,-2.0
-6.0,-6.0,-2.0
-6.0,-6.0,-2.0
-6.0,-6.0,-2.0
-6.0,-6.0,-2.0
-6.0,-6.0,-2.0
-6.0,-6.0,-2.0
-6.0,-6.0,-2.0
-6.0,-6.0,-2.0
-6.0,-6.0,-2.0
-6.0,-6.0,-2.0
-6.0,-6.0,-2.0
-6.0,-6.0,-2.0
-6.0,-6.0,-2.0
-6.0,-6.0,-2.0
-6.0,-6.0,-2.0
-6.0,-6.0,-2.0
-6.0,-6.0,-2.0
-6.0,-6.0,-2.0
-6.0,-6.0,-2.0
-6.0,-6.0,-2.0
-6.0,-6.0,-2.0
-6.0,-6.0,-2.0
-6.0,-6.0,-2.0
-6.0,-6.0,-2.0
-6.0,-6.0,-2.0
-6.0,-6.0,-2.0
-6.0,-6.0,-2.0
-6.0,-6.0,-2.0
-6.0,-6.0,-2.0
-6.0,-6.0,-2.0
-6.0,-6.0,-2.0
-6.0,-6.0,-2.0
-6.0,-6.0,-2.0
-6.0,-6.0,-2.0
-6.0,-6.0,-2.0
-6.0,-6.0,-2.0
-6.0,-6.0,-2.0
-6.0,-6.0,-2.0
-6.0,-6.0,-2.0
-6.0,-6.0,-2.0
-6.0,-6.0,-2.0
-6.0,-6.0,-2.0
-6.0,-6.0,-2.0
-6.0,-6.0,-2.0
-6.0,-6.0,-2.0
-6.0,-6.0,-2.0
-6.0,-6.0,-2.0
-6.0,-6.0,-2.0
-6.0,-6.0,-2.0
-6.0,-6.0,-2.0
-6.0,-6.0,-2.0
-6.0,-6.0,-2.0
-6.0,-6.0,-2.0
-6.0,-6.0,-2.0
-6.0,-6.0,-2.0
-6.0,-6.0,-2.0
-6.0,-6.0,-2.0
-6.0,-6.0,-2.0
-6.0,-6.0,-2.0
-6.0,-6.0,-2.0
-6.0,-6.0,-2.0
-6.0,-6.0,-2.0
-6.0,-6.0,-2.0
-6.0,-6.0,-2.0
-6.0,-6.0,-2.0
-6.0,-6.0,-2.0
-6.0,-6.0,-2.0
-6.0,-6.0,-2.0
-6.0,-6.0,-2.0
-6.0,-6.0,-2.0
-6.0,-6.0,-2.0
-6.0,-6.0,-2.0
-6.0,-6.0,-2.0
-6.0,-6.0,-2.0
-6.0,-6.0,-2.0
-6.0,-6.0,-2.0
-6.0,-6.0,-2.0
-6.0,-6.0,-2.0
-6.0,-6.0,-2.0
-6.0,-6.0,-2.0
-6.0,-6.0,-2.0
-6.0,-6.0,-2.0
-6.0,-6.0,-2.0
-6.0,-6.0,-2.0
-6.0,-6.0,-2.0
-6.0,-6.0,-2.0
-6.0,-6.0,-2.0
-6.0,-6.0,-2.0
-6.0,-6.0,-2.0
-6.0,-6.0,-2.0
-6.0,-6.0,-2.0
-6.0,-6.0,-2.0
-6.0,-6.0,-2.0
-6.0,-6.0,-2.0
-6.0,-6.0,-2.0
-6.0,-6.0,-2.0
-6.0,-6.0,-2.0
-6.0,-6.0,-2.0
-6.0,-6.0,-2.0
-6.0,-6.0,-2.0
-6.0,-6.0,-2.0
-6.0,-6.0,-2.0
-6.0,-6.0,-2.0
-6.0,-6.0,-2.0
-6.0,-6.0,-2.0
-6.0,-6.0,-2.0
-6.0,-6.0,-2.0
-6.0,-6.0,-2.0
-6.0,-6.0,-2.0
-6.0,-6.0,-2.0
-6.0,-6.0,-2.0
-6.0,-6.0,-2.0
-6.0,-6.0,-2.0
-6.0,-6.0,-2.0
-6.0,-6.0,-2.0
-6.0,-6.0,-2.0
-6.0,-6.0,-2.0
-6.0,-6.0,-2.0
-6.0,-6.0,-2.0
-6.0,-6.0,-2.0
-6.0,-6.0,-2.0
-6.0,-6.0,-2.0
-6.0,-6.0,-2.0
-6.0,-6.0,-2.0
-6.0,-6.0,-2.0
-6.0,-6.0,-2.0
-6.0,-6.0,-2.0
-6.0,-6.0,-2.0
-6.0,-6.0,-2.0
-6.0,-6.0,-2.0
-6.0,-6.0,-2.0
-6.0,-6.0,-2.0
-6.0,-6.0,-2.0
-6.0,-6.0,-2.0
-6.0,-6.0,-2.0
-6.0,-6.0,-2.0
-6.0,-6.0,-2.0
-6.0,-6.0,-2.0
-6.0,-6.0,-2.0
-6.0,-6.0,-2.0
-6.0,-6.0,-2.0
-6.0,-6.0,-2.0
-6.0,-6.0,-2.0
-6.0,-6.0,-2.0
-6.0,-6.0,-2.0
-6.0,-6.0,-2.0
-6.0,-6.0,-2.0
-6.0,-6.0,-2.0
-6.0,-6.0,-2.0
-6.0,-6.0,-2.0
-6.0,-6.0,-2.0
-6.0,-6.0,-2.0
-6.0,-6.0,-2.0
-6.0,-6.0,-2.0
-6.0,-6.0,-2.0
-6.0,-6.0,-2.0
-6.0,-6.0,-2.0
-6.0,-6.0,-2.0
-6.0,-6.0,-2.0
-6.0,-6.0,-2.0
-6.0,-6.0,-2.0
-6.0,-6.0,-2.0
-6.0,-6.0,-2.0
-6.0,-6.0,-2.0
-6.0,-6.0,-2.0
-6.0,-6.0,-2.0
-6.0,-6.0,-2.0
-6.0,-6.0,-2.0
-6.0,-6.0,-2.0
-6.0,-6.0,-2.0
-6.0,-6.0,-2.0
-6.0,-6.0,-2.0
-6.0,-6.0,-2.0
-6.0,-6.0,-2.0
-6.0,-6.0,-2.0
-6.0,-6.0,-2.0
-6.0,-6.0,-2.0
-6.0,-6.0,-2.0
-6.0,-6.0,-2.0
-6.0,-6.0,-2.0
-6.0,-6.0,-2.0
-6.0,-6.0,-2.0
-6.0,-6.0,-2.0
-6.0,-6.0,-2.0
-6.0,-6.0,-2.0
-6.0,-6.0,-2.0
-6.0,-6.0,-2.0
-6.0,-6.0,-2.0
-6.0,-6.0,-2.0
-6.0,-6.0,-2.0
-6.0,-6.0,-2.0
-6.0,-6.0,-2.0
-6.0,-6.0,-2.0
-6.0,-6.0,-2.0
-6.0,-6.0,-2.0
-6.0,-6.0,-2.0
-6.0,-6.0,-2.0
-6.0,-6.0,-2.0
-6.0,-6.0,-2.0
-6.0,-6.0,-2.0
-6.0,-6.0,-2.0
-6.0,-6.0,-2.0
-6.0,-6.0,-2.0
-6.0,-6.0,-2.0
-6.0,-6.0,-2.0
-6.0,-6.0,-2.0
-6.0,-6.0,-2.0
-6.0,-6.0,-2.0
-6.0,-6.0,-2.0
-6.0,-6.0,-2.0
-6.0,-6.0,-2.0
-6.0,-6.0,-2.0
-6.0,-6.0,-2.0
-6.0,-6.0,-2.0
-6.0,-6.0,-2.0
-6.0,-6.0,-2.0
-6.0,-6.0,-2.0
-6.0,-6.0,-2.0
-6.0,-6.0,-2.0
-6.0,-6.0,-2.0
-6.0,-6.0,-2.0
-6.0,-6.0,-2.0
-6.0,-6.0,-2.0
-6.0,-6.0,-2.0
-6.0,-6.0,-2.0
-6.0,-6.0,-2.0
-6.0,-6.0,-2.0
-6.0,-6.0,-2.0
-6.0,-6.0,-2.0
-6.0,-6.0,-2.0
-6.0,-6.0,-2.0
-6.0,-6.0,-2.0
-6.0,-6.0,-2.0
-6.0,-6.0,-2.0
-6.0,-6.0,-2.0
-6.0,-6.0,-2.0
-6.0,-6.0,-2.0
-6.0,-6.0,-2.0
-6.0,-6.0,-2.0
-6.0,-6.0,-2.0
-6.0,-6.0,-2.0
-6.0,-6.0,-2.0
-6.0,-6.0,-2.0
-6.0,-6.0,-2.0
-6.0,-6.0,-2.0
-6.0,-6.0,-2.0
-6.0,-6.0,-2.0
-6.0,-6.0,-2.0
-6.0,-6.0,-2.0
-6.0,-6.0,-2.0
-6.0,-6.0,-2.0
-6.0,-6.0,-2.0
-6.0,-6.0,-2.0
-6.0,-6.0,-2.0
-6.0,-6.0,-2.0
-6.0,-6.0,-2.0
-6.0,-6.0,-2.0
-6.0,-6.0,-2.0
-6.0,-6.0,-2.0
-6.0,-6.0,-2.0
-6.0,-6.0,-2.0
-6.0,-6.0,-2.0
-6.0,-6.0,-2.0
-6.0,-6.0,-2.0
-6.0,-6.0,-2.0
-6.0,-6.0,-2.0
-6.0,-6.0,-2.0
-6.0,-6.0,-2.0
-6.0,-6.0,-2.0
-6.0,-6.0,-2.0
-6.0,-6.0,-2.0
-6.0,-6.0,-2.0
-6.0,-6.0,-2.0
-6.0,-6.0,-2.0
-6.0,-6.0,-2.0
-6.0,-6.0,-2.0
-6.0,-6.0,-2.0
-6.0,-6.0,-2.0
-6.0,-6.0,-2.0
-6.0,-6.0,-2.0
-6.0,-6.0,-2.0
-6.0,-6.0,-2.0
-6.0,-6.0,-2.0
-6.0,-6.0,-2.0
-6.0,-6.0,-2.0
-6.0,-6.0,-2.0
-6.0,-6.0,-2.0
-6.0,-6.0,-2.0
-6.0,-6.0,-2.0
-6.0,-6.0,-2.0
-6.0,-6.0,-2.0
-6.0,-6.0,-2.0
-6.0,-6.0,-2.0
-6.0,-6.0,-2.0
-6.0,-6.0,-2.0
-6.0,-6.0,-2.0
-6.0,-6.0,-2.0
-6.0,-6.0,-2.0
-6.0,-6.0,-2.0
-6.0,-6.0,-2.0
-6.0,-6.0,-2.0
-6.0,-6.0,-2.0
-6.0,-6.0,-2.0
-6.0,-6.0,-2.0
-6.0,-6.0,-2.0
-6.0,-6.0,-2.0
-6.0,-6.0,-2.0
-6.0,-6.0,-2.0
-6.0,-6.0,-2.0
-6.0,-6.0,-2.0
-6.0,-6.0,-2.0
-6.0,-6.0,-2.0
-6.0,-6.0,-2.0
-6.0,-6.0,-2.0
-6.0,-6.0,-2.0
-6.0,-6.0,-2.0
-6.0,-6.0,-2.0
-6.0,-6.0,-2.0
-6.0,-6.0,-2.0
-6.0,-6.0,-2.0
-6.0,-6.0,-2.0
-6.0,-6.0,-2.0
-6.0,-6.0,-2.0
-6.0,-6.0,-2.0
-6.0,-6.0,-2.0
-6.0,-6.0,-2.0
-6.0,-6.0,-2.0
-6.0,-6.0,-2.0
-6.0,-6.0,-2.0
-6.0,-6.0,-2.0
-6.0,-6.0,-2.0
-6.0,-6.0,-2.0
-6.0,-6.0,-2.0
-6.0,-6.0,-2.0
-6.0,-6.0,-2.0
-6.0,-6.0,-2.0
-6.0,-6.0,-2.0
-6.0,-6.0,-2.0
-6.0,-6.0,-2.0
-6.0,-6.0,-2.0
-6.0,-6.0,-2.0
-6.0,-6.0,-2.0
-6.0,-6.0,-2.0
-6.0,-6.0,-2.0
-6.0,-6.0,-2.0
-6.0,-6.0,-2.0
-6.0,-6.0,-2.0
-6.0,-6.0,-2.0
-6.0,-6.0,-2.0
-6.0,-6.0,-2.0
-6.0,-6.0,-2.0
-6.0,-6.0,-2.0
-6.0,-6.0,-2.0
-6.0,-6.0,-2.0
-6.0,-6.0,-2.0
-6.0,-6.0,-2.0
-6.0,-6.0,-2.0
-6.0,-6.0,-2.0
-6.0,-6.0,-2.0
-6.0,-6.0,-2.0
-6.0,-6.0,-2.0
-6.0,-6.0,-2.0
-6.0,-6.0,-2.0
-6.0,-6.0,-2.0
-6.0,-6.0,-2.0
-6.0,-6.0,-2.0
-6.0,-6.0,-2.0
-6.0,-6.0,-2.0
-6.0,-6.0,-2.0
-6.0,-6.0,-2.0
-6.0,-6.0,-2.0
-6.0,-6.0,-2.0
-6.0,-6.0,-2.0
-6.0,-6.0,-2.0
-6.0,-6.0,-2.0
-6.0,-6.0,-2.0
-6.0,-6.0,-2.0
-6.0,-6.0,-2.0
-6.0,-6.0,-2.0
-6.0,-6.0,-2.0
-6.0,-6.0,-2.0
-6.0,-6.0,-2.0
-6.0,-6.0,-2.0
-6.0,-6.0,-2.0
-6.0,-6.0,-2.0
-6.0,-6.0,-2.0
-6.0,-6.0,-2.0
-6.0,-6.0,-2.0
-6.0,-6.0,-2.0
-6.0,-6.0,-2.0
-6.0,-6.0,-2.0
-6.0,-6.0,-2.0
-6.0,-6.0,-2.0
-6.0,-6.0,-2.0
-6.0,-6.0,-2.0
-6.0,-6.0,-2.0
-6.0,-6.0,-2.0
-6.0,-6.0,-2.0
-6.0,-6.0,-2.0
-6.0,-6.0,-2.0
-6.0,-6.0,-2.0
-6.0,-6.0,-2.0
-6.0,-6.0,-2.0
-6.0,-6.0,-2.0
-6.0,-6.0,-2.0
-6.0,-6.0,-2.0
-6.0,-6.0,-2.0
-6.0,-6.0,-2.0
-6.0,-6.0,-2.0
-6.0,-6.0,-2.0
-6.0,-6.0,-2.0
-6.0,-6.0,-2.0
-6.0,-6.0,-2.0
-6.0,-6.0,-2.0
-6.0,-6.0,-2.0
-6.0,-6.0,-2.0
-6.0,-6.0,-2.0
-6.0,-6.0,-2.0
-6.0,-6.0,-2.0
-6.0,-6.0,-2.0
-6.0,-6.0,-2.0
-6.0,-6.0,-2.0
-6.0,-6.0,-2.0
-6.0,-6.0,-2.0
-6.0,-6.0,-2.0
-6.0,-6.0,-2.0
-6.0,-6.0,-2.0
-6.0,-6.0,-2.0
-6.0,-6.0,-2.0
-6.0,-6.0,-2.0
-6.0,-6.0,-2.0
-6.0,-6.0,-2.0
-6.0,-6.0,-2.0
-6.0,-6.0,-2.0
-6.0,-6.0,-2.0
-6.0,-6.0,-2.0
-6.0,-6.0,-2.0
-6.0,-6.0,-2.0
-6.0,-6.0,-2.0
-6.0,-6.0,-2.0
-6.0,-6.0,-2.0
-6.0,-6.0,-2.0
-6.0,-6.0,-2.0
-6.0,-6.0,-2.0
-6.0,-6.0,-2.0
-6.0,-6.0,-2.0
-6.0,-6.0,-2.0
-6.0,-6.0,-2.0
-6.0,-6.0,-2.0
-6.0,-6.0,-2.0
-6.0,-6.0,-2.0
-6.0,-6.0,-2.0
-6.0,-6.0,-2.0
-6.0,-6.0,-2.0
-6.0,-6.0,-2.0
-6.0,-6.0,-2.0
-6.0,-6.0,-2.0
-6.0,-6.0,-2.0
-6.0,-6.0,-2.0
-6.0,-6.0,-2.0
-6.0,-6.0,-2.0
-6.0,-6.0,-2.0
-6.0,-6.0,-2.0
-6.0,-6.0,-2.0
-6.0,-6.0,-2.0
-6.0,-6.0,-2.0
-6.0,-6.0,-2.0
-6.0,-6.0,-2.0
-6.0,-6.0,-2.0
-6.0,-6.0,-2.0
-6.0,-6.0,-2.0
-6.0,-6.0,-2.0
-6.0,-6.0,-2.0
-6.0,-6.0,-2.0
-6.0,-6.0,-2.0
-6.0,-6.0,-2.0
-6.0,-6.0,-2.0
-6.0,-6.0,-2.0
-6.0,-6.0,-2.0
-6.0,-6.0,-2.0
-6.0,-6.0,-2.0
-6.0,-6.0,-2.0
-6.0,-6.0,-2.0
-6.0,-6.0,-2.0
-6.0,-6.0,-2.0
-6.0,-6.0,-2.0
-6.0,-6.0,-2.0
-6.0,-6.0,-2.0
-6.0,-6.0,-2.0
-6.0,-6.0,-2.0
-6.0,-6.0,-2.0
-6.0,-6.0,-2.0
-6.0,-6.0,-2.0
-6.0,-6.0,-2.0
-6.0,-6.0,-2.0
-6.0,-6.0,-2.0
-6.0,-6.0,-2.0
-6.0,-6.0,-2.0
-6.0,-6.0,-2.0
-6.0,-6.0,-2.0
-6.0,-6.0,-2.0
-6.0,-6.0,-2.0
-6.0,-6.0,-2.0
-6.0,-6.0,-2.0
-6.0,-6.0,-2.0
-6.0,-6.0,-2.0
-6.0,-6.0,-2.0
-6.0,-6.0,-2.0
-6.0,-6.0,-2.0
-6.0,-6.0,-2.0
-6.0,-6.0,-2.0
-6.0,-6.0,-2.0
-6.0,-6.0,-2.0
-6.0,-6.0,-2.0
-6.0,-6.0,-2.0
-6.0,-6.0,-2.0
-6.0,-6.0,-2.0
-6.0,-6.0,-2.0
-6.0,-6.0,-2.0
-6.0,-6.0,-2.0
-6.0,-6.0,-2.0
-6.0,-6.0,-2.0
-6.0,-6.0,-2.0
-6.0,-6.0,-2.0
-6.0,-6.0,-2.0
-6.0,-6.0,-2.0
-6.0,-6.0,-2.0
-6.0,-6.0,-2.0
-6.0,-6.0,-2.0
-6.0,-6.0,-2.0
-6.0,-6.0,-2.0
-6.0,-6.0,-2.0
-6.0,-6.0,-2.0
-6.0,-6.0,-2.0
-6.0,-6.0,-2.0
-6.0,-6.0,-2.0
-6.0,-6.0,-2.0
-6.0,-6.0,-2.0
-6.0,-6.0,-2.0
-6.0,-6.0,-2.0
-6.0,-6.0,-2.0
-6.0,-6.0,-2.0
-6.0,-6.0,-2.0
-6.0,-6.0,-2.0
-6.0,-6.0,-2.0
-6.0,-6.0,-2.0
-6.0,-6.0,-2.0
-6.0,-6.0,-2.0
-6.0,-6.0,-2.0
-6.0,-6.0,-2.0
-6.0,-6.0,-2.0
-6.0,-6.0,-2.0
-6.0,-6.0,-2.0
-6.0,-6.0,-2.0
-6.0,-6.0,-2.0
-6.0,-6.0,-2.0
-6.0,-6.0,-2.0
-6.0,-6.0,-2.0
-6.0,-6.0,-2.0
-6.0,-6.0,-2.0
-6.0,-6.0,-2.0
-6.0,-6.0,-2.0
-6.0,-6.0,-2.0
-6.0,-6.0,-2.0
-6.0,-6.0,-2.0
-6.0,-6.0,-2.0
-6.0,-6.0,-2.0
-6.0,-6.0,-2.0
-6.0,-6.0,-2.0
-6.0,-6.0,-2.0
-6.0,-6.0,-2.0
-6.0,-6.0,-2.0
-6.0,-6.0,-2.0
-6.0,-6.0,-2.0
-6.0,-6.0,-2.0
-6.0,-6.0,-2.0
-6.0,-6.0,-2.0
-6.0,-6.0,-2.0
-6.0,-6.0,-2.0
-6.0,-6.0,-2.0
-6.0,-6.0,-2.0
-6.0,-6.0,-2.0
-6.0,-6.0,-2.0
-6.0,-6.0,-2.0
-6.0,-6.0,-2.0
-6.0,-6.0,-2.0
-6.0,-6.0,-2.0
-6.0,-6.0,-2.0
-6.0,-6.0,-2.0
-6.0,-6.0,-2.0
-6.0,-6.0,-2.0
-6.0,-6.0,-2.0
-6.0,-6.0,-2.0
-6.0,-6.0,-2.0
-6.0,-6.0,-2.0
-6.0,-6.0,-2.0
-6.0,-6.0,-2.0
-6.0,-6.0,-2.0
-6.0,-6.0,-2.0
-6.0,-6.0,-2.0
-6.0,-6.0,-2.0
-6.0,-6.0,-2.0
-6.0,-6.0,-2.0
-6.0,-6.0,-2.0
-6.0,-6.0,-2.0
-6.0,-6.0,-2.0
-6.0,-6.0,-2.0
-6.0,-6.0,-2.0
-6.0,-6.0,-2.0
-6.0,-6.0,-2.0
-6.0,-6.0,-2.0
-6.0,-6.0,-2.0
-6.0,-6.0,-2.0
-6.0,-6.0,-2.0
-6.0,-6.0,-2.0
-6.0,-6.0,-2.0
-6.0,-6.0,-2.0
-6.0,-6.0,-2.0
-6.0,-6.0,-2.0
-6.0,-6.0,-2.0
-6.0,-6.0,-2.0
-6.0,-6.0,-2.0
-6.0,-6.0,-2.0
-6.0,-6.0,-2.0
-6.0,-6.0,-2.0
-6.0,-6.0,-2.0
-6.0,-6.0,-2.0
-6.0,-6.0,-2.0
-6.0,-6.0,-2.0
-6.0,-6.0,-2.0
-6.0,-6.0,-2.0
-6.0,-6.0,-2.0
-6.0,-6.0,-2.0
-6.0,-6.0,-2.0
-6.0,-6.0,-2.0
-6.0,-6.0,-2.0
-6.0,-6.0,-2.0
-6.0,-6.0,-2.0
-6.0,-6.0,-2.0
-6.0,-6.0,-2.0
-6.0,-6.0,-2.0
-6.0,-6.0,-2.0
-6.0,-6.0,-2.0
-6.0,-6.0,-2.0
-6.0,-6.0,-2.0
-6.0,-6.0,-2.0
-6.0,-6.0,-2.0
-6.0,-6.0,-2.0
-6.0,-6.0,-2.0
-6.0,-6.0,-2.0
-6.0,-6.0,-2.0
-6.0,-6.0,-2.0
-6.0,-6.0,-2.0
-6.0,-6.0,-2.0
-6.0,-6.0,-2.0
-6.0,-6.0,-2.0
-6.0,-6.0,-2.0
-6.0,-6.0,-2.0
-6.0,-6.0,-2.0
-6.0,-6.0,-2.0
-6.0,-6.0,-2.0
-6.0,-6.0,-2.0
-6.0,-6.0,-2.0
-6.0,-6.0,-2.0
-6.0,-6.0,-2.0
-6.0,-6.0,-2.0
-6.0,-6.0,-2.0
-6.0,-6.0,-2.0
-6.0,-6.0,-2.0
-6.0,-6.0,-2.0
-6.0,-6.0,-2.0
-6.0,-6.0,-2.0
-6.0,-6.0,-2.0
-6.0,-6.0,-2.0
-6.0,-6.0,-2.0
-6.0,-6.0,-2.0
-6.0,-6.0,-2.0
-6.0,-6.0,-2.0
-6.0,-6.0,-2.0
-6.0,-6.0,-2.0
-6.0,-6.0,-2.0
-6.0,-6.0,-2.0
-6.0,-6.0,-2.0
-6.0,-6.0,-2.0
-6.0,-6.0,-2.0
-6.0,-6.0,-2.0
-6.0,-6.0,-2.0
-6.0,-6.0,-2.0
-6.0,-6.0,-2.0
-6.0,-6.0,-2.0
-6.0,-6.0,-2.0
-6.0,-6.0,-2.0
-6.0,-6.0,-2.0
-6.0,-6.0,-2.0
-6.0,-6.0,-2.0
-6.0,-6.0,-2.0
-6.0,-6.0,-2.0
-6.0,-6.0,-2.0
-6.0,-6.0,-2.0
-6.0,-6.0,-2.0
-6.0,-6.0,-2.0
-6.0,-6.0,-2.0
-6.0,-6.0,-2.0
-6.0,-6.0,-2.0
-6.0,-6.0,-2.0
-6.0,-6.0,-2.0
-6.0,-6.0,-2.0
-6.0,-6.0,-2.0
-6.0,-6.0,-2.0
-6.0,-6.0,-2.0
-6.0,-6.0,-2.0
-6.0,-6.0,-2.0
-6.0,-6.0,-2.0
-6.0,-6.0,-2.0
-6.0,-6.0,-2.0
-6.0,-6.0,-2.0
-6.0,-6.0,-2.0
-6.0,-6.0,-2.0
-6.0,-6.0,-2.0
-6.0,-6.0,-2.0
-6.0,-6.0,-2.0
-6.0,-6.0,-2.0
-6.0,-6.0,-2.0
-6.0,-6.0,-2.0
-6.0,-6.0,-2.0
-6.0,-6.0,-2.0
-6.0,-6.0,-2.0
-6.0,-6.0,-2.0
-6.0,-6.0,-2.0
-6.0,-6.0,-2.0
-6.0,-6.0,-2.0
-6.0,-6.0,-2.0
-6.0,-6.0,-2.0
-6.0,-6.0,-2.0
-6.0,-6.0,-2.0
-6.0,-6.0,-2.0
-6.0,-6.0,-2.0
-6.0,-6.0,-2.0
-6.0,-6.0,-2.0
-6.0,-6.0,-2.0
-6.0,-6.0,-2.0
-6.0,-6.0,-2.0
-6.0,-6.0,-2.0
-6.0,-6.0,-2.0
-6.0,-6.0,-2.0
-6.0,-6.0,-2.0
-6.0,-6.0,-2.0
-6.0,-6.0,-2.0
-6.0,-6.0,-2.0
-6.0,-6.0,-2.0
-6.0,-6.0,-2.0
-6.0,-6.0,-2.0
-6.0,-6.0,-2.0
-6.0,-6.0,-2.0
-6.0,-6.0,-2.0
-6.0,-6.0,-2.0
-6.0,-6.0,-2.0
-6.0,-6.0,-2.0
-6.0,-6.0,-2.0
-6.0,-6.0,-2.0
-6.0,-6.0,-2.0
-6.0,-6.0,-2.0
-6.0,-6.0,-2.0
-6.0,-6.0,-2.0
-6.0,-6.0,-2.0
-6.0,-6.0,-2.0
-6.0,-6.0,-2.0
-6.0,-6.0,-2.0
-6.0,-6.0,-2.0
-6.0,-6.0,-2.0
-6.0,-6.0,-2.0
-6.0,-6.0,-2.0
-6.0,-6.0,-2.0
-6.0,-6.0,-2.0
-6.0,-6.0,-2.0
-6.0,-6.0,-2.0
-6.0,-6.0,-2.0
-6.0,-6.0,-2.0
-6.0,-6.0,-2.0
-6.0,-6.0,-2.0
-6.0,-6.0,-2.0
-6.0,-6.0,-2.0
-6.0,-6.0,-2.0
-6.0,-6.0,-2.0
-6.0,-6.0,-2.0
-6.0,-6.0,-2.0
-6.0,-6.0,-2.0
-6.0,-6.0,-2.0
-6.0,-6.0,-2.0
-6.0,-6.0,-2.0
-6.0,-6.0,-2.0
-6.0,-6.0,-2.0
-6.0,-6.0,-2.0
-6.0,-6.0,-2.0
-6.0,-6.0,-2.0
-6.0,-6.0,-2.0
-6.0,-6.0,-2.0
-6.0,-6.0,-2.0
-6.0,-6.0,-2.0
-6.0,-6.0,-2.0
-6.0,-6.0,-2.0
-6.0,-6.0,-2.0
-6.0,-6.0,-2.0
-6.0,-6.0,-2.0
-6.0,-6.0,-2.0
-6.0,-6.0,-2.0
-6.0,-6.0,-2.0
-6.0,-6.0,-2.0
-6.0,-6.0,-2.0
-6.0,-6.0,-2.0
-6.0,-6.0,-2.0
-6.0,-6.0,-2.0
-6.0,-6.0,-2.0
-6.0,-6.0,-2.0
-6.0,-6.0,-2.0
-6.0,-6.0,-2.0
-6.0,-6.0,-2.0
-6.0,-6.0,-2.0
-6.0,-6.0,-2.0
-6.0,-6.0,-2.0
-6.0,-6.0,-2.0
-6.0,-6.0,-2.0
-6.0,-6.0,-2.0
-6.0,-6.0,-2.0
-6.0,-6.0,-2.0
-6.0,-6.0,-2.0
-6.0,-6.0,-2.0
-6.0,-6.0,-2.0
-6.0,-6.0,-2.0
-6.0,-6.0,-2.0
-6.0,-6.0,-2.0
-6.0,-6.0,-2.0
-6.0,-6.0,-2.0
-6.0,-6.0,-2.0
-6.0,-6.0,-2.0
-6.0,-6.0,-2.0
-6.0,-6.0,-2.0
-6.0,-6.0,-2.0
-6.0,-6.0,-2.0
-6.0,-6.0,-2.0
-6.0,-6.0,-2.0
-6.0,-6.0,-2.0
-6.0,-6.0,-2.0
-6.0,-6.0,-2.0
-6.0,-6.0,-2.0
-6.0,-6.0,-2.0
-6.0,-6.0,-2.0
-6.0,-6.0,-2.0
-6.0,-6.0,-2.0
-6.0,-6.0,-2.0
-6.0,-6.0,-2.0
-6.0,-6.0,-2.0
-6.0,-6.0,-2.0
-6.0,-6.0,-2.0
-6.0,-6.0,-2.0
-6.0,-6.0,-2.0
-6.0,-6.0,-2.0
-6.0,-6.0,-2.0
-6.0,-6.0,-2.0
-6.0,-6.0,-2.0
-6.0,-6.0,-2.0
-6.0,-6.0,-2.0
-6.0,-6.0,-2.0
-6.0,-6.0,-2.0
-6.0,-6.0,-2.0
-6.0,-6.0,-2.0
-6.0,-6.0,-2.0
-6.0,-6.0,-2.0
-6.0,-6.0,-2.0
-6.0,-6.0,-2.0
-6.0,-6.0,-2.0
-6.0,-6.0,-2.0
-6.0,-6.0,-2.0
-6.0,-6.0,-2.0
-6.0,-6.0,-2.0
-6.0,-6.0,-2.0
-6.0,-6.0,-2.0
-6.0,-6.0,-2.0
-6.0,-6.0,-2.0
-6.0,-6.0,-2.0
-6.0,-6.0,-2.0
-6.0,-6.0,-2.0
-6.0,-6.0,-2.0
-6.0,-6.0,-2.0
-6.0,-6.0,-2.0
-6.0,-6.0,-2.0
-6.0,-6.0,-2.0
-6.0,-6.0,-2.0
-6.0,-6.0,-2.0
-6.0,-6.0,-2.0
-6.0,-6.0,-2.0
-6.0,-6.0,-2.0
-6.0,-6.0,-2.0
-6.0,-6.0,-2.0
-6.0,-6.0,-2.0
-6.0,-6.0,-2.0
-6.0,-6.0,-2.0
-6.0,-6.0,-2.0
-6.0,-6.0,-2.0
-6.0,-6.0,-2.0
-6.0,-6.0,-2.0
-6.0,-6.0,-2.0
-6.0,-6.0,-2.0
-6.0,-6.0,-2.0
-6.0,-6.0,-2.0
-6.0,-6.0,-2.0
-6.0,-6.0,-2.0
-6.0,-6.0,-2.0
-6.0,-6.0,-2.0
-6.0,-6.0,-2.0
-6.0,-6.0,-2.0
-6.0,-6.0,-2.0
-6.0,-6.0,-2.0
-6.0,-6.0,-2.0
-6.0,-6.0,-2.0
-6.0,-6.0,-2.0
-6.0,-6.0,-2.0
-6.0,-6.0,-2.0
-6.0,-6.0,-2.0
-6.0,-6.0,-2.0
-6.0,-6.0,-2.0
-6.0,-6.0,-2.0
-6.0,-6.0,-2.0
-6.0,-6.0,-2.0
-6.0,-6.0,-2.0
-6.0,-6.0,-2.0
-6.0,-6.0,-2.0
-6.0,-6.0,-2.0
-6.0,-6.0,-2.0
-6.0,-6.0,-2.0
-6.0,-6.0,-2.0
-6.0,-6.0,-2.0
-6.0,-6.0,-2.0
-6.0,-6.0,-2.0
-6.0,-6.0,-2.0
-6.0,-6.0,-2.0
-6.0,-6.0,-2.0
-6.0,-6.0,-2.0
-6.0,-6.0,-2.0
-6.0,-6.0,-2.0
-6.0,-6.0,-2.0
-6.0,-6.0,-2.0
-6.0,-6.0,-2.0
-6.0,-6.0,-2.0
-6.0,-6.0,-2.0
-6.0,-6.0,-2.0
-6.0,-6.0,-2.0
-6.0,-6.0,-2.0
-6.0,-6.0,-2.0
-6.0,-6.0,-2.0
-6.0,-6.0,-2.0
-6.0,-6.0,-2.0
-6.0,-6.0,-2.0
-6.0,-6.0,-2.0
-6.0,-6.0,-2.0
-6.0,-6.0,-2.0
-6.0,-6.0,-2.0
-6.0,-6.0,-2.0
-6.0,-6.0,-2.0
-6.0,-6.0,-2.0
-6.0,-6.0,-2.0
-6.0,-6.0,-2.0
-6.0,-6.0,-2.0
-6.0,-6.0,-2.0
-6.0,-6.0,-2.0
-6.0,-6.0,-2.0
-6.0,-6.0,-2.0
-6.0,-6.0,-2.0
-6.0,-6.0,-2.0
-6.0,-6.0,-2.0
-6.0,-6.0,-2.0
-6.0,-6.0,-2.0
-6.0,-6.0,-2.0
-6.0,-6.0,-2.0
-6.0,-6.0,-2.0
-6.0,-6.0,-2.0
-6.0,-6.0,-2.0
-6.0,-6.0,-2.0
-6.0,-6.0,-2.0
-6.0,-6.0,-2.0
-6.0,-6.0,-2.0
-6.0,-6.0,-2.0
-6.0,-6.0,-2.0
-6.0,-6.0,-2.0
-6.0,-6.0,-2.0
-6.0,-6.0,-2.0
-6.0,-6.0,-2.0
-6.0,-6.0,-2.0
-6.0,-6.0,-2.0
-6.0,-6.0,-2.0
-6.0,-6.0,-2.0
-6.0,-6.0,-2.0
-6.0,-6.0,-2.0
-6.0,-6.0,-2.0
-6.0,-6.0,-2.0
-6.0,-6.0,-2.0
-6.0,-6.0,-2.0
-6.0,-6.0,-2.0
-6.0,-6.0,-2.0
-6.0,-6.0,-2.0
-6.0,-6.0,-2.0
-6.0,-6.0,-2.0
-6.0,-6.0,-2.0
-6.0,-6.0,-2.0
-6.0,-6.0,-2.0
-6.0,-6.0,-2.0
-6.0,-6.0,-2.0
-6.0,-6.0,-2.0
-6.0,-6.0,-2.0
-6.0,-6.0,-2.0
-6.0,-6.0,-2.0
-6.0,-6.0,-2.0
-6.0,-6.0,-2.0
-6.0,-6.0,-2.0
-6.0,-6.0,-2.0
-6.0,-6.0,-2.0
-6.0,-6.0,-2.0
-6.0,-6.0,-2.0
-6.0,-6.0,-2.0
-6.0,-6.0,-2.0
-6.0,-6.0,-2.0
-6.0,-6.0,-2.0
-6.0,-6.0,-2.0
-6.0,-6.0,-2.0
-6.0,-6.0,-2.0
-6.0,-6.0,-2.0
-6.0,-6.0,-2.0
-6.0,-6.0,-2.0
-6.0,-6.0,-2.0
-6.0,-6.0,-2.0
-6.0,-6.0,-2.0
-6.0,-6.0,-2.0
-6.0,-6.0,-2.0
-6.0,-6.0,-2.0
-6.0,-6.0,-2.0
-6.0,-6.0,-2.0
-6.0,-6.0,-2.0
-6.0,-6.0,-2.0
-6.0,-6.0,-2.0
-6.0,-6.0,-2.0
-6.0,-6.0,-2.0
-6.0,-6.0,-2.0
-6.0,-6.0,-2.0
-6.0,-6.0,-2.0
-6.0,-6.0,-2.0
-6.0,-6.0,-2.0
-6.0,-6.0,-2.0
-6.0,-6.0,-2.0
-6.0,-6.0,-2.0
-6.0,-6.0,-2.0
-6.0,-6.0,-2.0
-6.0,-6.0,-2.0
-6.0,-6.0,-2.0
-6.0,-6.0,-2.0
-6.0,-6.0,-2.0
-6.0,-6.0,-2.0
-6.0,-6.0,-2.0
-6.0,-6.0,-2.0
-6.0,-6.0,-2.0
-6.0,-6.0,-2.0
-6.0,-6.0,-2.0
-6.0,-6.0,-2.0
-6.0,-6.0,-2.0
-6.0,-6.0,-2.0
-6.0,-6.0,-2.0
-6.0,-6.0,-2.0
-6.0,-6.0,-2.0
-6.0,-6.0,-2.0
-6.0,-6.0,-2.0
-6.0,-6.0,-2.0
-6.0,-6.0,-2.0
-6.0,-6.0,-2.0
-6.0,-6.0,-2.0
-6.0,-6.0,-2.0
-6.0,-6.0,-2.0
-6.0,-6.0,-2.0
-6.0,-6.0,-2.0
-6.0,-6.0,-2.0
-6.0,-6.0,-2.0
-6.0,-6.0,-2.0
-6.0,-6.0,-2.0
-6.0,-6.0,-2.0
-6.0,-6.0,-2.0
-6.0,-6.0,-2.0
-6.0,-6.0,-2.0
-6.0,-6.0,-2.0
-6.0,-6.0,-2.0
-6.0,-6.0,-2.0
-6.0,-6.0,-2.0
-6.0,-6.0,-2.0
-6.0,-6.0,-2.0
-6.0,-6.0,-2.0
-6.0,-6.0,-2.0
-6.0,-6.0,-2.0
-6.0,-6.0,-2.0
-6.0,-6.0,-2.0
-6.0,-6.0,-2.0
-6.0,-6.0,-2.0
-6.0,-6.0,-2.0
-6.0,-6.0,-2.0
-6.0,-6.0,-2.0
-6.0,-6.0,-2.0
-6.0,-6.0,-2.0
-6.0,-6.0,-2.0
-6.0,-6.0,-2.0
-6.0,-6.0,-2.0
-6.0,-6.0,-2.0
-6.0,-6.0,-2.0
-6.0,-6.0,-2.0
-6.0,-6.0,-2.0
-6.0,-6.0,-2.0
-6.0,-6.0,-2.0
-6.0,-6.0,-2.0
-6.0,-6.0,-2.0
-6.0,-6.0,-2.0
-6.0,-6.0,-2.0
-6.0,-6.0,-2.0
-6.0,-6.0,-2.0
-6.0,-6.0,-2.0
-6.0,-6.0,-2.0
-6.0,-6.0,-2.0
-6.0,-6.0,-2.0
-6.0,-6.0,-2.0
-6.0,-6.0,-2.0
-6.0,-6.0,-2.0
-6.0,-6.0,-2.0
-6.0,-6.0,-2.0
-6.0,-6.0,-2.0
-6.0,-6.0,-2.0
-6.0,-6.0,-2.0
-6.0,-6.0,-2.0
-6.0,-6.0,-2.0
-6.0,-6.0,-2.0
-6.0,-6.0,-2.0
-6.0,-6.0,-2.0
-6.0,-6.0,-2.0
-6.0,-6.0,-2.0
-6.0,-6.0,-2.0
-6.0,-6.0,-2.0
-6.0,-6.0,-2.0
-6.0,-6.0,-2.0
-6.0,-6.0,-2.0
-6.0,-6.0,-2.0
-6.0,-6.0,-2.0
-6.0,-6.0,-2.0
-6.0,-6.0,-2.0
-6.0,-6.0,-2.0
-6.0,-6.0,-2.0
-6.0,-6.0,-2.0
-6.0,-6.0,-2.0
-6.0,-6.0,-2.0
-6.0,-6.0,-2.0
-6.0,-6.0,-2.0
-6.0,-6.0,-2.0
-6.0,-6.0,-2.0
-6.0,-6.0,-2.0
-6.0,-6.0,-2.0
-6.0,-6.0,-2.0
-6.0,-6.0,-2.0
-6.0,-6.0,-2.0
-6.0,-6.0,-2.0
-6.0,-6.0,-2.0
-6.0,-6.0,-2.0
-6.0,-6.0,-2.0
-6.0,-6.0,-2.0
-6.0,-6.0,-2.0
-6.0,-6.0,-2.0
-6.0,-6.0,-2.0
-6.0,-6.0,-2.0
-6.0,-6.0,-2.0
-6.0,-6.0,-2.0
-6.0,-6.0,-2.0
-6.0,-6.0,-2.0
-6.0,-6.0,-2.0
-6.0,-6.0,-2.0
-6.0,-6.0,-2.0
-6.0,-6.0,-2.0
-6.0,-6.0,-2.0
-6.0,-6.0,-2.0
-6.0,-6.0,-2.0
-6.0,-6.0,-2.0
-6.0,-6.0,-2.0
-6.0,-6.0,-2.0
-6.0,-6.0,-2.0
-6.0,-6.0,-2.0
-6.0,-6.0,-2.0
-6.0,-6.0,-2.0
-6.0,-6.0,-2.0
-6.0,-6.0,-2.0
-6.0,-6.0,-2.0
-6.0,-6.0,-2.0
-6.0,-6.0,-2.0
-6.0,-6.0,-2.0
-6.0,-6.0,-2.0
-6.0,-6.0,-2.0
-6.0,-6.0,-2.0
-6.0,-6.0,-2.0
-6.0,-6.0,-2.0
-6.0,-6.0,-2.0
-6.0,-6.0,-2.0
-6.0,-6.0,-2.0
-6.0,-6.0,-2.0
-6.0,-6.0,-2.0
-6.0,-6.0,-2.0
-6.0,-6.0,-2.0
-6.0,-6.0,-2.0
-6.0,-6.0,-2.0
-6.0,-6.0,-2.0
-6.0,-6.0,-2.0
-6.0,-6.0,-2.0
-6.0,-6.0,-2.0
-6.0,-6.0,-2.0
-6.0,-6.0,-2.0
-6.0,-6.0,-2.0
-6.0,-6.0,-2.0
-6.0,-6.0,-2.0
-6.0,-6.0,-2.0
-6.0,-6.0,-2.0
-6.0,-6.0,-2.0
-6.0,-6.0,-2.0
-6.0,-6.0,-2.0
-6.0,-6.0,-2.0
-6.0,-6.0,-2.0
-6.0,-6.0,-2.0
-6.0,-6.0,-2.0
-6.0,-6.0,-2.0
-6.0,-6.0,-2.0
-6.0,-6.0,-2.0
-6.0,-6.0,-2.0
-6.0,-6.0,-2.0
-6.0,-6.0,-2.0
-6.0,-6.0,-2.0
-6.0,-6.0,-2.0
-6.0,-6.0,-2.0
-6.0,-6.0,-2.0
-6.0,-6.0,-2.0
-6.0,-6.0,-2.0
-6.0,-6.0,-2.0
-6.0,-6.0,-2.0
-6.0,-6.0,-2.0
-6.0,-6.0,-2.0
-6.0,-6.0,-2.0
-6.0,-6.0,-2.0
-6.0,-6.0,-2.0
-6.0,-6.0,-2.0
-6.0,-6.0,-2.0
-6.0,-6.0,-2.0
-6.0,-6.0,-2.0
-6.0,-6.0,-2.0
-6.0,-6.0,-2.0
-6.0,-6.0,-2.0
-6.0,-6.0,-2.0
-6.0,-6.0,-2.0
-6.0,-6.0,-2.0
-6.0,-6.0,-2.0
-6.0,-6.0,-2.0
-6.0,-6.0,-2.0
-6.0,-6.0,-2.0
-6.0,-6.0,-2.0
-6.0,-6.0,-2.0
-6.0,-6.0,-2.0
-6.0,-6.0,-2.0
-6.0,-6.0,-2.0
-6.0,-6.0,-2.0
-6.0,-6.0,-2.0
-6.0,-6.0,-2.0
-6.0,-6.0,-2.0
-6.0,-6.0,-2.0
-6.0,-6.0,-2.0
-6.0,-6.0,-2.0
-6.0,-6.0,-2.0
-6.0,-6.0,-2.0
-6.0,-6.0,-2.0
-6.0,-6.0,-2.0
-6.0,-6.0,-2.0
-6.0,-6.0,-2.0
-6.0,-6.0,-2.0
-6.0,-6.0,-2.0
-6.0,-6.0,-2.0
-6.0,-6.0,-2.0
-6.0,-6.0,-2.0
-6.0,-6.0,-2.0
-6.0,-6.0,-2.0
-6.0,-6.0,-2.0
-6.0,-6.0,-2.0
-6.0,-6.0,-2.0
-6.0,-6.0,-2.0
-6.0,-6.0,-2.0
-6.0,-6.0,-2.0
-6.0,-6.0,-2.0
-6.0,-6.0,-2.0
-6.0,-6.0,-2.0
-6.0,-6.0,-2.0
-6.0,-6.0,-2.0
-6.0,-6.0,-2.0
-6.0,-6.0,-2.0
-6.0,-6.0,-2.0
-6.0,-6.0,-2.0
-6.0,-6.0,-2.0
-6.0,-6.0,-2.0
-6.0,-6.0,-2.0
-6.0,-6.0,-2.0
-6.0,-6.0,-2.0
-6.0,-6.0,-2.0
-6.0,-6.0,-2.0
-6.0,-6.0,-2.0
-6.0,-6.0,-2.0
-6.0,-6.0,-2.0
-6.0,-6.0,-2.0
-6.0,-6.0,-2.0
-6.0,-6.0,-2.0
-6.0,-6.0,-2.0
-6.0,-6.0,-2.0
-6.0,-6.0,-2.0
-6.0,-6.0,-2.0
-6.0,-6.0,-2.0
-6.0,-6.0,-2.0
-6.0,-6.0,-2.0
-6.0,-6.0,-2.0
-6.0,-6.0,-2.0
-6.0,-6.0,-2.0
-6.0,-6.0,-2.0
-6.0,-6.0,-2.0
-6.0,-6.0,-2.0
-6.0,-6.0,-2.0
-6.0,-6.0,-2.0
-6.0,-6.0,-2.0
-6.0,-6.0,-2.0
-6.0,-6.0,-2.0
-6.0,-6.0,-2.0
-6.0,-6.0,-2.0
-6.0,-6.0,-2.0
-6.0,-6.0,-2.0
-6.0,-6.0,-2.0
-6.0,-6.0,-2.0
-6.0,-6.0,-2.0
-6.0,-6.0,-2.0
-6.0,-6.0,-2.0
-6.0,-6.0,-2.0
-6.0,-6.0,-2.0
-6.0,-6.0,-2.0
-6.0,-6.0,-2.0
-6.0,-6.0,-2.0
-6.0,-6.0,-2.0
-6.0,-6.0,-2.0
-6.0,-6.0,-2.0
-6.0,-6.0,-2.0
-6.0,-6.0,-2.0
-6.0,-6.0,-2.0
-6.0,-6.0,-2.0
-6.0,-6.0,-2.0
-6.0,-6.0,-2.0
-6.0,-6.0,-2.0
-6.0,-6.0,-2.0
-6.0,-6.0,-2.0
-6.0,-6.0,-2.0
-6.0,-6.0,-2.0
-6.0,-6.0,-2.0
-6.0,-6.0,-2.0
-6.0,-6.0,-2.0
-6.0,-6.0,-2.0
-6.0,-6.0,-2.0
-6.0,-6.0,-2.0
-6.0,-6.0,-2.0
-6.0,-6.0,-2.0
-6.0,-6.0,-2.0
-6.0,-6.0,-2.0
-6.0,-6.0,-2.0
-6.0,-6.0,-2.0
-6.0,-6.0,-2.0
-6.0,-6.0,-2.0
-6.0,-6.0,-2.0
-6.0,-6.0,-2.0
-6.0,-6.0,-2.0
-6.0,-6.0,-2.0
-6.0,-6.0,-2.0
-6.0,-6.0,-2.0
-6.0,-6.0,-2.0
-6.0,-6.0,-2.0
-6.0,-6.0,-2.0
-6.0,-6.0,-2.0
-6.0,-6.0,-2.0
-6.0,-6.0,-2.0
-6.0,-6.0,-2.0
-6.0,-6.0,-2.0
-6.0,-6.0,-2.0
-6.0,-6.0,-2.0
-6.0,-6.0,-2.0
-6.0,-6.0,-2.0
-6.0,-6.0,-2.0
-6.0,-6.0,-2.0
-6.0,-6.0,-2.0
-6.0,-6.0,-2.0
-6.0,-6.0,-2.0
-6.0,-6.0,-2.0
-6.0,-6.0,-2.0
-6.0,-6.0,-2.0
-6.0,-6.0,-2.0
-6.0,-6.0,-2.0
-6.0,-6.0,-2.0
-6.0,-6.0,-2.0
-6.0,-6.0,-2.0
-6.0,-6.0,-2.0
-6.0,-6.0,-2.0
-6.0,-6.0,-2.0
-6.0,-6.0,-2.0
-6.0,-6.0,-2.0
-6.0,-6.0,-2.0
-6.0,-6.0,-2.0
-6.0,-6.0,-2.0
-6.0,-6.0,-2.0
-6.0,-6.0,-2.0
-6.0,-6.0,-2.0
-6.0,-6.0,-2.0
-6.0,-6.0,-2.0
-6.0,-6.0,-2.0
-6.0,-6.0,-2.0
-6.0,-6.0,-2.0
-6.0,-6.0,-2.0
-6.0,-6.0,-2.0
-6.0,-6.0,-2.0
-6.0,-6.0,-2.0
-6.0,-6.0,-2.0
-6.0,-6.0,-2.0
-6.0,-6.0,-2.0
-6.0,-6.0,-2.0
-6.0,-6.0,-2.0
-6.0,-6.0,-2.0
-6.0,-6.0,-2.0
-6.0,-6.0,-2.0
-6.0,-6.0,-2.0
-6.0,-6.0,-2.0
-6.0,-6.0,-2.0
-6.0,-6.0,-2.0
-6.0,-6.0,-2.0
-6.0,-6.0,-2.0
-6.0,-6.0,-2.0
-6.0,-6.0,-2.0
-6.0,-6.0,-2.0
-6.0,-6.0,-2.0
-6.0,-6.0,-2.0
-6.0,-6.0,-2.0
-6.0,-6.0,-2.0
-6.0,-6.0,-2.0
-6.0,-6.0,-2.0
-6.0,-6.0,-2.0
-6.0,-6.0,-2.0
-6.0,-6.0,-2.0
-6.0,-6.0,-2.0
-6.0,-6.0,-2.0
-6.0,-6.0,-2.0
-6.0,-6.0,-2.0
-6.0,-6.0,-2.0
-6.0,-6.0,-2.0
-6.0,-6.0,-2.0
-6.0,-6.0,-2.0
-6.0,-6.0,-2.0
-6.0,-6.0,-2.0
-6.0,-6.0,-2.0
-6.0,-6.0,-2.0
-6.0,-6.0,-2.0
-6.0,-6.0,-2.0
-6.0,-6.0,-2.0
-6.0,-6.0,-2.0
-6.0,-6.0,-2.0
-6.0,-6.0,-2.0
-6.0,-6.0,-2.0
-6.0,-6.0,-2.0
-6.0,-6.0,-2.0
-6.0,-6.0,-2.0
-6.0,-6.0,-2.0
-6.0,-6.0,-2.0
-6.0,-6.0,-2.0
-6.0,-6.0,-2.0
-6.0,-6.0,-2.0
-6.0,-6.0,-2.0
-6.0,-6.0,-2.0
-6.0,-6.0,-2.0
-6.0,-6.0,-2.0
-6.0,-6.0,-2.0
-6.0,-6.0,-2.0
-6.0,-6.0,-2.0
-6.0,-6.0,-2.0
-6.0,-6.0,-2.0
-6.0,-6.0,-2.0
-6.0,-6.0,-2.0
-6.0,-6.0,-2.0
-6.0,-6.0,-2.0
-6.0,-6.0,-2.0
-6.0,-6.0,-2.0
-6.0,-6.0,-2.0
-6.0,-6.0,-2.0
-6.0,-6.0,-2.0
-6.0,-6.0,-2.0
-6.0,-6.0,-2.0
-6.0,-6.0,-2.0
-6.0,-6.0,-2.0
-6.0,-6.0,-2.0
-6.0,-6.0,-2.0
-6.0,-6.0,-2.0
-6.0,-6.0,-2.0
-6.0,-6.0,-2.0
-6.0,-6.0,-2.0
-6.0,-6.0,-2.0
-6.0,-6.0,-2.0
-6.0,-6.0,-2.0
-6.0,-6.0,-2.0
-6.0,-6.0,-2.0
-6.0,-6.0,-2.0
-6.0,-6.0,-2.0
-6.0,-6.0,-2.0
-6.0,-6.0,-2.0
-6.0,-6.0,-2.0
-6.0,-6.0,-2.0
-6.0,-6.0,-2.0
-6.0,-6.0,-2.0
-6.0,-6.0,-2.0
-6.0,-6.0,-2.0
-6.0,-6.0,-2.0
-6.0,-6.0,-2.0
-6.0,-6.0,-2.0
-6.0,-6.0,-2.0
-6.0,-6.0,-2.0
-6.0,-6.0,-2.0
-6.0,-6.0,-2.0
-6.0,-6.0,-2.0
-6.0,-6.0,-2.0
-6.0,-6.0,-2.0
-6.0,-6.0,-2.0
-6.0,-6.0,-2.0
-6.0,-6.0,-2.0
-6.0,-6.0,-2.0
-6.0,-6.0,-2.0
-6.0,-6.0,-2.0
-6.0,-6.0,-2.0
-6.0,-6.0,-2.0
-6.0,-6.0,-2.0
-6.0,-6.0,-2.0
-6.0,-6.0,-2.0
-6.0,-6.0,-2.0
-6.0,-6.0,-2.0
-6.0,-6.0,-2.0
-6.0,-6.0,-2.0
-6.0,-6.0,-2.0
-6.0,-6.0,-2.0
-6.0,-6.0,-2.0
-6.0,-6.0,-2.0
-6.0,-6.0,-2.0
-6.0,-6.0,-2.0
-6.0,-6.0,-2.0
-6.0,-6.0,-2.0
-6.0,-6.0,-2.0
-6.0,-6.0,-2.0
-6.0,-6.0,-2.0
-6.0,-6.0,-2.0
-6.0,-6.0,-2.0
-6.0,-6.0,-2.0
-6.0,-6.0,-2.0
-6.0,-6.0,-2.0
-6.0,-6.0,-2.0
-6.0,-6.0,-2.0
-6.0,-6.0,-2.0
-6.0,-6.0,-2.0
-6.0,-6.0,-2.0
-6.0,-6.0,-2.0
-6.0,-6.0,-2.0
-6.0,-6.0,-2.0
-6.0,-6.0,-2.0
-6.0,-6.0,-2.0
-6.0,-6.0,-2.0
-6.0,-6.0,-2.0
-6.0,-6.0,-2.0
-6.0,-6.0,-2.0
-6.0,-6.0,-2.0
-6.0,-6.0,-2.0
-6.0,-6.0,-2.0
-6.0,-6.0,-2.0
-6.0,-6.0,-2.0
-6.0,-6.0,-2.0
-6.0,-6.0,-2.0
-6.0,-6.0,-2.0
-6.0,-6.0,-2.0
-6.0,-6.0,-2.0
-6.0,-6.0,-2.0
-6.0,-6.0,-2.0
-6.0,-6.0,-2.0
-6.0,-6.0,-2.0
-6.0,-6.0,-2.0
-6.0,-6.0,-2.0
-6.0,-6.0,-2.0
-6.0,-6.0,-2.0
-6.0,-6.0,-2.0
-6.0,-6.0,-2.0
-6.0,-6.0,-2.0
-6.0,-6.0,-2.0
-6.0,-6.0,-2.0
-6.0,-6.0,-2.0
-6.0,-6.0,-2.0
-6.0,-6.0,-2.0
-6.0,-6.0,-2.0
-6.0,-6.0,-2.0
-6.0,-6.0,-2.0
-6.0,-6.0,-2.0
-6.0,-6.0,-2.0
-6.0,-6.0,-2.0
-6.0,-6.0,-2.0
-6.0,-6.0,-2.0
-6.0,-6.0,-2.0
-6.0,-6.0,-2.0
-6.0,-6.0,-2.0
-6.0,-6.0,-2.0
-6.0,-6.0,-2.0
-6.0,-6.0,-2.0
-6.0,-6.0,-2.0
-6.0,-6.0,-2.0
-6.0,-6.0,-2.0
-6.0,-6.0,-2.0
-6.0,-6.0,-2.0
-6.0,-6.0,-2.0
-6.0,-6.0,-2.0
-6.0,-6.0,-2.0
-6.0,-6.0,-2.0
-6.0,-6.0,-2.0
-6.0,-6.0,-2.0
-6.0,-6.0,-2.0
-6.0,-6.0,-2.0
-6.0,-6.0,-2.0
-6.0,-6.0,-2.0
-6.0,-6.0,-2.0
-6.0,-6.0,-2.0
-6.0,-6.0,-2.0
-6.0,-6.0,-2.0
-6.0,-6.0,-2.0
-6.0,-6.0,-2.0
-6.0,-6.0,-2.0
-6.0,-6.0,-2.0
-6.0,-6.0,-2.0
-6.0,-6.0,-2.0
-6.0,-6.0,-2.0
-6.0,-6.0,-2.0
-6.0,-6.0,-2.0
-6.0,-6.0,-2.0
-6.0,-6.0,-2.0
-6.0,-6.0,-2.0
-6.0,-6.0,-2.0
-6.0,-6.0,-2.0
-6.0,-6.0,-2.0
-6.0,-6.0,-2.0
-6.0,-6.0,-2.0
-6.0,-6.0,-2.0
-6.0,-6.0,-2.0
-6.0,-6.0,-2.0
-6.0,-6.0,-2.0
-6.0,-6.0,-2.0
-6.0,-6.0,-2.0
-6.0,-6.0,-2.0
-6.0,-6.0,-2.0
-6.0,-6.0,-2.0
-6.0,-6.0,-2.0
-6.0,-6.0,-2.0
-6.0,-6.0,-2.0
-6.0,-6.0,-2.0
-6.0,-6.0,-2.0
-6.0,-6.0,-2.0
-6.0,-6.0,-2.0
-6.0,-6.0,-2.0
-6.0,-6.0,-2.0
-6.0,-6.0,-2.0
-6.0,-6.0,-2.0
-6.0,-6.0,-2.0
-6.0,-6.0,-2.0
-6.0,-6.0,-2.0
-6.0,-6.0,-2.0
-6.0,-6.0,-2.0
-6.0,-6.0,-2.0
-6.0,-6.0,-2.0
-6.0,-6.0,-2.0
-6.0,-6.0,-2.0
-6.0,-6.0,-2.0
-6.0,-6.0,-2.0
-6.0,-6.0,-2.0
-6.0,-6.0,-2.0
-6.0,-6.0,-2.0
-6.0,-6.0,-2.0
-6.0,-6.0,-2.0
-6.0,-6.0,-2.0
-6.0,-6.0,-2.0
-6.0,-6.0,-2.0
-6.0,-6.0,-2.0
-6.0,-6.0,-2.0
-6.0,-6.0,-2.0
-6.0,-6.0,-2.0
-6.0,-6.0,-2.0
-6.0,-6.0,-2.0
-6.0,-6.0,-2.0
-6.0,-6.0,-2.0
-6.0,-6.0,-2.0
-6.0,-6.0,-2.0
-6.0,-6.0,-2.0
-6.0,-6.0,-2.0
-6.0,-6.0,-2.0
-6.0,-6.0,-2.0
-6.0,-6.0,-2.0
-6.0,-6.0,-2.0
-6.0,-6.0,-2.0
-6.0,-6.0,-2.0
-6.0,-6.0,-2.0
-6.0,-6.0,-2.0
-6.0,-6.0,-2.0
-6.0,-6.0,-2.0
-6.0,-6.0,-2.0
-6.0,-6.0,-2.0
-6.0,-6.0,-2.0
-6.0,-6.0,-2.0
-6.0,-6.0,-2.0
-6.0,-6.0,-2.0
-6.0,-6.0,-2.0
-6.0,-6.0,-2.0
-6.0,-6.0,-2.0
-6.0,-6.0,-2.0
-6.0,-6.0,-2.0
-6.0,-6.0,-2.0
-6.0,-6.0,-2.0
-6.0,-6.0,-2.0
-6.0,-6.0,-2.0
-6.0,-6.0,-2.0
-6.0,-6.0,-2.0
-6.0,-6.0,-2.0
-6.0,-6.0,-2.0
-6.0,-6.0,-2.0
-6.0,-6.0,-2.0
-6.0,-6.0,-2.0
-6.0,-6.0,-2.0
-6.0,-6.0,-2.0
-6.0,-6.0,-2.0
-6.0,-6.0,-2.0
-6.0,-6.0,-2.0
-6.0,-6.0,-2.0
-6.0,-6.0,-2.0
-6.0,-6.0,-2.0
-6.0,-6.0,-2.0
-6.0,-6.0,-2.0
-6.0,-6.0,-2.0
-6.0,-6.0,-2.0
-6.0,-6.0,-2.0
-6.0,-6.0,-2.0
-6.0,-6.0,-2.0
-6.0,-6.0,-2.0
-6.0,-6.0,-2.0
-6.0,-6.0,-2.0
-6.0,-6.0,-2.0
-6.0,-6.0,-2.0
-6.0,-6.0,-2.0
-6.0,-6.0,-2.0
-6.0,-6.0,-2.0
-6.0,-6.0,-2.0
-6.0,-6.0,-2.0
-6.0,-6.0,-2.0
-6.0,-6.0,-2.0
-6.0,-6.0,-2.0
-6.0,-6.0,-2.0
-6.0,-6.0,-2.0
-6.0,-6.0,-2.0
-6.0,-6.0,-2.0
-6.0,-6.0,-2.0
-6.0,-6.0,-2.0
-6.0,-6.0,-2.0
-6.0,-6.0,-2.0
-6.0,-6.0,-2.0
-6.0,-6.0,-2.0
-6.0,-6.0,-2.0
-6.0,-6.0,-2.0
-6.0,-6.0,-2.0
-6.0,-6.0,-2.0
-6.0,-6.0,-2.0
-6.0,-6.0,-2.0
-6.0,-6.0,-2.0
-6.0,-6.0,-2.0
-6.0,-6.0,-2.0
-6.0,-6.0,-2.0
-6.0,-6.0,-2.0
-6.0,-6.0,-2.0
-6.0,-6.0,-2.0
-6.0,-6.0,-2.0
-6.0,-6.0,-2.0
-6.0,-6.0,-2.0
-6.0,-6.0,-2.0
-6.0,-6.0,-2.0
-6.0,-6.0,-2.0
-6.0,-6.0,-2.0
-6.0,-6.0,-2.0
-6.0,-6.0,-2.0
-6.0,-6.0,-2.0
-6.0,-6.0,-2.0
-6.0,-6.0,-2.0
-6.0,-6.0,-2.0
-6.0,-6.0,-2.0
-6.0,-6.0,-2.0
-6.0,-6.0,-2.0
-6.0,-6.0,-2.0
-6.0,-6.0,-2.0
-6.0,-6.0,-2.0
-6.0,-6.0,-2.0
-6.0,-6.0,-2.0
-6.0,-6.0,-2.0
-6.0,-6.0,-2.0
-6.0,-6.0,-2.0
-6.0,-6.0,-2.0
-6.0,-6.0,-2.0
-6.0,-6.0,-2.0
-6.0,-6.0,-2.0
-6.0,-6.0,-2.0
-6.0,-6.0,-2.0
-6.0,-6.0,-2.0
-6.0,-6.0,-2.0
-6.0,-6.0,-2.0
-6.0,-6.0,-2.0
-6.0,-6.0,-2.0
-6.0,-6.0,-2.0
-6.0,-6.0,-2.0
-6.0,-6.0,-2.0
-6.0,-6.0,-2.0
-6.0,-6.0,-2.0
-6.0,-6.0,-2.0
-6.0,-6.0,-2.0
-6.0,-6.0,-2.0
-6.0,-6.0,-2.0
-6.0,-6.0,-2.0
-6.0,-6.0,-2.0
-6.0,-6.0,-2.0
-6.0,-6.0,-2.0
-6.0,-6.0,-2.0
-6.0,-6.0,-2.0
-6.0,-6.0,-2.0
-6.0,-6.0,-2.0
-6.0,-6.0,-2.0
-6.0,-6.0,-2.0
-6.0,-6.0,-2.0
-6.0,-6.0,-2.0
-6.0,-6.0,-2.0
-6.0,-6.0,-2.0
-6.0,-6.0,-2.0
-6.0,-6.0,-2.0
-6.0,-6.0,-2.0
-6.0,-6.0,-2.0
-6.0,-6.0,-2.0
-6.0,-6.0,-2.0
-6.0,-6.0,-2.0
-6.0,-6.0,-2.0
-6.0,-6.0,-2.0
-6.0,-6.0,-2.0
-6.0,-6.0,-2.0
-6.0,-6.0,-2.0
-6.0,-6.0,-2.0
-6.0,-6.0,-2.0
-6.0,-6.0,-2.0
-6.0,-6.0,-2.0
-6.0,-6.0,-2.0
-6.0,-6.0,-2.0
-6.0,-6.0,-2.0
-6.0,-6.0,-2.0
-6.0,-6.0,-2.0
-6.0,-6.0,-2.0
-6.0,-6.0,-2.0
-6.0,-6.0,-2.0
-6.0,-6.0,-2.0
-6.0,-6.0,-2.0
-6.0,-6.0,-2.0
-6.0,-6.0,-2.0
-6.0,-6.0,-2.0
-6.0,-6.0,-2.0
-6.0,-6.0,-2.0
-6.0,-6.0,-2.0
-6.0,-6.0,-2.0
-6.0,-6.0,-2.0
-6.0,-6.0,-2.0
-6.0,-6.0,-2.0
-6.0,-6.0,-2.0
-6.0,-6.0,-2.0
-6.0,-6.0,-2.0
-6.0,-6.0,-2.0
-6.0,-6.0,-2.0
-6.0,-6.0,-2.0
-6.0,-6.0,-2.0
-6.0,-6.0,-2.0
-6.0,-6.0,-2.0
-6.0,-6.0,-2.0
-6.0,-6.0,-2.0
-6.0,-6.0,-2.0
-6.0,-6.0,-2.0
-6.0,-6.0,-2.0
-6.0,-6.0,-2.0
-6.0,-6.0,-2.0
-6.0,-6.0,-2.0
-6.0,-6.0,-2.0
-6.0,-6.0,-2.0
-6.0,-6.0,-2.0
-6.0,-6.0,-2.0
-6.0,-6.0,-2.0
-6.0,-6.0,-2.0
-6.0,-6.0,-2.0
-6.0,-6.0,-2.0
-6.0,-6.0,-2.0
-6.0,-6.0,-2.0
-6.0,-6.0,-2.0
-6.0,-6.0,-2.0
-6.0,-6.0,-2.0
-6.0,-6.0,-2.0
-6.0,-6.0,-2.0
-6.0,-6.0,-2.0
-6.0,-6.0,-2.0
-6.0,-6.0,-2.0
-6.0,-6.0,-2.0
-6.0,-6.0,-2.0
-6.0,-6.0,-2.0
-6.0,-6.0,-2.0
-6.0,-6.0,-2.0
-6.0,-6.0,-2.0
-6.0,-6.0,-2.0
-6.0,-6.0,-2.0
-6.0,-6.0,-2.0
-6.0,-6.0,-2.0
-6.0,-6.0,-2.0
-6.0,-6.0,-2.0
-6.0,-6.0,-2.0
-6.0,-6.0,-2.0
-6.0,-6.0,-2.0
-6.0,-6.0,-2.0
-6.0,-6.0,-2.0
-6.0,-6.0,-2.0
-6.0,-6.0,-2.0
-6.0,-6.0,-2.0
-6.0,-6.0,-2.0
-6.0,-6.0,-2.0
-6.0,-6.0,-2.0
-6.0,-6.0,-2.0
-6.0,-6.0,-2.0
-6.0,-6.0,-2.0
-6.0,-6.0,-2.0
-6.0,-6.0,-2.0
-6.0,-6.0,-2.0
-6.0,-6.0,-2.0
-6.0,-6.0,-2.0
-6.0,-6.0,-2.0
-6.0,-6.0,-2.0
-6.0,-6.0,-2.0
-6.0,-6.0,-2.0
-6.0,-6.0,-2.0
-6.0,-6.0,-2.0
-6.0,-6.0,-2.0
-6.0,-6.0,-2.0
-6.0,-6.0,-2.0
-6.0,-6.0,-2.0
-6.0,-6.0,-2.0
-6.0,-6.0,-2.0
-6.0,-6.0,-2.0
-6.0,-6.0,-2.0
-6.0,-6.0,-2.0
-6.0,-6.0,-2.0
-6.0,-6.0,-2.0
-6.0,-6.0,-2.0
-6.0,-6.0,-2.0
-6.0,-6.0,-2.0
-6.0,-6.0,-2.0
-6.0,-6.0,-2.0
-6.0,-6.0,-2.0
-6.0,-6.0,-2.0
-6.0,-6.0,-2.0
-6.0,-6.0,-2.0
-6.0,-6.0,-2.0
-6.0,-6.0,-2.0
-6.0,-6.0,-2.0
-6.0,-6.0,-2.0
-6.0,-6.0,-2.0
-6.0,-6.0,-2.0
-6.0,-6.0,-2.0
-6.0,-6.0,-2.0
-6.0,-6.0,-2.0
-6.0,-6.0,-2.0
-6.0,-6.0,-2.0
-6.0,-6.0,-2.0
-6.0,-6.0,-2.0
-6.0,-6.0,-2.0
-6.0,-6.0,-2.0
-6.0,-6.0,-2.0
-6.0,-6.0,-2.0
-6.0,-6.0,-2.0
-6.0,-6.0,-2.0
-6.0,-6.0,-2.0
-6.0,-6.0,-2.0
-6.0,-6.0,-2.0
-6.0,-6.0,-2.0
-6.0,-6.0,-2.0
-6.0,-6.0,-2.0
-6.0,-6.0,-2.0
-6.0,-6.0,-2.0
-6.0,-6.0,-2.0
-6.0,-6.0,-2.0
-6.0,-6.0,-2.0
-6.0,-6.0,-2.0
-6.0,-6.0,-2.0
-6.0,-6.0,-2.0
-6.0,-6.0,-2.0
-6.0,-6.0,-2.0
-6.0,-6.0,-2.0
-6.0,-6.0,-2.0
-6.0,-6.0,-2.0
-6.0,-6.0,-2.0
-6.0,-6.0,-2.0
-6.0,-6.0,-2.0
-6.0,-6.0,-2.0
-6.0,-6.0,-2.0
-6.0,-6.0,-2.0
-6.0,-6.0,-2.0
-6.0,-6.0,-2.0
-6.0,-6.0,-2.0
-6.0,-6.0,-2.0
-6.0,-6.0,-2.0
-6.0,-6.0,-2.0
-6.0,-6.0,-2.0
-6.0,-6.0,-2.0
-6.0,-6.0,-2.0
-6.0,-6.0,-2.0
-6.0,-6.0,-2.0
-6.0,-6.0,-2.0
-6.0,-6.0,-2.0
-6.0,-6.0,-2.0
-6.0,-6.0,-2.0
-6.0,-6.0,-2.0
-6.0,-6.0,-2.0
-6.0,-6.0,-2.0
-6.0,-6.0,-2.0
-6.0,-6.0,-2.0
-6.0,-6.0,-2.0
-6.0,-6.0,-2.0
-6.0,-6.0,-2.0
-6.0,-6.0,-2.0
-6.0,-6.0,-2.0
-6.0,-6.0,-2.0
-6.0,-6.0,-2.0
-6.0,-6.0,-2.0
-6.0,-6.0,-2.0
-6.0,-6.0,-2.0
-6.0,-6.0,-2.0
-6.0,-6.0,-2.0
-6.0,-6.0,-2.0
-6.0,-6.0,-2.0
-6.0,-6.0,-2.0
-6.0,-6.0,-2.0
-6.0,-6.0,-2.0
-6.0,-6.0,-2.0
-6.0,-6.0,-2.0
-6.0,-6.0,-2.0
-6.0,-6.0,-2.0
-6.0,-6.0,-2.0
-6.0,-6.0,-2.0
-6.0,-6.0,-2.0
-6.0,-6.0,-2.0
-6.0,-6.0,-2.0
-6.0,-6.0,-2.0
-6.0,-6.0,-2.0
-6.0,-6.0,-2.0
-6.0,-6.0,-2.0
-6.0,-6.0,-2.0
-6.0,-6.0,-2.0
-6.0,-6.0,-2.0
-6.0,-6.0,-2.0
-6.0,-6.0,-2.0
-6.0,-6.0,-2.0
-6.0,-6.0,-2.0
-6.0,-6.0,-2.0
-6.0,-6.0,-2.0
-6.0,-6.0,-2.0
-6.0,-6.0,-2.0
-6.0,-6.0,-2.0
-6.0,-6.0,-2.0
-6.0,-6.0,-2.0
-6.0,-6.0,-2.0
-6.0,-6.0,-2.0
-6.0,-6.0,-2.0
-6.0,-6.0,-2.0
-6.0,-6.0,-2.0
-6.0,-6.0,-2.0
-6.0,-6.0,-2.0
-6.0,-6.0,-2.0
-6.0,-6.0,-2.0
-6.0,-6.0,-2.0
-6.0,-6.0,-2.0
-6.0,-6.0,-2.0
-6.0,-6.0,-2.0
-6.0,-6.0,-2.0
-6.0,-6.0,-2.0
-6.0,-6.0,-2.0
-6.0,-6.0,-2.0
-6.0,-6.0,-2.0
-6.0,-6.0,-2.0
-6.0,-6.0,-2.0
-6.0,-6.0,-2.0
-6.0,-6.0,-2.0
-6.0,-6.0,-2.0
-6.0,-6.0,-2.0
-6.0,-6.0,-2.0
-6.0,-6.0,-2.0
-6.0,-6.0,-2.0
-6.0,-6.0,-2.0
-6.0,-6.0,-2.0
-6.0,-6.0,-2.0
-6.0,-6.0,-2.0
-6.0,-6.0,-2.0
-6.0,-6.0,-2.0
-6.0,-6.0,-2.0
-6.0,-6.0,-2.0
-6.0,-6.0,-2.0
-6.0,-6.0,-2.0
-6.0,-6.0,-2.0
-6.0,-6.0,-2.0
-6.0,-6.0,-2.0
-6.0,-6.0,-2.0
-6.0,-6.0,-2.0
-6.0,-6.0,-2.0
-6.0,-6.0,-2.0
-6.0,-6.0,-2.0
-6.0,-6.0,-2.0
-6.0,-6.0,-2.0
-6.0,-6.0,-2.0
-6.0,-6.0,-2.0
-6.0,-6.0,-2.0
-6.0,-6.0,-2.0
-6.0,-6.0,-2.0
-6.0,-6.0,-2.0
-6.0,-6.0,-2.0
-6.0,-6.0,-2.0
-6.0,-6.0,-2.0
-6.0,-6.0,-2.0
-6.0,-6.0,-2.0
-6.0,-6.0,-2.0
-6.0,-6.0,-2.0
-6.0,-6.0,-2.0
-6.0,-6.0,-2.0
-6.0,-6.0,-2.0
-6.0,-6.0,-2.0
-6.0,-6.0,-2.0
-6.0,-6.0,-2.0
-6.0,-6.0,-2.0
-6.0,-6.0,-2.0
-6.0,-6.0,-2.0
-6.0,-6.0,-2.0
-6.0,-6.0,-2.0
-6.0,-6.0,-2.0
-6.0,-6.0,-2.0
-6.0,-6.0,-2.0
-6.0,-6.0,-2.0
-6.0,-6.0,-2.0
-6.0,-6.0,-2.0
-6.0,-6.0,-2.0
-6.0,-6.0,-2.0
-6.0,-6.0,-2.0
-6.0,-6.0,-2.0
-6.0,-6.0,-2.0
-6.0,-6.0,-2.0
-6.0,-6.0,-2.0
-6.0,-6.0,-2.0
-6.0,-6.0,-2.0
-6.0,-6.0,-2.0
-6.0,-6.0,-2.0
-6.0,-6.0,-2.0
-6.0,-6.0,-2.0
-6.0,-6.0,-2.0
-6.0,-6.0,-2.0
-6.0,-6.0,-2.0
-6.0,-6.0,-2.0
-6.0,-6.0,-2.0
-6.0,-6.0,-2.0
-6.0,-6.0,-2.0
-6.0,-6.0,-2.0
-6.0,-6.0,-2.0
-6.0,-6.0,-2.0
-6.0,-6.0,-2.0
-6.0,-6.0,-2.0
-6.0,-6.0,-2.0
-6.0,-6.0,-2.0
-6.0,-6.0,-2.0
-6.0,-6.0,-2.0
-6.0,-6.0,-2.0
-6.0,-6.0,-2.0
-6.0,-6.0,-2.0
-6.0,-6.0,-2.0
-6.0,-6.0,-2.0
-6.0,-6.0,-2.0
-6.0,-6.0,-2.0
-6.0,-6.0,-2.0
-6.0,-6.0,-2.0
-6.0,-6.0,-2.0
-6.0,-6.0,-2.0
-6.0,-6.0,-2.0
-6.0,-6.0,-2.0
-6.0,-6.0,-2.0
-6.0,-6.0,-2.0
-6.0,-6.0,-2.0
-6.0,-6.0,-2.0
-6.0,-6.0,-2.0
-6.0,-6.0,-2.0
-6.0,-6.0,-2.0
-6.0,-6.0,-2.0
-6.0,-6.0,-2.0
-6.0,-6.0,-2.0
-6.0,-6.0,-2.0
-6.0,-6.0,-2.0
-6.0,-6.0,-2.0
-6.0,-6.0,-2.0
-6.0,-6.0,-2.0
-6.0,-6.0,-2.0
-6.0,-6.0,-2.0
-6.0,-6.0,-2.0
-6.0,-6.0,-2.0
-6.0,-6.0,-2.0
-6.0,-6.0,-2.0
-6.0,-6.0,-2.0
-6.0,-6.0,-2.0
-6.0,-6.0,-2.0
-6.0,-6.0,-2.0
-6.0,-6.0,-2.0
-6.0,-6.0,-2.0
-6.0,-6.0,-2.0
-6.0,-6.0,-2.0
-6.0,-6.0,-2.0
-6.0,-6.0,-2.0
-6.0,-6.0,-2.0
-6.0,-6.0,-2.0
-6.0,-6.0,-2.0
-6.0,-6.0,-2.0
-6.0,-6.0,-2.0
-6.0,-6.0,-2.0
-6.0,-6.0,-2.0
-6.0,-6.0,-2.0
-6.0,-6.0,-2.0
-6.0,-6.0,-2.0
-6.0,-6.0,-2.0
-6.0,-6.0,-2.0
-6.0,-6.0,-2.0
-6.0,-6.0,-2.0
-6.0,-6.0,-2.0
-6.0,-6.0,-2.0
-6.0,-6.0,-2.0
-6.0,-6.0,-2.0
-6.0,-6.0,-2.0
-6.0,-6.0,-2.0
-6.0,-6.0,-2.0
-6.0,-6.0,-2.0
-6.0,-6.0,-2.0
-6.0,-6.0,-2.0
-6.0,-6.0,-2.0
-6.0,-6.0,-2.0
-6.0,-6.0,-2.0
-6.0,-6.0,-2.0
-6.0,-6.0,-2.0
-6.0,-6.0,-2.0
-6.0,-6.0,-2.0
-6.0,-6.0,-2.0
-6.0,-6.0,-2.0
-6.0,-6.0,-2.0
-6.0,-6.0,-2.0
-6.0,-6.0,-2.0
-6.0,-6.0,-2.0
-6.0,-6.0,-2.0
-6.0,-6.0,-2.0
-6.0,-6.0,-2.0
-6.0,-6.0,-2.0
-6.0,-6.0,-2.0
-6.0,-6.0,-2.0
-6.0,-6.0,-2.0
-6.0,-6.0,-2.0
-6.0,-6.0,-2.0
-6.0,-6.0,-2.0
-6.0,-6.0,-2.0
-6.0,-6.0,-2.0
-6.0,-6.0,-2.0
-6.0,-6.0,-2.0
-6.0,-6.0,-2.0
-6.0,-6.0,-2.0
-6.0,-6.0,-2.0
-6.0,-6.0,-2.0
-6.0,-6.0,-2.0
-6.0,-6.0,-2.0
-6.0,-6.0,-2.0
-6.0,-6.0,-2.0
-6.0,-6.0,-2.0
-6.0,-6.0,-2.0
-6.0,-6.0,-2.0
-6.0,-6.0,-2.0
-6.0,-6.0,-2.0
-6.0,-6.0,-2.0
-6.0,-6.0,-2.0
-6.0,-6.0,-2.0
-6.0,-6.0,-2.0
-6.0,-6.0,-2.0
-6.0,-6.0,-2.0
-6.0,-6.0,-2.0
-6.0,-6.0,-2.0
-6.0,-6.0,-2.0
-6.0,-6.0,-2.0
-6.0,-6.0,-2.0
-6.0,-6.0,-2.0
-6.0,-6.0,-2.0
-6.0,-6.0,-2.0
-6.0,-6.0,-2.0
-6.0,-6.0,-2.0
-6.0,-6.0,-2.0
-6.0,-6.0,-2.0
-6.0,-6.0,-2.0
-6.0,-6.0,-2.0
-6.0,-6.0,-2.0
-6.0,-6.0,-2.0
-6.0,-6.0,-2.0
-6.0,-6.0,-2.0
-6.0,-6.0,-2.0
-6.0,-6.0,-2.0
-6.0,-6.0,-2.0
-6.0,-6.0,-2.0
-6.0,-6.0,-2.0
-6.0,-6.0,-2.0
-6.0,-6.0,-2.0
-6.0,-6.0,-2.0
-6.0,-6.0,-2.0
-6.0,-6.0,-2.0
-6.0,-6.0,-2.0
-6.0,-6.0,-2.0
-6.0,-6.0,-2.0
-6.0,-6.0,-2.0
-6.0,-6.0,-2.0
-6.0,-6.0,-2.0
-6.0,-6.0,-2.0
-6.0,-6.0,-2.0
-6.0,-6.0,-2.0
-6.0,-6.0,-2.0
-6.0,-6.0,-2.0
-6.0,-6.0,-2.0
-6.0,-6.0,-2.0
-6.0,-6.0,-2.0
-6.0,-6.0,-2.0
-6.0,-6.0,-2.0
-6.0,-6.0,-2.0
-6.0,-6.0,-2.0
-6.0,-6.0,-2.0
-6.0,-6.0,-2.0
-6.0,-6.0,-2.0
-6.0,-6.0,-2.0
-6.0,-6.0,-2.0
-6.0,-6.0,-2.0
-6.0,-6.0,-2.0
-6.0,-6.0,-2.0
-6.0,-6.0,-2.0
-6.0,-6.0,-2.0
-6.0,-6.0,-2.0
-6.0,-6.0,-2.0
-6.0,-6.0,-2.0
-6.0,-6.0,-2.0
-6.0,-6.0,-2.0
-6.0,-6.0,-2.0
-6.0,-6.0,-2.0
-6.0,-6.0,-2.0
-6.0,-6.0,-2.0
-6.0,-6.0,-2.0
-6.0,-6.0,-2.0
-6.0,-6.0,-2.0
-6.0,-6.0,-2.0
-6.0,-6.0,-2.0
-6.0,-6.0,-2.0
-6.0,-6.0,-2.0
-6.0,-6.0,-2.0
-6.0,-6.0,-2.0
-6.0,-6.0,-2.0
-6.0,-6.0,-2.0
-6.0,-6.0,-2.0
-6.0,-6.0,-2.0
-6.0,-6.0,-2.0
-6.0,-6.0,-2.0
-6.0,-6.0,-2.0
-6.0,-6.0,-2.0
-6.0,-6.0,-2.0
-6.0,-6.0,-2.0
-6.0,-6.0,-2.0
-6.0,-6.0,-2.0
-6.0,-6.0,-2.0
-6.0,-6.0,-2.0
-6.0,-6.0,-2.0
-6.0,-6.0,-2.0
-6.0,-6.0,-2.0
-6.0,-6.0,-2.0
-6.0,-6.0,-2.0
-6.0,-6.0,-2.0
-6.0,-6.0,-2.0
-6.0,-6.0,-2.0
-6.0,-6.0,-2.0
-6.0,-6.0,-2.0
-6.0,-6.0,-2.0
-6.0,-6.0,-2.0
-6.0,-6.0,-2.0
-6.0,-6.0,-2.0
-6.0,-6.0,-2.0
-6.0,-6.0,-2.0
-6.0,-6.0,-2.0
-6.0,-6.0,-2.0
-6.0,-6.0,-2.0
-6.0,-6.0,-2.0
-6.0,-6.0,-2.0
-6.0,-6.0,-2.0
-6.0,-6.0,-2.0
-6.0,-6.0,-2.0
-6.0,-6.0,-2.0
-6.0,-6.0,-2.0
-6.0,-6.0,-2.0
-6.0,-6.0,-2.0
-6.0,-6.0,-2.0
-6.0,-6.0,-2.0
-6.0,-6.0,-2.0
-6.0,-6.0,-2.0
-6.0,-6.0,-2.0
-6.0,-6.0,-2.0
-6.0,-6.0,-2.0
-6.0,-6.0,-2.0
-6.0,-6.0,-2.0
-6.0,-6.0,-2.0
-6.0,-6.0,-2.0
-6.0,-6.0,-2.0
-6.0,-6.0,-2.0
-6.0,-6.0,-2.0
-6.0,-6.0,-2.0
-6.0,-6.0,-2.0
-6.0,-6.0,-2.0
-6.0,-6.0,-2.0
-6.0,-6.0,-2.0
-6.0,-6.0,-2.0
-6.0,-6.0,-2.0
-6.0,-6.0,-2.0
-6.0,-6.0,-2.0
-6.0,-6.0,-2.0
-6.0,-6.0,-2.0
-6.0,-6.0,-2.0
-6.0,-6.0,-2.0
-6.0,-6.0,-2.0
-6.0,-6.0,-2.0
-6.0,-6.0,-2.0
-6.0,-6.0,-2.0
-6.0,-6.0,-2.0
-6.0,-6.0,-2.0
-6.0,-6.0,-2.0
-6.0,-6.0,-2.0
-6.0,-6.0,-2.0
-6.0,-6.0,-2.0
-6.0,-6.0,-2.0
-6.0,-6.0,-2.0
-6.0,-6.0,-2.0
-6.0,-6.0,-2.0
-6.0,-6.0,-2.0
-6.0,-6.0,-2.0
-6.0,-6.0,-2.0
-6.0,-6.0,-2.0
-6.0,-6.0,-2.0
-6.0,-6.0,-2.0
-6.0,-6.0,-2.0
-6.0,-6.0,-2.0
-6.0,-6.0,-2.0
-6.0,-6.0,-2.0
-6.0,-6.0,-2.0
-6.0,-6.0,-2.0
-6.0,-6.0,-2.0
-6.0,-6.0,-2.0
-6.0,-6.0,-2.0
-6.0,-6.0,-2.0
-6.0,-6.0,-2.0
-6.0,-6.0,-2.0
-6.0,-6.0,-2.0
-6.0,-6.0,-2.0
-6.0,-6.0,-2.0
-6.0,-6.0,-2.0
-6.0,-6.0,-2.0
-6.0,-6.0,-2.0
-6.0,-6.0,-2.0
-6.0,-6.0,-2.0
-6.0,-6.0,-2.0
-6.0,-6.0,-2.0
-6.0,-6.0,-2.0
-6.0,-6.0,-2.0
-6.0,-6.0,-2.0
-6.0,-6.0,-2.0
-6.0,-6.0,-2.0
-6.0,-6.0,-2.0
-6.0,-6.0,-2.0
-6.0,-6.0,-2.0
-6.0,-6.0,-2.0
-6.0,-6.0,-2.0
-6.0,-6.0,-2.0
-6.0,-6.0,-2.0
-6.0,-6.0,-2.0
-6.0,-6.0,-2.0
-6.0,-6.0,-2.0
-6.0,-6.0,-2.0
-6.0,-6.0,-2.0
-6.0,-6.0,-2.0
-6.0,-6.0,-2.0
-6.0,-6.0,-2.0
-6.0,-6.0,-2.0
-6.0,-6.0,-2.0
-6.0,-6.0,-2.0
-6.0,-6.0,-2.0
-6.0,-6.0,-2.0
-6.0,-6.0,-2.0
-6.0,-6.0,-2.0
-6.0,-6.0,-2.0
-6.0,-6.0,-2.0
-6.0,-6.0,-2.0
-6.0,-6.0,-2.0
-6.0,-6.0,-2.0
-6.0,-6.0,-2.0
-6.0,-6.0,-2.0
-6.0,-6.0,-2.0
-6.0,-6.0,-2.0
-6.0,-6.0,-2.0
-6.0,-6.0,-2.0
-6.0,-6.0,-2.0
-6.0,-6.0,-2.0
-6.0,-6.0,-2.0
-6.0,-6.0,-2.0
-6.0,-6.0,-2.0
-6.0,-6.0,-2.0
-6.0,-6.0,-2.0
-6.0,-6.0,-2.0
-6.0,-6.0,-2.0
-6.0,-6.0,-2.0
-6.0,-6.0,-2.0
-6.0,-6.0,-2.0
-6.0,-6.0,-2.0
-6.0,-6.0,-2.0
-6.0,-6.0,-2.0
-6.0,-6.0,-2.0
-6.0,-6.0,-2.0
-6.0,-6.0,-2.0
-6.0,-6.0,-2.0
-6.0,-6.0,-2.0
-6.0,-6.0,-2.0
-6.0,-6.0,-2.0
-6.0,-6.0,-2.0
-6.0,-6.0,-2.0
-6.0,-6.0,-2.0
-6.0,-6.0,-2.0
-6.0,-6.0,-2.0
-6.0,-6.0,-2.0
-6.0,-6.0,-2.0
-6.0,-6.0,-2.0
-6.0,-6.0,-2.0
-6.0,-6.0,-2.0
-6.0,-6.0,-2.0
-6.0,-6.0,-2.0
-6.0,-6.0,-2.0
-6.0,-6.0,-2.0
-6.0,-6.0,-2.0
-6.0,-6.0,-2.0
-6.0,-6.0,-2.0
-6.0,-6.0,-2.0
-6.0,-6.0,-2.0
-6.0,-6.0,-2.0
-6.0,-6.0,-2.0
-6.0,-6.0,-2.0
-6.0,-6.0,-2.0
-6.0,-6.0,-2.0
-6.0,-6.0,-2.0
-6.0,-6.0,-2.0
-6.0,-6.0,-2.0
-6.0,-6.0,-2.0
-6.0,-6.0,-2.0
-6.0,-6.0,-2.0
-6.0,-6.0,-2.0
-6.0,-6.0,-2.0
-6.0,-6.0,-2.0
-6.0,-6.0,-2.0
-6.0,-6.0,-2.0
-6.0,-6.0,-2.0
-6.0,-6.0,-2.0
-6.0,-6.0,-2.0
-6.0,-6.0,-2.0
-6.0,-6.0,-2.0
-6.0,-6.0,-2.0
-6.0,-6.0,-2.0
-6.0,-6.0,-2.0
-6.0,-6.0,-2.0
-6.0,-6.0,-2.0
-6.0,-6.0,-2.0
-6.0,-6.0,-2.0
-6.0,-6.0,-2.0
-6.0,-6.0,-2.0
-6.0,-6.0,-2.0
-6.0,-6.0,-2.0
-6.0,-6.0,-2.0
-6.0,-6.0,-2.0
-6.0,-6.0,-2.0
-6.0,-6.0,-2.0
-6.0,-6.0,-2.0
-6.0,-6.0,-2.0
-6.0,-6.0,-2.0
-6.0,-6.0,-2.0
-6.0,-6.0,-2.0
-6.0,-6.0,-2.0
-6.0,-6.0,-2.0
-6.0,-6.0,-2.0
-6.0,-6.0,-2.0
-6.0,-6.0,-2.0
-6.0,-6.0,-2.0
-6.0,-6.0,-2.0
-6.0,-6.0,-2.0
-6.0,-6.0,-2.0
-6.0,-6.0,-2.0
-6.0,-6.0,-2.0
-6.0,-6.0,-2.0
-6.0,-6.0,-2.0
-6.0,-6.0,-2.0
-6.0,-6.0,-2.0
-6.0,-6.0,-2.0
-6.0,-6.0,-2.0
-6.0,-6.0,-2.0
-6.0,-6.0,-2.0
-6.0,-6.0,-2.0
-6.0,-6.0,-2.0
-6.0,-6.0,-2.0
-6.0,-6.0,-2.0
-6.0,-6.0,-2.0
-6.0,-6.0,-2.0
-6.0,-6.0,-2.0
-6.0,-6.0,-2.0
-6.0,-6.0,-2.0
-6.0,-6.0,-2.0
-6.0,-6.0,-2.0
-6.0,-6.0,-2.0
-6.0,-6.0,-2.0
-6.0,-6.0,-2.0
-6.0,-6.0,-2.0
-6.0,-6.0,-2.0
-6.0,-6.0,-2.0
-6.0,-6.0,-2.0
-6.0,-6.0,-2.0
-6.0,-6.0,-2.0
-6.0,-6.0,-2.0
-6.0,-6.0,-2.0
-6.0,-6.0,-2.0
-6.0,-6.0,-2.0
-6.0,-6.0,-2.0
-6.0,-6.0,-2.0
-6.0,-6.0,-2.0
-6.0,-6.0,-2.0
-6.0,-6.0,-2.0
-6.0,-6.0,-2.0
-6.0,-6.0,-2.0
-6.0,-6.0,-2.0
-6.0,-6.0,-2.0
-6.0,-6.0,-2.0
-6.0,-6.0,-2.0
-6.0,-6.0,-2.0
-6.0,-6.0,-2.0
-6.0,-6.0,-2.0
-6.0,-6.0,-2.0
-6.0,-6.0,-2.0
-6.0,-6.0,-2.0
-6.0,-6.0,-2.0
-6.0,-6.0,-2.0
-6.0,-6.0,-2.0
-6.0,-6.0,-2.0
-6.0,-6.0,-2.0
-6.0,-6.0,-2.0
-6.0,-6.0,-2.0
-6.0,-6.0,-2.0
-6.0,-6.0,-2.0
-6.0,-6.0,-2.0
-6.0,-6.0,-2.0
-6.0,-6.0,-2.0
-6.0,-6.0,-2.0
-6.0,-6.0,-2.0
-6.0,-6.0,-2.0
-6.0,-6.0,-2.0
-6.0,-6.0,-2.0
-6.0,-6.0,-2.0
-6.0,-6.0,-2.0
-6.0,-6.0,-2.0
-6.0,-6.0,-2.0
-6.0,-6.0,-2.0
-6.0,-6.0,-2.0
-6.0,-6.0,-2.0
-6.0,-6.0,-2.0
-6.0,-6.0,-2.0
-6.0,-6.0,-2.0
-6.0,-6.0,-2.0
-6.0,-6.0,-2.0
-6.0,-6.0,-2.0
-6.0,-6.0,-2.0
-6.0,-6.0,-2.0
-6.0,-6.0,-2.0
-6.0,-6.0,-2.0
-6.0,-6.0,-2.0
-6.0,-6.0,-2.0
-6.0,-6.0,-2.0
-6.0,-6.0,-2.0
-6.0,-6.0,-2.0
-6.0,-6.0,-2.0
-6.0,-6.0,-2.0
-6.0,-6.0,-2.0
-6.0,-6.0,-2.0
-6.0,-6.0,-2.0
-6.0,-6.0,-2.0
-6.0,-6.0,-2.0
-6.0,-6.0,-2.0
-6.0,-6.0,-2.0
-6.0,-6.0,-2.0
-6.0,-6.0,-2.0
-6.0,-6.0,-2.0
-6.0,-6.0,-2.0
-6.0,-6.0,-2.0
-6.0,-6.0,-2.0
-6.0,-6.0,-2.0
-6.0,-6.0,-2.0
-6.0,-6.0,-2.0
-6.0,-6.0,-2.0
-6.0,-6.0,-2.0
-6.0,-6.0,-2.0
-6.0,-6.0,-2.0
-6.0,-6.0,-2.0
-6.0,-6.0,-2.0
-6.0,-6.0,-2.0
-6.0,-6.0,-2.0
-6.0,-6.0,-2.0
-6.0,-6.0,-2.0
-6.0,-6.0,-2.0
-6.0,-6.0,-2.0
-6.0,-6.0,-2.0
-6.0,-6.0,-2.0
-6.0,-6.0,-2.0
-6.0,-6.0,-2.0
-6.0,-6.0,-2.0
-6.0,-6.0,-2.0
-6.0,-6.0,-2.0
-6.0,-6.0,-2.0
-6.0,-6.0,-2.0
-6.0,-6.0,-2.0
-6.0,-6.0,-2.0
-6.0,-6.0,-2.0
-6.0,-6.0,-2.0
-6.0,-6.0,-2.0
-6.0,-6.0,-2.0
-6.0,-6.0,-2.0
-6.0,-6.0,-2.0
-6.0,-6.0,-2.0
-6.0,-6.0,-2.0
-6.0,-6.0,-2.0
-6.0,-6.0,-2.0
-6.0,-6.0,-2.0
-6.0,-6.0,-2.0
-6.0,-6.0,-2.0
-6.0,-6.0,-2.0
-6.0,-6.0,-2.0
-6.0,-6.0,-2.0
-6.0,-6.0,-2.0
-6.0,-6.0,-2.0
-6.0,-6.0,-2.0
-6.0,-6.0,-2.0
-6.0,-6.0,-2.0
-6.0,-6.0,-2.0
-6.0,-6.0,-2.0
-6.0,-6.0,-2.0
-6.0,-6.0,-2.0
-6.0,-6.0,-2.0
-6.0,-6.0,-2.0
-6.0,-6.0,-2.0
-6.0,-6.0,-2.0
-6.0,-6.0,-2.0
-6.0,-6.0,-2.0
-6.0,-6.0,-2.0
-6.0,-6.0,-2.0
-6.0,-6.0,-2.0
-6.0,-6.0,-2.0
-6.0,-6.0,-2.0
-6.0,-6.0,-2.0
-6.0,-6.0,-2.0
-6.0,-6.0,-2.0
-6.0,-6.0,-2.0
-6.0,-6.0,-2.0
-6.0,-6.0,-2.0
-6.0,-6.0,-2.0
-6.0,-6.0,-2.0
-6.0,-6.0,-2.0
-6.0,-6.0,-2.0
-6.0,-6.0,-2.0
-6.0,-6.0,-2.0
-6.0,-6.0,-2.0
-6.0,-6.0,-2.0
-6.0,-6.0,-2.0
-6.0,-6.0,-2.0
-6.0,-6.0,-2.0
-6.0,-6.0,-2.0
-6.0,-6.0,-2.0
-6.0,-6.0,-2.0
-6.0,-6.0,-2.0
-6.0,-6.0,-2.0
-6.0,-6.0,-2.0
-6.0,-6.0,-2.0
-6.0,-6.0,-2.0
-6.0,-6.0,-2.0
-6.0,-6.0,-2.0
-6.0,-6.0,-2.0
-6.0,-6.0,-2.0
-6.0,-6.0,-2.0
-6.0,-6.0,-2.0
-6.0,-6.0,-2.0
-6.0,-6.0,-2.0
-6.0,-6.0,-2.0
-6.0,-6.0,-2.0
-6.0,-6.0,-2.0
-6.0,-6.0,-2.0
-6.0,-6.0,-2.0
-6.0,-6.0,-2.0
-6.0,-6.0,-2.0
-6.0,-6.0,-2.0
-6.0,-6.0,-2.0
-6.0,-6.0,-2.0
-6.0,-6.0,-2.0
-6.0,-6.0,-2.0
-6.0,-6.0,-2.0
-6.0,-6.0,-2.0
-6.0,-6.0,-2.0
-6.0,-6.0,-2.0
-6.0,-6.0,-2.0
-6.0,-6.0,-2.0
-6.0,-6.0,-2.0
-6.0,-6.0,-2.0
-6.0,-6.0,-2.0
-6.0,-6.0,-2.0
-6.0,-6.0,-2.0
-6.0,-6.0,-2.0
-6.0,-6.0,-2.0
-6.0,-6.0,-2.0
-6.0,-6.0,-2.0
-6.0,-6.0,-2.0
-6.0,-6.0,-2.0
-6.0,-6.0,-2.0
-6.0,-6.0,-2.0
-6.0,-6.0,-2.0
-6.0,-6.0,-2.0
-6.0,-6.0,-2.0
-6.0,-6.0,-2.0
-6.0,-6.0,-2.0
-6.0,-6.0,-2.0
-6.0,-6.0,-2.0
-6.0,-6.0,-2.0
-6.0,-6.0,-2.0
-6.0,-6.0,-2.0
-6.0,-6.0,-2.0
-6.0,-6.0,-2.0
-6.0,-6.0,-2.0
-6.0,-6.0,-2.0
-6.0,-6.0,-2.0
-6.0,-6.0,-2.0
-6.0,-6.0,-2.0
-6.0,-6.0,-2.0
-6.0,-6.0,-2.0
-6.0,-6.0,-2.0
-6.0,-6.0,-2.0
-6.0,-6.0,-2.0
-6.0,-6.0,-2.0
-6.0,-6.0,-2.0
-6.0,-6.0,-2.0
-6.0,-6.0,-2.0
-6.0,-6.0,-2.0
-6.0,-6.0,-2.0
-6.0,-6.0,-2.0
-6.0,-6.0,-2.0
-6.0,-6.0,-2.0
-6.0,-6.0,-2.0
-6.0,-6.0,-2.0
-6.0,-6.0,-2.0
-6.0,-6.0,-2.0
-6.0,-6.0,-2.0
-6.0,-6.0,-2.0
-6.0,-6.0,-2.0
-6.0,-6.0,-2.0
-6.0,-6.0,-2.0
-6.0,-6.0,-2.0
-6.0,-6.0,-2.0
-6.0,-6.0,-2.0
-6.0,-6.0,-2.0
-6.0,-6.0,-2.0
-6.0,-6.0,-2.0
-6.0,-6.0,-2.0
-6.0,-6.0,-2.0
-6.0,-6.0,-2.0
-6.0,-6.0,-2.0
-6.0,-6.0,-2.0
-6.0,-6.0,-2.0
-6.0,-6.0,-2.0
-6.0,-6.0,-2.0
-6.0,-6.0,-2.0
-6.0,-6.0,-2.0
-6.0,-6.0,-2.0
-6.0,-6.0,-2.0
-6.0,-6.0,-2.0
-6.0,-6.0,-2.0
-6.0,-6.0,-2.0
-6.0,-6.0,-2.0
-6.0,-6.0,-2.0
-6.0,-6.0,-2.0
-6.0,-6.0,-2.0
-6.0,-6.0,-2.0
-6.0,-6.0,-2.0
-6.0,-6.0,-2.0
-6.0,-6.0,-2.0
-6.0,-6.0,-2.0
-6.0,-6.0,-2.0
-6.0,-6.0,-2.0
-6.0,-6.0,-2.0
-6.0,-6.0,-2.0
-6.0,-6.0,-2.0
-6.0,-6.0,-2.0
-6.0,-6.0,-2.0
-6.0,-6.0,-2.0
-6.0,-6.0,-2.0
-6.0,-6.0,-2.0
-6.0,-6.0,-2.0
-6.0,-6.0,-2.0
-6.0,-6.0,-2.0
-6.0,-6.0,-2.0
-6.0,-6.0,-2.0
-6.0,-6.0,-2.0
-6.0,-6.0,-2.0
-6.0,-6.0,-2.0
-6.0,-6.0,-2.0
-6.0,-6.0,-2.0
-6.0,-6.0,-2.0
-6.0,-6.0,-2.0
-6.0,-6.0,-2.0
-6.0,-6.0,-2.0
-6.0,-6.0,-2.0
-6.0,-6.0,-2.0
-6.0,-6.0,-2.0
-6.0,-6.0,-2.0
-6.0,-6.0,-2.0
-6.0,-6.0,-2.0
-6.0,-6.0,-2.0
-6.0,-6.0,-2.0
-6.0,-6.0,-2.0
-6.0,-6.0,-2.0
-6.0,-6.0,-2.0
-6.0,-6.0,-2.0
-6.0,-6.0,-2.0
-6.0,-6.0,-2.0
-6.0,-6.0,-2.0
-6.0,-6.0,-2.0
-6.0,-6.0,-2.0
-6.0,-6.0,-2.0
-6.0,-6.0,-2.0
-6.0,-6.0,-2.0
-6.0,-6.0,-2.0
-6.0,-6.0,-2.0
-6.0,-6.0,-2.0
-6.0,-6.0,-2.0
-6.0,-6.0,-2.0
-6.0,-6.0,-2.0
-6.0,-6.0,-2.0
-6.0,-6.0,-2.0
-6.0,-6.0,-2.0
-6.0,-6.0,-2.0
-6.0,-6.0,-2.0
-6.0,-6.0,-2.0
-6.0,-6.0,-2.0
-6.0,-6.0,-2.0
-6.0,-6.0,-2.0
-6.0,-6.0,-2.0
-6.0,-6.0,-2.0
-6.0,-6.0,-2.0
-6.0,-6.0,-2.0
-6.0,-6.0,-2.0
-6.0,-6.0,-2.0
-6.0,-6.0,-2.0
-6.0,-6.0,-2.0
-6.0,-6.0,-2.0
-6.0,-6.0,-2.0
-6.0,-6.0,-2.0
-6.0,-6.0,-2.0
-6.0,-6.0,-2.0
-6.0,-6.0,-2.0
-6.0,-6.0,-2.0
-6.0,-6.0,-2.0
-6.0,-6.0,-2.0
-6.0,-6.0,-2.0
-6.0,-6.0,-2.0
-6.0,-6.0,-2.0
-6.0,-6.0,-2.0
-6.0,-6.0,-2.0
-6.0,-6.0,-2.0
-6.0,-6.0,-2.0
-6.0,-6.0,-2.0
-6.0,-6.0,-2.0
-6.0,-6.0,-2.0
-6.0,-6.0,-2.0
-6.0,-6.0,-2.0
-6.0,-6.0,-2.0
-6.0,-6.0,-2.0
-6.0,-6.0,-2.0
-6.0,-6.0,-2.0
-6.0,-6.0,-2.0
-6.0,-6.0,-2.0
-6.0,-6.0,-2.0
-6.0,-6.0,-2.0
-6.0,-6.0,-2.0
-6.0,-6.0,-2.0
-6.0,-6.0,-2.0
-6.0,-6.0,-2.0
-6.0,-6.0,-2.0
-6.0,-6.0,-2.0
-6.0,-6.0,-2.0
-6.0,-6.0,-2.0
-6.0,-6.0,-2.0
-6.0,-6.0,-2.0
-6.0,-6.0,-2.0
-6.0,-6.0,-2.0
-6.0,-6.0,-2.0
-6.0,-6.0,-2.0
-6.0,-6.0,-2.0
-6.0,-6.0,-2.0
-6.0,-6.0,-2.0
-6.0,-6.0,-2.0
-6.0,-6.0,-2.0
-6.0,-6.0,-2.0
-6.0,-6.0,-2.0
-6.0,-6.0,-2.0
-6.0,-6.0,-2.0
-6.0,-6.0,-2.0
-6.0,-6.0,-2.0
-6.0,-6.0,-2.0
-6.0,-6.0,-2.0
-6.0,-6.0,-2.0
-6.0,-6.0,-2.0
-6.0,-6.0,-2.0
-6.0,-6.0,-2.0
-6.0,-6.0,-2.0
-6.0,-6.0,-2.0
-6.0,-6.0,-2.0
-6.0,-6.0,-2.0
-6.0,-6.0,-2.0
-6.0,-6.0,-2.0
-6.0,-6.0,-2.0
-6.0,-6.0,-2.0
-6.0,-6.0,-2.0
-6.0,-6.0,-2.0
-6.0,-6.0,-2.0
-6.0,-6.0,-2.0
-6.0,-6.0,-2.0
-6.0,-6.0,-2.0
-6.0,-6.0,-2.0
-6.0,-6.0,-2.0
-6.0,-6.0,-2.0
-6.0,-6.0,-2.0
-6.0,-6.0,-2.0
-6.0,-6.0,-2.0
-6.0,-6.0,-2.0
-6.0,-6.0,-2.0
-6.0,-6.0,-2.0
-6.0,-6.0,-2.0
-6.0,-6.0,-2.0
-6.0,-6.0,-2.0
-6.0,-6.0,-2.0
-6.0,-6.0,-2.0
-6.0,-6.0,-2.0
-6.0,-6.0,-2.0
-6.0,-6.0,-2.0
-6.0,-6.0,-2.0
-6.0,-6.0,-2.0
-6.0,-6.0,-2.0
-6.0,-6.0,-2.0
-6.0,-6.0,-2.0
-6.0,-6.0,-2.0
-6.0,-6.0,-2.0
-6.0,-6.0,-2.0
-6.0,-6.0,-2.0
-6.0,-6.0,-2.0
-6.0,-6.0,-2.0
-6.0,-6.0,-2.0
-6.0,-6.0,-2.0
-6.0,-6.0,-2.0
-6.0,-6.0,-2.0
-6.0,-6.0,-2.0
-6.0,-6.0,-2.0
-6.0,-6.0,-2.0
-6.0,-6.0,-2.0
-6.0,-6.0,-2.0
-6.0,-6.0,-2.0
-6.0,-6.0,-2.0
-6.0,-6.0,-2.0
-6.0,-6.0,-2.0
-6.0,-6.0,-2.0
-6.0,-6.0,-2.0
-6.0,-6.0,-2.0
-6.0,-6.0,-2.0
-6.0,-6.0,-2.0
-6.0,-6.0,-2.0
-6.0,-6.0,-2.0
-6.0,-6.0,-2.0
-6.0,-6.0,-2.0
-6.0,-6.0,-2.0
-6.0,-6.0,-2.0
-6.0,-6.0,-2.0
-6.0,-6.0,-2.0
-6.0,-6.0,-2.0
-6.0,-6.0,-2.0
-6.0,-6.0,-2.0
-6.0,-6.0,-2.0
-6.0,-6.0,-2.0
-6.0,-6.0,-2.0
-6.0,-6.0,-2.0
-6.0,-6.0,-2.0
-6.0,-6.0,-2.0
-6.0,-6.0,-2.0
-6.0,-6.0,-2.0
-6.0,-6.0,-2.0
-6.0,-6.0,-2.0
-6.0,-6.0,-2.0
-6.0,-6.0,-2.0
-6.0,-6.0,-2.0
-6.0,-6.0,-2.0
-6.0,-6.0,-2.0
-6.0,-6.0,-2.0
-6.0,-6.0,-2.0
-6.0,-6.0,-2.0
-6.0,-6.0,-2.0
-6.0,-6.0,-2.0
-6.0,-6.0,-2.0
-6.0,-6.0,-2.0
-6.0,-6.0,-2.0
-6.0,-6.0,-2.0
-6.0,-6.0,-2.0
-6.0,-6.0,-2.0
-6.0,-6.0,-2.0
-6.0,-6.0,-2.0
-6.0,-6.0,-2.0
-6.0,-6.0,-2.0
-6.0,-6.0,-2.0
-6.0,-6.0,-2.0
-6.0,-6.0,-2.0
-6.0,-6.0,-2.0
-6.0,-6.0,-2.0
-6.0,-6.0,-2.0
-6.0,-6.0,-2.0
-6.0,-6.0,-2.0
-6.0,-6.0,-2.0
-6.0,-6.0,-2.0
-6.0,-6.0,-2.0
-6.0,-6.0,-2.0
-6.0,-6.0,-2.0
-6.0,-6.0,-2.0
-6.0,-6.0,-2.0
-6.0,-6.0,-2.0
-6.0,-6.0,-2.0
-6.0,-6.0,-2.0
-6.0,-6.0,-2.0
-6.0,-6.0,-2.0
-6.0,-6.0,-2.0
-6.0,-6.0,-2.0
-6.0,-6.0,-2.0
-6.0,-6.0,-2.0
-6.0,-6.0,-2.0
-6.0,-6.0,-2.0
-6.0,-6.0,-2.0
-6.0,-6.0,-2.0
-6.0,-6.0,-2.0
-6.0,-6.0,-2.0
-6.0,-6.0,-2.0
-6.0,-6.0,-2.0
-6.0,-6.0,-2.0
-6.0,-6.0,-2.0
-6.0,-6.0,-2.0
-6.0,-6.0,-2.0
-6.0,-6.0,-2.0
-6.0,-6.0,-2.0
-6.0,-6.0,-2.0
-6.0,-6.0,-2.0
-6.0,-6.0,-2.0
-6.0,-6.0,-2.0
-6.0,-6.0,-2.0
-6.0,-6.0,-2.0
-6.0,-6.0,-2.0
-6.0,-6.0,-2.0
-6.0,-6.0,-2.0
-6.0,-6.0,-2.0
-6.0,-6.0,-2.0
-6.0,-6.0,-2.0
-6.0,-6.0,-2.0
-6.0,-6.0,-2.0
-6.0,-6.0,-2.0
-6.0,-6.0,-2.0
-6.0,-6.0,-2.0
-6.0,-6.0,-2.0
-6.0,-6.0,-2.0
-6.0,-6.0,-2.0
-6.0,-6.0,-2.0
-6.0,-6.0,-2.0
-6.0,-6.0,-2.0
-6.0,-6.0,-2.0
-6.0,-6.0,-2.0
-6.0,-6.0,-2.0
-6.0,-6.0,-2.0
-6.0,-6.0,-2.0
-6.0,-6.0,-2.0
-6.0,-6.0,-2.0
-6.0,-6.0,-2.0
-6.0,-6.0,-2.0
-6.0,-6.0,-2.0
-6.0,-6.0,-2.0
-6.0,-6.0,-2.0
-6.0,-6.0,-2.0
-6.0,-6.0,-2.0
-6.0,-6.0,-2.0
-6.0,-6.0,-2.0
-6.0,-6.0,-2.0
-6.0,-6.0,-2.0
-6.0,-6.0,-2.0
-6.0,-6.0,-2.0
-6.0,-6.0,-2.0
-6.0,-6.0,-2.0
-6.0,-6.0,-2.0
-6.0,-6.0,-2.0
-6.0,-6.0,-2.0
-6.0,-6.0,-2.0
-6.0,-6.0,-2.0
-6.0,-6.0,-2.0
-6.0,-6.0,-2.0
-6.0,-6.0,-2.0
-6.0,-6.0,-2.0
-6.0,-6.0,-2.0
-6.0,-6.0,-2.0
-6.0,-6.0,-2.0
-6.0,-6.0,-2.0
-6.0,-6.0,-2.0
-6.0,-6.0,-2.0
-6.0,-6.0,-2.0
-6.0,-6.0,-2.0
-6.0,-6.0,-2.0
-6.0,-6.0,-2.0
-6.0,-6.0,-2.0
-6.0,-6.0,-2.0
-6.0,-6.0,-2.0
-6.0,-6.0,-2.0
-6.0,-6.0,-2.0
-6.0,-6.0,-2.0
-6.0,-6.0,-2.0
-6.0,-6.0,-2.0
-6.0,-6.0,-2.0
-6.0,-6.0,-2.0
-6.0,-6.0,-2.0
-6.0,-6.0,-2.0
-6.0,-6.0,-2.0
-6.0,-6.0,-2.0
-6.0,-6.0,-2.0
-6.0,-6.0,-2.0
-6.0,-6.0,-2.0
-6.0,-6.0,-2.0
-6.0,-6.0,-2.0
-6.0,-6.0,-2.0
-6.0,-6.0,-2.0
-6.0,-6.0,-2.0
-6.0,-6.0,-2.0
-6.0,-6.0,-2.0
-6.0,-6.0,-2.0
-6.0,-6.0,-2.0
-6.0,-6.0,-2.0
-6.0,-6.0,-2.0
-6.0,-6.0,-2.0
-6.0,-6.0,-2.0
-6.0,-6.0,-2.0
-6.0,-6.0,-2.0
-6.0,-6.0,-2.0
-6.0,-6.0,-2.0
-6.0,-6.0,-2.0
-6.0,-6.0,-2.0
-6.0,-6.0,-2.0
-6.0,-6.0,-2.0
-6.0,-6.0,-2.0
-6.0,-6.0,-2.0
-6.0,-6.0,-2.0
-6.0,-6.0,-2.0
-6.0,-6.0,-2.0
-6.0,-6.0,-2.0
-6.0,-6.0,-2.0
-6.0,-6.0,-2.0
-6.0,-6.0,-2.0
-6.0,-6.0,-2.0
-6.0,-6.0,-2.0
-6.0,-6.0,-2.0
-6.0,-6.0,-2.0
-6.0,-6.0,-2.0
-6.0,-6.0,-2.0
-6.0,-6.0,-2.0
-6.0,-6.0,-2.0
-6.0,-6.0,-2.0
-6.0,-6.0,-2.0
-6.0,-6.0,-2.0
-6.0,-6.0,-2.0
-6.0,-6.0,-2.0
-6.0,-6.0,-2.0
-6.0,-6.0,-2.0
-6.0,-6.0,-2.0
-6.0,-6.0,-2.0
-6.0,-6.0,-2.0
-6.0,-6.0,-2.0
-6.0,-6.0,-2.0
-6.0,-6.0,-2.0
-6.0,-6.0,-2.0
-6.0,-6.0,-2.0
-6.0,-6.0,-2.0
-6.0,-6.0,-2.0
-6.0,-6.0,-2.0
-6.0,-6.0,-2.0
-6.0,-6.0,-2.0
-6.0,-6.0,-2.0
-6.0,-6.0,-2.0
-6.0,-6.0,-2.0
-6.0,-6.0,-2.0
-6.0,-6.0,-2.0
-6.0,-6.0,-2.0
-6.0,-6.0,-2.0
-6.0,-6.0,-2.0
-6.0,-6.0,-2.0
-6.0,-6.0,-2.0
-6.0,-6.0,-2.0
-6.0,-6.0,-2.0
-6.0,-6.0,-2.0
-6.0,-6.0,-2.0
-6.0,-6.0,-2.0
-6.0,-6.0,-2.0
-6.0,-6.0,-2.0
-6.0,-6.0,-2.0
-6.0,-6.0,-2.0
-6.0,-6.0,-2.0
-6.0,-6.0,-2.0
-6.0,-6.0,-2.0
-6.0,-6.0,-2.0
-6.0,-6.0,-2.0
-6.0,-6.0,-2.0
-6.0,-6.0,-2.0
-6.0,-6.0,-2.0
-6.0,-6.0,-2.0
-6.0,-6.0,-2.0
-6.0,-6.0,-2.0
-6.0,-6.0,-2.0
-6.0,-6.0,-2.0
-6.0,-6.0,-2.0
-6.0,-6.0,-2.0
-6.0,-6.0,-2.0
-6.0,-6.0,-2.0
-6.0,-6.0,-2.0
-6.0,-6.0,-2.0
-6.0,-6.0,-2.0
-6.0,-6.0,-2.0
-6.0,-6.0,-2.0
-6.0,-6.0,-2.0
-6.0,-6.0,-2.0
-6.0,-6.0,-2.0
-6.0,-6.0,-2.0
-6.0,-6.0,-2.0
-6.0,-6.0,-2.0
-6.0,-6.0,-2.0
-6.0,-6.0,-2.0
-6.0,-6.0,-2.0
-6.0,-6.0,-2.0
-6.0,-6.0,-2.0
-6.0,-6.0,-2.0
-6.0,-6.0,-2.0
-6.0,-6.0,-2.0
-6.0,-6.0,-2.0
-6.0,-6.0,-2.0
-6.0,-6.0,-2.0
-6.0,-6.0,-2.0
-6.0,-6.0,-2.0
-6.0,-6.0,-2.0
-6.0,-6.0,-2.0
-6.0,-6.0,-2.0
-6.0,-6.0,-2.0
-6.0,-6.0,-2.0
-6.0,-6.0,-2.0
-6.0,-6.0,-2.0
-6.0,-6.0,-2.0
-6.0,-6.0,-2.0
-6.0,-6.0,-2.0
-6.0,-6.0,-2.0
-6.0,-6.0,-2.0
-6.0,-6.0,-2.0
-6.0,-6.0,-2.0
-6.0,-6.0,-2.0
-6.0,-6.0,-2.0
-6.0,-6.0,-2.0
-6.0,-6.0,-2.0
-6.0,-6.0,-2.0
-6.0,-6.0,-2.0
-6.0,-6.0,-2.0
-6.0,-6.0,-2.0
-6.0,-6.0,-2.0
-6.0,-6.0,-2.0
-6.0,-6.0,-2.0
-6.0,-6.0,-2.0
-6.0,-6.0,-2.0
-6.0,-6.0,-2.0
-6.0,-6.0,-2.0
-6.0,-6.0,-2.0
-6.0,-6.0,-2.0
-6.0,-6.0,-2.0
-6.0,-6.0,-2.0
-6.0,-6.0,-2.0
-6.0,-6.0,-2.0
-6.0,-6.0,-2.0
-6.0,-6.0,-2.0
-6.0,-6.0,-2.0
-6.0,-6.0,-2.0
-6.0,-6.0,-2.0
-6.0,-6.0,-2.0
-6.0,-6.0,-2.0
-6.0,-6.0,-2.0
-6.0,-6.0,-2.0
-6.0,-6.0,-2.0
-6.0,-6.0,-2.0
-6.0,-6.0,-2.0
-6.0,-6.0,-2.0
-6.0,-6.0,-2.0
-6.0,-6.0,-2.0
-6.0,-6.0,-2.0
-6.0,-6.0,-2.0
-6.0,-6.0,-2.0
-6.0,-6.0,-2.0
-6.0,-6.0,-2.0
-6.0,-6.0,-2.0
-6.0,-6.0,-2.0
-6.0,-6.0,-2.0
-6.0,-6.0,-2.0
-6.0,-6.0,-2.0
-6.0,-6.0,-2.0
-6.0,-6.0,-2.0
-6.0,-6.0,-2.0
-6.0,-6.0,-2.0
-6.0,-6.0,-2.0
-6.0,-6.0,-2.0
-6.0,-6.0,-2.0
-6.0,-6.0,-2.0
-6.0,-6.0,-2.0
-6.0,-6.0,-2.0
-6.0,-6.0,-2.0
-6.0,-6.0,-2.0
-6.0,-6.0,-2.0
-6.0,-6.0,-2.0
-6.0,-6.0,-2.0
-6.0,-6.0,-2.0
-6.0,-6.0,-2.0
-6.0,-6.0,-2.0
-6.0,-6.0,-2.0
-6.0,-6.0,-2.0
-6.0,-6.0,-2.0
-6.0,-6.0,-2.0
-6.0,-6.0,-2.0
-6.0,-6.0,-2.0
-6.0,-6.0,-2.0
-6.0,-6.0,-2.0
-6.0,-6.0,-2.0
-6.0,-6.0,-2.0
-6.0,-6.0,-2.0
-6.0,-6.0,-2.0
-6.0,-6.0,-2.0
-6.0,-6.0,-2.0
-6.0,-6.0,-2.0
-6.0,-6.0,-2.0
-6.0,-6.0,-2.0
-6.0,-6.0,-2.0
-6.0,-6.0,-2.0
-6.0,-6.0,-2.0
-6.0,-6.0,-2.0
-6.0,-6.0,-2.0
-6.0,-6.0,-2.0
-6.0,-6.0,-2.0
-6.0,-6.0,-2.0
-6.0,-6.0,-2.0
-6.0,-6.0,-2.0
-6.0,-6.0,-2.0
-6.0,-6.0,-2.0
-6.0,-6.0,-2.0
-6.0,-6.0,-2.0
-6.0,-6.0,-2.0
-6.0,-6.0,-2.0
-6.0,-6.0,-2.0
-6.0,-6.0,-2.0
-6.0,-6.0,-2.0
-6.0,-6.0,-2.0
-6.0,-6.0,-2.0
-6.0,-6.0,-2.0
-6.0,-6.0,-2.0
-6.0,-6.0,-2.0
-6.0,-6.0,-2.0
-6.0,-6.0,-2.0
-6.0,-6.0,-2.0
-6.0,-6.0,-2.0
-6.0,-6.0,-2.0
-6.0,-6.0,-2.0
-6.0,-6.0,-2.0
-6.0,-6.0,-2.0
-6.0,-6.0,-2.0
-6.0,-6.0,-2.0
-6.0,-6.0,-2.0
-6.0,-6.0,-2.0
-6.0,-6.0,-2.0
-6.0,-6.0,-2.0
-6.0,-6.0,-2.0
-6.0,-6.0,-2.0
-6.0,-6.0,-2.0
-6.0,-6.0,-2.0
-6.0,-6.0,-2.0
-6.0,-6.0,-2.0
-6.0,-6.0,-2.0
-6.0,-6.0,-2.0
-6.0,-6.0,-2.0
-6.0,-6.0,-2.0
-6.0,-6.0,-2.0
-6.0,-6.0,-2.0
-6.0,-6.0,-2.0
-6.0,-6.0,-2.0
-6.0,-6.0,-2.0
-6.0,-6.0,-2.0
-6.0,-6.0,-2.0
-6.0,-6.0,-2.0
-6.0,-6.0,-2.0
-6.0,-6.0,-2.0
-6.0,-6.0,-2.0
-6.0,-6.0,-2.0
-6.0,-6.0,-2.0
-6.0,-6.0,-2.0
-6.0,-6.0,-2.0
-6.0,-6.0,-2.0
-6.0,-6.0,-2.0
-6.0,-6.0,-2.0
-6.0,-6.0,-2.0
-6.0,-6.0,-2.0
-6.0,-6.0,-2.0
-6.0,-6.0,-2.0
-6.0,-6.0,-2.0
-6.0,-6.0,-2.0
-6.0,-6.0,-2.0
-6.0,-6.0,-2.0
-6.0,-6.0,-2.0
-6.0,-6.0,-2.0
-6.0,-6.0,-2.0
-6.0,-6.0,-2.0
-6.0,-6.0,-2.0
-6.0,-6.0,-2.0
-6.0,-6.0,-2.0
-6.0,-6.0,-2.0
-6.0,-6.0,-2.0
-6.0,-6.0,-2.0
-6.0,-6.0,-2.0
-6.0,-6.0,-2.0
-6.0,-6.0,-2.0
-6.0,-6.0,-2.0
-6.0,-6.0,-2.0
-6.0,-6.0,-2.0
-6.0,-6.0,-2.0
-6.0,-6.0,-2.0
-6.0,-6.0,-2.0
-6.0,-6.0,-2.0
-6.0,-6.0,-2.0
-6.0,-6.0,-2.0
-6.0,-6.0,-2.0
-6.0,-6.0,-2.0
-6.0,-6.0,-2.0
-6.0,-6.0,-2.0
-6.0,-6.0,-2.0
-6.0,-6.0,-2.0
-6.0,-6.0,-2.0
-6.0,-6.0,-2.0
-6.0,-6.0,-2.0
-6.0,-6.0,-2.0
-6.0,-6.0,-2.0
-6.0,-6.0,-2.0
-6.0,-6.0,-2.0
-6.0,-6.0,-2.0
-6.0,-6.0,-2.0
-6.0,-6.0,-2.0
-6.0,-6.0,-2.0
-6.0,-6.0,-2.0
-6.0,-6.0,-2.0
-6.0,-6.0,-2.0
-6.0,-6.0,-2.0
-6.0,-6.0,-2.0
-6.0,-6.0,-2.0
-6.0,-6.0,-2.0
-6.0,-6.0,-2.0
-6.0,-6.0,-2.0
-6.0,-6.0,-2.0
-6.0,-6.0,-2.0
-6.0,-6.0,-2.0
-6.0,-6.0,-2.0
-6.0,-6.0,-2.0
-6.0,-6.0,-2.0
-6.0,-6.0,-2.0
-6.0,-6.0,-2.0
-6.0,-6.0,-2.0
-6.0,-6.0,-2.0
-6.0,-6.0,-2.0
-6.0,-6.0,-2.0
-6.0,-6.0,-2.0
-6.0,-6.0,-2.0
-6.0,-6.0,-2.0
-6.0,-6.0,-2.0
-6.0,-6.0,-2.0
-6.0,-6.0,-2.0
-6.0,-6.0,-2.0
-6.0,-6.0,-2.0
-6.0,-6.0,-2.0
-6.0,-6.0,-2.0
-6.0,-6.0,-2.0
-6.0,-6.0,-2.0
-6.0,-6.0,-2.0
-6.0,-6.0,-2.0
-6.0,-6.0,-2.0
-6.0,-6.0,-2.0
-6.0,-6.0,-2.0
-6.0,-6.0,-2.0
-6.0,-6.0,-2.0
-6.0,-6.0,-2.0
-6.0,-6.0,-2.0
-6.0,-6.0,-2.0
-6.0,-6.0,-2.0
-6.0,-6.0,-2.0
-6.0,-6.0,-2.0
-6.0,-6.0,-2.0
-6.0,-6.0,-2.0
-6.0,-6.0,-2.0
-6.0,-6.0,-2.0
-6.0,-6.0,-2.0
-6.0,-6.0,-2.0
-6.0,-6.0,-2.0
-6.0,-6.0,-2.0
-6.0,-6.0,-2.0
-6.0,-6.0,-2.0
-6.0,-6.0,-2.0
-6.0,-6.0,-2.0
-6.0,-6.0,-2.0
-6.0,-6.0,-2.0
-6.0,-6.0,-2.0
-6.0,-6.0,-2.0
-6.0,-6.0,-2.0
-6.0,-6.0,-2.0
-6.0,-6.0,-2.0
-6.0,-6.0,-2.0
-6.0,-6.0,-2.0
-6.0,-6.0,-2.0
-6.0,-6.0,-2.0
-6.0,-6.0,-2.0
-6.0,-6.0,-2.0
-6.0,-6.0,-2.0
-6.0,-6.0,-2.0
-6.0,-6.0,-2.0
-6.0,-6.0,-2.0
-6.0,-6.0,-2.0
-6.0,-6.0,-2.0
-6.0,-6.0,-2.0
-6.0,-6.0,-2.0
-6.0,-6.0,-2.0
-6.0,-6.0,-2.0
-6.0,-6.0,-2.0
-6.0,-6.0,-2.0
-6.0,-6.0,-2.0
-6.0,-6.0,-2.0
-6.0,-6.0,-2.0
-6.0,-6.0,-2.0
-6.0,-6.0,-2.0
-6.0,-6.0,-2.0
-6.0,-6.0,-2.0
-6.0,-6.0,-2.0
-6.0,-6.0,-2.0
-6.0,-6.0,-2.0
-6.0,-6.0,-2.0
-6.0,-6.0,-2.0
-6.0,-6.0,-2.0
-6.0,-6.0,-2.0
-6.0,-6.0,-2.0
-6.0,-6.0,-2.0
-6.0,-6.0,-2.0
-6.0,-6.0,-2.0
-6.0,-6.0,-2.0
-6.0,-6.0,-2.0
-6.0,-6.0,-2.0
-6.0,-6.0,-2.0
-6.0,-6.0,-2.0
-6.0,-6.0,-2.0
-6.0,-6.0,-2.0
-6.0,-6.0,-2.0
-6.0,-6.0,-2.0
-6.0,-6.0,-2.0
-6.0,-6.0,-2.0
-6.0,-6.0,-2.0
-6.0,-6.0,-2.0
-6.0,-6.0,-2.0
-6.0,-6.0,-2.0
-6.0,-6.0,-2.0
-6.0,-6.0,-2.0
-6.0,-6.0,-2.0
-6.0,-6.0,-2.0
-6.0,-6.0,-2.0
-6.0,-6.0,-2.0
-6.0,-6.0,-2.0
-6.0,-6.0,-2.0
-6.0,-6.0,-2.0
-6.0,-6.0,-2.0
-6.0,-6.0,-2.0
-6.0,-6.0,-2.0
-6.0,-6.0,-2.0
-6.0,-6.0,-2.0
-6.0,-6.0,-2.0
-6.0,-6.0,-2.0
-6.0,-6.0,-2.0
-6.0,-6.0,-2.0
-6.0,-6.0,-2.0
-6.0,-6.0,-2.0
-6.0,-6.0,-2.0
-6.0,-6.0,-2.0
-6.0,-6.0,-2.0
-6.0,-6.0,-2.0
-6.0,-6.0,-2.0
-6.0,-6.0,-2.0
-6.0,-6.0,-2.0
-6.0,-6.0,-2.0
-6.0,-6.0,-2.0
-6.0,-6.0,-2.0
-6.0,-6.0,-2.0
-6.0,-6.0,-2.0
-6.0,-6.0,-2.0
-6.0,-6.0,-2.0
-6.0,-6.0,-2.0
-6.0,-6.0,-2.0
-6.0,-6.0,-2.0
-6.0,-6.0,-2.0
-6.0,-6.0,-2.0
-6.0,-6.0,-2.0
-6.0,-6.0,-2.0
-6.0,-6.0,-2.0
-6.0,-6.0,-2.0
-6.0,-6.0,-2.0
-6.0,-6.0,-2.0
-6.0,-6.0,-2.0
-6.0,-6.0,-2.0
-6.0,-6.0,-2.0
-6.0,-6.0,-2.0
-6.0,-6.0,-2.0
-6.0,-6.0,-2.0
-6.0,-6.0,-2.0
-6.0,-6.0,-2.0
-6.0,-6.0,-2.0
-6.0,-6.0,-2.0
-6.0,-6.0,-2.0
-6.0,-6.0,-2.0
-6.0,-6.0,-2.0
-6.0,-6.0,-2.0
-6.0,-6.0,-2.0
-6.0,-6.0,-2.0
-6.0,-6.0,-2.0
-6.0,-6.0,-2.0
-6.0,-6.0,-2.0
-6.0,-6.0,-2.0
-6.0,-6.0,-2.0
-6.0,-6.0,-2.0
-6.0,-6.0,-2.0
-6.0,-6.0,-2.0
-6.0,-6.0,-2.0
-6.0,-6.0,-2.0
-6.0,-6.0,-2.0
-6.0,-6.0,-2.0
-6.0,-6.0,-2.0
-6.0,-6.0,-2.0
-6.0,-6.0,-2.0
-6.0,-6.0,-2.0
-6.0,-6.0,-2.0
-6.0,-6.0,-2.0
-6.0,-6.0,-2.0
-6.0,-6.0,-2.0
-6.0,-6.0,-2.0
-6.0,-6.0,-2.0
-6.0,-6.0,-2.0
-6.0,-6.0,-2.0
-6.0,-6.0,-2.0
-6.0,-6.0,-2.0
-6.0,-6.0,-2.0
-6.0,-6.0,-2.0
-6.0,-6.0,-2.0
-6.0,-6.0,-2.0
-6.0,-6.0,-2.0
-6.0,-6.0,-2.0
-6.0,-6.0,-2.0
-6.0,-6.0,-2.0
-6.0,-6.0,-2.0
-6.0,-6.0,-2.0
-6.0,-6.0,-2.0
-6.0,-6.0,-2.0
-6.0,-6.0,-2.0
-6.0,-6.0,-2.0
-6.0,-6.0,-2.0
-6.0,-6.0,-2.0
-6.0,-6.0,-2.0
-6.0,-6.0,-2.0
-6.0,-6.0,-2.0
-6.0,-6.0,-2.0
-6.0,-6.0,-2.0
-6.0,-6.0,-2.0
-6.0,-6.0,-2.0
-6.0,-6.0,-2.0
-6.0,-6.0,-2.0
-6.0,-6.0,-2.0
-6.0,-6.0,-2.0
-6.0,-6.0,-2.0
-6.0,-6.0,-2.0
-6.0,-6.0,-2.0
-6.0,-6.0,-2.0
-6.0,-6.0,-2.0
-6.0,-6.0,-2.0
-6.0,-6.0,-2.0
-6.0,-6.0,-2.0
-6.0,-6.0,-2.0
-6.0,-6.0,-2.0
-6.0,-6.0,-2.0
-6.0,-6.0,-2.0
-6.0,-6.0,-2.0
-6.0,-6.0,-2.0
-6.0,-6.0,-2.0
-6.0,-6.0,-2.0
-6.0,-6.0,-2.0
-6.0,-6.0,-2.0
-6.0,-6.0,-2.0
-6.0,-6.0,-2.0
-6.0,-6.0,-2.0
-6.0,-6.0,-2.0
-6.0,-6.0,-2.0
-6.0,-6.0,-2.0
-6.0,-6.0,-2.0
-6.0,-6.0,-2.0
-6.0,-6.0,-2.0
-6.0,-6.0,-2.0
-6.0,-6.0,-2.0
-6.0,-6.0,-2.0
-6.0,-6.0,-2.0
-6.0,-6.0,-2.0
-6.0,-6.0,-2.0
-6.0,-6.0,-2.0
-6.0,-6.0,-2.0
-6.0,-6.0,-2.0
-6.0,-6.0,-2.0
-6.0,-6.0,-2.0
-6.0,-6.0,-2.0
-6.0,-6.0,-2.0
-6.0,-6.0,-2.0
-6.0,-6.0,-2.0
-6.0,-6.0,-2.0
-6.0,-6.0,-2.0
-6.0,-6.0,-2.0
-6.0,-6.0,-2.0
-6.0,-6.0,-2.0
-6.0,-6.0,-2.0
-6.0,-6.0,-2.0
-6.0,-6.0,-2.0
-6.0,-6.0,-2.0
-6.0,-6.0,-2.0
-6.0,-6.0,-2.0
-6.0,-6.0,-2.0
-6.0,-6.0,-2.0
-6.0,-6.0,-2.0
-6.0,-6.0,-2.0
-6.0,-6.0,-2.0
-6.0,-6.0,-2.0
-6.0,-6.0,-2.0
-6.0,-6.0,-2.0
-6.0,-6.0,-2.0
-6.0,-6.0,-2.0
-6.0,-6.0,-2.0
-6.0,-6.0,-2.0
-6.0,-6.0,-2.0
-6.0,-6.0,-2.0
-6.0,-6.0,-2.0
-6.0,-6.0,-2.0
-6.0,-6.0,-2.0
-6.0,-6.0,-2.0
-6.0,-6.0,-2.0
-6.0,-6.0,-2.0
-6.0,-6.0,-2.0
-6.0,-6.0,-2.0
-6.0,-6.0,-2.0
-6.0,-6.0,-2.0
-6.0,-6.0,-2.0
-6.0,-6.0,-2.0
-6.0,-6.0,-2.0
-6.0,-6.0,-2.0
-6.0,-6.0,-2.0
-6.0,-6.0,-2.0
-6.0,-6.0,-2.0
-6.0,-6.0,-2.0
-6.0,-6.0,-2.0
-6.0,-6.0,-2.0
-6.0,-6.0,-2.0
-6.0,-6.0,-2.0
-6.0,-6.0,-2.0
-6.0,-6.0,-2.0
-6.0,-6.0,-2.0
-6.0,-6.0,-2.0
-6.0,-6.0,-2.0
-6.0,-6.0,-2.0
-6.0,-6.0,-2.0
-6.0,-6.0,-2.0
-6.0,-6.0,-2.0
-6.0,-6.0,-2.0
-6.0,-6.0,-2.0
-6.0,-6.0,-2.0
-6.0,-6.0,-2.0
-6.0,-6.0,-2.0
-6.0,-6.0,-2.0
-6.0,-6.0,-2.0
-6.0,-6.0,-2.0
-6.0,-6.0,-2.0
-6.0,-6.0,-2.0
-6.0,-6.0,-2.0
-6.0,-6.0,-2.0
-6.0,-6.0,-2.0
-6.0,-6.0,-2.0
-6.0,-6.0,-2.0
-6.0,-6.0,-2.0
-6.0,-6.0,-2.0
-6.0,-6.0,-2.0
-6.0,-6.0,-2.0
-6.0,-6.0,-2.0
-6.0,-6.0,-2.0
-6.0,-6.0,-2.0
-6.0,-6.0,-2.0
-6.0,-6.0,-2.0
-6.0,-6.0,-2.0
-6.0,-6.0,-2.0
-6.0,-6.0,-2.0
-6.0,-6.0,-2.0
-6.0,-6.0,-2.0
-6.0,-6.0,-2.0
-6.0,-6.0,-2.0
-6.0,-6.0,-2.0
-6.0,-6.0,-2.0
-6.0,-6.0,-2.0
-6.0,-6.0,-2.0
-6.0,-6.0,-2.0
-6.0,-6.0,-2.0
-6.0,-6.0,-2.0
-6.0,-6.0,-2.0
-6.0,-6.0,-2.0
-6.0,-6.0,-2.0
-6.0,-6.0,-2.0
-6.0,-6.0,-2.0
-6.0,-6.0,-2.0
-6.0,-6.0,-2.0
-6.0,-6.0,-2.0
-6.0,-6.0,-2.0
-6.0,-6.0,-2.0
-6.0,-6.0,-2.0
-6.0,-6.0,-2.0
-6.0,-6.0,-2.0
-6.0,-6.0,-2.0
-6.0,-6.0,-2.0
-6.0,-6.0,-2.0
-6.0,-6.0,-2.0
-6.0,-6.0,-2.0
-6.0,-6.0,-2.0
-6.0,-6.0,-2.0
-6.0,-6.0,-2.0
-6.0,-6.0,-2.0
-6.0,-6.0,-2.0
-6.0,-6.0,-2.0
-6.0,-6.0,-2.0
-6.0,-6.0,-2.0
-6.0,-6.0,-2.0
-6.0,-6.0,-2.0
-6.0,-6.0,-2.0
-6.0,-6.0,-2.0
-6.0,-6.0,-2.0
-6.0,-6.0,-2.0
-6.0,-6.0,-2.0
-6.0,-6.0,-2.0
-6.0,-6.0,-2.0
-6.0,-6.0,-2.0
-6.0,-6.0,-2.0
-6.0,-6.0,-2.0
-6.0,-6.0,-2.0
-6.0,-6.0,-2.0
-6.0,-6.0,-2.0
-6.0,-6.0,-2.0
-6.0,-6.0,-2.0
-6.0,-6.0,-2.0
-6.0,-6.0,-2.0
-6.0,-6.0,-2.0
-6.0,-6.0,-2.0
-6.0,-6.0,-2.0
-6.0,-6.0,-2.0
-6.0,-6.0,-2.0
-6.0,-6.0,-2.0
-6.0,-6.0,-2.0
-6.0,-6.0,-2.0
-6.0,-6.0,-2.0
-6.0,-6.0,-2.0
-6.0,-6.0,-2.0
-6.0,-6.0,-2.0
-6.0,-6.0,-2.0
-6.0,-6.0,-2.0
-6.0,-6.0,-2.0
-6.0,-6.0,-2.0
-6.0,-6.0,-2.0
-6.0,-6.0,-2.0
-6.0,-6.0,-2.0
-6.0,-6.0,-2.0
-6.0,-6.0,-2.0
-6.0,-6.0,-2.0
-6.0,-6.0,-2.0
-6.0,-6.0,-2.0
-6.0,-6.0,-2.0
-6.0,-6.0,-2.0
-6.0,-6.0,-2.0
-6.0,-6.0,-2.0
-6.0,-6.0,-2.0
-6.0,-6.0,-2.0
-6.0,-6.0,-2.0
-6.0,-6.0,-2.0
-6.0,-6.0,-2.0
-6.0,-6.0,-2.0
-6.0,-6.0,-2.0
-6.0,-6.0,-2.0
-6.0,-6.0,-2.0
-6.0,-6.0,-2.0
-6.0,-6.0,-2.0
-6.0,-6.0,-2.0
-6.0,-6.0,-2.0
-6.0,-6.0,-2.0
-6.0,-6.0,-2.0
-6.0,-6.0,-2.0
-6.0,-6.0,-2.0
-6.0,-6.0,-2.0
-6.0,-6.0,-2.0
-6.0,-6.0,-2.0
-6.0,-6.0,-2.0
-6.0,-6.0,-2.0
-6.0,-6.0,-2.0
-6.0,-6.0,-2.0
-6.0,-6.0,-2.0
-6.0,-6.0,-2.0
-6.0,-6.0,-2.0
-6.0,-6.0,-2.0
-6.0,-6.0,-2.0
-6.0,-6.0,-2.0
-6.0,-6.0,-2.0
-6.0,-6.0,-2.0
-6.0,-6.0,-2.0
-6.0,-6.0,-2.0
-6.0,-6.0,-2.0
-6.0,-6.0,-2.0
-6.0,-6.0,-2.0
-6.0,-6.0,-2.0
-6.0,-6.0,-2.0
-6.0,-6.0,-2.0
-6.0,-6.0,-2.0
-6.0,-6.0,-2.0
-6.0,-6.0,-2.0
-6.0,-6.0,-2.0
-6.0,-6.0,-2.0
-6.0,-6.0,-2.0
-6.0,-6.0,-2.0
-6.0,-6.0,-2.0
-6.0,-6.0,-2.0
-6.0,-6.0,-2.0
-6.0,-6.0,-2.0
-6.0,-6.0,-2.0
-6.0,-6.0,-2.0
-6.0,-6.0,-2.0
-6.0,-6.0,-2.0
-6.0,-6.0,-2.0
-6.0,-6.0,-2.0
-6.0,-6.0,-2.0
-6.0,-6.0,-2.0
-6.0,-6.0,-2.0
-6.0,-6.0,-2.0
-6.0,-6.0,-2.0
-6.0,-6.0,-2.0
-6.0,-6.0,-2.0
-6.0,-6.0,-2.0
-6.0,-6.0,-2.0
-6.0,-6.0,-2.0
-6.0,-6.0,-2.0
-6.0,-6.0,-2.0
-6.0,-6.0,-2.0
-6.0,-6.0,-2.0
-6.0,-6.0,-2.0
-6.0,-6.0,-2.0
-6.0,-6.0,-2.0
-6.0,-6.0,-2.0
-6.0,-6.0,-2.0
-6.0,-6.0,-2.0
-6.0,-6.0,-2.0
-6.0,-6.0,-2.0
-6.0,-6.0,-2.0
-6.0,-6.0,-2.0
-6.0,-6.0,-2.0
-6.0,-6.0,-2.0
-6.0,-6.0,-2.0
-6.0,-6.0,-2.0
-6.0,-6.0,-2.0
-6.0,-6.0,-2.0
-6.0,-6.0,-2.0
-6.0,-6.0,-2.0
-6.0,-6.0,-2.0
-6.0,-6.0,-2.0
-6.0,-6.0,-2.0
-6.0,-6.0,-2.0
-6.0,-6.0,-2.0
-6.0,-6.0,-2.0
-6.0,-6.0,-2.0
-6.0,-6.0,-2.0
-6.0,-6.0,-2.0
-6.0,-6.0,-2.0
-6.0,-6.0,-2.0
-6.0,-6.0,-2.0
-6.0,-6.0,-2.0
-6.0,-6.0,-2.0
-6.0,-6.0,-2.0
-6.0,-6.0,-2.0
-6.0,-6.0,-2.0
-6.0,-6.0,-2.0
-6.0,-6.0,-2.0
-6.0,-6.0,-2.0
-6.0,-6.0,-2.0
-6.0,-6.0,-2.0
-6.0,-6.0,-2.0
-6.0,-6.0,-2.0
-6.0,-6.0,-2.0
-6.0,-6.0,-2.0
-6.0,-6.0,-2.0
-6.0,-6.0,-2.0
-6.0,-6.0,-2.0
-6.0,-6.0,-2.0
-6.0,-6.0,-2.0
-6.0,-6.0,-2.0
-6.0,-6.0,-2.0
-6.0,-6.0,-2.0
-6.0,-6.0,-2.0
-6.0,-6.0,-2.0
-6.0,-6.0,-2.0
-6.0,-6.0,-2.0
-6.0,-6.0,-2.0
-6.0,-6.0,-2.0
-6.0,-6.0,-2.0
-6.0,-6.0,-2.0
-6.0,-6.0,-2.0
-6.0,-6.0,-2.0
-6.0,-6.0,-2.0
-6.0,-6.0,-2.0
-6.0,-6.0,-2.0
-6.0,-6.0,-2.0
-6.0,-6.0,-2.0
-6.0,-6.0,-2.0
-6.0,-6.0,-2.0
-6.0,-6.0,-2.0
-6.0,-6.0,-2.0
-6.0,-6.0,-2.0
-6.0,-6.0,-2.0
-6.0,-6.0,-2.0
-6.0,-6.0,-2.0
-6.0,-6.0,-2.0
-6.0,-6.0,-2.0
-6.0,-6.0,-2.0
-6.0,-6.0,-2.0
-6.0,-6.0,-2.0
-6.0,-6.0,-2.0
-6.0,-6.0,-2.0
-6.0,-6.0,-2.0
-6.0,-6.0,-2.0
-6.0,-6.0,-2.0
-6.0,-6.0,-2.0
-6.0,-6.0,-2.0
-6.0,-6.0,-2.0
-6.0,-6.0,-2.0
-6.0,-6.0,-2.0
-6.0,-6.0,-2.0
-6.0,-6.0,-2.0
-6.0,-6.0,-2.0
-6.0,-6.0,-2.0
-6.0,-6.0,-2.0
-6.0,-6.0,-2.0
-6.0,-6.0,-2.0
-6.0,-6.0,-2.0
-6.0,-6.0,-2.0
-6.0,-6.0,-2.0
-6.0,-6.0,-2.0
-6.0,-6.0,-2.0
-6.0,-6.0,-2.0
-6.0,-6.0,-2.0
-6.0,-6.0,-2.0
-6.0,-6.0,-2.0
-6.0,-6.0,-2.0
-6.0,-6.0,-2.0
-6.0,-6.0,-2.0
-6.0,-6.0,-2.0
-6.0,-6.0,-2.0
-6.0,-6.0,-2.0
-6.0,-6.0,-2.0
-6.0,-6.0,-2.0
-6.0,-6.0,-2.0
-6.0,-6.0,-2.0
-6.0,-6.0,-2.0
-6.0,-6.0,-2.0
-6.0,-6.0,-2.0
-6.0,-6.0,-2.0
-6.0,-6.0,-2.0
-6.0,-6.0,-2.0
-6.0,-6.0,-2.0
-6.0,-6.0,-2.0
-6.0,-6.0,-2.0
-6.0,-6.0,-2.0
-6.0,-6.0,-2.0
-6.0,-6.0,-2.0
-6.0,-6.0,-2.0
-6.0,-6.0,-2.0
-6.0,-6.0,-2.0
-6.0,-6.0,-2.0
-6.0,-6.0,-2.0
-6.0,-6.0,-2.0
-6.0,-6.0,-2.0
-6.0,-6.0,-2.0
-6.0,-6.0,-2.0
-6.0,-6.0,-2.0
-6.0,-6.0,-2.0
-6.0,-6.0,-2.0
-6.0,-6.0,-2.0
-6.0,-6.0,-2.0
-6.0,-6.0,-2.0
-6.0,-6.0,-2.0
-6.0,-6.0,-2.0
-6.0,-6.0,-2.0
-6.0,-6.0,-2.0
-6.0,-6.0,-2.0
-6.0,-6.0,-2.0
-6.0,-6.0,-2.0
-6.0,-6.0,-2.0
-6.0,-6.0,-2.0
-6.0,-6.0,-2.0
-6.0,-6.0,-2.0
-6.0,-6.0,-2.0
-6.0,-6.0,-2.0
-6.0,-6.0,-2.0
-6.0,-6.0,-2.0
-6.0,-6.0,-2.0
-6.0,-6.0,-2.0
-6.0,-6.0,-2.0
-6.0,-6.0,-2.0
-6.0,-6.0,-2.0
-6.0,-6.0,-2.0
-6.0,-6.0,-2.0
-6.0,-6.0,-2.0
-6.0,-6.0,-2.0
-6.0,-6.0,-2.0
-6.0,-6.0,-2.0
-6.0,-6.0,-2.0
-6.0,-6.0,-2.0
-6.0,-6.0,-2.0
-6.0,-6.0,-2.0
-6.0,-6.0,-2.0
-6.0,-6.0,-2.0
-6.0,-6.0,-2.0
-6.0,-6.0,-2.0
-6.0,-6.0,-2.0
-6.0,-6.0,-2.0
-6.0,-6.0,-2.0
-6.0,-6.0,-2.0
-6.0,-6.0,-2.0
-6.0,-6.0,-2.0
-6.0,-6.0,-2.0
-6.0,-6.0,-2.0
-6.0,-6.0,-2.0
-6.0,-6.0,-2.0
-6.0,-6.0,-2.0
-6.0,-6.0,-2.0
-6.0,-6.0,-2.0
-6.0,-6.0,-2.0
-6.0,-6.0,-2.0
-6.0,-6.0,-2.0
-6.0,-6.0,-2.0
-6.0,-6.0,-2.0
-6.0,-6.0,-2.0
-6.0,-6.0,-2.0
-6.0,-6.0,-2.0
-6.0,-6.0,-2.0
-6.0,-6.0,-2.0
-6.0,-6.0,-2.0
-6.0,-6.0,-2.0
-6.0,-6.0,-2.0
-6.0,-6.0,-2.0
-6.0,-6.0,-2.0
-6.0,-6.0,-2.0
-6.0,-6.0,-2.0
-6.0,-6.0,-2.0
-6.0,-6.0,-2.0
-6.0,-6.0,-2.0
-6.0,-6.0,-2.0
-6.0,-6.0,-2.0
-6.0,-6.0,-2.0
-6.0,-6.0,-2.0
-6.0,-6.0,-2.0
-6.0,-6.0,-2.0
-6.0,-6.0,-2.0
-6.0,-6.0,-2.0
-6.0,-6.0,-2.0
-6.0,-6.0,-2.0
-6.0,-6.0,-2.0
-6.0,-6.0,-2.0
-6.0,-6.0,-2.0
-6.0,-6.0,-2.0
-6.0,-6.0,-2.0
-6.0,-6.0,-2.0
-6.0,-6.0,-2.0
-6.0,-6.0,-2.0
-6.0,-6.0,-2.0
-6.0,-6.0,-2.0
-6.0,-6.0,-2.0
-6.0,-6.0,-2.0
-6.0,-6.0,-2.0
-6.0,-6.0,-2.0
-6.0,-6.0,-2.0
-6.0,-6.0,-2.0
-6.0,-6.0,-2.0
-6.0,-6.0,-2.0
-6.0,-6.0,-2.0
-6.0,-6.0,-2.0
-6.0,-6.0,-2.0
-6.0,-6.0,-2.0
-6.0,-6.0,-2.0
-6.0,-6.0,-2.0
-6.0,-6.0,-2.0
-6.0,-6.0,-2.0
-6.0,-6.0,-2.0
-6.0,-6.0,-2.0
-6.0,-6.0,-2.0
-6.0,-6.0,-2.0
-6.0,-6.0,-2.0
-6.0,-6.0,-2.0
-6.0,-6.0,-2.0
-6.0,-6.0,-2.0
-6.0,-6.0,-2.0
-6.0,-6.0,-2.0
-6.0,-6.0,-2.0
-6.0,-6.0,-2.0
-6.0,-6.0,-2.0
-6.0,-6.0,-2.0
-6.0,-6.0,-2.0
-6.0,-6.0,-2.0
-6.0,-6.0,-2.0
-6.0,-6.0,-2.0
-6.0,-6.0,-2.0
-6.0,-6.0,-2.0
-6.0,-6.0,-2.0
-6.0,-6.0,-2.0
-6.0,-6.0,-2.0
-6.0,-6.0,-2.0
-6.0,-6.0,-2.0
-6.0,-6.0,-2.0
-6.0,-6.0,-2.0
-6.0,-6.0,-2.0
-6.0,-6.0,-2.0
-6.0,-6.0,-2.0
-6.0,-6.0,-2.0
-6.0,-6.0,-2.0
-6.0,-6.0,-2.0
-6.0,-6.0,-2.0
-6.0,-6.0,-2.0
-6.0,-6.0,-2.0
-6.0,-6.0,-2.0
-6.0,-6.0,-2.0
-6.0,-6.0,-2.0
-6.0,-6.0,-2.0
-6.0,-6.0,-2.0
-6.0,-6.0,-2.0
-6.0,-6.0,-2.0
-6.0,-6.0,-2.0
-6.0,-6.0,-2.0
-6.0,-6.0,-2.0
-6.0,-6.0,-2.0
-6.0,-6.0,-2.0
-6.0,-6.0,-2.0
-6.0,-6.0,-2.0
-6.0,-6.0,-2.0
-6.0,-6.0,-2.0
-6.0,-6.0,-2.0
-6.0,-6.0,-2.0
-6.0,-6.0,-2.0
-6.0,-6.0,-2.0
-6.0,-6.0,-2.0
-6.0,-6.0,-2.0
-6.0,-6.0,-2.0
-6.0,-6.0,-2.0
-6.0,-6.0,-2.0
-6.0,-6.0,-2.0
-6.0,-6.0,-2.0
-6.0,-6.0,-2.0
-6.0,-6.0,-2.0
-6.0,-6.0,-2.0
-6.0,-6.0,-2.0
-6.0,-6.0,-2.0
-6.0,-6.0,-2.0
-6.0,-6.0,-2.0
-6.0,-6.0,-2.0
-6.0,-6.0,-2.0
-6.0,-6.0,-2.0
-6.0,-6.0,-2.0
-6.0,-6.0,-2.0
-6.0,-6.0,-2.0
-6.0,-6.0,-2.0
-6.0,-6.0,-2.0
-6.0,-6.0,-2.0
-6.0,-6.0,-2.0
-6.0,-6.0,-2.0
-6.0,-6.0,-2.0
-6.0,-6.0,-2.0
-6.0,-6.0,-2.0
-6.0,-6.0,-2.0
-6.0,-6.0,-2.0
-6.0,-6.0,-2.0
-6.0,-6.0,-2.0
-6.0,-6.0,-2.0
-6.0,-6.0,-2.0
-6.0,-6.0,-2.0
-6.0,-6.0,-2.0
-6.0,-6.0,-2.0
-6.0,-6.0,-2.0
-6.0,-6.0,-2.0
-6.0,-6.0,-2.0
-6.0,-6.0,-2.0
-6.0,-6.0,-2.0
-6.0,-6.0,-2.0
-6.0,-6.0,-2.0
-6.0,-6.0,-2.0
-6.0,-6.0,-2.0
-6.0,-6.0,-2.0
-6.0,-6.0,-2.0
-6.0,-6.0,-2.0
-6.0,-6.0,-2.0
-6.0,-6.0,-2.0
-6.0,-6.0,-2.0
-6.0,-6.0,-2.0
-6.0,-6.0,-2.0
-6.0,-6.0,-2.0
-6.0,-6.0,-2.0
-6.0,-6.0,-2.0
-6.0,-6.0,-2.0
-6.0,-6.0,-2.0
-6.0,-6.0,-2.0
-6.0,-6.0,-2.0
-6.0,-6.0,-2.0
-6.0,-6.0,-2.0
-6.0,-6.0,-2.0
-6.0,-6.0,-2.0
-6.0,-6.0,-2.0
-6.0,-6.0,-2.0
-6.0,-6.0,-2.0
-6.0,-6.0,-2.0
-6.0,-6.0,-2.0
-6.0,-6.0,-2.0
-6.0,-6.0,-2.0
-6.0,-6.0,-2.0
-6.0,-6.0,-2.0
-6.0,-6.0,-2.0
-6.0,-6.0,-2.0
-6.0,-6.0,-2.0
-6.0,-6.0,-2.0
-6.0,-6.0,-2.0
-6.0,-6.0,-2.0
-6.0,-6.0,-2.0
-6.0,-6.0,-2.0
-6.0,-6.0,-2.0
-6.0,-6.0,-2.0
-6.0,-6.0,-2.0
-6.0,-6.0,-2.0
-6.0,-6.0,-2.0
-6.0,-6.0,-2.0
-6.0,-6.0,-2.0
-6.0,-6.0,-2.0
-6.0,-6.0,-2.0
-6.0,-6.0,-2.0
-6.0,-6.0,-2.0
-6.0,-6.0,-2.0
-6.0,-6.0,-2.0
-6.0,-6.0,-2.0
-6.0,-6.0,-2.0
-6.0,-6.0,-2.0
-6.0,-6.0,-2.0
-6.0,-6.0,-2.0
-6.0,-6.0,-2.0
-6.0,-6.0,-2.0
-6.0,-6.0,-2.0
-6.0,-6.0,-2.0
-6.0,-6.0,-2.0
-6.0,-6.0,-2.0
-6.0,-6.0,-2.0
-6.0,-6.0,-2.0
-6.0,-6.0,-2.0
-6.0,-6.0,-2.0
-6.0,-6.0,-2.0
-6.0,-6.0,-2.0
-6.0,-6.0,-2.0
-6.0,-6.0,-2.0
-6.0,-6.0,-2.0
-6.0,-6.0,-2.0
-6.0,-6.0,-2.0
-6.0,-6.0,-2.0
-6.0,-6.0,-2.0
-6.0,-6.0,-2.0
-6.0,-6.0,-2.0
-6.0,-6.0,-2.0
-6.0,-6.0,-2.0
-6.0,-6.0,-2.0
-6.0,-6.0,-2.0
-6.0,-6.0,-2.0
-6.0,-6.0,-2.0
-6.0,-6.0,-2.0
-6.0,-6.0,-2.0
-6.0,-6.0,-2.0
-6.0,-6.0,-2.0
-6.0,-6.0,-2.0
-6.0,-6.0,-2.0
-6.0,-6.0,-2.0
-6.0,-6.0,-2.0
-6.0,-6.0,-2.0
-6.0,-6.0,-2.0
-6.0,-6.0,-2.0
-6.0,-6.0,-2.0
-6.0,-6.0,-2.0
-6.0,-6.0,-2.0
-6.0,-6.0,-2.0
-6.0,-6.0,-2.0
-6.0,-6.0,-2.0
-6.0,-6.0,-2.0
-6.0,-6.0,-2.0
-6.0,-6.0,-2.0
-6.0,-6.0,-2.0
-6.0,-6.0,-2.0
-6.0,-6.0,-2.0
-6.0,-6.0,-2.0
-6.0,-6.0,-2.0
-6.0,-6.0,-2.0
-6.0,-6.0,-2.0
-6.0,-6.0,-2.0
-6.0,-6.0,-2.0
-6.0,-6.0,-2.0
-6.0,-6.0,-2.0
-6.0,-6.0,-2.0
-6.0,-6.0,-2.0
-6.0,-6.0,-2.0
-6.0,-6.0,-2.0
-6.0,-6.0,-2.0
-6.0,-6.0,-2.0
-6.0,-6.0,-2.0
-6.0,-6.0,-2.0
-6.0,-6.0,-2.0
-6.0,-6.0,-2.0
-6.0,-6.0,-2.0
-6.0,-6.0,-2.0
-6.0,-6.0,-2.0
-6.0,-6.0,-2.0
-6.0,-6.0,-2.0
-6.0,-6.0,-2.0
-6.0,-6.0,-2.0
-6.0,-6.0,-2.0
-6.0,-6.0,-2.0
-6.0,-6.0,-2.0
-6.0,-6.0,-2.0
-6.0,-6.0,-2.0
-6.0,-6.0,-2.0
-6.0,-6.0,-2.0
-6.0,-6.0,-2.0
-6.0,-6.0,-2.0
-6.0,-6.0,-2.0
-6.0,-6.0,-2.0
-6.0,-6.0,-2.0
-6.0,-6.0,-2.0
-6.0,-6.0,-2.0
-6.0,-6.0,-2.0
-6.0,-6.0,-2.0
-6.0,-6.0,-2.0
-6.0,-6.0,-2.0
-6.0,-6.0,-2.0
-6.0,-6.0,-2.0
-6.0,-6.0,-2.0
-6.0,-6.0,-2.0
-6.0,-6.0,-2.0
-6.0,-6.0,-2.0
-6.0,-6.0,-2.0
-6.0,-6.0,-2.0
-6.0,-6.0,-2.0
-6.0,-6.0,-2.0
-6.0,-6.0,-2.0
-6.0,-6.0,-2.0
-6.0,-6.0,-2.0
-6.0,-6.0,-2.0
-6.0,-6.0,-2.0
-6.0,-6.0,-2.0
-6.0,-6.0,-2.0
-6.0,-6.0,-2.0
-6.0,-6.0,-2.0
-6.0,-6.0,-2.0
-6.0,-6.0,-2.0
-6.0,-6.0,-2.0
-6.0,-6.0,-2.0
-6.0,-6.0,-2.0
-6.0,-6.0,-2.0
-6.0,-6.0,-2.0
-6.0,-6.0,-2.0
-6.0,-6.0,-2.0
-6.0,-6.0,-2.0
-6.0,-6.0,-2.0
-6.0,-6.0,-2.0
-6.0,-6.0,-2.0
-6.0,-6.0,-2.0
-6.0,-6.0,-2.0
-6.0,-6.0,-2.0
-6.0,-6.0,-2.0
-6.0,-6.0,-2.0
-6.0,-6.0,-2.0
-6.0,-6.0,-2.0
-6.0,-6.0,-2.0
-6.0,-6.0,-2.0
-6.0,-6.0,-2.0
-6.0,-6.0,-2.0
-6.0,-6.0,-2.0
-6.0,-6.0,-2.0
-6.0,-6.0,-2.0
-6.0,-6.0,-2.0
-6.0,-6.0,-2.0
-6.0,-6.0,-2.0
-6.0,-6.0,-2.0
-6.0,-6.0,-2.0
-6.0,-6.0,-2.0
-6.0,-6.0,-2.0
-6.0,-6.0,-2.0
-6.0,-6.0,-2.0
-6.0,-6.0,-2.0
-6.0,-6.0,-2.0
-6.0,-6.0,-2.0
-6.0,-6.0,-2.0
-6.0,-6.0,-2.0
-6.0,-6.0,-2.0
-6.0,-6.0,-2.0
-6.0,-6.0,-2.0
-6.0,-6.0,-2.0
-6.0,-6.0,-2.0
-6.0,-6.0,-2.0
-6.0,-6.0,-2.0
-6.0,-6.0,-2.0
-6.0,-6.0,-2.0
-6.0,-6.0,-2.0
-6.0,-6.0,-2.0
-6.0,-6.0,-2.0
-6.0,-6.0,-2.0
-6.0,-6.0,-2.0
-6.0,-6.0,-2.0
-6.0,-6.0,-2.0
-6.0,-6.0,-2.0
-6.0,-6.0,-2.0
-6.0,-6.0,-2.0
-6.0,-6.0,-2.0
-6.0,-6.0,-2.0
-6.0,-6.0,-2.0
-6.0,-6.0,-2.0
-6.0,-6.0,-2.0
-6.0,-6.0,-2.0
-6.0,-6.0,-2.0
-6.0,-6.0,-2.0
-6.0,-6.0,-2.0
-6.0,-6.0,-2.0
-6.0,-6.0,-2.0
-6.0,-6.0,-2.0
-6.0,-6.0,-2.0
-6.0,-6.0,-2.0
-6.0,-6.0,-2.0
-6.0,-6.0,-2.0
-6.0,-6.0,-2.0
-6.0,-6.0,-2.0
-6.0,-6.0,-2.0
-6.0,-6.0,-2.0
-6.0,-6.0,-2.0
-6.0,-6.0,-2.0
-6.0,-6.0,-2.0
-6.0,-6.0,-2.0
-6.0,-6.0,-2.0
-6.0,-6.0,-2.0
-6.0,-6.0,-2.0
-6.0,-6.0,-2.0
-6.0,-6.0,-2.0
-6.0,-6.0,-2.0
-6.0,-6.0,-2.0
-6.0,-6.0,-2.0
-6.0,-6.0,-2.0
-6.0,-6.0,-2.0
-6.0,-6.0,-2.0
-6.0,-6.0,-2.0
-6.0,-6.0,-2.0
-6.0,-6.0,-2.0
-6.0,-6.0,-2.0
-6.0,-6.0,-2.0
-6.0,-6.0,-2.0
-6.0,-6.0,-2.0
-6.0,-6.0,-2.0
-6.0,-6.0,-2.0
-6.0,-6.0,-2.0
-6.0,-6.0,-2.0
-6.0,-6.0,-2.0
-6.0,-6.0,-2.0
-6.0,-6.0,-2.0
-6.0,-6.0,-2.0
-6.0,-6.0,-2.0
-6.0,-6.0,-2.0
-6.0,-6.0,-2.0
-6.0,-6.0,-2.0
-6.0,-6.0,-2.0
-6.0,-6.0,-2.0
-6.0,-6.0,-2.0
-6.0,-6.0,-2.0
-6.0,-6.0,-2.0
-6.0,-6.0,-2.0
-6.0,-6.0,-2.0
-6.0,-6.0,-2.0
-6.0,-6.0,-2.0
-6.0,-6.0,-2.0
-6.0,-6.0,-2.0
-6.0,-6.0,-2.0
-6.0,-6.0,-2.0
-6.0,-6.0,-2.0
-6.0,-6.0,-2.0
-6.0,-6.0,-2.0
-6.0,-6.0,-2.0
-6.0,-6.0,-2.0
-6.0,-6.0,-2.0
-6.0,-6.0,-2.0
-6.0,-6.0,-2.0
-6.0,-6.0,-2.0
-6.0,-6.0,-2.0
-6.0,-6.0,-2.0
-6.0,-6.0,-2.0
-6.0,-6.0,-2.0
-6.0,-6.0,-2.0
-6.0,-6.0,-2.0
-6.0,-6.0,-2.0
-6.0,-6.0,-2.0
-6.0,-6.0,-2.0
-6.0,-6.0,-2.0
-6.0,-6.0,-2.0
-6.0,-6.0,-2.0
-6.0,-6.0,-2.0
-6.0,-6.0,-2.0
-6.0,-6.0,-2.0
-6.0,-6.0,-2.0
-6.0,-6.0,-2.0
-6.0,-6.0,-2.0
-6.0,-6.0,-2.0
-6.0,-6.0,-2.0
-6.0,-6.0,-2.0
-6.0,-6.0,-2.0
-6.0,-6.0,-2.0
-6.0,-6.0,-2.0
-6.0,-6.0,-2.0
-6.0,-6.0,-2.0
-6.0,-6.0,-2.0
-6.0,-6.0,-2.0
-6.0,-6.0,-2.0
-6.0,-6.0,-2.0
-6.0,-6.0,-2.0
-6.0,-6.0,-2.0
-6.0,-6.0,-2.0
-6.0,-6.0,-2.0
-6.0,-6.0,-2.0
-6.0,-6.0,-2.0
-6.0,-6.0,-2.0
-6.0,-6.0,-2.0
-6.0,-6.0,-2.0
-6.0,-6.0,-2.0
-6.0,-6.0,-2.0
-6.0,-6.0,-2.0
-6.0,-6.0,-2.0
-6.0,-6.0,-2.0
-6.0,-6.0,-2.0
-6.0,-6.0,-2.0
-6.0,-6.0,-2.0
-6.0,-6.0,-2.0
-6.0,-6.0,-2.0
-6.0,-6.0,-2.0
-6.0,-6.0,-2.0
-6.0,-6.0,-2.0
-6.0,-6.0,-2.0
-6.0,-6.0,-2.0
-6.0,-6.0,-2.0
-6.0,-6.0,-2.0
-6.0,-6.0,-2.0
-6.0,-6.0,-2.0
-6.0,-6.0,-2.0
-6.0,-6.0,-2.0
-6.0,-6.0,-2.0
-6.0,-6.0,-2.0
-6.0,-6.0,-2.0
-6.0,-6.0,-2.0
-6.0,-6.0,-2.0
-6.0,-6.0,-2.0
-6.0,-6.0,-2.0
-6.0,-6.0,-2.0
-6.0,-6.0,-2.0
-6.0,-6.0,-2.0
-6.0,-6.0,-2.0
-6.0,-6.0,-2.0
-6.0,-6.0,-2.0
-6.0,-6.0,-2.0
-6.0,-6.0,-2.0
-6.0,-6.0,-2.0
-6.0,-6.0,-2.0
-6.0,-6.0,-2.0
-6.0,-6.0,-2.0
-6.0,-6.0,-2.0
-6.0,-6.0,-2.0
-6.0,-6.0,-2.0
-6.0,-6.0,-2.0
-6.0,-6.0,-2.0
-6.0,-6.0,-2.0
-6.0,-6.0,-2.0
-6.0,-6.0,-2.0
-6.0,-6.0,-2.0
-6.0,-6.0,-2.0
-6.0,-6.0,-2.0
-6.0,-6.0,-2.0
-6.0,-6.0,-2.0
-6.0,-6.0,-2.0
-6.0,-6.0,-2.0
-6.0,-6.0,-2.0
-6.0,-6.0,-2.0
-6.0,-6.0,-2.0
-6.0,-6.0,-2.0
-6.0,-6.0,-2.0
-6.0,-6.0,-2.0
-6.0,-6.0,-2.0
-6.0,-6.0,-2.0
-6.0,-6.0,-2.0
-6.0,-6.0,-2.0
-6.0,-6.0,-2.0
-6.0,-6.0,-2.0
-6.0,-6.0,-2.0
-6.0,-6.0,-2.0
-6.0,-6.0,-2.0
-6.0,-6.0,-2.0
-6.0,-6.0,-2.0
-6.0,-6.0,-2.0
-6.0,-6.0,-2.0
-6.0,-6.0,-2.0
-6.0,-6.0,-2.0
-6.0,-6.0,-2.0
-6.0,-6.0,-2.0
-6.0,-6.0,-2.0
-6.0,-6.0,-2.0
-6.0,-6.0,-2.0
-6.0,-6.0,-2.0
-6.0,-6.0,-2.0
-6.0,-6.0,-2.0
-6.0,-6.0,-2.0
-6.0,-6.0,-2.0
-6.0,-6.0,-2.0
-6.0,-6.0,-2.0
-6.0,-6.0,-2.0
-6.0,-6.0,-2.0
-6.0,-6.0,-2.0
-6.0,-6.0,-2.0
-6.0,-6.0,-2.0
-6.0,-6.0,-2.0
-6.0,-6.0,-2.0
-6.0,-6.0,-2.0
-6.0,-6.0,-2.0
-6.0,-6.0,-2.0
-6.0,-6.0,-2.0
-6.0,-6.0,-2.0
-6.0,-6.0,-2.0
-6.0,-6.0,-2.0
-6.0,-6.0,-2.0
-6.0,-6.0,-2.0
-6.0,-6.0,-2.0
-6.0,-6.0,-2.0
-6.0,-6.0,-2.0
-6.0,-6.0,-2.0
-6.0,-6.0,-2.0
-6.0,-6.0,-2.0
-6.0,-6.0,-2.0
-6.0,-6.0,-2.0
-6.0,-6.0,-2.0
-6.0,-6.0,-2.0
-6.0,-6.0,-2.0
-6.0,-6.0,-2.0
-6.0,-6.0,-2.0
-6.0,-6.0,-2.0
-6.0,-6.0,-2.0
-6.0,-6.0,-2.0
-6.0,-6.0,-2.0
-6.0,-6.0,-2.0
-6.0,-6.0,-2.0
-6.0,-6.0,-2.0
-6.0,-6.0,-2.0
-6.0,-6.0,-2.0
-6.0,-6.0,-2.0
-6.0,-6.0,-2.0
-6.0,-6.0,-2.0
-6.0,-6.0,-2.0
-6.0,-6.0,-2.0
-6.0,-6.0,-2.0
-6.0,-6.0,-2.0
-6.0,-6.0,-2.0
-6.0,-6.0,-2.0
-6.0,-6.0,-2.0
-6.0,-6.0,-2.0
-6.0,-6.0,-2.0
-6.0,-6.0,-2.0
-6.0,-6.0,-2.0
-6.0,-6.0,-2.0
-6.0,-6.0,-2.0
-6.0,-6.0,-2.0
-6.0,-6.0,-2.0
-6.0,-6.0,-2.0
-6.0,-6.0,-2.0
-6.0,-6.0,-2.0
-6.0,-6.0,-2.0
-6.0,-6.0,-2.0
-6.0,-6.0,-2.0
-6.0,-6.0,-2.0
-6.0,-6.0,-2.0
-6.0,-6.0,-2.0
-6.0,-6.0,-2.0
-6.0,-6.0,-2.0
-6.0,-6.0,-2.0
-6.0,-6.0,-2.0
-6.0,-6.0,-2.0
-6.0,-6.0,-2.0
-6.0,-6.0,-2.0
-6.0,-6.0,-2.0
-6.0,-6.0,-2.0
-6.0,-6.0,-2.0
-6.0,-6.0,-2.0
-6.0,-6.0,-2.0
-6.0,-6.0,-2.0
-6.0,-6.0,-2.0
-6.0,-6.0,-2.0
-6.0,-6.0,-2.0
-6.0,-6.0,-2.0
-6.0,-6.0,-2.0
-6.0,-6.0,-2.0
-6.0,-6.0,-2.0
-6.0,-6.0,-2.0
-6.0,-6.0,-2.0
-6.0,-6.0,-2.0
-6.0,-6.0,-2.0
-6.0,-6.0,-2.0
-6.0,-6.0,-2.0
-6.0,-6.0,-2.0
-6.0,-6.0,-2.0
-6.0,-6.0,-2.0
-6.0,-6.0,-2.0
-6.0,-6.0,-2.0
-6.0,-6.0,-2.0
-6.0,-6.0,-2.0
-6.0,-6.0,-2.0
-6.0,-6.0,-2.0
-6.0,-6.0,-2.0
-6.0,-6.0,-2.0
-6.0,-6.0,-2.0
-6.0,-6.0,-2.0
-6.0,-6.0,-2.0
-6.0,-6.0,-2.0
-6.0,-6.0,-2.0
-6.0,-6.0,-2.0
-6.0,-6.0,-2.0
-6.0,-6.0,-2.0
-6.0,-6.0,-2.0
-6.0,-6.0,-2.0
-6.0,-6.0,-2.0
-6.0,-6.0,-2.0
-6.0,-6.0,-2.0
-6.0,-6.0,-2.0
-6.0,-6.0,-2.0
-6.0,-6.0,-2.0
-6.0,-6.0,-2.0
-6.0,-6.0,-2.0
-6.0,-6.0,-2.0
-6.0,-6.0,-2.0
-6.0,-6.0,-2.0
-6.0,-6.0,-2.0
-6.0,-6.0,-2.0
-6.0,-6.0,-2.0
-6.0,-6.0,-2.0
-6.0,-6.0,-2.0
-6.0,-6.0,-2.0
-6.0,-6.0,-2.0
-6.0,-6.0,-2.0
-6.0,-6.0,-2.0
-6.0,-6.0,-2.0
-6.0,-6.0,-2.0
-6.0,-6.0,-2.0
-6.0,-6.0,-2.0
-6.0,-6.0,-2.0
-6.0,-6.0,-2.0
-6.0,-6.0,-2.0
-6.0,-6.0,-2.0
-6.0,-6.0,-2.0
-6.0,-6.0,-2.0
-6.0,-6.0,-2.0
-6.0,-6.0,-2.0
-6.0,-6.0,-2.0
-6.0,-6.0,-2.0
-6.0,-6.0,-2.0
-6.0,-6.0,-2.0
-6.0,-6.0,-2.0
-6.0,-6.0,-2.0
-6.0,-6.0,-2.0
-6.0,-6.0,-2.0
-6.0,-6.0,-2.0
-6.0,-6.0,-2.0
-6.0,-6.0,-2.0
-6.0,-6.0,-2.0
-6.0,-6.0,-2.0
-6.0,-6.0,-2.0
-6.0,-6.0,-2.0
-6.0,-6.0,-2.0
-6.0,-6.0,-2.0
-6.0,-6.0,-2.0
-6.0,-6.0,-2.0
-6.0,-6.0,-2.0
-6.0,-6.0,-2.0
-6.0,-6.0,-2.0
-6.0,-6.0,-2.0
-6.0,-6.0,-2.0
-6.0,-6.0,-2.0
-6.0,-6.0,-2.0
-6.0,-6.0,-2.0
-6.0,-6.0,-2.0
-6.0,-6.0,-2.0
-6.0,-6.0,-2.0
-6.0,-6.0,-2.0
-6.0,-6.0,-2.0
-6.0,-6.0,-2.0
-6.0,-6.0,-2.0
-6.0,-6.0,-2.0
-6.0,-6.0,-2.0
-6.0,-6.0,-2.0
-6.0,-6.0,-2.0
-6.0,-6.0,-2.0
-6.0,-6.0,-2.0
-6.0,-6.0,-2.0
-6.0,-6.0,-2.0
-6.0,-6.0,-2.0
-6.0,-6.0,-2.0
-6.0,-6.0,-2.0
-6.0,-6.0,-2.0
-6.0,-6.0,-2.0
-6.0,-6.0,-2.0
-6.0,-6.0,-2.0
-6.0,-6.0,-2.0
-6.0,-6.0,-2.0
-6.0,-6.0,-2.0
-6.0,-6.0,-2.0
-6.0,-6.0,-2.0
-6.0,-6.0,-2.0
-6.0,-6.0,-2.0
-6.0,-6.0,-2.0
-6.0,-6.0,-2.0
-6.0,-6.0,-2.0
-6.0,-6.0,-2.0
-6.0,-6.0,-2.0
-6.0,-6.0,-2.0
-6.0,-6.0,-2.0
-6.0,-6.0,-2.0
-6.0,-6.0,-2.0
-6.0,-6.0,-2.0
-6.0,-6.0,-2.0
-6.0,-6.0,-2.0
-6.0,-6.0,-2.0
-6.0,-6.0,-2.0
-6.0,-6.0,-2.0
-6.0,-6.0,-2.0
-6.0,-6.0,-2.0
-6.0,-6.0,-2.0
-6.0,-6.0,-2.0
-6.0,-6.0,-2.0
-6.0,-6.0,-2.0
-6.0,-6.0,-2.0
-6.0,-6.0,-2.0
-6.0,-6.0,-2.0
-6.0,-6.0,-2.0
-6.0,-6.0,-2.0
-6.0,-6.0,-2.0
-6.0,-6.0,-2.0
-6.0,-6.0,-2.0
-6.0,-6.0,-2.0
-6.0,-6.0,-2.0
-6.0,-6.0,-2.0
-6.0,-6.0,-2.0
-6.0,-6.0,-2.0
-6.0,-6.0,-2.0
-6.0,-6.0,-2.0
-6.0,-6.0,-2.0
-6.0,-6.0,-2.0
-6.0,-6.0,-2.0
-6.0,-6.0,-2.0
-6.0,-6.0,-2.0
-6.0,-6.0,-2.0
-6.0,-6.0,-2.0
-6.0,-6.0,-2.0
-6.0,-6.0,-2.0
-6.0,-6.0,-2.0
-6.0,-6.0,-2.0
-6.0,-6.0,-2.0
-6.0,-6.0,-2.0
-6.0,-6.0,-2.0
-6.0,-6.0,-2.0
-6.0,-6.0,-2.0
-6.0,-6.0,-2.0
-6.0,-6.0,-2.0
-6.0,-6.0,-2.0
-6.0,-6.0,-2.0
-6.0,-6.0,-2.0
-6.0,-6.0,-2.0
-6.0,-6.0,-2.0
-6.0,-6.0,-2.0
-6.0,-6.0,-2.0
-6.0,-6.0,-2.0
-6.0,-6.0,-2.0
-6.0,-6.0,-2.0
-6.0,-6.0,-2.0
-6.0,-6.0,-2.0
-6.0,-6.0,-2.0
-6.0,-6.0,-2.0
-6.0,-6.0,-2.0
-6.0,-6.0,-2.0
-6.0,-6.0,-2.0
-6.0,-6.0,-2.0
-6.0,-6.0,-2.0
-6.0,-6.0,-2.0
-6.0,-6.0,-2.0
-6.0,-6.0,-2.0
-6.0,-6.0,-2.0
-6.0,-6.0,-2.0
-6.0,-6.0,-2.0
-6.0,-6.0,-2.0
-6.0,-6.0,-2.0
-6.0,-6.0,-2.0
-6.0,-6.0,-2.0
-6.0,-6.0,-2.0
-6.0,-6.0,-2.0
-6.0,-6.0,-2.0
-6.0,-6.0,-2.0
-6.0,-6.0,-2.0
-6.0,-6.0,-2.0
-6.0,-6.0,-2.0
-6.0,-6.0,-2.0
-6.0,-6.0,-2.0
-6.0,-6.0,-2.0
-6.0,-6.0,-2.0
-6.0,-6.0,-2.0
-6.0,-6.0,-2.0
-6.0,-6.0,-2.0
-6.0,-6.0,-2.0
-6.0,-6.0,-2.0
-6.0,-6.0,-2.0
-6.0,-6.0,-2.0
-6.0,-6.0,-2.0
-6.0,-6.0,-2.0
-6.0,-6.0,-2.0
-6.0,-6.0,-2.0
-6.0,-6.0,-2.0
-6.0,-6.0,-2.0
-6.0,-6.0,-2.0
-6.0,-6.0,-2.0
-6.0,-6.0,-2.0
-6.0,-6.0,-2.0
-6.0,-6.0,-2.0
-6.0,-6.0,-2.0
-6.0,-6.0,-2.0
-6.0,-6.0,-2.0
-6.0,-6.0,-2.0
-6.0,-6.0,-2.0
-6.0,-6.0,-2.0
-6.0,-6.0,-2.0
-6.0,-6.0,-2.0
-6.0,-6.0,-2.0
-6.0,-6.0,-2.0
-6.0,-6.0,-2.0
-6.0,-6.0,-2.0
-6.0,-6.0,-2.0
-6.0,-6.0,-2.0
-6.0,-6.0,-2.0
-6.0,-6.0,-2.0
-6.0,-6.0,-2.0
-6.0,-6.0,-2.0
-6.0,-6.0,-2.0
-6.0,-6.0,-2.0
-6.0,-6.0,-2.0
-6.0,-6.0,-2.0
-6.0,-6.0,-2.0
-6.0,-6.0,-2.0
-6.0,-6.0,-2.0
-6.0,-6.0,-2.0
-6.0,-6.0,-2.0
-6.0,-6.0,-2.0
-6.0,-6.0,-2.0
-6.0,-6.0,-2.0
-6.0,-6.0,-2.0
-6.0,-6.0,-2.0
-6.0,-6.0,-2.0
-6.0,-6.0,-2.0
-6.0,-6.0,-2.0
-6.0,-6.0,-2.0
-6.0,-6.0,-2.0
-6.0,-6.0,-2.0
-6.0,-6.0,-2.0
-6.0,-6.0,-2.0
-6.0,-6.0,-2.0
-6.0,-6.0,-2.0
-6.0,-6.0,-2.0
-6.0,-6.0,-2.0
-6.0,-6.0,-2.0
-6.0,-6.0,-2.0
-6.0,-6.0,-2.0
-6.0,-6.0,-2.0
-6.0,-6.0,-2.0
-6.0,-6.0,-2.0
-6.0,-6.0,-2.0
-6.0,-6.0,-2.0
-6.0,-6.0,-2.0
-6.0,-6.0,-2.0
-6.0,-6.0,-2.0
-6.0,-6.0,-2.0
-6.0,-6.0,-2.0
-6.0,-6.0,-2.0
-6.0,-6.0,-2.0
-6.0,-6.0,-2.0
-6.0,-6.0,-2.0
-6.0,-6.0,-2.0
-6.0,-6.0,-2.0
-6.0,-6.0,-2.0
-6.0,-6.0,-2.0
-6.0,-6.0,-2.0
-6.0,-6.0,-2.0
-6.0,-6.0,-2.0
-6.0,-6.0,-2.0
-6.0,-6.0,-2.0
-6.0,-6.0,-2.0
-6.0,-6.0,-2.0
-6.0,-6.0,-2.0
-6.0,-6.0,-2.0
-6.0,-6.0,-2.0
-6.0,-6.0,-2.0
-6.0,-6.0,-2.0
-6.0,-6.0,-2.0
-6.0,-6.0,-2.0
-6.0,-6.0,-2.0
-6.0,-6.0,-2.0
-6.0,-6.0,-2.0
-6.0,-6.0,-2.0
-6.0,-6.0,-2.0
-6.0,-6.0,-2.0
-6.0,-6.0,-2.0
-6.0,-6.0,-2.0
-6.0,-6.0,-2.0
-6.0,-6.0,-2.0
-6.0,-6.0,-2.0
-6.0,-6.0,-2.0
-6.0,-6.0,-2.0
-6.0,-6.0,-2.0
-6.0,-6.0,-2.0
-6.0,-6.0,-2.0
-6.0,-6.0,-2.0
-6.0,-6.0,-2.0
-6.0,-6.0,-2.0
-6.0,-6.0,-2.0
-6.0,-6.0,-2.0
-6.0,-6.0,-2.0
-6.0,-6.0,-2.0
-6.0,-6.0,-2.0
-6.0,-6.0,-2.0
-6.0,-6.0,-2.0
-6.0,-6.0,-2.0
-6.0,-6.0,-2.0
-6.0,-6.0,-2.0
-6.0,-6.0,-2.0
-6.0,-6.0,-2.0
-6.0,-6.0,-2.0
-6.0,-6.0,-2.0
-6.0,-6.0,-2.0
-6.0,-6.0,-2.0
-6.0,-6.0,-2.0
-6.0,-6.0,-2.0
-6.0,-6.0,-2.0
-6.0,-6.0,-2.0
-6.0,-6.0,-2.0
-6.0,-6.0,-2.0
-6.0,-6.0,-2.0
-6.0,-6.0,-2.0
-6.0,-6.0,-2.0
-6.0,-6.0,-2.0
-6.0,-6.0,-2.0
-6.0,-6.0,-2.0
-6.0,-6.0,-2.0
-6.0,-6.0,-2.0
-6.0,-6.0,-2.0
-6.0,-6.0,-2.0
-6.0,-6.0,-2.0
-6.0,-6.0,-2.0
-6.0,-6.0,-2.0
-6.0,-6.0,-2.0
-6.0,-6.0,-2.0
-6.0,-6.0,-2.0
-6.0,-6.0,-2.0
-6.0,-6.0,-2.0
-6.0,-6.0,-2.0
-6.0,-6.0,-2.0
-6.0,-6.0,-2.0
-6.0,-6.0,-2.0
-6.0,-6.0,-2.0
-6.0,-6.0,-2.0
-6.0,-6.0,-2.0
-6.0,-6.0,-2.0
-6.0,-6.0,-2.0
-6.0,-6.0,-2.0
-6.0,-6.0,-2.0
-6.0,-6.0,-2.0
-6.0,-6.0,-2.0
-6.0,-6.0,-2.0
-6.0,-6.0,-2.0
-6.0,-6.0,-2.0
-6.0,-6.0,-2.0
-6.0,-6.0,-2.0
-6.0,-6.0,-2.0
-6.0,-6.0,-2.0
-6.0,-6.0,-2.0
-6.0,-6.0,-2.0
-6.0,-6.0,-2.0
-6.0,-6.0,-2.0
-6.0,-6.0,-2.0
-6.0,-6.0,-2.0
-6.0,-6.0,-2.0
-6.0,-6.0,-2.0
-6.0,-6.0,-2.0
-6.0,-6.0,-2.0
-6.0,-6.0,-2.0
-6.0,-6.0,-2.0
-6.0,-6.0,-2.0
-6.0,-6.0,-2.0
-6.0,-6.0,-2.0
-6.0,-6.0,-2.0
-6.0,-6.0,-2.0
-6.0,-6.0,-2.0
-6.0,-6.0,-2.0
-6.0,-6.0,-2.0
-6.0,-6.0,-2.0
-6.0,-6.0,-2.0
-6.0,-6.0,-2.0
-6.0,-6.0,-2.0
-6.0,-6.0,-2.0
-6.0,-6.0,-2.0
-6.0,-6.0,-2.0
-6.0,-6.0,-2.0
-6.0,-6.0,-2.0
-6.0,-6.0,-2.0
-6.0,-6.0,-2.0
-6.0,-6.0,-2.0
-6.0,-6.0,-2.0
-6.0,-6.0,-2.0
-6.0,-6.0,-2.0
-6.0,-6.0,-2.0
-6.0,-6.0,-2.0
-6.0,-6.0,-2.0
-6.0,-6.0,-2.0
-6.0,-6.0,-2.0
-6.0,-6.0,-2.0
-6.0,-6.0,-2.0
-6.0,-6.0,-2.0
-6.0,-6.0,-2.0
-6.0,-6.0,-2.0
-6.0,-6.0,-2.0
-6.0,-6.0,-2.0
-6.0,-6.0,-2.0
-6.0,-6.0,-2.0
-6.0,-6.0,-2.0
-6.0,-6.0,-2.0
-6.0,-6.0,-2.0
-6.0,-6.0,-2.0
-6.0,-6.0,-2.0
-6.0,-6.0,-2.0
-6.0,-6.0,-2.0
-6.0,-6.0,-2.0
-6.0,-6.0,-2.0
-6.0,-6.0,-2.0
-6.0,-6.0,-2.0
-6.0,-6.0,-2.0
-6.0,-6.0,-2.0
-6.0,-6.0,-2.0
-6.0,-6.0,-2.0
-6.0,-6.0,-2.0
-6.0,-6.0,-2.0
-6.0,-6.0,-2.0
-6.0,-6.0,-2.0
-6.0,-6.0,-2.0
-6.0,-6.0,-2.0
-6.0,-6.0,-2.0
-6.0,-6.0,-2.0
-6.0,-6.0,-2.0
-6.0,-6.0,-2.0
-6.0,-6.0,-2.0
-6.0,-6.0,-2.0
-6.0,-6.0,-2.0
-6.0,-6.0,-2.0
-6.0,-6.0,-2.0
-6.0,-6.0,-2.0
-6.0,-6.0,-2.0
-6.0,-6.0,-2.0
-6.0,-6.0,-2.0
-6.0,-6.0,-2.0
-6.0,-6.0,-2.0
-6.0,-6.0,-2.0
-6.0,-6.0,-2.0
-6.0,-6.0,-2.0
-6.0,-6.0,-2.0
-6.0,-6.0,-2.0
-6.0,-6.0,-2.0
-6.0,-6.0,-2.0
-6.0,-6.0,-2.0
-6.0,-6.0,-2.0
-6.0,-6.0,-2.0
-6.0,-6.0,-2.0
-6.0,-6.0,-2.0
-6.0,-6.0,-2.0
-6.0,-6.0,-2.0
-6.0,-6.0,-2.0
-6.0,-6.0,-2.0
-6.0,-6.0,-2.0
-6.0,-6.0,-2.0
-6.0,-6.0,-2.0
-6.0,-6.0,-2.0
-6.0,-6.0,-2.0
-6.0,-6.0,-2.0
-6.0,-6.0,-2.0
-6.0,-6.0,-2.0
-6.0,-6.0,-2.0
-6.0,-6.0,-2.0
-6.0,-6.0,-2.0
-6.0,-6.0,-2.0
-6.0,-6.0,-2.0
-6.0,-6.0,-2.0
-6.0,-6.0,-2.0
-6.0,-6.0,-2.0
-6.0,-6.0,-2.0
-6.0,-6.0,-2.0
-6.0,-6.0,-2.0
-6.0,-6.0,-2.0
-6.0,-6.0,-2.0
-6.0,-6.0,-2.0
-6.0,-6.0,-2.0
-6.0,-6.0,-2.0
-6.0,-6.0,-2.0
-6.0,-6.0,-2.0
-6.0,-6.0,-2.0
-6.0,-6.0,-2.0
-6.0,-6.0,-2.0
-6.0,-6.0,-2.0
-6.0,-6.0,-2.0
-6.0,-6.0,-2.0
-6.0,-6.0,-2.0
-6.0,-6.0,-2.0
-6.0,-6.0,-2.0
-6.0,-6.0,-2.0
-6.0,-6.0,-2.0
-6.0,-6.0,-2.0
-6.0,-6.0,-2.0
-6.0,-6.0,-2.0
-6.0,-6.0,-2.0
-6.0,-6.0,-2.0
-6.0,-6.0,-2.0
-6.0,-6.0,-2.0
-6.0,-6.0,-2.0
-6.0,-6.0,-2.0
-6.0,-6.0,-2.0
-6.0,-6.0,-2.0
-6.0,-6.0,-2.0
-6.0,-6.0,-2.0
-6.0,-6.0,-2.0
-6.0,-6.0,-2.0
-6.0,-6.0,-2.0
-6.0,-6.0,-2.0
-6.0,-6.0,-2.0
-6.0,-6.0,-2.0
-6.0,-6.0,-2.0
-6.0,-6.0,-2.0
-6.0,-6.0,-2.0
-6.0,-6.0,-2.0
-6.0,-6.0,-2.0
-6.0,-6.0,-2.0
-6.0,-6.0,-2.0
-6.0,-6.0,-2.0
-6.0,-6.0,-2.0
-6.0,-6.0,-2.0
-6.0,-6.0,-2.0
-6.0,-6.0,-2.0
-6.0,-6.0,-2.0
-6.0,-6.0,-2.0
-6.0,-6.0,-2.0
-6.0,-6.0,-2.0
-6.0,-6.0,-2.0
-6.0,-6.0,-2.0
-6.0,-6.0,-2.0
-6.0,-6.0,-2.0
-6.0,-6.0,-2.0
-6.0,-6.0,-2.0
-6.0,-6.0,-2.0
-6.0,-6.0,-2.0
-6.0,-6.0,-2.0
-6.0,-6.0,-2.0
-6.0,-6.0,-2.0
-6.0,-6.0,-2.0
-6.0,-6.0,-2.0
-6.0,-6.0,-2.0
-6.0,-6.0,-2.0
-6.0,-6.0,-2.0
-6.0,-6.0,-2.0
-6.0,-6.0,-2.0
-6.0,-6.0,-2.0
-6.0,-6.0,-2.0
-6.0,-6.0,-2.0
-6.0,-6.0,-2.0
-6.0,-6.0,-2.0
-6.0,-6.0,-2.0
-6.0,-6.0,-2.0
-6.0,-6.0,-2.0
-6.0,-6.0,-2.0
-6.0,-6.0,-2.0
-6.0,-6.0,-2.0
-6.0,-6.0,-2.0
-6.0,-6.0,-2.0
-6.0,-6.0,-2.0
-6.0,-6.0,-2.0
-6.0,-6.0,-2.0
-6.0,-6.0,-2.0
-6.0,-6.0,-2.0
-6.0,-6.0,-2.0
-6.0,-6.0,-2.0
-6.0,-6.0,-2.0
-6.0,-6.0,-2.0
-6.0,-6.0,-2.0
-6.0,-6.0,-2.0
-6.0,-6.0,-2.0
-6.0,-6.0,-2.0
-6.0,-6.0,-2.0
-6.0,-6.0,-2.0
-6.0,-6.0,-2.0
-6.0,-6.0,-2.0
-6.0,-6.0,-2.0
-6.0,-6.0,-2.0
-6.0,-6.0,-2.0
-6.0,-6.0,-2.0
-6.0,-6.0,-2.0
-6.0,-6.0,-2.0
-6.0,-6.0,-2.0
-6.0,-6.0,-2.0
-6.0,-6.0,-2.0
-6.0,-6.0,-2.0
-6.0,-6.0,-2.0
-6.0,-6.0,-2.0
-6.0,-6.0,-2.0
-6.0,-6.0,-2.0
-6.0,-6.0,-2.0
-6.0,-6.0,-2.0
-6.0,-6.0,-2.0
-6.0,-6.0,-2.0
-6.0,-6.0,-2.0
-6.0,-6.0,-2.0
-6.0,-6.0,-2.0
-6.0,-6.0,-2.0
-6.0,-6.0,-2.0
-6.0,-6.0,-2.0
-6.0,-6.0,-2.0
-6.0,-6.0,-2.0
-6.0,-6.0,-2.0
-6.0,-6.0,-2.0
-6.0,-6.0,-2.0
-6.0,-6.0,-2.0
-6.0,-6.0,-2.0
-6.0,-6.0,-2.0
-6.0,-6.0,-2.0
-6.0,-6.0,-2.0
-6.0,-6.0,-2.0
-6.0,-6.0,-2.0
-6.0,-6.0,-2.0
-6.0,-6.0,-2.0
-6.0,-6.0,-2.0
-6.0,-6.0,-2.0
-6.0,-6.0,-2.0
-6.0,-6.0,-2.0
-6.0,-6.0,-2.0
-6.0,-6.0,-2.0
-6.0,-6.0,-2.0
-6.0,-6.0,-2.0
-6.0,-6.0,-2.0
-6.0,-6.0,-2.0
-6.0,-6.0,-2.0
-6.0,-6.0,-2.0
-6.0,-6.0,-2.0
-6.0,-6.0,-2.0
-6.0,-6.0,-2.0
-6.0,-6.0,-2.0
-6.0,-6.0,-2.0
-6.0,-6.0,-2.0
-6.0,-6.0,-2.0
-6.0,-6.0,-2.0
-6.0,-6.0,-2.0
-6.0,-6.0,-2.0
-6.0,-6.0,-2.0
-6.0,-6.0,-2.0
-6.0,-6.0,-2.0
-6.0,-6.0,-2.0
-6.0,-6.0,-2.0
-6.0,-6.0,-2.0
-6.0,-6.0,-2.0
-6.0,-6.0,-2.0
-6.0,-6.0,-2.0
-6.0,-6.0,-2.0
-6.0,-6.0,-2.0
-6.0,-6.0,-2.0
-6.0,-6.0,-2.0
-6.0,-6.0,-2.0
-6.0,-6.0,-2.0
-6.0,-6.0,-2.0
-6.0,-6.0,-2.0
-6.0,-6.0,-2.0
-6.0,-6.0,-2.0
-6.0,-6.0,-2.0
-6.0,-6.0,-2.0
-6.0,-6.0,-2.0
-6.0,-6.0,-2.0
-6.0,-6.0,-2.0
-6.0,-6.0,-2.0
-6.0,-6.0,-2.0
-6.0,-6.0,-2.0
-6.0,-6.0,-2.0
-6.0,-6.0,-2.0
-6.0,-6.0,-2.0
-6.0,-6.0,-2.0
-6.0,-6.0,-2.0
-6.0,-6.0,-2.0
-6.0,-6.0,-2.0
-6.0,-6.0,-2.0
-6.0,-6.0,-2.0
-6.0,-6.0,-2.0
-6.0,-6.0,-2.0
-6.0,-6.0,-2.0
-6.0,-6.0,-2.0
-6.0,-6.0,-2.0
-6.0,-6.0,-2.0
-6.0,-6.0,-2.0
-6.0,-6.0,-2.0
-6.0,-6.0,-2.0
-6.0,-6.0,-2.0
-6.0,-6.0,-2.0
-6.0,-6.0,-2.0
-6.0,-6.0,-2.0
-6.0,-6.0,-2.0
-6.0,-6.0,-2.0
-6.0,-6.0,-2.0
-6.0,-6.0,-2.0
-6.0,-6.0,-2.0
-6.0,-6.0,-2.0
-6.0,-6.0,-2.0
-6.0,-6.0,-2.0
-6.0,-6.0,-2.0
-6.0,-6.0,-2.0
-6.0,-6.0,-2.0
-6.0,-6.0,-2.0
-6.0,-6.0,-2.0
-6.0,-6.0,-2.0
-6.0,-6.0,-2.0
-6.0,-6.0,-2.0
-6.0,-6.0,-2.0
-6.0,-6.0,-2.0
-6.0,-6.0,-2.0
-6.0,-6.0,-2.0
-6.0,-6.0,-2.0
-6.0,-6.0,-2.0
-6.0,-6.0,-2.0
-6.0,-6.0,-2.0
-6.0,-6.0,-2.0
-6.0,-6.0,-2.0
-6.0,-6.0,-2.0
-6.0,-6.0,-2.0
-6.0,-6.0,-2.0
-6.0,-6.0,-2.0
-6.0,-6.0,-2.0
-6.0,-6.0,-2.0
-6.0,-6.0,-2.0
-6.0,-6.0,-2.0
-6.0,-6.0,-2.0
-6.0,-6.0,-2.0
-6.0,-6.0,-2.0
-6.0,-6.0,-2.0
-6.0,-6.0,-2.0
-6.0,-6.0,-2.0
-6.0,-6.0,-2.0
-6.0,-6.0,-2.0
-6.0,-6.0,-2.0
-6.0,-6.0,-2.0
-6.0,-6.0,-2.0
-6.0,-6.0,-2.0
-6.0,-6.0,-2.0
-6.0,-6.0,-2.0
-6.0,-6.0,-2.0
-6.0,-6.0,-2.0
-6.0,-6.0,-2.0
-6.0,-6.0,-2.0
-6.0,-6.0,-2.0
-6.0,-6.0,-2.0
-6.0,-6.0,-2.0
-6.0,-6.0,-2.0
-6.0,-6.0,-2.0
-6.0,-6.0,-2.0
-6.0,-6.0,-2.0
-6.0,-6.0,-2.0
-6.0,-6.0,-2.0
-6.0,-6.0,-2.0
-6.0,-6.0,-2.0
-6.0,-6.0,-2.0
-6.0,-6.0,-2.0
-6.0,-6.0,-2.0
-6.0,-6.0,-2.0
-6.0,-6.0,-2.0
-6.0,-6.0,-2.0
-6.0,-6.0,-2.0
-6.0,-6.0,-2.0
-6.0,-6.0,-2.0
-6.0,-6.0,-2.0
-6.0,-6.0,-2.0
-6.0,-6.0,-2.0
-6.0,-6.0,-2.0
-6.0,-6.0,-2.0
-6.0,-6.0,-2.0
-6.0,-6.0,-2.0
-6.0,-6.0,-2.0
-6.0,-6.0,-2.0
-6.0,-6.0,-2.0
-6.0,-6.0,-2.0
-6.0,-6.0,-2.0
-6.0,-6.0,-2.0
-6.0,-6.0,-2.0
-6.0,-6.0,-2.0
-6.0,-6.0,-2.0
-6.0,-6.0,-2.0
-6.0,-6.0,-2.0
-6.0,-6.0,-2.0
-6.0,-6.0,-2.0
-6.0,-6.0,-2.0
-6.0,-6.0,-2.0
-6.0,-6.0,-2.0
-6.0,-6.0,-2.0
-6.0,-6.0,-2.0
-6.0,-6.0,-2.0
-6.0,-6.0,-2.0
-6.0,-6.0,-2.0
-6.0,-6.0,-2.0
-6.0,-6.0,-2.0
-6.0,-6.0,-2.0
-6.0,-6.0,-2.0
-6.0,-6.0,-2.0
-6.0,-6.0,-2.0
-6.0,-6.0,-2.0
-6.0,-6.0,-2.0
-6.0,-6.0,-2.0
-6.0,-6.0,-2.0
-6.0,-6.0,-2.0
-6.0,-6.0,-2.0
-6.0,-6.0,-2.0
-6.0,-6.0,-2.0
-6.0,-6.0,-2.0
-6.0,-6.0,-2.0
-6.0,-6.0,-2.0
-6.0,-6.0,-2.0
-6.0,-6.0,-2.0
-6.0,-6.0,-2.0
-6.0,-6.0,-2.0
-6.0,-6.0,-2.0
-6.0,-6.0,-2.0
-6.0,-6.0,-2.0
-6.0,-6.0,-2.0
-6.0,-6.0,-2.0
-6.0,-6.0,-2.0
-6.0,-6.0,-2.0
-6.0,-6.0,-2.0
-6.0,-6.0,-2.0
-6.0,-6.0,-2.0
-6.0,-6.0,-2.0
-6.0,-6.0,-2.0
-6.0,-6.0,-2.0
-6.0,-6.0,-2.0
-6.0,-6.0,-2.0
-6.0,-6.0,-2.0
-6.0,-6.0,-2.0
-6.0,-6.0,-2.0
-6.0,-6.0,-2.0
-6.0,-6.0,-2.0
-6.0,-6.0,-2.0
-6.0,-6.0,-2.0
-6.0,-6.0,-2.0
-6.0,-6.0,-2.0
-6.0,-6.0,-2.0
-6.0,-6.0,-2.0
-6.0,-6.0,-2.0
-6.0,-6.0,-2.0
-6.0,-6.0,-2.0
-6.0,-6.0,-2.0
-6.0,-6.0,-2.0
-6.0,-6.0,-2.0
-6.0,-6.0,-2.0
-6.0,-6.0,-2.0
-6.0,-6.0,-2.0
-6.0,-6.0,-2.0
-6.0,-6.0,-2.0
-6.0,-6.0,-2.0
-6.0,-6.0,-2.0
-6.0,-6.0,-2.0
-6.0,-6.0,-2.0
-6.0,-6.0,-2.0
-6.0,-6.0,-2.0
-6.0,-6.0,-2.0
-6.0,-6.0,-2.0
-6.0,-6.0,-2.0
-6.0,-6.0,-2.0
-6.0,-6.0,-2.0
-6.0,-6.0,-2.0
-6.0,-6.0,-2.0
-6.0,-6.0,-2.0
-6.0,-6.0,-2.0
-6.0,-6.0,-2.0
-6.0,-6.0,-2.0
-6.0,-6.0,-2.0
-6.0,-6.0,-2.0
-6.0,-6.0,-2.0
-6.0,-6.0,-2.0
-6.0,-6.0,-2.0
-6.0,-6.0,-2.0
-6.0,-6.0,-2.0
-6.0,-6.0,-2.0
-6.0,-6.0,-2.0
-6.0,-6.0,-2.0
-6.0,-6.0,-2.0
-6.0,-6.0,-2.0
-6.0,-6.0,-2.0
-6.0,-6.0,-2.0
-6.0,-6.0,-2.0
-6.0,-6.0,-2.0
-6.0,-6.0,-2.0
-6.0,-6.0,-2.0
-6.0,-6.0,-2.0
-6.0,-6.0,-2.0
-6.0,-6.0,-2.0
-6.0,-6.0,-2.0
-6.0,-6.0,-2.0
-6.0,-6.0,-2.0
-6.0,-6.0,-2.0
-6.0,-6.0,-2.0
-6.0,-6.0,-2.0
-6.0,-6.0,-2.0
-6.0,-6.0,-2.0
-6.0,-6.0,-2.0
-6.0,-6.0,-2.0
-6.0,-6.0,-2.0
-6.0,-6.0,-2.0
-6.0,-6.0,-2.0
-6.0,-6.0,-2.0
-6.0,-6.0,-2.0
-6.0,-6.0,-2.0
-6.0,-6.0,-2.0
-6.0,-6.0,-2.0
-6.0,-6.0,-2.0
-6.0,-6.0,-2.0
-6.0,-6.0,-2.0
-6.0,-6.0,-2.0
-6.0,-6.0,-2.0
-6.0,-6.0,-2.0
-6.0,-6.0,-2.0
-6.0,-6.0,-2.0
-6.0,-6.0,-2.0
-6.0,-6.0,-2.0
-6.0,-6.0,-2.0
-6.0,-6.0,-2.0
-6.0,-6.0,-2.0
-6.0,-6.0,-2.0
-6.0,-6.0,-2.0
-6.0,-6.0,-2.0
-6.0,-6.0,-2.0
-6.0,-6.0,-2.0
-6.0,-6.0,-2.0
-6.0,-6.0,-2.0
-6.0,-6.0,-2.0
-6.0,-6.0,-2.0
-6.0,-6.0,-2.0
-6.0,-6.0,-2.0
-6.0,-6.0,-2.0
-6.0,-6.0,-2.0
-6.0,-6.0,-2.0
-6.0,-6.0,-2.0
-6.0,-6.0,-2.0
-6.0,-6.0,-2.0
-6.0,-6.0,-2.0
-6.0,-6.0,-2.0
-6.0,-6.0,-2.0
-6.0,-6.0,-2.0
-6.0,-6.0,-2.0
-6.0,-6.0,-2.0
-6.0,-6.0,-2.0
-6.0,-6.0,-2.0
-6.0,-6.0,-2.0
-6.0,-6.0,-2.0
-6.0,-6.0,-2.0
-6.0,-6.0,-2.0
-6.0,-6.0,-2.0
-6.0,-6.0,-2.0
-6.0,-6.0,-2.0
-6.0,-6.0,-2.0
-6.0,-6.0,-2.0
-6.0,-6.0,-2.0
-6.0,-6.0,-2.0
-6.0,-6.0,-2.0
-6.0,-6.0,-2.0
-6.0,-6.0,-2.0
-6.0,-6.0,-2.0
-6.0,-6.0,-2.0
-6.0,-6.0,-2.0
-6.0,-6.0,-2.0
-6.0,-6.0,-2.0
-6.0,-6.0,-2.0
-6.0,-6.0,-2.0
-6.0,-6.0,-2.0
-6.0,-6.0,-2.0
-6.0,-6.0,-2.0
-6.0,-6.0,-2.0
-6.0,-6.0,-2.0
-6.0,-6.0,-2.0
-6.0,-6.0,-2.0
-6.0,-6.0,-2.0
-6.0,-6.0,-2.0
-6.0,-6.0,-2.0
-6.0,-6.0,-2.0
-6.0,-6.0,-2.0
-6.0,-6.0,-2.0
-6.0,-6.0,-2.0
-6.0,-6.0,-2.0
-6.0,-6.0,-2.0
-6.0,-6.0,-2.0
-6.0,-6.0,-2.0
-6.0,-6.0,-2.0
-6.0,-6.0,-2.0
-6.0,-6.0,-2.0
-6.0,-6.0,-2.0
-6.0,-6.0,-2.0
-6.0,-6.0,-2.0
-6.0,-6.0,-2.0
-6.0,-6.0,-2.0
-6.0,-6.0,-2.0
-6.0,-6.0,-2.0
-6.0,-6.0,-2.0
-6.0,-6.0,-2.0
-6.0,-6.0,-2.0
-6.0,-6.0,-2.0
-6.0,-6.0,-2.0
-6.0,-6.0,-2.0
-6.0,-6.0,-2.0
-6.0,-6.0,-2.0
-6.0,-6.0,-2.0
-6.0,-6.0,-2.0
-6.0,-6.0,-2.0
-6.0,-6.0,-2.0
-6.0,-6.0,-2.0
-6.0,-6.0,-2.0
-6.0,-6.0,-2.0
-6.0,-6.0,-2.0
-6.0,-6.0,-2.0
-6.0,-6.0,-2.0
-6.0,-6.0,-2.0
-6.0,-6.0,-2.0
-6.0,-6.0,-2.0
-6.0,-6.0,-2.0
-6.0,-6.0,-2.0
-6.0,-6.0,-2.0
-6.0,-6.0,-2.0
-6.0,-6.0,-2.0
-6.0,-6.0,-2.0
-6.0,-6.0,-2.0
-6.0,-6.0,-2.0
-6.0,-6.0,-2.0
-6.0,-6.0,-2.0
-6.0,-6.0,-2.0
-6.0,-6.0,-2.0
-6.0,-6.0,-2.0
-6.0,-6.0,-2.0
-6.0,-6.0,-2.0
-6.0,-6.0,-2.0
-6.0,-6.0,-2.0
-6.0,-6.0,-2.0
-6.0,-6.0,-2.0
-6.0,-6.0,-2.0
-6.0,-6.0,-2.0
-6.0,-6.0,-2.0
-6.0,-6.0,-2.0
-6.0,-6.0,-2.0
-6.0,-6.0,-2.0
-6.0,-6.0,-2.0
-6.0,-6.0,-2.0
-6.0,-6.0,-2.0
-6.0,-6.0,-2.0
-6.0,-6.0,-2.0
-6.0,-6.0,-2.0
-6.0,-6.0,-2.0
-6.0,-6.0,-2.0
-6.0,-6.0,-2.0
-6.0,-6.0,-2.0
-6.0,-6.0,-2.0
-6.0,-6.0,-2.0
-6.0,-6.0,-2.0
-6.0,-6.0,-2.0
-6.0,-6.0,-2.0
-6.0,-6.0,-2.0
-6.0,-6.0,-2.0
-6.0,-6.0,-2.0
-6.0,-6.0,-2.0
-6.0,-6.0,-2.0
-6.0,-6.0,-2.0
-6.0,-6.0,-2.0
-6.0,-6.0,-2.0
-6.0,-6.0,-2.0
-6.0,-6.0,-2.0
-6.0,-6.0,-2.0
-6.0,-6.0,-2.0
-6.0,-6.0,-2.0
-6.0,-6.0,-2.0
-6.0,-6.0,-2.0
-6.0,-6.0,-2.0
-6.0,-6.0,-2.0
-6.0,-6.0,-2.0
-6.0,-6.0,-2.0
-6.0,-6.0,-2.0
-6.0,-6.0,-2.0
-6.0,-6.0,-2.0
-6.0,-6.0,-2.0
-6.0,-6.0,-2.0
-6.0,-6.0,-2.0
-6.0,-6.0,-2.0
-6.0,-6.0,-2.0
-6.0,-6.0,-2.0
-6.0,-6.0,-2.0
-6.0,-6.0,-2.0
-6.0,-6.0,-2.0
-6.0,-6.0,-2.0
-6.0,-6.0,-2.0
-6.0,-6.0,-2.0
-6.0,-6.0,-2.0
-6.0,-6.0,-2.0
-6.0,-6.0,-2.0
-6.0,-6.0,-2.0
-6.0,-6.0,-2.0
-6.0,-6.0,-2.0
-6.0,-6.0,-2.0
-6.0,-6.0,-2.0
-6.0,-6.0,-2.0
-6.0,-6.0,-2.0
-6.0,-6.0,-2.0
-6.0,-6.0,-2.0
-6.0,-6.0,-2.0
-6.0,-6.0,-2.0
-6.0,-6.0,-2.0
-6.0,-6.0,-2.0
-6.0,-6.0,-2.0
-6.0,-6.0,-2.0
-6.0,-6.0,-2.0
-6.0,-6.0,-2.0
-6.0,-6.0,-2.0
-6.0,-6.0,-2.0
-6.0,-6.0,-2.0
-6.0,-6.0,-2.0
-6.0,-6.0,-2.0
-6.0,-6.0,-2.0
-6.0,-6.0,-2.0
-6.0,-6.0,-2.0
-6.0,-6.0,-2.0
-6.0,-6.0,-2.0
-6.0,-6.0,-2.0
-6.0,-6.0,-2.0
-6.0,-6.0,-2.0
-6.0,-6.0,-2.0
-6.0,-6.0,-2.0
-6.0,-6.0,-2.0
-6.0,-6.0,-2.0
-6.0,-6.0,-2.0
-6.0,-6.0,-2.0
-6.0,-6.0,-2.0
-6.0,-6.0,-2.0
-6.0,-6.0,-2.0
-6.0,-6.0,-2.0
-6.0,-6.0,-2.0
-6.0,-6.0,-2.0
-6.0,-6.0,-2.0
-6.0,-6.0,-2.0
-6.0,-6.0,-2.0
-6.0,-6.0,-2.0
-6.0,-6.0,-2.0
-6.0,-6.0,-2.0
-6.0,-6.0,-2.0
-6.0,-6.0,-2.0
-6.0,-6.0,-2.0
-6.0,-6.0,-2.0
-6.0,-6.0,-2.0
-6.0,-6.0,-2.0
-6.0,-6.0,-2.0
-6.0,-6.0,-2.0
-6.0,-6.0,-2.0
-6.0,-6.0,-2.0
-6.0,-6.0,-2.0
-6.0,-6.0,-2.0
-6.0,-6.0,-2.0
-6.0,-6.0,-2.0
-6.0,-6.0,-2.0
-6.0,-6.0,-2.0
-6.0,-6.0,-2.0
-6.0,-6.0,-2.0
-6.0,-6.0,-2.0
-6.0,-6.0,-2.0
-6.0,-6.0,-2.0
-6.0,-6.0,-2.0
-6.0,-6.0,-2.0
-6.0,-6.0,-2.0
-6.0,-6.0,-2.0
-6.0,-6.0,-2.0
-6.0,-6.0,-2.0
-6.0,-6.0,-2.0
-6.0,-6.0,-2.0
-6.0,-6.0,-2.0
-6.0,-6.0,-2.0
-6.0,-6.0,-2.0
-6.0,-6.0,-2.0
-6.0,-6.0,-2.0
-6.0,-6.0,-2.0
-6.0,-6.0,-2.0
-6.0,-6.0,-2.0
-6.0,-6.0,-2.0
-6.0,-6.0,-2.0
-6.0,-6.0,-2.0
-6.0,-6.0,-2.0
-6.0,-6.0,-2.0
-6.0,-6.0,-2.0
-6.0,-6.0,-2.0
-6.0,-6.0,-2.0
-6.0,-6.0,-2.0
-6.0,-6.0,-2.0
-6.0,-6.0,-2.0
-6.0,-6.0,-2.0
-6.0,-6.0,-2.0
-6.0,-6.0,-2.0
-6.0,-6.0,-2.0
-6.0,-6.0,-2.0
-6.0,-6.0,-2.0
-6.0,-6.0,-2.0
-6.0,-6.0,-2.0
-6.0,-6.0,-2.0
-6.0,-6.0,-2.0
-6.0,-6.0,-2.0
-6.0,-6.0,-2.0
-6.0,-6.0,-2.0
-6.0,-6.0,-2.0
-6.0,-6.0,-2.0
-6.0,-6.0,-2.0
-6.0,-6.0,-2.0
-6.0,-6.0,-2.0
-6.0,-6.0,-2.0
-6.0,-6.0,-2.0
-6.0,-6.0,-2.0
-6.0,-6.0,-2.0
-6.0,-6.0,-2.0
-6.0,-6.0,-2.0
-6.0,-6.0,-2.0
-6.0,-6.0,-2.0
-6.0,-6.0,-2.0
-6.0,-6.0,-2.0
-6.0,-6.0,-2.0
-6.0,-6.0,-2.0
-6.0,-6.0,-2.0
-6.0,-6.0,-2.0
-6.0,-6.0,-2.0
-6.0,-6.0,-2.0
-6.0,-6.0,-2.0
-6.0,-6.0,-2.0
-6.0,-6.0,-2.0
-6.0,-6.0,-2.0
-6.0,-6.0,-2.0
-6.0,-6.0,-2.0
-6.0,-6.0,-2.0
-6.0,-6.0,-2.0
-6.0,-6.0,-2.0
-6.0,-6.0,-2.0
-6.0,-6.0,-2.0
-6.0,-6.0,-2.0
-6.0,-6.0,-2.0
-6.0,-6.0,-2.0
-6.0,-6.0,-2.0
-6.0,-6.0,-2.0
-6.0,-6.0,-2.0
-6.0,-6.0,-2.0
-6.0,-6.0,-2.0
-6.0,-6.0,-2.0
-6.0,-6.0,-2.0
-6.0,-6.0,-2.0
-6.0,-6.0,-2.0
-6.0,-6.0,-2.0
-6.0,-6.0,-2.0
-6.0,-6.0,-2.0
-6.0,-6.0,-2.0
-6.0,-6.0,-2.0
-6.0,-6.0,-2.0
-6.0,-6.0,-2.0
-6.0,-6.0,-2.0
-6.0,-6.0,-2.0
-6.0,-6.0,-2.0
-6.0,-6.0,-2.0
-6.0,-6.0,-2.0
-6.0,-6.0,-2.0
-6.0,-6.0,-2.0
