x,y,z
-0.0116694,-0.114236,0.113707
0.0162486,-0.113488,0.113701
-0.0388434,-0.108876,0.113739
0.042999,-0.106766,0.113707
-0.0725953,-0.0896354,0.113446
-0.0306624,-0.0825751,0.114037
0.0322632,-0.0786605,0.113709
0.0675101,-0.0943131,0.11372
-0.0921732,-0.0700413,0.113696
-0.0054883,-0.0713835,0.113777
0.0607284,-0.0677221,0.113706
0.0871749,-0.0750347,0.113622
-0.105263,-0.0457406,0.113771
-0.0422347,-0.0575756,0.11377
-0.016382,-0.0460541,0.113779
0.0110974,-0.0493847,0.113778
0.0385661,-0.0515652,0.113701
0.0936506,-0.0483179,0.113765
-0.0654577,-0.0379378,0.113624
-0.0391022,-0.0302005,0.113683
0.0671452,-0.041041,0.114626
-0.113163,-0.018815,0.113741
-0.0857521,-0.0193161,0.113817
-0.0596144,-0.0110264,0.113771
-0.0106844,-0.0186741,0.113779
0.0176253,-0.0226167,0.113747
0.0450276,-0.0248359,0.113734
0.0864184,-0.0213732,0.113718
0.113556,-0.0139942,0.113568
-0.0908437,0.00829594,0.113735
-0.0339788,-0.00131986,0.113762
0.0622758,-0.00347313,0.113767
0.0877545,0.00673751,0.11376
-0.0591694,0.0165222,0.11377
-0.0329145,0.0258119,0.118458
0.0149376,0.00983634,0.113626
0.0408292,0.0192068,0.114178
0.0674259,0.0246451,0.118805
0.113664,0.0158023,0.113617
-0.111761,0.0272927,0.113605
-0.0797567,0.0351722,0.113659
-0.0535232,0.0434715,0.11369
-0.0069534,0.0337333,0.113709
0.0202323,0.0375083,0.113778
0.0929147,0.0337866,0.113777
-0.101125,0.05281,0.113613
-0.0248725,0.0553704,0.113779
0.00279817,0.0594962,0.11367
0.0445358,0.0502646,0.113709
0.0718549,0.0514107,0.113582
-0.07986,0.0729733,0.113747
-0.0504431,0.0709131,0.113779
0.0975917,0.061009,0.113666
-0.018071,0.0882145,0.113776
0.00942856,0.0871088,0.115159
0.0359339,0.0796975,0.113776
0.0685025,0.0917783,0.113616
-0.0609493,0.0974989,0.113694
-0.03652,0.110049,0.113733
0.0447857,0.105808,0.113724
-0.0093336,0.11449,0.113748
0.018118,0.113219,0.113685
0.00204325,-0.115743,0.137467
-0.0565474,-0.099881,0.132739
-0.0252151,-0.11171,0.137486
0.0299206,-0.111364,0.137345
0.055235,-0.100625,0.137566
0.0105643,-0.0897834,0.126548
0.0775841,-0.0846422,0.13741
-0.0672754,-0.0635808,0.123555
0.0469963,-0.0744617,0.136437
0.0961484,-0.0638996,0.137008
-0.0544366,-0.043856,0.13791
-0.0292942,-0.0547855,0.137919
0.024969,-0.0580432,0.136553
-0.111026,-0.0328101,0.137396
-0.0848115,-0.039138,0.132895
0.00407686,-0.0278125,0.137047
0.031778,-0.0313789,0.136988
0.0838919,-0.0353124,0.137334
0.110594,-0.035035,0.130797
0.0609715,-0.0200988,0.135706
-0.113925,0.00448663,0.128305
-0.0517277,0.00297301,0.136553
-0.0104552,0.00846471,0.123864
0.0335122,-0.00432807,0.127793
0.0901922,-0.00855228,0.137693
0.116028,0.000858,0.136187
0.00898721,0.0232573,0.136693
-0.107999,0.0406861,0.137246
-0.0562692,0.0303042,0.137676
0.110958,0.0324393,0.135288
-0.0710332,0.0530835,0.132673
-0.0418401,0.0541211,0.136067
0.0248488,0.0602505,0.12985
-0.0946965,0.0667557,0.13612
-0.0120276,0.0652429,0.136073
0.0579144,0.0705633,0.127659
0.0844193,0.0777244,0.131018
-0.0740088,0.0881748,0.135896
-0.0347504,0.0806287,0.134352
-0.0493199,0.103626,0.137851
-0.023022,0.112532,0.137497
0.00406012,0.105532,0.136105
0.0317224,0.110934,0.137305
-0.0788625,-0.0834553,0.139202
-0.0403116,-0.0796276,0.141596
-0.0130366,-0.0816418,0.138216
0.0165403,-0.0867468,0.153277
-0.0967739,-0.0627399,0.139713
-0.0619381,-0.0661122,0.151981
-0.00198955,-0.0545036,0.139748
0.0466147,-0.0496105,0.151373
0.0691806,-0.0584476,0.138258
-0.017328,-0.035034,0.15281
-0.114638,-0.00972379,0.151537
-0.0682363,-0.0186059,0.140416
-0.0378493,-0.0221118,0.139803
-0.0143585,-0.00893014,0.144691
0.0406555,-0.0111055,0.153348
0.113022,-0.019653,0.153767
-0.0877009,0.00085521,0.139987
0.012418,-0.00263088,0.145423
0.0561287,0.00729667,0.138319
-0.106564,0.0172884,0.151463
-0.0293582,0.0137944,0.148218
0.0327774,0.0171155,0.149168
0.0866104,0.0198164,0.13799
-0.0836373,0.0280363,0.139733
-0.0153381,0.0357969,0.139731
0.0452462,0.0395205,0.139074
0.00785465,0.0482505,0.147756
0.0718592,0.0465612,0.140303
0.09974,0.0569196,0.140639
-0.0593545,0.0699795,0.151026
0.058796,0.0674949,0.155031
-0.0138949,0.0898869,0.149972
0.0105024,0.0786855,0.144329
0.0371301,0.0839501,0.140974
0.0605378,0.0979499,0.138946
-0.0122677,-0.114236,0.161615
0.016282,-0.113529,0.160857
-0.0445192,-0.106074,0.156245
0.0430065,-0.106831,0.161469
-0.0684018,-0.0938253,0.162492
-0.0255866,-0.0875243,0.163619
0.0679187,-0.0941466,0.161294
-0.0880801,-0.0741589,0.163158
-0.00396483,-0.0705529,0.162041
0.0400998,-0.0760344,0.162747
0.0876495,-0.074652,0.160904
-0.100725,-0.0451457,0.160304
-0.0293018,-0.0601123,0.164956
0.020123,-0.0572737,0.163531
0.0765401,-0.049738,0.163538
0.105407,-0.0458839,0.155475
-0.0733175,-0.0417863,0.157706
-0.0437945,-0.0368189,0.162337
0.0168875,-0.0299969,0.161308
0.0590661,-0.0285219,0.164006
-0.0899815,-0.0199701,0.15772
-0.0656952,-0.0185397,0.170335
-0.00133552,-0.0106535,0.16874
0.0874346,-0.0246663,0.162457
-0.0790463,0.00509113,0.165861
-0.0417699,-0.00752099,0.162664
0.0234166,0.00200108,0.170222
0.0636594,-0.0013729,0.164709
0.0907394,0.00249354,0.162788
-0.053782,0.0171858,0.161735
-0.00422816,0.0150777,0.159431
0.0664596,0.024899,0.156751
0.11357,0.016753,0.157975
-0.0876945,0.031194,0.166542
-0.0305936,0.0303487,0.170128
-0.0043485,0.0397473,0.171624
0.0227527,0.03645,0.167609
0.0494303,0.0433213,0.168033
0.107041,0.0427282,0.162844
-0.100986,0.0544578,0.159905
-0.0748179,0.0550301,0.170741
-0.0514207,0.045275,0.160294
-0.0248964,0.0541443,0.157645
0.07656,0.050036,0.166825
-0.0845646,0.0777833,0.158896
-0.00169763,0.0664945,0.165725
0.0320365,0.0610149,0.156228
0.087741,0.0743582,0.15805
-0.0370987,0.0817292,0.162177
0.0140321,0.0884192,0.17215
0.0406335,0.0814558,0.17237
0.0689863,0.0932253,0.164477
-0.0640198,0.0960889,0.16032
-0.0363275,0.109426,0.161388
0.0449868,0.105888,0.160613
-0.00930443,0.114625,0.161265
0.0180951,0.113266,0.16102
0.0172451,-0.113438,0.188048
-0.0565866,-0.0999669,0.186881
-0.0324536,-0.111057,0.180117
-0.0786015,-0.0836435,0.187009
-0.00233785,-0.093694,0.176906
0.0240981,-0.0877936,0.181366
0.051293,-0.091352,0.182961
0.078506,-0.0838935,0.186135
-0.0491405,-0.0772774,0.173397
0.00847833,-0.0661491,0.187978
0.0598402,-0.0655558,0.17841
-0.0984742,-0.0593381,0.183796
-0.0594867,-0.0523987,0.178987
-0.00255264,-0.0455204,0.173468
0.098936,-0.0575963,0.179345
-0.084219,-0.036002,0.182194
0.0207139,-0.0415339,0.187987
0.0512868,-0.0417105,0.188929
0.0796533,-0.036826,0.187682
0.111167,-0.0315791,0.178321
-0.11227,-0.0247023,0.174419
-0.0886777,-0.00948473,0.187425
-0.0242132,-0.0236112,0.176894
0.0363839,-0.0210761,0.178566
0.0901419,-0.0113705,0.1865
-0.109474,0.00342643,0.174889
-0.0637128,0.00200234,0.188546
-0.0226981,0.00514559,0.177768
0.115577,-0.00376745,0.176095
0.00280104,0.0111387,0.185859
0.0459881,0.0169687,0.175196
0.0687163,0.0102749,0.189238
0.112309,0.0249252,0.184081
-0.109978,0.0370204,0.181242
-0.0649938,0.0319272,0.182055
0.0864433,0.0261998,0.175591
-0.096449,0.0635287,0.18539
-0.0540643,0.0701481,0.180433
-0.0270743,0.0653807,0.182444
0.0222146,0.0626308,0.181845
0.0595684,0.0644182,0.182502
0.0975622,0.0614422,0.180253
-0.0768294,0.0852545,0.183799
-0.0129667,0.0884139,0.177425
0.0803824,0.0818286,0.186572
-0.0481631,0.0969294,0.182831
-0.0223511,0.112768,0.185353
0.0317973,0.10877,0.184485
0.0572137,0.0989624,0.188487
0.00505674,0.115248,0.185211
-0.0093087,-0.114786,0.193856
0.0403909,-0.108256,0.201756
0.0644118,-0.0961482,0.206627
-0.0331371,-0.087049,0.193398
0.00718066,-0.0912993,0.202618
-0.0537856,-0.0699059,0.19948
-0.0187565,-0.0638428,0.190474
0.0357078,-0.0649735,0.191546
0.0934159,-0.0689036,0.203643
-0.0734665,-0.0509693,0.202679
0.0677593,-0.0589155,0.203887
0.105592,-0.0437513,0.202189
-0.109133,-0.0383534,0.198105
-0.0597095,-0.0283261,0.195228
-0.0368212,-0.0431416,0.191637
-0.00727274,-0.0334808,0.197637
-0.114425,-0.0113211,0.198197
-0.039017,-0.00894549,0.194877
0.0130849,-0.0139878,0.19179
0.0340237,-0.0248602,0.205789
0.061507,-0.0162273,0.190109
0.113824,-0.0148816,0.201152
-0.0118953,-0.00658311,0.200786
0.0376995,0.000410633,0.195592
0.0902625,0.00866055,0.206334
-0.113672,0.0160981,0.19857
-0.0875292,0.0177243,0.190422
-0.0421099,0.0185742,0.192283
0.0255702,0.0248894,0.192387
0.0499439,0.0232686,0.204586
-0.0839723,0.0433931,0.199333
-0.016641,0.0288852,0.193753
0.00623969,0.0431159,0.199182
0.0674744,0.0390912,0.190629
0.0940876,0.040321,0.197879
-0.0438263,0.046055,0.192477
0.0414412,0.0472962,0.194106
-0.063647,0.0609412,0.204548
-0.0402787,0.0752007,0.204314
-0.00206791,0.0685129,0.193159
0.0939687,0.0683027,0.206435
-0.018347,0.0914388,0.204151
0.0340593,0.0853676,0.198733
-0.0640953,0.0961548,0.205247
-0.0396741,0.108596,0.206254
-0.0112404,-0.114137,0.221175
0.0170955,-0.113528,0.215312
-0.0351386,-0.110681,0.207449
-0.0562362,-0.0934177,0.213646
-0.0153345,-0.0795005,0.212879
0.0801118,-0.0818308,0.223795
-0.0914153,-0.0710708,0.207566
-0.0658953,-0.0671382,0.22403
-0.0384393,-0.0677944,0.222249
0.0238753,-0.0732628,0.214977
0.0510939,-0.0753202,0.218392
-0.102358,-0.0503768,0.221913
-0.0503679,-0.0440237,0.215761
-0.0169198,-0.0512595,0.217727
0.0107537,-0.0476529,0.212873
0.0422085,-0.0498509,0.213609
-0.0859894,-0.0271843,0.208227
-0.0290189,-0.0270213,0.213046
0.0637739,-0.032881,0.211934
-0.101428,-0.00940186,0.222311
-0.0627743,-0.0201457,0.221282
0.0885036,-0.0209144,0.212214
-0.0790703,0.00270411,0.211875
-0.0518383,0.00541837,0.214501
0.0106497,-0.00607072,0.218017
0.0661229,-0.00247925,0.21353
-0.0299166,0.0218903,0.216749
0.00102701,0.0197836,0.212842
0.0278068,0.0153327,0.218751
0.0703892,0.0253268,0.222535
0.112507,0.0240745,0.211436
-0.108496,0.0399409,0.211233
-0.0860794,0.0283615,0.222259
-0.061883,0.0304408,0.209349
-0.0437768,0.048247,0.219899
-0.0199434,0.0527977,0.206946
0.0461165,0.0447306,0.22138
0.0740326,0.0512722,0.214372
0.104289,0.0482037,0.222136
-0.0863444,0.0760516,0.207697
0.00106044,0.0635396,0.221114
0.0272728,0.0628852,0.212924
0.0538043,0.0689793,0.208761
0.00853387,0.0884152,0.208529
0.071387,0.0907878,0.210788
0.0206809,0.112972,0.209205
0.0467803,0.105073,0.213022
-0.0066799,0.115258,0.210809
0.00793609,-0.114956,0.240918
0.038268,-0.109366,0.232404
0.0622772,-0.0971526,0.238077
-0.07134,-0.0910487,0.236576
-0.0325282,-0.0936471,0.228856
-0.00668001,-0.0918854,0.237889
0.0206988,-0.0887653,0.237538
-0.0907404,-0.0717145,0.234917
0.00184811,-0.066977,0.230265
0.0256898,-0.0543209,0.235081
0.0714456,-0.0559465,0.231008
0.099379,-0.0548665,0.226428
-0.111471,-0.0302359,0.238196
-0.0768854,-0.0424471,0.229218
-0.0267238,-0.0359759,0.239157
-0.00438809,-0.0279017,0.225251
0.0226082,-0.0273607,0.230716
0.0827058,-0.0329652,0.241171
0.111645,-0.0290069,0.224612
-0.038299,-0.0101986,0.232608
0.0480405,-0.0171951,0.22819
-0.0669952,0.00175211,0.237197
-0.0142165,0.0016722,0.226906
0.0894292,-0.00577082,0.235179
0.116134,-4.61947e-05,0.22426
-0.113908,0.0152732,0.225652
0.00244914,0.0185715,0.240853
0.0507316,0.00964407,0.233674
0.0953816,0.0209677,0.23254
-0.10923,0.0385475,0.239031
-0.0556703,0.0267783,0.235937
-0.0123104,0.0388604,0.229458
0.0176267,0.0401368,0.225005
-0.098041,0.0603493,0.226831
-0.0721311,0.0511868,0.228885
0.0815842,0.0436994,0.239753
-0.0536363,0.072553,0.228046
-0.024161,0.0639331,0.232039
0.0606819,0.0638054,0.23491
0.0859153,0.0762952,0.231295
-0.0776884,0.0848855,0.232177
-0.00883952,0.0890942,0.229908
0.0396663,0.0828136,0.227511
0.0667888,0.0948803,0.237436
-0.0542221,0.101177,0.230269
-0.0285473,0.111797,0.231061
0.0173738,0.0979364,0.232591
0.0425866,0.107205,0.239989
-0.0024935,0.115875,0.238877
-0.0496252,-0.103572,0.247717
-0.0228486,-0.112731,0.245956
-0.0286949,-0.0875326,0.25556
-0.0539073,-0.0767741,0.252444
-0.0223697,-0.0632638,0.244158
0.0119123,-0.0670435,0.255806
0.0491779,-0.0656319,0.244012
0.0909435,-0.0714168,0.246581
-0.101898,-0.0525908,0.251025
-0.0738019,-0.053622,0.254184
-0.0491143,-0.0516767,0.242182
-0.00179773,-0.0450972,0.246547
0.07178,-0.0553709,0.258556
0.0546186,-0.0386018,0.244246
0.107776,-0.0414745,0.248783
-0.0844468,-0.0190883,0.241733
-0.0558265,-0.0254649,0.247413
-0.0123788,-0.014625,0.249023
0.0136763,-0.0247227,0.256589
0.0404288,-0.01816,0.257119
0.0653462,-0.0102643,0.248417
0.113935,-0.0147204,0.247997
-0.115667,-0.00401098,0.245017
-0.04727,0.000345854,0.256238
0.023396,-0.00230475,0.242158
-0.0925112,0.0104161,0.242034
-0.0294902,0.0171783,0.243804
0.0290526,0.0245516,0.244622
0.0738857,0.0158699,0.248556
0.114368,0.0126347,0.250266
-0.0836249,0.0355109,0.248749
-0.0129217,0.0346532,0.257105
0.0547748,0.0354047,0.245796
0.108846,0.0394391,0.247768
-0.0364031,0.0436423,0.245957
0.0111424,0.046476,0.251005
0.0363011,0.0557399,0.244823
-0.0850588,0.0628392,0.25098
-0.0484124,0.0669236,0.254369
0.0147335,0.0727284,0.243204
0.071759,0.0761001,0.256879
0.0960587,0.0631968,0.253062
-0.0338779,0.0873762,0.242563
-0.010694,0.0880275,0.25738
0.0382012,0.0813908,0.254745
-0.0516357,0.102528,0.257485
-0.0257852,0.111831,0.258381
0.0208103,0.112967,0.255171
-0.00374918,-0.115763,0.265564
-0.0649607,-0.0956722,0.269158
-0.0353259,-0.110381,0.27019
0.0251094,-0.112243,0.26219
0.0512893,-0.102791,0.262671
-0.00288153,-0.0882806,0.265054
0.028893,-0.0854787,0.267083
0.0816531,-0.0808097,0.27054
-0.0844345,-0.0780391,0.260963
-0.0107056,-0.0625067,0.27088
0.0547111,-0.0761574,0.268754
-0.0331549,-0.0479232,0.264345
0.032606,-0.0444508,0.259757
0.0993576,-0.0580997,0.268939
-0.111211,-0.0320864,0.266763
-0.083709,-0.0319731,0.267935
-0.0576624,-0.039623,0.273816
-0.0104949,-0.0328216,0.269623
0.0669509,-0.0298215,0.267692
0.111581,-0.0297887,0.273261
-0.0644478,-0.0129386,0.272763
-0.0353225,-0.0208724,0.269136
0.0896762,-0.0152043,0.261032
-0.115552,-0.00550943,0.272196
-0.0890564,-0.00326519,0.265517
-0.0233472,0.00621209,0.268243
0.00203709,-0.00371514,0.269802
0.0283796,0.0011172,0.27505
0.115874,-0.00259011,0.273122
-0.113145,0.0197294,0.258775
-0.0694648,0.0157351,0.261699
0.00941375,0.0227303,0.26797
0.0505264,0.00931306,0.261182
0.0843491,0.00898902,0.273104
-0.0590216,0.0413824,0.261497
-0.0359093,0.0304603,0.271696
0.0356966,0.0304247,0.270621
0.0851229,0.0355568,0.265824
0.110711,0.0280688,0.272802
-0.104369,0.0481485,0.264143
0.0289978,0.0569596,0.272475
0.0553839,0.0553898,0.264741
-0.0662717,0.0642467,0.275008
-0.0219809,0.0623192,0.260139
0.00389946,0.0670656,0.26784
-0.0738862,0.086482,0.25928
-0.0348271,0.0848442,0.270298
0.0195111,0.0890615,0.273356
0.0575691,0.0996053,0.262882
-0.00146084,0.116098,0.270351
-0.0160255,-0.113819,0.289908
0.013126,-0.114135,0.287271
0.0400952,-0.108531,0.287155
0.0646217,-0.0960276,0.285954
-0.0419928,-0.0845553,0.279495
-0.0166963,-0.0863025,0.290251
0.0108172,-0.0861093,0.288811
0.0399938,-0.0798802,0.291585
-0.0856438,-0.0768827,0.288598
-0.063354,-0.0664802,0.276189
0.0232825,-0.0612234,0.280155
-0.0985121,-0.0549633,0.278135
-0.0403554,-0.0588894,0.289308
0.0520619,-0.0504996,0.278169
0.0788367,-0.048308,0.284242
0.00719824,-0.0407669,0.289192
0.0338709,-0.0295788,0.282921
-0.0942954,-0.0147763,0.289851
-0.0158467,-0.0118101,0.288941
0.01325,-0.0141214,0.292683
0.0529452,-0.00981453,0.280688
0.0807437,-0.0146013,0.287043
-0.0732384,0.00831773,0.288652
-0.0464326,0.00562741,0.283211
-0.0990158,0.0162955,0.282179
0.000969104,0.0124134,0.292086
-0.0820102,0.0375927,0.276171
-0.0566777,0.0303078,0.289894
-0.00625519,0.0393958,0.283328
0.0197356,0.0325505,0.292964
0.0619072,0.027613,0.278342
-0.103862,0.049037,0.291574
-0.040309,0.0569483,0.279973
0.0108943,0.0585951,0.293097
0.0450146,0.04391,0.292755
0.0746693,0.0531602,0.284274
0.101483,0.0539284,0.278212
-0.0929852,0.0695947,0.27698
-0.0152109,0.0650905,0.287542
0.0449498,0.0775466,0.281005
-0.0747573,0.0877806,0.286632
-0.00564404,0.0917057,0.284181
0.0817847,0.0804295,0.28207
-0.0492789,0.10347,0.284709
-0.023442,0.112635,0.285996
0.036696,0.110176,0.277387
0.06064,0.0980675,0.290143
-0.0419516,-0.107436,0.29652
-0.0660902,-0.0944322,0.296632
-0.0619963,-0.0681043,0.303665
-0.0150933,-0.0623481,0.303728
0.0890832,-0.0733389,0.295919
-0.0985446,-0.0590836,0.305333
0.0115614,-0.0586846,0.309665
0.0383732,-0.0534748,0.301818
0.0729174,-0.0560066,0.30994
0.104942,-0.0471905,0.293481
-0.110208,-0.036479,0.294794
-0.0818194,-0.0401501,0.294256
-0.0557061,-0.0405928,0.303051
-0.0229759,-0.0379747,0.293629
0.0606372,-0.0312982,0.295803
0.084989,-0.0313333,0.308483
-0.0686832,-0.0165382,0.299543
-0.0414151,-0.0176955,0.296976
0.038254,-0.0115705,0.303903
0.106862,-0.0160959,0.296549
-0.115975,0.00105316,0.298641
-0.0896431,0.00315558,0.310144
-0.0554778,0.00620883,0.309599
0.067338,0.00754862,0.296423
-0.0254609,0.0122532,0.299779
0.0409619,0.0151728,0.295068
0.105027,0.0111781,0.294321
-0.112123,0.0271551,0.305976
-0.0850388,0.0291233,0.30216
-0.0311114,0.039175,0.29887
-0.00193447,0.0338568,0.309887
0.084184,0.0291402,0.294338
0.109822,0.0377835,0.298687
-0.0703616,0.0522328,0.29942
-0.0896174,0.0729104,0.304445
-0.0518564,0.0721599,0.30383
-0.00158356,0.0781636,0.307802
0.032504,0.0614962,0.309844
0.0584187,0.0663379,0.302133
0.0950139,0.0665661,0.301755
-0.0293004,0.0865984,0.297349
0.0233044,0.0872808,0.300536
0.0766433,0.0857623,0.308563
-0.0614996,0.0975514,0.308456
-0.0369934,0.110078,0.309484
-0.00841871,0.110876,0.30903
0.0400044,0.10872,0.304616
0.0138512,0.114045,0.293111
0.00381285,-0.115632,0.313144
-0.0529952,-0.100826,0.320754
-0.023312,-0.111713,0.316205
0.0315115,-0.111244,0.313175
0.0566943,-0.10011,0.312028
-0.077292,-0.0852858,0.319985
-0.0309738,-0.0853016,0.315039
-0.00363681,-0.0886292,0.31439
0.0233594,-0.0833419,0.313137
0.0823438,-0.0799961,0.321724
0.0521294,-0.0730946,0.315289
-0.0750629,-0.0509575,0.320829
-0.0391185,-0.0590826,0.316816
0.0991571,-0.058591,0.317758
-0.0867651,-0.0262085,0.317677
-0.0329864,-0.0323426,0.318658
-0.00506877,-0.0372628,0.31456
0.0225469,-0.0330106,0.311079
0.0529179,-0.0391777,0.320915
0.110998,-0.03387,0.317145
-0.113331,-0.0197046,0.316376
-0.0588745,-0.0191909,0.325029
-0.00398395,-0.00938427,0.313637
0.0623748,-0.00996542,0.317057
-0.112435,0.00644078,0.325272
-0.0325559,-0.00486677,0.320118
0.0426455,0.00843975,0.322631
0.0881882,-0.00171661,0.311774
0.115239,-0.00705032,0.321145
-0.0366019,0.0240122,0.322544
-0.0113442,0.0139037,0.326221
0.0165464,0.0124526,0.314786
0.0859032,0.0240502,0.321366
0.113133,0.0202339,0.319512
-0.0625455,0.0315791,0.317713
0.0316367,0.0352523,0.318191
0.0577424,0.0289122,0.312049
-0.0952673,0.0493938,0.317633
-0.0702998,0.0564641,0.32664
-0.043477,0.0505181,0.32517
-0.0192196,0.0582633,0.314767
0.00916388,0.055348,0.323013
0.0769084,0.0486872,0.312253
0.10301,0.0502374,0.322241
-0.0775027,0.0848813,0.32678
-0.0299556,0.0843008,0.324779
0.0193765,0.0805764,0.326956
0.0449012,0.0848673,0.317475
0.0170456,0.106883,0.319473
-0.00750489,-0.115297,0.33825
-0.0345104,-0.110871,0.341151
0.0163111,-0.102449,0.334381
-0.00796737,-0.0880318,0.341852
0.0399735,-0.0883843,0.334442
0.0663263,-0.0952608,0.338025
-0.0946697,-0.0672479,0.331302
-0.0565891,-0.0727972,0.333093
-0.0161331,-0.0639544,0.331218
0.016188,-0.0752873,0.338407
0.065011,-0.0671782,0.338876
0.0943769,-0.0676606,0.343174
0.00643327,-0.0497609,0.339308
0.0313028,-0.0545212,0.328431
0.0810284,-0.0451714,0.334598
-0.106934,-0.0427096,0.329947
-0.0768085,-0.0299896,0.342933
-0.0514796,-0.0434396,0.335823
-0.017847,-0.0371509,0.341088
0.107197,-0.0428488,0.34292
-0.113821,-0.0153286,0.343565
-0.0392317,-0.0202476,0.344174
-0.0139221,-0.00994478,0.339733
0.00954929,-0.0231531,0.333175
0.0366555,-0.0190426,0.33038
0.0648727,-0.0237125,0.340754
0.0907795,-0.0195194,0.332535
-0.0881999,-0.00584717,0.336107
-0.0377964,0.0072131,0.344304
0.0101028,0.00350351,0.340022
0.0762768,0.00344746,0.336932
-0.0861068,0.0213865,0.33045
0.058223,0.0246439,0.339267
-0.111034,0.0328812,0.332844
-0.0165831,0.0395529,0.334807
0.00956683,0.0304642,0.334675
0.110966,0.0342869,0.34305
0.037255,0.046076,0.343697
0.0763029,0.0454082,0.339547
-0.094813,0.067119,0.338587
-0.0534021,0.0758386,0.336432
-0.00861899,0.0681699,0.33962
0.0544624,0.0615035,0.328854
0.0820688,0.0709647,0.331107
-0.00465925,0.0936837,0.330237
0.0408135,0.0798303,0.344259
0.0658045,0.0955053,0.331914
-0.049795,0.103029,0.332514
-0.0240751,0.112661,0.33419
0.0412584,0.10801,0.332577
0.00624147,0.115325,0.343203
0.0110617,-0.114524,0.358582
-0.0583832,-0.0990746,0.347604
0.0370631,-0.110213,0.350437
-0.080218,-0.0824927,0.348972
-0.0347624,-0.0833923,0.346066
0.0790727,-0.0834444,0.359511
0.0423803,-0.0706317,0.355203
-0.0984152,-0.0591426,0.357307
-0.072055,-0.0563035,0.348813
-0.0342331,-0.0553574,0.353705
0.0490321,-0.0452472,0.347383
0.0718006,-0.0523512,0.36104
-0.0568979,-0.0317012,0.361886
0.0242957,-0.036124,0.355145
0.0865766,-0.0294082,0.357876
0.00211894,-0.0203959,0.359525
0.0270321,-0.00888089,0.35779
0.113832,-0.0163952,0.346935
-0.0638135,-0.00660173,0.349291
0.0510839,-0.000743764,0.34719
0.0929168,-0.00262847,0.358445
-0.11474,0.0107897,0.352237
-0.0877497,0.0121012,0.356904
-0.0637296,0.0207899,0.346493
-0.0109401,0.0157751,0.353649
0.0320441,0.0191136,0.345832
0.0873377,0.0235749,0.352125
-0.11017,0.0367225,0.35997
-0.0861046,0.0426903,0.347881
-0.0398515,0.0343275,0.348601
-0.0605543,0.0521381,0.352022
0.0992175,0.0585437,0.348708
-0.0336223,0.0611474,0.348577
0.0169703,0.0639439,0.348687
0.0616102,0.0624391,0.355413
-0.0679747,0.0942598,0.350776
-0.0229306,0.088736,0.351055
0.00436781,0.0874789,0.355522
0.076935,0.0853204,0.354956
-0.0415432,0.107782,0.358081
0.0290944,0.111675,0.3581
0.0545328,0.101286,0.356359
-0.0149285,0.113722,0.36054
-0.0404381,-0.107168,0.367754
-0.013409,-0.103183,0.364215
0.0575596,-0.0997607,0.365368
-0.0649079,-0.0931444,0.373468
0.0235281,-0.0893974,0.362281
-0.0864899,-0.0762443,0.375229
-0.0611664,-0.065958,0.372069
-0.0354098,-0.0755192,0.372445
-0.00889531,-0.0737208,0.365333
0.0173419,-0.0617618,0.362384
-0.00553946,-0.046491,0.363855
0.0965917,-0.0606719,0.369738
-0.110646,-0.0351,0.362479
-0.0815544,-0.0410286,0.369811
-0.0276063,-0.0303549,0.367001
0.110226,-0.0367227,0.369852
-0.114985,-0.00929518,0.370894
-0.0894816,-0.0148796,0.362095
0.0496954,-0.0231667,0.363688
0.0720088,-0.013361,0.376352
0.114886,-0.00986776,0.373522
-0.0439496,-0.0082437,0.368421
-0.0169035,-0.00447688,0.371297
-0.104776,0.0173051,0.378625
-0.0647901,0.00931515,0.371719
-0.0334433,0.01747,0.36946
0.0137348,0.0137975,0.365705
0.0406964,0.00908647,0.374218
0.0669721,0.0117617,0.366364
0.0913727,0.016314,0.378401
0.113982,0.0153155,0.362675
-0.0825027,0.0331045,0.373734
-0.0547438,0.0348431,0.373367
-0.0169759,0.0412151,0.362307
0.0105776,0.0409016,0.362243
0.0497689,0.0331646,0.364466
0.108039,0.0413215,0.369455
-0.0977895,0.0606597,0.365163
-0.0701229,0.0573137,0.377321
-0.0366676,0.0554874,0.375292
0.0344839,0.0580512,0.369059
0.0805734,0.0459021,0.366728
-0.0523128,0.0753496,0.364342
-0.0134257,0.0681605,0.366748
0.0919388,0.0703181,0.372513
-0.0811092,0.0816342,0.370951
0.0280445,0.0866518,0.369598
0.0540419,0.0796566,0.375484
-0.0591818,0.0988011,0.37704
-0.00627451,-0.115559,0.389609
-0.0494199,-0.103694,0.393517
0.0213904,-0.112914,0.38406
0.0470922,-0.105157,0.390217
-0.0228796,-0.0936615,0.38889
0.00423518,-0.0913948,0.381794
0.0442273,-0.0793146,0.381223
0.0713457,-0.0872243,0.385509
-0.050055,-0.0745745,0.39577
-0.101387,-0.0536439,0.384142
-0.0710667,-0.0512895,0.393129
-0.0452206,-0.0460465,0.382287
-0.0203239,-0.0440405,0.393768
0.00591819,-0.0589908,0.387254
0.0344734,-0.0566056,0.393386
0.0736941,-0.059852,0.387398
-0.111912,-0.0288585,0.389966
-0.0848346,-0.0274928,0.394467
0.00205936,-0.0307028,0.385023
0.029332,-0.0320941,0.381897
0.0557333,-0.0391908,0.3852
0.0852438,-0.0348387,0.387376
0.112328,-0.026091,0.39551
-0.0604983,-0.0159865,0.388955
-0.0327402,-0.0195964,0.391823
0.0476558,-0.0129373,0.389174
0.0905853,-0.00928109,0.39617
-0.0858982,-0.00138132,0.385797
-0.0437082,0.00559505,0.392206
-0.0116846,0.00576458,0.396273
0.0140512,-0.00590577,0.384917
0.0665022,0.00629493,0.394899
-0.0280205,0.0280895,0.394244
-0.00329046,0.0278134,0.382098
0.0245282,0.0313511,0.384004
0.0508853,0.0287253,0.391605
0.0774711,0.0363957,0.392358
0.111901,0.0286178,0.393597
-0.104658,0.0439805,0.385957
-0.0141799,0.0515862,0.390543
0.0585113,0.0531703,0.381523
0.0993418,0.053128,0.392697
-0.0937806,0.0686466,0.391472
-0.051707,0.0700344,0.393156
0.00984505,0.0610787,0.380964
-0.0315412,0.0838618,0.380325
-0.00382064,0.0883146,0.382878
0.0694895,0.0930331,0.393953
-0.0338751,0.111032,0.384248
0.0468325,0.105272,0.382499
-0.0068113,0.115447,0.386598
0.0204956,0.113076,0.384218
0.0128667,-0.114303,0.41022
-0.0281611,-0.111863,0.408882
-0.0729181,-0.0895278,0.399396
-0.00533839,-0.0936749,0.410931
0.0220216,-0.0894582,0.402679
0.0665184,-0.0951716,0.411272
-0.0921969,-0.0703882,0.404
-0.0152428,-0.0701016,0.400871
0.00920209,-0.067542,0.413319
0.0459048,-0.0772186,0.408631
0.0866615,-0.075984,0.405362
-0.0993328,-0.0438505,0.411136
-0.0357226,-0.0563245,0.413007
0.0592161,-0.0531543,0.409861
0.101664,-0.0539099,0.398538
-0.0528092,-0.0356757,0.406624
0.0153852,-0.041608,0.406411
0.0412883,-0.032358,0.40761
-0.0106238,-0.0226302,0.408076
0.0198166,-0.0147268,0.410356
0.0670765,-0.0194066,0.407567
-0.111594,-0.00188124,0.397175
-0.08383,-0.00503876,0.412959
0.0333945,0.00738401,0.401086
0.115694,0.00175168,0.398383
-0.112593,0.0247504,0.403926
-0.0673985,0.0185162,0.39753
0.00964755,0.0206541,0.405319
0.0884945,0.014945,0.409027
-0.0793268,0.0432707,0.399136
-0.0516167,0.0410998,0.400021
0.0324565,0.0350068,0.411075
-0.101762,0.0524311,0.412132
-0.00123403,0.0444793,0.413792
0.0355438,0.0582411,0.396582
0.0581076,0.0486784,0.409188
-0.0275989,0.0734751,0.405921
-0.00025848,0.0704839,0.404775
0.07592,0.0665622,0.398127
-0.0742226,0.0872677,0.396854
0.0176263,0.0907383,0.400004
0.0443202,0.0840053,0.400869
-0.0482377,0.0957681,0.402116
-0.0198836,0.0998272,0.405085
0.0347535,0.110809,0.407666
0.0076811,0.115136,0.409825
-0.00842942,-0.115256,0.427687
-0.0549898,-0.0959102,0.419299
0.0388081,-0.107286,0.416314
-0.0790376,-0.0837957,0.425481
-0.0299361,-0.0844439,0.419245
0.0168971,-0.0947631,0.429231
-0.0966645,-0.0633651,0.43027
-0.0556528,-0.06941,0.426697
0.0978607,-0.0615038,0.425806
-0.0741397,-0.0499542,0.420453
-0.00944033,-0.0479959,0.418775
0.0338622,-0.0558183,0.42101
-0.0852381,-0.0265772,0.430059
-0.0309992,-0.031651,0.42424
0.08308,-0.0404966,0.415173
0.109946,-0.0374189,0.420352
-0.113206,-0.0208287,0.417031
-0.0568617,-0.00993149,0.415549
0.087865,-0.0152583,0.425125
0.11486,-0.0103833,0.423059
-0.115563,0.00591277,0.423786
-0.0299293,-0.0040405,0.414387
-0.00211093,-0.000123317,0.421391
0.0447325,-0.00833888,0.420671
-0.0878323,0.0220945,0.415608
-0.0452528,0.0187789,0.416322
-0.0175656,0.0225539,0.41921
0.0229301,0.00980457,0.426871
0.0535089,0.0178142,0.416752
0.113534,0.018717,0.41987
-0.110975,0.0336783,0.429869
0.0829828,0.0399736,0.419057
-0.064405,0.0600047,0.415463
-0.0286319,0.0472063,0.413955
-0.0873067,0.0751705,0.417683
-0.0466538,0.0775183,0.427387
0.0241093,0.0608853,0.421507
0.0495028,0.072417,0.425295
0.0965125,0.0640373,0.417755
-0.0677259,0.094433,0.422484
6.17067e-05,0.0918176,0.422196
0.0272204,0.0886256,0.42575
0.0780211,0.0842586,0.419117
-0.0416372,0.107819,0.42588
0.056144,0.100613,0.421548
-0.0149402,0.114208,0.428002
-0.0643961,-0.0960803,0.445146
-0.0371782,-0.110053,0.434859
0.0352385,-0.110747,0.443325
0.0592762,-0.0986793,0.437477
-0.0400776,-0.0831192,0.444834
-0.00821437,-0.0904778,0.439744
0.0804692,-0.0821538,0.431457
-0.0200828,-0.065765,0.436949
0.0074366,-0.067813,0.440787
0.0554903,-0.069876,0.433381
-0.0738668,-0.0519929,0.447907
-0.0432973,-0.0536749,0.44557
0.0757176,-0.0521093,0.439174
0.103102,-0.0437486,0.446195
-0.108618,-0.0394888,0.436736
-0.0569852,-0.0329449,0.433694
0.0137259,-0.0419065,0.433867
0.0397125,-0.0328611,0.435066
0.066305,-0.0262411,0.43829
-0.109278,-0.0127068,0.443071
-0.0683937,-0.0104248,0.444671
-0.0415973,-0.0105744,0.438411
-0.0075005,-0.0230027,0.435745
0.0188193,-0.0151348,0.43786
-0.0895376,0.00569335,0.437642
0.0672448,0.000906561,0.433597
-0.0649729,0.0180046,0.435553
-0.0305564,0.0186042,0.44316
-0.00335856,0.0122729,0.445957
0.0431637,0.0159795,0.444411
0.0910986,0.0185504,0.436204
0.11512,0.00881506,0.445526
-0.079051,0.0415529,0.432962
-0.0473768,0.0406012,0.432967
-0.00674527,0.0395259,0.448078
0.0162673,0.0361021,0.433321
0.0650131,0.0312445,0.437881
0.10736,0.0428708,0.431375
-0.0982878,0.0605486,0.438196
0.0415786,0.045595,0.43868
0.0707345,0.0582358,0.435662
-0.0626383,0.0612526,0.442963
-0.0272312,0.0610482,0.43767
-0.000871384,0.0661214,0.4319
-0.0812959,0.0815071,0.44377
-0.0234488,0.0893653,0.436361
0.0807437,0.0815569,0.4464
-0.0583502,0.0960963,0.448248
0.0379082,0.109637,0.440024
0.0110452,0.114598,0.437072
-0.0182599,-0.113699,0.454562
0.00872025,-0.114994,0.449101
-0.0451825,-0.105868,0.462018
0.0517746,-0.10227,0.463617
0.0122752,-0.0893646,0.458454
0.0374993,-0.0838797,0.448843
0.0745797,-0.0880172,0.457707
-0.0835609,-0.0774884,0.451862
-0.0582606,-0.0692175,0.462713
-0.00583893,-0.0696224,0.464823
0.0568772,-0.0648666,0.460436
0.0934924,-0.0688784,0.451923
-0.100138,-0.0560994,0.457014
-0.007175,-0.0456769,0.451374
0.0316077,-0.0569953,0.448429
0.0744579,-0.0441096,0.465488
-0.111384,-0.0316507,0.462941
-0.0845039,-0.0285533,0.457744
-0.0562912,-0.0350634,0.461158
-0.0301899,-0.030727,0.453286
0.0164307,-0.0407094,0.46465
0.0479131,-0.0385185,0.460705
0.00427173,-0.0160869,0.462375
0.0467128,-0.0107433,0.449885
0.0688565,-0.0171435,0.46497
0.113194,-0.0183743,0.449351
-0.0463205,0.00454379,0.460822
-0.0207306,-0.00530873,0.458135
0.021038,0.00497301,0.456485
0.0889241,-0.00487033,0.450618
-0.112448,0.0148565,0.449771
0.0652279,0.00966196,0.459624
-0.107762,0.0418215,0.455938
-0.0849662,0.0264121,0.455192
-0.059687,0.037109,0.457299
-0.0326617,0.0423264,0.457012
0.019463,0.0321921,0.460388
0.0516682,0.0332243,0.464133
0.0837373,0.0339248,0.457833
0.111193,0.0335751,0.456885
0.0195816,0.0587662,0.448601
0.0678518,0.0555221,0.463949
0.0984848,0.0602894,0.450758
-0.0937867,0.0680656,0.464323
-0.0425294,0.0748877,0.455893
-0.00863262,0.0650225,0.458319
0.0543104,0.0763626,0.452113
-0.0206352,0.0889218,0.464896
0.00212904,0.0907905,0.449546
0.0283176,0.0848036,0.45547
-0.0353156,0.110505,0.452488
0.0176997,0.1092,0.463174
-0.00848173,0.115257,0.456464
-2.88611e-06,-0.116213,0.475119
-0.0265477,-0.112437,0.480966
0.0265592,-0.111509,0.469731
-0.0701118,-0.0923714,0.471813
-0.0267673,-0.0868614,0.469598
-0.000696859,-0.0898047,0.482749
0.0441089,-0.0807324,0.479001
-0.0901081,-0.0727789,0.478151
0.0184839,-0.0706831,0.477711
0.0877262,-0.0749895,0.478087
-0.0752355,-0.0497544,0.475317
-0.0297187,-0.0567089,0.469318
0.039503,-0.0535028,0.482217
0.100193,-0.050941,0.472554
-0.00757077,-0.043369,0.478825
-0.0656419,-0.0115506,0.472015
-0.0389844,-0.0174031,0.47571
0.0310131,-0.0182972,0.471218
0.0951656,-0.0240303,0.469411
-0.11583,-0.00483879,0.468642
-0.0891555,0.00131588,0.465748
0.0418988,0.00814297,0.474176
0.11572,-0.00421362,0.472798
-0.112884,0.023591,0.475817
-0.0674362,0.016345,0.473872
-0.0258382,0.0197271,0.471043
9.74907e-05,0.010897,0.47326
0.0891946,0.0110817,0.473081
0.113125,0.0217521,0.481519
-0.07814,0.0415199,0.47719
-0.0055348,0.0376657,0.476538
-0.103939,0.0495872,0.482061
-0.0370587,0.057711,0.479395
0.0134301,0.0575881,0.475377
0.0399899,0.0580159,0.46698
0.0987431,0.0483923,0.476448
-0.0629731,0.0635127,0.470447
0.0873242,0.0731509,0.472391
-0.0742488,0.0886345,0.469388
-0.0473004,0.0955383,0.47348
0.00828618,0.0848034,0.475682
0.0350658,0.0843277,0.482146
0.0690726,0.0934237,0.468653
-0.0254083,0.112637,0.478017
0.044896,0.106386,0.466429
0.0446935,-0.106563,0.489761
-0.0470576,-0.0940078,0.486822
-0.0235599,-0.0834007,0.496741
0.0233162,-0.0904888,0.496232
0.0684466,-0.0939138,0.483873
-0.0686851,-0.0777423,0.495087
-0.00230897,-0.0651232,0.494904
-0.103923,-0.0486811,0.483283
-0.0503989,-0.0586366,0.487387
0.0658938,-0.0602944,0.486067
0.0987133,-0.0600386,0.498437
-0.0582556,-0.0322556,0.488632
-0.0284587,-0.0295725,0.498035
0.0165412,-0.042048,0.49217
0.0584914,-0.0338153,0.485655
0.0845033,-0.0368036,0.494239
0.111399,-0.0326055,0.489959
-0.11294,-0.0231026,0.489009
-0.0857429,-0.0251574,0.485064
0.000394484,-0.0198039,0.490656
0.0426725,-0.0136883,0.495736
0.0694873,-0.0092558,0.491354
-0.111737,0.0037594,0.494795
-0.0635833,-0.0071103,0.499053
-0.0199053,-0.00147596,0.487552
0.0196886,-0.000116574,0.48911
0.096832,-0.00679796,0.492595
-0.0895558,0.0198636,0.489819
-0.0448871,0.0100662,0.488419
-0.00324104,0.020449,0.498891
0.0656893,0.0175847,0.486003
-0.0528686,0.0363797,0.486769
-0.0264309,0.0345764,0.494195
0.0227326,0.0272106,0.487278
0.0515128,0.0407551,0.490634
0.0786983,0.042915,0.494534
-0.0597322,0.0597684,0.499623
0.0324488,0.0601456,0.495088
-0.0824392,0.0715087,0.48933
-0.0110402,0.0627342,0.486956
0.0571434,0.0682911,0.485822
0.0954995,0.0656976,0.49761
-0.0675391,0.0941851,0.495457
-0.0412896,0.0797784,0.495274
-0.0136955,0.089783,0.491513
0.0762514,0.0861233,0.494219
-0.0433241,0.107047,0.498178
0.0276193,0.109997,0.488839
0.0537779,0.10191,0.492098
0.00120359,0.116196,0.484034
-0.00842553,-0.115274,0.501397
-0.0598089,-0.0984432,0.510999
-0.0354441,-0.110608,0.506898
0.0369829,-0.110042,0.515866
0.0611751,-0.0981823,0.510071
-0.000412957,-0.0898908,0.510208
-0.0957746,-0.0655314,0.504065
-0.0467563,-0.0742032,0.511399
0.023666,-0.0647503,0.506065
0.0497345,-0.0736252,0.505024
0.0781372,-0.0774952,0.503726
-0.0721844,-0.0514664,0.502631
-0.0274299,-0.0567323,0.502489
0.0648823,-0.0517677,0.51225
-0.101614,-0.038162,0.508946
-0.0483444,-0.0418954,0.512598
-0.00565218,-0.040945,0.508442
0.0404001,-0.0392449,0.50577
-0.114389,-0.0145715,0.51517
-0.0872919,-0.014117,0.511044
-0.0407969,-0.0108677,0.514037
0.0173394,-0.0162671,0.512084
0.0610531,-0.0229852,0.514038
0.114043,-0.0161698,0.511922
-0.0075315,-0.00391939,0.511993
0.0647899,0.00504047,0.514344
-0.0870459,0.0132508,0.516343
-0.061473,0.0195544,0.508243
-0.0286241,0.0138104,0.512156
0.0177857,0.0112064,0.514119
0.0420378,0.0132993,0.50122
0.0866112,0.0182412,0.503914
0.113002,0.0108345,0.506672
-0.110857,0.0340573,0.503741
-0.0789783,0.0404997,0.504658
0.0329409,0.037482,0.510712
0.0597274,0.0320173,0.515644
0.108583,0.040635,0.500985
-0.0990811,0.0591185,0.507451
-0.029293,0.0583699,0.507776
0.00759342,0.0462621,0.500202
0.0545763,0.0586578,0.511388
-0.00408199,0.0649784,0.516714
-0.0798483,0.0798532,0.515451
-0.0243441,0.0857294,0.516558
0.0141284,0.0794811,0.50204
0.0404378,0.0821888,0.509659
0.00861471,0.105712,0.508305
0.0387987,0.109292,0.513997
0.0638979,0.096747,0.517172
-0.0173678,0.113926,0.504265
-0.0173447,-0.113962,0.527395
0.0104465,-0.114783,0.521367
-0.0438704,-0.106453,0.532736
-0.0804103,-0.082308,0.519568
-0.0255394,-0.0878899,0.523855
0.0251297,-0.0863893,0.523398
0.0764641,-0.0863806,0.529667
-0.0648416,-0.0609718,0.527429
-0.00858989,-0.0662223,0.521713
0.0892677,-0.0624596,0.524153
-0.0929661,-0.0545407,0.529176
-0.0337213,-0.0580275,0.529504
0.0407764,-0.0572678,0.526596
-0.0992288,-0.0274651,0.534231
-0.0745652,-0.0346631,0.524264
-0.028795,-0.0309282,0.528629
0.0182438,-0.042092,0.522063
0.107726,-0.0423966,0.517483
-0.0652492,-0.00889204,0.526552
-0.00213892,-0.0240652,0.529934
0.0882122,-0.0230038,0.518648
-0.0244517,-0.00200055,0.534324
0.0408648,-0.00607148,0.522142
0.0889644,0.00312371,0.527318
0.115953,0.00204855,0.532507
-0.114412,0.0126245,0.520688
-0.0503491,0.0133592,0.532653
-0.0037926,0.0161448,0.530453
0.0372995,0.0195653,0.531641
-0.0975112,0.0396859,0.527183
-0.0727654,0.0293466,0.533519
-0.047613,0.0409399,0.518724
-0.0125011,0.0388174,0.517529
0.0169732,0.0381133,0.533119
0.0844718,0.0318487,0.527776
0.111905,0.0297611,0.526659
-0.0696313,0.0561957,0.525198
0.0448505,0.0462158,0.533969
0.0714001,0.0555482,0.532893
0.101197,0.0551918,0.523112
-0.0953176,0.0663502,0.533787
-0.048452,0.0732515,0.521035
0.0255309,0.0616901,0.5217
0.051565,0.0745792,0.533677
0.0826137,0.0766737,0.519289
6.2293e-05,0.0893737,0.528734
0.0271238,0.0872017,0.533237
-0.0602306,0.0983946,0.521662
-0.0352916,0.109656,0.524723
-0.00844047,0.115435,0.530211
0.0188967,0.113462,0.532568
0.00146697,-0.11621,0.547376
0.0276564,-0.107563,0.541577
0.054,-0.101872,0.536307
-0.0613258,-0.0860967,0.539081
-0.0287899,-0.0819274,0.550562
6.1254e-05,-0.0905359,0.537649
0.0414138,-0.0785925,0.544199
-0.0871976,-0.0758608,0.545432
0.0161349,-0.0646924,0.537678
0.0642105,-0.0638751,0.53946
0.0884846,-0.0721151,0.549913
-0.0748613,-0.0519672,0.551462
-0.00544867,-0.048338,0.542443
0.0957708,-0.0458997,0.54517
-0.052758,-0.0397255,0.540235
0.022012,-0.0378263,0.549016
0.0447474,-0.0297102,0.535737
0.0715023,-0.0376354,0.53496
-0.0735382,-0.0226874,0.54906
-0.0476151,-0.0135444,0.547114
0.0205476,-0.0119248,0.539761
0.0869313,-0.0170885,0.547612
0.111637,-0.0245479,0.53802
-0.115783,-0.00566225,0.54122
-0.0886035,-0.00179445,0.539264
0.0650792,-0.00167776,0.541046
-0.112712,0.0250934,0.545161
0.016083,0.0135123,0.549348
0.0619246,0.0256543,0.542327
0.0859873,0.0159283,0.551515
-0.0509381,0.0405403,0.546078
-0.0277093,0.028005,0.537754
-0.0765813,0.050195,0.551097
-0.0307659,0.0558272,0.535176
-0.00717295,0.0449875,0.544415
0.105519,0.0467983,0.549887
-0.0563598,0.0684419,0.546963
0.0086834,0.0673547,0.542738
0.0921499,0.0702248,0.544284
-0.0756863,0.0873348,0.541606
-0.0334486,0.0830708,0.54243
0.0728454,0.0897881,0.542283
-0.0522472,0.102518,0.547712
-0.0267432,0.112512,0.550722
0.0491071,0.104358,0.539093
0.020148,-0.11327,0.56734
-0.0504886,-0.103214,0.559225
-0.02522,-0.112583,0.553725
0.0442996,-0.0994424,0.561986
-0.0735451,-0.0893722,0.565007
0.0185735,-0.0873236,0.557821
0.0706214,-0.0922011,0.555896
-0.0500915,-0.0645024,0.551999
-0.00407984,-0.0716802,0.557188
0.0551164,-0.0724927,0.567318
-0.10343,-0.049681,0.5542
-0.0300264,-0.0457786,0.554503
0.0228739,-0.0608655,0.564086
0.0462146,-0.0497125,0.554625
0.0742148,-0.0508974,0.561566
-0.0523258,-0.0362963,0.567561
-0.000431535,-0.0314912,0.563655
0.111312,-0.0332525,0.564072
-0.112802,-0.0246582,0.560943
-0.0251298,-0.0194765,0.561762
0.0621103,-0.0242867,0.557164
-0.115832,0.00552016,0.566388
-0.0916933,-0.00770369,0.565903
-0.0656696,0.0059719,0.554307
-0.00346984,-0.00575489,0.551731
0.0417261,-0.00394151,0.555463
0.115436,-0.00657145,0.558587
-0.0877443,0.0222913,0.556399
-0.0359495,0.00958312,0.556513
-0.00941758,0.020626,0.556994
0.0602618,0.0130548,0.566734
0.113386,0.0205561,0.552734
-0.0276951,0.0405569,0.562264
0.020595,0.0413639,0.560218
0.049015,0.0403915,0.561685
0.0781244,0.0429848,0.556347
-0.103955,0.0496818,0.553922
-0.0895593,0.0728867,0.560491
-0.0160546,0.0654635,0.560521
0.0342584,0.063901,0.552229
0.0612339,0.0647361,0.557656
-0.0677901,0.0915495,0.56765
-0.0423558,0.0790477,0.568196
-0.00938731,0.0914409,0.554476
0.0191068,0.0864649,0.559588
0.0465941,0.0878415,0.561008
0.0812732,0.0811016,0.567033
0.0300608,0.111666,0.557563
0.00300385,0.115985,0.555208
-0.00654475,-0.115674,0.573706
-0.058031,-0.0994079,0.585374
-0.0336526,-0.111041,0.579915
0.0635417,-0.0969768,0.581994
-0.0140373,-0.089699,0.578681
0.0148798,-0.0884499,0.585069
0.0833387,-0.0786891,0.576156
-0.0933957,-0.0690379,0.571365
-0.0661568,-0.064536,0.57439
-0.0252899,-0.065146,0.573452
0.000273997,-0.056171,0.579462
0.0404363,-0.0548926,0.584401
0.100048,-0.0576165,0.570247
-0.107435,-0.0418397,0.581767
-0.082603,-0.0351768,0.571889
-0.0211696,-0.038942,0.580811
0.0162014,-0.0345281,0.585404
0.0378053,-0.0282133,0.569537
0.0611914,-0.0371051,0.581538
0.0857115,-0.0284897,0.572661
-0.065999,-0.0132978,0.573973
-0.0396764,-0.0113196,0.583672
0.0165883,-0.0106887,0.569919
0.0668182,-0.00998393,0.580309
0.113951,-0.0148762,0.584751
-0.0188574,0.00576913,0.578113
0.0399909,-0.00427277,0.582951
0.0918354,-0.00163177,0.57193
-0.0769548,0.0114192,0.579306
-0.0464005,0.0153039,0.581345
0.00763273,0.014191,0.577623
0.0335892,0.0190904,0.569868
0.114796,0.0120099,0.578884
-0.111353,0.0317566,0.573471
-0.0794325,0.0394543,0.576264
-0.049995,0.0427203,0.578256
-0.00301863,0.0424357,0.574373
0.094043,0.0294231,0.57412
-0.100292,0.0569621,0.580234
-0.0275362,0.0579093,0.584356
0.0655847,0.0508628,0.581056
0.0973618,0.0595186,0.572921
-0.0661683,0.0642235,0.572341
0.0136254,0.0643858,0.575136
0.0408776,0.0628441,0.578919
-0.0154847,0.084543,0.580396
-0.0416318,0.106171,0.573025
0.00994469,0.103818,0.578897
0.0433263,0.107357,0.581132
-0.0153077,0.114359,0.575685
0.0124142,-0.114528,0.593604
-0.0141579,-0.108708,0.599254
0.0388568,-0.109231,0.587165
-0.0800367,-0.0830992,0.590991
-0.0373389,-0.0822575,0.591351
0.0417368,-0.0819237,0.589487
0.0778022,-0.0850854,0.602327
-0.0975766,-0.0620459,0.597649
-0.0590612,-0.0700473,0.603076
-0.00407794,-0.0746093,0.599454
0.0661684,-0.0626614,0.590569
0.0958871,-0.0650212,0.596471
-0.0441181,-0.0520318,0.588623
0.0183363,-0.0586163,0.60032
-0.0823241,-0.0393574,0.600349
-0.0574003,-0.0288502,0.59531
-0.00443075,-0.0418355,0.602485
0.0403216,-0.0279832,0.596959
0.082154,-0.0412635,0.598919
0.108438,-0.0411914,0.590668
-0.11447,-0.0142224,0.58639
-0.0871878,-0.0134991,0.592398
-0.00564683,-0.0169018,0.586423
0.0181325,-0.0104903,0.598707
0.088903,-0.0146925,0.596208
-0.0608761,-0.00167774,0.598356
-0.00367553,0.0061376,0.601385
-0.106195,0.0115615,0.591488
-0.0309999,0.00901745,0.603307
0.0282897,0.0151191,0.598621
0.0764624,0.0143401,0.588952
-0.108968,0.039267,0.599861
-0.0647287,0.0287768,0.596875
-0.0239181,0.0308928,0.58814
0.00413454,0.0328702,0.599208
0.0276732,0.0399879,0.586796
0.0520663,0.0273349,0.588826
0.0844711,0.0402482,0.59805
0.111107,0.0339075,0.595176
-0.00292915,0.0596105,0.596641
-0.0518406,0.06386,0.595822
0.0237665,0.0618004,0.603113
0.0553398,0.0721924,0.600407
0.0816895,0.0708324,0.592554
-0.0844943,0.0786431,0.586944
-0.0343309,0.0845727,0.600435
0.00287801,0.0883605,0.600584
0.0282076,0.0854446,0.588226
0.0671728,0.0947253,0.586278
-0.0593661,0.09889,0.592821
-0.0307793,0.111758,0.598284
0.024542,0.112604,0.600515
-0.00276236,0.115964,0.600134
0.00396198,-0.115697,0.61968
-0.0416894,-0.107156,0.606093
0.0307471,-0.111228,0.613777
0.0556853,-0.101128,0.607995
-0.0660092,-0.0953637,0.611357
-0.02323,-0.0875527,0.614398
0.0242377,-0.0842379,0.610638
-0.0858839,-0.0773068,0.617284
0.0500973,-0.0765074,0.619039
-0.0253448,-0.0590573,0.607534
0.0422168,-0.0511054,0.611827
0.0686463,-0.0561663,0.617748
0.104611,-0.0487474,0.616887
-0.107723,-0.0310937,0.607138
-0.0437824,-0.0387844,0.617094
0.0196194,-0.0346272,0.613819
-0.0738826,-0.0183358,0.616042
-0.0255812,-0.0222347,0.604684
-0.00149444,-0.0168935,0.616958
0.0359158,-0.0129111,0.619562
0.0647971,-0.0213854,0.607748
0.113073,-0.0231617,0.61095
-0.115749,-0.00642213,0.616422
-0.090615,0.00434232,0.613033
-0.044913,-0.00801434,0.61987
0.0533088,0.00511621,0.605132
0.0792823,0.00374814,0.614157
0.104728,0.00650427,0.603938
-0.113469,0.0208274,0.619838
-0.065265,0.0143661,0.620257
-0.0874936,0.0315881,0.615288
-0.04278,0.0409482,0.608235
-0.0182509,0.0304258,0.615074
0.0252499,0.0338332,0.618608
0.0655656,0.0281419,0.614008
-0.0678827,0.0508451,0.613983
0.0466323,0.0470124,0.607337
0.0710329,0.0561182,0.616342
-0.0934336,0.0630057,0.607791
-0.0518841,0.0768561,0.62012
-0.025194,0.0616765,0.612746
0.0977815,0.0618043,0.612967
-0.0758738,0.0873024,0.611597
0.0258542,0.0862137,0.615646
0.0740906,0.0886047,0.612179
-0.0490968,0.104202,0.61782
0.0487884,0.0982356,0.606457
-0.0228895,-0.113244,0.625202
0.0481223,-0.104891,0.634174
-0.0673619,-0.0849459,0.636735
-0.0403306,-0.090126,0.635805
0.00177619,-0.0889384,0.625895
0.0714933,-0.0914113,0.62835
-0.0470935,-0.0642097,0.627162
-0.0213249,-0.063928,0.63677
0.0907684,-0.0718403,0.622667
-0.101903,-0.0527085,0.623213
-0.0719442,-0.0539394,0.621233
0.00167489,-0.0601406,0.622141
0.0299575,-0.0578633,0.635564
-0.112395,-0.0268827,0.634572
-0.0840422,-0.0354155,0.637541
-0.0144653,-0.0386043,0.627907
0.0556131,-0.0350963,0.629819
0.0829252,-0.0338916,0.625459
0.110396,-0.0310481,0.637144
0.0881125,-0.00930194,0.636767
-0.0188164,0.00233336,0.627096
0.0602964,-0.00703375,0.630831
0.115922,-0.00225577,0.628607
-0.0905505,0.016133,0.637892
-0.0397546,0.02016,0.62891
0.00402775,0.0175839,0.625194
0.0416966,0.0140437,0.628464
0.0961429,0.0165532,0.631623
0.0501536,0.0397464,0.633685
0.0829244,0.0403473,0.635537
0.109462,0.0386414,0.62215
-0.104557,0.0486831,0.628534
-0.039243,0.0493494,0.634238
0.00288665,0.0445108,0.630811
0.0304069,0.0585422,0.629655
-0.0886888,0.0745133,0.632374
0.00411621,0.0703518,0.621404
0.0536135,0.0733756,0.628916
-0.0691511,0.0932229,0.637626
-0.0181952,0.0864369,0.622642
0.00632955,0.102312,0.626414
0.0324768,0.111321,0.626784
0.0571057,0.100463,0.632554
-0.0183047,0.113976,0.622748
-0.00456926,-0.113727,0.645713
-0.0320291,-0.111447,0.651112
0.022423,-0.112973,0.639906
0.0645588,-0.0963388,0.654514
-0.0155215,-0.0885351,0.647694
0.0266116,-0.0851026,0.63807
0.0846361,-0.0783074,0.648716
-0.0873196,-0.0669372,0.642747
-0.0468316,-0.0713275,0.654849
0.00325551,-0.0652315,0.649122
0.0487178,-0.0741735,0.650369
-0.104688,-0.0473794,0.651301
-0.062369,-0.050146,0.646681
-0.0357004,-0.0447303,0.650882
0.0687676,-0.0559605,0.645303
0.0961387,-0.0539207,0.642858
0.0121746,-0.0373218,0.640176
-0.091997,-0.0103003,0.645386
-0.052116,-0.0255805,0.639792
-0.0257,-0.0188124,0.643339
0.000492228,-0.0147764,0.650887
0.0384142,-0.0201926,0.64602
-0.116114,0.00252178,0.648125
-0.0659784,-0.00193681,0.642361
-0.0262294,0.00688276,0.653241
0.0204665,-0.000334258,0.638563
0.0441545,0.00539036,0.654505
0.000890103,0.0133959,0.652209
0.0671026,0.0181592,0.639638
0.114576,0.0140204,0.652217
-0.111807,0.0297174,0.648951
-0.0698058,0.0342023,0.63874
-0.0425696,0.0289943,0.654928
-0.0180094,0.0309513,0.642591
0.0239283,0.026808,0.645222
0.108603,0.0407124,0.649514
0.0360972,0.0497884,0.655157
0.0693142,0.0601476,0.648932
-0.0637095,0.0610134,0.639206
-0.0158387,0.0631081,0.638956
0.0123493,0.0681407,0.648122
0.0966501,0.0637406,0.64042
-0.0368555,0.0824648,0.642528
-0.00677645,0.0879733,0.647654
0.0322783,0.0885984,0.642275
0.0783238,0.0841999,0.638993
-0.0374046,0.110014,0.642073
-0.0107876,0.115217,0.649227
0.016699,0.113885,0.64917
-0.0138561,-0.114773,0.67156
0.0139336,-0.114394,0.666034
-0.0564971,-0.100211,0.656912
0.0401056,-0.107958,0.660336
-0.0726056,-0.0785474,0.662933
0.0134663,-0.0871759,0.662194
-0.0216237,-0.0653956,0.664238
0.0267027,-0.0630608,0.663387
-0.0812161,-0.0479795,0.666554
0.0459269,-0.0447852,0.65592
0.0867302,-0.0588759,0.66828
-0.0540296,-0.0403862,0.671039
-0.00902978,-0.0419242,0.657111
0.0214513,-0.0361439,0.666095
0.0831799,-0.0333284,0.655763
0.108858,-0.0401471,0.66304
-0.0978639,-0.0260691,0.667182
-0.0717656,-0.0231574,0.658946
-0.0233822,-0.0159104,0.670593
0.0633397,-0.014281,0.657128
0.114727,-0.0129922,0.65744
-0.0850936,-0.00201501,0.670717
-0.0486895,-0.00860301,0.662692
0.0229473,-0.00834298,0.665507
0.0888237,-0.00693588,0.664613
-0.0888707,0.0257363,0.663647
-0.0638271,0.0143328,0.664498
-0.0159897,0.0258792,0.670374
0.0678546,0.0102767,0.66943
0.0890306,0.0229857,0.657308
0.0381873,0.0270062,0.670521
0.0620385,0.035969,0.660029
-0.101622,0.0545134,0.655299
-0.0692129,0.045002,0.664018
-0.0257134,0.0498987,0.66102
0.00108463,0.0440702,0.658303
0.100501,0.0570334,0.670132
-0.0884136,0.0748985,0.668283
-0.0613881,0.0713692,0.664533
-0.0349968,0.0733523,0.672
-0.00704386,0.0690436,0.66768
0.0481332,0.0742027,0.65947
0.0153404,0.0905833,0.663863
0.083918,0.0784977,0.665307
-0.0538459,0.097445,0.660111
-0.0262242,0.0981877,0.664275
0.0397335,0.108868,0.663385
0.064009,0.0966867,0.658926
-0.0400808,-0.108831,0.677297
0.0321756,-0.111402,0.686434
0.0570925,-0.100535,0.680661
-0.0655784,-0.0955983,0.683404
-0.0421527,-0.0815,0.679992
-0.0105505,-0.0878047,0.675669
0.0342526,-0.0846608,0.680106
0.0786436,-0.0843776,0.674892
-0.093062,-0.0694824,0.67895
-0.0631072,-0.0631274,0.683636
0.0562848,-0.068443,0.676811
-0.0978164,-0.0439596,0.688135
0.00254235,-0.0585046,0.675837
0.0381994,-0.0489999,0.684055
0.10495,-0.0483534,0.688983
-0.0746425,-0.029255,0.685659
-0.0274078,-0.0421643,0.677742
-0.00135885,-0.0292765,0.680311
0.0656687,-0.0424225,0.675001
-0.0430713,-0.0224291,0.68886
0.0445637,-0.0238872,0.674781
0.0701386,-0.0161041,0.683697
0.112522,-0.0216474,0.683488
-0.115495,-0.00863448,0.679114
-0.0621993,-0.00282218,0.686005
-0.00217111,0.000592444,0.676351
0.0445372,0.00270408,0.681925
0.115567,0.00524374,0.678296
-0.113618,0.0183734,0.673998
-0.0385024,0.0119179,0.677963
0.0111205,0.0247023,0.675144
-0.0806898,0.0431434,0.688928
0.0570775,0.0364642,0.689001
0.0833953,0.0316248,0.682726
0.111491,0.0323512,0.675545
-0.106721,0.0442777,0.680371
-0.0461389,0.0458079,0.679059
-0.00266787,0.0471563,0.685428
0.0189633,0.0606562,0.673806
0.0723115,0.0559294,0.67599
0.046359,0.0611967,0.683594
-0.0708009,0.091779,0.681032
-0.0160792,0.0865137,0.68708
0.0369091,0.0876156,0.680758
0.0702395,0.0916584,0.685246
-0.0472252,0.105241,0.685653
0.0266485,0.112319,0.687362
-0.0210059,0.113621,0.686561
0.00298897,0.113898,0.673052
-0.0221542,-0.113433,0.69779
0.00473376,-0.11583,0.691826
-0.0477071,-0.104821,0.70339
0.0493435,-0.104522,0.70679
-0.0237414,-0.0852511,0.700115
0.0100409,-0.0889454,0.693855
0.0724355,-0.0905838,0.701194
-0.0845458,-0.0782139,0.703591
-0.0520512,-0.0762553,0.705166
0.019896,-0.0636857,0.698381
0.0459469,-0.0773262,0.703958
0.0912952,-0.0713234,0.695498
-0.0447303,-0.0486266,0.698176
-0.0171268,-0.0586509,0.697266
0.0674708,-0.0582165,0.699823
-0.0194569,-0.029881,0.701032
0.00479184,-0.0419598,0.706071
0.0234131,-0.0272217,0.692092
0.0553228,-0.0335176,0.699003
0.0828248,-0.0352643,0.698907
-0.112752,-0.0252525,0.701708
-0.0907569,-0.00947554,0.696605
0.00262285,-0.0137082,0.704118
0.0386813,-0.00928284,0.706302
-0.116107,0.00192712,0.704538
-0.0220729,-0.00314312,0.694971
0.0193734,0.00500734,0.692815
0.0889032,-0.00380921,0.699579
0.115885,-0.0028604,0.704605
-0.0897324,0.0171936,0.68982
-0.0608015,0.0242679,0.690799
-0.0424261,0.0112655,0.706576
-0.00445103,0.0180042,0.697589
0.0401002,0.0199461,0.702956
0.0659824,0.011626,0.69688
0.102754,0.02062,0.698838
-0.111558,0.029015,0.702784
-0.0282621,0.0314989,0.694393
0.0257926,0.0409665,0.691838
-0.0525726,0.0453984,0.706445
-0.02616,0.0589402,0.693718
0.0778622,0.0500962,0.702321
0.104764,0.0487559,0.696621
-0.0955997,0.0659109,0.693323
-0.0643152,0.0650514,0.691108
-0.00198584,0.0686705,0.702637
0.0254275,0.0682536,0.700022
0.0516163,0.0772958,0.705323
0.0906356,0.0717966,0.691159
-0.0790471,0.08437,0.70622
-0.0426173,0.0807425,0.697357
0.0109568,0.0900123,0.691017
0.0500869,0.104133,0.699303
0.0026133,0.116146,0.700514
-0.00355159,-0.115906,0.71796
0.0232482,-0.112883,0.71241
-0.0679954,-0.0942501,0.718595
0.0225671,-0.0859453,0.718133
-0.0315041,-0.0701706,0.722449
-0.00233982,-0.0748202,0.71396
0.0854057,-0.0775432,0.721658
-0.100009,-0.0571256,0.71221
-0.0717589,-0.0542597,0.708209
-0.016842,-0.0468855,0.722484
0.0401705,-0.0518931,0.712843
0.101179,-0.0557051,0.715876
-0.0880411,-0.0323123,0.711763
-0.0606189,-0.0290838,0.709361
0.0254537,-0.0295565,0.719475
0.111817,-0.0311661,0.709319
-0.0378061,-0.0145989,0.714743
0.0655074,-0.0114423,0.711899
0.0895493,-0.0206237,0.721637
-0.0920411,0.00515793,0.719904
-0.0664,-0.00242316,0.713236
-0.0166539,0.00684018,0.720042
0.018785,0.00353313,0.720297
0.0799073,0.0102781,0.721444
-0.0851768,0.0309612,0.713201
-0.0313839,0.0298281,0.723676
0.108265,0.0416279,0.72301
-0.103338,0.05135,0.716635
-0.0332318,0.059257,0.720337
-0.0112695,0.0444189,0.711795
0.0156152,0.0483493,0.716355
0.0448792,0.0508424,0.709064
-0.0583406,0.0702064,0.717381
0.0956088,0.0654844,0.717519
-0.0211986,0.0847536,0.714095
0.00436663,0.0944066,0.717361
0.0302153,0.0856083,0.720866
0.0773362,0.0853703,0.711051
-0.0520634,0.101912,0.71255
-0.0212972,0.112312,0.714074
0.0251271,0.112572,0.715982
-0.0397857,-0.10906,0.736858
0.0144074,-0.111939,0.738456
0.0413184,-0.108189,0.732867
0.0654587,-0.095767,0.727307
-0.083953,-0.0793369,0.73532
-0.0192187,-0.094601,0.725627
0.0398651,-0.0793526,0.738443
-0.0597651,-0.0665338,0.729771
-0.0086864,-0.0668786,0.739526
0.0603097,-0.0666714,0.725037
-0.0999504,-0.0573769,0.73973
-0.0441229,-0.0442729,0.725381
0.0163647,-0.0580486,0.725273
0.0775083,-0.0451449,0.725233
-0.110612,-0.0352295,0.727295
-0.0717277,-0.0408743,0.732243
0.00233653,-0.0404767,0.741204
0.0529069,-0.0314098,0.726364
0.109129,-0.0394435,0.736595
-0.0845765,-0.0166706,0.734925
-0.0570217,-0.0176951,0.734182
-0.0131794,-0.0198352,0.725895
0.00997762,-0.0140512,0.739542
0.0372448,-0.0113034,0.736837
0.0646443,-0.0101513,0.739376
0.114725,-0.013327,0.730042
-0.116202,-0.000149591,0.732
-0.0402406,0.00481479,0.734148
-0.0864402,0.0234786,0.739692
-0.0600486,0.0216597,0.725023
0.00294685,0.0253507,0.725677
0.0515201,0.00998539,0.725943
0.107839,0.0141485,0.72505
-0.112351,0.0270836,0.730262
0.0304956,0.0277145,0.72756
0.0697254,0.0356137,0.724965
0.091428,0.0293337,0.741144
-0.0691765,0.0474313,0.728341
0.0475846,0.0475027,0.736232
-0.0859479,0.0692931,0.728205
-0.0067969,0.0663701,0.729671
0.0253474,0.0638048,0.736984
0.0682526,0.0631118,0.724513
-0.0701264,0.0923549,0.73104
-0.040092,0.0822598,0.733953
-0.0135487,0.0911221,0.73973
0.0712328,0.0917542,0.737046
-0.0386272,0.109609,0.735315
0.0491792,0.10465,0.72683
-0.00042869,0.116144,0.733592
-0.0136999,-0.114888,0.743417
-0.0629588,-0.0969892,0.745472
0.0578938,-0.100245,0.753396
-0.0390369,-0.0829641,0.745659
-0.0133343,-0.0896376,0.754314
0.0117276,-0.0849701,0.74345
0.0793294,-0.0838106,0.747838
0.0968694,-0.0633773,0.742264
-0.0746204,-0.0596406,0.752148
-0.0251891,-0.0458297,0.748722
0.0192733,-0.0596348,0.752626
0.0438972,-0.0523143,0.741888
0.0737706,-0.0517053,0.751736
-0.0907336,-0.0356678,0.753893
-0.0521477,-0.0409162,0.751634
0.0268905,-0.0326035,0.750926
0.0566785,-0.0287269,0.758053
0.0851791,-0.0268818,0.748112
-0.111372,-0.0172504,0.753038
-0.0321286,-0.0193001,0.745871
0.113567,-0.0210834,0.75659
-0.0899146,-0.000294259,0.75643
-0.0647485,0.00551782,0.746846
-0.0128524,0.000586015,0.746606
0.0887989,0.00126095,0.745895
0.115603,0.00552728,0.749957
-0.115347,0.0102115,0.757732
-0.0273763,0.0234117,0.751838
0.0225588,0.00973957,0.74688
0.0661575,0.0167246,0.74829
-0.074356,0.0429401,0.754982
-0.0472085,0.0406133,0.743463
-0.00948954,0.042508,0.743188
0.0169628,0.0380242,0.749211
0.0418425,0.0277541,0.754974
-0.10226,0.0527768,0.744116
0.0705416,0.0442774,0.751113
0.103834,0.0507647,0.753235
-0.0890237,0.0742896,0.755111
-0.063035,0.0689245,0.744461
-0.0292494,0.0610672,0.74753
0.00427041,0.0634087,0.754734
0.0509714,0.0740361,0.742858
0.0861252,0.069825,0.744354
0.0137154,0.0890892,0.742702
-0.05568,0.0982621,0.753752
0.028998,0.111963,0.744111
0.052888,0.102799,0.754334
-0.0188622,0.114073,0.753966
-0.02223,-0.11357,0.769488
0.00465295,-0.115893,0.763905
-0.047364,-0.102487,0.767502
0.0328597,-0.111366,0.758873
-0.0792759,-0.084247,0.763528
0.00636385,-0.090554,0.774593
0.031064,-0.0844168,0.764026
0.0732159,-0.0899385,0.77395
-0.0588836,-0.0684784,0.773173
-0.0323491,-0.0658832,0.766216
-0.00480699,-0.0666188,0.766749
0.0569116,-0.0723152,0.758839
0.0920362,-0.0705635,0.768382
-0.0980907,-0.0596239,0.767115
-0.018157,-0.0440871,0.775309
0.0442371,-0.0503853,0.769561
0.105622,-0.0472536,0.762813
-0.11048,-0.035822,0.773358
-0.0721039,-0.0420441,0.773154
0.00941222,-0.0410975,0.770473
0.078596,-0.0339766,0.773911
-0.065763,-0.0185624,0.760258
-0.0358839,-0.0231336,0.772878
-0.00864242,-0.0232756,0.759724
0.0160177,-0.0106068,0.766138
-0.0417552,0.00130204,0.761439
-0.0173741,-0.00138087,0.774
0.0441385,-0.00462562,0.762665
0.072425,-0.00763265,0.766135
-0.0866128,0.0234158,0.770082
-0.0557854,0.0248473,0.764314
0.00201587,0.0156182,0.76428
0.0276509,0.0141507,0.774287
0.0859417,0.020719,0.767047
-0.110329,0.0363865,0.764719
-0.0111181,0.039039,0.770467
0.112532,0.0277982,0.7656
-0.0903193,0.0518938,0.775545
-0.0377488,0.0458606,0.768794
0.0362611,0.0541916,0.760376
-0.0515399,0.0697037,0.769448
-0.0177037,0.0658213,0.772035
0.0549875,0.0707456,0.771949
0.0930778,0.0694089,0.772505
-0.0739147,0.089038,0.772783
-0.0316731,0.0861764,0.759842
-0.0026449,0.0880909,0.764856
0.0332305,0.0838798,0.761361
0.0747949,0.0881614,0.764042
-0.0387162,0.109542,0.772522
0.0329714,0.11123,0.771371
0.00768528,0.115409,0.761237
-0.00403636,-0.115857,0.790038
0.0227463,-0.112805,0.784414
0.0498337,-0.104317,0.779399
-0.066786,-0.0950475,0.785575
-0.0442167,-0.0810048,0.792835
-0.020561,-0.0885307,0.780878
-0.0883687,-0.0750414,0.787758
0.0223408,-0.0636034,0.779722
0.0481536,-0.0773045,0.784438
-0.0467925,-0.0460405,0.783582
-0.00133915,-0.0595961,0.793079
0.0695177,-0.0593575,0.779635
0.0950828,-0.0509794,0.788002
0.0333196,-0.0272128,0.779616
0.112273,-0.0294733,0.782767
-0.115565,-0.0090006,0.778989
-0.0883116,-0.0195551,0.776069
-0.0595189,-0.0218452,0.787006
-0.00395682,-0.023594,0.787037
0.0560121,-0.0136987,0.787386
-0.0914884,0.00353656,0.790711
-0.0677999,0.00340948,0.776685
-0.0396363,-0.00337477,0.791678
0.0102767,-0.000339611,0.79101
0.0901033,0.000710179,0.785536
0.115936,-0.00201823,0.77641
-0.114181,0.017901,0.784752
-0.0346903,0.0218278,0.781804
-0.00847735,0.0197854,0.789991
0.058588,0.0128074,0.778368
0.113674,0.0207519,0.792175
0.0157145,0.0391966,0.776699
0.0518987,0.0395233,0.777767
-0.0629694,0.0468444,0.779727
0.0333477,0.057392,0.787521
0.0785369,0.0465395,0.777381
0.10559,0.0474579,0.783445
-0.0887586,0.0746415,0.790973
0.00771038,0.0661059,0.782541
-0.022523,0.08958,0.785586
0.0237175,0.0896398,0.786469
0.0785743,0.0838173,0.790968
-0.0541832,0.0958719,0.790716
0.0565926,0.0987743,0.78172
-0.0130571,0.115036,0.780868
0.0129178,0.11465,0.789923
-0.0521171,-0.102624,0.810183
-0.0307062,-0.111766,0.795554
0.0405104,-0.108543,0.804937
-0.0694052,-0.081218,0.809257
-0.00183046,-0.0907889,0.801255
0.0247477,-0.0873892,0.794878
0.0664864,-0.094319,0.800262
0.0629322,-0.0672543,0.805365
0.0866066,-0.0763254,0.794723
-0.102423,-0.0522096,0.793984
-0.0691968,-0.0570613,0.796035
-0.0282278,-0.059356,0.798979
0.0368112,-0.059008,0.802671
-0.112175,-0.0270793,0.799493
-0.0817671,-0.0327629,0.799336
-0.0565636,-0.0368795,0.809907
-0.0317777,-0.029227,0.799435
0.0163847,-0.0390579,0.797813
0.0551362,-0.0405066,0.793676
0.11005,-0.0370783,0.809126
0.0374912,-0.0236738,0.806604
0.0873902,-0.0237305,0.797933
0.113089,-0.0102992,0.802514
-0.116179,-0.000519895,0.805498
-0.0669351,-0.00130027,0.803791
-0.0148342,-0.0032662,0.803684
0.0367121,0.00279089,0.798083
0.0639319,0.00630613,0.804604
-0.0860192,0.0241564,0.808122
-0.0596783,0.0234028,0.793787
-0.0373401,0.0179625,0.808951
-0.0237546,0.0412899,0.797962
0.00358417,0.0415739,0.801773
0.0325162,0.0299787,0.79648
0.0627711,0.0337662,0.805888
0.086773,0.0265493,0.794439
0.108497,0.0410654,0.81008
-0.106632,0.0444502,0.796916
-0.0800499,0.0500449,0.801043
-0.053413,0.0466496,0.807191
0.0625825,0.0593688,0.795824
0.0894677,0.0605098,0.801416
-0.0619451,0.0697984,0.794914
-0.0346746,0.0662324,0.793723
-0.0105315,0.0646902,0.806862
0.0169804,0.0647153,0.808414
0.000530796,0.0892659,0.80122
0.0437883,0.0785893,0.801629
-0.0330305,0.1112,0.799429
0.0383095,0.109471,0.799271
0.0621841,0.0978234,0.808683
-0.00737623,0.115455,0.808501
-0.012801,-0.115117,0.81623
0.0141646,-0.1143,0.810626
0.0572055,-0.100727,0.825354
-0.0270567,-0.0902364,0.812297
0.0162978,-0.0840894,0.8209
0.0809779,-0.0822483,0.821028
-0.0935546,-0.0688699,0.814033
-0.0463963,-0.0685215,0.817521
-0.00950596,-0.0696341,0.817366
0.0448118,-0.0761622,0.824015
0.0981183,-0.0612647,0.814711
-0.0706372,-0.0569239,0.823526
-0.0333162,-0.0447688,0.822419
0.0147301,-0.0566437,0.818962
0.0504934,-0.0443927,0.821579
0.0764916,-0.0444215,0.812477
-0.101517,-0.0424584,0.819741
-0.0776428,-0.0304526,0.826473
-0.0089399,-0.039854,0.810606
-0.11409,-0.0187871,0.826149
-0.0907866,-0.00904443,0.81519
-0.0446413,-0.0122166,0.817276
-0.0194716,-0.0194564,0.825792
0.00710616,-0.01754,0.812295
0.0640161,-0.0199013,0.812993
0.0879172,-0.0234697,0.826188
0.0298874,-0.00526471,0.825635
0.0897457,0.00168049,0.813074
-0.11281,0.0249591,0.815352
-0.0619843,0.0204886,0.821073
-0.0116968,0.0239943,0.817013
0.0138332,0.0140083,0.814245
0.0419071,0.0188443,0.819858
0.114675,0.012195,0.818316
0.0206495,0.0390006,0.823592
0.0862184,0.029872,0.821776
-0.0695701,0.0607687,0.826344
-0.0310869,0.0538315,0.821639
0.0422929,0.0523648,0.81306
0.0714205,0.0556305,0.821651
0.0984618,0.0599732,0.827433
-0.0945574,0.0674918,0.816914
-0.0480035,0.0756161,0.817879
-0.0747567,0.088303,0.810782
-0.0242955,0.0887325,0.813053
0.0256149,0.0871261,0.821875
0.0817757,0.0809217,0.818162
-0.0522477,0.10281,0.81729
-0.027973,0.112445,0.826521
0.0438401,0.107125,0.827024
0.0184503,0.113426,0.817891
-0.000989291,-0.1161,0.843126
-0.0589897,-0.099052,0.836575
-0.0330331,-0.111217,0.834525
0.03241,-0.111459,0.831036
-0.0809922,-0.0826689,0.834278
-0.0357414,-0.0840233,0.83764
-0.00738276,-0.0904985,0.835225
-0.0979612,-0.0618521,0.840254
-0.0585867,-0.0703028,0.844364
-0.0195869,-0.0621376,0.841867
0.00723932,-0.0683841,0.842737
0.067533,-0.0620589,0.834106
0.0937288,-0.0665904,0.841365
0.0328121,-0.056988,0.839756
-0.0520395,-0.0304041,0.836605
-0.00035553,-0.0416397,0.836704
0.024665,-0.0328758,0.829188
0.1062,-0.0419793,0.835951
-0.0903359,-0.0130269,0.843609
0.0495945,-0.0212165,0.836424
0.114362,-0.0165164,0.82931
-0.115838,0.00712051,0.83612
-0.0672047,-0.004614,0.831116
-0.0271223,0.00634107,0.831721
-0.000511052,-0.000731044,0.832727
0.0615921,0.00382739,0.831945
0.0851803,-0.00302882,0.844419
-0.0889995,0.0121555,0.832682
0.00375415,0.0252529,0.840683
-0.0802673,0.0378516,0.837202
-0.0518388,0.0417185,0.835375
-0.0259557,0.0329227,0.838827
0.0614147,0.0327974,0.833388
0.111465,0.0324264,0.83672
-0.105645,0.0465265,0.83091
-0.00487944,0.0482308,0.828192
0.0397747,0.051159,0.840454
-0.0854745,0.0781825,0.84061
0.0162205,0.0650967,0.835922
0.05126,0.0739287,0.827678
-0.0318843,0.0828907,0.838937
-0.00158383,0.0882556,0.828664
0.0667547,0.0949598,0.836413
-0.0476371,0.105204,0.844326
-0.00229736,0.115999,0.835771
0.0227773,-0.11307,0.85674
-0.0307803,-0.111741,0.861986
0.0494947,-0.104686,0.851505
-0.0816907,-0.0819869,0.861818
-0.0195151,-0.0867017,0.859674
0.00775199,-0.0902147,0.859869
0.0309129,-0.0849878,0.846027
0.0725374,-0.090708,0.845846
0.0537941,-0.0731555,0.855785
-0.0741463,-0.0481835,0.849388
-0.0475518,-0.0484197,0.856937
-0.109599,-0.037729,0.846399
-0.0250713,-0.0357162,0.847317
0.0183264,-0.0392845,0.856788
0.0556813,-0.0418314,0.853652
0.0820854,-0.0342732,0.85085
-0.115146,-0.0124017,0.85551
-0.0633231,-0.014853,0.856355
-0.0366046,-0.0109782,0.850912
-0.00898981,-0.014675,0.854933
0.0179148,-0.0127896,0.849274
0.0642111,-0.0149163,0.858916
0.104968,-0.0195059,0.855039
0.0418857,0.000848825,0.850972
0.112813,0.00602283,0.845076
-0.0674948,0.0166498,0.849307
-0.0405397,0.0159958,0.854944
-0.0133931,0.0123578,0.857978
0.0309966,0.0254736,0.845215
0.0873467,0.0241022,0.848684
-0.107427,0.0283562,0.851539
-0.0145727,0.0427165,0.861899
0.0544862,0.0378091,0.859554
-0.100145,0.0579366,0.855376
-0.0724811,0.0580739,0.854196
-0.0341428,0.0575122,0.849378
0.0119958,0.0466418,0.855906
0.0760837,0.0507232,0.848353
0.10308,0.0525519,0.853544
-0.00905037,0.0684939,0.846356
0.0566766,0.0700908,0.85436
0.0855871,0.0767257,0.845124
-0.0690683,0.0932934,0.856776
0.00694916,0.0901384,0.854791
0.0332112,0.0830724,0.848038
0.0230049,0.110273,0.844942
0.0484277,0.105195,0.854167
-0.0231041,0.11358,0.853615
0.00134851,-0.116187,0.873711
-0.0596408,-0.0984619,0.86407
0.0405615,-0.108515,0.877254
0.0655463,-0.0957159,0.872006
0.0329455,-0.0823225,0.873378
-0.066687,-0.061423,0.872377
-0.0435504,-0.0753471,0.866874
0.0102053,-0.0623669,0.869463
0.0859248,-0.0770865,0.865594
-0.0954212,-0.0587724,0.86749
-0.0200992,-0.0607445,0.869375
0.0371017,-0.0554862,0.86873
0.0748952,-0.0523137,0.870388
0.105568,-0.0476769,0.862883
-0.110262,-0.0364634,0.873909
-0.0851848,-0.0288396,0.865497
-0.0603132,-0.0336003,0.876348
-0.0332823,-0.0295284,0.872867
-0.00482939,-0.0379195,0.871663
0.0135426,-0.0153322,0.876362
0.0380013,-0.0221451,0.865647
0.0861784,-0.0220519,0.875208
-0.0893774,0.00672756,0.862793
-0.0343185,-0.00036009,0.876225
0.0382506,0.00349027,0.878146
0.0891255,0.00493581,0.870472
0.116097,-0.000514841,0.871617
-0.115475,0.0104073,0.870827
0.0138197,0.0112099,0.86217
0.0632826,0.0121139,0.86418
-0.110408,0.0361981,0.878904
-0.0835415,0.0336228,0.864236
-0.0532089,0.0404155,0.862854
-0.0328042,0.0300284,0.878138
0.00473394,0.0317158,0.878176
0.0315825,0.029607,0.872434
0.0837348,0.0315774,0.874951
0.112886,0.0263064,0.863717
-0.0330107,0.0576155,0.876908
0.0343153,0.0588698,0.866321
0.068938,0.055879,0.874472
-0.086745,0.076963,0.870125
-0.0515731,0.0732164,0.863827
-0.00655724,0.0661994,0.873835
0.0919984,0.0705425,0.871197
-0.0193099,0.0879855,0.86286
0.025354,0.0841914,0.87441
0.0713224,0.0916457,0.863384
-0.0427865,0.0999621,0.870911
0.0284894,0.112129,0.871883
0.00272615,0.116143,0.862871
-0.0208938,-0.113926,0.889764
-0.0469865,-0.105442,0.887492
-0.0727388,-0.0900773,0.886808
-0.0486524,-0.0786722,0.893728
-0.0231457,-0.0865038,0.886944
0.0106873,-0.0923214,0.88715
-0.0948681,-0.067025,0.893749
-0.00623257,-0.0655214,0.892698
0.0211883,-0.0678194,0.89414
0.063844,-0.0721066,0.886057
0.0977058,-0.0618425,0.88515
-0.0425691,-0.0534148,0.883545
0.044992,-0.0539673,0.89506
-0.0849134,-0.0416436,0.889794
-0.0199214,-0.0398437,0.894641
0.0194956,-0.0410556,0.884263
0.0575809,-0.033783,0.881147
0.112768,-0.0271708,0.880333
-0.115145,-0.0123779,0.886299
-0.0877712,-0.00952711,0.884984
-0.0126652,-0.0150429,0.884876
0.0370237,-0.0196413,0.893069
-0.0616297,-0.000623106,0.879867
0.0139838,0.00866905,0.890115
0.0620912,-0.00721044,0.886876
-0.0901784,0.0177551,0.888033
-0.0131159,0.0129935,0.887669
0.0624825,0.0222368,0.889797
0.104554,0.0207255,0.889383
-0.0643909,0.0265047,0.883838
-0.0982532,0.0592231,0.887746
-0.0696141,0.0572555,0.881585
-0.0493751,0.0458763,0.89643
-0.0139532,0.0456838,0.892823
0.0159596,0.0570144,0.886785
0.0465818,0.0470918,0.887972
0.105854,0.0470797,0.88039
-0.052388,0.0741836,0.894847
0.0507572,0.0755942,0.880683
-0.0664991,0.0952794,0.884136
-0.0266461,0.0817287,0.888627
0.000348951,0.0934414,0.881341
0.074446,0.0873683,0.890426
0.0530297,0.102988,0.881196
-0.0183831,0.114213,0.880727
0.00412223,-0.116109,0.901113
-0.0604587,-0.0983484,0.910427
-0.0358557,-0.110525,0.912638
0.0295211,-0.105534,0.902295
0.0572231,-0.100832,0.897769
-0.0821545,-0.0816387,0.913327
-0.00679012,-0.0919295,0.908411
0.0431197,-0.0788943,0.906616
-0.0688047,-0.0612025,0.900545
-0.030061,-0.0626873,0.906245
0.0660934,-0.0634462,0.91209
0.0955568,-0.0655852,0.912323
0.0792604,-0.0449056,0.896564
-0.109557,-0.0378579,0.901422
-0.0505703,-0.0408465,0.906727
0.02439,-0.0362197,0.911088
0.05741,-0.0338573,0.909183
0.107773,-0.0429277,0.902383
-0.066489,-0.0196212,0.899275
-0.0390898,-0.0177281,0.897072
0.00781693,-0.0147296,0.903311
0.088097,-0.022125,0.909225
-0.0882097,-0.00732139,0.912451
-0.018847,-0.00338945,0.909072
0.0854256,0.00270192,0.897664
0.111906,-0.00483904,0.898469
-0.115194,0.0124184,0.898276
-0.0673914,0.00909406,0.904982
-0.0407398,0.0138624,0.898933
0.0434549,0.00894403,0.904652
-0.109688,0.0378028,0.907405
-0.081771,0.0409972,0.900221
-0.0265668,0.0324983,0.913464
-0.000214076,0.026938,0.907631
0.0249406,0.0339076,0.898801
0.0513375,0.0343363,0.911905
0.036078,0.0588735,0.910559
0.078114,0.0453459,0.898135
0.103026,0.0528226,0.90717
-0.030244,0.0621936,0.907703
-0.00481576,0.0703962,0.900991
0.0621391,0.0669034,0.904182
0.0874173,0.0751279,0.911434
-0.0826372,0.0787863,0.899176
0.020984,0.079981,0.901279
0.0465907,0.0896083,0.904307
-0.0657936,0.0956843,0.912906
-0.0431264,0.101513,0.898398
0.00513377,0.104436,0.906121
0.0309491,0.111745,0.899327
-0.0206203,0.114027,0.908163
-0.0112044,-0.115265,0.923995
0.0178325,-0.113914,0.925801
0.0475285,-0.105564,0.923108
-0.0284074,-0.0869212,0.924684
0.0178819,-0.08304,0.916875
0.0739431,-0.0894604,0.916457
-0.0524029,-0.0740501,0.920593
-0.00674402,-0.0670536,0.920205
-0.0988694,-0.060311,0.920162
-0.0670137,-0.0514637,0.926392
0.0167536,-0.05731,0.930667
0.0427262,-0.0533252,0.922505
0.106057,-0.046886,0.929601
-0.110534,-0.0356776,0.929111
-0.0862166,-0.0345178,0.916309
-0.0280548,-0.0300824,0.919096
-0.00244399,-0.0401691,0.91594
0.0791196,-0.042878,0.924947
-0.115087,-0.0132003,0.91383
-0.0630142,-0.0236555,0.92631
-0.00650929,-0.0166606,0.929833
0.0367316,-0.0130557,0.919826
0.11359,-0.0223319,0.919666
-0.0455023,-0.00347526,0.919753
0.01748,0.00795893,0.917432
0.0635997,-0.00754031,0.91439
0.0885755,-0.000158323,0.925853
0.115631,0.00476897,0.924015
-0.115341,0.01168,0.925798
-0.0907394,0.0198483,0.916211
-0.0071901,0.0113288,0.929244
0.0644205,0.016318,0.928108
0.0866066,0.0246997,0.914135
-0.081053,0.0426346,0.928292
-0.0533076,0.0283818,0.918696
0.0257801,0.0326999,0.926287
0.111611,0.0319794,0.922985
-0.0432501,0.0516144,0.929544
0.00981284,0.0527396,0.916215
0.0751754,0.0480336,0.925403
-0.0983403,0.0616589,0.915171
-0.0668307,0.0620551,0.914914
-0.0127896,0.0619295,0.929026
-0.0827265,0.0802446,0.928165
-0.0458354,0.0796625,0.923083
-0.0204768,0.0875565,0.915795
0.00529082,0.0820672,0.923826
0.0326922,0.0811206,0.926467
0.0688333,0.0936129,0.920028
-0.0416469,0.108343,0.925043
0.0442794,0.106944,0.925561
0.0178199,0.113924,0.928637
0.00193627,-0.116164,0.948199
-0.0619697,-0.0968054,0.937888
-0.0378006,-0.109846,0.940103
-0.0847359,-0.0788357,0.940604
-0.00192406,-0.0920128,0.9355
0.0398047,-0.081397,0.933851
-0.0562405,-0.0717209,0.947745
-0.0299652,-0.0609597,0.933719
-0.00728277,-0.0679112,0.947744
0.060404,-0.0676721,0.945945
0.0856781,-0.0735694,0.936741
-0.100373,-0.0572235,0.947494
-0.0821581,-0.0361001,0.943506
-0.046513,-0.0401573,0.940922
-0.0128043,-0.0408369,0.941467
0.0479453,-0.0337644,0.941164
-0.115457,-0.0111053,0.941296
-0.0879974,-0.00925378,0.939937
-0.0354831,-0.0149831,0.942676
0.0186411,-0.0260568,0.936048
0.0896271,-0.0231385,0.941023
0.114758,-0.0127601,0.945448
-0.0673705,0.00743618,0.932489
0.0153249,0.000187515,0.943776
0.0669467,-0.00749879,0.941743
-0.089212,0.0216682,0.944185
-0.0331752,0.0126988,0.938322
0.0398924,0.0137265,0.940351
-0.109909,0.0373367,0.934947
-0.0587656,0.0332086,0.945263
-0.0217374,0.0376992,0.940085
0.0520005,0.0410695,0.938612
0.085618,0.0281384,0.941407
0.00474753,0.0450111,0.942156
0.0294202,0.0568495,0.939034
0.0983262,0.0608612,0.933084
-0.0983921,0.0616072,0.942723
-0.0622881,0.0675082,0.94154
-0.0346135,0.0762732,0.948019
0.0562229,0.0672252,0.931057
-0.0112027,0.090338,0.944419
0.0816444,0.0812662,0.941037
-0.0627064,0.0968479,0.940259
0.0608383,0.0986491,0.945963
-0.00931284,0.115426,0.933224
-0.0220533,-0.113872,0.962342
-0.0489959,-0.104459,0.964701
0.0266218,-0.112498,0.959887
0.0508146,-0.103406,0.950334
-0.0725163,-0.0902699,0.962484
-0.0324227,-0.0849604,0.951864
-0.00637546,-0.0912441,0.962657
0.0176783,-0.0793544,0.95013
0.0421104,-0.0804458,0.962838
0.0739367,-0.0895169,0.955879
-0.0779914,-0.0632817,0.962375
-0.0364842,-0.0571039,0.960172
0.0100404,-0.0476707,0.955558
0.0356546,-0.0565718,0.950687
0.075581,-0.0455237,0.952135
0.100116,-0.0578426,0.954151
-0.110982,-0.0335211,0.956683
-0.0630618,-0.0401522,0.962938
0.0600574,-0.0266898,0.964878
0.11104,-0.0339946,0.962591
-0.0640116,-0.0147393,0.95234
-0.000687224,-0.0224731,0.958317
0.0400166,-0.0104556,0.953495
-0.0173719,-0.000596842,0.957612
0.0895158,0.00354744,0.953192
-0.114981,0.0137155,0.953256
-0.0660836,0.0130576,0.962562
-0.035981,0.0248266,0.962891
-0.00229636,0.0223663,0.956112
0.0625786,0.02167,0.955061
0.114584,0.0144301,0.949773
-0.109131,0.0390308,0.962435
0.0269746,0.0338602,0.954033
0.108412,0.0412667,0.949606
-0.0773873,0.0500634,0.956597
-0.0415102,0.0511777,0.95703
-0.0150367,0.0588007,0.956484
0.0738372,0.0501525,0.95304
0.00828604,0.0714302,0.949057
0.0569844,0.0713063,0.958267
0.0966574,0.0637052,0.960443
-0.0822607,0.0816163,0.955664
0.0326175,0.0833637,0.953903
-0.038585,0.103256,0.951942
0.0353562,0.110714,0.952559
-0.0171488,0.114656,0.964976
0.00828424,0.115487,0.95441
0.00364309,-0.116117,0.975703
0.0500512,-0.104489,0.977824
-0.0288475,-0.0905957,0.978591
0.0175316,-0.0923219,0.976305
-0.0516016,-0.0755708,0.974619
-0.00491567,-0.0699242,0.980005
0.0214312,-0.0652113,0.973465
0.079913,-0.0669598,0.970513
-0.101212,-0.0555228,0.974978
-0.0133761,-0.0457161,0.96993
0.0557329,-0.0537892,0.969356
0.103056,-0.0528038,0.981071
-0.0375379,-0.03011,0.965618
0.0101205,-0.0341748,0.9808
0.0335267,-0.0339702,0.966286
0.077895,-0.0415617,0.98099
-0.115715,-0.0092301,0.968781
-0.0878111,-0.0226739,0.966866
-0.0638098,-0.0182755,0.979653
0.0445417,-0.0102949,0.980663
0.0883363,-0.019461,0.968293
-0.0920795,0.00450044,0.965532
-0.0435367,-0.0023786,0.966005
0.0191522,-0.00483109,0.970595
0.068095,-0.000835104,0.969945
0.0920808,0.00430043,0.982502
0.115467,-0.00593724,0.97213
-0.114803,0.0155719,0.98073
0.00791806,0.0179339,0.98132
0.0395374,0.0135867,0.967881
0.0610272,0.0226699,0.982545
0.113777,0.0215292,0.976358
-0.0856216,0.0300334,0.97363
-0.0590958,0.0374784,0.9732
-0.0172446,0.0334321,0.981163
0.0295477,0.0349955,0.982059
0.0886088,0.0297562,0.968724
-0.0287786,0.0584453,0.980354
0.00602381,0.0440523,0.970925
0.0286044,0.0591815,0.966469
0.0512709,0.0435488,0.967411
0.0748864,0.0505109,0.980575
0.105832,0.0475315,0.980834
-0.097637,0.0628365,0.970239
-0.0577251,0.0702424,0.968568
0.00010542,0.0688903,0.981287
-0.0184544,0.0862856,0.970685
0.00851134,0.0914901,0.967947
0.0312763,0.0837217,0.981395
0.0547421,0.0951987,0.972615
0.07942,0.0836815,0.96837
-0.0626963,0.0973361,0.967808
-0.0402712,0.108962,0.978841
0.0338702,0.111149,0.981333
0.00670604,0.11576,0.981889
-0.02019,-0.114216,0.989823
-0.0634175,-0.096887,0.987625
0.0278746,-0.112325,0.992148
-0.0852235,-0.0787092,0.984033
-0.00939674,-0.0902172,0.998104
0.0378792,-0.0798232,0.990062
0.073011,-0.0903205,0.983398
-0.0650235,-0.0641002,0.995779
0.0139031,-0.0669576,0.999917
0.0624467,-0.0666603,0.99278
0.0902636,-0.0725269,0.995437
-0.0303739,-0.0592208,0.986902
-0.00714089,-0.0483309,0.996934
0.0371754,-0.0489378,0.989131
-0.111376,-0.0316409,0.984199
-0.0791477,-0.0425452,0.98518
-0.051423,-0.0414738,0.987872
0.0574153,-0.0298342,0.995206
0.112842,-0.0273553,0.989272
-0.089702,-0.0164237,0.99362
-0.0392978,-0.0129809,0.991073
-0.0143993,-0.0213812,0.982785
0.00785177,-0.0106906,0.995031
0.0868026,-0.0192503,0.995803
-0.115533,-0.00718775,0.996246
-0.0635903,0.00461018,0.994942
-0.0193071,0.0056823,0.984362
0.0674053,0.00038803,0.997455
0.115692,0.00413309,0.997777
-0.090556,0.0111132,0.993046
-0.0418729,0.0206468,0.989471
0.0377539,0.0120159,0.995326
-0.108351,0.0407161,0.989926
-0.0714318,0.0309145,0.997235
0.00614182,0.0404158,0.998235
0.0848003,0.0272654,0.995877
-0.0719927,0.0568457,0.98796
-0.0476905,0.0466325,0.996545
0.0264332,0.0596689,0.993925
0.0515358,0.0452938,0.995093
-0.0966224,0.0643821,0.997731
0.0552954,0.0709424,0.985744
0.09234,0.0702456,0.988664
-0.0815246,0.0822578,0.983188
-0.0407277,0.0825032,0.986452
-0.0163135,0.0818881,0.999202
0.00907723,0.0919203,0.995496
0.073049,0.0902914,0.994322
-0.0621485,0.0976014,0.995355
-0.0179299,0.114156,0.994108
0.00332528,-0.116128,1.00404
-0.0433291,-0.107517,1.0032
0.0518469,-0.103735,1.00529
-0.066244,-0.0954649,1.015
-0.0424061,-0.080149,1.00018
0.0132698,-0.0907742,1.01376
0.0744931,-0.0890282,1.01088
-0.0866975,-0.0770858,1.01319
-0.100994,-0.0560843,1.00252
-0.0532149,-0.0463297,1.01494
-0.0252149,-0.0607886,1.01388
0.0789069,-0.0499234,1.00722
0.106273,-0.0467192,1.00775
-0.111781,-0.0297067,1.01168
-0.0839309,-0.0364565,1.01163
-0.0302501,-0.0353337,1.0044
0.016614,-0.0410232,1.00883
0.0437439,-0.0429701,1.01519
-0.0608343,-0.0211026,1.0069
-0.016695,-0.0093978,1.00749
0.0333573,-0.0196809,1.00401
0.114251,-0.0173932,1.01492
-0.042865,-0.00243046,1.01627
0.0913665,0.00347628,1.01071
-0.11377,0.0204708,1.00782
-0.0394303,0.0249095,1.01658
-0.0127276,0.0217809,1.00572
0.013297,0.013012,1.00798
0.0613754,0.0241481,1.01005
0.0305364,0.034446,1.00959
0.111834,0.0310741,1.00211
-0.105652,0.0465718,1.01671
-0.0786224,0.0514416,1.01416
-0.0195157,0.0484469,1.00429
0.0760897,0.049863,1.00902
-0.0565429,0.0710074,1.00584
0.0039854,0.0658353,1.00866
0.0572861,0.0695725,1.01317
0.0900134,0.0725904,1.01602
-0.0809088,0.0828998,1.01073
0.0333758,0.0838613,1.00886
-0.0407401,0.10879,1.0086
0.0506107,0.104257,1.00211
0.00629066,0.11585,1.00942
-0.0206845,-0.11418,1.01741
0.00525089,-0.116048,1.03151
-0.0437962,-0.1073,1.03075
0.0298114,-0.112017,1.01963
0.0524345,-0.103466,1.03284
-0.0237982,-0.0871521,1.02175
0.0435551,-0.0808979,1.01825
-0.0540869,-0.0723807,1.02386
-0.000717154,-0.0687099,1.02362
0.0257042,-0.0611509,1.02531
0.0650828,-0.0652894,1.02544
0.0919693,-0.0707407,1.02288
-0.103025,-0.0517568,1.02965
-0.074967,-0.055338,1.02957
-0.0390362,-0.0274784,1.02929
-0.00755284,-0.0420208,1.02373
0.0659447,-0.038273,1.03079
0.0901186,-0.0290306,1.02135
-0.0870504,-0.0105226,1.0204
-0.0632851,-0.0151494,1.03369
-0.00964708,-0.0166093,1.03413
0.0143043,-0.0107999,1.02182
0.0380627,-0.0212226,1.03111
0.0622784,-0.0125936,1.02121
-0.11593,-0.00500685,1.0237
-0.0203356,0.00813713,1.02843
0.0400295,0.00462099,1.02177
-0.0903043,0.0242804,1.02184
-0.0671167,0.00941676,1.02182
0.00534897,0.0163136,1.03416
0.0634937,0.0115398,1.03445
0.114087,0.0189267,1.02672
-0.0605922,0.0343851,1.03148
-0.0173992,0.0360666,1.02881
0.00926957,0.0421974,1.02555
0.0882626,0.0278457,1.02319
-0.0410071,0.0517136,1.02279
0.0303316,0.0594249,1.02119
0.0531285,0.0448213,1.02629
0.104721,0.0498378,1.02097
-0.0942146,0.0680064,1.02971
-0.0550821,0.0729555,1.03327
-0.016765,0.0642054,1.02672
-0.0339055,0.0847678,1.02021
0.0112893,0.0923757,1.02296
0.071129,0.0918018,1.02175
-0.0614912,0.097979,1.02315
-0.0175602,0.112939,1.02291
0.0312883,0.111764,1.02026
-0.0211779,-0.11407,1.04496
-0.0658289,-0.0956922,1.04255
0.0276789,-0.112384,1.04709
-0.0393413,-0.0836234,1.04423
-0.00231538,-0.0909237,1.03981
0.02533,-0.0864201,1.03816
0.0749619,-0.0886044,1.03842
-0.0864265,-0.0774214,1.0414
-0.0618366,-0.0684479,1.05
-0.0165701,-0.0682269,1.04616
0.010704,-0.0649911,1.04842
0.050536,-0.0778066,1.04522
0.0921285,-0.070593,1.05043
-0.0382805,-0.0538867,1.03711
0.0427859,-0.047782,1.04231
0.0685003,-0.0564625,1.05132
0.104823,-0.0496539,1.03511
-0.112266,-0.0275364,1.03914
-0.0850021,-0.031347,1.03868
-0.0597997,-0.0393938,1.04632
-0.0130973,-0.0412769,1.0507
0.0165453,-0.037618,1.03635
0.0866909,-0.0336439,1.04831
0.0616705,-0.0195491,1.05054
-0.115954,-0.00274691,1.05115
-0.0912904,0.0057206,1.04224
-0.0647552,0.00825409,1.04923
-0.0401405,-0.00399268,1.04364
0.0149903,-0.00693334,1.04909
0.0418279,-0.000451638,1.0488
0.0848016,-0.00611735,1.03569
0.115508,-0.00533596,1.03967
-0.113903,0.0198786,1.03536
-0.0371674,0.0233977,1.044
0.0869686,0.0179801,1.04887
-0.0836936,0.0308112,1.0507
0.0341153,0.0274241,1.03605
0.0577329,0.0331752,1.05084
-0.106306,0.0451615,1.04423
-0.0738218,0.05545,1.04334
-0.0457294,0.0489324,1.04979
-0.0094603,0.054633,1.05151
0.0367191,0.0525399,1.04708
0.077544,0.0479524,1.03867
0.103914,0.0462655,1.04828
-0.0317424,0.0735034,1.0479
0.00885229,0.0682128,1.03603
0.0578214,0.0690427,1.04069
0.0913157,0.0713081,1.04352
-0.0767382,0.0865602,1.04349
-0.0124161,0.089665,1.03674
0.0113862,0.0915274,1.05049
0.0331939,0.0823398,1.03637
0.0725694,0.0906765,1.04924
-0.0405982,0.108834,1.03746
0.0297167,0.112062,1.05151
0.051645,0.103812,1.03704
-0.0172136,0.114776,1.05076
0.0066152,0.11582,1.03697
0.00258608,-0.11473,1.0589
-0.0452787,-0.106552,1.05831
0.050464,-0.104311,1.06031
-0.0194045,-0.0918033,1.0614
0.0129942,-0.0891371,1.06264
0.0733683,-0.0900402,1.06589
-0.0886144,-0.0715831,1.06824
0.0329236,-0.0612066,1.06426
-0.103391,-0.0511155,1.05719
-0.0402952,-0.0552201,1.06454
0.10385,-0.0514466,1.0664
-0.112406,-0.026868,1.06668
-0.0794729,-0.0403219,1.0656
-0.036394,-0.0279041,1.05682
0.0317297,-0.0273581,1.05719
0.0522778,-0.0420025,1.06826
0.112713,-0.0278585,1.05527
-0.0884602,-0.0147797,1.06042
-0.060963,-0.0162464,1.06123
-0.00154883,-0.0213192,1.06579
0.0895323,-0.0100509,1.06255
-0.0413262,0.00726529,1.06875
-0.0154884,6.3215e-05,1.05526
0.0657365,0.00550677,1.06124
0.115803,-0.00309673,1.06714
-0.113018,0.0240184,1.06258
0.00978821,0.0141017,1.06612
0.0369676,0.0215199,1.06469
0.113839,0.0211499,1.05418
-0.0604595,0.0300483,1.0655
-0.0112802,0.0272661,1.05419
0.0142239,0.0374982,1.05225
0.0832054,0.0397918,1.06527
-0.0932107,0.0692605,1.05722
-0.0586689,0.0707659,1.06051
0.0164162,0.0635375,1.06211
0.0412759,0.0754253,1.06179
0.0661451,0.0614173,1.06582
-0.0124806,0.0912232,1.06425
-0.0573641,0.100212,1.05755
0.0532714,0.103048,1.06453
0.00616996,0.115915,1.06529
-0.0259329,-0.112921,1.07784
0.0279782,-0.112355,1.07464
-0.070288,-0.0922139,1.06952
-0.0449231,-0.0815649,1.07114
-0.00401591,-0.0895688,1.08431
0.0367545,-0.0862846,1.07629
-0.0172506,-0.0672366,1.07368
0.0152559,-0.0698899,1.08355
0.0577637,-0.0686672,1.07357
0.0904556,-0.0723631,1.07832
-0.105413,-0.0468386,1.08434
-0.0645544,-0.0608509,1.07633
0.0057414,-0.048099,1.06962
-0.0533818,-0.0358159,1.07908
-0.0214248,-0.0393968,1.0769
0.0259016,-0.0349328,1.08302
0.077202,-0.0318144,1.07412
0.112441,-0.0288451,1.0828
-0.0784892,-0.021097,1.08531
-0.0241971,-0.0120235,1.07844
0.0532288,-0.0150672,1.07638
-0.116119,0.00150618,1.07837
-0.0658382,0.00290634,1.08054
0.0274775,-0.00564947,1.07362
-0.0895198,0.0112962,1.06925
-0.0158524,0.0145857,1.07867
0.0917162,0.0144977,1.07578
-0.033409,0.033641,1.06931
-0.00778461,0.0421637,1.07711
0.0190605,0.0364299,1.07939
0.0619404,0.0273523,1.07759
0.109189,0.0392856,1.07441
-0.103844,0.0483516,1.07168
-0.0765106,0.0518625,1.07053
-0.0514078,0.0503407,1.08179
-0.0276944,0.0604614,1.07183
0.043574,0.0474112,1.07326
-0.0931582,0.0693128,1.08602
-0.00336999,0.0705079,1.07997
0.0543165,0.0758955,1.08606
0.0968389,0.063392,1.06933
-0.0759113,0.0872849,1.07424
-0.0384619,0.0858094,1.07165
0.0176921,0.0880309,1.07707
0.0793811,0.0839277,1.07507
-0.030201,0.111886,1.07488
0.0315062,0.111785,1.079
0.00297716,-0.116137,1.08642
-0.0518072,-0.103129,1.08684
0.0254129,-0.112795,1.10207
0.058182,-0.100311,1.08646
-0.0815668,-0.0823124,1.09263
-0.0299441,-0.0877065,1.09343
0.0302415,-0.0837364,1.10295
-0.0548899,-0.0765113,1.09683
0.0572547,-0.0763501,1.10003
-0.0796334,-0.0469594,1.09474
-0.0383889,-0.0549722,1.09203
-0.00633141,-0.0603977,1.09803
0.0389274,-0.0578835,1.09095
0.0736168,-0.0549362,1.09144
0.103324,-0.0523445,1.09393
-0.0254966,-0.0273159,1.10133
0.000104057,-0.0306349,1.09169
0.0544383,-0.035458,1.09493
0.0814576,-0.0304396,1.10132
-0.10742,-0.0202035,1.09294
-0.048037,-0.0132678,1.09398
0.0363159,-0.0144361,1.0982
0.0944803,-0.00912861,1.08968
-0.090711,0.00161249,1.09503
-0.0303307,0.00672715,1.10077
0.00318095,-0.00374737,1.08648
0.0699229,0.00328903,1.08838
-0.105174,0.0244544,1.089
-0.0496002,0.0231285,1.08986
0.00124656,0.0254696,1.09733
0.0433729,0.0106195,1.08918
0.114173,0.0181143,1.09132
-0.078186,0.0294787,1.08659
-0.0263627,0.0363175,1.09659
0.033059,0.032265,1.10276
0.0834263,0.0338386,1.09357
-0.104445,0.0491995,1.1011
-0.0734419,0.0541594,1.09789
0.00676731,0.052451,1.09814
0.0560392,0.0466469,1.09782
0.103321,0.0523633,1.09802
-0.053627,0.0754464,1.09291
-0.0224009,0.063829,1.09873
0.0289139,0.0654114,1.0881
0.0783018,0.0611556,1.09054
-0.0776059,0.0857945,1.1017
-0.0188857,0.0904046,1.09104
0.00996361,0.0798145,1.10221
0.0752872,0.0883004,1.10197
-0.0530133,0.102546,1.08798
-0.0318285,0.111487,1.10317
0.0540292,0.102782,1.09208
-0.00709711,0.115597,1.08944
-0.0252475,-0.113083,1.10538
0.00076873,-0.116195,1.11391
0.0490594,-0.104906,1.11381
-0.0661265,-0.0955649,1.11324
-0.00920895,-0.0906286,1.11135
0.0723754,-0.0908234,1.11795
-0.0964818,-0.0645849,1.10756
-0.055341,-0.0609687,1.11958
-0.0276661,-0.0687779,1.11333
0.00997931,-0.0716402,1.11718
0.0896004,-0.0730506,1.10585
0.0167518,-0.0474926,1.10576
0.0387972,-0.0576455,1.11879
0.0663365,-0.0574425,1.1179
0.0926157,-0.0493126,1.11952
-0.108542,-0.040188,1.11188
-0.0568244,-0.0368019,1.1064
-0.00735242,-0.0406469,1.11722
0.0431418,-0.0304452,1.11957
0.111658,-0.0317123,1.1102
-0.0871051,-0.0220672,1.11146
-0.0395202,-0.0129097,1.12019
0.0126043,-0.0176902,1.11255
0.0616408,-0.0129236,1.10906
0.0930602,-0.0136066,1.1198
-0.116065,0.00252504,1.10591
-0.0634845,0.00729646,1.10764
-0.0054357,0.00313433,1.11202
0.0207466,0.00739567,1.10456
0.0439884,0.00560989,1.11926
0.115634,-0.00466063,1.10676
-0.0859097,0.0226683,1.11215
-0.0429141,0.0259397,1.11644
0.0629585,0.0218122,1.10756
0.0881937,0.0106977,1.10775
-0.112417,0.0267887,1.11845
-0.0143111,0.0279926,1.11994
0.0120738,0.0366405,1.12007
0.106096,0.0305085,1.11457
-0.0453684,0.0522463,1.1086
0.0799736,0.0499466,1.11566
-0.0934162,0.0689996,1.11678
-0.0612972,0.0720878,1.11917
-0.00482855,0.0646638,1.11995
0.0262103,0.0618018,1.11528
0.057921,0.06978,1.11268
-0.0356634,0.0840498,1.11195
-0.00974229,0.0916581,1.11739
0.0367391,0.0856856,1.10504
-0.0579998,0.0999083,1.11496
0.0288148,0.112049,1.10642
0.0577292,0.100585,1.11929
0.00297389,0.116135,1.11508
-0.0188383,-0.114641,1.13321
0.0232852,-0.113164,1.12954
-0.0440056,-0.107309,1.12472
-0.0842629,-0.0799485,1.1269
-0.0423266,-0.0811221,1.13314
0.0229179,-0.0864922,1.13645
0.0488456,-0.0813134,1.12868
-0.0101474,-0.0625745,1.13368
0.088422,-0.0745339,1.13334
-0.101205,-0.0561308,1.13336
-0.078203,-0.0458179,1.12223
-0.0950215,-0.0294953,1.13679
-0.0343674,-0.0432598,1.12198
0.0160253,-0.0384898,1.1318
0.071048,-0.031794,1.1268
0.109999,-0.0372118,1.13715
-0.0647867,-0.0210373,1.12759
-0.013771,-0.0166945,1.12924
0.0277712,-0.0137661,1.13522
-0.115988,0.00393442,1.13343
-0.089316,0.000130872,1.12764
-0.0563779,0.00440367,1.13411
0.0721636,0.000936556,1.13043
0.115428,-0.00652878,1.13426
-0.0292174,0.00901061,1.13333
0.0204629,0.0130275,1.13154
0.0560502,0.0236402,1.13626
-0.0670464,0.0406747,1.12106
0.0826771,0.0264002,1.12971
-0.0933831,0.0440275,1.12843
-0.0316197,0.0459592,1.13164
0.0476493,0.0468831,1.12407
0.103045,0.0528205,1.13045
-0.0262628,0.0727485,1.13526
0.0671121,0.0612847,1.13723
0.087544,0.0754026,1.12301
-0.0767796,0.0865174,1.13682
0.0159976,0.0895828,1.12726
0.0420301,0.0816925,1.13179
0.0306409,0.11196,1.13391
-0.021346,0.114033,1.12853
0.00382202,-0.116113,1.14883
-0.0651246,-0.0961152,1.14078
-0.0376411,-0.10396,1.15133
0.0470822,-0.105747,1.14129
-0.00752357,-0.0901545,1.13885
0.0706893,-0.0921426,1.14543
-0.0700357,-0.0625455,1.14284
-0.0249558,-0.0746607,1.15353
0.00652055,-0.0716422,1.15367
0.0305029,-0.0613531,1.14481
0.0573482,-0.068868,1.15175
-0.0433021,-0.0561077,1.14466
0.0514838,-0.0436727,1.14225
0.0777243,-0.0517569,1.14458
-0.0715734,-0.0359177,1.14977
-0.0430371,-0.0278173,1.14309
-0.0178367,-0.0387651,1.14523
0.0296461,-0.0327911,1.15507
-0.114556,-0.0168066,1.15152
-0.0245735,-0.0103753,1.15379
0.00491032,-0.020226,1.14918
0.0885988,-0.0221051,1.1457
-0.0969617,0.00824276,1.15289
-0.0751754,-0.00833404,1.14973
-0.00353821,0.00515594,1.14255
0.049463,-0.0010734,1.14651
0.0934652,0.00496123,1.14744
-0.0783324,0.0228252,1.13876
0.113766,0.021848,1.13958
-0.111314,0.0319209,1.1455
-0.0521203,0.0307094,1.14197
-0.0236669,0.0287991,1.15169
0.0116451,0.0280966,1.15286
0.0947332,0.0375598,1.15184
-0.0994555,0.0600036,1.15005
-0.0737247,0.0593387,1.1402
-0.047755,0.0594827,1.14942
-0.00525324,0.0453872,1.13963
0.0230653,0.0513825,1.1406
0.0479037,0.0483053,1.15213
0.00477991,0.0715629,1.14484
0.0937583,0.068638,1.15102
-0.0490815,0.0879324,1.13812
-0.0115776,0.0940376,1.14479
0.0702573,0.0826309,1.15437
-0.0377126,0.109876,1.15031
0.0200469,0.0960243,1.15375
0.0535124,0.103019,1.14642
0.00480741,0.116086,1.14258
0.0258265,-0.102679,1.15856
0.0685705,-0.0463677,1.17001
0.102095,-0.0544387,1.15715
-0.0968955,-0.0370807,1.16322
0.0631319,-0.0229544,1.1562
0.0198901,0.00167173,1.15664
-0.0428667,0.00990068,1.15749
-0.0093472,0.0101828,1.16902
0.0382198,0.0222469,1.15722
0.0696137,0.0137255,1.1581
-0.0816369,0.041009,1.1592
-0.0216082,0.0578562,1.15798
0.0743063,0.0527333,1.16242
0.0331745,0.0718959,1.15598
-0.0635902,0.0794291,1.15995
-0.0324209,0.0839018,1.1597
-0.0138339,0.115494,1.16286
-0.0129125,-0.0734542,1.18145
0.0282811,-0.0529761,1.1749
0.015847,-0.0189383,1.17448
0.0577552,0.0335054,1.17319
0.0694964,-0.0157051,1.21371
-0.0794796,-0.108184,1.23474
0.114893,-0.00569299,1.23411
-0.115331,0.0350037,1.27552
0.0454116,0.131447,1.35694
-0.137115,0.0945493,1.37441
