x,y,z
-0.044562,-0.244235,0.0607771
0.07906,-0.235445,0.0607304
-0.152071,-0.194454,0.0885741
-0.0574268,-0.118707,0.0615319
0.181783,-0.164622,0.0607398
-0.221833,-0.0967651,0.0616112
0.0692514,-0.11157,0.0622379
0.234875,-0.0519296,0.0608315
-0.235869,0.02659,0.0620716
-0.117849,-0.0100087,0.0611194
0.00194014,-0.0112704,0.0894703
0.122192,0.00122123,0.0620711
-0.0705537,0.096916,0.10128
0.0479289,0.101311,0.0622807
0.223895,0.0722496,0.0609666
-0.185371,0.139776,0.0616725
0.151691,0.173658,0.0611684
-0.0849035,0.212868,0.0615286
0.0383985,0.225298,0.061452
0.0187393,-0.247911,0.166512
0.135163,-0.206182,0.166396
0.00138781,-0.1262,0.168954
-0.106746,-0.065165,0.170631
0.104716,-0.0589673,0.16979
0.215725,-0.111662,0.16659
-0.236382,-0.0358826,0.169021
0.237035,0.0106399,0.166832
-0.217476,0.0868418,0.169668
0.0890431,0.0639599,0.17393
-0.139227,0.182498,0.168628
0.194593,0.127352,0.167129
-0.0238508,0.227268,0.168591
0.0984745,0.206303,0.167846
-0.0977546,-0.227071,0.194822
-0.19407,-0.148947,0.193123
-0.00311415,-0.0103297,0.212739
-0.118737,0.0426571,0.22991
-0.0175706,0.112689,0.211804
-0.0384395,-0.245514,0.302062
0.0796411,-0.235163,0.271894
-0.151469,-0.194819,0.299402
0.181812,-0.164613,0.271982
-0.223533,-0.0940031,0.296622
-0.0605876,-0.113206,0.27573
0.064531,-0.111754,0.275645
0.234814,-0.0523606,0.272383
-0.235404,0.0271746,0.276524
-0.126397,-0.0248905,0.334212
0.0012558,-0.0217503,0.334058
0.121985,-0.00107838,0.278896
-0.0652166,0.10127,0.324919
0.0582029,0.100864,0.309721
0.224062,0.0715145,0.273104
-0.184272,0.140796,0.276871
0.15262,0.17324,0.273821
-0.0838886,0.21324,0.275683
0.0396861,0.224971,0.275118
-0.0986965,-0.227,0.406714
0.0236032,-0.246741,0.409653
0.134262,-0.206614,0.377161
-0.193562,-0.147797,0.403542
-0.05935,-0.108805,0.399886
0.0761387,-0.0976895,0.399094
0.214956,-0.112612,0.377803
-0.237602,-0.0322894,0.399842
0.115642,0.0206807,0.401773
0.237246,0.00920758,0.378683
-0.216798,0.0877919,0.383952
-0.138064,0.183617,0.384224
0.195088,0.125989,0.37959
-0.0218858,0.226282,0.382582
0.100506,0.206071,0.381047
0.0113556,-0.133467,0.499287
0.180235,-0.166142,0.482818
0.234488,-0.0546589,0.484082
-0.234656,0.0317045,0.502862
-0.129528,-0.0244368,0.45862
-0.00598521,-0.00758783,0.454953
-0.0829056,0.0895984,0.444749
0.0377723,0.113049,0.431747
0.225131,0.0692924,0.485219
-0.183108,0.143017,0.492888
0.154535,0.171407,0.486742
-0.0814309,0.214062,0.490991
0.0422163,0.224427,0.488539
-0.0406186,-0.245456,0.514001
0.0834481,-0.233662,0.517115
-0.153014,-0.193029,0.511221
-0.224243,-0.0917381,0.50746
-0.0911772,-0.0909357,0.554982
0.113956,-0.0641814,0.513835
0.0192683,-0.0101142,0.574247
-0.109938,0.048928,0.556943
-0.0011648,0.11407,0.548674
0.10716,0.0601027,0.521098
-0.10157,-0.225261,0.618782
0.0199101,-0.247399,0.621269
0.136867,-0.20506,0.624814
-0.196003,-0.144994,0.615405
0.0428991,-0.123622,0.61982
0.212976,-0.115907,0.588954
-0.237523,-0.0284156,0.611209
0.126833,-0.0294537,0.633502
0.237858,0.00560064,0.590469
-0.214944,0.0931359,0.60654
-0.0603356,0.103606,0.656207
0.0797178,0.090919,0.640829
-0.134505,0.186101,0.599422
0.197215,0.122828,0.592237
-0.0176872,0.227348,0.596779
0.103899,0.204145,0.594249
-0.0448247,-0.244792,0.726458
0.078803,-0.23536,0.729114
-0.1566,-0.190341,0.723078
0.181568,-0.165028,0.732426
-0.225887,-0.0872531,0.719133
-0.0696579,-0.116408,0.673341
0.0825997,-0.0898935,0.733327
0.233094,-0.0591361,0.695471
-0.233517,0.036611,0.715086
-0.127651,-0.0062861,0.665429
-0.00199927,0.000710221,0.693735
0.2268,0.0646583,0.697314
-0.178833,0.147787,0.710128
0.158229,0.167922,0.699806
-0.0762385,0.216155,0.704871
0.0474001,0.223444,0.702121
-0.0202717,-0.138648,0.783995
-0.11806,-0.061831,0.774498
-0.00891613,-0.0182071,0.81369
0.116798,0.0294274,0.743007
0.237659,-0.000179944,0.802555
-0.0959334,0.0775153,0.770788
0.022551,0.110995,0.750112
-0.128848,0.189868,0.814469
0.20076,0.118156,0.804669
-0.0116315,0.227833,0.81025
0.108946,0.201422,0.807351
-0.106547,-0.22311,0.830925
0.014993,-0.247561,0.834121
0.132309,-0.207976,0.837052
-0.199038,-0.140551,0.827149
0.0382776,-0.129291,0.891379
-0.0833397,-0.102492,0.885398
0.114255,-0.0412072,0.845994
0.214362,-0.114912,0.840644
-0.237894,-0.0228381,0.823335
-0.124756,0.0144408,0.872605
-0.21212,0.0985179,0.818835
-0.0275724,0.112731,0.868183
0.091697,0.0812084,0.8531
-0.050232,-0.243046,0.938754
0.0738739,-0.236974,0.942044
-0.16065,-0.186141,0.935201
0.1778,-0.169049,0.945053
-0.227078,-0.081504,0.931466
0.233682,-0.0579062,0.948499
0.00513017,-0.00084577,0.932768
0.125146,0.0125563,0.963999
-0.232428,0.0425283,0.927354
0.0469891,0.109822,0.96809
0.227567,0.0588147,0.909683
-0.174189,0.151778,0.923261
0.162831,0.164235,0.912241
-0.0697767,0.218139,0.918946
0.0534723,0.22184,0.915477
-0.111949,-0.220306,1.04305
0.00905959,-0.248027,1.04649
0.127695,-0.211323,1.04975
-0.202849,-0.135698,1.03934
-0.036139,-0.132746,0.995154
0.0893606,-0.102118,0.999822
-0.238237,-0.0166149,1.03552
-0.123548,-0.0355753,0.985527
-0.209593,0.104079,1.0316
-0.0824217,0.0848026,0.976176
0.20431,0.112987,1.01677
-0.123585,0.193515,1.02756
-0.00487873,0.228388,1.02393
0.115184,0.199126,1.02026
0.0252617,-0.133655,1.10224
0.211358,-0.119375,1.05304
-0.100218,-0.0908724,1.09366
0.118714,-0.0505763,1.10698
-0.118528,0.0386383,1.08596
-0.011228,-0.0154168,1.05241
0.237713,0.00199289,1.05726
-0.0159068,0.116286,1.07714
0.0991261,0.0678435,1.07303
0.167677,0.158695,1.12452
0.0603289,0.220271,1.12836
-0.0563709,-0.241425,1.15104
0.0678144,-0.238183,1.15444
-0.165179,-0.181949,1.14731
-0.0500917,-0.125764,1.2015
0.173543,-0.17336,1.15783
-0.22869,-0.0753829,1.14362
0.232108,-0.0642079,1.16124
-0.127153,-0.0227991,1.19406
0.0123568,-0.0119347,1.17241
-0.230629,0.0483236,1.13981
-0.0723432,0.0953962,1.18639
0.0518212,0.106029,1.18171
0.227824,0.0599371,1.166
-0.169841,0.156461,1.13592
-0.0632383,0.219043,1.13226
-0.117863,-0.217453,1.2555
0.00251033,-0.24872,1.25867
0.122159,-0.215117,1.26235
-0.206157,-0.130226,1.25155
0.208336,-0.125768,1.26591
0.0805461,-0.109299,1.21032
-0.238552,-0.0101771,1.24822
0.127719,0.00632004,1.2152
0.238627,-0.00567376,1.26969
-0.206337,0.10974,1.24421
0.20376,0.114106,1.2742
0.121279,0.195332,1.23266
-0.118246,0.197124,1.24075
0.00190567,0.228499,1.23669
-0.0626644,-0.239535,1.36333
-0.169825,-0.177053,1.35984
0.0100362,-0.135175,1.30983
-0.230423,-0.0690187,1.35615
-0.105103,-0.0786506,1.303
0.115824,-0.0614356,1.31901
-0.000966609,-0.0105397,1.29434
-0.228938,0.0549738,1.3525
-0.111117,0.0482903,1.29525
-0.00767084,0.117178,1.29097
0.10035,0.0627453,1.32039
-0.164966,0.161087,1.34888
-0.0565498,0.221148,1.34483
0.0672291,0.217976,1.34087
0.061197,-0.24017,1.36679
-0.0611061,-0.120734,1.41105
0.168588,-0.178044,1.37058
0.0659525,-0.116178,1.4191
0.230457,-0.0706321,1.3743
-0.127289,-0.0095124,1.40431
0.00388178,-0.00364839,1.41696
0.127717,0.000955748,1.42521
-0.0653542,0.0986499,1.39979
0.0562166,0.116189,1.42137
0.229797,0.0530709,1.3779
0.166701,0.15993,1.383
-0.123559,-0.214028,1.46768
-0.00425813,-0.248564,1.47132
0.116223,-0.218306,1.47489
-0.20955,-0.124189,1.46422
-0.00407953,-0.133669,1.52087
0.205292,-0.131695,1.47876
-0.110138,-0.0683512,1.51275
-0.238448,-0.00346497,1.46049
0.238515,-0.0122201,1.48265
-0.202384,0.115303,1.4571
-0.103024,0.0662344,1.51402
0.207601,0.107794,1.48656
0.120091,0.196076,1.49132
-0.112048,0.200592,1.45317
0.00890575,0.227991,1.44932
-0.0692223,-0.237684,1.57586
0.054772,-0.242048,1.57924
-0.174607,-0.17223,1.57211
0.163724,-0.182768,1.58309
-0.232336,-0.0624084,1.56892
0.106213,-0.0755794,1.52934
0.228463,-0.0771682,1.58728
-0.0052895,-0.00672837,1.53962
-0.226948,0.06157,1.56519
0.0089555,0.117192,1.53526
0.112539,0.0487027,1.53807
0.23127,0.0465724,1.59096
-0.160377,0.166355,1.56152
0.171633,0.154908,1.59537
-0.0502152,0.223338,1.55748
0.0650475,0.218519,1.59968
-0.212451,-0.118456,1.67664
0.0530934,-0.124714,1.63117
-0.0736469,-0.113751,1.62252
-0.237993,0.00344616,1.6733
-0.127784,-0.00135116,1.61589
0.00740949,-0.0125064,1.66164
0.129047,-0.0213283,1.63879
-0.0525701,0.0946739,1.64017
0.0712232,0.0987869,1.64352
-0.198409,0.121077,1.6698
-0.10571,0.203614,1.66583
-0.129064,-0.210258,1.6801
-0.0107278,-0.248533,1.68366
0.110295,-0.221382,1.68724
-0.0196783,-0.13467,1.73233
0.201522,-0.137479,1.69125
-0.117222,-0.0578378,1.72655
0.0994431,-0.0867557,1.74055
0.116277,0.0364791,1.74849
0.238738,-0.0188182,1.69547
-0.102919,0.0628854,1.74836
0.0166234,0.11154,1.75467
0.210318,0.101785,1.69963
0.125893,0.192703,1.70383
0.00695658,0.227862,1.70835
-0.0758862,-0.235942,1.78811
0.0480184,-0.243722,1.79154
-0.179697,-0.167228,1.78455
0.159018,-0.187768,1.79563
-0.234045,-0.0553989,1.78126
0.226891,-0.0840478,1.79935
-0.013394,-0.0167206,1.78239
-0.225081,0.0685179,1.77787
0.233045,0.0400096,1.80391
-0.155086,0.17138,1.77416
0.176842,0.150438,1.80806
-0.0518942,0.22294,1.81677
0.0719935,0.216597,1.81243
-0.134877,-0.2062,1.89237
-0.0177524,-0.247796,1.89593
0.104181,-0.224741,1.89953
0.0402176,-0.129907,1.8411
0.1974,-0.142791,1.90388
-0.215086,-0.111416,1.88908
-0.0837035,-0.106301,1.83561
-0.237267,0.0106927,1.88608
-0.115278,0.0116183,1.8609
0.0130286,-0.01855,1.90197
0.125329,-0.0345781,1.85069
0.237669,-0.0256971,1.90774
-0.0389418,0.109758,1.86615
0.0827827,0.0864199,1.85748
0.21338,0.0956395,1.91233
-0.194444,0.127153,1.88251
-0.0304712,-0.133652,1.94377
-0.112825,-0.0446802,1.97174
0.0898473,-0.102446,1.95149
0.121506,0.0262529,1.95922
-0.222672,0.0749841,1.99083
-0.100093,0.0793547,1.96983
0.0333239,0.114137,1.96843
0.131588,0.188677,1.9167
-0.107066,0.202468,1.92506
0.0140848,0.227535,1.92114
-0.0824686,-0.233962,2.00027
0.0414695,-0.245139,2.0038
-0.183906,-0.161909,1.99687
0.0112843,-0.138857,2.05979
0.153886,-0.192657,2.00802
-0.235539,-0.0487677,1.99354
0.118995,-0.0475267,2.05868
0.224879,-0.0905255,2.01165
-0.00999556,0.00956677,2.01894
0.234583,0.0333649,2.01664
-0.156565,0.170016,2.03346
0.181248,0.14545,2.02091
-0.0452471,0.224706,2.02977
0.0785057,0.215087,2.02555
-0.14019,-0.201822,2.10462
-0.0248126,-0.247519,2.10815
0.0976072,-0.227617,2.11198
0.193895,-0.148853,2.11578
-0.218762,-0.105476,2.10118
-0.0970339,-0.0858761,2.08821
-0.236733,0.0171869,2.09863
-0.114526,0.0373435,2.08872
-0.000936621,-0.0236616,2.13572
0.23679,-0.0329168,2.12049
0.0943853,0.0736429,2.07201
0.216299,0.0893873,2.12504
-0.196152,0.125056,2.1416
-0.0203028,0.117905,2.08629
0.137052,0.184498,2.12965
-0.101212,0.204712,2.13851
0.0206046,0.226874,2.13409
-0.089302,-0.231378,2.21254
0.0339426,-0.245765,2.21607
0.1484,-0.197036,2.21996
-0.188348,-0.156134,2.20875
-0.236155,-0.0418731,2.20586
0.0828073,-0.112529,2.15682
0.221937,-0.0973669,2.22448
-0.112037,-0.0276076,2.19749
0.128126,0.00548882,2.17029
-0.0742109,0.0912073,2.19495
0.0525171,0.103455,2.1865
-0.0165331,-0.131132,2.22859
0.109211,-0.0717026,2.26994
0.00392116,-0.000348988,2.25493
0.235976,0.0263092,2.22893
-0.223863,0.0723014,2.25142
-0.114085,0.0411793,2.30197
-0.00681251,0.117118,2.2967
0.112406,0.0524473,2.28344
-0.152231,0.173518,2.24724
0.185492,0.139771,2.23383
-0.0391713,0.225093,2.24304
0.0845638,0.21258,2.23838
-0.147433,-0.19714,2.3165
-0.0327037,-0.245871,2.32026
0.0907325,-0.231015,2.32409
0.0252709,-0.123879,2.34595
0.188913,-0.155189,2.32853
-0.221767,-0.0975325,2.31375
-0.0980963,-0.082212,2.30876
0.236482,-0.0402284,2.33292
-0.236671,0.0149552,2.3615
-0.0150715,-0.00929687,2.37491
0.116411,-0.0223427,2.38238
0.219816,0.0826128,2.33763
-0.192023,0.130064,2.35698
0.143186,0.180762,2.34223
-0.0955736,0.208234,2.35187
0.027601,0.226107,2.34709
-0.097339,-0.227945,2.42407
0.0259366,-0.246927,2.4279
0.14158,-0.201775,2.43239
-0.193286,-0.149172,2.42059
-0.031394,-0.127537,2.45702
-0.121732,-0.0470008,2.42575
0.218726,-0.104459,2.43684
0.236768,0.0183858,2.44173
-0.0695206,0.0985758,2.40317
0.0702708,0.0933825,2.39172
0.189888,0.133269,2.44643
-0.0312305,0.226358,2.45588
0.0917581,0.209357,2.4514
-0.0389511,-0.230867,2.53106
0.0838126,-0.233665,2.53628
-0.155366,-0.19127,2.52829
-0.236197,-0.0447336,2.47328
0.0884291,-0.0989173,2.47641
0.00614008,-0.00790721,2.4956
0.125661,0.0247084,2.49559
-0.220755,0.0787658,2.46713
-0.104933,0.0455042,2.51008
0.0105559,0.117173,2.49639
-0.145762,0.17838,2.46121
0.0216609,-0.132158,2.57666
0.184609,-0.161475,2.54083
-0.219603,-0.103257,2.58345
-0.103524,-0.0770661,2.54512
0.119365,-0.0559725,2.58936
0.235492,-0.0485124,2.54561
-0.206052,0.0181751,2.57623
-0.0461156,0.101543,2.60469
0.0777906,0.0820318,2.59356
0.223539,0.0753366,2.55064
-0.187103,0.138854,2.57062
0.150006,0.175619,2.55526
-0.0871917,0.211997,2.56542
0.0359623,0.225752,2.56034
-0.105781,-0.22452,2.63494
0.0163897,-0.247932,2.63899
0.134249,-0.207004,2.64447
-0.180754,-0.145869,2.6935
-0.0501405,-0.122888,2.67823
0.0727891,-0.109289,2.69082
0.214417,-0.112739,2.64977
-0.237271,-0.0352756,2.68538
-0.117827,-0.021319,2.65511
0.00104869,-0.0130843,2.6183
0.120228,0.0170738,2.69085
0.238004,0.00927544,2.65458
-0.216612,0.0874531,2.67949
-0.138425,0.184193,2.67474
0.194999,0.125937,2.6595
-0.0223556,0.226762,2.66989
0.100065,0.205767,2.6641
-0.0504039,-0.242767,2.74207
0.07318,-0.236809,2.74739
0.17741,-0.169372,2.75376
-0.0996184,-0.0590198,2.77257
0.23393,-0.0586405,2.75824
0.010653,-0.0116402,2.74063
-0.0881537,0.0805435,2.71881
0.0322158,0.110194,2.70392
0.225862,0.0667012,2.76354
0.156509,0.170262,2.76798
0.0447476,0.223957,2.77344
0.00441928,-0.249404,2.85084
-0.129815,-0.174768,2.8052
0.00286321,-0.138061,2.78973
-0.22345,-0.094311,2.797
0.115397,-0.0538744,2.79347
-0.234909,0.0319365,2.78885
-0.120005,0.047266,2.83277
-0.0184446,0.114197,2.8154
0.0959899,0.0683128,2.80186
-0.181483,0.144539,2.78468
-0.079356,0.214962,2.77993
-0.0987882,-0.2263,2.91456
0.122892,-0.214624,2.85652
-0.195067,-0.148371,2.90607
-0.0170385,-0.13215,2.91222
0.209032,-0.126241,2.86437
-0.114587,-0.0560845,2.89848
0.100407,-0.0903985,2.91055
-0.237414,-0.0265481,2.89837
-0.00918005,-0.00105334,2.86133
0.108318,0.033454,2.91989
0.212014,-0.00238328,2.86464
-0.215214,0.0950407,2.89344
-0.112138,0.160785,2.88836
0.199756,0.12015,2.87218
-0.010943,0.228957,2.88315
0.108198,0.201743,2.87797
0.0508351,-0.243125,2.96385
0.160286,-0.183873,2.96869
-0.226268,-0.0845461,3.0071
0.233057,-0.0652543,2.96788
0.0129336,-0.0176814,2.98058
-0.232971,0.0407402,3.00241
-0.110265,0.0534031,2.95644
0.0144396,0.117546,2.93269
0.228153,0.0579301,2.97407
-0.174731,0.151605,2.99593
0.163703,0.163883,2.98237
-0.0701608,0.217574,2.99141
0.0540862,0.221447,2.98832
-0.0408708,-0.245444,3.04745
0.0907099,-0.230254,3.07989
-0.152194,-0.194142,3.02185
0.0519283,-0.130837,3.01578
0.2064,-0.130051,3.06792
-0.0810435,-0.0928375,3.01177
-0.123766,0.00751021,3.07134
0.128137,-0.0331614,3.02317
0.238251,-0.00916144,3.07722
-0.0408948,0.108666,3.04328
0.0819909,0.0832999,3.02919
0.205666,0.110924,3.0861
-0.115492,-0.218764,3.14356
-0.203242,-0.134987,3.1178
-0.0243105,-0.140336,3.11088
0.0894969,-0.092053,3.12788
-0.238974,-0.0178244,3.11056
-0.00270042,0.00202918,3.10075
0.126373,0.0265785,3.13019
-0.209532,0.104071,3.10515
-0.081795,0.0866241,3.15773
0.0382726,0.113343,3.13879
-0.123463,0.193619,3.10145
-0.00448033,0.228358,3.09694
0.116738,0.198221,3.09338
0.00297883,-0.248684,3.16632
-0.181414,-0.165209,3.2342
-0.0625074,-0.131739,3.22555
0.163319,-0.18403,3.168
-0.143218,-0.0471866,3.18254
0.228128,-0.0789329,3.1782
-0.0316902,-0.0099159,3.21953
-0.230929,0.0481552,3.21309
0.233533,0.0444352,3.18755
-0.17087,0.156195,3.21021
0.147539,0.132074,3.19409
-0.0641024,0.219176,3.20785
0.0597637,0.219864,3.20233
-0.0560881,-0.241701,3.28057
0.089891,-0.230208,3.25364
0.197561,-0.142166,3.27906
-0.23375,-0.0596975,3.27252
-0.113868,-0.0521131,3.30372
0.0576781,-0.108349,3.24729
0.0828921,0.0301338,3.24469
0.238083,-0.0241094,3.28902
-0.108899,0.0693439,3.27684
0.212011,0.0980974,3.29685
-0.12498,0.190562,3.3195
0.000403278,0.123217,3.25353
0.129409,0.190906,3.30034
-0.0065277,0.228525,3.31759
0.0369273,-0.246154,3.36229
0.148462,-0.196878,3.37736
-0.150659,-0.195383,3.34795
-0.0190542,-0.137678,3.34144
-0.21966,-0.101059,3.38912
0.125031,-0.0470617,3.33171
0.223925,-0.0932014,3.38919
-0.122803,0.0318709,3.39392
0.00533178,-0.0158663,3.33627
-0.220186,0.0805222,3.33027
-0.0371098,0.116034,3.36951
0.0825918,0.0890478,3.35253
-0.0661257,-0.238329,3.42593
-0.166582,-0.180579,3.46933
-0.0997452,-0.0868944,3.42129
0.0585427,-0.0908135,3.42647
-0.237783,0.0138732,3.43261
-0.0174393,0.00374016,3.455
0.121128,0.0201592,3.44819
0.234952,0.0318419,3.40042
0.0406182,0.113608,3.46634
-0.178999,0.147686,3.42372
0.179264,0.147155,3.40584
-0.0759321,0.216197,3.43023
0.0762796,0.216068,3.40798
-0.0847776,-0.233686,3.5465
0.0422095,-0.245611,3.48658
0.0390315,-0.136223,3.54006
0.18697,-0.157796,3.48684
-0.227188,-0.0807367,3.51162
-0.0805527,-0.112949,3.53954
0.125042,-0.0497398,3.55049
0.237123,-0.0446406,3.50055
-0.234323,0.0366054,3.5541
-0.128008,-0.00524621,3.51193
-0.0811673,0.10526,3.48493
0.215983,0.0906095,3.5091
-0.179742,0.146757,3.54717
0.132182,0.186655,3.51695
0.0142347,0.227811,3.51351
0.0140706,-0.248861,3.61847
0.125436,-0.214322,3.57617
-0.181469,-0.165124,3.59075
0.208866,-0.127068,3.60389
-0.233608,-0.060735,3.63372
-0.000258683,-0.0239305,3.57323
0.236647,0.017295,3.60632
-0.112811,0.0661481,3.61297
0.105125,0.0705676,3.56115
-0.00590542,0.119793,3.58111
0.191196,0.131734,3.62443
-0.0846839,0.213406,3.58844
0.0306564,0.226813,3.63438
-0.102614,-0.225179,3.66679
0.106342,-0.223957,3.69737
-0.19116,-0.151807,3.71289
-0.0202851,-0.134792,3.64866
-0.110935,-0.0524487,3.64221
0.099423,-0.108193,3.6556
0.232837,-0.0600398,3.70313
-0.00594039,0.020917,3.68675
0.129694,0.0106431,3.6666
-0.228596,0.0557578,3.67565
-0.165348,0.161867,3.66939
0.0719841,0.118325,3.67444
-0.0656386,0.219265,3.71129
-0.117953,-0.217678,3.78912
-0.0071088,-0.248543,3.74132
0.0382328,-0.134664,3.76001
0.186926,-0.15752,3.76586
-0.235004,-0.0432568,3.75587
-0.0823628,-0.105035,3.75054
0.127306,-0.0482877,3.77307
-0.116546,0.0503798,3.73658
0.0969276,0.0719488,3.78703
0.22778,0.0621897,3.72162
-0.0151438,0.118468,3.76136
0.163671,0.165389,3.73983
0.0542569,0.221514,3.7553
-0.0234306,-0.24712,3.86365
0.0945268,-0.229036,3.81941
-0.200816,-0.138123,3.83504
-0.044841,-0.123113,3.86759
-0.121355,-0.0256718,3.83518
-0.00104079,-0.0240632,3.80199
0.23894,-0.0154273,3.81699
-0.223297,0.073762,3.79704
-0.0766039,0.0921852,3.86305
0.209591,0.103373,3.83764
-0.15005,0.174941,3.79225
0.124876,0.192964,3.85332
-0.0427882,0.224496,3.8323
-0.132506,-0.207635,3.91227
0.0729442,-0.237857,3.93988
0.177522,-0.169376,3.88964
0.0773609,-0.0993166,3.87226
0.232407,-0.0653659,3.92839
-0.237796,-0.0297436,3.87854
-0.00317045,-0.00321266,3.92415
0.138999,0.00796279,3.88361
-0.220428,0.0850347,3.91902
0.0432123,0.108509,3.89346
-0.14392,0.180832,3.91659
-0.0409814,-0.245214,3.98663
-0.210771,-0.122475,3.95781
0.0208905,-0.133966,3.9745
0.157574,-0.188979,4.01087
-0.0937244,-0.0969739,3.979
0.122541,-0.0638878,3.98272
-0.238356,-0.00872378,3.99942
-0.123778,0.0180417,3.94946
0.233136,0.0388621,3.9954
-0.0441381,0.105594,3.98206
0.103337,0.0579834,3.99047
0.183148,0.143371,3.95196
-0.0362678,0.225889,3.95477
0.0834827,0.213421,3.96697
-0.148331,-0.196673,4.0362
0.0574595,-0.240909,4.06276
-0.00856855,-0.128581,4.09236
-0.219707,-0.102283,4.07992
0.108703,-0.0869634,4.10128
0.223295,-0.0959445,4.04867
-0.130447,-0.0164259,4.06576
0.0208983,-0.0175441,4.04492
-0.204716,0.103694,4.03876
-0.0888902,0.0957014,4.10179
0.0317842,0.105993,4.07809
0.202947,0.116994,4.08812
-0.122184,0.195266,4.03758
-0.00852765,0.227979,4.0753
0.111844,0.200688,4.08479
-0.0569576,-0.24155,4.10812
0.146007,-0.19902,4.13923
-0.116631,-0.10582,4.14937
0.21909,-0.10397,4.17218
-0.236889,0.0158543,4.12024
-0.00334772,0.0195676,4.16068
0.119543,0.0331525,4.12461
0.238742,0.00361185,4.11388
-0.194921,0.127378,4.15803
0.0351864,0.175652,4.17879
-0.098741,0.206663,4.15874
-0.123504,-0.214945,4.20532
0.00268279,-0.248872,4.21745
-0.0532378,-0.124108,4.2545
0.053919,-0.138005,4.19695
-0.228214,-0.0774597,4.20151
-0.125721,0.0129673,4.18454
0.135502,-0.0389133,4.23653
-0.232651,0.0407796,4.24039
-0.0600225,0.10965,4.22535
0.0845664,0.0755851,4.23433
0.226038,0.0653072,4.21885
0.159457,0.167044,4.19226
-0.073594,-0.237247,4.31529
0.126169,-0.213486,4.26133
-0.188667,-0.155492,4.28885
0.0592905,-0.124916,4.31797
0.208708,-0.126674,4.29304
-0.121414,-0.031045,4.29818
-0.000803191,-0.00135594,4.28266
0.238645,-0.00838044,4.3184
0.012347,0.116347,4.32581
-0.175605,0.145773,4.27664
0.186255,0.139294,4.30808
-0.0367739,0.22565,4.26453
0.088236,0.211401,4.28412
0.0453521,-0.244439,4.34979
-0.153244,-0.193361,4.40025
-0.0470037,-0.134574,4.37731
0.153302,-0.190623,4.38419
-0.234722,-0.0554596,4.3424
-0.131746,-0.0556389,4.41735
0.145756,-0.065039,4.37864
0.0212323,-0.0237842,4.40201
-0.226117,0.0677673,4.3592
-0.10297,0.0801147,4.35137
0.113368,0.0500164,4.35227
0.222187,0.0778107,4.40656
0.127495,0.191466,4.40078
-0.108578,0.203866,4.36214
0.0106005,0.22783,4.37832
-0.0445055,-0.244654,4.4354
0.0752554,-0.235581,4.47008
-0.21033,-0.123234,4.48453
0.0822134,-0.108219,4.47551
-0.238648,-0.00707389,4.45401
0.124507,0.00972781,4.47627
0.237599,-0.0358448,4.4529
-0.0760836,0.0435372,4.46546
0.050475,0.104775,4.44379
-0.181073,0.145256,4.44125
-0.0556768,0.165459,4.46618
0.0519172,0.222805,4.49184
-0.129288,-0.211248,4.51967
-0.0146468,-0.247658,4.55536
-0.0359297,-0.134137,4.49941
0.196783,-0.144725,4.50138
-0.116904,-0.0494608,4.53858
-0.236916,-0.0376634,4.57152
0.00965442,-0.0207882,4.52501
-0.221713,0.0795967,4.53934
0.00369739,0.106123,4.5577
0.227361,0.0629088,4.52803
-0.148498,0.177335,4.554
0.159536,0.166735,4.51883
-0.0384698,0.225467,4.57313
-0.103341,-0.224044,4.63937
0.11538,-0.219164,4.58627
-0.19436,-0.14813,4.60448
0.0245573,-0.137409,4.60614
0.197559,-0.145047,4.64231
-0.0874388,-0.100146,4.6461
0.113093,-0.0542012,4.58348
0.235783,-0.0510092,4.57429
-0.0134275,0.0110924,4.64146
-0.108667,0.0647367,4.58334
0.118479,0.0696663,4.58606
0.224333,0.0722786,4.65008
0.0850913,0.212868,4.60783
0.0111074,-0.249727,4.67652
0.122694,-0.214882,4.71078
-0.177899,-0.170948,4.72376
-0.000810139,-0.137818,4.72687
-0.231494,-0.0657957,4.68996
0.108058,-0.0877131,4.70246
0.236216,-0.0406634,4.69855
-0.131938,0.0110363,4.69205
0.124835,0.03397,4.71471
-0.210982,0.100879,4.65963
0.0442124,0.117174,4.67316
-0.123101,0.188734,4.67294
0.159586,0.167034,4.6928
-0.00645843,0.228682,4.69028
-0.0795062,-0.23595,4.76059
0.0382914,-0.243277,4.79736
0.201389,-0.138133,4.76591
-0.10383,-0.0834081,4.76649
-0.235593,0.0316304,4.76383
0.0196822,-0.0168326,4.75523
-0.0596466,0.101364,4.73864
0.0553627,0.0999884,4.79471
0.223526,0.0747512,4.77455
-0.182871,0.143228,4.7714
-0.0826478,0.213914,4.78659
0.0450082,0.224264,4.79994
0.141976,-0.203086,4.85109
-0.158762,-0.187913,4.84381
-0.0382239,-0.155716,4.84197
-0.224151,-0.0864929,4.81206
-0.125065,-0.0744318,4.88666
0.0739246,-0.105773,4.8209
-0.124432,0.0277815,4.81474
-0.0200447,-0.0103652,4.87018
0.123551,0.00655655,4.83735
0.237288,-0.0373424,4.82428
-0.224056,0.0725741,4.88042
-0.04685,0.110677,4.86268
-0.153079,0.172946,4.88575
0.155683,0.171103,4.81371
-0.0893088,-0.231263,4.93562
0.0335514,-0.227068,4.92001
-0.190836,-0.152564,4.9585
-0.0340915,-0.121421,4.95608
-0.236638,-0.0411184,4.92716
0.213977,-0.115387,4.9186
0.126852,-0.0372295,4.95987
0.237999,0.0123549,4.93681
-0.117808,0.0420536,4.9365
0.0769786,0.0860053,4.91986
0.19383,0.127869,4.92146
-0.0313399,0.226522,4.89677
0.0911213,0.209876,4.91201
-0.0133664,-0.248017,5.03315
0.142664,-0.202367,4.97271
0.0656584,-0.123811,5.02622
-0.127661,-0.0580814,5.00844
-0.236635,0.0142011,5.03875
0.0101894,-0.00961272,4.98831
-0.0243093,0.110367,4.98632
0.0956206,0.0644963,5.04126
0.218112,0.0855305,5.03458
-0.197491,0.12211,4.99152
0.141132,0.182097,5.01954
-0.10491,0.20451,4.99263
0.0160524,0.227325,5.00929
-0.130125,-0.210127,5.05011
0.0975578,-0.228115,5.08592
-0.0470913,-0.122371,5.07705
0.192679,-0.149442,5.07135
-0.220609,-0.101548,5.08139
0.124081,-0.0434072,5.0968
-0.00615808,-0.00930452,5.1088
0.237738,-0.0359496,5.0514
-0.111828,0.0585195,5.0576
0.00339414,0.1142,5.10844
-0.180344,0.146127,5.11283
-0.0632404,0.219204,5.10507
0.0728309,0.216642,5.11581
-0.0602622,-0.240119,5.1486
-0.168407,-0.179827,5.16333
-0.0630533,-0.124612,5.19745
0.0521916,-0.131076,5.14897
0.161528,-0.185072,5.18627
-0.124702,-0.0410089,5.12955
0.22874,-0.080974,5.1672
-0.234487,0.030189,5.16235
-0.0937321,0.0791586,5.17768
0.109832,0.0544926,5.1689
0.232552,0.0417629,5.14883
0.177078,0.151136,5.1319
-0.106253,-0.221885,5.26268
0.0523058,-0.243127,5.20083
0.0349762,-0.134412,5.27139
-0.226604,-0.0836415,5.21294
0.120196,-0.0584804,5.22048
-0.125919,-0.0184732,5.24825
0.000192793,-0.0221406,5.2298
0.238301,-0.00320965,5.26365
-0.203885,0.113918,5.2493
0.0276543,0.112238,5.24056
0.203604,0.114733,5.24571
-0.121471,0.195768,5.21047
-0.00321847,0.22904,5.21113
0.115662,0.19879,5.2284
0.00615399,-0.247217,5.31624
0.125973,-0.212827,5.30262
0.210418,-0.123156,5.28234
-0.211968,-0.108963,5.33702
-0.0799273,-0.111625,5.31792
0.115279,-0.0728564,5.34338
-0.237736,0.00575544,5.29655
0.00478616,-0.00745591,5.35053
-0.0767293,0.0838906,5.2996
0.116269,0.0412987,5.29214
-0.128071,0.191159,5.3337
0.151547,0.174476,5.34256
0.0400852,0.225367,5.32341
-0.141302,-0.201881,5.37985
-0.0354477,-0.246104,5.43333
0.0873248,-0.23255,5.41973
0.0161803,-0.135474,5.39315
0.185681,-0.159678,5.3983
0.235592,-0.0475469,5.37865
-0.238324,-0.00945681,5.41866
-0.12295,-0.00673853,5.3689
0.122628,0.028012,5.41426
-0.2059,0.101557,5.37279
-0.0641585,0.089183,5.42256
0.0431165,0.109808,5.36412
0.223355,0.0745628,5.3596
-0.0416677,0.224672,5.41692
-0.130961,-0.2092,5.50278
-0.211021,-0.122978,5.46099
-0.0932511,-0.103608,5.43975
0.104162,-0.0889986,5.46543
0.225083,-0.0896127,5.49402
-0.127867,0.00583846,5.48854
-0.00686542,-0.0192665,5.47115
0.235163,0.0327459,5.47441
-0.220516,0.083086,5.49998
0.0548683,0.102416,5.48633
-0.149409,0.175664,5.45496
0.182953,0.14309,5.45637
0.0819629,0.214032,5.43757
0.0468103,-0.244952,5.53657
-0.1983,-0.142764,5.58235
-0.00549236,-0.135583,5.51925
0.15619,-0.19075,5.51472
-0.0967564,-0.0732156,5.57352
0.0915521,-0.101875,5.58767
-0.236881,-0.0323194,5.5402
0.129671,0.0102145,5.53509
0.23926,-0.010341,5.58897
0.207394,0.107649,5.57217
-0.166995,0.160838,5.57641
-0.0547627,0.121215,5.54141
0.122125,0.195127,5.55143
0.00384675,0.228809,5.53218
-0.111289,-0.220831,5.62434
0.00517457,-0.249292,5.6535
0.122246,-0.215143,5.6311
-0.0142685,-0.127234,5.64587
0.209076,-0.126744,5.61046
-0.235274,-0.0550857,5.66126
0.00962537,-0.00802046,5.59156
0.130832,-0.00622337,5.65672
-0.227446,0.0620687,5.62114
-0.105265,0.0412488,5.62026
0.0772118,0.0953647,5.607
0.157535,0.169604,5.66711
-0.0740875,0.217339,5.62816
0.0483111,0.223428,5.64701
-0.0791553,-0.233909,5.74392
-0.184872,-0.161355,5.70346
0.062461,-0.172769,5.73143
0.184218,-0.162665,5.72379
-0.117572,-0.0582696,5.69288
0.235352,-0.0524507,5.70515
-0.234108,0.0368722,5.74144
-0.00850988,-0.00137777,5.71209
-0.112011,0.0610527,5.74243
-0.0227994,0.116465,5.67535
0.0875867,0.0849415,5.72833
0.22537,0.0688368,5.6887
-0.151798,0.174421,5.71505
-0.0306315,0.226335,5.74139
0.0187174,-0.247949,5.81958
0.136849,-0.208792,5.82423
-0.162575,-0.184398,5.82179
-0.229136,-0.0786882,5.78371
-0.0416487,-0.116773,5.76635
0.11578,-0.0649332,5.76442
0.222767,-0.0956044,5.82095
-0.118866,-0.0362856,5.81747
0.23604,0.0256962,5.80401
-0.0127202,0.110619,5.79795
-0.198605,0.122888,5.81848
0.186907,0.13809,5.78378
0.0894167,0.21089,5.76275
-0.0680226,-0.124798,5.88693
0.0484158,-0.130077,5.84675
-0.236703,0.0148268,5.86581
0.0123524,-0.013323,5.83114
0.124991,-0.037997,5.88478
-0.102348,0.0719617,5.87524
0.0951433,0.0773883,5.84958
0.211078,0.100614,5.89954
0.126488,0.192633,5.87782
-0.107905,0.202143,5.83302
0.00990343,0.228798,5.85792
-0.0420816,-0.245655,5.92794
0.0798048,-0.235729,5.92756
-0.151821,-0.194863,5.94337
0.0770416,-0.119546,5.96411
0.18803,-0.157238,5.92161
-0.22119,-0.101936,5.90485
-0.128097,-0.0303107,5.94121
-0.00841014,0.00199307,5.95076
0.238686,-0.0164256,5.92911
0.097303,0.0649369,5.97091
-0.17988,0.147078,5.93757
0.00111442,0.122144,5.91975
-0.0765655,0.215579,5.95203
0.0514126,0.222303,5.97357
-0.0874781,-0.23223,6.04241
0.0350601,-0.246125,6.04202
0.148151,-0.197052,6.03107
-0.186393,-0.159406,6.0543
-0.0408287,-0.121553,6.00682
-0.236576,-0.039562,6.01182
0.223,-0.0975482,6.02166
0.121332,-0.0325266,6.03604
-0.219589,0.0816478,6.03533
-0.0998534,0.0753279,5.99911
0.00914242,0.113038,6.0432
-0.144394,0.179442,6.0519
0.161244,0.166561,5.99062
0.0567662,-0.128594,6.08277
0.197365,-0.144244,6.13165
-0.0565462,-0.115109,6.12939
-0.237443,0.00919923,6.13479
-0.124216,-0.0342496,6.06453
3.66192e-05,-0.0183703,6.07093
0.238702,-0.00573793,6.10152
-0.0893365,0.0697327,6.12199
0.0960856,0.0612636,6.1124
0.205319,0.113172,6.09093
-0.0307559,0.226612,6.06648
0.0981304,0.207145,6.08667
-0.134869,-0.206821,6.15737
-0.0174188,-0.247784,6.15365
0.104228,-0.225297,6.14345
0.0413668,-0.133313,6.20379
-0.21688,-0.110286,6.1598
0.121243,-0.0513636,6.15585
0.233379,-0.0595983,6.21472
-0.13141,-0.0261413,6.18825
-0.00703852,-0.0191365,6.19282
0.00800208,0.105429,6.18723
0.226621,0.0640325,6.2025
-0.196042,0.125056,6.15172
0.138096,0.15132,6.18757
-0.101812,0.205136,6.16596
0.0199823,0.227612,6.17832
-0.0684797,-0.237907,6.2659
0.0549745,-0.243369,6.25476
-0.173031,-0.176446,6.2719
0.163594,-0.183296,6.24398
-0.230979,-0.0683473,6.27271
-0.0701831,-0.112662,6.25146
0.11877,-0.0712365,6.27448
-0.228278,0.0586783,6.2531
-0.100179,0.058097,6.27197
0.103721,0.0425916,6.234
-0.162632,0.164451,6.26645
-0.0510098,0.22393,6.27769
0.0865175,0.21212,6.28243
0.00236522,-0.249195,6.3658
0.121595,-0.215157,6.35616
-0.0887811,-0.164014,6.36457
0.0263094,-0.133965,6.32704
-0.126749,-0.0442374,6.33568
0.216218,-0.114266,6.33224
0.0153979,-0.0058473,6.31223
0.20455,0.0111673,6.31231
-0.206088,0.111117,6.37066
0.103866,0.0713534,6.35181
-0.000332968,0.118176,6.30947
0.190915,0.134419,6.29715
-0.207404,-0.128226,6.37963
0.00185596,-0.135469,6.44842
0.187435,-0.157462,6.44433
-0.108557,-0.0770796,6.45168
0.120446,-0.0645209,6.3946
-0.238985,-0.00745555,6.37689
-0.00383416,-0.0123509,6.43283
0.237048,-0.0329925,6.42329
-0.11423,0.0445905,6.42214
0.0182132,0.110376,6.42944
0.217101,0.0891612,6.4082
0.13418,0.186584,6.39466
-0.117425,0.197318,6.378
0.0156154,0.227481,6.3831
-0.0528804,-0.242897,6.47542
0.0712817,-0.237757,6.46739
-0.162869,-0.184293,6.48197
-0.228509,-0.0782469,6.48974
0.100504,-0.0938612,6.51067
0.1221,0.0364725,6.46576
-0.231417,0.0459527,6.48675
-0.0645782,0.105408,6.51878
0.232847,0.0419747,6.52175
-0.172189,0.154966,6.48133
0.174859,0.151795,6.50729
-0.0568855,0.222077,6.48377
0.0688445,0.218334,6.49528
-0.101292,-0.225652,6.58669
0.0244837,-0.204916,6.57712
0.14827,-0.197759,6.55504
-0.175711,-0.126106,6.59113
-0.0563513,-0.112588,6.55858
0.22151,-0.0815638,6.53615
-0.238664,-0.0156466,6.59546
-0.128888,0.00330116,6.54186
-0.00519738,0.000836637,6.55468
0.127703,0.00457249,6.5805
-0.20899,0.105422,6.59194
0.0569525,0.106805,6.54459
-0.122281,0.194986,6.5865
-0.00292427,0.22835,6.59647
0.117565,0.197638,6.60798
-0.0251031,-0.246996,6.6833
0.106065,-0.223269,6.66908
-0.0516096,-0.122279,6.68346
0.203575,-0.134485,6.64655
0.0492616,-0.0895478,6.62014
-0.1281,-0.0271979,6.65903
-0.00354382,0.00551037,6.678
0.239071,-0.00941507,6.63435
-0.0878014,0.0874315,6.63763
0.0867257,0.0891252,6.6595
0.205678,0.110591,6.62109
-0.153151,-0.193384,6.69324
0.0616271,-0.127064,6.73612
0.174257,-0.173033,6.76014
-0.2248,-0.0916069,6.69943
0.23266,-0.0637986,6.74603
-0.234813,0.0325793,6.70902
0.126004,-0.0279692,6.69673
-0.115075,0.0531245,6.75231
-0.0105805,0.117245,6.73101
0.225197,0.0613157,6.7341
-0.178161,0.148333,6.70288
0.160355,0.166708,6.72177
-0.0744964,0.216888,6.69818
0.0501217,0.223113,6.70901
0.0567004,-0.241684,6.78147
-0.174874,-0.174138,6.81211
-0.0547702,-0.187536,6.78858
-0.236403,-0.0393092,6.81082
-0.12149,-0.0703457,6.77307
0.11701,-0.049865,6.81608
-0.00396709,-0.0371401,6.79263
-0.215725,0.0905242,6.81645
0.105377,0.0665857,6.77519
-0.13744,0.18549,6.81326
0.195085,0.127034,6.83466
-0.0215036,0.22702,6.81025
0.100269,0.206223,6.82205
-0.126026,-0.213093,6.92002
-0.00882345,-0.248591,6.88635
0.135642,-0.207262,6.87288
0.0366812,-0.136502,6.85607
-0.215239,-0.112371,6.90973
-0.0788807,-0.105276,6.8829
0.21584,-0.111339,6.85905
-0.237018,0.0226136,6.91766
-0.000170221,-0.0136922,6.91323
0.237372,0.0105411,6.84627
-0.096972,0.0827388,6.86876
0.020321,0.116038,6.85034
0.115656,0.0462323,6.89396
0.0865158,-0.23177,6.98479
0.00773519,-0.134836,6.97655
0.190113,-0.154533,6.97119
0.107545,-0.0715729,6.9351
0.236521,-0.0401855,6.95937
-0.121009,-0.00849166,6.94563
-0.0752221,0.10295,6.98793
0.0459869,0.113526,6.97077
0.220851,0.0818043,6.94703
-0.188858,0.135582,6.93372
0.145178,0.179268,6.93517
-0.0909297,0.210246,6.9261
0.0309996,0.226915,6.92256
-0.0351361,-0.246949,7.00709
-0.113588,-0.118999,7.00097
-0.235387,-0.0524841,7.01473
0.0914617,-0.0886432,7.05537
0.225121,-0.0898742,7.0715
-0.131453,-0.0112176,7.06624
-0.00160881,0.0144591,7.03304
0.120516,0.0239812,7.01352
0.234943,0.0333084,7.06024
-0.225001,0.0697665,7.03259
-0.156124,0.17125,7.04912
0.181801,0.144602,7.04877
-0.0436706,0.224337,7.04084
0.0801455,0.214868,7.03462
-0.127057,-0.212466,7.08103
-0.209182,-0.125723,7.10847
0.0325654,-0.190407,7.09347
0.15545,-0.191918,7.08086
-0.0372098,-0.0875997,7.09307
-0.238641,-0.00639655,7.12936
-0.204552,0.112213,7.14795
-0.0822946,0.0932245,7.11119
0.0376895,0.11553,7.09294
0.13323,0.0485617,7.13174
0.125098,0.192873,7.14838
-0.0470133,-0.245016,7.17069
0.113781,-0.220961,7.19031
-0.157647,-0.189161,7.20057
-0.000382207,-0.135256,7.20044
0.202839,-0.136364,7.18384
-0.225731,-0.0872436,7.22459
0.0992997,-0.0616728,7.17414
-0.127937,0.00578596,7.18617
0.00238181,0.0143904,7.15669
0.238447,-0.0183062,7.17236
-0.0690263,0.104142,7.23399
0.0518649,0.117115,7.21396
0.213704,0.0984729,7.20543
-0.113727,0.200187,7.16311
0.00735032,0.227986,7.17727
-0.0894796,-0.232362,7.29424
0.028505,-0.247146,7.27023
0.0992174,-0.131472,7.27343
-0.103453,-0.0918274,7.25627
-0.234575,0.0342293,7.24545
-0.124707,0.0207757,7.30784
0.0201916,-0.0339576,7.26852
0.126866,0.0273845,7.25618
0.237774,-0.0245915,7.29518
-0.181661,0.144861,7.26585
0.145856,0.178601,7.27019
-0.0816236,0.214106,7.29052
0.0398494,0.22538,7.31253
-0.00324692,-0.248905,7.38877
0.114023,-0.220511,7.35639
-0.186771,-0.159528,7.31753
-0.0123179,-0.140311,7.32363
0.20336,-0.136243,7.33764
-0.235501,-0.048052,7.34207
-0.106762,-0.0819195,7.38029
-0.0116438,-0.00213495,7.3825
0.135676,0.0125419,7.37849
-0.223612,0.0737863,7.36113
-0.0525473,0.111541,7.35628
0.068459,0.105713,7.33451
0.215246,0.0927582,7.32772
-0.154466,0.172668,7.38442
-0.124553,-0.213704,7.41102
-0.208741,-0.126264,7.43535
-0.0147647,-0.139451,7.44563
0.180946,-0.15079,7.46306
0.090838,-0.102174,7.39247
0.23577,-0.0482356,7.41678
-0.238678,-0.00779426,7.45913
-0.121983,0.031477,7.43013
0.0791856,0.0913056,7.45677
0.218682,0.0830145,7.45052
0.151814,0.174522,7.39432
-0.0402275,0.22483,7.40779
-0.0475589,-0.243918,7.50364
0.0855119,-0.231409,7.47627
-0.157017,-0.1906,7.52916
0.0626928,-0.126836,7.54166
-0.0731767,-0.100927,7.54587
0.00977017,-0.0173669,7.5015
0.130481,-0.0383993,7.49034
0.240292,-0.00878422,7.53166
-0.206171,0.110144,7.4784
-0.0395934,0.101902,7.49161
-0.119848,0.196706,7.49927
-0.00550801,0.228645,7.5276
0.111613,0.200833,7.50675
-0.0803991,-0.235748,7.62119
0.0401641,-0.245622,7.59044
0.1672,-0.180109,7.58329
-0.22555,-0.0890554,7.55171
-0.234679,0.0365408,7.5751
-0.115844,0.0138253,7.55162
-0.01355,-0.0212105,7.62068
-0.0528192,0.0965918,7.61663
0.0843198,0.0538994,7.57445
-0.179998,0.146269,7.59451
0.193924,0.128355,7.56285
0.111407,-0.221521,7.68757
-0.152593,-0.136312,7.64033
-0.00655256,-0.142084,7.6419
-0.235592,-0.0470946,7.66695
0.107687,-0.0961572,7.65346
0.228015,-0.0818031,7.63047
-0.120704,0.00652732,7.67568
0.127165,0.0223874,7.68608
-0.224078,0.0730097,7.69307
0.0473835,0.11314,7.68646
0.235262,0.0421578,7.64023
0.155736,0.171506,7.67188
-0.0743478,0.216981,7.62929
0.0501492,0.223949,7.63693
-0.123796,-0.215386,7.73286
-0.00408198,-0.249065,7.72685
-0.207951,-0.12706,7.75682
0.046293,-0.139415,7.75287
0.197123,-0.144227,7.73278
-0.0801232,-0.101022,7.73344
0.016331,0.00431308,7.73673
0.238142,-0.0268982,7.74192
-0.0605085,0.102901,7.74069
0.213987,0.0953638,7.74942
-0.155229,0.172886,7.71177
-0.0190763,0.22712,7.74082
0.0990629,0.206476,7.77609
0.124238,-0.215463,7.81043
-0.155454,-0.19179,7.84956
-0.0317658,-0.191445,7.83442
-0.0136018,-0.0673188,7.83113
0.12369,-0.0495036,7.78384
0.222511,-0.0954457,7.84387
-0.238811,-0.00833178,7.78523
-0.115262,-0.00352452,7.79853
0.23504,0.0356336,7.85507
-0.181403,0.100105,7.80642
-0.015743,0.0552731,7.84373
0.0972068,0.0781971,7.79528
0.0062487,0.176524,7.85214
0.180093,0.146731,7.85679
-0.111224,0.200543,7.82323
0.0467067,-0.244588,7.91505
0.0870361,-0.121269,7.87678
-0.22478,-0.0921424,7.87424
-0.105664,-0.0926982,7.90673
-0.111427,0.0292556,7.91625
0.130289,-0.00802584,7.89941
-0.233167,0.0435312,7.90107
0.0671512,0.0924224,7.92538
-0.174651,0.152207,7.91938
-0.0718878,0.219165,7.93833
0.0993311,0.208095,7.92606
-0.08271,-0.23391,7.94053
-0.183736,-0.163605,7.96732
-0.00342833,-0.139396,7.95621
0.185481,-0.161149,7.94182
-0.191378,-0.0405384,7.98055
0.10458,-0.0824418,7.99292
0.236593,-0.0398334,7.9535
0.00942056,-0.0163808,7.94226
-0.217484,0.0870566,8.01686
-0.042594,0.109882,7.97548
0.214656,0.0940319,7.96479
-0.12027,-0.216938,8.05837
-0.00429862,-0.249646,8.03576
0.115664,-0.219013,8.02607
-0.204753,-0.131301,8.08586
0.0301163,-0.137916,8.07297
-0.0941952,-0.0985322,8.03054
0.216078,-0.111179,8.0519
-0.239814,-0.0122648,8.08863
-0.103773,0.0253224,8.03851
0.0121086,-0.0120281,8.06629
0.120404,0.0374017,8.022
0.236456,0.0194101,8.063
0.0361084,0.115987,8.06883
-0.139924,0.18249,8.03631
0.148973,0.174971,8.03383
0.0206157,0.227557,8.01837
-0.0575293,-0.241812,8.16321
0.0635074,-0.239815,8.13723
-0.0656166,-0.119136,8.14882
0.169935,-0.178122,8.14527
0.124379,-0.0499628,8.10977
0.230531,-0.0727047,8.16867
-0.132487,-0.0149198,8.1479
-0.0655859,0.0927636,8.13562
0.0941215,0.0592097,8.1595
-0.154607,0.171821,8.1703
0.174348,0.153142,8.1523
-0.0538472,0.221737,8.11731
0.070033,0.217454,8.1315
0.114282,-0.220669,8.24769
-0.163697,-0.183348,8.19175
0.0658825,-0.125666,8.18744
-0.228978,-0.0774681,8.19432
-0.0144349,-0.00859648,8.18765
0.130625,-0.032817,8.23208
-0.224888,0.0698134,8.17909
-0.10669,0.054185,8.24631
0.0070883,0.104524,8.23612
0.231565,0.0489828,8.18341
-0.00995145,0.227958,8.2334
0.111122,0.201011,8.24718
-0.109202,-0.223127,8.31789
-0.200511,-0.13868,8.30246
-0.0251571,-0.16148,8.25774
0.202237,-0.136812,8.27287
-0.108908,-0.0702771,8.2538
0.0759383,-0.112729,8.31092
-0.23882,-0.0122571,8.2983
-0.0085791,-0.0198454,8.31118
0.239207,-0.0190664,8.28691
-0.207079,0.108713,8.29492
0.149649,0.0850538,8.26724
-0.118935,0.196882,8.28698
0.0264493,-0.247232,8.33165
0.139798,-0.203778,8.36581
-0.229399,-0.0747924,8.40597
-0.0729654,-0.113973,8.36198
-0.128795,-0.00253009,8.35479
0.133825,-0.011218,8.35234
-0.230925,0.049166,8.40515
-0.0654948,0.104584,8.35082
0.057799,0.0876616,8.34842
0.223566,0.0740933,8.36573
-0.171102,0.156339,8.40268
0.152509,0.174047,8.36216
-0.0665569,0.219408,8.39797
0.0423223,0.225193,8.34605
-0.0534406,-0.242947,8.42694
0.102817,-0.225365,8.48064
-0.166338,-0.180928,8.41933
-0.01418,-0.133348,8.46786
0.196178,-0.146401,8.45964
-0.118305,-0.0648514,8.46504
0.0945067,-0.0776641,8.44957
-0.00657972,-0.00747205,8.43481
0.236722,-0.0374501,8.41735
-0.108868,0.0585996,8.45934
0.000894107,0.115554,8.45406
0.104127,0.046466,8.45586
0.207429,0.108586,8.48298
0.119398,0.196508,8.48017
-0.119958,-0.217243,8.5288
-0.00159997,-0.249384,8.54028
-0.206646,-0.129389,8.52497
0.229389,-0.0760282,8.55511
-0.239238,-0.0107203,8.51311
-0.00565389,-0.00834561,8.55965
0.118004,-0.0219783,8.55815
-0.207201,0.109717,8.51167
-0.0589021,0.104202,8.56226
0.0661219,0.102613,8.55861
-0.118945,0.197387,8.50779
0.00152888,0.229144,8.50166
-0.17079,-0.174934,8.6356
0.0497035,-0.141238,8.57296
0.166877,-0.180978,8.57677
-0.23195,-0.0665745,8.62886
-0.0759457,-0.110305,8.57287
-0.129872,0.00174756,8.5684
-0.22878,0.0573021,8.62176
0.232773,0.0431974,8.58562
-0.163486,0.163172,8.61897
0.174651,0.15245,8.59405
-0.0539317,0.221768,8.61252
0.0701618,0.21768,8.60433
-0.0648977,-0.239809,8.64618
0.0822714,-0.226708,8.65805
-0.01484,-0.130785,8.67876
0.189391,-0.15498,8.69563
-0.117858,-0.0604548,8.67806
0.0970756,-0.077493,8.66723
-0.00448719,-0.0063621,8.68483
0.237258,-0.0321099,8.6857
-0.107202,0.063566,8.67152
0.00459693,0.1168,8.66547
0.106935,0.046507,8.66103
0.216572,0.0901935,8.69903
0.135368,0.186571,8.70646
0.0179821,0.228285,8.71591
-0.129371,-0.210781,8.74817
-0.0051594,-0.23713,8.75585
0.11924,-0.217435,8.77717
-0.212485,-0.118574,8.74048
-0.0745917,-0.106225,8.78507
0.0502416,-0.113827,8.78282
-0.238559,0.00268944,8.73218
-0.126617,0.00589696,8.78289
0.121799,-0.0125351,8.76863
0.237296,0.0175412,8.79991
-0.0530865,0.104803,8.7743
0.0709673,0.100391,8.76707
-0.197917,0.123039,8.73183
-0.104324,0.204787,8.72469
-0.080208,-0.234831,8.86049
0.0450165,-0.243131,8.87431
-0.182628,-0.16401,8.85276
-0.234929,-0.0510229,8.84441
0.117552,-0.069651,8.87709
0.217824,-0.106571,8.80572
0.00444251,8.62299e-05,8.80917
-0.223767,0.0728894,8.84222
0.104326,0.0580106,8.87707
-0.148793,0.172417,8.83599
0.186927,0.138026,8.80914
-0.0363181,0.225664,8.82728
0.0871603,0.212121,8.81846
-0.0132381,-0.133767,8.88846
0.160906,-0.185675,8.89027
-0.118029,-0.0672028,8.89543
0.235395,-0.0489091,8.91367
-0.236021,0.0228462,8.95504
0.00518689,-0.00146619,8.93343
-0.111647,0.0564431,8.89411
0.223165,0.0747046,8.90998
-0.187897,0.13703,8.94843
-0.00460809,0.118206,8.88574
0.149036,0.17627,8.92072
-0.0880062,0.210743,8.93874
0.0355153,0.226314,8.93009
-0.143987,-0.19759,8.96667
-0.0287366,-0.243829,8.97558
0.0945225,-0.229226,8.988
0.192918,-0.13819,9.00023
-0.220726,-0.100523,8.95766
-0.0607108,-0.109959,9.00128
0.0634528,-0.109052,8.98141
-0.12466,-0.00344899,9.00276
0.131314,-0.00385144,8.97987
-0.0609045,0.103398,8.99614
0.0625984,0.0990037,8.98636
0.195098,0.120154,9.02195
0.103984,0.205165,9.03262
-0.0983785,-0.224513,9.07943
0.0237113,-0.244107,9.08991
0.139685,-0.200604,9.1035
-0.195059,-0.146949,9.07058
-0.10335,-0.0648684,9.10999
0.11126,-0.0641795,9.08454
-0.236931,-0.0300336,9.06766
0.000439883,-0.00528474,9.05743
0.238326,-0.0268539,9.03552
-0.215669,0.0918965,9.06035
-0.105425,0.0599965,9.10784
0.110655,0.0590619,9.09169
-0.135389,0.186562,9.05078
0.00303755,0.119839,9.10024
-0.0182916,0.227679,9.04155
-0.161294,-0.185706,9.1841
0.0101021,-0.125007,9.1251
-0.227875,-0.0806982,9.18104
0.218584,-0.106878,9.12768
-0.0123779,-0.00743719,9.18085
-0.232096,0.0432668,9.1732
0.229128,0.0579016,9.12489
-0.174231,0.152742,9.16368
0.163902,0.163455,9.1339
-0.0686965,0.218167,9.15455
0.0551821,0.222358,9.14513
-0.0508085,-0.241827,9.19565
0.0733893,-0.233968,9.20408
0.00486391,-0.134745,9.26154
0.177796,-0.169661,9.22617
-0.106103,-0.0842861,9.23368
0.0983864,-0.0766945,9.20461
0.211324,-0.0217381,9.21904
-0.116284,0.0400168,9.23011
-0.0138358,0.110444,9.22202
0.0950998,0.0499013,9.21346
0.209028,0.104894,9.23757
0.123039,0.194156,9.24705
-0.116445,0.198197,9.26724
0.00389903,0.228438,9.2574
-0.120958,-0.216413,9.29799
-0.00158809,-0.249114,9.31091
0.118436,-0.217451,9.324
-0.207971,-0.127196,9.29485
0.221185,-0.0967949,9.31832
-0.238646,-0.00725708,9.28606
-0.127539,-0.0137362,9.34194
-0.00657587,-0.00614267,9.30533
0.120728,-0.0222926,9.31166
0.235299,0.0273996,9.3312
-0.205476,0.111934,9.27672
-0.0707311,0.097369,9.33112
0.0596314,0.0988328,9.32136
-0.0709747,-0.237267,9.41454
-0.176066,-0.171281,9.40656
-0.0694267,-0.122594,9.36015
0.178828,-0.16317,9.41874
-0.2333,-0.0611984,9.39788
0.0622372,-0.114907,9.37068
0.109848,0.0384108,9.41695
-0.227178,0.0628328,9.3887
-0.16012,0.167004,9.3791
0.178525,0.148223,9.34979
-0.0490236,0.223228,9.3692
0.0749914,0.216248,9.35938
0.0528559,-0.240886,9.42712
-0.00915571,-0.135455,9.47054
-0.111846,-0.066086,9.46162
0.0995998,-0.0677631,9.48002
0.211504,-0.0434466,9.43058
-0.23761,0.0102747,9.50044
-0.00334607,-0.0117157,9.42991
-0.107118,0.0560583,9.44299
0.00224987,0.113359,9.43044
0.221373,0.0800073,9.44483
-0.195405,0.127195,9.49111
0.121249,0.153744,9.46001
-0.100139,0.20662,9.48065
0.0227786,0.228025,9.47125
-0.135625,-0.206575,9.51847
-0.017848,-0.244928,9.52946
0.126423,-0.208756,9.52259
0.0528013,-0.122486,9.58097
-0.216208,-0.111992,9.50969
-0.0773551,-0.111129,9.57212
0.210227,-0.116467,9.53153
-0.127347,0.0115232,9.55774
0.237154,0.00485494,9.54253
-0.0534997,0.11036,9.542
0.0536668,0.0507846,9.52476
0.194686,0.127683,9.55708
-0.0309949,0.226514,9.58249
0.0964075,0.208084,9.56901
-0.0878406,-0.229222,9.63153
0.0617963,-0.238747,9.62515
-0.188593,-0.156901,9.62166
0.169588,-0.173996,9.63437
-0.236069,-0.0429257,9.61275
0.231679,-0.0662957,9.64453
-0.015226,-0.00946326,9.60767
0.126793,-0.0215601,9.59441
-0.220713,0.0802037,9.60305
-0.0882859,0.0790139,9.65681
0.0393298,0.110633,9.63186
0.228545,0.0582272,9.6546
-0.145597,0.178872,9.59289
-0.0103786,-0.246332,9.72733
0.112753,-0.217958,9.73673
-0.15142,-0.19514,9.73333
-0.0207953,-0.131104,9.68099
-0.222845,-0.0935933,9.72557
-0.120666,-0.045385,9.66811
0.097902,-0.0910063,9.69399
-0.235561,0.0296601,9.7153
0.00587258,-0.0128284,9.72949
0.114858,0.0413893,9.70249
-0.183532,0.14238,9.70532
0.15812,0.168177,9.66897
-0.081993,0.213601,9.69452
0.0448273,0.224342,9.68087
0.0318381,-0.125772,9.7938
0.204222,-0.132316,9.74668
-0.0901449,-0.0952041,9.77772
-0.121654,0.0310838,9.76649
0.124206,-0.0362206,9.80291
0.237838,-0.0123688,9.7566
-0.0085605,0.112403,9.74662
0.206938,0.108685,9.76642
-0.129495,0.190438,9.80716
-0.00788828,0.228282,9.79305
0.113946,0.199365,9.78104
-0.0819387,-0.231916,9.8287
0.0439401,-0.24139,9.83922
-0.199312,-0.141643,9.83763
-0.0505849,-0.126971,9.89166
0.157465,-0.18947,9.8495
0.227203,-0.0829557,9.85871
-0.238395,-0.0235252,9.82748
-0.124038,-0.0277956,9.87565
0.000730168,-0.0202238,9.8528
-0.212763,0.0984043,9.81746
-0.0648548,0.0961219,9.85662
0.0897743,0.0827138,9.81765
0.233101,0.0421358,9.86827
0.174753,0.152091,9.87884
0.0649576,0.219475,9.89338
-0.148957,-0.197072,9.93665
-0.0308235,-0.241368,9.94098
0.0925116,-0.22379,9.95238
0.192209,-0.145808,9.9611
-0.22945,-0.0760865,9.93948
0.0875751,-0.101076,9.90268
0.122652,0.0172852,9.91875
0.237532,-0.0296996,9.97043
-0.231589,0.0482877,9.9295
-0.112606,0.0573268,9.96513
0.0353585,0.104436,9.92991
-0.17073,0.156692,9.91963
-0.0590909,0.220617,9.90581
-0.207175,-0.129156,10.0489
-0.091311,-0.18297,10.046
0.0141893,-0.132988,9.9982
-0.108284,-0.0733808,9.98944
0.114304,-0.0584624,10.0168
-0.235744,-0.00465597,10.0416
-0.00511462,-0.00467582,9.97521
-0.202968,0.115259,10.0329
-0.026557,0.111692,10.0371
0.0979184,0.0724829,10.0333
0.215364,0.0924558,9.98069
0.134276,0.186629,9.99164
-0.109284,0.202145,10.0179
0.0140116,0.227738,10.0064
0.0195817,-0.245823,10.0541
-0.00436633,-0.135264,10.1214
0.123393,-0.177366,10.0635
-0.114382,-0.0775185,10.1134
0.221134,-0.0997522,10.0735
0.0185635,-0.00227697,10.0966
0.236028,0.0236304,10.0829
-0.117566,0.0434555,10.0882
-0.154126,0.176146,10.1302
0.187714,0.137632,10.0933
-0.0360526,0.214316,10.1194
0.0888429,0.212049,10.1047
-0.060254,-0.243158,10.1507
0.0689287,-0.241589,10.1679
-0.168175,-0.181093,10.1552
0.174561,-0.17574,10.1776
-0.23451,-0.0606682,10.1516
0.106136,-0.0799272,10.1386
0.239273,-0.0472932,10.1854
-0.224084,0.0705294,10.1474
-0.0838924,0.0977482,10.1941
0.0309479,0.110746,10.1474
0.133329,0.0403491,10.1512
0.134452,0.152628,10.2047
-0.128663,-0.216967,10.2673
-0.0095133,-0.253787,10.2642
0.122729,-0.227434,10.2792
-0.219053,-0.125443,10.2561
0.0503171,-0.137169,10.2334
-0.0718706,-0.114647,10.2242
0.130508,-0.0439017,10.2556
-0.243174,0.0310264,10.2665
-0.139521,-0.0110071,10.2152
-0.015052,-0.00375945,10.2157
0.230481,0.0748445,10.2215
-0.190482,0.142013,10.2441
0.0103383,0.124809,10.269
-0.0914325,0.216355,10.2313
0.0394196,0.231985,10.2168
-0.0470001,-0.118545,10.3458
0.0771281,-0.128378,10.3542
0.207865,-0.136823,10.2907
-0.152175,-0.0527512,10.3322
0.0337016,-0.0143115,10.329
0.241664,-0.0181119,10.3067
-0.221303,0.112904,10.3607
-0.100263,0.058697,10.3109
0.118447,0.0721095,10.2998
0.231543,0.100008,10.3439
0.149142,0.19093,10.3222
-0.134939,0.203197,10.3483
-0.0162614,0.237487,10.3281
-0.0798947,-0.233848,10.3803
0.0464308,-0.257313,10.3756
0.160678,-0.21158,10.3966
-0.186445,-0.16967,10.3673
0.235709,-0.112222,10.4097
-0.25359,-0.00489747,10.3855
-0.0621763,-0.010915,10.407
0.144316,-0.0202243,10.3852
0.256998,0.00943387,10.4279
-0.1186,0.0983794,10.4276
-0.00236975,0.0968861,10.3875
0.116334,0.112848,10.4181
0.0750061,0.232294,10.4129
-0.162871,-0.226926,10.4756
-0.0479196,-0.272772,10.4938
0.0772208,-0.26276,10.4967
0.00209836,-0.167356,10.4494
0.199074,-0.179187,10.5102
-0.245464,-0.106633,10.4575
-0.112719,-0.115946,10.4519
0.106818,-0.102099,10.4717
-0.166002,-0.00604938,10.474
0.048171,0.0092028,10.4598
0.162482,0.00328235,10.5074
-0.242751,0.0980655,10.4825
-0.0561937,0.0480941,10.5217
0.0132149,0.148527,10.4992
0.229518,0.124872,10.4661
-0.155724,0.204739,10.4766
-0.0429911,0.247325,10.4495
0.153626,0.214645,10.5074
-0.173651,-0.239345,10.5987
0.1483,-0.250129,10.5987
-0.246012,-0.139132,10.5781
-0.0707322,-0.176366,10.5697
0.0526835,-0.162936,10.5663
-0.136232,-0.0710991,10.5761
-0.0222874,-0.0710941,10.5242
0.153085,-0.0923968,10.5869
0.259876,-0.0720862,10.5253
-0.273546,-0.0117726,10.5335
0.0630175,-0.00254621,10.5825
-0.164054,0.0497254,10.5848
0.115453,0.10666,10.5556
0.268422,0.0482832,10.5552
-0.209341,0.166002,10.5815
-0.0866178,0.145448,10.5928
0.220954,0.15856,10.5949
-0.0695787,0.267328,10.5932
0.0431312,0.262032,10.5392
-0.0547674,-0.29381,10.6161
0.0576004,-0.29725,10.6695
0.23784,-0.169276,10.6351
-0.286229,-0.0465618,10.6511
-0.00962232,-0.114627,10.6629
-0.0500534,-9.45881e-05,10.6357
0.176208,0.0200014,10.6333
0.28559,-0.0378923,10.6433
-0.273589,0.0759267,10.6364
0.276838,0.0831082,10.6751
0.0314943,0.169785,10.6211
-0.16317,0.235667,10.6735
0.133328,0.240763,10.6285
0.0256856,0.286879,10.6711
-0.0332378,-0.324326,10.7512
-0.218852,-0.212196,10.7109
-0.0968098,-0.202235,10.689
0.0134459,-0.209205,10.7462
0.199329,-0.236218,10.7326
-0.291571,-0.119589,10.7514
0.10762,-0.162639,10.6793
0.293396,-0.120007,10.7353
-0.179565,-0.0965797,10.6903
0.177046,-0.0775886,10.739
-0.293405,0.0293133,10.7491
-0.122722,0.00364381,10.7362
0.070489,-0.0250058,10.7032
-0.155539,0.113506,10.6915
0.0152219,0.0851383,10.7138
0.191392,0.0452481,10.7555
-0.264387,0.1511,10.7375
-0.055416,0.185797,10.7073
0.129403,0.123161,10.6806
0.223576,0.191382,10.7242
0.0607996,0.197822,10.7501
-0.147954,-0.286094,10.7803
0.0858628,-0.319903,10.7884
0.2681,-0.196693,10.8277
-0.178022,-0.163176,10.8178
-0.211659,-0.0434968,10.8084
-0.0784371,-0.107774,10.7669
0.0614339,-0.106087,10.7958
-0.0128018,-0.00534628,10.7946
0.105246,0.00429715,10.8336
0.315404,0.000173521,10.7589
-0.19986,0.080043,10.8152
-0.078526,0.100082,10.7999
0.0394031,0.109041,10.8339
-0.156438,0.195379,10.7909
0.156334,0.146705,10.8191
0.295662,0.117761,10.7958
-0.033075,0.211711,10.8291
0.153183,0.268541,10.7931
-0.0888523,0.293633,10.7568
0.034975,0.311156,10.7944
-0.128188,-0.32532,10.8969
-0.00445788,-0.344892,10.8708
0.184543,-0.284339,10.8553
-0.233378,-0.26458,10.8688
-0.0572305,-0.234644,10.8483
0.0651687,-0.220142,10.8674
-0.301065,-0.16006,10.8691
-0.0287442,-0.117778,10.8798
0.16043,-0.13988,10.8624
-0.334415,-0.0435368,10.8402
-0.143988,-0.0804376,10.9058
0.236259,-0.0425632,10.8445
0.332672,-0.108918,10.8875
-0.105521,0.0382409,10.9052
0.341612,0.0263714,10.8782
-0.323115,0.0913053,10.8526
0.2192,0.0697989,10.8946
-0.118607,0.17645,10.9092
-0.260817,0.198474,10.8562
0.0783246,0.221184,10.881
0.250889,0.219445,10.8523
-0.175604,0.283528,10.8863
-0.0592634,0.324361,10.8751
0.173013,0.297165,10.9129
-0.0141241,-0.38159,10.9893
0.108913,-0.352983,10.9266
-0.296713,-0.236218,10.9722
-0.145544,-0.202391,10.9314
0.034693,-0.266631,10.9792
0.151493,-0.223763,10.9592
0.271491,-0.251063,10.9387
-0.235454,-0.127963,10.9754
0.0707765,-0.129412,10.9533
0.235439,-0.131508,10.9614
-0.35049,-0.0850946,10.9558
-0.24771,-0.0154291,10.9242
0.0132604,-0.00685711,10.916
0.155018,-0.0391201,10.9387
0.271432,-0.0135852,10.9774
-0.352126,0.039299,10.9617
-0.213118,0.103258,10.9365
-0.0164974,0.115893,10.9448
0.10207,0.0766695,10.9364
-0.317652,0.164274,10.9612
0.175572,0.176005,10.9421
0.319187,0.140852,10.9198
-0.20706,0.217241,10.987
-0.0184509,0.239516,10.9583
0.273845,0.242781,10.9739
0.0533292,0.334893,10.9241
-0.117302,-0.390264,11.0619
0.0988779,-0.385643,11.0465
-0.206563,-0.322906,10.9943
-0.088355,-0.28288,11.0069
0.203604,-0.330428,11.0064
-0.180858,-0.209489,11.0509
0.224913,-0.199236,11.0654
-0.353633,-0.159243,11.0548
-0.041597,-0.168663,10.9914
0.339399,-0.18244,11.0173
-0.0685051,-0.0474283,10.9988
0.156739,-0.0964793,11.0511
0.375865,-0.0638487,11.0228
-0.398761,-0.0360005,11.0594
-0.276362,-0.0355706,11.0482
-0.170462,0.0187095,11.0158
0.0491641,-0.0374863,11.0347
0.152583,0.0281121,11.0431
-0.391243,0.0881948,11.0683
-0.269337,0.0880302,11.0463
-0.0265918,0.0582685,11.0543
0.245712,0.101796,11.0129
0.372693,0.0579274,10.9961
-0.121861,0.131932,11.0253
0.0924416,0.136385,11.0446
0.342683,0.168546,11.0464
-0.0916195,0.247415,11.0585
0.0982023,0.252728,11.0035
0.195717,0.203894,11.0619
-0.260573,0.294521,11.0683
-0.159259,0.332399,10.9998
0.201853,0.325978,11.0307
-0.035992,0.362718,11.0107
0.0859555,0.370954,11.0394
-0.218755,-0.365705,11.131
-0.00381507,-0.423209,11.1062
0.196401,-0.373084,11.1234
-0.123494,-0.28596,11.1302
-0.00286908,-0.281362,11.097
-0.289727,-0.270783,11.0916
0.118681,-0.264858,11.0722
0.319274,-0.27135,11.1023
-0.258506,-0.133315,11.1313
-0.0681123,-0.175533,11.1129
0.0491966,-0.155163,11.075
0.395021,-0.155374,11.127
-0.155533,-0.0893767,11.0776
-0.0405412,-0.0473007,11.12
0.275627,-0.0884506,11.0916
-0.194261,0.0144402,11.137
0.299414,0.0321459,11.106
0.4253,-0.0346526,11.1352
0.0728242,0.0544902,11.136
0.201578,0.101933,11.1308
0.409995,0.0866138,11.1118
-0.206056,0.176715,11.1046
-0.00754071,0.168239,11.1098
-0.342291,0.202124,11.0768
0.292538,0.27067,11.1007
0.0151923,0.289827,11.1037
0.135504,0.289352,11.1282
-0.119663,0.387116,11.1054
0.000554172,0.411202,11.1205
-0.12321,-0.434479,11.1782
-0.0105985,-0.462861,11.2241
0.100415,-0.43463,11.1739
-0.270179,-0.293348,11.2217
-0.037593,-0.341026,11.2012
0.0821982,-0.311303,11.1823
0.292423,-0.344884,11.1993
-0.369632,-0.211073,11.1668
-0.184392,-0.204294,11.2024
0.195302,-0.257832,11.171
0.383287,-0.249202,11.2084
0.0536314,-0.187386,11.1944
0.167573,-0.137286,11.1988
0.285688,-0.172609,11.1826
-0.418222,-0.0968218,11.1655
-0.112624,-0.103023,11.2038
0.0710876,-0.064412,11.1709
-0.437005,0.025702,11.1638
-0.318442,-0.0106177,11.1622
0.187655,-0.0229173,11.1511
-0.290135,0.110131,11.1674
-0.0823264,0.0612687,11.1655
-0.408158,0.147338,11.1762
-0.107556,0.18245,11.1798
0.104254,0.171644,11.1637
0.332196,0.166065,11.1705
-0.350355,0.256327,11.1883
-0.238233,0.213667,11.2186
0.000247649,0.225335,11.2255
0.220041,0.2187,11.1857
-0.265698,0.347608,11.1916
-0.167542,0.285333,11.1489
-0.0615777,0.32786,11.1961
0.348864,0.284063,11.222
-0.161129,0.422202,11.2189
0.141856,0.406508,11.1673
0.252688,0.353863,11.1857
0.156696,-0.466795,11.2807
-0.220678,-0.411103,11.2523
0.0631826,-0.386155,11.2956
0.269213,-0.416422,11.2995
-0.390665,-0.28379,11.2688
-0.146155,-0.310765,11.255
0.175175,-0.344119,11.2588
0.363452,-0.330524,11.3006
-0.0615165,-0.212906,11.235
0.0380941,-0.264653,11.29
0.269069,-0.250843,11.2776
-0.420949,-0.163131,11.27
-0.291806,-0.17496,11.2573
0.340262,-0.149176,11.2928
0.44673,-0.124811,11.2357
-0.345448,-0.0637868,11.2705
-0.227744,-0.0619778,11.229
-0.00354141,-0.102735,11.2661
0.149037,-0.04655,11.2945
0.260347,-0.0664947,11.2426
-0.467419,-0.0306455,11.2687
-0.123194,-0.00169815,11.2741
0.0307065,0.0168456,11.2587
0.370564,-0.0106466,11.2442
0.486288,-0.0203249,11.2891
-0.374051,0.0562345,11.2664
-0.183391,0.098037,11.23
-0.0576381,0.105144,11.2794
0.150587,0.0613034,11.2354
0.278672,0.0755893,11.2484
0.450288,0.0829992,11.2291
-0.450677,0.148639,11.293
-0.326632,0.168423,11.29
-0.144821,0.195784,11.2969
0.0627855,0.134781,11.2809
0.182605,0.166949,11.2915
0.303247,0.19106,11.2887
-0.404253,0.262995,11.2994
0.117004,0.261904,11.2473
0.425598,0.198166,11.2691
-0.175302,0.312357,11.27
0.227336,0.290169,11.2962
-0.258067,0.401145,11.3043
0.0489323,0.364556,11.2362
0.195515,0.42051,11.2792
-0.0405671,0.450091,11.2315
0.0822575,0.466899,11.2972
-0.236265,-0.453338,11.3686
-0.132129,-0.485688,11.3077
-0.0134132,-0.507206,11.3404
-0.321412,-0.375979,11.3165
-0.0593979,-0.383354,11.3164
0.161422,-0.37832,11.3776
-0.196616,-0.325006,11.3825
-0.458858,-0.230981,11.3671
-0.302184,-0.250273,11.3551
-0.185752,-0.214435,11.3268
-0.0732198,-0.263322,11.3483
0.165959,-0.256965,11.3477
0.442442,-0.232485,11.3178
-0.351879,-0.136637,11.3704
-0.00495958,-0.162908,11.3755
0.0999697,-0.158693,11.3095
0.222635,-0.147658,11.3316
0.493785,-0.125802,11.3549
-0.486773,-0.109824,11.3612
-0.234515,-0.101404,11.3467
-0.11072,-0.115569,11.3279
0.390985,-0.0550652,11.3592
-0.401127,-0.0190205,11.3731
-0.258175,0.0321693,11.3053
-0.0361188,-0.0158997,11.3625
0.269156,-0.021983,11.3589
-0.502998,0.0544455,11.3528
-0.338607,0.088356,11.3822
-0.15643,0.0876237,11.3531
0.252774,0.0993072,11.3779
0.36724,0.0654762,11.3431
0.489934,0.0891441,11.3487
-0.240658,0.175516,11.3805
-0.0546112,0.177138,11.3806
0.0471406,0.239018,11.3473
0.477214,0.208746,11.3815
-0.280143,0.280175,11.3274
-0.0618605,0.287914,11.3138
0.11808,0.346014,11.3382
0.402443,0.301028,11.3423
-0.36616,0.358833,11.3682
-0.121034,0.378673,11.3772
-0.00172814,0.391405,11.3462
0.307379,0.380369,11.3239
-0.195667,0.477625,11.3809
-0.077559,0.48993,11.3436
-0.102906,-0.546907,11.4177
-0.343585,-0.43844,11.4309
0.0991403,-0.485354,11.3896
0.223799,-0.491646,11.3891
-0.1195,-0.420045,11.4189
0.00570074,-0.409104,11.4215
0.351027,-0.414676,11.3928
-0.415857,-0.344769,11.3917
0.0649764,-0.299947,11.4062
0.270191,-0.319117,11.386
0.43483,-0.323057,11.4025
0.234458,-0.208965,11.442
0.348238,-0.223122,11.3949
0.506916,-0.224812,11.4294
-0.533466,-0.169077,11.4592
-0.246894,-0.196045,11.4528
-0.122509,-0.195383,11.4416
0.113724,-0.183329,11.4339
0.0734778,-0.0682088,11.3916
0.190073,-0.0838865,11.4329
0.311528,-0.112358,11.4332
-0.5395,-0.0280013,11.4384
-0.274753,-0.0102255,11.4214
-0.153084,-0.0257241,11.4031
0.151612,0.0282034,11.3944
0.335537,0.00689694,11.4608
0.516208,-0.0110665,11.4185
-0.556747,0.093922,11.4578
-0.0750592,0.0722473,11.445
0.036786,0.0801022,11.3913
0.427023,0.09189,11.4566
-0.493944,0.187381,11.4032
0.13659,0.150795,11.4037
0.358916,0.176725,11.3979
-0.359483,0.210651,11.4024
-0.144202,0.26035,11.4019
0.13062,0.269726,11.4337
0.239034,0.220375,11.3985
-0.454989,0.301323,11.4334
-0.231722,0.344707,11.4268
-0.0258277,0.29873,11.4333
0.227666,0.342796,11.4147
0.330956,0.284427,11.4507
0.463425,0.314618,11.4523
0.0827173,0.415629,11.4349
0.372651,0.396629,11.4289
-0.303946,0.445401,11.4312
0.153105,0.505595,11.3918
0.266265,0.458287,11.4138
-0.108672,0.540661,11.4525
0.015415,0.529722,11.4165
-0.126614,-0.591935,11.5317
-0.322236,-0.510642,11.5301
-0.21794,-0.531791,11.4643
-0.000726013,-0.583264,11.485
0.139119,-0.564109,11.4765
-0.0724499,-0.47833,11.5182
0.0522939,-0.474343,11.5178
0.168356,-0.439158,11.4878
0.30943,-0.48953,11.4829
-0.434266,-0.394402,11.5045
-0.224081,-0.406115,11.4847
0.272,-0.37146,11.4995
0.408058,-0.405388,11.5029
-0.488137,-0.285929,11.475
-0.300126,-0.309051,11.4645
-0.177893,-0.286149,11.5054
-0.0633241,-0.335104,11.495
0.0578061,-0.350012,11.52
0.166456,-0.305705,11.4793
0.36439,-0.28894,11.4995
0.503544,-0.322955,11.5065
-0.373528,-0.208364,11.469
-0.00302368,-0.226825,11.4817
0.443292,-0.199413,11.5389
0.566992,-0.218412,11.5386
0.173198,-0.146811,11.5385
0.312577,-0.182624,11.5356
-0.429085,-0.0918766,11.4699
-0.30431,-0.09792,11.5031
-0.174591,-0.100372,11.5037
-0.0575666,-0.0916154,11.463
0.053322,-0.116729,11.5202
0.262331,-0.0613417,11.5343
0.438909,-0.095306,11.4692
0.567005,-0.111684,11.4726
-0.602001,0.0108215,11.5389
-0.474298,0.0080561,11.5389
-0.350228,0.0198614,11.5157
-0.102733,-0.00385919,11.5391
0.0239419,-0.00124927,11.4849
0.137662,-0.0276774,11.5299
0.586064,0.00179199,11.5361
-0.432464,0.0973098,11.4632
-0.194458,0.103052,11.4706
0.105277,0.0896769,11.5048
0.223568,0.0511736,11.4936
0.551264,0.101506,11.4615
-0.312602,0.13906,11.4932
-0.105369,0.185871,11.4929
0.0367985,0.195028,11.4638
0.196051,0.174548,11.5118
0.317254,0.129405,11.504
-0.546036,0.216955,11.5127
-0.416639,0.21109,11.5124
-0.222834,0.228947,11.492
0.41455,0.205139,11.5073
0.535254,0.220909,11.4926
-0.328219,0.295348,11.488
-0.12345,0.306881,11.5151
0.0617638,0.326986,11.5181
-0.405205,0.401279,11.4885
-0.268609,0.392274,11.5379
-0.15793,0.42287,11.4907
-0.0380889,0.419655,11.4615
0.185329,0.417207,11.5057
0.292131,0.362648,11.5386
0.431688,0.410276,11.5379
0.33113,0.480405,11.5176
-0.229242,0.522392,11.4954
0.0989382,0.567742,11.5017
0.218871,0.535655,11.4987
-0.0210948,0.59074,11.5253
-0.24235,-0.590981,11.5816
-0.0307342,-0.637371,11.5981
0.105326,-0.625471,11.5791
0.239591,-0.569273,11.5501
-0.422473,-0.477576,11.5962
-0.182955,-0.479407,11.5769
0.152081,-0.493377,11.5991
0.275132,-0.455384,11.5979
0.389045,-0.502131,11.5788
-0.322224,-0.387043,11.5589
-0.208844,-0.360126,11.6046
-0.0873572,-0.388041,11.605
0.183373,-0.371583,11.5919
0.483749,-0.421479,11.5996
-0.508806,-0.338466,11.5872
-0.397514,-0.287567,11.5619
-0.00748492,-0.29276,11.609
0.304889,-0.335083,11.6151
0.426449,-0.311354,11.6057
-0.57419,-0.237869,11.5543
0.0943616,-0.238886,11.5633
0.217981,-0.252599,11.5827
-0.455252,-0.176894,11.5572
-0.332329,-0.183504,11.5898
-0.207352,-0.184692,11.589
-0.0767054,-0.165984,11.5622
-0.551859,-0.0987307,11.5712
-0.392013,-0.0738419,11.5877
-0.0245964,-0.0609801,11.6172
0.376612,-0.0903511,11.5889
0.501489,-0.09906,11.5845
0.623862,-0.107555,11.587
-0.227365,0.00619398,11.5394
0.0572811,0.0321464,11.6036
0.444221,0.00468923,11.5426
-0.534059,0.110787,11.5786
-0.409488,0.106059,11.587
-0.129874,0.108623,11.5853
-0.0133232,0.115165,11.5441
0.177547,0.0880626,11.6082
0.30073,0.0411756,11.5918
0.514183,0.100906,11.5816
0.6335,0.109854,11.6123
-0.242718,0.160528,11.5941
0.0821773,0.185803,11.5799
0.393166,0.12368,11.6041
-0.14013,0.229781,11.6106
-0.0233212,0.249487,11.5613
0.292483,0.237918,11.5583
0.476542,0.214798,11.6154
0.597756,0.229447,11.5999
-0.488439,0.321367,11.5518
-0.371011,0.345318,11.5942
-0.256661,0.284664,11.5983
0.185469,0.298258,11.5416
0.395354,0.301741,11.5821
0.518559,0.322992,11.5689
-0.0371284,0.372555,11.5767
0.124216,0.383244,11.6086
-0.44466,0.451854,11.5997
-0.339489,0.494527,11.5465
-0.194277,0.471055,11.6019
-0.0779642,0.487352,11.5621
0.0450025,0.460987,11.5452
0.23702,0.454914,11.6127
-0.259979,0.57793,11.6038
-0.144111,0.591876,11.5602
0.0704716,0.625072,11.6087
0.198229,0.597667,11.6055
0.054536,-0.678303,11.68
-0.149828,-0.643817,11.6465
0.209831,-0.644311,11.6447
0.323558,-0.589059,11.6403
-0.363261,-0.5676,11.6618
-0.0891771,-0.521236,11.6495
0.0324632,-0.533498,11.6258
0.234239,-0.521547,11.6953
0.462108,-0.514952,11.679
-0.287985,-0.469786,11.6453
-0.532313,-0.4116,11.685
-0.409978,-0.367967,11.6566
0.0349099,-0.408774,11.6272
0.36929,-0.423926,11.6762
-0.60676,-0.298566,11.6673
0.103855,-0.311034,11.6675
0.560306,-0.321412,11.6175
-0.513752,-0.21514,11.661
-0.39367,-0.245789,11.6795
-0.271827,-0.267246,11.6593
-0.126204,-0.266618,11.6362
0.37119,-0.207108,11.6457
0.496952,-0.218638,11.65
0.625966,-0.217413,11.6484
-0.636258,-0.178783,11.6452
0.0186808,-0.175753,11.6411
0.140919,-0.191729,11.6708
0.251709,-0.145809,11.6367
0.560838,-0.120774,11.6924
0.686441,-0.119056,11.6955
-0.652178,-0.0555041,11.6326
-0.47977,-0.0955919,11.6736
-0.265873,-0.0789567,11.6208
-0.141193,-0.0941643,11.6429
0.0973131,-0.0812979,11.6331
-0.537581,0.0152847,11.6586
-0.41369,0.0122369,11.6752
-0.178117,0.0236292,11.6602
0.208884,-0.0283843,11.6411
0.40707,0.00799042,11.6608
0.537636,0.00195872,11.6525
0.661041,-0.00548115,11.6495
-0.647968,0.0707185,11.6378
-0.302297,0.0549339,11.625
-0.049567,0.0520465,11.6643
-0.622419,0.192535,11.6366
-0.0266827,0.17431,11.6597
0.0829254,0.120889,11.6861
0.278649,0.151955,11.6446
-0.480666,0.215744,11.6187
-0.356051,0.213496,11.6214
0.179624,0.227451,11.644
0.36869,0.228784,11.6822
-0.5797,0.308907,11.6497
-0.457117,0.319993,11.6809
-0.0549652,0.297095,11.6722
0.0679803,0.28331,11.6559
0.237319,0.336403,11.649
0.460341,0.311476,11.6927
0.592147,0.323831,11.6848
-0.532031,0.418808,11.6831
-0.28975,0.416153,11.6579
-0.159055,0.355191,11.6295
-0.0704576,0.419741,11.6885
0.345681,0.395324,11.6455
0.513361,0.415198,11.6532
0.123648,0.504671,11.6311
0.419969,0.492418,11.6304
-0.363311,0.539458,11.6616
-0.116962,0.53433,11.6752
0.00315377,0.528981,11.6476
0.312225,0.552379,11.6176
-0.174319,0.643672,11.6693
-0.0529747,0.641995,11.6347
-0.186701,-0.715077,11.7558
-0.065151,-0.709256,11.7108
0.157532,-0.707362,11.7503
0.291833,-0.669131,11.7347
-0.382607,-0.637921,11.7647
-0.274565,-0.647262,11.6982
-0.118342,-0.608705,11.7642
0.401775,-0.608621,11.7353
-0.468199,-0.516804,11.7052
-0.203327,-0.543453,11.6999
0.00057972,-0.580149,11.7372
0.122119,-0.575535,11.701
-0.362381,-0.444637,11.7432
-0.0214736,-0.456865,11.7352
-0.63061,-0.38047,11.7603
-0.253921,-0.373318,11.7218
-0.141829,-0.425952,11.7099
0.129564,-0.428713,11.7064
0.250279,-0.398233,11.7074
0.554257,-0.428348,11.7015
-0.484894,-0.308669,11.7386
-0.0600337,-0.330337,11.721
0.227935,-0.27521,11.7043
0.343164,-0.313235,11.7318
0.463034,-0.345477,11.7204
0.62951,-0.328816,11.7212
-0.681447,-0.236341,11.7474
-0.164436,-0.266729,11.7564
0.0341838,-0.24189,11.7455
0.42057,-0.218844,11.7628
0.54037,-0.251059,11.7625
0.698593,-0.22938,11.7504
-0.578073,-0.162429,11.7546
-0.448335,-0.179738,11.7721
-0.355766,-0.12742,11.6992
-0.230521,-0.160449,11.7093
-0.0811509,-0.179437,11.7155
0.0654541,-0.121441,11.7451
0.302478,-0.182905,11.7496
-0.701811,-0.113484,11.7331
-0.599545,-0.03928,11.7522
-0.183041,-0.0543802,11.7559
-0.0597817,-0.0578963,11.7374
0.198279,-0.103705,11.741
0.318577,-0.0671915,11.7059
0.436802,-0.113977,11.6962
-0.711508,0.011208,11.727
-0.302149,-0.0176208,11.7256
0.0489603,0.00127249,11.7235
0.166745,0.0155608,11.7633
0.478944,-0.0146918,11.7598
0.604216,-0.0248573,11.7587
0.732403,-0.0150857,11.7524
-0.588425,0.096438,11.7442
-0.352142,0.108597,11.725
-0.235653,0.0821719,11.7624
-0.0104265,0.114191,11.7682
0.274806,0.0486225,11.7124
0.431758,0.113891,11.722
0.551991,0.088538,11.7439
0.690914,0.099167,11.7218
-0.704834,0.13889,11.7296
-0.475362,0.118823,11.6963
-0.141796,0.141582,11.7046
0.195095,0.143153,11.734
0.321578,0.148087,11.7684
-0.661387,0.255657,11.737
-0.532418,0.245595,11.749
-0.409047,0.218627,11.7343
-0.266908,0.198024,11.7099
-0.166085,0.269253,11.7254
0.065739,0.213095,11.7676
0.260009,0.25116,11.737
0.512397,0.207207,11.7336
0.636016,0.211748,11.717
-0.326621,0.306844,11.7039
0.0216803,0.328636,11.7657
0.146574,0.305381,11.7503
-0.625671,0.374269,11.7527
-0.400309,0.425409,11.7128
-0.216503,0.380799,11.7512
0.0528547,0.427983,11.6991
0.17516,0.420559,11.7154
0.278541,0.370187,11.7633
0.418425,0.41732,11.7433
0.537557,0.39836,11.7736
0.31417,0.482562,11.7275
-0.474674,0.523701,11.7148
-0.233038,0.517197,11.7151
0.0855581,0.566556,11.7337
0.204865,0.538894,11.7183
0.388931,0.578762,11.714
0.494137,0.513105,11.7288
-0.402459,0.612873,11.7634
-0.288914,0.634739,11.7169
-0.0346715,0.591453,11.7488
0.155651,0.664859,11.7013
0.278442,0.635448,11.704
-0.0900094,0.702493,11.7398
0.0324853,0.696439,11.7103
-0.0956087,-0.776028,11.8154
0.0319129,-0.753832,11.7765
0.130803,-0.784603,11.8464
-0.0345769,-0.667235,11.8362
0.249795,-0.744519,11.826
0.373781,-0.68791,11.8269
-0.491552,-0.58989,11.804
-0.274428,-0.657275,11.8271
0.0846398,-0.628911,11.8153
0.20434,-0.598744,11.7916
-0.294635,-0.541061,11.7856
-0.0750937,-0.511067,11.8391
0.318112,-0.522841,11.7877
0.497775,-0.551389,11.7928
-0.571949,-0.489889,11.775
-0.400277,-0.509601,11.8472
-0.187607,-0.447631,11.8312
0.0738018,-0.50216,11.8081
0.196312,-0.471061,11.8032
0.424624,-0.447484,11.7908
0.598155,-0.475844,11.807
-0.471711,-0.41775,11.7978
0.0494136,-0.361711,11.7741
0.305085,-0.40245,11.8197
0.532416,-0.36271,11.8227
0.668701,-0.37584,11.8304
-0.70787,-0.318522,11.8382
-0.581324,-0.275771,11.8106
-0.373807,-0.329955,11.791
-0.251403,-0.318755,11.8337
-0.109349,-0.349883,11.8355
0.174159,-0.3482,11.7926
0.272469,-0.280329,11.8288
0.413262,-0.322638,11.8349
-0.318065,-0.220029,11.7753
-0.0599895,-0.232658,11.8264
0.150414,-0.225318,11.7902
-0.755752,-0.170394,11.8305
-0.161519,-0.156857,11.8233
0.234495,-0.155318,11.8507
0.494552,-0.128442,11.8079
0.61542,-0.152291,11.7992
0.745502,-0.127913,11.8053
-0.774925,-0.0451085,11.8188
-0.513741,-0.0861595,11.8299
-0.396725,-0.0590411,11.7954
-0.28157,-0.106893,11.8103
-0.0154937,-0.116387,11.839
0.375318,-0.0955241,11.8129
-0.655802,0.037283,11.8359
-0.489832,0.0227683,11.7739
-0.00916882,0.00844696,11.8336
0.265865,-0.036985,11.8218
0.368421,0.0313477,11.7903
-0.772134,0.0837033,11.8192
-0.342917,0.04701,11.8331
-0.11656,0.0485706,11.7837
0.112598,0.111659,11.8207
0.235452,0.0910755,11.8391
0.471379,0.0820481,11.8397
0.642093,0.0673003,11.8327
0.768668,0.0883688,11.8191
-0.611615,0.192461,11.8328
-0.436051,0.133476,11.821
-0.309953,0.166875,11.8268
-0.182527,0.182849,11.8145
0.424859,0.195813,11.8213
0.583669,0.177274,11.8292
-0.7525,0.206204,11.8265
-0.379437,0.270476,11.8435
-0.0591828,0.228195,11.7744
0.182889,0.216902,11.8335
0.717201,0.207394,11.8107
-0.70817,0.322966,11.8326
-0.260666,0.278568,11.8056
-0.0984172,0.351776,11.7887
0.38418,0.308811,11.7906
0.50384,0.290911,11.826
0.671112,0.320637,11.7821
-0.494666,0.360075,11.7932
-0.331693,0.379845,11.8055
0.102398,0.409956,11.815
-0.565971,0.47831,11.7875
-0.447847,0.471278,11.8269
-0.338111,0.508157,11.781
-0.244322,0.463418,11.849
-0.136875,0.470005,11.7819
-0.0162551,0.444881,11.7999
0.215135,0.461075,11.8266
0.38929,0.507298,11.8228
0.524064,0.497252,11.8488
0.642342,0.437121,11.8242
-0.506701,0.581433,11.8238
-0.262815,0.586174,11.842
0.28009,0.566879,11.8119
-0.154901,0.591842,11.7809
0.045556,0.638662,11.8308
0.166022,0.615913,11.815
0.355259,0.664598,11.7974
0.463446,0.604031,11.811
-0.32394,0.692417,11.8234
-0.207226,0.703558,11.7821
0.116142,0.741116,11.7934
0.238977,0.711425,11.7932
-0.125626,0.773106,11.8453
-0.00590242,0.762989,11.8113
-0.132321,-0.83442,11.9213
-0.283516,-0.7692,11.8813
0.00332864,-0.821157,11.8777
0.223845,-0.821824,11.9209
0.338773,-0.773314,11.9105
-0.405058,-0.702731,11.8719
-0.169206,-0.695266,11.8832
0.0566646,-0.698301,11.9158
0.175416,-0.667754,11.8918
-0.516451,-0.654844,11.9076
0.288312,-0.614719,11.882
0.488217,-0.653936,11.8636
-0.597348,-0.561965,11.877
-0.305528,-0.565871,11.908
-0.188883,-0.570675,11.8622
0.0288903,-0.564815,11.9069
0.154192,-0.544238,11.8958
0.403246,-0.553722,11.8737
0.579622,-0.571434,11.885
-0.662448,-0.450412,11.8608
-0.504373,-0.486001,11.9125
0.272358,-0.492389,11.9003
0.386215,-0.432329,11.91
0.505195,-0.468467,11.8886
0.676078,-0.4937,11.9021
-0.560566,-0.379284,11.8784
-0.423053,-0.388908,11.9098
-0.30828,-0.426778,11.8662
-0.00722454,-0.411556,11.8731
0.114822,-0.425489,11.8987
0.228307,-0.376554,11.9148
0.748135,-0.394042,11.9247
-0.348512,-0.288531,11.9193
0.741133,-0.277632,11.8567
-0.820595,-0.222212,11.9244
-0.658386,-0.218445,11.895
-0.459035,-0.271524,11.8618
-0.258538,-0.204799,11.885
-0.146998,-0.252889,11.9138
0.0565875,-0.266219,11.866
0.174911,-0.263955,11.9069
0.362949,-0.206445,11.8726
0.48968,-0.232099,11.8768
0.608509,-0.271809,11.8644
-0.538026,-0.186623,11.9092
-0.378583,-0.168517,11.8759
0.113526,-0.124866,11.8613
0.440561,-0.125198,11.9272
0.56474,-0.139262,11.9279
0.681441,-0.177475,11.9048
0.806476,-0.170732,11.9052
-0.81743,-0.0959823,11.9243
-0.63889,-0.100945,11.8546
-0.335989,-0.0521036,11.9085
-0.11536,-0.0469056,11.8671
0.317369,-0.0950835,11.9228
0.652371,-0.0566768,11.8698
-0.833532,0.0271784,11.9119
-0.718127,-0.0173621,11.9293
-0.447342,0.014294,11.8932
-0.231892,-0.00385387,11.8589
0.109019,-0.00102105,11.8726
0.406537,-0.00842955,11.9001
0.529674,-0.0287297,11.8741
0.78568,-0.0264965,11.8646
-0.54522,0.0907073,11.8631
-0.244489,0.106023,11.9151
0.0310085,0.0975914,11.9125
0.84646,0.0648947,11.9206
-0.823095,0.151623,11.9136
-0.696771,0.138711,11.9156
-0.0819484,0.133102,11.8687
0.353216,0.117898,11.8851
0.498881,0.188955,11.9209
0.658444,0.152476,11.9244
0.800616,0.178846,11.8982
-0.797626,0.272636,11.9226
-0.494261,0.229441,11.8762
-0.251354,0.229377,11.9192
-0.11113,0.259195,11.8831
0.00705898,0.219439,11.8793
0.304352,0.238094,11.8526
0.631655,0.273546,11.8919
-0.588206,0.31164,11.8653
-0.0175138,0.341186,11.8832
0.100727,0.301212,11.8749
0.219208,0.339826,11.8683
0.407255,0.276615,11.9149
0.744445,0.335857,11.8819
-0.546393,0.425335,11.8981
-0.444203,0.354754,11.9087
-0.189695,0.35523,11.8734
0.321884,0.415115,11.8717
0.445186,0.400221,11.8634
0.562394,0.376751,11.8943
-0.665956,0.438461,11.8526
-0.356914,0.443781,11.9094
-0.0971204,0.435932,11.8941
0.0231725,0.450276,11.9272
0.713122,0.452752,11.9245
-0.60283,0.538891,11.8904
-0.376019,0.563072,11.8875
-0.162298,0.54084,11.9025
-0.0390333,0.543387,11.8717
0.0971507,0.525371,11.8612
0.257954,0.523239,11.9261
0.620704,0.53645,11.916
-0.541614,0.640681,11.9282
-0.187536,0.662164,11.9061
-0.0738499,0.660992,11.8561
0.242353,0.645744,11.9085
0.356859,0.595212,11.9047
0.535582,0.629337,11.9095
-0.434715,0.66987,11.8733
0.125164,0.687205,11.9133
0.315291,0.743692,11.8851
0.4292,0.693154,11.8937
-0.361406,0.758303,11.9225
-0.244529,0.769191,11.8814
0.0771253,0.813287,11.8919
0.197766,0.784185,11.8869
-0.0432415,0.832504,11.919
-0.246641,-0.854501,11.9689
-0.0285229,-0.886713,11.9791
0.10281,-0.861097,11.9426
0.313912,-0.855773,12.0007
-0.486571,-0.746353,11.9975
-0.3655,-0.815237,11.9695
0.0307548,-0.779767,12.0076
0.15048,-0.745157,11.988
0.453649,-0.746387,11.9522
-0.321364,-0.678769,11.9637
-0.215602,-0.738773,12.0045
-0.06349,-0.730646,11.9416
0.264493,-0.695888,11.9743
0.555447,-0.672871,11.9674
-0.599317,-0.664139,12.0006
-0.21355,-0.616462,11.9763
-0.0864379,-0.607079,11.9326
0.124443,-0.621901,11.997
0.382844,-0.64379,11.9579
0.65081,-0.594277,11.9847
-0.672966,-0.56492,11.9782
-0.422041,-0.582167,11.9493
0.240868,-0.574402,11.9914
0.355672,-0.525075,11.9882
0.485224,-0.569037,11.9669
-0.734064,-0.452445,11.9638
-0.607356,-0.457394,11.9788
-0.362431,-0.475733,11.9761
-0.220101,-0.492171,11.9616
-0.0961631,-0.445839,11.9566
0.116015,-0.495738,12.0052
0.463331,-0.452309,12.0079
0.583722,-0.487853,11.9898
-0.196603,-0.37329,11.9316
0.0164607,-0.405436,11.9956
0.58984,-0.375377,11.9334
-0.78406,-0.341391,11.9355
-0.658847,-0.347241,11.9501
-0.504951,-0.31831,11.9725
-0.0367571,-0.307066,11.9384
0.334531,-0.313743,11.9331
0.4681,-0.343955,11.9452
0.672011,-0.285156,11.9699
0.80823,-0.285082,11.961
-0.722284,-0.251137,11.9994
-0.431924,-0.216788,11.9794
-0.245676,-0.273594,11.9888
0.0653769,-0.271225,12.0009
0.269767,-0.203616,11.9606
0.416115,-0.233859,11.9839
0.541947,-0.251734,11.9884
-0.901755,-0.152144,11.9976
-0.697751,-0.130538,11.9782
-0.316981,-0.150442,11.9831
-0.0938794,-0.143127,11.9432
0.0285771,-0.166596,11.944
0.147804,-0.166479,11.9803
-0.456004,-0.0987533,11.9453
-0.212247,-0.1004,11.9363
0.0847891,-0.0584727,11.986
0.198,-0.0625572,11.9338
0.713501,-0.0831321,11.9811
0.838251,-0.0675933,11.9729
-0.901152,-0.0260661,12.0044
-0.564675,-0.0308304,11.9308
-0.24516,0.0095861,11.9939
-0.0287625,-0.0134952,11.9544
0.284323,0.0267863,11.9331
0.479249,-0.0298145,11.9979
0.603481,-0.0247713,11.9831
0.703226,0.034619,11.9365
-0.635426,0.0566013,11.9873
-0.353396,0.0685387,11.9668
-0.136068,0.0497559,11.9435
0.170487,0.0759393,11.9489
0.433905,0.0857629,11.9765
0.55258,0.0779888,11.9343
-0.579528,0.173344,11.9581
-0.46454,0.124144,11.9528
-0.150316,0.173988,11.966
-0.0441145,0.124325,12.007
0.113927,0.188366,11.9346
0.238049,0.18046,11.9393
0.35258,0.180802,11.9923
0.752988,0.128682,12.0015
0.882964,0.159254,11.9931
-0.880231,0.227545,12.006
-0.672283,0.257919,11.9436
-0.370775,0.206801,11.9578
-0.058491,0.250634,12.0021
0.703161,0.248733,11.991
0.840228,0.273386,11.9664
-0.533086,0.300571,11.9772
-0.293737,0.342985,11.942
-0.171586,0.300451,11.9839
0.046154,0.319057,11.9877
0.169254,0.300521,11.9791
0.293605,0.28897,11.9658
0.501262,0.304616,11.9925
-0.751852,0.387872,11.9335
-0.633992,0.373795,11.9702
-0.208004,0.424944,11.9792
-0.0720267,0.374304,11.9981
0.144159,0.416691,11.9318
0.259897,0.40767,11.9783
0.394494,0.393597,11.9761
0.52842,0.42659,12.0028
0.650838,0.362455,11.9812
0.791375,0.384076,11.9913
-0.702784,0.500645,11.9545
-0.585516,0.4851,12.0015
-0.107371,0.493316,12.0057
0.436475,0.505829,11.9371
-0.482439,0.527576,11.9411
-0.27365,0.529099,11.9585
0.145386,0.540752,11.9754
0.535093,0.555084,12.0082
0.699544,0.574149,12.005
-0.644437,0.605503,11.9878
-0.417207,0.623,11.9907
-0.305233,0.649009,11.9434
-0.0833267,0.610059,11.97
0.0394627,0.601414,11.9492
0.433519,0.62687,11.9995
0.608759,0.659855,12.0054
-0.472286,0.733819,11.9735
-0.228988,0.72393,12.0069
-0.109449,0.731732,11.9738
0.00645381,0.719484,11.9314
0.203029,0.732242,12.0014
0.322427,0.68681,11.9955
0.5055,0.727528,11.9856
0.395087,0.784374,11.9709
-0.282397,0.833646,11.9838
-0.164337,0.839585,11.9465
0.0388455,0.887816,11.9946
0.160156,0.867688,11.9745
0.277608,0.825863,11.972
-0.28279,-0.908937,12.0755
-0.148116,-0.915699,12.0154
-0.0486875,-0.97179,12.0683
0.0699863,-0.93808,12.036
0.289164,-0.943264,12.0864
-0.507935,-0.835531,12.0829
0.120672,-0.827647,12.0803
0.197315,-0.901788,12.0131
0.43249,-0.840254,12.0378
-0.607546,-0.757525,12.083
-0.108503,-0.798316,12.039
0.240444,-0.780552,12.068
0.5356,-0.770226,12.043
-0.32196,-0.74332,12.0706
-0.117884,-0.668498,12.0385
0.358842,-0.73879,12.0433
0.637944,-0.694132,12.0585
-0.707092,-0.653592,12.066
-0.411235,-0.658761,12.0484
0.00471809,-0.652195,12.0199
0.209394,-0.660202,12.0805
0.327298,-0.619737,12.0696
0.463302,-0.662939,12.0512
0.730137,-0.609274,12.0797
-0.765117,-0.539214,12.0591
-0.515147,-0.546788,12.0244
-0.320339,-0.568958,12.0501
-0.128875,-0.542316,12.0304
-0.00521563,-0.525695,12.0204
0.558371,-0.583495,12.0678
-0.834104,-0.434651,12.0405
0.233708,-0.451382,12.0152
0.736099,-0.506328,12.0102
-0.730033,-0.364325,12.0528
-0.574047,-0.370565,12.0637
-0.46936,-0.42813,12.0219
-0.28578,-0.387928,12.0211
-0.173911,-0.428655,12.0592
0.136431,-0.373057,12.0104
0.349378,-0.404015,12.0267
0.542988,-0.362652,12.0484
0.662107,-0.396575,12.032
0.819845,-0.410031,12.0256
-0.83601,-0.286029,12.0409
-0.393834,-0.324852,12.0387
-0.132935,-0.315866,12.0223
0.251194,-0.326507,12.0269
0.428288,-0.319867,12.0737
0.75698,-0.311314,12.071
0.883995,-0.307555,12.0571
-0.597076,-0.242829,12.0112
-0.492862,-0.256043,12.0813
-0.322438,-0.231317,12.0815
-0.0468877,-0.225266,12.0322
0.169033,-0.245498,12.0742
0.291239,-0.222383,12.0826
0.737319,-0.1964,12.0277
-0.794504,-0.164368,12.0674
-0.567456,-0.121187,12.0259
-0.450717,-0.131958,12.0717
-0.169325,-0.18477,12.0333
0.0687479,-0.171679,12.0771
0.367593,-0.127159,12.0322
0.490519,-0.146099,12.0412
0.61711,-0.16455,12.0387
0.866492,-0.186352,12.013
-0.781005,-0.0443176,12.0343
-0.655517,-0.0421346,12.0677
-0.353317,-0.0398147,12.032
-0.245185,-0.0910445,12.0688
-0.137671,-0.0469777,12.0217
-0.0275378,-0.0997771,12.0449
0.243098,-0.109736,12.0411
0.791585,-0.100841,12.0858
0.919858,-0.086744,12.0661
-0.477005,0.00171924,12.0164
-0.054614,0.0249224,12.0813
0.178761,-0.00236051,12.0482
0.360208,-0.00337093,12.0256
0.763872,0.0123913,12.0435
0.902911,0.030267,12.026
-0.978982,0.0549009,12.0823
-0.88138,0.099594,12.0163
-0.756507,0.0765727,12.0131
-0.54672,0.0926797,12.0676
-0.422103,0.0987204,12.0743
-0.175152,0.0929243,12.0577
0.0741784,0.074053,12.0289
0.260791,0.100671,12.0313
0.376203,0.103754,12.0869
0.516653,0.0689156,12.0705
0.633692,0.0885465,12.0275
-0.668465,0.135861,12.0794
-0.273296,0.161748,12.0234
0.171325,0.186056,12.0449
0.466782,0.185247,12.0431
-0.756984,0.201454,12.0172
-0.612796,0.247878,12.0576
-0.493609,0.203408,12.0448
-0.37463,0.214019,12.0831
-0.170509,0.22138,12.0797
0.0473278,0.200323,12.045
0.279226,0.238064,12.0789
0.585024,0.210162,12.0089
0.793153,0.222556,12.0726
-0.842485,0.346118,12.0147
-0.720541,0.319078,12.0446
-0.39149,0.322522,12.0174
-0.276655,0.283786,12.05
0.221808,0.349203,12.0812
0.389497,0.286784,12.0452
0.582268,0.337276,12.0834
0.904176,0.284685,12.0722
-0.581299,0.372217,12.0832
-0.481595,0.412127,12.0149
-0.305913,0.405829,12.0576
0.0133353,0.388131,12.0866
0.125388,0.430875,12.0535
0.331225,0.419419,12.0799
-0.798905,0.462384,12.0242
-0.683308,0.441811,12.0661
-0.386739,0.496357,12.0195
0.231959,0.494962,12.0617
0.434615,0.486298,12.0582
0.635321,0.474942,12.0467
0.784353,0.4948,12.049
-0.748882,0.573946,12.0486
0.0125109,0.514565,12.0334
0.336225,0.552432,12.0203
-0.530218,0.58983,12.0414
-0.317103,0.591913,12.0591
-0.19669,0.600328,12.0263
0.111166,0.65497,12.0366
0.228479,0.614376,12.0305
-0.690345,0.679594,12.0795
-0.584562,0.711174,12.0219
-0.347801,0.713582,12.0437
-0.0109232,0.674785,12.048
0.406882,0.724507,12.0791
-0.513588,0.804055,12.0679
-0.15224,0.801129,12.0683
-0.0304477,0.797342,12.0444
0.0864687,0.774038,12.01
0.286709,0.773892,12.0843
0.584423,0.761752,12.0761
-0.400151,0.824102,12.0214
0.359312,0.868793,12.0556
0.476041,0.825366,12.057
-0.32312,0.906496,12.0764
-0.203927,0.911143,12.0421
-0.08277,0.905942,12.0142
0.000511569,0.968007,12.0831
0.122643,0.949457,12.064
0.241823,0.91416,12.0575
-0.302898,-1.00124,12.1575
-0.182628,-0.990223,12.1095
-0.084096,-1.04998,12.1595
0.0490947,-1.02466,12.1255
0.168991,-0.990736,12.0967
-0.404919,-0.910189,12.1031
0.409051,-0.935803,12.1207
-0.331357,-0.825187,12.1651
-0.120227,-0.885579,12.1364
-0.00177489,-0.857551,12.0997
0.214437,-0.867754,12.1535
0.337137,-0.832769,12.1279
0.519581,-0.871191,12.1217
-0.717767,-0.75716,12.1485
-0.429712,-0.749686,12.1333
-0.215673,-0.809233,12.1095
0.441514,-0.760742,12.1338
0.620528,-0.795248,12.13
-0.5238,-0.666821,12.1046
-0.140193,-0.704491,12.1566
-0.0273445,-0.73499,12.1098
0.0929742,-0.704532,12.0914
0.297761,-0.710333,12.1549
0.543792,-0.689057,12.143
0.73295,-0.720296,12.1355
-0.803807,-0.66024,12.146
-0.346727,-0.64847,12.1556
-0.236139,-0.650936,12.096
-0.0613066,-0.594109,12.1215
0.404832,-0.645473,12.165
0.636519,-0.606865,12.1628
-0.863713,-0.548129,12.1381
-0.611493,-0.577767,12.0975
-0.437449,-0.564202,12.1256
-0.210927,-0.532701,12.1281
0.0688168,-0.581714,12.104
0.190032,-0.538185,12.0994
0.431325,-0.546189,12.0892
0.813193,-0.519571,12.1071
-0.919798,-0.435435,12.1321
-0.767144,-0.464136,12.1598
-0.660296,-0.460284,12.0922
-0.533901,-0.472648,12.125
-0.370159,-0.442544,12.0962
-0.0696032,-0.468708,12.1146
0.053918,-0.448486,12.1066
0.308395,-0.49882,12.1042
0.524925,-0.466085,12.116
0.645376,-0.499705,12.0993
-0.827322,-0.353542,12.153
-0.466407,-0.367867,12.1324
-0.258509,-0.422445,12.1625
0.173744,-0.41628,12.1215
0.292076,-0.378279,12.1351
0.407456,-0.427386,12.1343
0.616203,-0.389016,12.1541
0.737838,-0.42004,12.1302
0.900355,-0.431316,12.1202
-0.943979,-0.316272,12.103
-0.616266,-0.274902,12.1323
-0.346112,-0.33057,12.1539
-0.229626,-0.314991,12.1056
-0.0372766,-0.349804,12.0947
0.0836212,-0.326965,12.1146
0.636962,-0.284828,12.0894
0.96512,-0.328235,12.1486
-0.863273,-0.232039,12.1514
-0.74516,-0.263448,12.1256
-0.133169,-0.242699,12.1385
-0.00864277,-0.2366,12.1506
0.405768,-0.200549,12.1257
0.521949,-0.243155,12.1133
0.817463,-0.21627,12.1241
0.948327,-0.210744,12.1036
-0.96836,-0.194293,12.0943
-0.664586,-0.165223,12.0938
-0.549567,-0.163249,12.1435
-0.345501,-0.119776,12.1382
-0.126647,-0.118109,12.1299
0.696619,-0.192131,12.1477
-0.978875,-0.0696461,12.092
-0.870917,-0.106514,12.1492
-0.745514,-0.0947174,12.1628
-0.527294,-0.0422286,12.1221
0.197043,-0.0657979,12.1575
0.316665,-0.0986706,12.1422
0.543158,-0.0492978,12.102
0.668474,-0.0671,12.0979
1.00853,-0.110703,12.1507
-0.86784,0.0163374,12.1264
-0.741908,0.0262283,12.1317
-0.407925,-0.00781169,12.1393
-0.182598,-0.00601624,12.1369
0.0590326,-0.0264451,12.105
0.281366,0.0189383,12.1222
0.430619,-0.0020392,12.1283
0.734193,0.015936,12.1644
0.854092,-0.00784142,12.1404
0.977601,0.00798603,12.1238
-0.62068,0.0420617,12.1555
-0.291794,0.0621126,12.0984
0.173307,0.0915195,12.1302
0.615152,0.0441663,12.1427
0.82824,0.106003,12.0975
-1.04853,0.121902,12.1635
-0.961199,0.178634,12.0903
-0.801758,0.134955,12.1187
-0.248187,0.161595,12.1635
-0.0534813,0.182592,12.1173
0.0526789,0.119582,12.1467
0.581021,0.162703,12.1243
0.704441,0.129353,12.1214
0.950565,0.125591,12.0915
-0.825692,0.257317,12.1177
-0.705429,0.238734,12.1452
0.177362,0.222334,12.1642
0.3792,0.217674,12.1496
0.49747,0.253742,12.1417
0.66786,0.252428,12.1129
0.985174,0.2306,12.1494
-0.939874,0.301677,12.0931
-0.479702,0.306874,12.1137
-0.359238,0.323793,12.1408
-0.0816373,0.304211,12.1128
0.1072,0.298355,12.0941
0.803813,0.310796,12.1589
-0.889597,0.41877,12.1066
-0.772714,0.391189,12.1399
-0.187731,0.367602,12.0887
0.464046,0.372084,12.0948
0.714594,0.368817,12.0877
0.86267,0.400597,12.092
-0.735165,0.509645,12.159
-0.531579,0.482772,12.114
-0.417189,0.433438,12.1226
-0.214635,0.492981,12.0894
-0.0934048,0.444571,12.1216
0.0179873,0.495282,12.1564
0.510552,0.500534,12.154
-0.848727,0.53622,12.114
-0.634447,0.551565,12.0989
-0.4356,0.56391,12.1185
-0.326869,0.517982,12.1593
-0.0740865,0.56929,12.1087
0.114967,0.546678,12.0976
0.216068,0.586828,12.1573
0.317333,0.515406,12.1571
0.606393,0.58111,12.1071
0.69906,0.510571,12.1491
0.864834,0.517811,12.1412
-0.796185,0.646602,12.1387
-0.579745,0.657687,12.1341
-0.367845,0.660157,12.1594
0.0332804,0.62325,12.1527
0.309661,0.656875,12.1174
0.415669,0.591175,12.1211
0.513286,0.660832,12.0899
0.781729,0.606324,12.1056
-0.467208,0.688127,12.0889
-0.250581,0.677757,12.1202
-0.127218,0.680395,12.0919
0.0743339,0.738804,12.1329
0.192125,0.702383,12.1215
0.690937,0.691495,12.0936
-0.62677,0.782435,12.1159
-0.398574,0.78019,12.1383
-0.27109,0.799105,12.1064
-0.0486839,0.752897,12.1601
0.167961,0.820739,12.0925
0.378094,0.810367,12.1648
0.491009,0.757583,12.165
0.668452,0.792483,12.1633
-0.555792,0.876808,12.1598
-0.440609,0.896602,12.1164
-0.189292,0.87651,12.1619
-0.0679154,0.875794,12.1344
0.0527686,0.860064,12.1148
0.555629,0.861147,12.1464
0.324385,0.959646,12.139
0.442043,0.914149,12.1372
-0.242663,0.985516,12.1346
-0.121548,0.983225,12.104
0.0849596,1.02848,12.1557
0.206737,1.00201,12.1416
-0.199481,-1.06702,12.207
0.0252284,-1.10317,12.2202
0.145915,-1.07156,12.1891
-0.423252,-0.99195,12.1956
0.262264,-1.02992,12.1718
0.381366,-1.02861,12.2089
-0.524494,-0.919643,12.1759
-0.235277,-0.902335,12.193
-0.134917,-0.963725,12.2382
-0.0216601,-0.942776,12.1892
0.0983566,-0.911247,12.1705
0.310267,-0.917133,12.2165
0.500969,-0.969941,12.1983
-0.731682,-0.846689,12.238
-0.627671,-0.848927,12.1662
-0.44183,-0.837623,12.222
0.422804,-0.856224,12.2161
0.606552,-0.898939,12.2071
0.709154,-0.82556,12.2111
-0.82092,-0.758769,12.226
-0.536198,-0.757794,12.198
-0.160113,-0.807378,12.2254
-0.0498893,-0.748815,12.2336
0.0579052,-0.787853,12.1847
0.17803,-0.748758,12.172
0.269361,-0.797336,12.242
0.528514,-0.789532,12.2181
-0.627129,-0.674813,12.1753
-0.256992,-0.726697,12.1958
0.381316,-0.740599,12.2433
0.629834,-0.717116,12.2288
0.812615,-0.737657,12.2296
-0.907882,-0.62788,12.2271
-0.457503,-0.659698,12.2161
-0.206872,-0.60905,12.2335
-0.0835513,-0.628737,12.2393
0.0296117,-0.658075,12.1946
0.151787,-0.625802,12.1857
0.816185,-0.628799,12.1683
-0.975127,-0.514605,12.2146
-0.713779,-0.577443,12.1695
-0.540548,-0.566488,12.2075
-0.325789,-0.5273,12.1774
-0.12627,-0.513387,12.218
-0.00210898,-0.522084,12.2047
0.27055,-0.587222,12.184
0.378564,-0.527369,12.2038
0.507475,-0.571652,12.1842
0.726137,-0.526347,12.1961
0.906312,-0.545056,12.1864
-0.637147,-0.487359,12.2133
-0.399654,-0.432617,12.2173
0.121584,-0.50567,12.1986
0.240073,-0.468746,12.2132
0.47919,-0.459585,12.2338
0.600037,-0.494374,12.2181
0.81532,-0.444498,12.2256
0.984928,-0.450729,12.2097
-1.0148,-0.376769,12.1962
-0.693828,-0.362132,12.186
-0.571408,-0.378487,12.2061
-0.137009,-0.376683,12.1671
-0.0178884,-0.396192,12.2098
0.106866,-0.384624,12.223
-0.913544,-0.312588,12.2339
-0.207728,-0.296007,12.2326
0.194878,-0.307283,12.1792
0.379601,-0.305944,12.1881
0.498253,-0.350379,12.1727
0.705978,-0.309111,12.1906
0.826869,-0.334254,12.1698
1.04819,-0.347229,12.2396
-1.03168,-0.253539,12.1842
-0.524374,-0.261078,12.2166
-0.41319,-0.22059,12.1743
0.088232,-0.261332,12.2255
0.469426,-0.23017,12.2309
0.588898,-0.271222,12.2147
0.773231,-0.217643,12.243
0.89461,-0.241181,12.2189
1.03021,-0.231224,12.1956
-1.04449,-0.128261,12.1818
-0.939147,-0.174126,12.235
-0.690557,-0.195099,12.215
-0.239795,-0.18588,12.1738
0.108398,-0.14018,12.2036
0.227965,-0.184634,12.1843
0.366101,-0.158592,12.2392
0.584323,-0.144112,12.1711
0.881673,-0.12275,12.1793
-0.624379,-0.0767858,12.1946
-0.455474,-0.106584,12.2045
-0.10148,-0.0563113,12.2361
-0.00777258,-0.111289,12.1676
0.46577,-0.107989,12.1839
0.643582,-0.0465122,12.2235
0.756582,-0.0996452,12.2056
-1.0476,-0.00279646,12.1729
-0.93882,-0.0372753,12.228
-0.295251,-0.0183196,12.1942
-0.0127962,0.0237151,12.199
0.113925,0.0158665,12.2116
0.522985,-0.00102378,12.2151
1.06712,-0.0151008,12.2077
-0.934575,0.0877862,12.2042
-0.812643,0.0731227,12.2286
-0.494769,0.0725055,12.1846
-0.369175,0.109666,12.1875
-0.129906,0.101456,12.1743
0.232603,0.0482712,12.2336
0.360085,0.0632593,12.2079
0.574648,0.109507,12.2409
0.78817,0.115256,12.217
0.911145,0.0841417,12.2017
1.03599,0.106242,12.1798
-0.702314,0.125257,12.2004
-0.585276,0.161648,12.1717
-0.462896,0.19274,12.1691
-0.0307465,0.14748,12.2382
0.13135,0.136835,12.2434
0.27782,0.148306,12.168
0.465047,0.123436,12.1721
-1.02353,0.249918,12.1736
-0.905082,0.209857,12.2036
-0.782031,0.212874,12.2412
-0.340669,0.227678,12.2206
-0.141556,0.222513,12.2044
0.0399496,0.241525,12.1835
0.591622,0.266247,12.222
0.698121,0.201817,12.2226
0.866617,0.201809,12.1732
1.07239,0.212048,12.2356
-0.858171,0.334581,12.2127
-0.695,0.345379,12.2266
-0.589847,0.28692,12.174
-0.443263,0.297523,12.2347
-0.242847,0.286335,12.1695
-0.146853,0.35108,12.2168
0.20666,0.336901,12.2042
0.326562,0.329672,12.1664
0.691244,0.339109,12.2049
0.90114,0.319185,12.2368
1.02109,0.335275,12.2062
-0.989915,0.379989,12.1768
-0.520554,0.388947,12.1997
-0.380212,0.419872,12.2417
-0.273606,0.406693,12.1781
-0.0254936,0.375815,12.2044
0.0958631,0.388011,12.18
0.287686,0.424628,12.2374
0.40317,0.427468,12.1897
0.502989,0.355505,12.2115
0.60831,0.424764,12.1687
0.786746,0.430919,12.1862
-0.944976,0.495376,12.1883
-0.82892,0.462181,12.2261
-0.63219,0.442646,12.1799
-0.472371,0.501727,12.2236
-0.174307,0.472883,12.2134
0.190341,0.467456,12.1751
0.95546,0.43379,12.1681
-0.585176,0.553374,12.2131
0.113544,0.559531,12.2257
0.408378,0.54354,12.2376
0.601257,0.532222,12.2319
0.787521,0.54175,12.2432
0.953336,0.544728,12.2259
-0.89467,0.608663,12.2054
-0.685374,0.624193,12.1907
-0.488675,0.632538,12.2152
-0.180566,0.589516,12.1716
-0.0750182,0.643549,12.2115
0.304695,0.61261,12.2408
0.505855,0.613248,12.2058
0.694775,0.622865,12.2091
0.866727,0.629832,12.1955
-0.842482,0.720801,12.2298
-0.626262,0.733929,12.2308
0.274551,0.733355,12.2102
0.397521,0.684408,12.202
0.596615,0.693621,12.1807
0.778176,0.722257,12.1775
-0.735393,0.750488,12.1722
-0.513288,0.756418,12.1829
-0.300341,0.748541,12.2159
-0.173644,0.754441,12.181
0.0372014,0.821795,12.2314
0.157945,0.784646,12.2142
-0.668976,0.854195,12.2103
-0.447979,0.850975,12.2323
-0.327232,0.867528,12.1949
0.255993,0.853699,12.1747
0.467926,0.8537,12.2416
0.644029,0.89894,12.2305
-0.479246,0.970585,12.2102
-0.110759,0.951622,12.224
0.012892,0.939622,12.2046
0.141002,0.905928,12.1887
0.528971,0.962647,12.2158
-0.363136,0.982306,12.1673
-0.0369911,1.04848,12.1735
0.291569,1.04994,12.2211
0.411715,1.0079,12.2163
-0.282119,1.05971,12.2281
-0.161387,1.05981,12.1955
0.168353,1.08649,12.2327
-0.209631,-1.15887,12.2912
0.00714421,-1.19581,12.304
0.122365,-1.15253,12.2813
-0.433411,-1.08783,12.2904
-0.317064,-1.08986,12.2447
-0.0919133,-1.13275,12.2543
0.23995,-1.11839,12.2572
0.356973,-1.13182,12.2988
0.469617,-1.07142,12.2862
-0.531531,-1.015,12.2594
-0.247906,-0.98263,12.288
-0.0286726,-1.01543,12.2927
0.104497,-1.02646,12.2978
0.284304,-1.00752,12.3023
0.580043,-1.01202,12.2853
-0.746836,-0.944038,12.3148
-0.632977,-0.942439,12.2503
-0.456226,-0.926938,12.3082
-0.34533,-0.912774,12.2529
0.0545413,-0.912711,12.2874
0.190294,-0.945909,12.2481
0.402668,-0.951126,12.3047
0.695933,-0.939095,12.2845
-0.836297,-0.852042,12.3078
-0.553246,-0.85116,12.2805
-0.0604573,-0.864801,12.2788
0.146634,-0.827104,12.2642
0.358088,-0.835435,12.3209
0.516749,-0.894919,12.2986
0.795758,-0.863213,12.2923
-0.642069,-0.763076,12.2649
-0.479673,-0.754625,12.3101
-0.271627,-0.815197,12.2828
0.0353889,-0.792543,12.3142
0.615519,-0.818615,12.3024
0.717721,-0.747435,12.3132
0.892344,-0.77536,12.3174
-0.922386,-0.733485,12.2978
-0.729947,-0.674395,12.2466
-0.368684,-0.740468,12.2505
-0.197708,-0.717182,12.306
0.114029,-0.704096,12.2747
0.235647,-0.678185,12.2622
0.487478,-0.675549,12.2535
-1.01071,-0.605708,12.3036
-0.82831,-0.653706,12.3213
-0.562719,-0.665724,12.2825
-0.320155,-0.629039,12.2819
0.349559,-0.623212,12.2778
0.582972,-0.5997,12.2815
0.723821,-0.638193,12.2519
0.905267,-0.656896,12.2516
-0.911183,-0.52773,12.321
-0.810104,-0.551096,12.2509
-0.694597,-0.560712,12.2972
-0.418548,-0.548736,12.2596
-0.279094,-0.511426,12.2922
-0.0462307,-0.541965,12.3209
0.0707894,-0.575714,12.2903
0.194852,-0.561943,12.2837
0.464318,-0.562942,12.3034
0.687655,-0.52633,12.3144
0.814848,-0.55694,12.2794
0.996035,-0.572113,12.2688
-1.07723,-0.444814,12.2809
-0.866597,-0.438404,12.2454
-0.747122,-0.443489,12.2818
-0.50417,-0.457246,12.2833
0.0410166,-0.454658,12.303
0.164775,-0.445431,12.3163
0.304978,-0.50805,12.3124
0.899793,-0.470584,12.3139
1.07132,-0.474742,12.2961
-0.630316,-0.410419,12.312
-0.305594,-0.367134,12.2669
-0.193272,-0.421644,12.2696
-0.0784058,-0.421048,12.319
0.34767,-0.413185,12.2437
0.565998,-0.369229,12.2887
0.694123,-0.417408,12.2536
0.909525,-0.357987,12.2598
-1.104,-0.317769,12.2631
-0.771303,-0.287554,12.2507
-0.633042,-0.291241,12.2714
-0.52715,-0.339355,12.3171
-0.419143,-0.312034,12.2607
-0.0828571,-0.294495,12.2444
0.0185125,-0.325797,12.3099
0.280523,-0.311394,12.2696
0.443173,-0.345712,12.2878
0.660988,-0.289211,12.3162
0.780927,-0.334246,12.2893
-0.998479,-0.258617,12.308
-0.31865,-0.237826,12.257
0.172748,-0.202907,12.2965
0.981866,-0.269131,12.3132
1.10718,-0.246666,12.2989
-1.1244,-0.194681,12.2551
-0.808236,-0.164888,12.2459
-0.584084,-0.164621,12.2745
-0.453637,-0.195903,12.2984
-0.129428,-0.178231,12.2456
-0.00710792,-0.191389,12.2671
0.6575,-0.173112,12.2677
0.829798,-0.118987,12.3047
0.949629,-0.149873,12.2913
1.07781,-0.130482,12.2524
-1.12535,-0.0650511,12.2555
-1.01845,-0.108567,12.306
-0.795475,-0.0434078,12.2707
-0.688543,-0.101184,12.2993
-0.347877,-0.116791,12.2672
-0.22391,-0.0978639,12.2615
0.0437778,-0.0651891,12.2803
0.171264,-0.0759659,12.2911
0.291702,-0.0591643,12.2594
0.550045,-0.101767,12.2845
1.15513,-0.0454965,12.3053
-0.682128,0.0190191,12.2634
-0.53046,-0.0230263,12.2597
-0.413526,0.0182279,12.2732
-0.298562,-0.00638473,12.3185
-0.194462,0.0265893,12.2574
0.414397,-0.0377595,12.2733
0.810354,-0.00107045,12.2616
0.933103,-0.0316852,12.2507
-1.12718,0.068835,12.2507
-1.01097,0.0418321,12.2926
-0.542899,0.0944405,12.3068
-0.282185,0.113528,12.2775
-0.0792635,0.0461747,12.305
0.0440584,0.0679623,12.3018
0.453406,0.0803978,12.2885
0.682582,0.0586219,12.2785
0.997023,0.0649272,12.3055
1.12833,0.0801927,12.2609
-1.10571,0.193438,12.2502
-0.988697,0.164765,12.2861
-0.86664,0.151135,12.3097
-0.431839,0.148573,12.2884
-0.161666,0.141966,12.2999
0.241796,0.154228,12.2992
0.363823,0.168876,12.2747
0.948948,0.179302,12.272
-0.658878,0.230345,12.2615
-0.534585,0.21994,12.2704
-0.232385,0.245584,12.2871
-0.0484978,0.268033,12.2736
0.0522938,0.200441,12.3196
0.162009,0.253489,12.2852
0.285769,0.267553,12.2709
0.490875,0.197761,12.2684
0.802541,0.239944,12.2785
1.16178,0.199564,12.321
-1.07167,0.320075,12.2653
-0.954102,0.285674,12.2923
-0.587704,0.329592,12.2975
-0.348733,0.320167,12.3131
0.0609238,0.326416,12.2822
0.406691,0.287955,12.2521
0.679205,0.283768,12.3153
1.11378,0.321822,12.2879
-0.923229,0.412067,12.2946
-0.772195,0.392578,12.3128
-0.47155,0.386818,12.3207
-0.23923,0.377363,12.2966
0.159904,0.399651,12.301
0.595441,0.373515,12.2925
0.776056,0.361245,12.2928
-1.0394,0.456213,12.263
-0.695522,0.486916,12.2839
-0.574843,0.454694,12.2915
-0.283538,0.4937,12.2748
-0.0607573,0.506203,12.252
0.0526517,0.459333,12.2729
0.380699,0.44963,12.3152
0.497314,0.463332,12.2722
0.689771,0.449497,12.2625
0.873116,0.438452,12.2752
1.05414,0.431696,12.2782
-0.993459,0.571964,12.2766
-0.880491,0.534974,12.3173
-0.783227,0.578261,12.2523
-0.522848,0.565944,12.3204
-0.379893,0.579868,12.2538
-0.174836,0.567074,12.2952
0.215684,0.520112,12.2856
0.691603,0.559866,12.3213
1.04862,0.553678,12.3077
-0.62735,0.631531,12.3013
-0.268298,0.634188,12.2494
0.0110899,0.600725,12.292
0.184418,0.658803,12.2557
0.399902,0.642688,12.3203
0.599563,0.640298,12.2936
0.780555,0.654936,12.2983
0.94993,0.656234,12.2866
-0.942909,0.685051,12.2953
-0.733388,0.695372,12.2849
-0.528242,0.707873,12.3083
-0.416327,0.725581,12.2557
-0.167451,0.695607,12.2895
-0.0470618,0.727154,12.2994
0.0687767,0.705426,12.2578
0.493944,0.711967,12.281
0.681135,0.731084,12.2701
-0.893466,0.797858,12.3181
-0.352293,0.819388,12.3071
-0.222329,0.812886,12.2901
0.378386,0.77829,12.2847
0.578207,0.797273,12.2511
0.759999,0.823374,12.2494
0.861453,0.747509,12.2672
-0.781391,0.825174,12.2694
-0.563507,0.832011,12.2753
-0.0904045,0.831284,12.2477
0.146821,0.868762,12.3076
0.264749,0.830216,12.2961
0.353037,0.901757,12.2461
0.555703,0.898114,12.3207
-0.710021,0.932552,12.2994
-0.595517,0.950786,12.2533
-0.376616,0.939083,12.2848
-0.246889,0.943256,12.2519
0.236808,0.945817,12.2566
0.441956,0.947649,12.3201
0.737759,0.935688,12.316
-0.523575,1.04594,12.2989
-0.402681,1.05771,12.2597
-0.177454,1.02273,12.318
-0.0157844,1.02029,12.2963
0.103818,0.989981,12.2744
0.498876,1.05706,12.2921
0.618276,1.002,12.2961
-0.0782377,1.12432,12.2647
0.0465467,1.11373,12.2445
0.375709,1.10541,12.2963
-0.326435,1.14142,12.3138
-0.201186,1.14018,12.2862
0.128713,1.18538,12.3165
0.255332,1.14715,12.2992
-0.228785,-1.2523,12.373
-0.108799,-1.22792,12.3387
-0.000217376,-1.2893,12.389
0.113972,-1.24458,12.3654
0.350491,-1.24362,12.397
-0.448349,-1.18299,12.3711
-0.327619,-1.17402,12.3365
0.232649,-1.21219,12.3397
0.454383,-1.17398,12.3643
-0.549785,-1.11094,12.3449
-0.261089,-1.07184,12.3741
-0.041018,-1.1069,12.3783
0.0835478,-1.10372,12.3933
0.204711,-1.08224,12.371
0.562713,-1.11032,12.3599
-0.760254,-1.04358,12.3946
-0.649489,-1.03398,12.3336
-0.472821,-1.02173,12.3896
-0.359218,-1.00138,12.3418
-0.145466,-1.04721,12.3315
0.0414056,-0.980409,12.3962
0.3731,-1.04231,12.3842
0.49555,-0.992555,12.3804
0.676859,-1.04575,12.3572
0.783228,-0.981125,12.3635
-0.855963,-0.950082,12.3858
-0.56644,-0.943003,12.365
-0.288645,-0.902316,12.3746
-0.0761939,-0.938625,12.3787
0.169008,-0.963198,12.3836
0.604247,-0.931366,12.38
-0.944212,-0.83424,12.3687
-0.659865,-0.85896,12.3454
-0.494527,-0.843424,12.3999
-0.383433,-0.827922,12.3411
-0.175155,-0.882962,12.325
0.123183,-0.846279,12.3857
0.237507,-0.869095,12.339
0.706158,-0.857321,12.3796
0.889575,-0.891846,12.3691
-0.851952,-0.755098,12.3993
-0.745019,-0.763573,12.3357
-0.585201,-0.760989,12.3769
-0.0992306,-0.773575,12.3574
0.196513,-0.746868,12.3678
0.47011,-0.780921,12.3281
0.991337,-0.811353,12.3839
-1.02198,-0.710474,12.372
-0.665401,-0.668274,12.3535
-0.31789,-0.723907,12.3631
-0.00089267,-0.6732,12.3221
0.316904,-0.720705,12.3483
0.571463,-0.708136,12.3419
0.812042,-0.668318,12.3358
0.994676,-0.696636,12.33
-0.923809,-0.632522,12.3996
-0.430847,-0.643978,12.3409
-0.240003,-0.625725,12.3799
-0.117143,-0.637232,12.359
0.14336,-0.633219,12.374
0.265946,-0.608948,12.3746
0.45019,-0.666123,12.3723
0.67748,-0.642411,12.3722
1.08435,-0.607903,12.3479
-1.11722,-0.536206,12.3562
-0.791905,-0.547133,12.3753
-0.575002,-0.551383,12.3317
-0.460931,-0.527962,12.3767
-0.340107,-0.55252,12.3985
-0.166322,-0.517894,12.3456
0.0942691,-0.516908,12.3977
0.380685,-0.565433,12.3967
0.772712,-0.561155,12.399
0.899565,-0.58531,12.3678
1.16271,-0.512824,12.3724
-0.375154,-0.445068,12.3391
0.414622,-0.454826,12.3416
0.557061,-0.481975,12.3431
0.779746,-0.447624,12.3452
0.992436,-0.506557,12.3928
-1.16915,-0.390503,12.3465
-0.961663,-0.408679,12.3225
-0.256062,-0.421879,12.3778
0.27099,-0.396786,12.3598
0.501091,-0.381045,12.396
0.66101,-0.419573,12.3782
0.864432,-0.360884,12.3835
0.985005,-0.388435,12.3539
1.12898,-0.365546,12.3335
-1.05478,-0.346365,12.3785
-0.846147,-0.348087,12.3333
-0.723386,-0.33912,12.3546
-0.43199,-0.286622,12.3832
-0.292937,-0.301948,12.3725
-0.172536,-0.329074,12.3521
0.142343,-0.321848,12.3247
-1.1954,-0.263337,12.3369
-0.876884,-0.22656,12.334
-0.701345,-0.216804,12.345
-0.5455,-0.232932,12.38
-0.217885,-0.211695,12.3289
-0.0774176,-0.241357,12.3573
0.240393,-0.267438,12.3796
0.372833,-0.249247,12.3262
0.549673,-0.226154,12.3267
0.739947,-0.202311,12.3639
0.859386,-0.241636,12.3387
1.21497,-0.222578,12.3635
-1.18539,-0.12425,12.3486
-1.08321,-0.19557,12.3756
-0.784456,-0.13268,12.3853
-0.622775,-0.136228,12.3994
-0.349489,-0.190616,12.3683
0.0685617,-0.167233,12.3632
0.285139,-0.160134,12.334
0.445534,-0.148219,12.3345
0.629253,-0.149536,12.3888
-1.28657,-0.0657994,12.3942
-0.891726,-0.102256,12.3256
-0.511195,-0.100845,12.3557
-0.392526,-0.0669135,12.3741
-0.258028,-0.105628,12.3829
-0.0573164,-0.104968,12.3431
0.0997386,-0.04525,12.3902
0.359061,-0.0702484,12.3801
0.715287,-0.0729091,12.3222
1.02465,-0.0615645,12.3418
1.25732,-0.0601486,12.3858
-1.20637,0.00830652,12.3284
-1.09081,-0.0217356,12.3678
-0.886506,0.0239059,12.327
-0.604574,-0.0158464,12.3623
-0.484227,0.017264,12.3908
-0.157841,-0.0326066,12.3659
0.241648,-0.0256608,12.3815
0.460506,0.00617205,12.3884
0.570335,0.0185834,12.329
0.778264,0.0231602,12.3818
0.90522,-0.0321253,12.3726
-0.765742,0.0526437,12.3499
-0.369032,0.0815503,12.3757
-0.233453,0.0755694,12.3866
0.162634,0.0645698,12.341
0.334545,0.0414033,12.3286
0.875361,0.0890989,12.3354
1.08685,0.116424,12.3869
1.21378,0.0669169,12.352
-1.20029,0.141331,12.3234
-1.08249,0.11934,12.3593
-0.762037,0.190111,12.3675
-0.662459,0.124992,12.3286
-0.060221,0.172769,12.3664
0.155322,0.178072,12.393
0.40465,0.120906,12.3956
0.528296,0.127648,12.3761
0.637557,0.168184,12.3313
0.759234,0.13812,12.3364
-1.27227,0.219974,12.3968
-1.16821,0.268384,12.3288
-1.05071,0.241005,12.3655
-0.933758,0.210607,12.3976
-0.587093,0.215255,12.3873
-0.448353,0.252684,12.3561
-0.332129,0.200624,12.3523
0.315586,0.207672,12.3841
0.435371,0.241384,12.3723
0.55802,0.267606,12.3461
0.894744,0.251708,12.3618
1.02903,0.230207,12.3529
-0.83446,0.285056,12.3296
-0.700829,0.299489,12.3597
-0.141785,0.31415,12.3423
-0.00857197,0.283591,12.3916
0.111861,0.313725,12.3959
0.234005,0.302065,12.379
0.352311,0.333319,12.3554
0.974444,0.345958,12.3344
1.20151,0.305223,12.375
-1.22896,0.35671,12.3949
-1.12949,0.406267,12.3347
-1.01189,0.36288,12.3721
-0.63432,0.401649,12.3877
-0.321707,0.429402,12.3745
-0.0400843,0.385914,12.3279
0.472186,0.357568,12.332
0.685694,0.391796,12.3765
0.861899,0.374251,12.3814
1.15209,0.422428,12.3543
-0.982361,0.487652,12.3821
-0.858512,0.44076,12.3974
-0.419475,0.498579,12.3393
-0.145053,0.452516,12.333
-0.0147005,0.505394,12.368
0.265196,0.432805,12.3594
0.47389,0.469484,12.3949
0.594281,0.48549,12.3475
0.778084,0.473002,12.3485
0.963378,0.471877,12.3537
-1.09743,0.532475,12.3447
-0.624123,0.525346,12.382
-0.323198,0.574149,12.3645
0.108784,0.538465,12.3508
0.317483,0.553824,12.3498
0.502035,0.572669,12.3302
0.873509,0.560316,12.3314
1.14804,0.563549,12.3842
-1.05236,0.648327,12.362
-0.83501,0.653466,12.3494
-0.72779,0.591998,12.3646
-0.428252,0.639957,12.3526
-0.214228,0.640813,12.3941
-0.0877389,0.622045,12.3657
0.092708,0.663419,12.3729
0.20634,0.613511,12.3697
-0.672199,0.697897,12.3999
-0.322003,0.703195,12.3382
0.289423,0.697756,12.3311
0.685491,0.672022,12.3795
0.866912,0.671591,12.3871
1.0421,0.677682,12.3702
-1.00186,0.765024,12.379
-0.784316,0.764782,12.3779
-0.673039,0.799875,12.3257
-0.468379,0.808394,12.3518
0.0609158,0.786375,12.354
0.178842,0.752068,12.3412
0.475388,0.811143,12.3581
0.585492,0.745223,12.3641
0.768425,0.766473,12.3595
0.947871,0.76202,12.3553
-0.172259,0.856958,12.3957
-0.05233,0.826857,12.3818
0.358407,0.868819,12.3682
0.663978,0.837666,12.3362
0.842962,0.867164,12.3316
-0.836575,0.907994,12.3549
-0.610468,0.903374,12.3678
-0.495318,0.927427,12.3256
-0.281138,0.90378,12.3642
-0.0925401,0.936988,12.345
0.026736,0.906605,12.3254
0.125576,0.956969,12.3936
0.244481,0.920131,12.3794
-0.764025,1.01063,12.3809
-0.641732,1.03072,12.3382
-0.428463,1.02103,12.3758
-0.307485,1.02348,12.3452
0.209783,1.03444,12.34
0.327375,0.995205,12.3259
0.42223,1.04384,12.396
0.700838,1.04599,12.3786
-0.573485,1.13332,12.3883
-0.0848033,1.07692,12.384
0.0827067,1.07841,12.3596
0.304431,1.09263,12.3996
0.588029,1.10001,12.3683
-0.447788,1.14159,12.3438
0.00515817,1.19055,12.3356
0.34693,1.20543,12.3746
0.474464,1.15209,12.368
-0.370477,1.22695,12.3935
-0.248347,1.22217,12.3679
-0.121184,1.21606,12.3486
0.0924133,1.27838,12.3994
0.228313,1.24532,12.3803
-0.25314,-1.34636,12.4534
-0.115184,-1.32232,12.4263
0.100506,-1.34231,12.442
0.220335,-1.30212,12.4248
-0.464245,-1.27668,12.4534
-0.34519,-1.26882,12.4155
0.454536,-1.28989,12.4564
-0.780778,-1.14369,12.4718
-0.570356,-1.20318,12.4298
-0.280294,-1.16868,12.4518
-0.162713,-1.1415,12.4127
-0.0657855,-1.20703,12.4577
0.0588635,-1.19982,12.4685
0.181155,-1.17786,12.4487
0.550046,-1.20756,12.437
0.662527,-1.15071,12.4231
-0.669813,-1.12748,12.4166
-0.490209,-1.11622,12.4699
-0.376189,-1.09426,12.4238
0.302502,-1.13426,12.4311
0.464489,-1.08921,12.4552
0.771776,-1.08702,12.4284
-0.869567,-1.05291,12.4598
-0.584885,-1.03815,12.4447
-0.305706,-0.99511,12.4621
-0.0916553,-1.02928,12.4626
0.266554,-1.01313,12.4649
0.585292,-1.03317,12.4565
0.873476,-1.01378,12.4444
-0.958415,-0.96462,12.4569
-0.679094,-0.953404,12.4247
-0.40039,-0.920328,12.4289
-0.191418,-0.968235,12.4176
0.329167,-0.925261,12.4026
0.694477,-0.971867,12.4563
0.980074,-0.931229,12.4458
-1.04401,-0.855172,12.4477
-0.883368,-0.866373,12.4747
-0.771993,-0.85979,12.4154
-0.604692,-0.858642,12.4574
-0.130307,-0.857826,12.4589
-0.0125611,-0.839491,12.4198
0.226656,-0.892467,12.468
0.445147,-0.879559,12.4
0.799289,-0.893575,12.4554
1.08494,-0.834598,12.4649
-1.13356,-0.763637,12.4605
-0.956587,-0.761911,12.4693
-0.690233,-0.767747,12.4478
-0.334361,-0.805356,12.456
-0.222253,-0.794459,12.401
0.287771,-0.780818,12.4535
0.421748,-0.76463,12.443
0.55391,-0.819722,12.4122
0.658234,-0.753224,12.4305
0.79963,-0.777928,12.403
0.901085,-0.819905,12.4703
-0.433494,-0.736168,12.4253
-0.162739,-0.699078,12.4571
-0.0386282,-0.713049,12.45
0.0811336,-0.732678,12.4187
0.213205,-0.667837,12.4708
0.343139,-0.668998,12.459
0.530757,-0.704361,12.4607
0.767288,-0.671554,12.4601
0.901062,-0.700553,12.4189
1.08713,-0.718444,12.412
-1.23236,-0.642929,12.4713
-1.12456,-0.649763,12.4082
-0.765186,-0.665904,12.4292
-0.537875,-0.645109,12.4063
-0.425936,-0.616347,12.4634
0.000769244,-0.597338,12.4225
0.545887,-0.59175,12.4021
0.999133,-0.624865,12.4382
1.1732,-0.630035,12.4324
-1.00263,-0.533053,12.4062
-0.660263,-0.566969,12.4268
-0.231156,-0.522365,12.4524
-0.113253,-0.56313,12.4635
0.653928,-0.534861,12.4342
1.24125,-0.527303,12.4719
-1.21802,-0.490939,12.4216
-1.10234,-0.445667,12.4414
-0.867385,-0.44757,12.4063
-0.710895,-0.455245,12.4018
-0.587359,-0.455838,12.4206
-0.0246062,-0.472265,12.4223
0.216808,-0.501431,12.4161
0.332614,-0.461466,12.4465
0.470069,-0.494394,12.4467
0.580098,-0.441956,12.4739
0.74283,-0.452175,12.4665
0.861588,-0.480681,12.4348
-0.980884,-0.417332,12.4536
-0.475354,-0.399718,12.4151
-0.354664,-0.381359,12.4466
-0.141701,-0.426,12.4285
0.0737548,-0.389556,12.4041
1.07015,-0.421717,12.4407
1.21211,-0.406527,12.4161
-1.26197,-0.338712,12.4161
-1.14598,-0.29812,12.4493
-0.93933,-0.308222,12.407
-0.612342,-0.333358,12.4126
-0.138791,-0.277048,12.4602
-0.0444147,-0.348802,12.4156
0.126053,-0.283231,12.4452
0.277503,-0.342088,12.4726
0.379967,-0.349135,12.401
0.592927,-0.297462,12.4206
0.743339,-0.333808,12.4165
1.06472,-0.29749,12.4184
1.27784,-0.305276,12.4478
-1.02773,-0.249496,12.4746
-0.791913,-0.254049,12.4229
-0.676322,-0.227945,12.4674
-0.253881,-0.21193,12.4503
0.00949957,-0.238295,12.4482
0.341749,-0.236899,12.4465
0.46266,-0.251446,12.4129
0.691189,-0.237836,12.4771
0.815332,-0.239308,12.4582
0.939083,-0.272346,12.4314
-1.27913,-0.192513,12.4024
-1.1691,-0.176356,12.4651
-0.960957,-0.16854,12.4065
-0.453537,-0.173458,12.4404
-0.343451,-0.12411,12.4736
-0.147964,-0.154429,12.4158
0.183315,-0.137268,12.4022
0.409206,-0.135282,12.478
0.907764,-0.152392,12.4165
1.03045,-0.176415,12.4012
1.16751,-0.126458,12.4487
1.34932,-0.195603,12.4498
-1.17513,-0.0503703,12.456
-1.05915,-0.104256,12.4581
-0.551338,-0.0586384,12.467
0.00322868,-0.107587,12.4526
0.285853,-0.116454,12.4704
0.51779,-0.102234,12.4253
0.685208,-0.0424284,12.4392
0.799962,-0.0908048,12.4291
1.36825,-0.0691783,12.4688
-1.05272,0.0326138,12.4738
-0.968274,-0.0370204,12.4029
-0.83972,-0.0298114,12.4345
-0.714209,-0.035047,12.4214
-0.305251,-0.00563478,12.4507
-0.0114762,0.00974726,12.4034
0.352657,0.0268229,12.4587
0.570803,0.00270054,12.4669
1.00922,0.0247415,12.4335
1.13147,-0.000589705,12.4204
-1.29115,0.0940247,12.4064
-1.17109,0.0734769,12.4369
-0.963443,0.0895009,12.4002
-0.84315,0.115142,12.4271
-0.714669,0.109895,12.4508
-0.590725,0.0945196,12.4263
-0.114538,0.0766693,12.4246
0.150429,0.069557,12.4691
0.260157,0.099002,12.4121
0.656776,0.0761744,12.4129
0.885737,0.0543715,12.4636
1.17725,0.101733,12.4745
1.29195,0.04374,12.4477
-1.04448,0.158339,12.4742
-0.475852,0.140841,12.408
0.0477873,0.118996,12.4162
0.589716,0.177711,12.4723
0.710506,0.185548,12.4412
0.833361,0.164346,12.4358
0.960508,0.142633,12.4107
-1.15504,0.200858,12.4352
-0.818465,0.236364,12.4692
-0.689471,0.234892,12.4664
-0.386917,0.208732,12.4653
-0.212224,0.197842,12.4028
-0.115152,0.259527,12.4513
0.977193,0.26187,12.4617
1.13315,0.2259,12.4442
1.26324,0.198361,12.4179
-1.3417,0.298519,12.4673
-1.11512,0.323877,12.433
-1.0035,0.278354,12.4754
-0.897789,0.325493,12.4295
-0.534847,0.328845,12.4163
-0.407279,0.350404,12.4218
-0.298319,0.290406,12.4325
0.514314,0.277393,12.463
0.641352,0.288964,12.4357
0.764146,0.296226,12.4061
1.07141,0.332805,12.4108
1.30267,0.331968,12.4493
-1.30378,0.428582,12.4679
-0.775707,0.356804,12.4421
-0.214915,0.38225,12.4189
-0.0936153,0.392208,12.4451
0.0301307,0.400315,12.4329
0.247548,0.384046,12.4724
0.425505,0.364907,12.4519
0.563048,0.383819,12.4129
0.774024,0.406921,12.464
0.959717,0.396638,12.455
-1.2022,0.481516,12.4035
-1.09048,0.447594,12.4484
-0.737116,0.473156,12.4016
-0.523643,0.454981,12.4116
-0.228644,0.506081,12.4091
0.147494,0.442393,12.4223
0.354468,0.467549,12.439
0.564082,0.490103,12.4774
0.682188,0.5009,12.4363
0.867043,0.489847,12.4344
1.06101,0.474215,12.4319
1.24877,0.447464,12.4379
-1.27287,0.556749,12.4761
-1.04447,0.568761,12.4638
-0.828773,0.556091,12.4338
-0.463199,0.560613,12.4423
-0.108778,0.521051,12.4482
0.128567,0.579532,12.4671
0.241443,0.521692,12.4462
0.414803,0.576385,12.4246
0.776661,0.585505,12.4113
0.966152,0.581704,12.4138
-1.15699,0.612506,12.4249
-0.939922,0.609634,12.4002
-0.567072,0.629636,12.4188
-0.322505,0.6627,12.4559
0.00506288,0.592006,12.4572
0.305182,0.639019,12.4409
0.595398,0.592679,12.4103
-1.10749,0.735079,12.4426
-0.893016,0.729607,12.4298
-0.780434,0.66813,12.4616
-0.478261,0.712462,12.4461
-0.13461,0.736195,12.402
-0.0143563,0.708465,12.4178
0.196103,0.696509,12.4625
0.384686,0.735139,12.4027
0.492839,0.67254,12.4039
0.770367,0.699502,12.4673
0.960822,0.69733,12.4675
1.14353,0.67898,12.4426
-0.577971,0.779721,12.4041
-0.376714,0.783001,12.4317
-0.253642,0.766083,12.4235
0.0850816,0.752729,12.4762
0.27309,0.790074,12.4141
0.477157,0.773769,12.4767
0.677553,0.780419,12.4456
0.859111,0.78422,12.4418
1.049,0.792712,12.423
-1.05202,0.876777,12.4704
-0.94747,0.874995,12.4023
-0.840685,0.839435,12.461
-0.728527,0.875501,12.4084
-0.506639,0.86763,12.4567
-0.399927,0.901314,12.4015
0.0419612,0.879313,12.4445
0.160142,0.841332,12.4291
0.568256,0.84751,12.4335
0.757505,0.873673,12.422
0.941737,0.882752,12.4042
-0.0756932,0.91898,12.4673
0.345504,0.962259,12.4497
0.456338,0.905165,12.438
0.649091,0.937992,12.4078
0.839591,0.971745,12.4061
-0.924782,0.981485,12.4646
-0.665065,0.981855,12.451
-0.545909,1.00136,12.4128
-0.324464,0.982713,12.4611
-0.201916,0.98587,12.4346
0.00869249,0.99487,12.4156
0.114443,1.05009,12.4761
0.232428,1.01318,12.4614
0.53593,0.992736,12.4019
0.624325,1.04236,12.4761
0.94246,0.992817,12.4739
-0.83791,1.07202,12.4614
-0.695438,1.11179,12.4216
-0.478448,1.09848,12.461
-0.358369,1.10907,12.4295
-0.2308,1.10369,12.4019
0.187446,1.13264,12.4134
0.510354,1.0943,12.4728
0.802544,1.0827,12.4513
-0.172451,1.19702,12.4636
-0.05049,1.17754,12.449
0.0731855,1.16492,12.4493
0.39474,1.14199,12.47
0.564471,1.20422,12.4365
0.676938,1.15028,12.4432
-0.490483,1.22593,12.4277
-0.032748,1.29111,12.4024
0.443821,1.25034,12.4382
-0.393498,1.31723,12.4772
-0.199291,1.3172,12.4465
0.193045,1.34566,12.4688
0.310214,1.30681,12.4513
-0.069373,-1.47784,12.5493
-0.482427,-1.403,12.5457
-0.161738,-1.39904,12.5199
-0.00895409,-1.38947,12.4799
0.166801,-1.42149,12.512
0.418184,-1.40469,12.5403
-0.56837,-1.3141,12.5125
-0.369251,-1.35849,12.4986
0.0400978,-1.29551,12.5467
0.316293,-1.35974,12.4802
0.537274,-1.35546,12.5278
-0.802478,-1.24221,12.5475
-0.682575,-1.22503,12.4922
-0.296301,-1.2608,12.5357
-0.182667,-1.23835,12.489
0.164295,-1.28546,12.5365
0.2771,-1.22865,12.5123
0.634318,-1.26685,12.508
-0.887293,-1.15051,12.5445
-0.510527,-1.20955,12.551
-0.393511,-1.18782,12.5069
0.393394,-1.18096,12.5042
0.750679,-1.19523,12.4982
-0.985438,-1.07112,12.5289
-0.607363,-1.13177,12.5262
-0.322495,-1.08943,12.545
-0.206645,-1.06215,12.4986
-0.10585,-1.12403,12.5427
0.0234649,-1.06285,12.4974
0.235409,-1.10883,12.538
0.353363,-1.06714,12.5379
0.568498,-1.12997,12.5365
0.684321,-1.07814,12.5289
0.858895,-1.11885,12.5122
1.00239,-1.08092,12.5448
-0.704758,-1.05329,12.512
-0.418996,-1.01634,12.5129
0.145982,-1.03861,12.4858
0.50375,-1.02133,12.5526
0.786521,-1.00742,12.5413
-1.06771,-0.965105,12.5249
-0.789203,-0.959143,12.4912
-0.626239,-0.959767,12.5376
-0.513344,-0.941594,12.4783
-0.355022,-0.916085,12.5541
-0.147971,-0.949065,12.542
-0.0204891,-0.933833,12.501
0.104513,-0.918175,12.4856
0.414498,-0.973703,12.4798
0.531162,-0.921434,12.4807
0.892743,-0.926924,12.5351
1.07974,-0.956238,12.5227
-1.11176,-0.847657,12.553
-0.980201,-0.855185,12.5559
-0.710249,-0.867893,12.5238
-0.442035,-0.836653,12.5132
-0.245923,-0.884125,12.4983
0.369585,-0.859613,12.5056
0.641742,-0.863063,12.4893
0.996957,-0.859172,12.5495
-1.24031,-0.762205,12.5349
-0.798197,-0.77962,12.5094
-0.53793,-0.759022,12.4921
-0.194559,-0.781515,12.5455
-0.0698392,-0.784215,12.549
0.0502809,-0.806453,12.5232
0.168892,-0.78301,12.4922
0.501998,-0.807907,12.5281
0.617338,-0.753077,12.5494
0.74591,-0.787794,12.5159
1.1795,-0.760118,12.5013
-1.14491,-0.681961,12.5539
-0.864865,-0.674378,12.5045
-0.625928,-0.670785,12.4918
-0.393942,-0.708743,12.5418
-0.285962,-0.692517,12.4798
0.0281272,-0.686901,12.5533
0.861087,-0.714043,12.5467
0.99335,-0.73562,12.4981
-1.02778,-0.628929,12.4869
-0.516619,-0.648793,12.548
-0.206675,-0.611913,12.5357
-0.0941,-0.661944,12.5549
0.102991,-0.605783,12.4937
0.45463,-0.612174,12.4977
0.648378,-0.645013,12.4951
0.865161,-0.598161,12.4873
1.09395,-0.659861,12.5252
1.25805,-0.657141,12.5205
-1.3224,-0.566636,12.5149
-1.14049,-0.556762,12.4973
-0.865463,-0.551149,12.4783
-0.748092,-0.575875,12.5157
-0.628584,-0.559786,12.5494
-0.522898,-0.541032,12.4852
-0.323805,-0.571068,12.5222
-0.00741666,-0.565108,12.543
0.178173,-0.516649,12.5389
0.285903,-0.565353,12.4976
0.388315,-0.512716,12.5468
0.563446,-0.556065,12.5224
0.747247,-0.566497,12.525
0.95907,-0.515398,12.5169
1.0862,-0.54237,12.48
1.34057,-0.542714,12.5449
-1.31374,-0.43589,12.4818
-1.02968,-0.506721,12.526
-0.915519,-0.46092,12.5508
-0.784594,-0.456143,12.5033
-0.655695,-0.440672,12.5239
-0.411409,-0.484194,12.4909
-0.300114,-0.445273,12.5395
-0.175277,-0.459054,12.5444
-0.0524441,-0.435235,12.5388
0.065386,-0.468004,12.5098
0.271845,-0.435282,12.555
1.15839,-0.451874,12.5307
1.41604,-0.441981,12.5557
-1.19838,-0.395078,12.5084
-1.07104,-0.360849,12.5337
-0.533135,-0.416864,12.5283
0.170061,-0.405799,12.4817
0.414568,-0.394689,12.5125
0.670107,-0.364911,12.5179
0.82502,-0.366917,12.5197
0.94635,-0.393974,12.4802
1.30863,-0.422157,12.4919
-1.36353,-0.316069,12.4914
-0.849201,-0.346337,12.4885
-0.723129,-0.344191,12.4802
-0.608496,-0.307154,12.5361
-0.489727,-0.282357,12.5057
-0.237527,-0.351025,12.4833
-0.0445241,-0.310528,12.5347
0.0776961,-0.346743,12.5432
0.527084,-0.338194,12.5192
1.01181,-0.309602,12.551
1.14536,-0.32738,12.5183
1.41017,-0.317761,12.5329
-1.45661,-0.259494,12.5543
-1.25502,-0.250913,12.5239
-0.889144,-0.225651,12.4972
-0.36739,-0.261569,12.487
0.220358,-0.219289,12.4969
0.426182,-0.266667,12.5343
0.542137,-0.215667,12.5029
1.08625,-0.216869,12.5141
1.22725,-0.227642,12.5472
-1.46269,-0.121404,12.5493
-1.37117,-0.186647,12.4894
-0.79674,-0.139092,12.5093
-0.564168,-0.181698,12.502
-0.0783926,-0.178132,12.5178
0.10435,-0.167378,12.494
0.733389,-0.12602,12.5292
0.968889,-0.178736,12.5304
-1.38108,-0.045019,12.4902
-1.27062,-0.112236,12.5134
-0.916242,-0.101937,12.5033
-0.667484,-0.107387,12.5126
-0.22488,-0.0978491,12.5034
-0.109415,-0.0549328,12.4807
0.170587,-0.0509417,12.4945
0.608971,-0.110509,12.5107
0.931811,-0.0596389,12.5244
1.04795,-0.0853543,12.4871
-1.27075,0.0153756,12.5072
-0.928962,0.0263428,12.5041
-0.763945,-0.0194172,12.5352
-0.642806,0.0174257,12.5097
-0.427609,-0.0333251,12.4941
-0.199612,0.0317315,12.5055
0.0563001,-0.000522014,12.5107
0.254134,0.0380075,12.5341
0.454643,-0.0236384,12.5092
0.81089,-0.0204323,12.5383
1.21202,-0.0329764,12.5193
-1.38676,0.0808212,12.4908
-0.828594,0.0867875,12.5484
-0.518125,0.0502692,12.518
-0.40149,0.0890638,12.4968
-0.0573921,0.0474209,12.5316
0.490967,0.0993318,12.4983
0.603083,0.0848525,12.5552
0.734941,0.082181,12.5234
0.982385,0.0509454,12.5544
-1.28891,0.169577,12.5115
-1.16998,0.140307,12.5455
-0.925486,0.156213,12.5116
-0.625173,0.147036,12.5365
-0.491168,0.172182,12.5278
-0.28618,0.135472,12.4836
-0.165115,0.15199,12.5108
-0.0378512,0.169618,12.4916
0.0649248,0.121701,12.5443
0.308568,0.149492,12.5155
0.919328,0.161941,12.5291
1.06009,0.141638,12.5153
1.37323,0.144108,12.504
-1.41201,0.209057,12.5222
-1.10071,0.24377,12.5459
-0.578682,0.261876,12.5176
-0.216305,0.267835,12.524
0.0758302,0.227795,12.4789
0.20973,0.245941,12.4902
0.419139,0.20141,12.4901
1.36487,0.266032,12.5454
-1.22095,0.286309,12.4984
-0.9026,0.283849,12.5499
-0.66301,0.352326,12.4986
-0.457974,0.294738,12.5218
-0.337144,0.284401,12.5521
-0.0172386,0.305564,12.5141
0.133974,0.349506,12.5147
0.328355,0.286847,12.4803
0.601785,0.288796,12.5553
0.726392,0.301121,12.5262
0.86085,0.308466,12.4884
1.06675,0.289481,12.5495
-1.19023,0.408709,12.5145
-0.980355,0.401596,12.4861
-0.866068,0.408089,12.5357
-0.537705,0.391288,12.5282
-0.313672,0.397963,12.4976
0.348372,0.399614,12.5457
0.518418,0.383061,12.5344
0.647263,0.396952,12.5065
0.867778,0.430174,12.5461
1.04981,0.416626,12.5486
1.17359,0.355554,12.4855
1.39444,0.387921,12.5329
-1.38028,0.492753,12.5454
-0.745604,0.442428,12.53
-0.62852,0.472477,12.495
-0.428072,0.451729,12.4922
-0.181143,0.446964,12.5202
-0.0232473,0.467986,12.5237
0.114266,0.469135,12.5431
0.445344,0.488218,12.5212
0.96087,0.508013,12.5163
1.15214,0.483768,12.5252
1.34509,0.509014,12.5335
-1.15461,0.531433,12.5203
-0.931192,0.516206,12.4927
-0.71585,0.562679,12.4859
-0.52231,0.514044,12.5456
-0.327931,0.532838,12.4821
-0.204696,0.569636,12.5146
0.341163,0.556128,12.53
0.773032,0.518128,12.521
1.07369,0.585549,12.4858
1.23323,0.565963,12.4795
-1.2271,0.665358,12.5171
-1.10409,0.650169,12.5382
-0.888032,0.633155,12.5143
-0.543579,0.637302,12.5446
-0.419176,0.635677,12.5318
-0.108438,0.644704,12.4872
0.224426,0.597482,12.5452
0.509321,0.598797,12.5021
0.685663,0.61155,12.4939
0.8661,0.600053,12.5024
-0.997966,0.685088,12.4821
-0.663222,0.669732,12.5224
-0.220378,0.693187,12.5196
-0.00374143,0.687696,12.5422
0.298229,0.73495,12.5245
0.406035,0.668451,12.5086
0.591397,0.696446,12.4783
0.865813,0.716148,12.5535
1.06536,0.704429,12.5347
1.24561,0.683659,12.5195
-1.15906,0.821551,12.5177
-0.953171,0.809211,12.508
-0.723503,0.776303,12.4863
-0.574173,0.75756,12.527
-0.330074,0.755909,12.5429
-0.161076,0.806878,12.5074
-0.036626,0.801007,12.5023
0.183232,0.792226,12.5418
0.5821,0.801883,12.5519
0.764866,0.806667,12.5425
0.958959,0.818856,12.5108
1.15047,0.7911,12.4959
-0.630815,0.860425,12.4835
-0.385561,0.865983,12.5252
-0.267753,0.874094,12.4849
0.254996,0.887902,12.4999
0.366638,0.832787,12.4875
0.669861,0.882791,12.5175
0.860943,0.896858,12.5025
-1.10353,0.960067,12.5524
-0.796498,0.958402,12.4887
-0.564212,0.956571,12.5269
-0.446519,0.976049,12.4902
-0.173634,0.932572,12.5431
0.0178138,0.955215,12.5418
0.137217,0.928384,12.5169
0.556489,0.945887,12.5191
1.04312,0.905045,12.4816
1.16127,0.905315,12.5508
-1.00578,1.04104,12.5384
0.442299,1.00017,12.5276
0.739125,0.981281,12.4813
0.846634,1.02765,12.5562
1.05859,1.01285,12.5471
-0.733377,1.05981,12.5286
-0.596294,1.07566,12.4999
-0.379551,1.06688,12.5438
-0.256444,1.07113,12.5191
-0.127229,1.06563,12.5014
-0.00150393,1.07486,12.5137
0.202515,1.10484,12.5464
0.324364,1.06049,12.5307
0.720698,1.09036,12.5447
-0.920237,1.14049,12.5457
-0.771881,1.17539,12.504
-0.640908,1.20853,12.4788
-0.536385,1.17831,12.544
-0.413241,1.18856,12.5184
-0.293725,1.20833,12.4894
0.279175,1.18957,12.4826
0.600384,1.15192,12.545
0.767697,1.20693,12.5182
0.886748,1.14578,12.5313
-0.0903697,1.27395,12.5178
0.0337705,1.25858,12.5206
0.162604,1.22928,12.509
0.375332,1.25397,12.5437
0.496337,1.22238,12.5465
-0.55299,1.29629,12.5105
0.0720412,1.37196,12.4856
0.468671,1.34709,12.5203
0.614798,1.30076,12.523
-0.461035,1.39726,12.5472
-0.287167,1.37684,12.5126
-0.167927,1.41846,12.5257
-0.0517337,1.38789,12.487
0.153477,1.44677,12.5442
0.350347,1.39722,12.5412
-0.147972,-1.55653,12.6113
0.0320541,-1.54402,12.5948
-0.510058,-1.49722,12.6223
-0.36637,-1.46378,12.5657
-0.241803,-1.48278,12.5684
0.162544,-1.5203,12.5876
0.290152,-1.45799,12.5576
0.420623,-1.50058,12.6203
0.543364,-1.45594,12.6331
-0.603708,-1.40099,12.5975
0.0482887,-1.4176,12.5903
-0.697913,-1.32721,12.5614
-0.301065,-1.35084,12.6237
-0.0641918,-1.35224,12.587
0.191511,-1.36865,12.6266
0.585534,-1.31078,12.6327
0.724841,-1.33362,12.5746
-0.957334,-1.23402,12.6132
-0.630868,-1.22676,12.6115
-0.418495,-1.28895,12.5916
-0.166205,-1.28262,12.6054
-0.0534653,-1.22792,12.597
0.385249,-1.28562,12.5732
0.504814,-1.24053,12.5635
0.839609,-1.25008,12.5661
-0.730993,-1.14783,12.5902
-0.345055,-1.19073,12.6289
-0.227637,-1.1617,12.5826
0.125013,-1.16649,12.5694
0.341382,-1.15835,12.6202
0.678317,-1.19371,12.6085
0.93939,-1.17985,12.59
1.06227,-1.16474,12.6206
-1.12363,-1.0656,12.6125
-0.644289,-1.06176,12.6301
-0.43414,-1.10688,12.6013
0.0211581,-1.11248,12.6133
0.464136,-1.12602,12.6068
0.790076,-1.11193,12.6199
-0.831357,-1.04657,12.5862
-0.531916,-1.03884,12.5615
-0.259041,-0.988278,12.5875
-0.0531651,-1.00994,12.5987
0.0781609,-0.990518,12.5841
1.00618,-0.985509,12.6271
1.14071,-1.05645,12.6078
-0.937545,-0.967432,12.6012
-0.731618,-0.971616,12.603
-0.444722,-0.9572,12.6343
0.209888,-0.967031,12.572
0.338228,-0.950589,12.5867
0.457254,-0.907704,12.588
0.61817,-0.966174,12.5623
-1.23586,-0.874592,12.5898
-0.822234,-0.882958,12.5869
-0.545272,-0.867431,12.5761
-0.221861,-0.875381,12.6254
0.00922121,-0.884129,12.6115
0.140979,-0.861836,12.5903
0.266241,-0.839389,12.5731
0.573333,-0.859854,12.6156
0.724605,-0.901529,12.5766
0.832201,-0.83528,12.5952
1.20914,-0.893954,12.5637
-1.33246,-0.795469,12.6229
-0.897311,-0.76638,12.5854
-0.635834,-0.775275,12.5675
-0.521924,-0.753917,12.6232
-0.31355,-0.799699,12.5786
0.392635,-0.75143,12.5638
1.08463,-0.77057,12.6012
1.26932,-0.763756,12.5884
-1.3427,-0.682793,12.5666
-1.03254,-0.733361,12.5664
-0.726939,-0.689873,12.5635
-0.286378,-0.679916,12.6041
0.150923,-0.688426,12.5767
0.272881,-0.714855,12.5684
0.511518,-0.697613,12.5861
0.731665,-0.676545,12.5833
1.37688,-0.682717,12.5924
-0.937353,-0.593262,12.5719
-0.828105,-0.653396,12.6281
-0.617635,-0.661703,12.6201
-0.415637,-0.59721,12.6024
0.362681,-0.629086,12.5832
0.61505,-0.636922,12.6196
0.836179,-0.610666,12.6126
0.961238,-0.639215,12.575
1.28232,-0.615313,12.6344
-1.17694,-0.577502,12.6212
-0.824113,-0.528837,12.6063
-0.505874,-0.510711,12.6073
-0.246641,-0.528235,12.6218
-0.114933,-0.549726,12.6055
0.0982424,-0.577329,12.6153
0.272982,-0.542348,12.6194
0.480488,-0.576941,12.6201
1.04675,-0.553024,12.6063
1.16837,-0.571813,12.5765
1.47633,-0.541755,12.6163
-1.40314,-0.47502,12.5613
-1.25014,-0.485841,12.5774
-1.12756,-0.461938,12.5898
-0.387973,-0.473316,12.6241
0.118746,-0.440627,12.6208
0.503705,-0.458627,12.5726
0.666584,-0.480129,12.5665
0.842465,-0.495279,12.5635
-1.49965,-0.368309,12.6104
-1.29866,-0.364386,12.5872
-1.01512,-0.422665,12.6267
-0.822676,-0.400752,12.6093
-0.419092,-0.371842,12.5577
0.596967,-0.390488,12.6204
0.764029,-0.415427,12.6314
0.923164,-0.421653,12.6241
1.03939,-0.429538,12.5761
1.24722,-0.363874,12.5836
-1.17022,-0.33246,12.621
-0.953446,-0.324478,12.5603
-0.704559,-0.344977,12.6061
-0.51877,-0.325494,12.6214
-0.307639,-0.316087,12.5826
-0.158239,-0.340114,12.5791
0.196098,-0.337831,12.5841
0.327144,-0.32637,12.5869
0.447359,-0.35115,12.6243
-1.33688,-0.251821,12.6258
-1.11291,-0.236638,12.565
-0.775358,-0.253546,12.5571
-0.664273,-0.208603,12.5898
-0.534748,-0.19708,12.6236
-0.417959,-0.254071,12.6036
-0.193272,-0.221918,12.5604
-0.0932908,-0.247535,12.6312
0.0211571,-0.217069,12.5877
0.145646,-0.222957,12.5976
0.517059,-0.244723,12.623
0.636072,-0.25906,12.5878
0.766442,-0.271391,12.5777
0.896009,-0.269755,12.5755
1.03866,-0.199389,12.6334
1.3185,-0.269506,12.6268
-1.55102,-0.187461,12.6083
-1.35384,-0.123554,12.6142
-1.21202,-0.18344,12.6271
-0.996386,-0.173278,12.5709
-0.87699,-0.164282,12.6068
-0.75682,-0.133377,12.6275
-0.438522,-0.137253,12.5641
-0.313896,-0.1914,12.5751
0.222536,-0.124366,12.5848
0.327804,-0.190797,12.5623
0.472018,-0.133114,12.5861
0.593583,-0.14721,12.6289
0.846095,-0.154863,12.5731
1.13713,-0.117706,12.5725
1.41789,-0.131007,12.6276
-1.23968,-0.0589041,12.6222
-1.12912,-0.107807,12.5622
-1.01169,-0.0442073,12.5665
-0.664319,-0.0480474,12.6229
-0.545098,-0.0759946,12.5956
-0.318247,-0.0569272,12.5757
-0.142871,-0.10587,12.5974
-0.0241739,-0.0772448,12.5718
0.0992642,-0.0885601,12.5926
0.345471,-0.0560973,12.5617
1.01827,-0.055255,12.6198
1.294,-0.117604,12.5611
-1.47723,0.0299241,12.5742
-1.35841,0.00254506,12.6054
-1.14758,0.0175002,12.5579
-0.887306,-0.0390633,12.6087
-0.431601,-0.0252697,12.6218
-0.215405,-0.00555221,12.6235
0.0290856,0.0200663,12.6313
0.149272,0.0304376,12.6007
0.551023,-0.0311523,12.5878
0.676495,-0.0248372,12.5772
1.10467,0.0237455,12.5667
1.34798,0.00565231,12.5943
-1.584,0.0552627,12.6336
-1.26615,0.0898084,12.6071
-1.05223,0.0975487,12.5835
-0.935461,0.0766929,12.6224
-0.712396,0.078008,12.594
-0.592332,0.0547957,12.6194
-0.472085,0.0927961,12.6263
-0.314934,0.0676386,12.5843
-0.156601,0.104996,12.6263
0.283994,0.107225,12.6335
0.386911,0.0625786,12.5747
0.498528,0.0819534,12.6283
0.839806,0.088235,12.5963
1.22101,0.0688665,12.6074
1.47047,0.0485488,12.5681
1.58201,0.0432523,12.6255
-1.54198,0.185794,12.6233
-1.39477,0.119667,12.6297
-0.869793,0.183438,12.6199
-0.754194,0.193292,12.5691
-0.383811,0.175518,12.5916
-0.256265,0.176803,12.5996
-0.0327707,0.128827,12.6235
0.186074,0.144232,12.5628
0.390463,0.181681,12.6121
0.678371,0.188369,12.566
1.16557,0.18504,12.5721
1.28973,0.172938,12.5967
1.47764,0.172674,12.5843
-1.30127,0.266031,12.5925
-0.992263,0.212637,12.6018
-0.0992022,0.227718,12.5853
0.0259514,0.238121,12.6102
0.149276,0.257735,12.6013
0.273708,0.233227,12.6011
0.512546,0.202295,12.593
0.804571,0.206827,12.5574
0.937312,0.235657,12.6343
-1.51756,0.323813,12.6067
-1.1864,0.311689,12.616
-0.783107,0.31874,12.563
-0.67022,0.281125,12.602
-0.553099,0.316585,12.631
-0.118639,0.351733,12.5707
0.236852,0.352227,12.5923
0.427477,0.300411,12.5655
0.833998,0.315654,12.6232
0.953323,0.339588,12.5662
1.25038,0.30422,12.5869
1.48586,0.299169,12.5858
-1.40629,0.358341,12.5572
-1.28865,0.389613,12.6037
-1.08122,0.369513,12.5605
-0.965717,0.374183,12.6098
-0.622993,0.421462,12.6143
-0.382671,0.392121,12.6071
-0.241192,0.363197,12.602
0.044957,0.370472,12.6013
0.622215,0.394232,12.6296
0.744272,0.406975,12.5897
1.14839,0.372311,12.6149
-1.48597,0.45258,12.6105
-1.15223,0.452717,12.6326
-1.04427,0.488712,12.5675
-0.935249,0.49387,12.6334
-0.282473,0.480478,12.5862
0.238379,0.473553,12.5618
0.535889,0.487294,12.6084
0.650409,0.50945,12.5644
1.25496,0.436172,12.5911
1.48574,0.43486,12.6038
-1.26194,0.515072,12.5947
-0.83049,0.528258,12.5651
-0.637061,0.560351,12.583
-0.399129,0.525929,12.5885
-0.0857921,0.562088,12.5782
0.0400481,0.564238,12.5737
0.441283,0.583274,12.6044
0.870404,0.537334,12.6133
1.04753,0.534011,12.6075
1.26907,0.564729,12.6192
-1.32636,0.628014,12.5833
-1.17401,0.602613,12.631
-0.988709,0.602372,12.5844
-0.759345,0.634157,12.5933
-0.304582,0.613083,12.5756
-0.190337,0.61867,12.6293
0.11771,0.663201,12.5593
0.335848,0.650505,12.6127
0.600065,0.621328,12.5872
0.772248,0.62799,12.5823
0.96647,0.625842,12.5719
1.15268,0.600703,12.5852
1.36707,0.629418,12.574
-0.940911,0.717961,12.5974
-0.118251,0.720909,12.586
0.219827,0.696337,12.6227
0.507281,0.703199,12.5733
0.679339,0.715777,12.5658
1.15875,0.729001,12.6135
-1.36503,0.807999,12.6341
-1.26601,0.77467,12.5655
-1.05524,0.762083,12.5636
-0.816975,0.751109,12.569
-0.672819,0.763568,12.6039
-0.453893,0.751856,12.5617
-0.226167,0.77942,12.6097
0.396492,0.771268,12.5941
0.676666,0.821828,12.6315
0.97256,0.749227,12.6114
1.25205,0.806006,12.5786
1.38505,0.747175,12.6246
-1.09233,0.86231,12.6283
-0.86007,0.88205,12.577
-0.733683,0.875418,12.5619
-0.617185,0.874847,12.6088
-0.496559,0.867481,12.5807
-0.0600929,0.873738,12.601
0.062758,0.840696,12.5658
0.163253,0.881488,12.6297
0.281385,0.825187,12.6103
0.464502,0.868952,12.5567
0.578964,0.900896,12.6328
0.873964,0.835325,12.616
1.06369,0.833875,12.5809
-1.22864,0.917711,12.5909
-0.980245,0.918628,12.5634
-0.77846,0.978663,12.6282
-0.418311,0.961129,12.6112
-0.297418,0.952856,12.5792
0.348452,0.929663,12.5741
0.773585,0.922851,12.5896
0.953747,0.933504,12.59
-1.19805,1.0448,12.6348
-0.884728,1.02695,12.585
-0.650547,1.00265,12.6043
-0.499276,1.05133,12.5765
-0.203659,1.02482,12.6219
-0.0835567,1.0009,12.5987
0.116782,1.02902,12.5979
0.232789,0.980722,12.581
0.537513,1.04323,12.6012
0.654475,0.988358,12.5853
1.20518,0.999878,12.6229
0.436328,1.11915,12.5849
1.00451,1.12647,12.5746
-0.696454,1.19372,12.6021
-0.447768,1.15292,12.6327
-0.315328,1.15902,12.6012
-0.180557,1.1507,12.5783
-0.0431228,1.17391,12.576
0.0820384,1.14628,12.5722
0.312926,1.15992,12.607
0.808788,1.16522,12.6287
-0.854895,1.25317,12.5846
-0.457369,1.28372,12.598
-0.333667,1.28454,12.5822
-0.206367,1.27692,12.5658
0.117923,1.28144,12.6137
0.256584,1.2842,12.5706
0.680435,1.23264,12.6036
0.93559,1.23821,12.613
-0.679756,1.3181,12.5632
0.552408,1.32387,12.6283
0.78373,1.30758,12.5925
-0.575218,1.38209,12.5996
-0.0842736,1.37414,12.607
0.056246,1.39272,12.6079
0.239892,1.39603,12.626
0.513107,1.43608,12.5963
0.634469,1.4224,12.6217
-0.454129,1.50995,12.6218
-0.345704,1.46654,12.5769
-0.229437,1.50639,12.5922
-0.077565,1.4937,12.5726
0.0792101,1.52013,12.6237
0.351471,1.50619,12.6037
0.226368,1.55243,12.6224
-0.139175,-1.7004,12.7047
-0.523504,-1.6131,12.6962
-0.0177066,-1.63919,12.669
0.158367,-1.68345,12.6894
0.424477,-1.62496,12.6991
-0.369972,-1.56558,12.6443
-0.245472,-1.5355,12.6903
0.272966,-1.55555,12.6491
-0.651065,-1.47795,12.7084
-0.0580137,-1.50711,12.6818
0.786265,-1.45185,12.7089
-0.821171,-1.44527,12.6866
-0.407811,-1.39715,12.6709
-0.162214,-1.40678,12.6457
0.110573,-1.43314,12.7036
0.314126,-1.44907,12.6989
0.662924,-1.42412,12.6424
0.857051,-1.37568,12.6403
-0.842376,-1.32822,12.6374
-0.718069,-1.35547,12.6842
-0.531775,-1.30199,12.6517
-0.1031,-1.31061,12.7106
0.0167785,-1.29639,12.6754
0.306265,-1.32887,12.6626
0.455808,-1.35756,12.6527
-1.07756,-1.22567,12.6719
-0.239496,-1.26133,12.7052
0.13388,-1.25769,12.6545
0.431385,-1.22604,12.6743
0.992204,-1.28508,12.6744
-0.835757,-1.20092,12.6601
-0.678183,-1.16006,12.7059
-0.537246,-1.15133,12.6619
-0.146253,-1.17947,12.676
0.227896,-1.17089,12.6728
0.560757,-1.20109,12.6931
1.19356,-1.15004,12.684
-0.969354,-1.10733,12.6506
-0.782878,-1.08967,12.6951
-0.261562,-1.12835,12.7079
-0.171936,-1.06331,12.6376
0.166603,-1.06737,12.6352
0.579471,-1.08453,12.6523
-0.892332,-1.0241,12.7036
-0.345114,-1.04232,12.6631
0.0558901,-1.03288,12.7027
0.291767,-1.05351,12.675
0.42661,-1.01135,12.6511
0.687767,-1.0148,12.6544
0.896074,-1.04932,12.6444
-1.41558,-0.959433,12.7012
-1.12109,-0.928048,12.6602
-0.567091,-0.965526,12.6567
-0.333454,-0.910934,12.6806
-0.152329,-0.953271,12.6922
0.0969544,-0.912637,12.6987
0.555508,-0.96368,12.685
0.805731,-0.963314,12.6639
1.28002,-0.970505,12.6417
1.38666,-0.975028,12.7058
-0.913196,-0.868762,12.6731
-0.657014,-0.874682,12.6404
-0.53023,-0.851745,12.7034
-0.42268,-0.829895,12.6448
-0.10284,-0.845788,12.6533
0.223009,-0.893024,12.6781
0.358978,-0.843897,12.656
0.668746,-0.893389,12.6975
0.937624,-0.882331,12.6591
1.12395,-0.859207,12.6808
1.36961,-0.838937,12.694
-1.02211,-0.808928,12.6664
-0.756862,-0.787516,12.6386
-0.628121,-0.763733,12.6919
-0.319388,-0.787941,12.7025
-0.203034,-0.758551,12.6674
0.0516474,-0.770918,12.6431
0.194046,-0.772176,12.6593
0.473275,-0.795291,12.6567
0.716894,-0.789751,12.6387
0.961031,-0.759307,12.64
-1.45514,-0.71399,12.6473
-1.25221,-0.699012,12.6652
-1.11117,-0.719688,12.6943
-0.954734,-0.683708,12.6602
-0.409062,-0.704846,12.667
-0.0844192,-0.722561,12.6651
0.103054,-0.671401,12.7034
0.315689,-0.726216,12.6846
0.429226,-0.676085,12.68
0.601288,-0.743614,12.6827
0.700033,-0.666948,12.7057
0.81992,-0.726867,12.6683
1.1695,-0.684023,12.6393
1.46843,-0.713132,12.6868
-0.719897,-0.589306,12.6381
-0.505747,-0.621005,12.6867
-0.325542,-0.597547,12.6889
-0.186356,-0.634697,12.6626
-0.0204658,-0.615315,12.6576
0.222357,-0.645685,12.6704
1.04713,-0.664142,12.6749
-1.50684,-0.552571,12.6538
-1.34816,-0.578195,12.6398
-1.05348,-0.573936,12.639
-0.939922,-0.515112,12.6704
-0.612094,-0.539569,12.676
0.178119,-0.53112,12.7001
0.374954,-0.563785,12.6899
0.592003,-0.5103,12.6622
0.726645,-0.548632,12.6549
0.929782,-0.544995,12.6675
1.18058,-0.565506,12.7003
1.56541,-0.56074,12.7129
-1.32292,-0.4617,12.6777
-1.20066,-0.43717,12.6937
-0.717259,-0.46282,12.6466
-0.115485,-0.432444,12.6513
-0.00347099,-0.489264,12.6429
0.357577,-0.437331,12.6463
0.475882,-0.47575,12.6972
1.14168,-0.432696,12.6721
1.26039,-0.478665,12.6372
-1.39224,-0.362767,12.7094
-0.920399,-0.380394,12.698
-0.598409,-0.420985,12.6353
-0.488643,-0.424931,12.698
-0.384053,-0.357983,12.6758
-0.244665,-0.4033,12.6472
-0.0109614,-0.364451,12.6424
0.231206,-0.417948,12.6748
1.3537,-0.396142,12.6743
1.5472,-0.416879,12.6372
-1.27296,-0.327393,12.708
-1.04761,-0.304725,12.6558
-0.862701,-0.285685,12.6394
-0.211623,-0.281597,12.6759
0.102808,-0.323064,12.6757
0.849449,-0.331031,12.674
1.01866,-0.349345,12.6721
1.13947,-0.297293,12.651
-1.62496,-0.258633,12.6957
-1.42791,-0.198353,12.6926
-0.959277,-0.222704,12.69
-0.740072,-0.247552,12.683
-0.612465,-0.271322,12.6869
-0.330719,-0.246552,12.693
0.256276,-0.245403,12.6505
0.393888,-0.24358,12.6565
0.83035,-0.210895,12.7102
1.45589,-0.274262,12.6436
1.59338,-0.23414,12.6457
-1.63905,-0.123945,12.668
-1.08119,-0.164749,12.6634
-0.62695,-0.146217,12.6916
-0.358898,-0.123339,12.6735
-0.236732,-0.152236,12.6652
-0.040426,-0.143844,12.6761
0.0824019,-0.166196,12.6895
0.331383,-0.122128,12.6699
0.713529,-0.182295,12.6478
0.922098,-0.127784,12.6824
1.21555,-0.169512,12.657
-1.50271,-0.0868748,12.6695
-0.976487,-0.0990108,12.6731
-0.477998,-0.10966,12.7106
0.137292,-0.0409243,12.7029
0.541188,-0.0639353,12.7104
0.668688,-0.0770182,12.7023
0.793204,-0.0749566,12.654
1.30075,-0.0909185,12.7068
1.58175,-0.081129,12.6387
-1.69366,0.00246257,12.6978
-1.09355,-0.0352936,12.6603
-0.777316,-0.00946185,12.66
-0.574971,-0.0310502,12.7084
-0.323202,0.0029353,12.6913
-0.0929235,-0.000889877,12.6437
0.254555,-0.015644,12.6502
0.421265,-0.0350374,12.6584
0.617333,0.0354315,12.67
0.904589,-0.00792984,12.6489
1.17878,-0.0372536,12.6611
-1.1519,0.0768328,12.6702
-0.791627,0.114346,12.6888
0.0969794,0.117235,12.674
0.387649,0.083066,12.7042
0.72291,0.107517,12.6574
0.94935,0.11203,12.6582
1.1175,0.0773388,12.6923
1.40309,0.0900053,12.6707
-1.2597,0.186872,12.6946
-1.10228,0.192373,12.6599
-0.684517,0.176095,12.6718
-0.563507,0.191134,12.6371
-0.341745,0.126387,12.6984
-0.105624,0.185753,12.7083
0.204908,0.179912,12.6971
0.603592,0.161228,12.6711
0.843335,0.173004,12.6916
1.05655,0.174803,12.6393
1.59263,0.172126,12.6455
-1.65074,0.250414,12.6979
-1.42702,0.241276,12.6514
-0.784176,0.252427,12.6774
-0.316112,0.259251,12.6757
-0.191623,0.263686,12.6616
0.452393,0.267227,12.693
0.704719,0.272408,12.661
1.35194,0.261509,12.6708
-1.06717,0.312046,12.6722
-0.918875,0.280294,12.6822
-0.435416,0.276253,12.6432
-0.0594434,0.300004,12.6805
0.235599,0.311471,12.7108
0.346733,0.332986,12.6553
0.5773,0.287699,12.6899
1.05057,0.296962,12.677
1.57049,0.287828,12.6839
-1.38975,0.37467,12.6873
-0.852135,0.384387,12.6581
-0.725529,0.370278,12.6696
-0.498289,0.429159,12.6401
-0.28749,0.424238,12.7016
-0.158168,0.380169,12.6921
0.147199,0.391376,12.6705
0.480509,0.382519,12.6535
0.837686,0.427893,12.6873
1.25226,0.373053,12.708
1.37587,0.390913,12.6701
1.57154,0.423941,12.694
-1.57958,0.456458,12.6923
-1.0388,0.434491,12.6903
-0.735559,0.497664,12.6413
-0.402583,0.478959,12.7053
-0.17049,0.492953,12.6399
-0.0575742,0.435126,12.64
0.0558746,0.477453,12.6706
0.264072,0.431839,12.684
0.369272,0.486179,12.6351
0.9556,0.44337,12.6417
1.17078,0.490372,12.6674
-1.44487,0.578014,12.6389
-1.0645,0.555585,12.6744
-0.624425,0.513166,12.6984
-0.515678,0.565917,12.66
-0.286694,0.555916,12.6862
-0.054111,0.544559,12.7005
0.142046,0.566188,12.6477
0.265747,0.552812,12.6544
0.74561,0.522668,12.6445
0.958801,0.552887,12.7044
1.51849,0.540379,12.6692
-0.874116,0.618827,12.6396
-0.708689,0.615869,12.707
-0.605575,0.664849,12.6508
-0.400666,0.626705,12.6622
-0.0918766,0.663398,12.693
0.0326854,0.639711,12.6725
0.531763,0.602406,12.6916
0.687936,0.643031,12.674
0.869659,0.652109,12.6645
1.05919,0.657537,12.6483
1.3683,0.603017,12.6955
1.47661,0.66203,12.6638
-1.28846,0.710313,12.6714
-1.15318,0.73065,12.6414
-1.03719,0.74123,12.6883
-0.2931,0.686979,12.6767
0.4367,0.685569,12.6781
0.595771,0.725829,12.6581
0.777283,0.734828,12.6474
1.27632,0.682612,12.6543
-0.861137,0.745934,12.6889
-0.761971,0.822341,12.6738
-0.541105,0.776543,12.6531
-0.401927,0.752554,12.675
-0.127187,0.799522,12.6829
-0.0152242,0.760044,12.6442
0.108985,0.74824,12.6507
0.495995,0.805319,12.6627
-1.24727,0.831905,12.6781
-0.947145,0.833875,12.6628
-0.473667,0.867698,12.7038
-0.329885,0.846948,12.6359
-0.20489,0.89439,12.658
0.379441,0.86499,12.6801
0.783377,0.849034,12.7011
1.16168,0.847316,12.6667
-0.875287,0.935913,12.6959
-0.68315,0.925831,12.7021
-0.543956,0.963924,12.6547
0.0518526,0.929459,12.6605
0.267763,0.923758,12.6882
0.46122,0.955586,12.646
0.688175,0.939521,12.7083
0.864648,0.962144,12.6771
1.09153,0.957565,12.6535
1.3009,0.904267,12.6459
-0.98978,0.987858,12.6748
-0.450164,1.04788,12.7059
-0.333457,1.04469,12.657
0.347251,1.03152,12.6496
0.758725,1.03003,12.6507
0.996167,1.04688,12.6719
1.30943,1.03133,12.6843
-1.0776,1.08551,12.6522
-0.721607,1.08213,12.6696
-0.593904,1.11265,12.6359
-0.235837,1.11704,12.7031
-0.112664,1.09531,12.677
0.00705887,1.06211,12.6594
0.225744,1.06308,12.6757
0.456696,1.11296,12.7077
0.639154,1.09526,12.6811
-0.967166,1.17232,12.6708
-0.844413,1.14207,12.6488
0.0645428,1.19142,12.6869
0.187673,1.18738,12.6577
0.551287,1.19143,12.6545
1.10103,1.21241,12.6623
-1.10796,1.23217,12.678
-0.574442,1.24847,12.6403
-0.40254,1.2755,12.7099
-0.263998,1.24325,12.6797
-0.12746,1.23262,12.6598
-0.00447109,1.28555,12.6414
0.422566,1.2231,12.6602
-0.894049,1.31194,12.6912
-0.770241,1.30525,12.6618
-0.65596,1.33837,12.7044
-0.190484,1.34985,12.6693
0.343694,1.33358,12.6586
0.68227,1.33236,12.697
0.88007,1.34493,12.6806
-0.320737,1.38201,12.665
-0.024358,1.41285,12.7103
0.456132,1.38032,12.692
0.769675,1.41649,12.6523
-0.618948,1.49346,12.6509
-0.184878,1.46852,12.7078
0.473482,1.51212,12.6896
-0.488842,1.6008,12.7048
-0.336434,1.54535,12.6819
-0.1459,1.58556,12.6438
0.360876,1.5858,12.7022
-0.0917395,1.67985,12.7116
-0.0115607,1.61029,12.6448
0.240838,1.67137,12.7037
-0.40052,-1.70938,12.7803
-0.031845,-1.75375,12.7616
0.491508,-1.71604,12.7656
-0.300239,-1.67078,12.7154
0.294355,-1.65394,12.7747
-0.612668,-1.56218,12.7872
0.662383,-1.54286,12.7383
-0.415497,-1.48826,12.7604
0.215235,-1.49978,12.7643
0.525332,-1.48939,12.7505
0.956368,-1.46176,12.7636
-0.518377,-1.4137,12.7213
-0.304598,-1.43345,12.7337
0.00250597,-1.40392,12.7769
-0.964819,-1.34608,12.7771
-0.616729,-1.35149,12.7652
-0.353716,-1.2977,12.74
0.0879894,-1.29642,12.7782
0.41466,-1.29768,12.7766
0.675264,-1.31597,12.7344
-0.819858,-1.29179,12.7605
-0.579034,-1.22952,12.752
0.266357,-1.25073,12.7603
0.852787,-1.2823,12.723
-1.22168,-1.14528,12.7683
-1.03257,-1.14204,12.7718
-0.890893,-1.19389,12.776
-0.389439,-1.1726,12.7497
-0.0311765,-1.18384,12.7279
0.104621,-1.14979,12.7133
0.771716,-1.17657,12.7284
0.904217,-1.14178,12.7318
0.375168,-1.09934,12.7598
0.679245,-1.09066,12.7535
1.05342,-1.1057,12.7303
-1.28439,-1.0243,12.7569
-1.12172,-1.05689,12.743
-0.490698,-1.04497,12.715
-0.386919,-1.04938,12.7867
-0.0729457,-1.05768,12.7172
0.188675,-0.99199,12.7482
0.493821,-1.04971,12.7493
-0.687335,-0.970921,12.7193
-0.563715,-0.974274,12.7878
-0.432997,-0.936889,12.7584
-0.279637,-0.962711,12.7889
-0.0294722,-0.939987,12.7154
0.338814,-0.945316,12.7271
0.925608,-0.967599,12.7721
1.04813,-0.968349,12.7441
1.20772,-0.955781,12.7448
-1.51503,-0.824141,12.7586
-1.27396,-0.867688,12.7192
-1.04468,-0.878248,12.7783
-0.796457,-0.896812,12.7204
-0.639181,-0.860067,12.7711
-0.217957,-0.85756,12.7537
0.285271,-0.823619,12.7606
0.571094,-0.844116,12.7601
0.789365,-0.842867,12.7542
-1.38081,-0.807106,12.7589
-1.15,-0.813267,12.7815
-0.759066,-0.787553,12.7806
-0.411005,-0.818049,12.7829
-0.135804,-0.763369,12.7724
-0.0256458,-0.816924,12.747
0.0988335,-0.786267,12.7578
0.902044,-0.781063,12.7508
1.25102,-0.756912,12.7564
-1.56771,-0.686228,12.7705
-1.37681,-0.671258,12.737
-1.18404,-0.694733,12.7896
-0.958064,-0.742445,12.7839
-0.84911,-0.732129,12.7216
-0.727431,-0.688306,12.7134
-0.509541,-0.731493,12.7457
-0.264936,-0.682513,12.7601
-0.00672584,-0.688714,12.7618
0.206675,-0.726442,12.775
0.38837,-0.732995,12.7873
1.12783,-0.740232,12.7446
1.61282,-0.709179,12.7578
-1.00922,-0.606567,12.7529
-0.881477,-0.606627,12.7326
-0.613306,-0.650857,12.747
0.548213,-0.625583,12.7393
0.810495,-0.609545,12.7633
0.918136,-0.66086,12.7144
1.27338,-0.612358,12.7816
1.39193,-0.624938,12.7406
-1.47477,-0.536993,12.7871
-1.24588,-0.584313,12.7419
-1.11684,-0.535619,12.7391
-0.765355,-0.567635,12.7609
-0.430665,-0.531526,12.731
-0.225898,-0.556493,12.7493
-0.0914412,-0.52888,12.7278
0.0594727,-0.558562,12.7345
0.655217,-0.569153,12.7746
1.08445,-0.57777,12.7771
-1.70124,-0.446293,12.7626
-1.03375,-0.439703,12.7527
-0.832791,-0.472907,12.718
-0.663664,-0.495443,12.7796
-0.314008,-0.472761,12.7246
-0.00477769,-0.444395,12.7606
0.286967,-0.504305,12.758
0.571079,-0.457821,12.7812
0.686652,-0.455892,12.7339
0.844363,-0.478208,12.7376
1.0289,-0.478282,12.716
1.3018,-0.467747,12.7618
1.4207,-0.500098,12.7345
-1.53258,-0.431349,12.7333
-0.769407,-0.365211,12.7174
-0.648649,-0.374501,12.7469
-0.184111,-0.423928,12.7567
0.128482,-0.426383,12.746
0.388659,-0.427275,12.7796
0.92758,-0.388433,12.7664
1.56214,-0.402739,12.7699
-1.49273,-0.295014,12.756
-1.14295,-0.274548,12.7319
-0.993048,-0.308428,12.7763
-0.531313,-0.326066,12.7655
-0.283746,-0.347208,12.7547
-0.106139,-0.331313,12.7238
0.207179,-0.315181,12.7436
0.328037,-0.333149,12.7172
0.460609,-0.317121,12.7445
0.592183,-0.334036,12.7681
0.714699,-0.328256,12.715
1.10661,-0.291271,12.7818
1.24629,-0.34472,12.7499
1.45159,-0.349279,12.7516
-0.844276,-0.210149,12.739
-0.668155,-0.220258,12.791
-0.451826,-0.240037,12.7229
-0.239762,-0.208914,12.7766
-0.118521,-0.209107,12.7475
-0.00364827,-0.258737,12.7165
0.131576,-0.225792,12.7876
0.343873,-0.206533,12.7662
0.552862,-0.211947,12.7542
0.687696,-0.206312,12.7718
0.958995,-0.258143,12.7355
1.27416,-0.215646,12.761
1.58064,-0.274375,12.7705
-1.29994,-0.175041,12.7192
-1.06033,-0.1815,12.7871
-0.743914,-0.128152,12.7543
-0.549142,-0.184952,12.7821
0.204634,-0.1513,12.7154
0.442217,-0.138713,12.728
1.1078,-0.170901,12.7354
1.39326,-0.192306,12.7372
1.69433,-0.157385,12.7187
-1.37151,-0.0760312,12.7492
-1.17181,-0.110425,12.7375
-1.04517,-0.0584564,12.7784
-0.857591,-0.0859533,12.7214
-0.378776,-0.0586325,12.7849
-0.254148,-0.0726965,12.7636
-0.1333,-0.0817914,12.7315
0.0151908,-0.0484988,12.7384
0.775714,-0.0859773,12.7854
0.898847,-0.044278,12.7852
1.45331,-0.0899477,12.7818
-1.26276,0.0236454,12.7134
-0.883191,0.0357404,12.7308
-0.76249,7.0132e-05,12.7862
-0.462613,0.0209181,12.7339
-0.169474,0.0385759,12.7338
0.309026,-0.0128361,12.7616
0.807115,0.034612,12.7148
1.00888,0.00927802,12.7327
1.21549,0.0285221,12.7699
1.65579,0.0209614,12.7347
-1.59765,0.104903,12.762
-1.36038,0.0558753,12.7825
-1.01269,0.0522445,12.717
-0.67686,0.0553315,12.7133
-0.561244,0.109492,12.7314
-0.281044,0.0667302,12.7897
-0.0323522,0.0676485,12.7324
0.202595,0.0597884,12.7373
0.699153,0.071152,12.7789
0.911864,0.0862368,12.7834
-1.47299,0.147059,12.722
-1.09512,0.126486,12.7731
-0.985505,0.177619,12.7231
-0.866381,0.193329,12.757
-0.458376,0.178585,12.7175
-0.229472,0.171285,12.7384
0.0147626,0.184361,12.7409
0.490542,0.1519,12.7323
1.27159,0.142375,12.7536
-1.42896,0.265292,12.7849
-1.15845,0.269053,12.7469
0.114554,0.259509,12.7288
0.32384,0.215203,12.7146
0.730481,0.198206,12.7646
0.962763,0.210638,12.7611
1.18399,0.247334,12.7254
1.44173,0.21376,12.7635
1.5941,0.206248,12.7773
1.70768,0.197721,12.7134
-0.816857,0.339481,12.7688
-0.645376,0.283625,12.7251
-0.520547,0.282882,12.7579
-0.273821,0.320229,12.7762
-0.150707,0.287615,12.7793
0.815737,0.288911,12.7527
0.931951,0.328615,12.722
-1.23973,0.370889,12.7178
-0.930754,0.428525,12.7547
-0.589424,0.39516,12.7337
-0.480331,0.425827,12.7884
-0.389891,0.355437,12.7272
-0.0690611,0.406919,12.7742
0.0396882,0.360405,12.7272
0.379735,0.411661,12.7479
0.589168,0.419398,12.7485
0.715302,0.379381,12.7284
1.08012,0.40332,12.7443
-1.47605,0.489688,12.7553
-1.29741,0.485621,12.7182
-1.1632,0.483051,12.7646
-0.837501,0.505,12.7136
-0.729134,0.454389,12.7686
0.150503,0.487671,12.7511
0.467277,0.498869,12.72
0.73926,0.492356,12.7868
0.953858,0.454846,12.7815
1.2584,0.500734,12.7567
1.39127,0.479171,12.7594
-1.71223,0.557581,12.7795
-1.02799,0.511997,12.7908
-0.450471,0.575937,12.771
-0.172056,0.566564,12.7412
0.0488065,0.557296,12.791
0.270051,0.51421,12.7825
0.368666,0.586623,12.7188
0.635615,0.534516,12.7162
0.835472,0.550871,12.7326
1.07573,0.552379,12.7477
-1.23326,0.638488,12.7558
-1.07437,0.644426,12.7646
-0.956723,0.595065,12.7302
-0.83064,0.628349,12.761
-0.588295,0.608731,12.773
0.132897,0.642726,12.7504
0.256297,0.649094,12.7348
0.626053,0.648917,12.7816
0.781155,0.662616,12.7609
0.9464,0.657782,12.7708
1.19189,0.635429,12.7455
-0.760212,0.732103,12.7619
-0.497579,0.681806,12.7216
-0.379224,0.685251,12.7785
-0.193594,0.688294,12.7656
0.0316664,0.720429,12.7684
0.515876,0.731076,12.7626
-1.48784,0.815215,12.7182
-1.26198,0.764898,12.7844
-1.1384,0.809395,12.7412
-0.642769,0.809081,12.7189
-0.540652,0.778697,12.789
-0.244953,0.797525,12.7287
-0.0880569,0.749362,12.7909
0.206335,0.763197,12.7275
0.330923,0.755216,12.7147
0.689275,0.756141,12.7434
0.868475,0.75817,12.7569
1.03437,0.765191,12.723
1.2901,0.781682,12.7478
1.52655,0.813749,12.7495
-1.38608,0.880252,12.7655
-1.02917,0.876301,12.7478
-0.895818,0.847784,12.7869
-0.161112,0.885014,12.7745
-0.0229613,0.85387,12.7259
0.101723,0.838071,12.7376
0.467501,0.866148,12.7705
0.586126,0.831109,12.7455
0.977711,0.900731,12.7276
1.40515,0.846924,12.7348
-1.11238,0.9783,12.7186
-0.574994,0.905654,12.766
-0.371764,0.938991,12.7257
-0.0842174,0.966071,12.7184
0.151692,0.962087,12.7291
0.396248,0.969265,12.7528
1.22502,0.961203,12.7416
-0.900831,1.05761,12.7259
-0.774267,0.991132,12.7566
-0.608344,1.03771,12.7346
-0.350921,1.04805,12.7819
-0.248932,0.984829,12.7323
0.0119909,1.01832,12.7817
0.272542,1.00993,12.7781
0.563914,0.999979,12.7154
0.766847,1.04253,12.7746
1.09051,1.05221,12.7638
1.44542,1.03839,12.766
-1.4379,1.13412,12.7811
-1.30421,1.08377,12.7749
-0.999618,1.1055,12.7884
-0.786589,1.12487,12.7691
0.11235,1.08086,12.7285
0.877235,1.08113,12.7134
-1.17022,1.17974,12.7823
-0.628215,1.20392,12.7448
-0.490146,1.1846,12.7604
-0.353896,1.16154,12.7196
-0.166165,1.20043,12.7739
-0.0417688,1.16326,12.7554
0.320587,1.14201,12.7292
0.717428,1.18625,12.714
0.995261,1.18382,12.7406
1.17281,1.20218,12.7858
-0.98662,1.2656,12.7616
0.271448,1.25659,12.7428
0.506656,1.27387,12.7431
0.631102,1.24632,12.7818
0.782941,1.28835,12.7587
-0.514261,1.34347,12.7229
-0.200737,1.33126,12.791
-0.0773335,1.30432,12.7501
0.0520149,1.3118,12.7524
0.169603,1.35604,12.7364
0.393219,1.33075,12.7902
1.1498,1.35344,12.7579
-0.753141,1.41619,12.7152
-0.416095,1.44234,12.7333
0.571413,1.40101,12.7359
0.987834,1.42224,12.7539
0.154802,1.49331,12.7316
0.313934,1.45542,12.7132
0.770861,1.46401,12.7709
-0.606033,1.58205,12.7493
-0.0764085,1.55982,12.7626
0.0483712,1.58217,12.7604
0.663631,1.54147,12.7372
-0.747529,1.62697,12.756
-0.380558,1.64373,12.7659
0.48856,1.6354,12.7463
-0.258058,1.71914,12.7564
0.0788768,1.72738,12.7372
0.372056,1.7068,12.7364
-0.362176,1.78789,12.7797
-0.598402,-1.78056,12.8324
0.0635202,-1.81938,12.8188
-0.920819,-1.73226,12.848
-0.727602,-1.62192,12.8399
0.0764817,-1.65599,12.8178
-0.156332,-1.60756,12.8123
1.01411,-1.56766,12.8419
-1.01374,-1.45146,12.8109
0.394904,-1.52654,12.831
0.611806,-1.47184,12.8594
-0.790008,-1.39014,12.8584
-0.441277,-1.37871,12.8318
-0.136158,-1.43804,12.8139
0.154473,-1.40837,12.8248
0.462317,-1.40424,12.8301
-0.234912,-1.3613,12.8069
0.813341,-1.34945,12.8541
0.0170522,-1.21926,12.8579
1.10101,-1.24104,12.8272
-0.289677,-1.21039,12.8175
0.134983,-1.16727,12.8577
0.529214,-1.21272,12.8182
0.955515,-1.1934,12.837
-0.784736,-1.1104,12.8304
-0.626117,-1.08639,12.809
-0.246616,-1.08845,12.8512
-0.060381,-1.10262,12.8474
0.247465,-1.10045,12.8129
0.565801,-1.09815,12.8442
0.0128122,-0.995293,12.8493
0.764011,-1.0089,12.8118
1.13509,-1.0399,12.8082
1.2737,-1.04735,12.8214
-1.73102,-0.979696,12.8594
-0.874091,-0.96368,12.817
-0.107762,-0.972137,12.8097
0.265662,-0.91901,12.8397
0.623333,-0.972792,12.7916
1.10697,-0.912105,12.8416
-0.872069,-0.831431,12.8571
-0.0097123,-0.87148,12.858
0.139346,-0.900891,12.8241
0.403398,-0.860483,12.799
-0.627001,-0.749927,12.8279
-0.500838,-0.778135,12.8625
-0.310942,-0.769056,12.8578
0.680631,-0.782075,12.7995
0.806965,-0.779973,12.8595
1.00239,-0.814953,12.8331
1.41659,-0.798805,12.8271
-1.45142,-0.673478,12.8459
-0.794415,-0.672997,12.8249
0.513826,-0.737516,12.7919
0.74471,-0.667445,12.8658
0.89525,-0.673239,12.8473
1.01059,-0.683996,12.7995
-0.480693,-0.655035,12.8454
-0.370018,-0.615711,12.8024
-0.115293,-0.632515,12.7972
0.0968463,-0.643043,12.8269
0.217954,-0.603529,12.7932
0.344261,-0.609858,12.8021
0.444966,-0.651895,12.8622
-1.77461,-0.576811,12.8079
-0.86139,-0.528304,12.8531
-0.474242,-0.525965,12.85
-0.129031,-0.514145,12.8492
0.481809,-0.542191,12.8079
0.933424,-0.554252,12.7954
1.635,-0.570215,12.8138
-1.54991,-0.460245,12.8594
-1.33344,-0.482592,12.8028
-0.556125,-0.439896,12.8093
-0.36212,-0.461381,12.8417
0.0659573,-0.489943,12.8535
0.198382,-0.487656,12.8483
0.733958,-0.490257,12.8452
1.18505,-0.450054,12.8109
-1.18724,-0.369457,12.8039
-0.925243,-0.425172,12.8333
-0.798782,-0.421538,12.8266
-0.239201,-0.43135,12.869
-0.0919184,-0.395197,12.842
0.269675,-0.386546,12.8252
0.787468,-0.37671,12.8066
-1.77887,-0.336615,12.8671
-1.30421,-0.335048,12.8484
-0.866083,-0.321008,12.7937
-0.723299,-0.322897,12.8342
-0.404059,-0.346224,12.7983
-0.169614,-0.30041,12.8296
0.0577876,-0.336047,12.7944
0.407863,-0.318548,12.8563
0.894017,-0.292353,12.8439
1.36309,-0.290333,12.826
1.88125,-0.286382,12.8217
-1.69743,-0.264639,12.8036
-1.56901,-0.234892,12.8372
-1.35524,-0.216124,12.8446
-0.933296,-0.243723,12.8676
-0.043418,-0.272307,12.8372
0.26506,-0.260207,12.8475
0.461026,-0.196154,12.8444
-1.47049,-0.134967,12.8003
-1.22423,-0.152183,12.8647
-0.940606,-0.134679,12.8064
-0.363413,-0.183557,12.7999
-0.150802,-0.177622,12.8666
-0.0127904,-0.152067,12.8107
0.260924,-0.120363,12.8239
0.877958,-0.152194,12.8431
0.996883,-0.120002,12.8025
1.13713,-0.16405,12.858
-1.6406,-0.0914534,12.7928
-0.824395,-0.0936255,12.8439
-0.639517,-0.0943746,12.8171
-0.519188,-0.0534432,12.8236
0.119564,-0.0988048,12.8122
0.384567,-0.0892808,12.8359
0.51319,-0.0775008,12.8407
0.653735,-0.0585264,12.8259
1.10436,-0.0502137,12.7924
1.31097,-0.070869,12.8443
1.56602,-0.0622237,12.8347
-1.75257,0.00151539,12.8047
-1.15653,0.0136869,12.7966
-0.95597,0.0243791,12.8327
-0.608536,0.0374224,12.8283
-0.147628,-0.0182753,12.8431
-0.0265158,5.3184e-05,12.8683
0.231891,0.0190661,12.8536
0.445158,0.0224047,12.8033
0.825861,0.0292346,12.8573
1.36795,0.0365971,12.795
1.49208,0.0346613,12.7962
1.92459,-0.0304459,12.8471
-1.23898,0.104472,12.8214
-0.839253,0.0976225,12.8522
-0.402965,0.105162,12.8078
0.0775824,0.0522126,12.7934
0.57563,0.0440917,12.8135
-0.993178,0.151518,12.8472
-0.75019,0.165733,12.7943
-0.512986,0.16274,12.8348
-0.110734,0.123433,12.8184
0.15716,0.143887,12.8217
0.284455,0.131284,12.7996
0.402077,0.174809,12.8303
0.581039,0.194775,12.818
0.844195,0.18062,12.8287
1.06121,0.12493,12.8257
1.71642,0.118096,12.8381
1.89028,0.12236,12.8127
-1.55344,0.201299,12.8629
-1.25697,0.225477,12.8132
-1.06649,0.251136,12.8311
-0.631856,0.199148,12.8229
-0.392472,0.229973,12.8155
0.229653,0.259861,12.8244
1.0721,0.255257,12.8039
1.22483,0.199544,12.8597
-0.96557,0.315307,12.7997
-0.760856,0.275261,12.8587
-0.0293803,0.278231,12.8112
0.371536,0.295781,12.8149
0.507117,0.306148,12.8045
0.631461,0.32442,12.8286
0.919401,0.290533,12.8461
1.30717,0.29627,12.8015
-1.33963,0.393488,12.8087
-1.20429,0.388571,12.841
-1.07059,0.394245,12.8171
-0.67437,0.378635,12.8545
-0.390668,0.356662,12.8513
0.140335,0.355338,12.8131
0.265607,0.390835,12.8146
0.525391,0.414521,12.8685
0.829814,0.399639,12.8119
1.42458,0.367796,12.8078
1.66144,0.35571,12.7916
-1.61504,0.475982,12.8072
-0.62349,0.499142,12.8261
-0.321881,0.455475,12.8174
-0.186909,0.452593,12.7919
0.039551,0.438036,12.8255
1.105,0.481333,12.8573
-1.26551,0.538644,12.8307
-0.898014,0.52658,12.8211
-0.73679,0.565253,12.8263
-0.312375,0.581987,12.8061
-0.0803982,0.511656,12.841
0.184172,0.565019,12.8599
0.397755,0.511158,12.8368
0.561939,0.544682,12.818
0.695231,0.582584,12.8681
0.81534,0.573029,12.8674
0.978396,0.56109,12.8549
-1.35443,0.655634,12.8653
-0.992021,0.644682,12.862
-0.0521646,0.629824,12.8063
0.315281,0.613404,12.8446
0.45436,0.626229,12.8076
1.3078,0.608697,12.8236
1.69595,0.646766,12.8126
-0.89281,0.723673,12.8121
-0.654739,0.713631,12.8287
-0.496313,0.670289,12.8527
0.149597,0.743885,12.8367
0.282683,0.738922,12.8686
0.405318,0.740534,12.8186
-0.356051,0.819709,12.7914
-0.243781,0.802451,12.8498
0.635227,0.800522,12.8655
0.779953,0.804747,12.8342
1.07747,0.815085,12.8346
-0.752744,0.863332,12.7976
-0.451578,0.873453,12.8573
0.208874,0.877877,12.8056
0.333358,0.862942,12.7949
1.48912,0.894259,12.8621
-1.27941,0.946987,12.8117
-1.01162,0.903996,12.8688
-0.301542,0.946809,12.8394
-0.0625624,0.940182,12.8474
0.0706934,0.925273,12.8411
0.573824,0.913365,12.836
0.805468,0.923238,12.8032
-1.18778,1.05414,12.8182
-0.866347,1.02444,12.8443
-0.511103,1.02267,12.8128
-0.153217,1.04129,12.797
0.15398,1.03666,12.8476
0.637225,1.0282,12.8573
0.92809,1.01641,12.8083
-0.67439,1.11162,12.8327
-0.0574986,1.0775,12.8671
0.394306,1.0678,12.832
0.548388,1.10961,12.7919
1.54611,1.09463,12.8357
-0.891103,1.14901,12.8314
-0.303826,1.2105,12.8261
0.0374631,1.1586,12.8599
0.182114,1.17223,12.8227
0.410492,1.20875,12.8065
0.793074,1.16544,12.8155
-0.728773,1.22704,12.8358
-0.529663,1.25296,12.8592
1.37775,1.25191,12.8571
-1.37146,1.33263,12.8339
-1.17552,1.35082,12.7971
-0.840757,1.29655,12.8063
-0.00151842,1.30922,12.8649
-0.932485,1.39227,12.8248
-0.304793,1.4137,12.8003
-0.11235,1.42338,12.8119
-0.818149,1.46074,12.8541
-0.572104,1.45828,12.8358
0.055458,1.45648,12.8038
0.400302,1.45936,12.8197
-0.193607,1.59379,12.8523
0.732921,1.56794,12.842
0.187527,-2.12595,12.9441
-1.11119,-1.87964,12.9468
-0.428871,-1.87723,12.8836
-0.262645,-1.73483,12.9201
-0.10379,-1.70897,12.8875
0.570644,-1.75323,12.9162
-0.485889,-1.66303,12.9022
0.648617,-1.62927,12.9448
-0.879793,-1.56369,12.9342
0.272814,-1.5735,12.8751
0.752591,-1.54077,12.935
-0.37506,-1.46715,12.9377
0.055896,-1.49431,12.9346
1.03485,-1.45885,12.8895
0.356371,-1.43689,12.9242
-1.38174,-1.30102,12.9299
-0.330162,-1.32429,12.919
-0.0541359,-1.34937,12.9341
0.256721,-1.34395,12.8979
-0.853179,-1.27653,12.8882
-0.184777,-1.26539,12.8716
0.309343,-1.21925,12.8979
0.664747,-1.25674,12.8726
-1.25914,-1.18243,12.9062
-0.937092,-1.15394,12.8894
1.47931,-1.19266,12.935
-0.419645,-1.12198,12.9031
0.149016,-1.0651,12.9443
0.342788,-1.10066,12.9186
1.37713,-1.09153,12.936
-0.536017,-1.04516,12.8917
0.434013,-0.997102,12.87
1.04704,-1.03597,12.9444
-1.27263,-0.936264,12.9217
-1.00104,-0.966831,12.8874
0.558382,-0.911769,12.8898
0.812533,-0.918517,12.8941
-0.758807,-0.880253,12.8799
-0.577296,-0.880928,12.8822
-0.404809,-0.877608,12.893
-0.131039,-0.876927,12.8962
0.695092,-0.889506,12.9025
-0.801755,-0.75344,12.925
0.0838227,-0.765789,12.8921
0.222079,-0.80315,12.8764
0.572385,-0.786535,12.8907
-1.01145,-0.729326,12.8963
-0.135662,-0.715958,12.8926
0.367502,-0.744905,12.936
1.09663,-0.721323,12.913
1.21836,-0.6916,12.9249
-1.13004,-0.618976,12.9105
-0.962111,-0.612011,12.8847
-0.54473,-0.59229,12.9318
0.597696,-0.658818,12.874
0.852793,-0.599966,12.9469
1.47338,-0.638097,12.8743
-1.6158,-0.575248,12.8725
-1.36938,-0.572707,12.9368
-0.658443,-0.578577,12.8737
-0.357766,-0.566881,12.9147
-0.242923,-0.563575,12.8712
-0.0188999,-0.585876,12.8745
0.296945,-0.544161,12.9159
0.608824,-0.532121,12.8876
1.25968,-0.524418,12.872
-1.15682,-0.48238,12.9312
-0.751049,-0.492855,12.9176
-0.550599,-0.454595,12.9413
0.8656,-0.458548,12.8958
1.01014,-0.487755,12.8768
1.50905,-0.450039,12.9396
-1.0703,-0.386428,12.8721
-0.782989,-0.355503,12.9388
-0.657585,-0.417614,12.8804
-0.481475,-0.363379,12.8969
0.0343808,-0.361214,12.915
0.380942,-0.425323,12.9319
0.513635,-0.398175,12.8786
0.665775,-0.357083,12.8756
0.990859,-0.365263,12.8765
1.33462,-0.422621,12.8899
-0.594004,-0.298641,12.8737
-0.303145,-0.305702,12.8702
0.154695,-0.315546,12.8856
1.56766,-0.340013,12.9308
1.72988,-0.320576,12.9397
-1.11345,-0.25458,12.8741
-0.794722,-0.214957,12.8702
-0.418589,-0.254934,12.8848
0.767537,-0.266277,12.8717
1.00615,-0.221054,12.884
-0.569257,-0.175427,12.9101
-0.277953,-0.148747,12.8844
0.0273179,-0.135509,12.9348
0.159826,-0.138568,12.9273
0.331569,-0.183212,12.9282
0.633213,-0.192466,12.8996
1.40013,-0.191565,12.927
1.6003,-0.194279,12.9268
-1.07951,-0.0886736,12.9102
-0.423365,-0.102322,12.8976
-1.74031,0.00747466,12.9238
-1.59406,0.00306969,12.8903
-1.28704,0.00262948,12.9028
-0.708083,-0.00539,12.9008
-0.453071,0.0329287,12.8954
-0.28006,-0.0239408,12.8773
0.111534,0.000856847,12.9016
0.64288,0.0217426,12.9407
1.02879,-0.0117801,12.8893
-1.85102,0.0987007,12.8939
-0.206069,0.0864544,12.8902
-0.0657979,0.0931098,12.9405
0.374035,0.0585922,12.902
0.494885,0.113951,12.8878
0.952176,0.103011,12.9048
1.15939,0.0790661,12.9006
1.36538,0.113213,12.9086
-1.29453,0.19281,12.9291
-1.13302,0.154882,12.8992
-0.690419,0.123517,12.9164
-0.446455,0.166064,12.9467
-0.315916,0.147128,12.8872
0.0293877,0.140885,12.8738
0.721972,0.152887,12.8834
1.59412,0.125192,12.8777
-0.881967,0.244249,12.8758
-0.650343,0.240018,12.9478
-0.245166,0.249526,12.8798
-0.11283,0.22853,12.8916
0.102838,0.246727,12.8755
0.32083,0.218208,12.9385
0.439893,0.255841,12.9217
0.62625,0.249124,12.9412
1.04665,0.217932,12.926
-1.92737,0.319345,12.8971
-1.69304,0.303746,12.9257
-0.488956,0.279247,12.8863
0.786994,0.316836,12.9008
1.02727,0.349447,12.8749
1.14328,0.297994,12.8962
-0.881328,0.414287,12.8766
-0.555161,0.385136,12.8971
-0.238545,0.382748,12.8909
-0.115623,0.362273,12.8815
0.0531448,0.374989,12.9333
0.363053,0.370106,12.9146
0.911408,0.427747,12.919
-2.01625,0.49247,12.9256
0.0386201,0.502549,12.9334
0.296522,0.49546,12.914
0.627757,0.486327,12.9091
0.770121,0.455654,12.9218
-0.501667,0.527625,12.8845
-0.345896,0.554905,12.9381
-0.232615,0.513882,12.8938
1.47537,0.511329,12.8723
-1.12982,0.591654,12.8847
-0.869465,0.598697,12.9169
-0.603048,0.624774,12.901
-0.148896,0.606175,12.9153
0.0524138,0.641458,12.8957
0.401681,0.657729,12.9458
1.0986,0.631896,12.8892
-1.0738,0.745052,12.9448
-0.765175,0.697842,12.8993
-0.267877,0.679144,12.8759
0.529885,0.688969,12.8993
0.735901,0.690441,12.9285
0.854894,0.705286,12.8836
1.24012,0.671406,12.9079
1.35123,0.730559,12.8848
1.53999,0.723682,12.9471
1.81611,0.667227,12.885
-1.34074,0.774004,12.9384
-1.19395,0.782063,12.8886
-0.545275,0.756911,12.9384
-0.373104,0.7798,12.9115
-0.111337,0.820953,12.8915
0.0324578,0.804301,12.8864
0.970344,0.757288,12.8827
-1.45803,0.869845,12.8779
-0.836538,0.895406,12.9463
-0.714408,0.873618,12.9219
0.150175,0.840088,12.9298
0.362528,0.826272,12.9114
0.500152,0.827855,12.8879
1.3189,0.851121,12.9206
0.398097,0.952544,12.8857
0.911267,0.905232,12.8806
-0.750117,1.03132,12.8921
-0.162282,0.984497,12.9329
0.277264,0.980511,12.9108
0.748591,1.00567,12.9127
1.10952,1.02228,12.9173
-1.34568,1.091,12.9116
-0.564852,1.10868,12.916
-0.393115,1.09976,12.8984
-0.252956,1.07431,12.885
0.166261,1.12471,12.9417
1.31094,1.09889,12.9219
-1.59226,1.18529,12.9343
-0.97772,1.17497,12.9124
-0.14517,1.18273,12.8957
0.717725,1.14965,12.919
1.00428,1.13807,12.8854
0.298215,1.22438,12.9297
0.467063,1.28925,12.8853
1.00537,1.26596,12.873
-0.190085,1.30949,12.9222
0.351148,1.35257,12.9251
0.632967,1.3064,12.8955
1.69517,1.30941,12.9269
-1.628,1.40823,12.9403
-1.29802,1.42765,12.9342
-1.04994,1.42055,12.8956
-0.367823,1.39187,12.9255
0.471211,1.41586,12.9191
0.712437,1.44306,12.8836
0.962391,1.41971,12.8771
-0.694731,1.47176,12.8803
0.843532,1.51344,12.8747
-0.820039,1.59915,12.8846
0.132029,1.58835,12.8868
0.364402,1.60353,12.9034
1.44101,1.53111,12.9295
-0.40317,1.6468,12.9369
0.500405,1.63725,12.9461
0.903672,1.63202,12.9252
0.878151,1.75758,12.9429
-0.555306,1.78334,12.8749
-0.311729,1.76876,12.9418
0.10834,1.83604,12.9342
0.317586,1.91877,12.9192
0.182239,2.01606,12.8938
0.0259489,-2.17547,13.0237
0.73019,-1.81611,13.0129
-0.190223,-1.475,12.9856
0.298491,-1.52288,12.9923
-1.1644,-1.4039,12.9937
-0.799519,-1.42549,12.9822
0.197818,-1.4443,13.0129
-1.66172,-1.22888,13.0105
0.855271,-1.28281,12.9613
-0.759054,-1.20574,12.9543
-0.244932,-1.16105,13.0084
0.578515,-1.18913,12.9963
0.712081,-1.1754,12.9602
0.802516,-1.09186,12.9513
-1.68877,-1.04488,12.9524
-1.24401,-1.02718,13.0145
-0.651208,-0.981313,12.9864
-0.328725,-1.01473,12.9538
0.275391,-0.996171,12.9481
0.886505,-0.983583,12.9762
-0.197965,-0.936093,12.9865
0.166457,-0.921074,12.9624
0.634976,-0.954501,13.0032
-0.997094,-0.853601,12.9569
0.0393241,-0.894418,13.0205
0.29767,-0.873833,12.9552
0.973096,-0.825309,12.9612
1.28794,-0.869944,12.984
-1.13414,-0.762349,12.9603
-0.139398,-0.805774,13.003
0.483893,-0.751762,12.9771
0.70586,-0.764175,13.0061
0.825191,-0.796356,12.9958
-1.72534,-0.743525,12.9783
-0.942738,-0.672638,12.9995
-0.548377,-0.719499,12.9615
-0.419843,-0.713308,12.9689
1.72085,-0.728348,12.9833
-0.756146,-0.623344,12.9619
-0.219456,-0.601931,12.9901
0.137669,-0.563061,12.9669
0.500256,-0.513631,12.9489
1.31414,-0.52559,13.0128
1.62358,-0.576992,12.9768
-2.27421,-0.495862,13.0112
-0.996853,-0.450616,12.965
-0.865994,-0.48105,12.9743
0.0167937,-0.498643,13.0127
1.16189,-0.50003,12.9957
-1.57596,-0.358659,12.9597
-1.44169,-0.422268,12.9845
-0.346857,-0.394039,12.9587
-1.87596,-0.351351,12.9584
-0.973215,-0.300994,12.9731
-0.17995,-0.336789,12.9545
-0.0173183,-0.287786,13.0154
0.340692,-0.310415,12.9618
0.662566,-0.287289,13.0203
0.924358,-0.284241,12.9699
1.16312,-0.290048,12.954
1.38028,-0.348768,12.9806
-1.98638,-0.213452,12.9596
-1.45991,-0.269567,12.9852
-1.17377,-0.240003,12.98
-0.361742,-0.201506,12.9848
0.509352,-0.240449,12.9792
-1.52142,-0.152631,13.0111
-0.684664,-0.178358,13.0049
1.73506,-0.178426,12.9994
-0.853158,-0.0402121,12.9641
-0.534186,-0.0620887,12.9504
-0.284074,-0.0590081,13.0134
-0.17512,-0.106435,12.9708
0.353969,-0.0491558,12.9634
0.571999,-0.11043,12.9855
0.953208,-0.116046,12.9704
1.17513,-0.0596846,12.9529
-0.438725,-0.00443751,13.0159
0.227825,-0.0304612,12.98
0.859339,-0.0379522,12.9875
-1.67697,0.0865779,13.0105
-1.07354,0.0604656,12.9926
-0.274151,0.0682129,12.994
0.170124,0.150552,12.9601
0.599414,0.125146,12.9984
1.32963,0.152465,13.0249
1.94286,0.170227,12.9873
-0.392714,0.269927,13.0064
0.88381,0.196091,12.9734
1.69485,0.260684,12.9605
-1.05375,0.290402,12.9775
-0.823698,0.320385,12.9561
-0.557567,0.321745,13.0045
-0.0419256,0.277732,12.9884
1.37714,0.291693,13.0054
-0.411768,0.414682,12.9607
-0.168092,0.380172,13.016
0.671935,0.362295,12.9568
0.98876,0.38579,13.0224
1.13083,0.43038,12.9702
1.76188,0.429244,13.0067
-1.17833,0.436942,12.9535
-0.973589,0.435466,13.0254
-0.728006,0.431712,12.9906
-0.614655,0.488425,12.9544
-0.13839,0.493815,12.9772
0.185025,0.463074,12.959
-1.00927,0.556163,12.988
0.407559,0.512571,12.9805
0.892112,0.575424,12.9936
1.30259,0.516543,12.9673
-1.12666,0.6259,13.0175
-0.658932,0.654034,13.0099
0.241908,0.655144,12.9619
0.640636,0.610188,12.9819
-0.921421,0.6997,12.9862
-1.62346,0.751368,12.9531
-0.20783,0.797732,12.9701
-0.0244326,0.776857,13.0054
0.260342,0.810061,12.9883
1.19254,0.817982,12.9665
-0.509777,0.895631,12.9761
-0.384513,0.890295,12.9771
0.716773,0.891602,12.9574
-1.26093,0.948509,12.9657
0.851547,0.963984,12.9945
-1.50606,1.0177,12.9996
-1.03031,1.02757,12.9965
1.00195,1.05646,13.0189
-0.884707,1.0788,12.9926
0.0477361,1.07266,12.9524
0.370069,1.09492,13.014
0.583001,1.10927,12.9764
-0.678509,1.28409,12.9697
-0.0144457,1.32998,13.0115
-0.787139,1.4103,12.9855
0.610683,1.404,12.9685
1.37231,1.41224,12.9564
-0.499589,1.48204,12.9783
0.0712995,1.51757,13.0121
-0.965224,1.59237,13.0166
-0.669938,1.57073,12.9791
1.30027,1.58724,12.9771
-0.723532,1.68588,12.9655
0.266177,1.68567,13.0029
0.716937,1.63328,12.9625
-0.796699,1.7958,13.0228
-0.12949,1.76548,12.9525
0.85275,1.88443,13.0078
0.509428,1.92201,12.9981
0.588472,2.0524,12.9805
0.253291,-2.30978,13.0431
0.366444,-2.23938,13.0626
-0.8541,-2.23367,13.0787
0.568923,-2.2307,13.0945
-0.416031,-2.07894,13.0615
-1.12164,-1.96487,13.1004
-0.882676,-1.91474,13.0711
-0.566262,-1.91229,13.0768
-0.742217,-1.80832,13.0283
1.55304,-1.80077,13.0705
-0.416052,-1.76253,13.0786
1.28975,-1.76274,13.0737
0.151176,-1.6424,13.0312
0.538224,-1.5171,13.0917
1.52199,-1.45225,13.0533
-0.586861,-1.41063,13.0294
0.851391,-1.42655,13.034
1.30315,-1.36974,13.0635
-0.445917,-1.26302,13.0609
0.265992,-1.28883,13.0616
0.934596,-1.24132,13.0693
1.7154,-1.22636,13.0262
-1.83689,-1.19179,13.0341
-1.12517,-1.16103,13.0456
0.839717,-1.17154,13.0843
1.07188,-1.14947,13.0797
0.282077,-1.06503,13.0751
0.643811,-1.10774,13.1029
-0.916355,-1.05306,13.1002
-0.460896,-1.04677,13.0902
1.84454,-0.990844,13.0395
-1.43416,-0.826033,13.0261
-0.84565,-0.865332,13.074
-0.335359,-0.83556,13.0652
0.419428,-0.867975,13.0737
-0.650709,-0.787048,13.0664
0.316514,-0.80292,13.0896
0.495367,-0.77689,13.1
-0.830216,-0.671161,13.0651
-0.115923,-0.677033,13.0295
0.951114,-0.721273,13.0979
1.07879,-0.716068,13.0427
1.18662,-0.66901,13.0797
-1.27943,-0.649737,13.0472
-1.05683,-0.649908,13.0766
-0.390543,-0.588917,13.039
0.0208959,-0.600966,13.0709
0.740963,-0.646747,13.0404
0.279716,-0.550494,13.0393
-1.56061,-0.484345,13.0276
-1.19511,-0.495716,13.0695
-0.712252,-0.437066,13.0959
-0.48957,-0.482181,13.0714
-0.364447,-0.463179,13.068
0.513543,-0.505469,13.0857
-0.0978414,-0.414976,13.0491
-0.9791,-0.332771,13.0953
-0.760839,-0.320537,13.0715
0.22435,-0.340779,13.0332
1.28214,-0.31414,13.1007
-0.523273,-0.207879,13.0305
0.357044,-0.222801,13.0634
-1.19135,-0.178344,13.0911
-1.05309,-0.19363,13.05
-0.845748,-0.146098,13.0466
-0.198644,-0.180053,13.0738
-1.3092,0.015693,13.0378
-0.575754,-0.0304786,13.0714
0.544256,0.0337973,13.0678
0.667395,-0.0283791,13.063
1.30994,0.031996,13.0659
2.2377,-0.0363273,13.07
-1.86696,0.0697954,13.0676
-0.0269059,0.0951083,13.0701
-0.888245,0.136703,13.0525
-0.563469,0.14694,13.0476
0.320702,0.167544,13.0695
-2.21979,0.215533,13.0687
0.697357,0.269168,13.0442
0.993743,0.223803,13.043
-1.94078,0.302143,13.0686
0.146892,0.28058,13.0481
0.571893,0.330319,13.0516
2.02022,0.306874,13.0353
-1.1125,0.376873,13.0525
0.45555,0.384105,13.0365
1.38736,0.504274,13.0785
-0.723971,0.552956,13.0507
-0.185532,0.593653,13.0379
0.779161,0.656603,13.0739
-1.48135,0.679609,13.053
-0.188017,0.739614,13.1022
1.71537,0.675823,13.0859
0.342306,0.781326,13.0977
0.457965,0.787952,13.0463
1.00785,0.77934,13.0537
1.61933,0.749045,13.0746
0.0569279,0.892008,13.056
-0.608191,0.937866,13.0751
0.340067,0.968683,13.0356
2.16966,1.05516,13.0688
-0.0998131,1.09093,13.0411
0.0967545,1.10897,13.1008
0.250194,1.16123,13.0301
1.55237,1.13771,13.0942
1.75117,1.18278,13.0759
0.0660734,1.24614,13.102
1.34705,1.26765,13.0585
-0.783805,1.30671,13.0863
-0.64916,1.34499,13.0754
-0.361852,1.35942,13.0537
1.22495,1.34483,13.1003
0.755323,1.57531,13.098
-1.55326,1.70078,13.0837
1.26746,1.68655,13.0491
1.24065,1.88573,13.0593
0.68772,1.93547,13.07
0.189519,2.0845,13.0835
0.594406,2.15429,13.0541
1.02752,2.21502,13.0764
-0.403758,-2.38796,13.1047
-0.1024,-2.3238,13.1304
0.24813,-2.25754,13.1563
1.11265,-2.31079,13.1179
-1.31085,-2.1756,13.1443
0.0913894,-2.22979,13.123
0.132386,-2.09402,13.1578
1.49522,-2.10382,13.1773
-1.39723,-2.04642,13.1417
0.0137699,-1.79523,13.1204
-0.258433,-1.62104,13.1274
0.392436,-1.66266,13.1357
0.243539,-1.55944,13.1592
0.160198,-1.27668,13.1202
-0.169846,-1.08687,13.1726
2.02346,-1.13568,13.1068
2.23916,-1.09311,13.126
1.48624,-1.02935,13.1168
-0.819866,-0.967411,13.1633
0.148348,-0.869777,13.1433
-1.51497,-0.753858,13.1347
0.735745,-0.776711,13.1463
1.91098,-0.800412,13.1155
1.454,-0.574749,13.1293
0.389553,-0.485213,13.1624
-2.33205,-0.377644,13.1154
0.4713,-0.391395,13.1294
-0.426736,-0.33789,13.1275
-0.926297,-0.216119,13.1193
0.531662,-0.20047,13.1346
1.96798,-0.216293,13.1087
0.0841089,-0.187985,13.1573
1.59248,-0.175503,13.1048
2.20953,-0.188627,13.1736
-1.50086,-0.112619,13.1622
-0.348638,-0.0973618,13.129
0.668806,0.0346593,13.1757
-1.25156,0.0972955,13.1517
1.14486,0.0945876,13.1655
1.49073,0.0815581,13.1387
-0.490624,0.127201,13.1709
1.6435,0.183663,13.1726
2.27243,0.141049,13.1275
-1.0206,0.227036,13.16
-0.303342,0.214758,13.1121
-0.0173241,0.19783,13.1684
-2.03691,0.377944,13.173
-0.117838,0.412443,13.141
0.146201,0.372547,13.1195
0.636032,0.417484,13.1346
0.751246,0.504277,13.1375
-0.639793,0.552337,13.1409
0.151827,0.578661,13.1129
0.558194,0.546668,13.1102
0.933769,0.557531,13.1131
2.19723,0.540003,13.1139
-1.7109,0.624746,13.1161
-0.305055,0.593129,13.1606
1.07816,0.704172,13.1416
2.36303,0.674673,13.1389
-1.95893,0.792555,13.1415
0.584435,0.78888,13.105
-0.0333869,0.848671,13.1496
-2.32003,0.965226,13.1504
-0.765024,0.94931,13.1808
-1.79696,1.05078,13.1227
0.526525,1.05027,13.1492
-1.04589,1.08109,13.1777
-0.572442,1.13636,13.1743
-1.1894,1.20983,13.1804
-0.28983,1.24173,13.1689
0.441823,1.34772,13.1427
0.971737,1.35609,13.1248
0.764217,1.38194,13.1207
0.199213,1.45745,13.1207
0.481755,1.54386,13.1161
-0.162925,1.73305,13.1649
0.546797,1.72489,13.1064
-0.913693,1.89527,13.1396
-0.476041,1.88847,13.1735
-1.6754,1.9843,13.1817
-1.00337,2.1135,13.1365
0.756259,2.15299,13.1251
-0.560736,2.36982,13.1817
-1.16158,2.39235,13.1731
-0.0212322,2.48466,13.1826
-0.207497,-2.63414,13.2341
1.12009,-2.45634,13.2223
1.07957,-2.2116,13.2522
0.539463,-2.06826,13.1892
-0.752455,-1.97966,13.2397
1.82118,-1.91741,13.2493
2.00949,-1.75125,13.2488
1.84815,-1.6709,13.2524
-1.05092,-1.52562,13.1989
-2.22625,-1.44263,13.2045
-1.58092,-1.39745,13.2253
0.88102,-1.41612,13.2299
0.0421684,-1.37005,13.227
0.388953,-1.34037,13.198
0.975724,-1.20904,13.2296
2.05609,-1.02898,13.2005
-2.34807,-0.903611,13.1837
2.48333,-0.857257,13.2291
-0.0781856,-0.745686,13.2373
1.42468,-0.753863,13.19
-0.823156,-0.687701,13.21
0.56376,-0.594611,13.2406
-2.04897,-0.582795,13.2219
-0.510216,-0.488622,13.2437
-0.0425766,-0.431739,13.2217
0.869566,-0.354694,13.2236
0.732313,-0.281246,13.1985
-2.74087,-0.23824,13.2247
-1.33643,-0.250109,13.2149
-1.03364,-0.203978,13.1994
-0.266011,-0.156272,13.2357
2.02524,-0.142992,13.2308
0.844488,-0.102782,13.2091
1.15627,-0.0699806,13.2361
1.62008,-0.0721792,13.25
-2.22497,0.10103,13.2431
-0.514287,0.0392351,13.2545
0.211078,0.0772098,13.1836
-0.248605,0.188793,13.2467
-0.405497,0.202206,13.237
0.78167,0.215161,13.2334
-2.67105,0.311681,13.2082
-0.9281,0.352926,13.1847
-0.0324279,0.345334,13.2557
0.452823,0.357276,13.2059
-0.872549,0.504362,13.2011
1.44075,0.456928,13.2473
0.682094,0.525597,13.2375
-1.16179,0.603813,13.2459
-0.035311,0.700242,13.238
1.79871,0.67973,13.2331
2.63329,0.669811,13.2432
0.673678,0.78625,13.2089
-1.58044,0.857332,13.221
-0.857394,0.885328,13.2402
0.189761,0.979436,13.2095
0.48782,0.958873,13.2295
-2.28447,1.19516,13.2405
1.72628,1.20521,13.2398
2.12929,1.1944,13.1921
2.34475,1.25239,13.1855
-0.128414,1.35012,13.2555
-2.07812,1.38528,13.2
-1.06039,1.44945,13.2494
-0.718455,1.5148,13.2215
-0.351699,1.49438,13.2455
1.55192,1.48437,13.2413
1.83805,1.53448,13.2593
-1.3875,1.64158,13.1869
-2.11397,1.69237,13.2259
-0.411781,1.79255,13.1977
-2.03032,1.90918,13.2292
-1.84251,1.94199,13.2305
0.344458,2.05055,13.2472
-1.26457,2.2423,13.1987
-0.266897,2.41121,13.1898
0.379199,2.45081,13.1999
-0.207581,2.58984,13.2564
0.669407,2.69495,13.2552
-0.0481845,2.75958,13.2272
0.117886,2.73456,13.2086
0.145404,-2.45213,13.3269
0.711344,-2.43302,13.2789
-1.22854,-1.91709,13.2653
1.35098,-1.70136,13.3216
-0.179402,-1.61039,13.3275
-1.74045,-1.52302,13.278
0.218573,-1.18029,13.3132
-0.306784,-1.10805,13.3064
1.2774,-1.11672,13.2893
-2.38843,-0.98081,13.3304
2.71072,-0.997837,13.3348
2.36076,-0.945122,13.2894
0.875782,-0.826786,13.265
1.2224,-0.848054,13.302
1.51159,-0.855989,13.2915
-0.326771,-0.623555,13.2956
2.74702,-0.645076,13.2893
0.41543,-0.562133,13.3068
-1.27297,-0.462123,13.2932
1.45651,-0.403139,13.2876
0.035681,-0.203203,13.2932
0.786499,-0.262147,13.3152
-2.33752,-0.0914633,13.3204
-0.909644,0.00431751,13.2716
1.15119,0.0784563,13.3177
-1.96001,0.428392,13.2921
0.203992,0.38669,13.3155
0.69861,0.387998,13.3366
0.427239,0.457523,13.2704
0.576613,0.455069,13.2922
-1.38084,0.520289,13.3057
1.02335,0.519452,13.3389
0.643708,0.603081,13.3204
-2.71168,0.719865,13.2654
-0.618907,0.675875,13.2785
2.02826,0.746398,13.2905
-2.08204,0.895817,13.2768
0.555918,0.871297,13.337
1.5655,0.883236,13.2793
0.261662,0.96326,13.3189
0.694048,0.968449,13.3169
0.846905,0.999791,13.3069
0.695371,1.18693,13.2676
-0.545281,1.29833,13.3343
0.0577706,1.30952,13.2619
-0.253915,1.40386,13.3376
0.907168,1.43664,13.2729
0.701874,1.58972,13.325
-0.928167,1.75369,13.3015
1.83076,1.78491,13.3137
-0.716171,2.33121,13.2614
0.317781,2.49597,13.2931
-0.38919,2.576,13.3194
-0.580684,2.79401,13.3032
0.302,-2.68093,13.3894
0.581296,-2.60458,13.3788
2.34089,-1.95515,13.4116
0.391169,-1.80706,13.3587
2.51501,-1.79069,13.4021
-0.982523,-1.6974,13.4101
1.20588,-1.64938,13.3392
0.741495,-1.59938,13.3819
-1.43882,-1.37651,13.3421
-1.72649,-1.08491,13.3643
-0.925914,-0.981382,13.3801
-0.33639,-0.990511,13.3992
1.7551,-0.965374,13.3807
2.83724,-0.973334,13.4127
0.812553,-0.860866,13.3628
-1.0556,-0.761247,13.3443
2.54063,-0.746761,13.3449
0.234316,-0.617944,13.3899
0.654207,-0.625829,13.3525
2.49711,-0.623439,13.3629
-1.4875,-0.401631,13.4077
-0.730946,-0.364522,13.4037
0.490094,-0.392719,13.3459
0.613409,-0.33727,13.4038
2.1131,-0.278022,13.4152
-0.738096,-0.232046,13.3808
-1.38095,-0.171714,13.3509
-0.173247,-0.145763,13.3594
0.158365,-0.135004,13.3952
3.06054,-0.126262,13.3866
-1.9548,-0.0699819,13.4162
-0.340692,0.0199548,13.3888
-1.96479,0.0952441,13.4086
0.882821,0.169005,13.4157
-1.24022,0.266165,13.3568
-0.564745,0.216471,13.3404
-0.201761,0.20166,13.3705
0.968369,0.244929,13.3393
-0.812984,0.304059,13.4126
0.138878,0.541475,13.3965
2.92378,0.582447,13.4091
0.00608287,0.684234,13.393
0.793385,0.68761,13.4125
-1.8094,0.876351,13.4009
1.1828,0.868192,13.3818
0.420163,0.922017,13.3661
2.8044,1.05044,13.3924
-2.44007,1.19366,13.4156
0.0135106,1.20601,13.3915
0.841829,1.16074,13.4153
0.812788,1.27364,13.3456
-2.63039,1.43753,13.4128
-0.749188,1.60482,13.3416
1.86403,1.55258,13.3814
1.42202,1.72775,13.3548
-1.28,2.0133,13.4072
0.41475,2.5213,13.3841
1.27172,2.54511,13.3912
-1.19887,2.5585,13.3712
0.900784,2.6285,13.3409
-0.701995,2.94175,13.3476
0.223022,-2.84683,13.4306
-0.972635,-2.71062,13.4814
0.956549,-2.77672,13.4763
-1.78188,-2.37005,13.4944
-1.01665,-2.26645,13.4683
-0.777007,-1.87062,13.4528
-2.10165,-1.68306,13.439
0.111343,-1.65968,13.4845
0.497264,-1.64189,13.4821
1.16737,-1.44519,13.4448
-1.03495,-1.24268,13.4877
2.40284,-1.22911,13.4425
0.573581,-1.18891,13.4407
-1.17728,-1.13656,13.44
-0.195692,-0.905089,13.4452
0.127843,-0.923919,13.4502
0.893659,-0.921586,13.4458
-3.00715,-0.768367,13.4706
-0.381014,-0.765777,13.4857
0.585786,-0.766651,13.4576
0.854847,-0.779004,13.4928
-2.35196,-0.436889,13.4283
-0.978778,-0.1968,13.45
-0.826155,-0.186292,13.4897
-1.70994,-0.0841927,13.4268
2.12658,-0.0493383,13.4351
-0.633829,-0.0323865,13.4324
0.25655,-0.010646,13.4391
1.80298,-0.0264096,13.445
3.00916,-0.00655471,13.4603
-1.70659,0.114599,13.4757
2.65644,0.0785532,13.426
-2.45591,0.164652,13.4724
0.481896,0.164685,13.4223
-0.211915,0.472083,13.4276
-0.0824102,0.505824,13.4369
-0.490154,0.608387,13.4204
-0.311803,0.62105,13.4627
0.629142,0.695033,13.4647
-0.507402,0.821508,13.4697
0.26246,0.772826,13.4182
-2.8494,0.852676,13.4621
-1.51375,0.87546,13.4323
0.420147,0.856374,13.4792
2.11773,0.850138,13.4325
-0.454309,0.979045,13.4658
1.14997,0.929133,13.4774
-0.875084,1.19487,13.4181
0.679634,1.28098,13.4592
-0.477526,1.34445,13.4777
0.03937,1.36398,13.4636
0.166628,1.4447,13.4768
-0.404782,1.45472,13.4581
-2.69276,1.83487,13.453
0.522493,1.95384,13.4287
-0.226301,2.10442,13.4668
1.62134,2.23011,13.4769
-1.57326,2.31762,13.4757
1.35612,-2.96366,13.4963
1.17998,-2.42209,13.5577
2.01982,-2.10157,13.5019
0.215182,-1.98665,13.5473
-0.142662,-1.64348,13.5216
-2.13368,-1.55302,13.5035
1.22426,-1.50397,13.5621
1.97004,-1.38985,13.5721
-1.40012,-1.31858,13.5209
-0.0574107,-1.22418,13.5338
0.197976,-1.27743,13.5218
1.72238,-1.19288,13.56
0.546923,-0.933582,13.5004
1.44938,-0.955837,13.5563
-1.32906,-0.790236,13.5215
0.0473234,-0.766868,13.4989
3.00854,-0.786524,13.5271
1.57011,-0.705765,13.5638
-0.132318,-0.53164,13.5113
0.545395,-0.578427,13.5284
-0.197319,-0.369667,13.529
0.836325,-0.361563,13.5733
-0.548515,-0.196633,13.5068
0.255364,-0.207269,13.5653
-2.19267,-0.152128,13.5286
-0.198674,-0.185411,13.5482
1.96235,-0.123465,13.5153
2.35965,-0.142641,13.5173
-0.781703,-0.0346413,13.5511
0.0796675,0.0252111,13.5088
-0.0226667,0.0987622,13.5134
2.27064,0.0750237,13.5274
0.810968,0.243587,13.4995
0.73592,0.340587,13.5434
0.352625,0.419086,13.4978
-2.47042,0.563078,13.5078
-0.452185,0.637146,13.5373
0.0406597,0.652957,13.5088
0.224677,0.619745,13.5012
-2.09327,0.72381,13.5197
-1.14385,0.715133,13.5024
1.10696,0.797844,13.5731
0.0504454,0.88875,13.533
0.0455215,1.11973,13.5553
0.189769,1.06427,13.5398
-1.82929,1.27639,13.5503
-1.97965,1.31483,13.5702
-0.54212,1.67819,13.5556
-0.0705429,1.66481,13.5499
-1.30071,1.74594,13.5362
-0.159914,1.75796,13.4971
0.13106,1.82968,13.5603
-0.83226,1.88999,13.5222
-0.742959,2.02275,13.5564
0.877606,2.07993,13.5564
1.28528,2.29444,13.5465
-1.21162,2.66335,13.5229
-1.06683,-3.20058,13.6425
-1.74307,-2.13411,13.6306
-0.3776,-1.95472,13.5962
-0.120721,-1.99948,13.6228
0.107418,-1.88107,13.5944
-3.08434,-1.58891,13.5949
-2.9322,-1.5454,13.6143
-2.7246,-1.30251,13.5972
-1.7594,-1.22576,13.5882
-0.913199,-1.23353,13.6337
2.19175,-1.27987,13.6056
-1.18183,-0.804271,13.6156
0.438842,-0.671047,13.5932
3.37529,-0.735859,13.5775
-0.582775,-0.611873,13.6018
0.0769823,-0.58723,13.6407
0.447573,-0.470417,13.6507
-1.75922,-0.294983,13.5899
-2.61336,-0.216801,13.6341
-1.42554,-0.232557,13.6282
-0.412796,-0.118466,13.5966
-3.29063,-0.0534868,13.6219
-1.93788,0.0360954,13.5807
0.183836,-0.0260907,13.6324
1.27384,0.00288941,13.6401
1.77397,0.0136588,13.6188
0.0613283,0.112203,13.6124
1.09171,0.109127,13.5943
0.611461,0.122506,13.5969
0.275454,0.315406,13.651
1.48126,0.407259,13.5795
-0.342723,0.468211,13.5815
-1.50016,0.576041,13.6075
1.12392,0.535794,13.5852
-2.5981,0.591129,13.5819
0.897932,0.633806,13.5867
-0.368086,0.89971,13.6009
0.499675,0.880708,13.5842
-0.741569,1.07586,13.6283
1.61973,1.19568,13.5863
0.269757,1.47804,13.6115
-2.22331,1.66428,13.5805
-1.52674,1.6179,13.6415
-0.40694,1.63801,13.6519
1.29801,1.91285,13.5813
2.17251,1.87775,13.6291
-2.86662,2.09999,13.6453
2.60361,2.15591,13.5936
-0.0313624,2.19529,13.6391
1.50723,2.16897,13.6316
0.0181645,2.53671,13.6021
-0.873271,-2.54559,13.7138
-0.105316,-2.52786,13.665
0.389137,-2.54322,13.7082
-1.38026,-2.32538,13.6663
2.73592,-1.81049,13.6572
1.50055,-1.68432,13.7011
-0.11322,-1.55978,13.6574
-0.473236,-1.32416,13.6984
-0.928812,-1.05357,13.6604
-0.472421,-0.926956,13.7135
-0.970545,-0.761553,13.7255
0.57526,-0.810861,13.6658
2.54859,-0.711434,13.6929
-0.495681,-0.596879,13.709
-0.0533306,-0.605545,13.659
2.29578,-0.554766,13.6818
3.73662,-0.559431,13.6985
-1.51735,-0.436139,13.666
1.09327,-0.0366554,13.6679
2.22941,0.0617179,13.6683
-2.0752,0.183398,13.7136
0.21002,0.177447,13.7164
-3.23539,0.238742,13.7054
-2.94917,0.262428,13.7078
-0.372563,0.258346,13.6596
1.02557,0.199586,13.687
-2.69907,0.28476,13.6975
-1.30079,0.391783,13.7165
-1.56596,0.530283,13.7266
-0.134371,0.585057,13.6672
0.000767901,0.525286,13.7162
0.0151718,0.694212,13.6679
0.274671,0.801247,13.6991
0.42067,0.782023,13.6919
-1.7028,0.982506,13.6995
1.53943,1.01047,13.716
-0.42994,1.08059,13.6949
-0.153239,1.104,13.6831
-1.2712,1.27117,13.7041
0.470957,1.25713,13.7187
-0.134365,1.37089,13.658
1.68503,1.30014,13.7244
-2.82331,1.42095,13.666
-0.567328,1.40939,13.6592
-0.507512,1.52906,13.7046
0.716683,1.51381,13.7055
-1.17208,1.60875,13.6562
2.65283,1.6437,13.6767
-1.04494,1.71529,13.6616
-0.0380391,1.71743,13.711
-0.515931,1.80546,13.716
0.641654,1.76831,13.6985
-1.30796,1.98906,13.6978
-1.61766,2.061,13.6934
-0.536162,2.12903,13.6598
-0.294338,2.08909,13.6631
-1.00054,2.28302,13.682
-0.597332,2.39799,13.7183
-2.46047,2.59067,13.694
2.10871,2.66011,13.7298
0.336146,2.81846,13.6946
0.35737,3.23976,13.7008
-0.150332,-3.34532,13.7951
-2.19566,-2.79054,13.7723
-1.30772,-2.69492,13.7621
0.915704,-2.03341,13.7357
-0.743697,-1.73239,13.7544
-3.51648,-1.62253,13.8061
0.222965,-1.25761,13.7697
-1.37401,-1.00448,13.7583
1.32296,-1.03996,13.7318
2.16842,-1.03288,13.7791
-0.230771,-0.870728,13.8034
-0.696431,-0.793995,13.773
0.241454,-0.789561,13.7434
2.17859,-0.699092,13.78
0.817624,-0.617541,13.7933
0.246832,-0.444022,13.7497
-2.22369,-0.287764,13.7744
-1.44136,-0.352017,13.8067
0.0560268,-0.316675,13.7418
0.517821,-0.292735,13.7656
-1.10698,-0.23401,13.7438
-0.738482,-0.125041,13.7324
-0.289168,-0.11311,13.8079
-0.141181,0.00953541,13.7859
0.265542,0.0663557,13.7504
1.18502,0.0761934,13.764
-1.75248,0.129452,13.7838
-3.74305,0.246503,13.7325
-0.453759,0.223739,13.7575
-3.10174,0.328722,13.7374
0.0406087,0.389763,13.7851
0.210985,0.37458,13.7434
1.07469,0.504196,13.7987
-0.790119,0.574991,13.7922
3.79984,0.56802,13.7702
0.536041,0.681502,13.7396
2.16247,0.681374,13.7353
-0.950285,0.974535,13.7512
0.512555,0.98712,13.8015
0.663952,0.987734,13.7636
-1.40284,1.13265,13.7696
-2.62208,1.27653,13.7543
0.200134,1.27448,13.804
-0.501103,1.31768,13.7672
0.83033,1.31755,13.7542
-1.94408,1.47971,13.7414
0.661991,1.68748,13.7985
1.85963,1.71138,13.7991
0.943278,1.92434,13.7533
-1.0313,2.03626,13.7548
1.17163,2.23209,13.7341
-0.967373,3.06354,13.7642
0.176165,3.07203,13.7331
-1.95009,3.30165,13.7455
0.377722,3.48534,13.791
0.948073,-2.98258,13.8485
-1.44225,-2.54872,13.8395
-0.324352,-2.43888,13.8753
-2.01608,-1.58451,13.8623
0.567125,-1.49529,13.8788
-1.29034,-1.44185,13.8706
-0.545468,-1.41417,13.8473
-2.43444,-1.0145,13.8181
-1.85242,-0.978915,13.8412
-2.97296,-0.768894,13.8716
0.513633,-0.823495,13.8103
1.60155,-0.7173,13.8259
-2.96148,-0.638158,13.8134
-1.59934,-0.634543,13.8624
-0.518186,-0.434381,13.8302
-0.208225,-0.365414,13.8175
0.365044,-0.221633,13.8836
-0.529179,-0.154229,13.8772
0.311885,-0.0898152,13.831
-0.732247,0.010045,13.8285
-2.17161,0.0495581,13.8612
-1.32752,0.0905079,13.8727
-1.08519,0.098908,13.846
1.19555,0.174342,13.8486
0.488163,0.273406,13.8808
0.889478,0.314412,13.8145
-1.73003,0.40188,13.8503
0.426745,0.397213,13.8556
2.45495,0.438607,13.8641
-1.28631,0.52624,13.8131
0.19945,0.539113,13.8475
-1.47764,0.65161,13.8804
-0.620567,0.636832,13.8844
0.616412,0.626982,13.8595
-1.77517,0.70185,13.8709
-0.393396,0.781259,13.8406
-0.678208,0.883324,13.8502
-1.20509,1.07462,13.862
-3.42616,1.2072,13.8151
-1.16154,1.25784,13.8599
-0.0475061,1.33615,13.8825
-0.804649,1.384,13.8833
-0.610215,1.60013,13.8318
-1.229,1.74678,13.8288
0.844057,1.85016,13.8227
1.22679,2.34325,13.8328
-0.782028,2.59679,13.8364
-1.21402,3.33999,13.8158
-2.05988,3.49943,13.8262
-1.94138,-3.27324,13.9544
1.21486,-3.09843,13.952
-0.90506,-2.99915,13.9484
-0.227481,-2.33127,13.9235
1.25435,-2.31716,13.9096
-1.10151,-2.15213,13.953
2.00733,-2.00508,13.899
-1.5942,-1.75684,13.9049
0.234513,-1.53469,13.9358
0.86022,-1.39058,13.9241
-0.0776013,-0.921554,13.8934
-1.12837,-0.841839,13.9462
0.118783,-0.761497,13.9271
1.38546,-0.786726,13.895
-1.01886,-0.537155,13.9397
0.477185,-0.552857,13.9574
1.57566,-0.391806,13.9405
0.0218128,-0.292389,13.8886
1.35901,-0.299066,13.9097
0.208324,-0.2034,13.9434
-0.406078,-0.153216,13.9394
-0.667109,-0.110322,13.9007
0.232846,-0.0637437,13.9613
0.566422,-0.0572753,13.9109
-0.938613,-0.00542241,13.9475
-0.819086,-0.0305093,13.9104
-0.147956,-0.0275014,13.9577
1.92166,-0.0309658,13.9127
-1.56436,0.111676,13.9194
0.37839,0.121263,13.9055
-0.385812,0.252727,13.9541
-2.13659,0.320958,13.8921
-0.88977,0.532086,13.8952
-0.734032,0.512584,13.9393
-0.285901,0.574653,13.9276
-0.040831,0.744649,13.9331
0.681885,0.956171,13.9264
-1.42095,1.02357,13.8901
2.35527,1.11375,13.9419
-2.60784,1.24076,13.8941
-0.215102,1.34318,13.9642
0.192944,1.42271,13.904
-0.777817,1.63519,13.9317
1.60274,1.61988,13.965
2.29425,1.66461,13.9122
0.601749,1.86787,13.896
-2.38385,2.1007,13.9276
0.59024,2.41843,13.9107
-3.0405,2.56393,13.901
-0.809797,2.82681,13.9506
2.10501,3.40322,13.9521
0.383191,3.84182,13.9442
-0.915955,-3.541,14.0076
-0.062976,-3.40131,14.0266
2.78284,-2.70991,13.9733
2.12808,-2.49085,14.0415
-2.36695,-1.70571,13.9852
-3.63515,-1.36131,14.0188
-4.15262,-1.22544,14.0218
0.808613,-0.917152,14.021
-1.44272,-0.74931,14.0141
-0.85423,-0.809333,14.0119
-0.239757,-0.59016,13.9908
-0.148479,-0.494555,13.9891
0.737513,-0.442495,14.0326
2.14891,-0.338334,13.9735
-0.0823794,-0.255805,13.9996
-1.03605,-0.0893995,14.0305
2.38206,-0.0163134,13.9679
-0.166234,0.0804876,14.0138
1.14046,0.0587644,13.969
-1.33383,0.171156,14.0352
0.136968,0.314792,14.0008
0.0676181,0.567582,14.0187
-0.978563,0.626707,13.9664
1.58938,0.817179,14.0261
-1.49697,1.11561,14.0395
0.161807,1.08408,13.989
0.753399,1.20409,14.0182
-1.30931,1.50633,13.9829
-0.00621026,1.55911,14.0391
2.53179,1.94064,13.9777
-0.0257741,2.38207,13.9823
0.452624,3.75769,14.0069
-1.40839,4.01109,14.0316
-0.0842718,-3.8727,14.0572
-1.9532,-3.75248,14.1112
-2.3844,-2.95071,14.0808
-0.110929,-2.68539,14.1009
-0.788449,-1.98665,14.0502
2.84092,-1.89242,14.0623
-0.200577,-1.60753,14.112
1.46965,-1.46741,14.0505
-0.840365,-1.3746,14.0792
-1.01813,-0.79498,14.1148
-0.49051,-0.408406,14.0679
0.986987,-0.365076,14.1016
-0.0579843,-0.141923,14.0997
1.30701,-0.191381,14.087
-0.298734,-0.0411488,14.0512
-0.640305,0.0257133,14.0974
0.0889801,0.000385393,14.1016
-0.442038,0.384491,14.0524
1.94282,0.384119,14.1081
-0.395885,0.62201,14.0873
3.98722,0.806242,14.087
0.102133,0.827875,14.0813
-0.451273,0.910455,14.1146
0.686106,0.918566,14.1028
1.08368,1.1892,14.0663
-1.25033,1.31522,14.1166
1.23505,1.34993,14.1051
-3.86535,1.48144,14.1114
1.18108,1.58408,14.1143
0.163896,1.98201,14.0878
0.452894,1.92563,14.1071
0.67449,2.52219,14.0619
2.53515,2.62331,14.0441
0.35334,-3.45705,14.1872
0.567516,-3.16559,14.1498
-0.232364,-3.0,14.1513
2.49111,-2.71575,14.195
3.74001,-2.74389,14.1928
1.57256,-2.21047,14.1558
0.0733824,-1.359,14.1729
-3.84753,-1.21194,14.1364
2.30002,-1.19113,14.1592
-0.94519,-0.94241,14.1688
2.29863,-0.9772,14.1397
0.780492,-0.760686,14.1267
0.596086,-0.72497,14.1971
-0.0601218,-0.621608,14.1669
1.22975,-0.530199,14.1451
-0.696019,-0.45813,14.1732
0.771753,-0.442927,14.1955
0.480043,-0.3358,14.1632
0.652641,-0.289412,14.1981
-0.430454,-0.261597,14.1775
0.171089,-0.2205,14.1305
0.798629,-0.0533319,14.1809
-0.380756,-0.0215068,14.1821
0.181939,0.202966,14.1721
0.569114,0.317562,14.1329
0.542062,0.800434,14.177
4.27539,0.880567,14.1708
-0.888688,1.01789,14.1811
1.3698,1.08224,14.1821
0.576251,1.18137,14.1302
-1.20636,1.45839,14.1503
-2.28853,1.56028,14.1812
0.913868,2.23149,14.1648
-3.76068,2.71125,14.1998
0.6288,-2.4288,14.2729
-2.08444,-2.30199,14.2403
-0.242477,-2.31247,14.2124
-0.404267,-1.8011,14.2723
-0.27465,-1.53945,14.2712
-0.411302,-1.34233,14.2105
-0.640999,-1.24011,14.2611
2.60047,-1.27808,14.2491
-0.14611,-1.18877,14.2459
-3.12179,-0.989245,14.2099
0.435026,-0.905127,14.2482
-4.30152,-0.832654,14.2239
-4.05619,-0.678196,14.2368
-1.04714,-0.64187,14.2268
-1.113,-0.442814,14.2307
-0.405838,-0.380397,14.2006
-0.506732,-0.331297,14.2486
1.23092,-0.266661,14.2342
-0.586754,-0.0835819,14.2065
-0.78782,-0.0269091,14.2015
-0.0917737,0.0226981,14.2572
1.87228,0.0671142,14.2648
-0.000593387,0.134289,14.2719
-0.886496,0.237992,14.202
-0.447529,0.305609,14.2129
0.0770423,0.333709,14.2643
-0.961835,0.597678,14.2564
-0.5993,0.606852,14.2135
1.57031,0.640365,14.2451
2.07221,0.975409,14.2254
0.000341734,0.99749,14.2353
0.139272,1.08898,14.2652
1.12049,1.21187,14.2138
0.491524,1.29475,14.2574
0.274955,1.37841,14.2008
0.828567,1.39832,14.2363
2.34247,1.54213,14.2768
0.472659,1.7573,14.2424
2.41785,2.16976,14.2774
-2.22334,-1.93726,14.3189
0.303632,-1.97792,14.3068
-1.19853,-1.8909,14.3535
2.11752,-1.71362,14.3415
1.04657,-1.47876,14.3471
0.405186,-1.43778,14.3233
-1.27644,-1.29657,14.293
1.04413,-1.16419,14.2973
0.733575,-0.963539,14.2903
-0.770153,-0.791827,14.3362
-0.2738,-0.773416,14.3412
-1.0462,-0.456267,14.3293
-0.600532,-0.456302,14.345
-0.392185,-0.353726,14.3169
3.55149,-0.251175,14.2997
-0.213684,-0.146542,14.3256
-0.689976,-0.102039,14.282
-2.02713,-0.0107158,14.3307
-0.189314,-0.0133471,14.3163
0.385443,0.0283835,14.3336
0.502524,-0.0184938,14.2913
1.03366,0.0781771,14.3352
0.11155,0.165924,14.2939
0.287443,0.162536,14.3535
0.657799,0.161029,14.3162
0.788981,0.201532,14.3121
0.516961,0.374373,14.3428
1.09711,0.41556,14.2895
0.332362,0.456882,14.3221
-0.458739,0.582446,14.3435
-1.15643,0.631718,14.3289
-0.17027,0.610874,14.2908
0.0636938,0.679319,14.2864
0.382597,0.67253,14.2965
-0.641731,0.816818,14.3378
1.69822,0.923917,14.325
3.63221,1.05995,14.3236
0.901545,1.20324,14.3123
-1.16915,1.42268,14.3482
-0.749521,2.10685,14.3084
1.601,2.33565,14.3042
1.05353,3.17167,14.3064
-0.509531,3.24016,14.3269
-2.20958,3.33785,14.3448
-1.41163,3.39094,14.3165
-0.0497051,-2.57778,14.4272
-3.95476,-2.30178,14.4175
1.34173,-2.04952,14.4302
-3.20948,-1.44668,14.4094
-2.44664,-1.35334,14.4245
0.824986,-1.35246,14.4015
0.000213206,-0.980415,14.4184
2.05641,-1.05828,14.4216
-1.41189,-0.579065,14.3874
3.44806,-0.583486,14.3602
2.43022,-0.413266,14.3697
-0.926896,-0.318944,14.3674
1.08584,-0.277102,14.4275
0.0867227,-0.251558,14.3899
-1.25387,0.0333264,14.4077
-0.27892,0.0371539,14.4263
1.13949,0.0848981,14.4248
-3.03983,0.221227,14.4051
1.10293,0.251882,14.4013
0.40159,0.28668,14.3889
0.17203,0.418774,14.4253
-0.369178,0.685264,14.402
0.0662214,0.732231,14.4319
0.249923,0.792272,14.3664
-3.73093,1.22312,14.4272
-0.0784834,1.44976,14.4274
-2.90484,2.23143,14.4255
-0.594284,2.73312,14.4214
0.110198,2.75779,14.4059
0.595628,3.07845,14.3874
-0.454513,-4.37968,14.4409
-0.188305,-2.56342,14.4997
-0.970041,-2.31285,14.4991
-0.821526,-2.05057,14.4476
-1.14888,-1.81293,14.4884
1.16257,-1.80878,14.4559
0.168472,-1.16668,14.4818
0.139653,-0.900347,14.4355
-0.109298,-0.773872,14.5064
0.78971,-0.782728,14.4615
0.447198,-0.670863,14.509
2.80802,-0.702263,14.4716
-0.776957,-0.648799,14.4982
2.69328,-0.542077,14.441
2.84479,-0.562294,14.4586
-0.697815,-0.477487,14.4904
-1.47147,-0.396281,14.4518
-0.606188,-0.356305,14.4781
-0.150631,-0.424617,14.4544
-1.6361,-0.319529,14.4979
-0.95418,-0.284796,14.4852
0.854826,-0.314704,14.5106
0.0571105,-0.00676118,14.4552
-0.0340951,0.11513,14.4361
0.334267,0.0662935,14.4368
-3.28137,0.126873,14.5034
1.29013,0.158668,14.4461
0.96527,0.254657,14.4807
1.50791,0.237043,14.4756
-0.109529,0.333772,14.4518
-2.74945,0.362546,14.4987
-0.756045,0.436029,14.4767
-0.70819,0.650553,14.4761
0.307284,0.731117,14.4738
-0.465989,0.878866,14.4463
-2.1115,1.06151,14.5075
-0.80209,1.26854,14.488
-0.706786,1.51985,14.4938
1.08667,1.57259,14.4999
-1.26285,2.07923,14.4396
-3.53451,2.38234,14.5008
-3.6008,2.71665,14.4456
0.344675,3.07071,14.4432
0.73903,-2.93989,14.5897
0.397539,-1.51963,14.5693
0.0313682,-1.23706,14.5852
0.473955,-1.28094,14.557
-0.7334,-1.02211,14.5559
-1.48327,-0.867042,14.5235
-1.32433,-0.724508,14.5776
-0.39936,-0.677065,14.5242
0.929978,-0.660022,14.5332
-1.20835,-0.448367,14.569
-0.0648869,-0.0568746,14.5256
-1.53057,0.0951246,14.5321
-0.81285,0.106561,14.5838
0.306253,0.0418688,14.5843
-1.186,0.13366,14.5371
-0.977571,0.141351,14.5833
0.132217,0.157384,14.5836
0.918377,0.131344,14.5492
-0.188011,0.228103,14.584
0.08436,0.305819,14.5413
-2.22681,0.406629,14.59
-0.152176,0.452299,14.5905
0.842177,0.484039,14.5766
-2.02429,0.863456,14.5334
1.0544,1.11196,14.5874
-1.01095,1.26347,14.5278
2.43133,1.93071,14.5851
0.132021,2.08709,14.5169
0.569495,2.39854,14.5233
1.75344,-2.91412,14.6227
-2.45314,-2.66912,14.6133
-0.0724773,-2.40744,14.6577
0.725694,-1.89592,14.5969
-0.36146,-1.1184,14.6464
-3.83025,-0.829005,14.6675
-0.852999,-0.800878,14.6553
1.19058,-0.714643,14.6278
0.999097,-0.324687,14.6552
-1.65079,-0.162049,14.5926
1.96326,-0.0575607,14.6535
0.00202152,0.113126,14.5927
2.13955,0.190692,14.6366
1.45273,0.272293,14.6572
-2.06449,0.559225,14.6021
-1.06186,0.525012,14.661
-0.512652,0.537039,14.6594
-0.23441,0.627601,14.66
0.926654,1.21785,14.598
-0.904423,1.39235,14.6681
-1.85935,1.4884,14.6479
0.742114,1.60736,14.6175
1.18234,1.61404,14.6419
1.65234,2.11466,14.6673
-0.508295,2.70535,14.6313
-0.026867,-2.21132,14.671
-1.3548,-1.94682,14.6906
2.47876,-1.97506,14.7356
3.39294,-1.74363,14.6789
0.118675,-1.62844,14.699
0.889458,-1.67749,14.6896
-1.38486,-0.99643,14.6826
0.668719,-0.856835,14.7302
-0.145465,-0.798903,14.7211
0.298596,-0.698402,14.7382
-0.0380605,-0.520748,14.739
0.516006,-0.358343,14.7201
1.24856,-0.355415,14.6865
-0.268873,-0.317219,14.7349
-1.25987,-0.149783,14.6846
-0.669,-0.136132,14.6868
-2.76688,-0.0605407,14.739
-0.403536,-0.0661092,14.6884
-0.12232,0.0288704,14.6891
-0.517271,0.135649,14.7042
1.59135,0.187578,14.7236
-0.330518,0.273357,14.6705
-0.214954,0.26423,14.7183
-1.67308,0.362661,14.74
-1.5381,0.465742,14.697
0.119484,0.444959,14.693
0.210062,0.780449,14.6894
0.404504,0.879426,14.7294
-1.47489,0.914868,14.7418
1.52407,0.923472,14.7426
-0.591467,1.52219,14.7361
-0.656448,1.76118,14.7379
-0.948098,1.94771,14.7111
-1.41206,2.44832,14.6917
-0.29187,3.31286,14.6867
-1.24302,-2.65429,14.7732
-1.95087,-2.19677,14.7512
0.374671,-2.09311,14.8139
1.27977,-1.69391,14.7781
0.0206083,-1.38864,14.8101
3.87721,-1.09422,14.8011
0.490234,-1.05073,14.7656
0.971816,-1.0062,14.769
-1.9564,-0.697854,14.8185
-2.0175,-0.588823,14.7841
0.504456,-0.510611,14.8044
1.5638,-0.51711,14.8081
0.126706,-0.423462,14.7866
-0.863927,-0.332704,14.751
-1.66186,0.0257132,14.78
0.00386829,0.142393,14.794
2.78291,0.288293,14.7848
-2.1427,0.681362,14.7599
-0.255618,1.07628,14.7546
0.779611,1.17804,14.7538
-0.435061,1.27261,14.779
0.674619,1.4274,14.8002
2.02559,-4.04883,14.89
0.511945,-2.92255,14.8692
-0.809714,-1.43279,14.8733
1.30324,-1.37635,14.8628
-1.48189,-1.29407,14.8767
-0.115325,-1.19128,14.8646
0.112929,-0.905683,14.8626
0.330885,-0.758233,14.8362
-0.0682254,-0.720752,14.8766
1.76764,-0.650443,14.8878
1.76462,-0.49241,14.8462
-1.05162,-0.332083,14.8956
0.924674,-0.259009,14.882
1.12794,-0.234069,14.8907
-0.567863,-0.143777,14.892
0.811813,-0.178683,14.8336
0.43723,0.0135482,14.8371
0.917544,0.0533137,14.9001
0.333071,0.197231,14.855
1.60609,0.330316,14.8799
-1.0942,0.503639,14.8976
3.45734,0.442806,14.8545
-0.804006,0.637274,14.8879
1.80489,0.60288,14.87
-0.945453,0.974822,14.902
-0.216107,1.40184,14.8925
-3.50461,1.79935,14.8676
1.72846,1.76748,14.8287
0.617323,2.04923,14.8651
0.168376,2.35674,14.885
2.23678,3.60191,14.8411
2.06309,-2.95113,14.9294
0.0197231,-2.67875,14.9565
1.41149,-1.46722,14.9391
0.442561,-1.23623,14.9515
-1.74353,-1.03618,14.9647
0.316392,-0.951741,14.959
-0.875927,-0.832859,14.9594
2.25183,-0.699414,14.973
-0.724507,-0.438602,14.954
-0.106549,-0.218505,14.9183
1.5003,-0.262416,14.9767
-0.372417,0.217619,14.97
1.74842,0.459889,14.9249
-0.333525,0.52081,14.9823
-1.00048,0.612461,14.9363
0.485113,0.695154,14.9231
1.60664,0.717902,14.9608
-4.49196,0.755084,14.9762
-3.66565,1.25131,14.9148
-1.0636,1.30546,14.9665
-0.567472,1.91872,14.9689
-0.800438,2.78058,14.9265
1.09514,-2.2963,15.0007
1.16496,-2.07233,15.0018
2.72243,-1.61763,15.0246
1.06573,-1.52361,14.984
-0.592568,-1.16006,15.0096
-0.599751,-0.794756,15.044
-0.429012,-0.802069,15.0527
-0.750588,-0.666967,15.0147
1.755,-0.704396,15.0369
-1.22143,-0.222233,14.9931
1.19991,-0.162223,15.0123
-0.155708,-0.0586938,15.0151
-0.679215,-0.0374854,15.0199
1.22947,0.00430458,15.0315
0.204298,0.218514,15.0233
1.0892,0.275072,15.0072
0.968183,0.421338,14.9884
0.0352235,0.571979,15.0222
0.654215,0.715359,15.0267
1.23836,0.846699,15.0188
1.66683,0.945349,15.0289
-1.35358,1.0014,15.0225
-0.634052,1.26446,15.037
0.410353,1.52162,15.0141
-2.43103,1.65784,15.0581
-1.4709,1.86429,15.0545
1.29069,1.91565,14.9897
-1.17429,-1.31434,15.0958
-0.940329,-1.29084,15.1013
-1.23227,-1.04259,15.1279
-1.78802,-0.84075,15.0754
-1.07043,-0.845067,15.0904
1.36395,-0.733416,15.07
-1.80033,-0.608003,15.0871
-0.50133,-0.600685,15.1104
0.778754,-0.571901,15.0654
1.021,-0.154703,15.1284
-1.92175,-0.0368772,15.0898
1.57029,0.326048,15.0902
-0.511224,0.693793,15.0746
-0.441882,0.838637,15.1335
0.665495,0.892229,15.1057
1.4294,0.963839,15.0649
-0.839549,1.12914,15.1387
2.77249,1.19132,15.1241
0.0791031,1.41934,15.1028
3.5246,1.46101,15.0855
1.50007,1.57527,15.0679
-1.85487,-1.14758,15.1643
0.405013,-1.07388,15.1983
-0.817469,-0.906075,15.1773
0.13774,-0.347221,15.1556
-1.41985,-0.197669,15.1468
1.63181,-0.234132,15.1481
3.84002,-0.0867201,15.205
0.399743,0.145664,15.1421
0.938543,0.329341,15.2011
-0.68595,0.794244,15.174
-0.45137,1.08563,15.2121
-1.19172,1.36136,15.1975
-0.331949,1.43652,15.1716
-1.31915,1.45905,15.1864
0.199282,-2.2642,15.2206
2.10672,-1.90573,15.2825
1.43808,-1.56833,15.2786
1.28472,-1.47636,15.2826
-0.565253,-1.44738,15.2774
-0.358102,-1.43733,15.2353
-0.68933,-0.94672,15.283
-0.885998,-0.734012,15.2501
-1.06987,-0.208726,15.2518
0.650869,0.528095,15.2572
0.409751,0.611678,15.2407
0.972003,0.902737,15.2866
-0.863177,1.50451,15.2248
0.948651,2.1627,15.2856
-0.785947,-2.10939,15.3631
1.0621,-1.41962,15.3343
1.25171,-1.34395,15.3694
-0.986683,-1.22929,15.3067
2.73708,-1.00696,15.349
2.98221,-1.0129,15.3343
-1.23057,-0.243049,15.3032
-0.970707,-0.165682,15.3405
-0.770235,-0.186689,15.3294
1.17521,0.380422,15.372
1.66625,0.356277,15.3394
2.1028,0.438779,15.3478
0.0682113,0.570342,15.3194
0.795137,0.599809,15.3489
-0.0987964,0.720569,15.3048
1.46978,1.01296,15.3686
-0.129263,1.12972,15.3135
1.46209,2.0839,15.3304
1.48258,3.33092,15.3689
-1.06115,-3.04608,15.3917
-1.68596,-2.7225,15.3882
0.190307,-1.98308,15.4023
0.248893,-1.73988,15.3792
0.320919,-1.53514,15.3758
-0.573882,-1.42153,15.4506
1.99461,-1.10376,15.3826
-0.865287,-1.01808,15.3984
1.89238,-0.0921977,15.3919
2.39823,0.269626,15.3867
-1.3723,0.382241,15.3842
-1.75768,0.571342,15.4056
-1.94195,0.636232,15.3905
0.0875765,1.006,15.3762
-1.19628,-2.22658,15.4619
0.104594,-1.41001,15.4848
-1.49982,-1.11821,15.4651
-2.01873,-1.03503,15.5151
2.00247,-0.218331,15.4568
-1.78354,0.390262,15.5079
-0.89061,0.719982,15.5156
1.44678,0.760545,15.4973
2.15104,1.01628,15.5267
-0.58259,-0.795159,15.5772
-1.38652,-0.252102,15.6055
1.01856,-0.0829854,15.5793
-1.61319,0.607334,15.598
1.59318,0.694113,15.5714
1.10589,0.748709,15.5493
-0.227364,1.02702,15.5489
-0.593144,-3.33544,15.6339
-0.517069,-1.30419,15.6388
-1.08614,-1.20519,15.6094
1.7971,-0.421088,15.6365
-1.32681,-0.102553,15.6125
-2.22658,0.111613,15.6241
1.09353,0.578592,15.6167
-1.28554,0.616369,15.6836
1.31552,1.09777,15.6497
0.170965,-1.03012,15.7007
0.949577,-0.744411,15.746
1.6763,-0.0175447,15.7541
-1.75303,1.03833,15.7339
-0.159886,1.93587,15.7621
-0.453452,-2.25264,15.964
-1.51852,-1.91026,15.9541
-1.23107,0.419673,16.0639
-0.0932988,1.82256,16.1844
-0.250173,-0.046009,16.3767
2.15376,1.05369,16.5478
-6.0,-6.0,-2.0
-6.0,-6.0,-2.0
-6.0,-6.0,-2.0
-6.0,-6.0,-2.0
-6.0,-6.0,-2.0
-6.0,-6.0,-2.0
-6.0,-6.0,-2.0
-6.0,-6.0,-2.0
-6.0,-6.0,-2.0
-6.0,-6.0,-2.0
-6.0,-6.0,-2.0
-6.0,-6.0,-2.0
-6.0,-6.0,-2.0
-6.0,-6.0,-2.0
-6.0,-6.0,-2.0
-6.0,-6.0,-2.0
-6.0,-6.0,-2.0
-6.0,-6.0,-2.0
-6.0,-6.0,-2.0
-6.0,-6.0,-2.0
-6.0,-6.0,-2.0
-6.0,-6.0,-2.0
-6.0,-6.0,-2.0
-6.0,-6.0,-2.0
-6.0,-6.0,-2.0
-6.0,-6.0,-2.0
-6.0,-6.0,-2.0
-6.0,-6.0,-2.0
-6.0,-6.0,-2.0
-6.0,-6.0,-2.0
-6.0,-6.0,-2.0
-6.0,-6.0,-2.0
-6.0,-6.0,-2.0
-6.0,-6.0,-2.0
-6.0,-6.0,-2.0
-6.0,-6.0,-2.0
-6.0,-6.0,-2.0
-6.0,-6.0,-2.0
-6.0,-6.0,-2.0
-6.0,-6.0,-2.0
-6.0,-6.0,-2.0
-6.0,-6.0,-2.0
-6.0,-6.0,-2.0
-6.0,-6.0,-2.0
-6.0,-6.0,-2.0
-6.0,-6.0,-2.0
-6.0,-6.0,-2.0
-6.0,-6.0,-2.0
-6.0,-6.0,-2.0
-6.0,-6.0,-2.0
-6.0,-6.0,-2.0
-6.0,-6.0,-2.0
-6.0,-6.0,-2.0
-6.0,-6.0,-2.0
-6.0,-6.0,-2.0
-6.0,-6.0,-2.0
-6.0,-6.0,-2.0
-6.0,-6.0,-2.0
-6.0,-6.0,-2.0
-6.0,-6.0,-2.0
-6.0,-6.0,-2.0
-6.0,-6.0,-2.0
-6.0,-6.0,-2.0
-6.0,-6.0,-2.0
-6.0,-6.0,-2.0
-6.0,-6.0,-2.0
-6.0,-6.0,-2.0
-6.0,-6.0,-2.0
-6.0,-6.0,-2.0
-6.0,-6.0,-2.0
-6.0,-6.0,-2.0
-6.0,-6.0,-2.0
-6.0,-6.0,-2.0
-6.0,-6.0,-2.0
-6.0,-6.0,-2.0
-6.0,-6.0,-2.0
-6.0,-6.0,-2.0
-6.0,-6.0,-2.0
-6.0,-6.0,-2.0
-6.0,-6.0,-2.0
-6.0,-6.0,-2.0
-6.0,-6.0,-2.0
-6.0,-6.0,-2.0
-6.0,-6.0,-2.0
-6.0,-6.0,-2.0
-6.0,-6.0,-2.0
-6.0,-6.0,-2.0
-6.0,-6.0,-2.0
-6.0,-6.0,-2.0
-6.0,-6.0,-2.0
-6.0,-6.0,-2.0
-6.0,-6.0,-2.0
-6.0,-6.0,-2.0
-6.0,-6.0,-2.0
-6.0,-6.0,-2.0
-6.0,-6.0,-2.0
-6.0,-6.0,-2.0
-6.0,-6.0,-2.0
-6.0,-6.0,-2.0
-6.0,-6.0,-2.0
-6.0,-6.0,-2.0
-6.0,-6.0,-2.0
-6.0,-6.0,-2.0
-6.0,-6.0,-2.0
-6.0,-6.0,-2.0
-6.0,-6.0,-2.0
-6.0,-6.0,-2.0
-6.0,-6.0,-2.0
-6.0,-6.0,-2.0
-6.0,-6.0,-2.0
-6.0,-6.0,-2.0
-6.0,-6.0,-2.0
-6.0,-6.0,-2.0
-6.0,-6.0,-2.0
-6.0,-6.0,-2.0
-6.0,-6.0,-2.0
-6.0,-6.0,-2.0
-6.0,-6.0,-2.0
-6.0,-6.0,-2.0
-6.0,-6.0,-2.0
-6.0,-6.0,-2.0
-6.0,-6.0,-2.0
-6.0,-6.0,-2.0
-6.0,-6.0,-2.0
-6.0,-6.0,-2.0
-6.0,-6.0,-2.0
-6.0,-6.0,-2.0
-6.0,-6.0,-2.0
-6.0,-6.0,-2.0
-6.0,-6.0,-2.0
-6.0,-6.0,-2.0
-6.0,-6.0,-2.0
-6.0,-6.0,-2.0
-6.0,-6.0,-2.0
-6.0,-6.0,-2.0
-6.0,-6.0,-2.0
-6.0,-6.0,-2.0
-6.0,-6.0,-2.0
-6.0,-6.0,-2.0
-6.0,-6.0,-2.0
-6.0,-6.0,-2.0
-6.0,-6.0,-2.0
-6.0,-6.0,-2.0
-6.0,-6.0,-2.0
-6.0,-6.0,-2.0
-6.0,-6.0,-2.0
-6.0,-6.0,-2.0
-6.0,-6.0,-2.0
-6.0,-6.0,-2.0
-6.0,-6.0,-2.0
-6.0,-6.0,-2.0
-6.0,-6.0,-2.0
-6.0,-6.0,-2.0
-6.0,-6.0,-2.0
-6.0,-6.0,-2.0
-6.0,-6.0,-2.0
-6.0,-6.0,-2.0
-6.0,-6.0,-2.0
-6.0,-6.0,-2.0
-6.0,-6.0,-2.0
-6.0,-6.0,-2.0
-6.0,-6.0,-2.0
-6.0,-6.0,-2.0
-6.0,-6.0,-2.0
-6.0,-6.0,-2.0
-6.0,-6.0,-2.0
-6.0,-6.0,-2.0
-6.0,-6.0,-2.0
-6.0,-6.0,-2.0
-6.0,-6.0,-2.0
-6.0,-6.0,-2.0
-6.0,-6.0,-2.0
-6.0,-6.0,-2.0
-6.0,-6.0,-2.0
-6.0,-6.0,-2.0
-6.0,-6.0,-2.0
-6.0,-6.0,-2.0
-6.0,-6.0,-2.0
-6.0,-6.0,-2.0
-6.0,-6.0,-2.0
-6.0,-6.0,-2.0
-6.0,-6.0,-2.0
-6.0,-6.0,-2.0
-6.0,-6.0,-2.0
-6.0,-6.0,-2.0
-6.0,-6.0,-2.0
-6.0,-6.0,-2.0
-6.0,-6.0,-2.0
-6.0,-6.0,-2.0
-6.0,-6.0,-2.0
-6.0,-6.0,-2.0
-6.0,-6.0,-2.0
-6.0,-6.0,-2.0
-6.0,-6.0,-2.0
-6.0,-6.0,-2.0
-6.0,-6.0,-2.0
-6.0,-6.0,-2.0
-6.0,-6.0,-2.0
-6.0,-6.0,-2.0
-6.0,-6.0,-2.0
-6.0,-6.0,-2.0
-6.0,-6.0,-2.0
-6.0,-6.0,-2.0
-6.0,-6.0,-2.0
-6.0,-6.0,-2.0
-6.0,-6.0,-2.0
-6.0,-6.0,-2.0
-6.0,-6.0,-2.0
-6.0,-6.0,-2.0
-6.0,-6.0,-2.0
-6.0,-6.0,-2.0
-6.0,-6.0,-2.0
-6.0,-6.0,-2.0
-6.0,-6.0,-2.0
-6.0,-6.0,-2.0
-6.0,-6.0,-2.0
-6.0,-6.0,-2.0
-6.0,-6.0,-2.0
-6.0,-6.0,-2.0
-6.0,-6.0,-2.0
-6.0,-6.0,-2.0
-6.0,-6.0,-2.0
-6.0,-6.0,-2.0
-6.0,-6.0,-2.0
-6.0,-6.0,-2.0
-6.0,-6.0,-2.0
-6.0,-6.0,-2.0
-6.0,-6.0,-2.0
-6.0,-6.0,-2.0
-6.0,-6.0,-2.0
-6.0,-6.0,-2.0
-6.0,-6.0,-2.0
-6.0,-6.0,-2.0
-6.0,-6.0,-2.0
-6.0,-6.0,-2.0
-6.0,-6.0,-2.0
-6.0,-6.0,-2.0
-6.0,-6.0,-2.0
-6.0,-6.0,-2.0
-6.0,-6.0,-2.0
-6.0,-6.0,-2.0
-6.0,-6.0,-2.0
-6.0,-6.0,-2.0
-6.0,-6.0,-2.0
-6.0,-6.0,-2.0
-6.0,-6.0,-2.0
-6.0,-6.0,-2.0
-6.0,-6.0,-2.0
-6.0,-6.0,-2.0
-6.0,-6.0,-2.0
-6.0,-6.0,-2.0
-6.0,-6.0,-2.0
-6.0,-6.0,-2.0
-6.0,-6.0,-2.0
-6.0,-6.0,-2.0
-6.0,-6.0,-2.0
-6.0,-6.0,-2.0
-6.0,-6.0,-2.0
-6.0,-6.0,-2.0
-6.0,-6.0,-2.0
-6.0,-6.0,-2.0
-6.0,-6.0,-2.0
-6.0,-6.0,-2.0
-6.0,-6.0,-2.0
-6.0,-6.0,-2.0
-6.0,-6.0,-2.0
-6.0,-6.0,-2.0
-6.0,-6.0,-2.0
-6.0,-6.0,-2.0
-6.0,-6.0,-2.0
-6.0,-6.0,-2.0
-6.0,-6.0,-2.0
-6.0,-6.0,-2.0
-6.0,-6.0,-2.0
-6.0,-6.0,-2.0
-6.0,-6.0,-2.0
-6.0,-6.0,-2.0
-6.0,-6.0,-2.0
-6.0,-6.0,-2.0
-6.0,-6.0,-2.0
-6.0,-6.0,-2.0
-6.0,-6.0,-2.0
-6.0,-6.0,-2.0
-6.0,-6.0,-2.0
-6.0,-6.0,-2.0
-6.0,-6.0,-2.0
-6.0,-6.0,-2.0
-6.0,-6.0,-2.0
-6.0,-6.0,-2.0
-6.0,-6.0,-2.0
-6.0,-6.0,-2.0
-6.0,-6.0,-2.0
-6.0,-6.0,-2.0
-6.0,-6.0,-2.0
-6.0,-6.0,-2.0
-6.0,-6.0,-2.0
-6.0,-6.0,-2.0
-6.0,-6.0,-2.0
-6.0,-6.0,-2.0
-6.0,-6.0,-2.0
-6.0,-6.0,-2.0
-6.0,-6.0,-2.0
-6.0,-6.0,-2.0
-6.0,-6.0,-2.0
-6.0,-6.0,-2.0
-6.0,-6.0,-2.0
-6.0,-6.0,-2.0
-6.0,-6.0,-2.0
-6.0,-6.0,-2.0
-6.0,-6.0,-2.0
-6.0,-6.0,-2.0
-6.0,-6.0,-2.0
-6.0,-6.0,-2.0
-6.0,-6.0,-2.0
-6.0,-6.0,-2.0
-6.0,-6.0,-2.0
-6.0,-6.0,-2.0
-6.0,-6.0,-2.0
-6.0,-6.0,-2.0
-6.0,-6.0,-2.0
-6.0,-6.0,-2.0
-6.0,-6.0,-2.0
-6.0,-6.0,-2.0
-6.0,-6.0,-2.0
-6.0,-6.0,-2.0
-6.0,-6.0,-2.0
-6.0,-6.0,-2.0
-6.0,-6.0,-2.0
-6.0,-6.0,-2.0
-6.0,-6.0,-2.0
-6.0,-6.0,-2.0
-6.0,-6.0,-2.0
-6.0,-6.0,-2.0
-6.0,-6.0,-2.0
-6.0,-6.0,-2.0
-6.0,-6.0,-2.0
-6.0,-6.0,-2.0
-6.0,-6.0,-2.0
-6.0,-6.0,-2.0
-6.0,-6.0,-2.0
-6.0,-6.0,-2.0
-6.0,-6.0,-2.0
-6.0,-6.0,-2.0
-6.0,-6.0,-2.0
-6.0,-6.0,-2.0
-6.0,-6.0,-2.0
-6.0,-6.0,-2.0
-6.0,-6.0,-2.0
-6.0,-6.0,-2.0
-6.0,-6.0,-2.0
-6.0,-6.0,-2.0
-6.0,-6.0,-2.0
-6.0,-6.0,-2.0
-6.0,-6.0,-2.0
-6.0,-6.0,-2.0
-6.0,-6.0,-2.0
-6.0,-6.0,-2.0
-6.0,-6.0,-2.0
-6.0,-6.0,-2.0
-6.0,-6.0,-2.0
-6.0,-6.0,-2.0
-6.0,-6.0,-2.0
-6.0,-6.0,-2.0
-6.0,-6.0,-2.0
-6.0,-6.0,-2.0
-6.0,-6.0,-2.0
-6.0,-6.0,-2.0
-6.0,-6.0,-2.0
-6.0,-6.0,-2.0
-6.0,-6.0,-2.0
-6.0,-6.0,-2.0
-6.0,-6.0,-2.0
-6.0,-6.0,-2.0
-6.0,-6.0,-2.0
-6.0,-6.0,-2.0
-6.0,-6.0,-2.0
-6.0,-6.0,-2.0
-6.0,-6.0,-2.0
-6.0,-6.0,-2.0
-6.0,-6.0,-2.0
-6.0,-6.0,-2.0
-6.0,-6.0,-2.0
-6.0,-6.0,-2.0
-6.0,-6.0,-2.0
-6.0,-6.0,-2.0
-6.0,-6.0,-2.0
-6.0,-6.0,-2.0
-6.0,-6.0,-2.0
-6.0,-6.0,-2.0
-6.0,-6.0,-2.0
-6.0,-6.0,-2.0
-6.0,-6.0,-2.0
-6.0,-6.0,-2.0
-6.0,-6.0,-2.0
-6.0,-6.0,-2.0
-6.0,-6.0,-2.0
-6.0,-6.0,-2.0
-6.0,-6.0,-2.0
-6.0,-6.0,-2.0
-6.0,-6.0,-2.0
-6.0,-6.0,-2.0
-6.0,-6.0,-2.0
-6.0,-6.0,-2.0
-6.0,-6.0,-2.0
-6.0,-6.0,-2.0
-6.0,-6.0,-2.0
-6.0,-6.0,-2.0
-6.0,-6.0,-2.0
-6.0,-6.0,-2.0
-6.0,-6.0,-2.0
-6.0,-6.0,-2.0
-6.0,-6.0,-2.0
-6.0,-6.0,-2.0
-6.0,-6.0,-2.0
-6.0,-6.0,-2.0
-6.0,-6.0,-2.0
-6.0,-6.0,-2.0
-6.0,-6.0,-2.0
-6.0,-6.0,-2.0
-6.0,-6.0,-2.0
-6.0,-6.0,-2.0
-6.0,-6.0,-2.0
-6.0,-6.0,-2.0
-6.0,-6.0,-2.0
-6.0,-6.0,-2.0
-6.0,-6.0,-2.0
-6.0,-6.0,-2.0
-6.0,-6.0,-2.0
-6.0,-6.0,-2.0
-6.0,-6.0,-2.0
-6.0,-6.0,-2.0
-6.0,-6.0,-2.0
-6.0,-6.0,-2.0
-6.0,-6.0,-2.0
-6.0,-6.0,-2.0
-6.0,-6.0,-2.0
-6.0,-6.0,-2.0
-6.0,-6.0,-2.0
-6.0,-6.0,-2.0
-6.0,-6.0,-2.0
-6.0,-6.0,-2.0
-6.0,-6.0,-2.0
-6.0,-6.0,-2.0
-6.0,-6.0,-2.0
-6.0,-6.0,-2.0
-6.0,-6.0,-2.0
-6.0,-6.0,-2.0
-6.0,-6.0,-2.0
-6.0,-6.0,-2.0
-6.0,-6.0,-2.0
-6.0,-6.0,-2.0
-6.0,-6.0,-2.0
-6.0,-6.0,-2.0
-6.0,-6.0,-2.0
-6.0,-6.0,-2.0
-6.0,-6.0,-2.0
-6.0,-6.0,-2.0
-6.0,-6.0,-2.0
-6.0,-6.0,-2.0
-6.0,-6.0,-2.0
-6.0,-6.0,-2.0
-6.0,-6.0,-2.0
-6.0,-6.0,-2.0
-6.0,-6.0,-2.0
-6.0,-6.0,-2.0
-6.0,-6.0,-2.0
-6.0,-6.0,-2.0
-6.0,-6.0,-2.0
-6.0,-6.0,-2.0
-6.0,-6.0,-2.0
-6.0,-6.0,-2.0
-6.0,-6.0,-2.0
-6.0,-6.0,-2.0
-6.0,-6.0,-2.0
-6.0,-6.0,-2.0
-6.0,-6.0,-2.0
-6.0,-6.0,-2.0
-6.0,-6.0,-2.0
-6.0,-6.0,-2.0
-6.0,-6.0,-2.0
-6.0,-6.0,-2.0
-6.0,-6.0,-2.0
-6.0,-6.0,-2.0
-6.0,-6.0,-2.0
-6.0,-6.0,-2.0
-6.0,-6.0,-2.0
-6.0,-6.0,-2.0
-6.0,-6.0,-2.0
-6.0,-6.0,-2.0
-6.0,-6.0,-2.0
-6.0,-6.0,-2.0
-6.0,-6.0,-2.0
-6.0,-6.0,-2.0
-6.0,-6.0,-2.0
-6.0,-6.0,-2.0
-6.0,-6.0,-2.0
-6.0,-6.0,-2.0
-6.0,-6.0,-2.0
-6.0,-6.0,-2.0
-6.0,-6.0,-2.0
-6.0,-6.0,-2.0
-6.0,-6.0,-2.0
-6.0,-6.0,-2.0
-6.0,-6.0,-2.0
-6.0,-6.0,-2.0
-6.0,-6.0,-2.0
-6.0,-6.0,-2.0
-6.0,-6.0,-2.0
-6.0,-6.0,-2.0
-6.0,-6.0,-2.0
-6.0,-6.0,-2.0
-6.0,-6.0,-2.0
-6.0,-6.0,-2.0
-6.0,-6.0,-2.0
-6.0,-6.0,-2.0
-6.0,-6.0,-2.0
-6.0,-6.0,-2.0
-6.0,-6.0,-2.0
-6.0,-6.0,-2.0
-6.0,-6.0,-2.0
-6.0,-6.0,-2.0
-6.0,-6.0,-2.0
-6.0,-6.0,-2.0
-6.0,-6.0,-2.0
-6.0,-6.0,-2.0
-6.0,-6.0,-2.0
-6.0,-6.0,-2.0
-6.0,-6.0,-2.0
-6.0,-6.0,-2.0
-6.0,-6.0,-2.0
-6.0,-6.0,-2.0
-6.0,-6.0,-2.0
-6.0,-6.0,-2.0
-6.0,-6.0,-2.0
-6.0,-6.0,-2.0
-6.0,-6.0,-2.0
-6.0,-6.0,-2.0
-6.0,-6.0,-2.0
-6.0,-6.0,-2.0
-6.0,-6.0,-2.0
-6.0,-6.0,-2.0
-6.0,-6.0,-2.0
-6.0,-6.0,-2.0
-6.0,-6.0,-2.0
-6.0,-6.0,-2.0
-6.0,-6.0,-2.0
-6.0,-6.0,-2.0
-6.0,-6.0,-2.0
-6.0,-6.0,-2.0
-6.0,-6.0,-2.0
-6.0,-6.0,-2.0
-6.0,-6.0,-2.0
-6.0,-6.0,-2.0
-6.0,-6.0,-2.0
-6.0,-6.0,-2.0
-6.0,-6.0,-2.0
-6.0,-6.0,-2.0
-6.0,-6.0,-2.0
-6.0,-6.0,-2.0
-6.0,-6.0,-2.0
-6.0,-6.0,-2.0
-6.0,-6.0,-2.0
-6.0,-6.0,-2.0
-6.0,-6.0,-2.0
-6.0,-6.0,-2.0
-6.0,-6.0,-2.0
-6.0,-6.0,-2.0
-6.0,-6.0,-2.0
-6.0,-6.0,-2.0
-6.0,-6.0,-2.0
-6.0,-6.0,-2.0
-6.0,-6.0,-2.0
-6.0,-6.0,-2.0
-6.0,-6.0,-2.0
-6.0,-6.0,-2.0
-6.0,-6.0,-2.0
-6.0,-6.0,-2.0
-6.0,-6.0,-2.0
-6.0,-6.0,-2.0
-6.0,-6.0,-2.0
-6.0,-6.0,-2.0
-6.0,-6.0,-2.0
-6.0,-6.0,-2.0
-6.0,-6.0,-2.0
-6.0,-6.0,-2.0
-6.0,-6.0,-2.0
-6.0,-6.0,-2.0
-6.0,-6.0,-2.0
-6.0,-6.0,-2.0
-6.0,-6.0,-2.0
-6.0,-6.0,-2.0
-6.0,-6.0,-2.0
-6.0,-6.0,-2.0
-6.0,-6.0,-2.0
-6.0,-6.0,-2.0
-6.0,-6.0,-2.0
-6.0,-6.0,-2.0
-6.0,-6.0,-2.0
-6.0,-6.0,-2.0
-6.0,-6.0,-2.0
-6.0,-6.0,-2.0
-6.0,-6.0,-2.0
-6.0,-6.0,-2.0
-6.0,-6.0,-2.0
-6.0,-6.0,-2.0
-6.0,-6.0,-2.0
-6.0,-6.0,-2.0
-6.0,-6.0,-2.0
-6.0,-6.0,-2.0
-6.0,-6.0,-2.0
-6.0,-6.0,-2.0
-6.0,-6.0,-2.0
-6.0,-6.0,-2.0
-6.0,-6.0,-2.0
-6.0,-6.0,-2.0
-6.0,-6.0,-2.0
-6.0,-6.0,-2.0
-6.0,-6.0,-2.0
-6.0,-6.0,-2.0
-6.0,-6.0,-2.0
-6.0,-6.0,-2.0
-6.0,-6.0,-2.0
-6.0,-6.0,-2.0
-6.0,-6.0,-2.0
-6.0,-6.0,-2.0
-6.0,-6.0,-2.0
-6.0,-6.0,-2.0
-6.0,-6.0,-2.0
-6.0,-6.0,-2.0
-6.0,-6.0,-2.0
-6.0,-6.0,-2.0
-6.0,-6.0,-2.0
-6.0,-6.0,-2.0
-6.0,-6.0,-2.0
-6.0,-6.0,-2.0
-6.0,-6.0,-2.0
-6.0,-6.0,-2.0
-6.0,-6.0,-2.0
-6.0,-6.0,-2.0
-6.0,-6.0,-2.0
-6.0,-6.0,-2.0
-6.0,-6.0,-2.0
-6.0,-6.0,-2.0
-6.0,-6.0,-2.0
-6.0,-6.0,-2.0
-6.0,-6.0,-2.0
-6.0,-6.0,-2.0
-6.0,-6.0,-2.0
-6.0,-6.0,-2.0
-6.0,-6.0,-2.0
-6.0,-6.0,-2.0
-6.0,-6.0,-2.0
-6.0,-6.0,-2.0
-6.0,-6.0,-2.0
-6.0,-6.0,-2.0
-6.0,-6.0,-2.0
-6.0,-6.0,-2.0
-6.0,-6.0,-2.0
-6.0,-6.0,-2.0
-6.0,-6.0,-2.0
-6.0,-6.0,-2.0
-6.0,-6.0,-2.0
-6.0,-6.0,-2.0
-6.0,-6.0,-2.0
-6.0,-6.0,-2.0
-6.0,-6.0,-2.0
-6.0,-6.0,-2.0
-6.0,-6.0,-2.0
-6.0,-6.0,-2.0
-6.0,-6.0,-2.0
-6.0,-6.0,-2.0
-6.0,-6.0,-2.0
-6.0,-6.0,-2.0
-6.0,-6.0,-2.0
-6.0,-6.0,-2.0
-6.0,-6.0,-2.0
-6.0,-6.0,-2.0
-6.0,-6.0,-2.0
-6.0,-6.0,-2.0
-6.0,-6.0,-2.0
-6.0,-6.0,-2.0
-6.0,-6.0,-2.0
-6.0,-6.0,-2.0
-6.0,-6.0,-2.0
-6.0,-6.0,-2.0
-6.0,-6.0,-2.0
-6.0,-6.0,-2.0
-6.0,-6.0,-2.0
-6.0,-6.0,-2.0
-6.0,-6.0,-2.0
-6.0,-6.0,-2.0
-6.0,-6.0,-2.0
-6.0,-6.0,-2.0
-6.0,-6.0,-2.0
-6.0,-6.0,-2.0
-6.0,-6.0,-2.0
-6.0,-6.0,-2.0
-6.0,-6.0,-2.0
-6.0,-6.0,-2.0
-6.0,-6.0,-2.0
-6.0,-6.0,-2.0
-6.0,-6.0,-2.0
-6.0,-6.0,-2.0
-6.0,-6.0,-2.0
-6.0,-6.0,-2.0
-6.0,-6.0,-2.0
-6.0,-6.0,-2.0
-6.0,-6.0,-2.0
-6.0,-6.0,-2.0
-6.0,-6.0,-2.0
-6.0,-6.0,-2.0
-6.0,-6.0,-2.0
-6.0,-6.0,-2.0
-6.0,-6.0,-2.0
-6.0,-6.0,-2.0
-6.0,-6.0,-2.0
-6.0,-6.0,-2.0
-6.0,-6.0,-2.0
-6.0,-6.0,-2.0
-6.0,-6.0,-2.0
-6.0,-6.0,-2.0
-6.0,-6.0,-2.0
-6.0,-6.0,-2.0
-6.0,-6.0,-2.0
-6.0,-6.0,-2.0
-6.0,-6.0,-2.0
-6.0,-6.0,-2.0
-6.0,-6.0,-2.0
-6.0,-6.0,-2.0
-6.0,-6.0,-2.0
-6.0,-6.0,-2.0
-6.0,-6.0,-2.0
-6.0,-6.0,-2.0
-6.0,-6.0,-2.0
-6.0,-6.0,-2.0
-6.0,-6.0,-2.0
-6.0,-6.0,-2.0
-6.0,-6.0,-2.0
-6.0,-6.0,-2.0
-6.0,-6.0,-2.0
-6.0,-6.0,-2.0
-6.0,-6.0,-2.0
-6.0,-6.0,-2.0
-6.0,-6.0,-2.0
-6.0,-6.0,-2.0
-6.0,-6.0,-2.0
-6.0,-6.0,-2.0
-6.0,-6.0,-2.0
-6.0,-6.0,-2.0
-6.0,-6.0,-2.0
-6.0,-6.0,-2.0
-6.0,-6.0,-2.0
-6.0,-6.0,-2.0
-6.0,-6.0,-2.0
-6.0,-6.0,-2.0
-6.0,-6.0,-2.0
-6.0,-6.0,-2.0
-6.0,-6.0,-2.0
-6.0,-6.0,-2.0
-6.0,-6.0,-2.0
-6.0,-6.0,-2.0
-6.0,-6.0,-2.0
-6.0,-6.0,-2.0
-6.0,-6.0,-2.0
-6.0,-6.0,-2.0
-6.0,-6.0,-2.0
-6.0,-6.0,-2.0
-6.0,-6.0,-2.0
-6.0,-6.0,-2.0
-6.0,-6.0,-2.0
-6.0,-6.0,-2.0
-6.0,-6.0,-2.0
-6.0,-6.0,-2.0
-6.0,-6.0,-2.0
-6.0,-6.0,-2.0
-6.0,-6.0,-2.0
-6.0,-6.0,-2.0
-6.0,-6.0,-2.0
-6.0,-6.0,-2.0
-6.0,-6.0,-2.0
-6.0,-6.0,-2.0
-6.0,-6.0,-2.0
-6.0,-6.0,-2.0
-6.0,-6.0,-2.0
-6.0,-6.0,-2.0
-6.0,-6.0,-2.0
-6.0,-6.0,-2.0
-6.0,-6.0,-2.0
-6.0,-6.0,-2.0
-6.0,-6.0,-2.0
-6.0,-6.0,-2.0
-6.0,-6.0,-2.0
-6.0,-6.0,-2.0
-6.0,-6.0,-2.0
-6.0,-6.0,-2.0
-6.0,-6.0,-2.0
-6.0,-6.0,-2.0
-6.0,-6.0,-2.0
-6.0,-6.0,-2.0
-6.0,-6.0,-2.0
-6.0,-6.0,-2.0
-6.0,-6.0,-2.0
-6.0,-6.0,-2.0
-6.0,-6.0,-2.0
-6.0,-6.0,-2.0
-6.0,-6.0,-2.0
-6.0,-6.0,-2.0
-6.0,-6.0,-2.0
-6.0,-6.0,-2.0
-6.0,-6.0,-2.0
-6.0,-6.0,-2.0
-6.0,-6.0,-2.0
-6.0,-6.0,-2.0
-6.0,-6.0,-2.0
-6.0,-6.0,-2.0
-6.0,-6.0,-2.0
-6.0,-6.0,-2.0
-6.0,-6.0,-2.0
-6.0,-6.0,-2.0
-6.0,-6.0,-2.0
-6.0,-6.0,-2.0
-6.0,-6.0,-2.0
-6.0,-6.0,-2.0
-6.0,-6.0,-2.0
-6.0,-6.0,-2.0
-6.0,-6.0,-2.0
-6.0,-6.0,-2.0
-6.0,-6.0,-2.0
-6.0,-6.0,-2.0
-6.0,-6.0,-2.0
-6.0,-6.0,-2.0
-6.0,-6.0,-2.0
-6.0,-6.0,-2.0
-6.0,-6.0,-2.0
-6.0,-6.0,-2.0
-6.0,-6.0,-2.0
-6.0,-6.0,-2.0
-6.0,-6.0,-2.0
-6.0,-6.0,-2.0
-6.0,-6.0,-2.0
-6.0,-6.0,-2.0
-6.0,-6.0,-2.0
-6.0,-6.0,-2.0
-6.0,-6.0,-2.0
-6.0,-6.0,-2.0
-6.0,-6.0,-2.0
-6.0,-6.0,-2.0
-6.0,-6.0,-2.0
-6.0,-6.0,-2.0
-6.0,-6.0,-2.0
-6.0,-6.0,-2.0
-6.0,-6.0,-2.0
-6.0,-6.0,-2.0
-6.0,-6.0,-2.0
-6.0,-6.0,-2.0
-6.0,-6.0,-2.0
-6.0,-6.0,-2.0
-6.0,-6.0,-2.0
-6.0,-6.0,-2.0
-6.0,-6.0,-2.0
-6.0,-6.0,-2.0
-6.0,-6.0,-2.0
-6.0,-6.0,-2.0
-6.0,-6.0,-2.0
-6.0,-6.0,-2.0
-6.0,-6.0,-2.0
-6.0,-6.0,-2.0
-6.0,-6.0,-2.0
-6.0,-6.0,-2.0
-6.0,-6.0,-2.0
-6.0,-6.0,-2.0
-6.0,-6.0,-2.0
-6.0,-6.0,-2.0
-6.0,-6.0,-2.0
-6.0,-6.0,-2.0
-6.0,-6.0,-2.0
-6.0,-6.0,-2.0
-6.0,-6.0,-2.0
-6.0,-6.0,-2.0
-6.0,-6.0,-2.0
-6.0,-6.0,-2.0
-6.0,-6.0,-2.0
-6.0,-6.0,-2.0
-6.0,-6.0,-2.0
-6.0,-6.0,-2.0
-6.0,-6.0,-2.0
-6.0,-6.0,-2.0
-6.0,-6.0,-2.0
-6.0,-6.0,-2.0
-6.0,-6.0,-2.0
-6.0,-6.0,-2.0
-6.0,-6.0,-2.0
-6.0,-6.0,-2.0
-6.0,-6.0,-2.0
-6.0,-6.0,-2.0
-6.0,-6.0,-2.0
-6.0,-6.0,-2.0
-6.0,-6.0,-2.0
-6.0,-6.0,-2.0
-6.0,-6.0,-2.0
-6.0,-6.0,-2.0
-6.0,-6.0,-2.0
-6.0,-6.0,-2.0
-6.0,-6.0,-2.0
-6.0,-6.0,-2.0
-6.0,-6.0,-2.0
-6.0,-6.0,-2.0
-6.0,-6.0,-2.0
-6.0,-6.0,-2.0
-6.0,-6.0,-2.0
-6.0,-6.0,-2.0
-6.0,-6.0,-2.0
-6.0,-6.0,-2.0
-6.0,-6.0,-2.0
-6.0,-6.0,-2.0
-6.0,-6.0,-2.0
-6.0,-6.0,-2.0
-6.0,-6.0,-2.0
-6.0,-6.0,-2.0
-6.0,-6.0,-2.0
-6.0,-6.0,-2.0
-6.0,-6.0,-2.0
-6.0,-6.0,-2.0
-6.0,-6.0,-2.0
-6.0,-6.0,-2.0
-6.0,-6.0,-2.0
-6.0,-6.0,-2.0
-6.0,-6.0,-2.0
-6.0,-6.0,-2.0
-6.0,-6.0,-2.0
-6.0,-6.0,-2.0
-6.0,-6.0,-2.0
-6.0,-6.0,-2.0
-6.0,-6.0,-2.0
-6.0,-6.0,-2.0
-6.0,-6.0,-2.0
-6.0,-6.0,-2.0
-6.0,-6.0,-2.0
-6.0,-6.0,-2.0
-6.0,-6.0,-2.0
-6.0,-6.0,-2.0
-6.0,-6.0,-2.0
-6.0,-6.0,-2.0
-6.0,-6.0,-2.0
-6.0,-6.0,-2.0
-6.0,-6.0,-2.0
-6.0,-6.0,-2.0
-6.0,-6.0,-2.0
-6.0,-6.0,-2.0
-6.0,-6.0,-2.0
-6.0,-6.0,-2.0
-6.0,-6.0,-2.0
-6.0,-6.0,-2.0
-6.0,-6.0,-2.0
-6.0,-6.0,-2.0
-6.0,-6.0,-2.0
-6.0,-6.0,-2.0
-6.0,-6.0,-2.0
-6.0,-6.0,-2.0
-6.0,-6.0,-2.0
-6.0,-6.0,-2.0
-6.0,-6.0,-2.0
-6.0,-6.0,-2.0
-6.0,-6.0,-2.0
-6.0,-6.0,-2.0
-6.0,-6.0,-2.0
-6.0,-6.0,-2.0
-6.0,-6.0,-2.0
-6.0,-6.0,-2.0
-6.0,-6.0,-2.0
-6.0,-6.0,-2.0
-6.0,-6.0,-2.0
-6.0,-6.0,-2.0
-6.0,-6.0,-2.0
-6.0,-6.0,-2.0
-6.0,-6.0,-2.0
-6.0,-6.0,-2.0
-6.0,-6.0,-2.0
-6.0,-6.0,-2.0
-6.0,-6.0,-2.0
-6.0,-6.0,-2.0
-6.0,-6.0,-2.0
-6.0,-6.0,-2.0
-6.0,-6.0,-2.0
-6.0,-6.0,-2.0
-6.0,-6.0,-2.0
-6.0,-6.0,-2.0
-6.0,-6.0,-2.0
-6.0,-6.0,-2.0
-6.0,-6.0,-2.0
-6.0,-6.0,-2.0
-6.0,-6.0,-2.0
-6.0,-6.0,-2.0
-6.0,-6.0,-2.0
-6.0,-6.0,-2.0
-6.0,-6.0,-2.0
-6.0,-6.0,-2.0
-6.0,-6.0,-2.0
-6.0,-6.0,-2.0
-6.0,-6.0,-2.0
-6.0,-6.0,-2.0
-6.0,-6.0,-2.0
-6.0,-6.0,-2.0
-6.0,-6.0,-2.0
-6.0,-6.0,-2.0
-6.0,-6.0,-2.0
-6.0,-6.0,-2.0
-6.0,-6.0,-2.0
-6.0,-6.0,-2.0
-6.0,-6.0,-2.0
-6.0,-6.0,-2.0
-6.0,-6.0,-2.0
-6.0,-6.0,-2.0
-6.0,-6.0,-2.0
-6.0,-6.0,-2.0
-6.0,-6.0,-2.0
-6.0,-6.0,-2.0
-6.0,-6.0,-2.0
-6.0,-6.0,-2.0
-6.0,-6.0,-2.0
-6.0,-6.0,-2.0
-6.0,-6.0,-2.0
-6.0,-6.0,-2.0
-6.0,-6.0,-2.0
-6.0,-6.0,-2.0
-6.0,-6.0,-2.0
-6.0,-6.0,-2.0
-6.0,-6.0,-2.0
-6.0,-6.0,-2.0
-6.0,-6.0,-2.0
-6.0,-6.0,-2.0
-6.0,-6.0,-2.0
-6.0,-6.0,-2.0
-6.0,-6.0,-2.0
-6.0,-6.0,-2.0
-6.0,-6.0,-2.0
-6.0,-6.0,-2.0
-6.0,-6.0,-2.0
-6.0,-6.0,-2.0
-6.0,-6.0,-2.0
-6.0,-6.0,-2.0
-6.0,-6.0,-2.0
-6.0,-6.0,-2.0
-6.0,-6.0,-2.0
-6.0,-6.0,-2.0
-6.0,-6.0,-2.0
-6.0,-6.0,-2.0
-6.0,-6.0,-2.0
-6.0,-6.0,-2.0
-6.0,-6.0,-2.0
-6.0,-6.0,-2.0
-6.0,-6.0,-2.0
-6.0,-6.0,-2.0
-6.0,-6.0,-2.0
-6.0,-6.0,-2.0
-6.0,-6.0,-2.0
-6.0,-6.0,-2.0
-6.0,-6.0,-2.0
-6.0,-6.0,-2.0
-6.0,-6.0,-2.0
-6.0,-6.0,-2.0
-6.0,-6.0,-2.0
-6.0,-6.0,-2.0
-6.0,-6.0,-2.0
-6.0,-6.0,-2.0
-6.0,-6.0,-2.0
-6.0,-6.0,-2.0
-6.0,-6.0,-2.0
-6.0,-6.0,-2.0
-6.0,-6.0,-2.0
-6.0,-6.0,-2.0
-6.0,-6.0,-2.0
-6.0,-6.0,-2.0
-6.0,-6.0,-2.0
-6.0,-6.0,-2.0
-6.0,-6.0,-2.0
-6.0,-6.0,-2.0
-6.0,-6.0,-2.0
-6.0,-6.0,-2.0
-6.0,-6.0,-2.0
-6.0,-6.0,-2.0
-6.0,-6.0,-2.0
-6.0,-6.0,-2.0
-6.0,-6.0,-2.0
-6.0,-6.0,-2.0
-6.0,-6.0,-2.0
-6.0,-6.0,-2.0
-6.0,-6.0,-2.0
-6.0,-6.0,-2.0
-6.0,-6.0,-2.0
-6.0,-6.0,-2.0
-6.0,-6.0,-2.0
-6.0,-6.0,-2.0
-6.0,-6.0,-2.0
-6.0,-6.0,-2.0
-6.0,-6.0,-2.0
-6.0,-6.0,-2.0
-6.0,-6.0,-2.0
-6.0,-6.0,-2.0
-6.0,-6.0,-2.0
-6.0,-6.0,-2.0
-6.0,-6.0,-2.0
-6.0,-6.0,-2.0
-6.0,-6.0,-2.0
-6.0,-6.0,-2.0
-6.0,-6.0,-2.0
-6.0,-6.0,-2.0
-6.0,-6.0,-2.0
-6.0,-6.0,-2.0
-6.0,-6.0,-2.0
-6.0,-6.0,-2.0
-6.0,-6.0,-2.0
-6.0,-6.0,-2.0
-6.0,-6.0,-2.0
-6.0,-6.0,-2.0
-6.0,-6.0,-2.0
-6.0,-6.0,-2.0
-6.0,-6.0,-2.0
-6.0,-6.0,-2.0
-6.0,-6.0,-2.0
-6.0,-6.0,-2.0
-6.0,-6.0,-2.0
-6.0,-6.0,-2.0
-6.0,-6.0,-2.0
-6.0,-6.0,-2.0
-6.0,-6.0,-2.0
-6.0,-6.0,-2.0
-6.0,-6.0,-2.0
-6.0,-6.0,-2.0
-6.0,-6.0,-2.0
-6.0,-6.0,-2.0
-6.0,-6.0,-2.0
-6.0,-6.0,-2.0
-6.0,-6.0,-2.0
-6.0,-6.0,-2.0
-6.0,-6.0,-2.0
-6.0,-6.0,-2.0
-6.0,-6.0,-2.0
-6.0,-6.0,-2.0
-6.0,-6.0,-2.0
-6.0,-6.0,-2.0
-6.0,-6.0,-2.0
-6.0,-6.0,-2.0
-6.0,-6.0,-2.0
-6.0,-6.0,-2.0
-6.0,-6.0,-2.0
-6.0,-6.0,-2.0
-6.0,-6.0,-2.0
-6.0,-6.0,-2.0
-6.0,-6.0,-2.0
-6.0,-6.0,-2.0
-6.0,-6.0,-2.0
-6.0,-6.0,-2.0
-6.0,-6.0,-2.0
-6.0,-6.0,-2.0
-6.0,-6.0,-2.0
-6.0,-6.0,-2.0
-6.0,-6.0,-2.0
-6.0,-6.0,-2.0
-6.0,-6.0,-2.0
-6.0,-6.0,-2.0
-6.0,-6.0,-2.0
-6.0,-6.0,-2.0
-6.0,-6.0,-2.0
-6.0,-6.0,-2.0
-6.0,-6.0,-2.0
-6.0,-6.0,-2.0
-6.0,-6.0,-2.0
-6.0,-6.0,-2.0
-6.0,-6.0,-2.0
-6.0,-6.0,-2.0
-6.0,-6.0,-2.0
-6.0,-6.0,-2.0
-6.0,-6.0,-2.0
-6.0,-6.0,-2.0
-6.0,-6.0,-2.0
-6.0,-6.0,-2.0
-6.0,-6.0,-2.0
-6.0,-6.0,-2.0
-6.0,-6.0,-2.0
-6.0,-6.0,-2.0
-6.0,-6.0,-2.0
-6.0,-6.0,-2.0
-6.0,-6.0,-2.0
-6.0,-6.0,-2.0
-6.0,-6.0,-2.0
-6.0,-6.0,-2.0
-6.0,-6.0,-2.0
-6.0,-6.0,-2.0
-6.0,-6.0,-2.0
-6.0,-6.0,-2.0
-6.0,-6.0,-2.0
-6.0,-6.0,-2.0
-6.0,-6.0,-2.0
-6.0,-6.0,-2.0
-6.0,-6.0,-2.0
-6.0,-6.0,-2.0
-6.0,-6.0,-2.0
-6.0,-6.0,-2.0
-6.0,-6.0,-2.0
-6.0,-6.0,-2.0
-6.0,-6.0,-2.0
-6.0,-6.0,-2.0
-6.0,-6.0,-2.0
-6.0,-6.0,-2.0
-6.0,-6.0,-2.0
-6.0,-6.0,-2.0
-6.0,-6.0,-2.0
-6.0,-6.0,-2.0
-6.0,-6.0,-2.0
-6.0,-6.0,-2.0
-6.0,-6.0,-2.0
-6.0,-6.0,-2.0
-6.0,-6.0,-2.0
-6.0,-6.0,-2.0
-6.0,-6.0,-2.0
-6.0,-6.0,-2.0
-6.0,-6.0,-2.0
-6.0,-6.0,-2.0
-6.0,-6.0,-2.0
-6.0,-6.0,-2.0
-6.0,-6.0,-2.0
-6.0,-6.0,-2.0
-6.0,-6.0,-2.0
-6.0,-6.0,-2.0
-6.0,-6.0,-2.0
-6.0,-6.0,-2.0
-6.0,-6.0,-2.0
-6.0,-6.0,-2.0
-6.0,-6.0,-2.0
-6.0,-6.0,-2.0
-6.0,-6.0,-2.0
-6.0,-6.0,-2.0
-6.0,-6.0,-2.0
-6.0,-6.0,-2.0
-6.0,-6.0,-2.0
-6.0,-6.0,-2.0
-6.0,-6.0,-2.0
-6.0,-6.0,-2.0
-6.0,-6.0,-2.0
-6.0,-6.0,-2.0
-6.0,-6.0,-2.0
-6.0,-6.0,-2.0
-6.0,-6.0,-2.0
-6.0,-6.0,-2.0
-6.0,-6.0,-2.0
-6.0,-6.0,-2.0
-6.0,-6.0,-2.0
-6.0,-6.0,-2.0
-6.0,-6.0,-2.0
-6.0,-6.0,-2.0
-6.0,-6.0,-2.0
-6.0,-6.0,-2.0
-6.0,-6.0,-2.0
-6.0,-6.0,-2.0
-6.0,-6.0,-2.0
-6.0,-6.0,-2.0
-6.0,-6.0,-2.0
-6.0,-6.0,-2.0
-6.0,-6.0,-2.0
-6.0,-6.0,-2.0
-6.0,-6.0,-2.0
-6.0,-6.0,-2.0
-6.0,-6.0,-2.0
-6.0,-6.0,-2.0
-6.0,-6.0,-2.0
-6.0,-6.0,-2.0
-6.0,-6.0,-2.0
-6.0,-6.0,-2.0
-6.0,-6.0,-2.0
-6.0,-6.0,-2.0
-6.0,-6.0,-2.0
-6.0,-6.0,-2.0
-6.0,-6.0,-2.0
-6.0,-6.0,-2.0
-6.0,-6.0,-2.0
-6.0,-6.0,-2.0
-6.0,-6.0,-2.0
-6.0,-6.0,-2.0
-6.0,-6.0,-2.0
-6.0,-6.0,-2.0
-6.0,-6.0,-2.0
-6.0,-6.0,-2.0
-6.0,-6.0,-2.0
-6.0,-6.0,-2.0
-6.0,-6.0,-2.0
-6.0,-6.0,-2.0
-6.0,-6.0,-2.0
-6.0,-6.0,-2.0
-6.0,-6.0,-2.0
-6.0,-6.0,-2.0
-6.0,-6.0,-2.0
-6.0,-6.0,-2.0
-6.0,-6.0,-2.0
-6.0,-6.0,-2.0
-6.0,-6.0,-2.0
-6.0,-6.0,-2.0
-6.0,-6.0,-2.0
-6.0,-6.0,-2.0
-6.0,-6.0,-2.0
-6.0,-6.0,-2.0
-6.0,-6.0,-2.0
-6.0,-6.0,-2.0
-6.0,-6.0,-2.0
-6.0,-6.0,-2.0
-6.0,-6.0,-2.0
-6.0,-6.0,-2.0
-6.0,-6.0,-2.0
-6.0,-6.0,-2.0
-6.0,-6.0,-2.0
-6.0,-6.0,-2.0
-6.0,-6.0,-2.0
-6.0,-6.0,-2.0
-6.0,-6.0,-2.0
-6.0,-6.0,-2.0
-6.0,-6.0,-2.0
-6.0,-6.0,-2.0
-6.0,-6.0,-2.0
-6.0,-6.0,-2.0
-6.0,-6.0,-2.0
-6.0,-6.0,-2.0
-6.0,-6.0,-2.0
-6.0,-6.0,-2.0
-6.0,-6.0,-2.0
-6.0,-6.0,-2.0
-6.0,-6.0,-2.0
-6.0,-6.0,-2.0
-6.0,-6.0,-2.0
-6.0,-6.0,-2.0
-6.0,-6.0,-2.0
-6.0,-6.0,-2.0
-6.0,-6.0,-2.0
-6.0,-6.0,-2.0
-6.0,-6.0,-2.0
-6.0,-6.0,-2.0
-6.0,-6.0,-2.0
-6.0,-6.0,-2.0
-6.0,-6.0,-2.0
-6.0,-6.0,-2.0
-6.0,-6.0,-2.0
-6.0,-6.0,-2.0
-6.0,-6.0,-2.0
-6.0,-6.0,-2.0
-6.0,-6.0,-2.0
-6.0,-6.0,-2.0
-6.0,-6.0,-2.0
-6.0,-6.0,-2.0
-6.0,-6.0,-2.0
-6.0,-6.0,-2.0
-6.0,-6.0,-2.0
-6.0,-6.0,-2.0
-6.0,-6.0,-2.0
-6.0,-6.0,-2.0
-6.0,-6.0,-2.0
-6.0,-6.0,-2.0
-6.0,-6.0,-2.0
-6.0,-6.0,-2.0
-6.0,-6.0,-2.0
-6.0,-6.0,-2.0
-6.0,-6.0,-2.0
-6.0,-6.0,-2.0
-6.0,-6.0,-2.0
-6.0,-6.0,-2.0
-6.0,-6.0,-2.0
-6.0,-6.0,-2.0
-6.0,-6.0,-2.0
-6.0,-6.0,-2.0
-6.0,-6.0,-2.0
-6.0,-6.0,-2.0
-6.0,-6.0,-2.0
-6.0,-6.0,-2.0
-6.0,-6.0,-2.0
-6.0,-6.0,-2.0
-6.0,-6.0,-2.0
-6.0,-6.0,-2.0
-6.0,-6.0,-2.0
-6.0,-6.0,-2.0
-6.0,-6.0,-2.0
-6.0,-6.0,-2.0
-6.0,-6.0,-2.0
-6.0,-6.0,-2.0
-6.0,-6.0,-2.0
-6.0,-6.0,-2.0
-6.0,-6.0,-2.0
-6.0,-6.0,-2.0
-6.0,-6.0,-2.0
-6.0,-6.0,-2.0
-6.0,-6.0,-2.0
-6.0,-6.0,-2.0
-6.0,-6.0,-2.0
-6.0,-6.0,-2.0
-6.0,-6.0,-2.0
-6.0,-6.0,-2.0
-6.0,-6.0,-2.0
-6.0,-6.0,-2.0
-6.0,-6.0,-2.0
-6.0,-6.0,-2.0
-6.0,-6.0,-2.0
-6.0,-6.0,-2.0
-6.0,-6.0,-2.0
-6.0,-6.0,-2.0
-6.0,-6.0,-2.0
-6.0,-6.0,-2.0
-6.0,-6.0,-2.0
-6.0,-6.0,-2.0
-6.0,-6.0,-2.0
-6.0,-6.0,-2.0
-6.0,-6.0,-2.0
-6.0,-6.0,-2.0
-6.0,-6.0,-2.0
-6.0,-6.0,-2.0
-6.0,-6.0,-2.0
-6.0,-6.0,-2.0
-6.0,-6.0,-2.0
-6.0,-6.0,-2.0
-6.0,-6.0,-2.0
-6.0,-6.0,-2.0
-6.0,-6.0,-2.0
-6.0,-6.0,-2.0
-6.0,-6.0,-2.0
-6.0,-6.0,-2.0
-6.0,-6.0,-2.0
-6.0,-6.0,-2.0
-6.0,-6.0,-2.0
-6.0,-6.0,-2.0
-6.0,-6.0,-2.0
-6.0,-6.0,-2.0
-6.0,-6.0,-2.0
-6.0,-6.0,-2.0
-6.0,-6.0,-2.0
-6.0,-6.0,-2.0
-6.0,-6.0,-2.0
-6.0,-6.0,-2.0
-6.0,-6.0,-2.0
-6.0,-6.0,-2.0
-6.0,-6.0,-2.0
-6.0,-6.0,-2.0
-6.0,-6.0,-2.0
-6.0,-6.0,-2.0
-6.0,-6.0,-2.0
-6.0,-6.0,-2.0
-6.0,-6.0,-2.0
-6.0,-6.0,-2.0
-6.0,-6.0,-2.0
-6.0,-6.0,-2.0
-6.0,-6.0,-2.0
-6.0,-6.0,-2.0
-6.0,-6.0,-2.0
-6.0,-6.0,-2.0
-6.0,-6.0,-2.0
-6.0,-6.0,-2.0
-6.0,-6.0,-2.0
-6.0,-6.0,-2.0
-6.0,-6.0,-2.0
-6.0,-6.0,-2.0
-6.0,-6.0,-2.0
-6.0,-6.0,-2.0
-6.0,-6.0,-2.0
-6.0,-6.0,-2.0
-6.0,-6.0,-2.0
-6.0,-6.0,-2.0
-6.0,-6.0,-2.0
-6.0,-6.0,-2.0
-6.0,-6.0,-2.0
-6.0,-6.0,-2.0
-6.0,-6.0,-2.0
-6.0,-6.0,-2.0
-6.0,-6.0,-2.0
-6.0,-6.0,-2.0
-6.0,-6.0,-2.0
-6.0,-6.0,-2.0
-6.0,-6.0,-2.0
-6.0,-6.0,-2.0
-6.0,-6.0,-2.0
-6.0,-6.0,-2.0
-6.0,-6.0,-2.0
-6.0,-6.0,-2.0
-6.0,-6.0,-2.0
-6.0,-6.0,-2.0
-6.0,-6.0,-2.0
-6.0,-6.0,-2.0
-6.0,-6.0,-2.0
-6.0,-6.0,-2.0
-6.0,-6.0,-2.0
-6.0,-6.0,-2.0
-6.0,-6.0,-2.0
-6.0,-6.0,-2.0
-6.0,-6.0,-2.0
-6.0,-6.0,-2.0
-6.0,-6.0,-2.0
-6.0,-6.0,-2.0
-6.0,-6.0,-2.0
-6.0,-6.0,-2.0
-6.0,-6.0,-2.0
-6.0,-6.0,-2.0
-6.0,-6.0,-2.0
-6.0,-6.0,-2.0
-6.0,-6.0,-2.0
-6.0,-6.0,-2.0
-6.0,-6.0,-2.0
-6.0,-6.0,-2.0
-6.0,-6.0,-2.0
-6.0,-6.0,-2.0
-6.0,-6.0,-2.0
-6.0,-6.0,-2.0
-6.0,-6.0,-2.0
-6.0,-6.0,-2.0
-6.0,-6.0,-2.0
-6.0,-6.0,-2.0
-6.0,-6.0,-2.0
-6.0,-6.0,-2.0
-6.0,-6.0,-2.0
-6.0,-6.0,-2.0
-6.0,-6.0,-2.0
-6.0,-6.0,-2.0
-6.0,-6.0,-2.0
-6.0,-6.0,-2.0
-6.0,-6.0,-2.0
-6.0,-6.0,-2.0
-6.0,-6.0,-2.0
-6.0,-6.0,-2.0
-6.0,-6.0,-2.0
-6.0,-6.0,-2.0
-6.0,-6.0,-2.0
-6.0,-6.0,-2.0
-6.0,-6.0,-2.0
-6.0,-6.0,-2.0
-6.0,-6.0,-2.0
-6.0,-6.0,-2.0
-6.0,-6.0,-2.0
-6.0,-6.0,-2.0
-6.0,-6.0,-2.0
-6.0,-6.0,-2.0
-6.0,-6.0,-2.0
-6.0,-6.0,-2.0
-6.0,-6.0,-2.0
-6.0,-6.0,-2.0
-6.0,-6.0,-2.0
-6.0,-6.0,-2.0
-6.0,-6.0,-2.0
-6.0,-6.0,-2.0
-6.0,-6.0,-2.0
-6.0,-6.0,-2.0
-6.0,-6.0,-2.0
-6.0,-6.0,-2.0
-6.0,-6.0,-2.0
-6.0,-6.0,-2.0
-6.0,-6.0,-2.0
-6.0,-6.0,-2.0
-6.0,-6.0,-2.0
-6.0,-6.0,-2.0
-6.0,-6.0,-2.0
-6.0,-6.0,-2.0
-6.0,-6.0,-2.0
-6.0,-6.0,-2.0
-6.0,-6.0,-2.0
-6.0,-6.0,-2.0
-6.0,-6.0,-2.0
-6.0,-6.0,-2.0
-6.0,-6.0,-2.0
-6.0,-6.0,-2.0
-6.0,-6.0,-2.0
-6.0,-6.0,-2.0
-6.0,-6.0,-2.0
-6.0,-6.0,-2.0
-6.0,-6.0,-2.0
-6.0,-6.0,-2.0
-6.0,-6.0,-2.0
-6.0,-6.0,-2.0
-6.0,-6.0,-2.0
-6.0,-6.0,-2.0
-6.0,-6.0,-2.0
-6.0,-6.0,-2.0
-6.0,-6.0,-2.0
-6.0,-6.0,-2.0
-6.0,-6.0,-2.0
-6.0,-6.0,-2.0
-6.0,-6.0,-2.0
-6.0,-6.0,-2.0
-6.0,-6.0,-2.0
-6.0,-6.0,-2.0
-6.0,-6.0,-2.0
-6.0,-6.0,-2.0
-6.0,-6.0,-2.0
-6.0,-6.0,-2.0
-6.0,-6.0,-2.0
-6.0,-6.0,-2.0
-6.0,-6.0,-2.0
-6.0,-6.0,-2.0
-6.0,-6.0,-2.0
-6.0,-6.0,-2.0
-6.0,-6.0,-2.0
-6.0,-6.0,-2.0
-6.0,-6.0,-2.0
-6.0,-6.0,-2.0
-6.0,-6.0,-2.0
-6.0,-6.0,-2.0
-6.0,-6.0,-2.0
-6.0,-6.0,-2.0
-6.0,-6.0,-2.0
-6.0,-6.0,-2.0
-6.0,-6.0,-2.0
-6.0,-6.0,-2.0
-6.0,-6.0,-2.0
-6.0,-6.0,-2.0
-6.0,-6.0,-2.0
-6.0,-6.0,-2.0
-6.0,-6.0,-2.0
-6.0,-6.0,-2.0
-6.0,-6.0,-2.0
-6.0,-6.0,-2.0
-6.0,-6.0,-2.0
-6.0,-6.0,-2.0
-6.0,-6.0,-2.0
-6.0,-6.0,-2.0
-6.0,-6.0,-2.0
-6.0,-6.0,-2.0
-6.0,-6.0,-2.0
-6.0,-6.0,-2.0
-6.0,-6.0,-2.0
-6.0,-6.0,-2.0
-6.0,-6.0,-2.0
-6.0,-6.0,-2.0
-6.0,-6.0,-2.0
-6.0,-6.0,-2.0
-6.0,-6.0,-2.0
-6.0,-6.0,-2.0
-6.0,-6.0,-2.0
-6.0,-6.0,-2.0
-6.0,-6.0,-2.0
-6.0,-6.0,-2.0
-6.0,-6.0,-2.0
-6.0,-6.0,-2.0
-6.0,-6.0,-2.0
-6.0,-6.0,-2.0
-6.0,-6.0,-2.0
-6.0,-6.0,-2.0
-6.0,-6.0,-2.0
-6.0,-6.0,-2.0
-6.0,-6.0,-2.0
-6.0,-6.0,-2.0
-6.0,-6.0,-2.0
-6.0,-6.0,-2.0
-6.0,-6.0,-2.0
-6.0,-6.0,-2.0
-6.0,-6.0,-2.0
-6.0,-6.0,-2.0
-6.0,-6.0,-2.0
-6.0,-6.0,-2.0
-6.0,-6.0,-2.0
-6.0,-6.0,-2.0
-6.0,-6.0,-2.0
-6.0,-6.0,-2.0
-6.0,-6.0,-2.0
-6.0,-6.0,-2.0
-6.0,-6.0,-2.0
-6.0,-6.0,-2.0
-6.0,-6.0,-2.0
-6.0,-6.0,-2.0
-6.0,-6.0,-2.0
-6.0,-6.0,-2.0
-6.0,-6.0,-2.0
-6.0,-6.0,-2.0
-6.0,-6.0,-2.0
-6.0,-6.0,-2.0
-6.0,-6.0,-2.0
-6.0,-6.0,-2.0
-6.0,-6.0,-2.0
-6.0,-6.0,-2.0
-6.0,-6.0,-2.0
-6.0,-6.0,-2.0
-6.0,-6.0,-2.0
-6.0,-6.0,-2.0
-6.0,-6.0,-2.0
-6.0,-6.0,-2.0
-6.0,-6.0,-2.0
-6.0,-6.0,-2.0
-6.0,-6.0,-2.0
-6.0,-6.0,-2.0
-6.0,-6.0,-2.0
-6.0,-6.0,-2.0
-6.0,-6.0,-2.0
-6.0,-6.0,-2.0
-6.0,-6.0,-2.0
-6.0,-6.0,-2.0
-6.0,-6.0,-2.0
-6.0,-6.0,-2.0
-6.0,-6.0,-2.0
-6.0,-6.0,-2.0
-6.0,-6.0,-2.0
-6.0,-6.0,-2.0
-6.0,-6.0,-2.0
-6.0,-6.0,-2.0
-6.0,-6.0,-2.0
-6.0,-6.0,-2.0
-6.0,-6.0,-2.0
-6.0,-6.0,-2.0
-6.0,-6.0,-2.0
-6.0,-6.0,-2.0
-6.0,-6.0,-2.0
-6.0,-6.0,-2.0
-6.0,-6.0,-2.0
-6.0,-6.0,-2.0
-6.0,-6.0,-2.0
-6.0,-6.0,-2.0
-6.0,-6.0,-2.0
-6.0,-6.0,-2.0
-6.0,-6.0,-2.0
-6.0,-6.0,-2.0
-6.0,-6.0,-2.0
-6.0,-6.0,-2.0
-6.0,-6.0,-2.0
-6.0,-6.0,-2.0
-6.0,-6.0,-2.0
-6.0,-6.0,-2.0
-6.0,-6.0,-2.0
-6.0,-6.0,-2.0
-6.0,-6.0,-2.0
-6.0,-6.0,-2.0
-6.0,-6.0,-2.0
-6.0,-6.0,-2.0
-6.0,-6.0,-2.0
-6.0,-6.0,-2.0
-6.0,-6.0,-2.0
-6.0,-6.0,-2.0
-6.0,-6.0,-2.0
-6.0,-6.0,-2.0
-6.0,-6.0,-2.0
-6.0,-6.0,-2.0
-6.0,-6.0,-2.0
-6.0,-6.0,-2.0
-6.0,-6.0,-2.0
-6.0,-6.0,-2.0
-6.0,-6.0,-2.0
-6.0,-6.0,-2.0
-6.0,-6.0,-2.0
-6.0,-6.0,-2.0
-6.0,-6.0,-2.0
-6.0,-6.0,-2.0
-6.0,-6.0,-2.0
-6.0,-6.0,-2.0
-6.0,-6.0,-2.0
-6.0,-6.0,-2.0
-6.0,-6.0,-2.0
-6.0,-6.0,-2.0
-6.0,-6.0,-2.0
-6.0,-6.0,-2.0
-6.0,-6.0,-2.0
-6.0,-6.0,-2.0
-6.0,-6.0,-2.0
-6.0,-6.0,-2.0
-6.0,-6.0,-2.0
-6.0,-6.0,-2.0
-6.0,-6.0,-2.0
-6.0,-6.0,-2.0
-6.0,-6.0,-2.0
-6.0,-6.0,-2.0
-6.0,-6.0,-2.0
-6.0,-6.0,-2.0
-6.0,-6.0,-2.0
-6.0,-6.0,-2.0
-6.0,-6.0,-2.0
-6.0,-6.0,-2.0
-6.0,-6.0,-2.0
-6.0,-6.0,-2.0
-6.0,-6.0,-2.0
-6.0,-6.0,-2.0
-6.0,-6.0,-2.0
-6.0,-6.0,-2.0
-6.0,-6.0,-2.0
-6.0,-6.0,-2.0
-6.0,-6.0,-2.0
-6.0,-6.0,-2.0
-6.0,-6.0,-2.0
-6.0,-6.0,-2.0
-6.0,-6.0,-2.0
-6.0,-6.0,-2.0
-6.0,-6.0,-2.0
-6.0,-6.0,-2.0
-6.0,-6.0,-2.0
-6.0,-6.0,-2.0
-6.0,-6.0,-2.0
-6.0,-6.0,-2.0
-6.0,-6.0,-2.0
-6.0,-6.0,-2.0
-6.0,-6.0,-2.0
-6.0,-6.0,-2.0
-6.0,-6.0,-2.0
-6.0,-6.0,-2.0
-6.0,-6.0,-2.0
-6.0,-6.0,-2.0
-6.0,-6.0,-2.0
-6.0,-6.0,-2.0
-6.0,-6.0,-2.0
-6.0,-6.0,-2.0
-6.0,-6.0,-2.0
-6.0,-6.0,-2.0
-6.0,-6.0,-2.0
-6.0,-6.0,-2.0
-6.0,-6.0,-2.0
-6.0,-6.0,-2.0
-6.0,-6.0,-2.0
-6.0,-6.0,-2.0
-6.0,-6.0,-2.0
-6.0,-6.0,-2.0
-6.0,-6.0,-2.0
-6.0,-6.0,-2.0
-6.0,-6.0,-2.0
-6.0,-6.0,-2.0
-6.0,-6.0,-2.0
-6.0,-6.0,-2.0
-6.0,-6.0,-2.0
-6.0,-6.0,-2.0
-6.0,-6.0,-2.0
-6.0,-6.0,-2.0
-6.0,-6.0,-2.0
-6.0,-6.0,-2.0
-6.0,-6.0,-2.0
-6.0,-6.0,-2.0
-6.0,-6.0,-2.0
-6.0,-6.0,-2.0
-6.0,-6.0,-2.0
-6.0,-6.0,-2.0
-6.0,-6.0,-2.0
-6.0,-6.0,-2.0
-6.0,-6.0,-2.0
-6.0,-6.0,-2.0
-6.0,-6.0,-2.0
-6.0,-6.0,-2.0
-6.0,-6.0,-2.0
-6.0,-6.0,-2.0
-6.0,-6.0,-2.0
-6.0,-6.0,-2.0
-6.0,-6.0,-2.0
-6.0,-6.0,-2.0
-6.0,-6.0,-2.0
-6.0,-6.0,-2.0
-6.0,-6.0,-2.0
-6.0,-6.0,-2.0
-6.0,-6.0,-2.0
-6.0,-6.0,-2.0
-6.0,-6.0,-2.0
-6.0,-6.0,-2.0
-6.0,-6.0,-2.0
-6.0,-6.0,-2.0
-6.0,-6.0,-2.0
-6.0,-6.0,-2.0
-6.0,-6.0,-2.0
-6.0,-6.0,-2.0
-6.0,-6.0,-2.0
-6.0,-6.0,-2.0
-6.0,-6.0,-2.0
-6.0,-6.0,-2.0
-6.0,-6.0,-2.0
-6.0,-6.0,-2.0
-6.0,-6.0,-2.0
-6.0,-6.0,-2.0
-6.0,-6.0,-2.0
-6.0,-6.0,-2.0
-6.0,-6.0,-2.0
-6.0,-6.0,-2.0
-6.0,-6.0,-2.0
-6.0,-6.0,-2.0
-6.0,-6.0,-2.0
-6.0,-6.0,-2.0
-6.0,-6.0,-2.0
-6.0,-6.0,-2.0
-6.0,-6.0,-2.0
-6.0,-6.0,-2.0
-6.0,-6.0,-2.0
-6.0,-6.0,-2.0
-6.0,-6.0,-2.0
-6.0,-6.0,-2.0
-6.0,-6.0,-2.0
-6.0,-6.0,-2.0
-6.0,-6.0,-2.0
-6.0,-6.0,-2.0
-6.0,-6.0,-2.0
-6.0,-6.0,-2.0
-6.0,-6.0,-2.0
-6.0,-6.0,-2.0
-6.0,-6.0,-2.0
-6.0,-6.0,-2.0
-6.0,-6.0,-2.0
-6.0,-6.0,-2.0
-6.0,-6.0,-2.0
-6.0,-6.0,-2.0
-6.0,-6.0,-2.0
-6.0,-6.0,-2.0
-6.0,-6.0,-2.0
-6.0,-6.0,-2.0
-6.0,-6.0,-2.0
-6.0,-6.0,-2.0
-6.0,-6.0,-2.0
-6.0,-6.0,-2.0
-6.0,-6.0,-2.0
-6.0,-6.0,-2.0
-6.0,-6.0,-2.0
-6.0,-6.0,-2.0
-6.0,-6.0,-2.0
-6.0,-6.0,-2.0
-6.0,-6.0,-2.0
-6.0,-6.0,-2.0
-6.0,-6.0,-2.0
-6.0,-6.0,-2.0
-6.0,-6.0,-2.0
-6.0,-6.0,-2.0
-6.0,-6.0,-2.0
-6.0,-6.0,-2.0
-6.0,-6.0,-2.0
-6.0,-6.0,-2.0
-6.0,-6.0,-2.0
-6.0,-6.0,-2.0
-6.0,-6.0,-2.0
-6.0,-6.0,-2.0
-6.0,-6.0,-2.0
-6.0,-6.0,-2.0
-6.0,-6.0,-2.0
-6.0,-6.0,-2.0
-6.0,-6.0,-2.0
-6.0,-6.0,-2.0
-6.0,-6.0,-2.0
-6.0,-6.0,-2.0
-6.0,-6.0,-2.0
-6.0,-6.0,-2.0
-6.0,-6.0,-2.0
-6.0,-6.0,-2.0
-6.0,-6.0,-2.0
-6.0,-6.0,-2.0
-6.0,-6.0,-2.0
-6.0,-6.0,-2.0
-6.0,-6.0,-2.0
-6.0,-6.0,-2.0
-6.0,-6.0,-2.0
-6.0,-6.0,-2.0
-6.0,-6.0,-2.0
-6.0,-6.0,-2.0
-6.0,-6.0,-2.0
-6.0,-6.0,-2.0
-6.0,-6.0,-2.0
-6.0,-6.0,-2.0
-6.0,-6.0,-2.0
-6.0,-6.0,-2.0
-6.0,-6.0,-2.0
-6.0,-6.0,-2.0
-6.0,-6.0,-2.0
-6.0,-6.0,-2.0
-6.0,-6.0,-2.0
-6.0,-6.0,-2.0
-6.0,-6.0,-2.0
-6.0,-6.0,-2.0
-6.0,-6.0,-2.0
-6.0,-6.0,-2.0
-6.0,-6.0,-2.0
-6.0,-6.0,-2.0
-6.0,-6.0,-2.0
-6.0,-6.0,-2.0
-6.0,-6.0,-2.0
-6.0,-6.0,-2.0
-6.0,-6.0,-2.0
-6.0,-6.0,-2.0
-6.0,-6.0,-2.0
-6.0,-6.0,-2.0
-6.0,-6.0,-2.0
-6.0,-6.0,-2.0
-6.0,-6.0,-2.0
-6.0,-6.0,-2.0
-6.0,-6.0,-2.0
-6.0,-6.0,-2.0
-6.0,-6.0,-2.0
-6.0,-6.0,-2.0
-6.0,-6.0,-2.0
-6.0,-6.0,-2.0
-6.0,-6.0,-2.0
-6.0,-6.0,-2.0
-6.0,-6.0,-2.0
-6.0,-6.0,-2.0
-6.0,-6.0,-2.0
-6.0,-6.0,-2.0
-6.0,-6.0,-2.0
-6.0,-6.0,-2.0
-6.0,-6.0,-2.0
-6.0,-6.0,-2.0
-6.0,-6.0,-2.0
-6.0,-6.0,-2.0
-6.0,-6.0,-2.0
-6.0,-6.0,-2.0
-6.0,-6.0,-2.0
-6.0,-6.0,-2.0
-6.0,-6.0,-2.0
-6.0,-6.0,-2.0
-6.0,-6.0,-2.0
-6.0,-6.0,-2.0
-6.0,-6.0,-2.0
-6.0,-6.0,-2.0
-6.0,-6.0,-2.0
-6.0,-6.0,-2.0
-6.0,-6.0,-2.0
-6.0,-6.0,-2.0
-6.0,-6.0,-2.0
-6.0,-6.0,-2.0
-6.0,-6.0,-2.0
-6.0,-6.0,-2.0
-6.0,-6.0,-2.0
-6.0,-6.0,-2.0
-6.0,-6.0,-2.0
-6.0,-6.0,-2.0
-6.0,-6.0,-2.0
-6.0,-6.0,-2.0
-6.0,-6.0,-2.0
-6.0,-6.0,-2.0
-6.0,-6.0,-2.0
-6.0,-6.0,-2.0
-6.0,-6.0,-2.0
-6.0,-6.0,-2.0
-6.0,-6.0,-2.0
-6.0,-6.0,-2.0
-6.0,-6.0,-2.0
-6.0,-6.0,-2.0
-6.0,-6.0,-2.0
-6.0,-6.0,-2.0
-6.0,-6.0,-2.0
-6.0,-6.0,-2.0
-6.0,-6.0,-2.0
-6.0,-6.0,-2.0
-6.0,-6.0,-2.0
-6.0,-6.0,-2.0
-6.0,-6.0,-2.0
-6.0,-6.0,-2.0
-6.0,-6.0,-2.0
-6.0,-6.0,-2.0
-6.0,-6.0,-2.0
-6.0,-6.0,-2.0
-6.0,-6.0,-2.0
-6.0,-6.0,-2.0
-6.0,-6.0,-2.0
-6.0,-6.0,-2.0
-6.0,-6.0,-2.0
-6.0,-6.0,-2.0
-6.0,-6.0,-2.0
-6.0,-6.0,-2.0
-6.0,-6.0,-2.0
-6.0,-6.0,-2.0
-6.0,-6.0,-2.0
-6.0,-6.0,-2.0
-6.0,-6.0,-2.0
-6.0,-6.0,-2.0
-6.0,-6.0,-2.0
-6.0,-6.0,-2.0
-6.0,-6.0,-2.0
-6.0,-6.0,-2.0
-6.0,-6.0,-2.0
-6.0,-6.0,-2.0
-6.0,-6.0,-2.0
-6.0,-6.0,-2.0
-6.0,-6.0,-2.0
-6.0,-6.0,-2.0
-6.0,-6.0,-2.0
-6.0,-6.0,-2.0
-6.0,-6.0,-2.0
-6.0,-6.0,-2.0
-6.0,-6.0,-2.0
-6.0,-6.0,-2.0
-6.0,-6.0,-2.0
-6.0,-6.0,-2.0
-6.0,-6.0,-2.0
-6.0,-6.0,-2.0
-6.0,-6.0,-2.0
-6.0,-6.0,-2.0
-6.0,-6.0,-2.0
-6.0,-6.0,-2.0
-6.0,-6.0,-2.0
-6.0,-6.0,-2.0
-6.0,-6.0,-2.0
-6.0,-6.0,-2.0
-6.0,-6.0,-2.0
-6.0,-6.0,-2.0
-6.0,-6.0,-2.0
-6.0,-6.0,-2.0
-6.0,-6.0,-2.0
-6.0,-6.0,-2.0
-6.0,-6.0,-2.0
-6.0,-6.0,-2.0
-6.0,-6.0,-2.0
-6.0,-6.0,-2.0
-6.0,-6.0,-2.0
-6.0,-6.0,-2.0
-6.0,-6.0,-2.0
-6.0,-6.0,-2.0
-6.0,-6.0,-2.0
-6.0,-6.0,-2.0
-6.0,-6.0,-2.0
-6.0,-6.0,-2.0
-6.0,-6.0,-2.0
-6.0,-6.0,-2.0
-6.0,-6.0,-2.0
-6.0,-6.0,-2.0
-6.0,-6.0,-2.0
-6.0,-6.0,-2.0
-6.0,-6.0,-2.0
-6.0,-6.0,-2.0
-6.0,-6.0,-2.0
-6.0,-6.0,-2.0
-6.0,-6.0,-2.0
-6.0,-6.0,-2.0
-6.0,-6.0,-2.0
-6.0,-6.0,-2.0
-6.0,-6.0,-2.0
-6.0,-6.0,-2.0
-6.0,-6.0,-2.0
-6.0,-6.0,-2.0
-6.0,-6.0,-2.0
-6.0,-6.0,-2.0
-6.0,-6.0,-2.0
-6.0,-6.0,-2.0
-6.0,-6.0,-2.0
-6.0,-6.0,-2.0
-6.0,-6.0,-2.0
-6.0,-6.0,-2.0
-6.0,-6.0,-2.0
-6.0,-6.0,-2.0
-6.0,-6.0,-2.0
-6.0,-6.0,-2.0
-6.0,-6.0,-2.0
-6.0,-6.0,-2.0
-6.0,-6.0,-2.0
-6.0,-6.0,-2.0
-6.0,-6.0,-2.0
-6.0,-6.0,-2.0
-6.0,-6.0,-2.0
-6.0,-6.0,-2.0
-6.0,-6.0,-2.0
-6.0,-6.0,-2.0
-6.0,-6.0,-2.0
-6.0,-6.0,-2.0
-6.0,-6.0,-2.0
-6.0,-6.0,-2.0
-6.0,-6.0,-2.0
-6.0,-6.0,-2.0
-6.0,-6.0,-2.0
-6.0,-6.0,-2.0
-6.0,-6.0,-2.0
-6.0,-6.0,-2.0
-6.0,-6.0,-2.0
-6.0,-6.0,-2.0
-6.0,-6.0,-2.0
-6.0,-6.0,-2.0
-6.0,-6.0,-2.0
-6.0,-6.0,-2.0
-6.0,-6.0,-2.0
-6.0,-6.0,-2.0
-6.0,-6.0,-2.0
-6.0,-6.0,-2.0
-6.0,-6.0,-2.0
-6.0,-6.0,-2.0
-6.0,-6.0,-2.0
-6.0,-6.0,-2.0
-6.0,-6.0,-2.0
-6.0,-6.0,-2.0
-6.0,-6.0,-2.0
-6.0,-6.0,-2.0
-6.0,-6.0,-2.0
-6.0,-6.0,-2.0
-6.0,-6.0,-2.0
-6.0,-6.0,-2.0
-6.0,-6.0,-2.0
-6.0,-6.0,-2.0
-6.0,-6.0,-2.0
-6.0,-6.0,-2.0
-6.0,-6.0,-2.0
-6.0,-6.0,-2.0
-6.0,-6.0,-2.0
-6.0,-6.0,-2.0
-6.0,-6.0,-2.0
-6.0,-6.0,-2.0
-6.0,-6.0,-2.0
-6.0,-6.0,-2.0
-6.0,-6.0,-2.0
-6.0,-6.0,-2.0
-6.0,-6.0,-2.0
-6.0,-6.0,-2.0
-6.0,-6.0,-2.0
-6.0,-6.0,-2.0
-6.0,-6.0,-2.0
-6.0,-6.0,-2.0
-6.0,-6.0,-2.0
-6.0,-6.0,-2.0
-6.0,-6.0,-2.0
-6.0,-6.0,-2.0
-6.0,-6.0,-2.0
-6.0,-6.0,-2.0
-6.0,-6.0,-2.0
-6.0,-6.0,-2.0
-6.0,-6.0,-2.0
-6.0,-6.0,-2.0
-6.0,-6.0,-2.0
-6.0,-6.0,-2.0
-6.0,-6.0,-2.0
-6.0,-6.0,-2.0
-6.0,-6.0,-2.0
-6.0,-6.0,-2.0
-6.0,-6.0,-2.0
-6.0,-6.0,-2.0
-6.0,-6.0,-2.0
-6.0,-6.0,-2.0
-6.0,-6.0,-2.0
-6.0,-6.0,-2.0
-6.0,-6.0,-2.0
-6.0,-6.0,-2.0
-6.0,-6.0,-2.0
-6.0,-6.0,-2.0
-6.0,-6.0,-2.0
-6.0,-6.0,-2.0
-6.0,-6.0,-2.0
-6.0,-6.0,-2.0
-6.0,-6.0,-2.0
-6.0,-6.0,-2.0
-6.0,-6.0,-2.0
-6.0,-6.0,-2.0
-6.0,-6.0,-2.0
-6.0,-6.0,-2.0
-6.0,-6.0,-2.0
-6.0,-6.0,-2.0
-6.0,-6.0,-2.0
-6.0,-6.0,-2.0
-6.0,-6.0,-2.0
-6.0,-6.0,-2.0
-6.0,-6.0,-2.0
-6.0,-6.0,-2.0
-6.0,-6.0,-2.0
-6.0,-6.0,-2.0
-6.0,-6.0,-2.0
-6.0,-6.0,-2.0
-6.0,-6.0,-2.0
-6.0,-6.0,-2.0
-6.0,-6.0,-2.0
-6.0,-6.0,-2.0
-6.0,-6.0,-2.0
-6.0,-6.0,-2.0
-6.0,-6.0,-2.0
-6.0,-6.0,-2.0
-6.0,-6.0,-2.0
-6.0,-6.0,-2.0
-6.0,-6.0,-2.0
-6.0,-6.0,-2.0
-6.0,-6.0,-2.0
-6.0,-6.0,-2.0
-6.0,-6.0,-2.0
-6.0,-6.0,-2.0
-6.0,-6.0,-2.0
-6.0,-6.0,-2.0
-6.0,-6.0,-2.0
-6.0,-6.0,-2.0
-6.0,-6.0,-2.0
-6.0,-6.0,-2.0
-6.0,-6.0,-2.0
-6.0,-6.0,-2.0
-6.0,-6.0,-2.0
-6.0,-6.0,-2.0
-6.0,-6.0,-2.0
-6.0,-6.0,-2.0
-6.0,-6.0,-2.0
-6.0,-6.0,-2.0
-6.0,-6.0,-2.0
-6.0,-6.0,-2.0
-6.0,-6.0,-2.0
-6.0,-6.0,-2.0
-6.0,-6.0,-2.0
-6.0,-6.0,-2.0
-6.0,-6.0,-2.0
-6.0,-6.0,-2.0
-6.0,-6.0,-2.0
-6.0,-6.0,-2.0
-6.0,-6.0,-2.0
-6.0,-6.0,-2.0
-6.0,-6.0,-2.0
-6.0,-6.0,-2.0
-6.0,-6.0,-2.0
-6.0,-6.0,-2.0
-6.0,-6.0,-2.0
-6.0,-6.0,-2.0
-6.0,-6.0,-2.0
-6.0,-6.0,-2.0
-6.0,-6.0,-2.0
-6.0,-6.0,-2.0
-6.0,-6.0,-2.0
-6.0,-6.0,-2.0
-6.0,-6.0,-2.0
-6.0,-6.0,-2.0
-6.0,-6.0,-2.0
-6.0,-6.0,-2.0
-6.0,-6.0,-2.0
-6.0,-6.0,-2.0
-6.0,-6.0,-2.0
-6.0,-6.0,-2.0
-6.0,-6.0,-2.0
-6.0,-6.0,-2.0
-6.0,-6.0,-2.0
-6.0,-6.0,-2.0
-6.0,-6.0,-2.0
-6.0,-6.0,-2.0
-6.0,-6.0,-2.0
-6.0,-6.0,-2.0
-6.0,-6.0,-2.0
-6.0,-6.0,-2.0
-6.0,-6.0,-2.0
-6.0,-6.0,-2.0
-6.0,-6.0,-2.0
-6.0,-6.0,-2.0
-6.0,-6.0,-2.0
-6.0,-6.0,-2.0
-6.0,-6.0,-2.0
-6.0,-6.0,-2.0
-6.0,-6.0,-2.0
-6.0,-6.0,-2.0
-6.0,-6.0,-2.0
-6.0,-6.0,-2.0
-6.0,-6.0,-2.0
-6.0,-6.0,-2.0
-6.0,-6.0,-2.0
-6.0,-6.0,-2.0
-6.0,-6.0,-2.0
-6.0,-6.0,-2.0
-6.0,-6.0,-2.0
-6.0,-6.0,-2.0
-6.0,-6.0,-2.0
-6.0,-6.0,-2.0
-6.0,-6.0,-2.0
-6.0,-6.0,-2.0
-6.0,-6.0,-2.0
-6.0,-6.0,-2.0
-6.0,-6.0,-2.0
-6.0,-6.0,-2.0
-6.0,-6.0,-2.0
-6.0,-6.0,-2.0
-6.0,-6.0,-2.0
-6.0,-6.0,-2.0
-6.0,-6.0,-2.0
-6.0,-6.0,-2.0
-6.0,-6.0,-2.0
-6.0,-6.0,-2.0
-6.0,-6.0,-2.0
-6.0,-6.0,-2.0
-6.0,-6.0,-2.0
-6.0,-6.0,-2.0
-6.0,-6.0,-2.0
-6.0,-6.0,-2.0
-6.0,-6.0,-2.0
-6.0,-6.0,-2.0
-6.0,-6.0,-2.0
-6.0,-6.0,-2.0
-6.0,-6.0,-2.0
-6.0,-6.0,-2.0
-6.0,-6.0,-2.0
-6.0,-6.0,-2.0
-6.0,-6.0,-2.0
-6.0,-6.0,-2.0
-6.0,-6.0,-2.0
-6.0,-6.0,-2.0
-6.0,-6.0,-2.0
-6.0,-6.0,-2.0
-6.0,-6.0,-2.0
-6.0,-6.0,-2.0
-6.0,-6.0,-2.0
-6.0,-6.0,-2.0
-6.0,-6.0,-2.0
-6.0,-6.0,-2.0
-6.0,-6.0,-2.0
-6.0,-6.0,-2.0
-6.0,-6.0,-2.0
-6.0,-6.0,-2.0
-6.0,-6.0,-2.0
-6.0,-6.0,-2.0
-6.0,-6.0,-2.0
-6.0,-6.0,-2.0
-6.0,-6.0,-2.0
-6.0,-6.0,-2.0
-6.0,-6.0,-2.0
-6.0,-6.0,-2.0
-6.0,-6.0,-2.0
-6.0,-6.0,-2.0
-6.0,-6.0,-2.0
-6.0,-6.0,-2.0
-6.0,-6.0,-2.0
-6.0,-6.0,-2.0
-6.0,-6.0,-2.0
-6.0,-6.0,-2.0
-6.0,-6.0,-2.0
-6.0,-6.0,-2.0
-6.0,-6.0,-2.0
-6.0,-6.0,-2.0
-6.0,-6.0,-2.0
-6.0,-6.0,-2.0
-6.0,-6.0,-2.0
-6.0,-6.0,-2.0
-6.0,-6.0,-2.0
-6.0,-6.0,-2.0
-6.0,-6.0,-2.0
-6.0,-6.0,-2.0
-6.0,-6.0,-2.0
-6.0,-6.0,-2.0
-6.0,-6.0,-2.0
-6.0,-6.0,-2.0
-6.0,-6.0,-2.0
-6.0,-6.0,-2.0
-6.0,-6.0,-2.0
-6.0,-6.0,-2.0
-6.0,-6.0,-2.0
-6.0,-6.0,-2.0
-6.0,-6.0,-2.0
-6.0,-6.0,-2.0
-6.0,-6.0,-2.0
-6.0,-6.0,-2.0
-6.0,-6.0,-2.0
-6.0,-6.0,-2.0
-6.0,-6.0,-2.0
-6.0,-6.0,-2.0
-6.0,-6.0,-2.0
-6.0,-6.0,-2.0
-6.0,-6.0,-2.0
-6.0,-6.0,-2.0
-6.0,-6.0,-2.0
-6.0,-6.0,-2.0
-6.0,-6.0,-2.0
-6.0,-6.0,-2.0
-6.0,-6.0,-2.0
-6.0,-6.0,-2.0
-6.0,-6.0,-2.0
-6.0,-6.0,-2.0
-6.0,-6.0,-2.0
-6.0,-6.0,-2.0
-6.0,-6.0,-2.0
-6.0,-6.0,-2.0
-6.0,-6.0,-2.0
-6.0,-6.0,-2.0
-6.0,-6.0,-2.0
-6.0,-6.0,-2.0
-6.0,-6.0,-2.0
-6.0,-6.0,-2.0
-6.0,-6.0,-2.0
-6.0,-6.0,-2.0
-6.0,-6.0,-2.0
-6.0,-6.0,-2.0
-6.0,-6.0,-2.0
-6.0,-6.0,-2.0
-6.0,-6.0,-2.0
-6.0,-6.0,-2.0
-6.0,-6.0,-2.0
-6.0,-6.0,-2.0
-6.0,-6.0,-2.0
-6.0,-6.0,-2.0
-6.0,-6.0,-2.0
-6.0,-6.0,-2.0
-6.0,-6.0,-2.0
-6.0,-6.0,-2.0
-6.0,-6.0,-2.0
-6.0,-6.0,-2.0
-6.0,-6.0,-2.0
-6.0,-6.0,-2.0
-6.0,-6.0,-2.0
-6.0,-6.0,-2.0
-6.0,-6.0,-2.0
-6.0,-6.0,-2.0
-6.0,-6.0,-2.0
-6.0,-6.0,-2.0
-6.0,-6.0,-2.0
-6.0,-6.0,-2.0
-6.0,-6.0,-2.0
-6.0,-6.0,-2.0
-6.0,-6.0,-2.0
-6.0,-6.0,-2.0
-6.0,-6.0,-2.0
-6.0,-6.0,-2.0
-6.0,-6.0,-2.0
-6.0,-6.0,-2.0
-6.0,-6.0,-2.0
-6.0,-6.0,-2.0
-6.0,-6.0,-2.0
-6.0,-6.0,-2.0
-6.0,-6.0,-2.0
-6.0,-6.0,-2.0
-6.0,-6.0,-2.0
-6.0,-6.0,-2.0
-6.0,-6.0,-2.0
-6.0,-6.0,-2.0
-6.0,-6.0,-2.0
-6.0,-6.0,-2.0
-6.0,-6.0,-2.0
-6.0,-6.0,-2.0
-6.0,-6.0,-2.0
-6.0,-6.0,-2.0
-6.0,-6.0,-2.0
-6.0,-6.0,-2.0
-6.0,-6.0,-2.0
-6.0,-6.0,-2.0
-6.0,-6.0,-2.0
-6.0,-6.0,-2.0
-6.0,-6.0,-2.0
-6.0,-6.0,-2.0
-6.0,-6.0,-2.0
-6.0,-6.0,-2.0
-6.0,-6.0,-2.0
-6.0,-6.0,-2.0
-6.0,-6.0,-2.0
-6.0,-6.0,-2.0
-6.0,-6.0,-2.0
-6.0,-6.0,-2.0
-6.0,-6.0,-2.0
-6.0,-6.0,-2.0
-6.0,-6.0,-2.0
-6.0,-6.0,-2.0
-6.0,-6.0,-2.0
-6.0,-6.0,-2.0
-6.0,-6.0,-2.0
-6.0,-6.0,-2.0
-6.0,-6.0,-2.0
-6.0,-6.0,-2.0
-6.0,-6.0,-2.0
-6.0,-6.0,-2.0
-6.0,-6.0,-2.0
-6.0,-6.0,-2.0
-6.0,-6.0,-2.0
-6.0,-6.0,-2.0
-6.0,-6.0,-2.0
-6.0,-6.0,-2.0
-6.0,-6.0,-2.0
-6.0,-6.0,-2.0
-6.0,-6.0,-2.0
-6.0,-6.0,-2.0
-6.0,-6.0,-2.0
-6.0,-6.0,-2.0
-6.0,-6.0,-2.0
-6.0,-6.0,-2.0
-6.0,-6.0,-2.0
-6.0,-6.0,-2.0
-6.0,-6.0,-2.0
-6.0,-6.0,-2.0
-6.0,-6.0,-2.0
-6.0,-6.0,-2.0
-6.0,-6.0,-2.0
-6.0,-6.0,-2.0
-6.0,-6.0,-2.0
-6.0,-6.0,-2.0
-6.0,-6.0,-2.0
-6.0,-6.0,-2.0
-6.0,-6.0,-2.0
-6.0,-6.0,-2.0
-6.0,-6.0,-2.0
-6.0,-6.0,-2.0
-6.0,-6.0,-2.0
-6.0,-6.0,-2.0
-6.0,-6.0,-2.0
-6.0,-6.0,-2.0
-6.0,-6.0,-2.0
-6.0,-6.0,-2.0
-6.0,-6.0,-2.0
-6.0,-6.0,-2.0
-6.0,-6.0,-2.0
-6.0,-6.0,-2.0
-6.0,-6.0,-2.0
-6.0,-6.0,-2.0
-6.0,-6.0,-2.0
-6.0,-6.0,-2.0
-6.0,-6.0,-2.0
-6.0,-6.0,-2.0
-6.0,-6.0,-2.0
-6.0,-6.0,-2.0
-6.0,-6.0,-2.0
-6.0,-6.0,-2.0
-6.0,-6.0,-2.0
-6.0,-6.0,-2.0
-6.0,-6.0,-2.0
-6.0,-6.0,-2.0
-6.0,-6.0,-2.0
-6.0,-6.0,-2.0
-6.0,-6.0,-2.0
-6.0,-6.0,-2.0
-6.0,-6.0,-2.0
-6.0,-6.0,-2.0
-6.0,-6.0,-2.0
-6.0,-6.0,-2.0
-6.0,-6.0,-2.0
-6.0,-6.0,-2.0
-6.0,-6.0,-2.0
-6.0,-6.0,-2.0
-6.0,-6.0,-2.0
-6.0,-6.0,-2.0
-6.0,-6.0,-2.0
-6.0,-6.0,-2.0
-6.0,-6.0,-2.0
-6.0,-6.0,-2.0
-6.0,-6.0,-2.0
-6.0,-6.0,-2.0
-6.0,-6.0,-2.0
-6.0,-6.0,-2.0
-6.0,-6.0,-2.0
-6.0,-6.0,-2.0
-6.0,-6.0,-2.0
-6.0,-6.0,-2.0
-6.0,-6.0,-2.0
-6.0,-6.0,-2.0
-6.0,-6.0,-2.0
-6.0,-6.0,-2.0
-6.0,-6.0,-2.0
-6.0,-6.0,-2.0
-6.0,-6.0,-2.0
-6.0,-6.0,-2.0
-6.0,-6.0,-2.0
-6.0,-6.0,-2.0
-6.0,-6.0,-2.0
-6.0,-6.0,-2.0
-6.0,-6.0,-2.0
-6.0,-6.0,-2.0
-6.0,-6.0,-2.0
-6.0,-6.0,-2.0
-6.0,-6.0,-2.0
-6.0,-6.0,-2.0
-6.0,-6.0,-2.0
-6.0,-6.0,-2.0
-6.0,-6.0,-2.0
-6.0,-6.0,-2.0
-6.0,-6.0,-2.0
-6.0,-6.0,-2.0
-6.0,-6.0,-2.0
-6.0,-6.0,-2.0
-6.0,-6.0,-2.0
-6.0,-6.0,-2.0
-6.0,-6.0,-2.0
-6.0,-6.0,-2.0
-6.0,-6.0,-2.0
-6.0,-6.0,-2.0
-6.0,-6.0,-2.0
-6.0,-6.0,-2.0
-6.0,-6.0,-2.0
-6.0,-6.0,-2.0
-6.0,-6.0,-2.0
-6.0,-6.0,-2.0
-6.0,-6.0,-2.0
-6.0,-6.0,-2.0
-6.0,-6.0,-2.0
-6.0,-6.0,-2.0
-6.0,-6.0,-2.0
-6.0,-6.0,-2.0
-6.0,-6.0,-2.0
-6.0,-6.0,-2.0
-6.0,-6.0,-2.0
-6.0,-6.0,-2.0
-6.0,-6.0,-2.0
-6.0,-6.0,-2.0
-6.0,-6.0,-2.0
-6.0,-6.0,-2.0
-6.0,-6.0,-2.0
-6.0,-6.0,-2.0
-6.0,-6.0,-2.0
-6.0,-6.0,-2.0
-6.0,-6.0,-2.0
-6.0,-6.0,-2.0
-6.0,-6.0,-2.0
-6.0,-6.0,-2.0
-6.0,-6.0,-2.0
-6.0,-6.0,-2.0
-6.0,-6.0,-2.0
-6.0,-6.0,-2.0
-6.0,-6.0,-2.0
-6.0,-6.0,-2.0
-6.0,-6.0,-2.0
-6.0,-6.0,-2.0
-6.0,-6.0,-2.0
-6.0,-6.0,-2.0
-6.0,-6.0,-2.0
-6.0,-6.0,-2.0
-6.0,-6.0,-2.0
-6.0,-6.0,-2.0
-6.0,-6.0,-2.0
-6.0,-6.0,-2.0
-6.0,-6.0,-2.0
-6.0,-6.0,-2.0
-6.0,-6.0,-2.0
-6.0,-6.0,-2.0
-6.0,-6.0,-2.0
-6.0,-6.0,-2.0
-6.0,-6.0,-2.0
-6.0,-6.0,-2.0
-6.0,-6.0,-2.0
-6.0,-6.0,-2.0
-6.0,-6.0,-2.0
-6.0,-6.0,-2.0
-6.0,-6.0,-2.0
-6.0,-6.0,-2.0
-6.0,-6.0,-2.0
-6.0,-6.0,-2.0
-6.0,-6.0,-2.0
-6.0,-6.0,-2.0
-6.0,-6.0,-2.0
-6.0,-6.0,-2.0
-6.0,-6.0,-2.0
-6.0,-6.0,-2.0
-6.0,-6.0,-2.0
-6.0,-6.0,-2.0
-6.0,-6.0,-2.0
-6.0,-6.0,-2.0
-6.0,-6.0,-2.0
-6.0,-6.0,-2.0
-6.0,-6.0,-2.0
-6.0,-6.0,-2.0
-6.0,-6.0,-2.0
-6.0,-6.0,-2.0
-6.0,-6.0,-2.0
-6.0,-6.0,-2.0
-6.0,-6.0,-2.0
-6.0,-6.0,-2.0
-6.0,-6.0,-2.0
-6.0,-6.0,-2.0
-6.0,-6.0,-2.0
-6.0,-6.0,-2.0
-6.0,-6.0,-2.0
-6.0,-6.0,-2.0
-6.0,-6.0,-2.0
-6.0,-6.0,-2.0
-6.0,-6.0,-2.0
-6.0,-6.0,-2.0
-6.0,-6.0,-2.0
-6.0,-6.0,-2.0
-6.0,-6.0,-2.0
-6.0,-6.0,-2.0
-6.0,-6.0,-2.0
-6.0,-6.0,-2.0
-6.0,-6.0,-2.0
-6.0,-6.0,-2.0
-6.0,-6.0,-2.0
-6.0,-6.0,-2.0
-6.0,-6.0,-2.0
-6.0,-6.0,-2.0
-6.0,-6.0,-2.0
-6.0,-6.0,-2.0
-6.0,-6.0,-2.0
-6.0,-6.0,-2.0
-6.0,-6.0,-2.0
-6.0,-6.0,-2.0
-6.0,-6.0,-2.0
-6.0,-6.0,-2.0
-6.0,-6.0,-2.0
-6.0,-6.0,-2.0
-6.0,-6.0,-2.0
-6.0,-6.0,-2.0
-6.0,-6.0,-2.0
-6.0,-6.0,-2.0
-6.0,-6.0,-2.0
-6.0,-6.0,-2.0
-6.0,-6.0,-2.0
-6.0,-6.0,-2.0
-6.0,-6.0,-2.0
-6.0,-6.0,-2.0
-6.0,-6.0,-2.0
-6.0,-6.0,-2.0
-6.0,-6.0,-2.0
-6.0,-6.0,-2.0
-6.0,-6.0,-2.0
-6.0,-6.0,-2.0
-6.0,-6.0,-2.0
-6.0,-6.0,-2.0
-6.0,-6.0,-2.0
-6.0,-6.0,-2.0
-6.0,-6.0,-2.0
-6.0,-6.0,-2.0
-6.0,-6.0,-2.0
-6.0,-6.0,-2.0
-6.0,-6.0,-2.0
-6.0,-6.0,-2.0
-6.0,-6.0,-2.0
-6.0,-6.0,-2.0
-6.0,-6.0,-2.0
-6.0,-6.0,-2.0
-6.0,-6.0,-2.0
-6.0,-6.0,-2.0
-6.0,-6.0,-2.0
-6.0,-6.0,-2.0
-6.0,-6.0,-2.0
-6.0,-6.0,-2.0
-6.0,-6.0,-2.0
-6.0,-6.0,-2.0
-6.0,-6.0,-2.0
-6.0,-6.0,-2.0
-6.0,-6.0,-2.0
-6.0,-6.0,-2.0
-6.0,-6.0,-2.0
-6.0,-6.0,-2.0
-6.0,-6.0,-2.0
-6.0,-6.0,-2.0
-6.0,-6.0,-2.0
-6.0,-6.0,-2.0
-6.0,-6.0,-2.0
-6.0,-6.0,-2.0
-6.0,-6.0,-2.0
-6.0,-6.0,-2.0
-6.0,-6.0,-2.0
-6.0,-6.0,-2.0
-6.0,-6.0,-2.0
-6.0,-6.0,-2.0
-6.0,-6.0,-2.0
-6.0,-6.0,-2.0
-6.0,-6.0,-2.0
-6.0,-6.0,-2.0
-6.0,-6.0,-2.0
-6.0,-6.0,-2.0
-6.0,-6.0,-2.0
-6.0,-6.0,-2.0
-6.0,-6.0,-2.0
-6.0,-6.0,-2.0
-6.0,-6.0,-2.0
-6.0,-6.0,-2.0
-6.0,-6.0,-2.0
-6.0,-6.0,-2.0
-6.0,-6.0,-2.0
-6.0,-6.0,-2.0
-6.0,-6.0,-2.0
-6.0,-6.0,-2.0
-6.0,-6.0,-2.0
-6.0,-6.0,-2.0
-6.0,-6.0,-2.0
-6.0,-6.0,-2.0
-6.0,-6.0,-2.0
-6.0,-6.0,-2.0
-6.0,-6.0,-2.0
-6.0,-6.0,-2.0
-6.0,-6.0,-2.0
-6.0,-6.0,-2.0
-6.0,-6.0,-2.0
-6.0,-6.0,-2.0
-6.0,-6.0,-2.0
-6.0,-6.0,-2.0
-6.0,-6.0,-2.0
-6.0,-6.0,-2.0
-6.0,-6.0,-2.0
-6.0,-6.0,-2.0
-6.0,-6.0,-2.0
-6.0,-6.0,-2.0
-6.0,-6.0,-2.0
-6.0,-6.0,-2.0
-6.0,-6.0,-2.0
-6.0,-6.0,-2.0
-6.0,-6.0,-2.0
-6.0,-6.0,-2.0
-6.0,-6.0,-2.0
-6.0,-6.0,-2.0
-6.0,-6.0,-2.0
-6.0,-6.0,-2.0
-6.0,-6.0,-2.0
-6.0,-6.0,-2.0
-6.0,-6.0,-2.0
-6.0,-6.0,-2.0
-6.0,-6.0,-2.0
-6.0,-6.0,-2.0
-6.0,-6.0,-2.0
-6.0,-6.0,-2.0
-6.0,-6.0,-2.0
-6.0,-6.0,-2.0
-6.0,-6.0,-2.0
-6.0,-6.0,-2.0
-6.0,-6.0,-2.0
-6.0,-6.0,-2.0
-6.0,-6.0,-2.0
-6.0,-6.0,-2.0
-6.0,-6.0,-2.0
-6.0,-6.0,-2.0
-6.0,-6.0,-2.0
-6.0,-6.0,-2.0
-6.0,-6.0,-2.0
-6.0,-6.0,-2.0
-6.0,-6.0,-2.0
-6.0,-6.0,-2.0
-6.0,-6.0,-2.0
-6.0,-6.0,-2.0
-6.0,-6.0,-2.0
-6.0,-6.0,-2.0
-6.0,-6.0,-2.0
-6.0,-6.0,-2.0
-6.0,-6.0,-2.0
-6.0,-6.0,-2.0
-6.0,-6.0,-2.0
-6.0,-6.0,-2.0
-6.0,-6.0,-2.0
-6.0,-6.0,-2.0
-6.0,-6.0,-2.0
-6.0,-6.0,-2.0
-6.0,-6.0,-2.0
-6.0,-6.0,-2.0
-6.0,-6.0,-2.0
-6.0,-6.0,-2.0
-6.0,-6.0,-2.0
-6.0,-6.0,-2.0
-6.0,-6.0,-2.0
-6.0,-6.0,-2.0
-6.0,-6.0,-2.0
-6.0,-6.0,-2.0
-6.0,-6.0,-2.0
-6.0,-6.0,-2.0
-6.0,-6.0,-2.0
-6.0,-6.0,-2.0
-6.0,-6.0,-2.0
-6.0,-6.0,-2.0
-6.0,-6.0,-2.0
-6.0,-6.0,-2.0
-6.0,-6.0,-2.0
-6.0,-6.0,-2.0
-6.0,-6.0,-2.0
-6.0,-6.0,-2.0
-6.0,-6.0,-2.0
-6.0,-6.0,-2.0
-6.0,-6.0,-2.0
-6.0,-6.0,-2.0
-6.0,-6.0,-2.0
-6.0,-6.0,-2.0
-6.0,-6.0,-2.0
-6.0,-6.0,-2.0
-6.0,-6.0,-2.0
-6.0,-6.0,-2.0
-6.0,-6.0,-2.0
-6.0,-6.0,-2.0
-6.0,-6.0,-2.0
-6.0,-6.0,-2.0
-6.0,-6.0,-2.0
-6.0,-6.0,-2.0
-6.0,-6.0,-2.0
-6.0,-6.0,-2.0
-6.0,-6.0,-2.0
-6.0,-6.0,-2.0
-6.0,-6.0,-2.0
-6.0,-6.0,-2.0
-6.0,-6.0,-2.0
-6.0,-6.0,-2.0
-6.0,-6.0,-2.0
-6.0,-6.0,-2.0
-6.0,-6.0,-2.0
-6.0,-6.0,-2.0
-6.0,-6.0,-2.0
-6.0,-6.0,-2.0
-6.0,-6.0,-2.0
-6.0,-6.0,-2.0
-6.0,-6.0,-2.0
-6.0,-6.0,-2.0
-6.0,-6.0,-2.0
-6.0,-6.0,-2.0
-6.0,-6.0,-2.0
-6.0,-6.0,-2.0
-6.0,-6.0,-2.0
-6.0,-6.0,-2.0
-6.0,-6.0,-2.0
-6.0,-6.0,-2.0
-6.0,-6.0,-2.0
-6.0,-6.0,-2.0
-6.0,-6.0,-2.0
-6.0,-6.0,-2.0
-6.0,-6.0,-2.0
-6.0,-6.0,-2.0
-6.0,-6.0,-2.0
-6.0,-6.0,-2.0
-6.0,-6.0,-2.0
-6.0,-6.0,-2.0
-6.0,-6.0,-2.0
-6.0,-6.0,-2.0
-6.0,-6.0,-2.0
-6.0,-6.0,-2.0
-6.0,-6.0,-2.0
-6.0,-6.0,-2.0
-6.0,-6.0,-2.0
-6.0,-6.0,-2.0
-6.0,-6.0,-2.0
-6.0,-6.0,-2.0
-6.0,-6.0,-2.0
-6.0,-6.0,-2.0
-6.0,-6.0,-2.0
-6.0,-6.0,-2.0
-6.0,-6.0,-2.0
-6.0,-6.0,-2.0
-6.0,-6.0,-2.0
-6.0,-6.0,-2.0
-6.0,-6.0,-2.0
-6.0,-6.0,-2.0
-6.0,-6.0,-2.0
-6.0,-6.0,-2.0
-6.0,-6.0,-2.0
-6.0,-6.0,-2.0
-6.0,-6.0,-2.0
-6.0,-6.0,-2.0
-6.0,-6.0,-2.0
-6.0,-6.0,-2.0
-6.0,-6.0,-2.0
-6.0,-6.0,-2.0
-6.0,-6.0,-2.0
-6.0,-6.0,-2.0
-6.0,-6.0,-2.0
-6.0,-6.0,-2.0
-6.0,-6.0,-2.0
-6.0,-6.0,-2.0
-6.0,-6.0,-2.0
-6.0,-6.0,-2.0
-6.0,-6.0,-2.0
-6.0,-6.0,-2.0
-6.0,-6.0,-2.0
-6.0,-6.0,-2.0
-6.0,-6.0,-2.0
-6.0,-6.0,-2.0
-6.0,-6.0,-2.0
-6.0,-6.0,-2.0
-6.0,-6.0,-2.0
-6.0,-6.0,-2.0
-6.0,-6.0,-2.0
-6.0,-6.0,-2.0
-6.0,-6.0,-2.0
-6.0,-6.0,-2.0
-6.0,-6.0,-2.0
-6.0,-6.0,-2.0
-6.0,-6.0,-2.0
-6.0,-6.0,-2.0
-6.0,-6.0,-2.0
-6.0,-6.0,-2.0
-6.0,-6.0,-2.0
-6.0,-6.0,-2.0
-6.0,-6.0,-2.0
-6.0,-6.0,-2.0
-6.0,-6.0,-2.0
-6.0,-6.0,-2.0
-6.0,-6.0,-2.0
-6.0,-6.0,-2.0
-6.0,-6.0,-2.0
-6.0,-6.0,-2.0
-6.0,-6.0,-2.0
-6.0,-6.0,-2.0
-6.0,-6.0,-2.0
-6.0,-6.0,-2.0
-6.0,-6.0,-2.0
-6.0,-6.0,-2.0
-6.0,-6.0,-2.0
-6.0,-6.0,-2.0
-6.0,-6.0,-2.0
-6.0,-6.0,-2.0
-6.0,-6.0,-2.0
-6.0,-6.0,-2.0
-6.0,-6.0,-2.0
-6.0,-6.0,-2.0
-6.0,-6.0,-2.0
-6.0,-6.0,-2.0
-6.0,-6.0,-2.0
-6.0,-6.0,-2.0
-6.0,-6.0,-2.0
-6.0,-6.0,-2.0
-6.0,-6.0,-2.0
-6.0,-6.0,-2.0
-6.0,-6.0,-2.0
-6.0,-6.0,-2.0
-6.0,-6.0,-2.0
-6.0,-6.0,-2.0
-6.0,-6.0,-2.0
-6.0,-6.0,-2.0
-6.0,-6.0,-2.0
-6.0,-6.0,-2.0
-6.0,-6.0,-2.0
-6.0,-6.0,-2.0
-6.0,-6.0,-2.0
-6.0,-6.0,-2.0
-6.0,-6.0,-2.0
-6.0,-6.0,-2.0
-6.0,-6.0,-2.0
-6.0,-6.0,-2.0
-6.0,-6.0,-2.0
-6.0,-6.0,-2.0
-6.0,-6.0,-2.0
-6.0,-6.0,-2.0
-6.0,-6.0,-2.0
-6.0,-6.0,-2.0
-6.0,-6.0,-2.0
-6.0,-6.0,-2.0
-6.0,-6.0,-2.0
-6.0,-6.0,-2.0
-6.0,-6.0,-2.0
-6.0,-6.0,-2.0
-6.0,-6.0,-2.0
-6.0,-6.0,-2.0
-6.0,-6.0,-2.0
-6.0,-6.0,-2.0
-6.0,-6.0,-2.0
-6.0,-6.0,-2.0
-6.0,-6.0,-2.0
-6.0,-6.0,-2.0
-6.0,-6.0,-2.0
-6.0,-6.0,-2.0
-6.0,-6.0,-2.0
-6.0,-6.0,-2.0
-6.0,-6.0,-2.0
-6.0,-6.0,-2.0
-6.0,-6.0,-2.0
-6.0,-6.0,-2.0
-6.0,-6.0,-2.0
-6.0,-6.0,-2.0
-6.0,-6.0,-2.0
-6.0,-6.0,-2.0
-6.0,-6.0,-2.0
-6.0,-6.0,-2.0
-6.0,-6.0,-2.0
-6.0,-6.0,-2.0
-6.0,-6.0,-2.0
-6.0,-6.0,-2.0
-6.0,-6.0,-2.0
-6.0,-6.0,-2.0
-6.0,-6.0,-2.0
-6.0,-6.0,-2.0
-6.0,-6.0,-2.0
-6.0,-6.0,-2.0
-6.0,-6.0,-2.0
-6.0,-6.0,-2.0
-6.0,-6.0,-2.0
-6.0,-6.0,-2.0
-6.0,-6.0,-2.0
-6.0,-6.0,-2.0
-6.0,-6.0,-2.0
-6.0,-6.0,-2.0
-6.0,-6.0,-2.0
-6.0,-6.0,-2.0
-6.0,-6.0,-2.0
-6.0,-6.0,-2.0
-6.0,-6.0,-2.0
-6.0,-6.0,-2.0
-6.0,-6.0,-2.0
-6.0,-6.0,-2.0
-6.0,-6.0,-2.0
-6.0,-6.0,-2.0
-6.0,-6.0,-2.0
-6.0,-6.0,-2.0
-6.0,-6.0,-2.0
-6.0,-6.0,-2.0
-6.0,-6.0,-2.0
-6.0,-6.0,-2.0
-6.0,-6.0,-2.0
-6.0,-6.0,-2.0
-6.0,-6.0,-2.0
-6.0,-6.0,-2.0
-6.0,-6.0,-2.0
-6.0,-6.0,-2.0
-6.0,-6.0,-2.0
-6.0,-6.0,-2.0
-6.0,-6.0,-2.0
-6.0,-6.0,-2.0
-6.0,-6.0,-2.0
-6.0,-6.0,-2.0
-6.0,-6.0,-2.0
-6.0,-6.0,-2.0
-6.0,-6.0,-2.0
-6.0,-6.0,-2.0
-6.0,-6.0,-2.0
-6.0,-6.0,-2.0
-6.0,-6.0,-2.0
-6.0,-6.0,-2.0
-6.0,-6.0,-2.0
-6.0,-6.0,-2.0
-6.0,-6.0,-2.0
-6.0,-6.0,-2.0
-6.0,-6.0,-2.0
-6.0,-6.0,-2.0
-6.0,-6.0,-2.0
-6.0,-6.0,-2.0
-6.0,-6.0,-2.0
-6.0,-6.0,-2.0
-6.0,-6.0,-2.0
-6.0,-6.0,-2.0
-6.0,-6.0,-2.0
-6.0,-6.0,-2.0
-6.0,-6.0,-2.0
-6.0,-6.0,-2.0
-6.0,-6.0,-2.0
-6.0,-6.0,-2.0
-6.0,-6.0,-2.0
-6.0,-6.0,-2.0
-6.0,-6.0,-2.0
-6.0,-6.0,-2.0
-6.0,-6.0,-2.0
-6.0,-6.0,-2.0
-6.0,-6.0,-2.0
-6.0,-6.0,-2.0
-6.0,-6.0,-2.0
-6.0,-6.0,-2.0
-6.0,-6.0,-2.0
-6.0,-6.0,-2.0
-6.0,-6.0,-2.0
-6.0,-6.0,-2.0
-6.0,-6.0,-2.0
-6.0,-6.0,-2.0
-6.0,-6.0,-2.0
-6.0,-6.0,-2.0
-6.0,-6.0,-2.0
-6.0,-6.0,-2.0
-6.0,-6.0,-2.0
-6.0,-6.0,-2.0
-6.0,-6.0,-2.0
-6.0,-6.0,-2.0
-6.0,-6.0,-2.0
-6.0,-6.0,-2.0
-6.0,-6.0,-2.0
-6.0,-6.0,-2.0
-6.0,-6.0,-2.0
-6.0,-6.0,-2.0
-6.0,-6.0,-2.0
-6.0,-6.0,-2.0
-6.0,-6.0,-2.0
-6.0,-6.0,-2.0
-6.0,-6.0,-2.0
-6.0,-6.0,-2.0
-6.0,-6.0,-2.0
-6.0,-6.0,-2.0
-6.0,-6.0,-2.0
-6.0,-6.0,-2.0
-6.0,-6.0,-2.0
-6.0,-6.0,-2.0
-6.0,-6.0,-2.0
-6.0,-6.0,-2.0
-6.0,-6.0,-2.0
-6.0,-6.0,-2.0
-6.0,-6.0,-2.0
-6.0,-6.0,-2.0
-6.0,-6.0,-2.0
-6.0,-6.0,-2.0
-6.0,-6.0,-2.0
-6.0,-6.0,-2.0
-6.0,-6.0,-2.0
-6.0,-6.0,-2.0
-6.0,-6.0,-2.0
-6.0,-6.0,-2.0
-6.0,-6.0,-2.0
-6.0,-6.0,-2.0
-6.0,-6.0,-2.0
-6.0,-6.0,-2.0
-6.0,-6.0,-2.0
-6.0,-6.0,-2.0
-6.0,-6.0,-2.0
-6.0,-6.0,-2.0
-6.0,-6.0,-2.0
-6.0,-6.0,-2.0
-6.0,-6.0,-2.0
-6.0,-6.0,-2.0
-6.0,-6.0,-2.0
-6.0,-6.0,-2.0
-6.0,-6.0,-2.0
-6.0,-6.0,-2.0
-6.0,-6.0,-2.0
-6.0,-6.0,-2.0
-6.0,-6.0,-2.0
-6.0,-6.0,-2.0
-6.0,-6.0,-2.0
-6.0,-6.0,-2.0
-6.0,-6.0,-2.0
-6.0,-6.0,-2.0
-6.0,-6.0,-2.0
-6.0,-6.0,-2.0
-6.0,-6.0,-2.0
-6.0,-6.0,-2.0
-6.0,-6.0,-2.0
-6.0,-6.0,-2.0
-6.0,-6.0,-2.0
-6.0,-6.0,-2.0
-6.0,-6.0,-2.0
-6.0,-6.0,-2.0
-6.0,-6.0,-2.0
-6.0,-6.0,-2.0
-6.0,-6.0,-2.0
-6.0,-6.0,-2.0
-6.0,-6.0,-2.0
-6.0,-6.0,-2.0
-6.0,-6.0,-2.0
-6.0,-6.0,-2.0
-6.0,-6.0,-2.0
-6.0,-6.0,-2.0
-6.0,-6.0,-2.0
-6.0,-6.0,-2.0
-6.0,-6.0,-2.0
-6.0,-6.0,-2.0
-6.0,-6.0,-2.0
-6.0,-6.0,-2.0
-6.0,-6.0,-2.0
-6.0,-6.0,-2.0
-6.0,-6.0,-2.0
-6.0,-6.0,-2.0
-6.0,-6.0,-2.0
-6.0,-6.0,-2.0
-6.0,-6.0,-2.0
-6.0,-6.0,-2.0
-6.0,-6.0,-2.0
-6.0,-6.0,-2.0
-6.0,-6.0,-2.0
-6.0,-6.0,-2.0
-6.0,-6.0,-2.0
-6.0,-6.0,-2.0
-6.0,-6.0,-2.0
-6.0,-6.0,-2.0
-6.0,-6.0,-2.0
-6.0,-6.0,-2.0
-6.0,-6.0,-2.0
-6.0,-6.0,-2.0
-6.0,-6.0,-2.0
-6.0,-6.0,-2.0
-6.0,-6.0,-2.0
-6.0,-6.0,-2.0
-6.0,-6.0,-2.0
-6.0,-6.0,-2.0
-6.0,-6.0,-2.0
-6.0,-6.0,-2.0
-6.0,-6.0,-2.0
-6.0,-6.0,-2.0
-6.0,-6.0,-2.0
-6.0,-6.0,-2.0
-6.0,-6.0,-2.0
-6.0,-6.0,-2.0
-6.0,-6.0,-2.0
-6.0,-6.0,-2.0
-6.0,-6.0,-2.0
-6.0,-6.0,-2.0
-6.0,-6.0,-2.0
-6.0,-6.0,-2.0
-6.0,-6.0,-2.0
-6.0,-6.0,-2.0
-6.0,-6.0,-2.0
-6.0,-6.0,-2.0
-6.0,-6.0,-2.0
-6.0,-6.0,-2.0
-6.0,-6.0,-2.0
-6.0,-6.0,-2.0
-6.0,-6.0,-2.0
-6.0,-6.0,-2.0
-6.0,-6.0,-2.0
-6.0,-6.0,-2.0
-6.0,-6.0,-2.0
-6.0,-6.0,-2.0
-6.0,-6.0,-2.0
-6.0,-6.0,-2.0
-6.0,-6.0,-2.0
-6.0,-6.0,-2.0
-6.0,-6.0,-2.0
-6.0,-6.0,-2.0
-6.0,-6.0,-2.0
-6.0,-6.0,-2.0
-6.0,-6.0,-2.0
-6.0,-6.0,-2.0
-6.0,-6.0,-2.0
-6.0,-6.0,-2.0
-6.0,-6.0,-2.0
-6.0,-6.0,-2.0
-6.0,-6.0,-2.0
-6.0,-6.0,-2.0
-6.0,-6.0,-2.0
-6.0,-6.0,-2.0
-6.0,-6.0,-2.0
-6.0,-6.0,-2.0
-6.0,-6.0,-2.0
-6.0,-6.0,-2.0
-6.0,-6.0,-2.0
-6.0,-6.0,-2.0
-6.0,-6.0,-2.0
-6.0,-6.0,-2.0
-6.0,-6.0,-2.0
-6.0,-6.0,-2.0
-6.0,-6.0,-2.0
-6.0,-6.0,-2.0
-6.0,-6.0,-2.0
-6.0,-6.0,-2.0
-6.0,-6.0,-2.0
-6.0,-6.0,-2.0
-6.0,-6.0,-2.0
-6.0,-6.0,-2.0
-6.0,-6.0,-2.0
-6.0,-6.0,-2.0
-6.0,-6.0,-2.0
-6.0,-6.0,-2.0
-6.0,-6.0,-2.0
-6.0,-6.0,-2.0
-6.0,-6.0,-2.0
-6.0,-6.0,-2.0
-6.0,-6.0,-2.0
-6.0,-6.0,-2.0
-6.0,-6.0,-2.0
-6.0,-6.0,-2.0
-6.0,-6.0,-2.0
-6.0,-6.0,-2.0
-6.0,-6.0,-2.0
-6.0,-6.0,-2.0
-6.0,-6.0,-2.0
-6.0,-6.0,-2.0
-6.0,-6.0,-2.0
-6.0,-6.0,-2.0
-6.0,-6.0,-2.0
-6.0,-6.0,-2.0
-6.0,-6.0,-2.0
-6.0,-6.0,-2.0
-6.0,-6.0,-2.0
-6.0,-6.0,-2.0
-6.0,-6.0,-2.0
-6.0,-6.0,-2.0
-6.0,-6.0,-2.0
-6.0,-6.0,-2.0
-6.0,-6.0,-2.0
-6.0,-6.0,-2.0
-6.0,-6.0,-2.0
-6.0,-6.0,-2.0
-6.0,-6.0,-2.0
-6.0,-6.0,-2.0
-6.0,-6.0,-2.0
-6.0,-6.0,-2.0
-6.0,-6.0,-2.0
-6.0,-6.0,-2.0
-6.0,-6.0,-2.0
-6.0,-6.0,-2.0
-6.0,-6.0,-2.0
-6.0,-6.0,-2.0
-6.0,-6.0,-2.0
-6.0,-6.0,-2.0
-6.0,-6.0,-2.0
-6.0,-6.0,-2.0
-6.0,-6.0,-2.0
-6.0,-6.0,-2.0
-6.0,-6.0,-2.0
-6.0,-6.0,-2.0
-6.0,-6.0,-2.0
-6.0,-6.0,-2.0
-6.0,-6.0,-2.0
-6.0,-6.0,-2.0
-6.0,-6.0,-2.0
-6.0,-6.0,-2.0
-6.0,-6.0,-2.0
-6.0,-6.0,-2.0
-6.0,-6.0,-2.0
-6.0,-6.0,-2.0
-6.0,-6.0,-2.0
-6.0,-6.0,-2.0
-6.0,-6.0,-2.0
-6.0,-6.0,-2.0
-6.0,-6.0,-2.0
-6.0,-6.0,-2.0
-6.0,-6.0,-2.0
-6.0,-6.0,-2.0
-6.0,-6.0,-2.0
-6.0,-6.0,-2.0
-6.0,-6.0,-2.0
-6.0,-6.0,-2.0
-6.0,-6.0,-2.0
-6.0,-6.0,-2.0
-6.0,-6.0,-2.0
-6.0,-6.0,-2.0
-6.0,-6.0,-2.0
-6.0,-6.0,-2.0
-6.0,-6.0,-2.0
-6.0,-6.0,-2.0
-6.0,-6.0,-2.0
-6.0,-6.0,-2.0
-6.0,-6.0,-2.0
-6.0,-6.0,-2.0
-6.0,-6.0,-2.0
-6.0,-6.0,-2.0
-6.0,-6.0,-2.0
-6.0,-6.0,-2.0
-6.0,-6.0,-2.0
-6.0,-6.0,-2.0
-6.0,-6.0,-2.0
-6.0,-6.0,-2.0
-6.0,-6.0,-2.0
-6.0,-6.0,-2.0
-6.0,-6.0,-2.0
-6.0,-6.0,-2.0
-6.0,-6.0,-2.0
-6.0,-6.0,-2.0
-6.0,-6.0,-2.0
-6.0,-6.0,-2.0
-6.0,-6.0,-2.0
-6.0,-6.0,-2.0
-6.0,-6.0,-2.0
-6.0,-6.0,-2.0
-6.0,-6.0,-2.0
-6.0,-6.0,-2.0
-6.0,-6.0,-2.0
-6.0,-6.0,-2.0
-6.0,-6.0,-2.0
-6.0,-6.0,-2.0
-6.0,-6.0,-2.0
-6.0,-6.0,-2.0
-6.0,-6.0,-2.0
-6.0,-6.0,-2.0
-6.0,-6.0,-2.0
-6.0,-6.0,-2.0
-6.0,-6.0,-2.0
-6.0,-6.0,-2.0
-6.0,-6.0,-2.0
-6.0,-6.0,-2.0
-6.0,-6.0,-2.0
-6.0,-6.0,-2.0
-6.0,-6.0,-2.0
-6.0,-6.0,-2.0
-6.0,-6.0,-2.0
-6.0,-6.0,-2.0
-6.0,-6.0,-2.0
-6.0,-6.0,-2.0
-6.0,-6.0,-2.0
-6.0,-6.0,-2.0
-6.0,-6.0,-2.0
-6.0,-6.0,-2.0
-6.0,-6.0,-2.0
-6.0,-6.0,-2.0
-6.0,-6.0,-2.0
-6.0,-6.0,-2.0
-6.0,-6.0,-2.0
-6.0,-6.0,-2.0
-6.0,-6.0,-2.0
-6.0,-6.0,-2.0
-6.0,-6.0,-2.0
-6.0,-6.0,-2.0
-6.0,-6.0,-2.0
-6.0,-6.0,-2.0
-6.0,-6.0,-2.0
-6.0,-6.0,-2.0
-6.0,-6.0,-2.0
-6.0,-6.0,-2.0
-6.0,-6.0,-2.0
-6.0,-6.0,-2.0
-6.0,-6.0,-2.0
-6.0,-6.0,-2.0
-6.0,-6.0,-2.0
-6.0,-6.0,-2.0
-6.0,-6.0,-2.0
-6.0,-6.0,-2.0
-6.0,-6.0,-2.0
-6.0,-6.0,-2.0
-6.0,-6.0,-2.0
-6.0,-6.0,-2.0
-6.0,-6.0,-2.0
-6.0,-6.0,-2.0
-6.0,-6.0,-2.0
-6.0,-6.0,-2.0
-6.0,-6.0,-2.0
-6.0,-6.0,-2.0
-6.0,-6.0,-2.0
-6.0,-6.0,-2.0
-6.0,-6.0,-2.0
-6.0,-6.0,-2.0
-6.0,-6.0,-2.0
-6.0,-6.0,-2.0
-6.0,-6.0,-2.0
-6.0,-6.0,-2.0
-6.0,-6.0,-2.0
-6.0,-6.0,-2.0
-6.0,-6.0,-2.0
-6.0,-6.0,-2.0
-6.0,-6.0,-2.0
-6.0,-6.0,-2.0
-6.0,-6.0,-2.0
-6.0,-6.0,-2.0
-6.0,-6.0,-2.0
-6.0,-6.0,-2.0
-6.0,-6.0,-2.0
-6.0,-6.0,-2.0
-6.0,-6.0,-2.0
-6.0,-6.0,-2.0
-6.0,-6.0,-2.0
-6.0,-6.0,-2.0
-6.0,-6.0,-2.0
-6.0,-6.0,-2.0
-6.0,-6.0,-2.0
-6.0,-6.0,-2.0
-6.0,-6.0,-2.0
-6.0,-6.0,-2.0
-6.0,-6.0,-2.0
-6.0,-6.0,-2.0
-6.0,-6.0,-2.0
-6.0,-6.0,-2.0
-6.0,-6.0,-2.0
-6.0,-6.0,-2.0
-6.0,-6.0,-2.0
-6.0,-6.0,-2.0
-6.0,-6.0,-2.0
-6.0,-6.0,-2.0
-6.0,-6.0,-2.0
-6.0,-6.0,-2.0
-6.0,-6.0,-2.0
-6.0,-6.0,-2.0
-6.0,-6.0,-2.0
-6.0,-6.0,-2.0
-6.0,-6.0,-2.0
-6.0,-6.0,-2.0
-6.0,-6.0,-2.0
-6.0,-6.0,-2.0
-6.0,-6.0,-2.0
-6.0,-6.0,-2.0
-6.0,-6.0,-2.0
-6.0,-6.0,-2.0
-6.0,-6.0,-2.0
-6.0,-6.0,-2.0
-6.0,-6.0,-2.0
-6.0,-6.0,-2.0
-6.0,-6.0,-2.0
-6.0,-6.0,-2.0
-6.0,-6.0,-2.0
-6.0,-6.0,-2.0
-6.0,-6.0,-2.0
-6.0,-6.0,-2.0
-6.0,-6.0,-2.0
-6.0,-6.0,-2.0
-6.0,-6.0,-2.0
-6.0,-6.0,-2.0
-6.0,-6.0,-2.0
-6.0,-6.0,-2.0
-6.0,-6.0,-2.0
-6.0,-6.0,-2.0
-6.0,-6.0,-2.0
-6.0,-6.0,-2.0
-6.0,-6.0,-2.0
-6.0,-6.0,-2.0
-6.0,-6.0,-2.0
-6.0,-6.0,-2.0
-6.0,-6.0,-2.0
-6.0,-6.0,-2.0
-6.0,-6.0,-2.0
-6.0,-6.0,-2.0
-6.0,-6.0,-2.0
-6.0,-6.0,-2.0
-6.0,-6.0,-2.0
-6.0,-6.0,-2.0
-6.0,-6.0,-2.0
-6.0,-6.0,-2.0
-6.0,-6.0,-2.0
-6.0,-6.0,-2.0
-6.0,-6.0,-2.0
-6.0,-6.0,-2.0
-6.0,-6.0,-2.0
-6.0,-6.0,-2.0
-6.0,-6.0,-2.0
-6.0,-6.0,-2.0
-6.0,-6.0,-2.0
-6.0,-6.0,-2.0
-6.0,-6.0,-2.0
-6.0,-6.0,-2.0
-6.0,-6.0,-2.0
-6.0,-6.0,-2.0
-6.0,-6.0,-2.0
-6.0,-6.0,-2.0
-6.0,-6.0,-2.0
-6.0,-6.0,-2.0
-6.0,-6.0,-2.0
-6.0,-6.0,-2.0
-6.0,-6.0,-2.0
-6.0,-6.0,-2.0
-6.0,-6.0,-2.0
-6.0,-6.0,-2.0
-6.0,-6.0,-2.0
-6.0,-6.0,-2.0
-6.0,-6.0,-2.0
-6.0,-6.0,-2.0
-6.0,-6.0,-2.0
-6.0,-6.0,-2.0
-6.0,-6.0,-2.0
-6.0,-6.0,-2.0
-6.0,-6.0,-2.0
-6.0,-6.0,-2.0
-6.0,-6.0,-2.0
-6.0,-6.0,-2.0
-6.0,-6.0,-2.0
-6.0,-6.0,-2.0
-6.0,-6.0,-2.0
-6.0,-6.0,-2.0
-6.0,-6.0,-2.0
-6.0,-6.0,-2.0
-6.0,-6.0,-2.0
-6.0,-6.0,-2.0
-6.0,-6.0,-2.0
-6.0,-6.0,-2.0
-6.0,-6.0,-2.0
-6.0,-6.0,-2.0
-6.0,-6.0,-2.0
-6.0,-6.0,-2.0
-6.0,-6.0,-2.0
-6.0,-6.0,-2.0
-6.0,-6.0,-2.0
-6.0,-6.0,-2.0
-6.0,-6.0,-2.0
-6.0,-6.0,-2.0
-6.0,-6.0,-2.0
-6.0,-6.0,-2.0
-6.0,-6.0,-2.0
-6.0,-6.0,-2.0
-6.0,-6.0,-2.0
-6.0,-6.0,-2.0
-6.0,-6.0,-2.0
-6.0,-6.0,-2.0
-6.0,-6.0,-2.0
-6.0,-6.0,-2.0
-6.0,-6.0,-2.0
-6.0,-6.0,-2.0
-6.0,-6.0,-2.0
-6.0,-6.0,-2.0
-6.0,-6.0,-2.0
-6.0,-6.0,-2.0
-6.0,-6.0,-2.0
-6.0,-6.0,-2.0
-6.0,-6.0,-2.0
-6.0,-6.0,-2.0
-6.0,-6.0,-2.0
-6.0,-6.0,-2.0
-6.0,-6.0,-2.0
-6.0,-6.0,-2.0
-6.0,-6.0,-2.0
-6.0,-6.0,-2.0
-6.0,-6.0,-2.0
-6.0,-6.0,-2.0
-6.0,-6.0,-2.0
-6.0,-6.0,-2.0
-6.0,-6.0,-2.0
-6.0,-6.0,-2.0
-6.0,-6.0,-2.0
-6.0,-6.0,-2.0
-6.0,-6.0,-2.0
-6.0,-6.0,-2.0
-6.0,-6.0,-2.0
-6.0,-6.0,-2.0
-6.0,-6.0,-2.0
-6.0,-6.0,-2.0
-6.0,-6.0,-2.0
-6.0,-6.0,-2.0
-6.0,-6.0,-2.0
-6.0,-6.0,-2.0
-6.0,-6.0,-2.0
-6.0,-6.0,-2.0
-6.0,-6.0,-2.0
-6.0,-6.0,-2.0
-6.0,-6.0,-2.0
-6.0,-6.0,-2.0
-6.0,-6.0,-2.0
-6.0,-6.0,-2.0
-6.0,-6.0,-2.0
-6.0,-6.0,-2.0
-6.0,-6.0,-2.0
-6.0,-6.0,-2.0
-6.0,-6.0,-2.0
-6.0,-6.0,-2.0
-6.0,-6.0,-2.0
-6.0,-6.0,-2.0
-6.0,-6.0,-2.0
-6.0,-6.0,-2.0
-6.0,-6.0,-2.0
-6.0,-6.0,-2.0
-6.0,-6.0,-2.0
-6.0,-6.0,-2.0
-6.0,-6.0,-2.0
-6.0,-6.0,-2.0
-6.0,-6.0,-2.0
-6.0,-6.0,-2.0
-6.0,-6.0,-2.0
-6.0,-6.0,-2.0
-6.0,-6.0,-2.0
-6.0,-6.0,-2.0
-6.0,-6.0,-2.0
-6.0,-6.0,-2.0
-6.0,-6.0,-2.0
-6.0,-6.0,-2.0
-6.0,-6.0,-2.0
-6.0,-6.0,-2.0
-6.0,-6.0,-2.0
-6.0,-6.0,-2.0
-6.0,-6.0,-2.0
-6.0,-6.0,-2.0
-6.0,-6.0,-2.0
-6.0,-6.0,-2.0
-6.0,-6.0,-2.0
-6.0,-6.0,-2.0
-6.0,-6.0,-2.0
-6.0,-6.0,-2.0
-6.0,-6.0,-2.0
-6.0,-6.0,-2.0
-6.0,-6.0,-2.0
-6.0,-6.0,-2.0
-6.0,-6.0,-2.0
-6.0,-6.0,-2.0
-6.0,-6.0,-2.0
-6.0,-6.0,-2.0
-6.0,-6.0,-2.0
-6.0,-6.0,-2.0
-6.0,-6.0,-2.0
-6.0,-6.0,-2.0
-6.0,-6.0,-2.0
-6.0,-6.0,-2.0
-6.0,-6.0,-2.0
-6.0,-6.0,-2.0
-6.0,-6.0,-2.0
-6.0,-6.0,-2.0
-6.0,-6.0,-2.0
-6.0,-6.0,-2.0
-6.0,-6.0,-2.0
-6.0,-6.0,-2.0
-6.0,-6.0,-2.0
-6.0,-6.0,-2.0
-6.0,-6.0,-2.0
-6.0,-6.0,-2.0
-6.0,-6.0,-2.0
-6.0,-6.0,-2.0
-6.0,-6.0,-2.0
-6.0,-6.0,-2.0
-6.0,-6.0,-2.0
-6.0,-6.0,-2.0
-6.0,-6.0,-2.0
-6.0,-6.0,-2.0
-6.0,-6.0,-2.0
-6.0,-6.0,-2.0
-6.0,-6.0,-2.0
-6.0,-6.0,-2.0
-6.0,-6.0,-2.0
-6.0,-6.0,-2.0
-6.0,-6.0,-2.0
-6.0,-6.0,-2.0
-6.0,-6.0,-2.0
-6.0,-6.0,-2.0
-6.0,-6.0,-2.0
-6.0,-6.0,-2.0
-6.0,-6.0,-2.0
-6.0,-6.0,-2.0
-6.0,-6.0,-2.0
-6.0,-6.0,-2.0
-6.0,-6.0,-2.0
-6.0,-6.0,-2.0
-6.0,-6.0,-2.0
-6.0,-6.0,-2.0
-6.0,-6.0,-2.0
-6.0,-6.0,-2.0
-6.0,-6.0,-2.0
-6.0,-6.0,-2.0
-6.0,-6.0,-2.0
-6.0,-6.0,-2.0
-6.0,-6.0,-2.0
-6.0,-6.0,-2.0
-6.0,-6.0,-2.0
-6.0,-6.0,-2.0
-6.0,-6.0,-2.0
-6.0,-6.0,-2.0
-6.0,-6.0,-2.0
-6.0,-6.0,-2.0
-6.0,-6.0,-2.0
-6.0,-6.0,-2.0
-6.0,-6.0,-2.0
-6.0,-6.0,-2.0
-6.0,-6.0,-2.0
-6.0,-6.0,-2.0
-6.0,-6.0,-2.0
-6.0,-6.0,-2.0
-6.0,-6.0,-2.0
-6.0,-6.0,-2.0
-6.0,-6.0,-2.0
-6.0,-6.0,-2.0
-6.0,-6.0,-2.0
-6.0,-6.0,-2.0
-6.0,-6.0,-2.0
-6.0,-6.0,-2.0
-6.0,-6.0,-2.0
-6.0,-6.0,-2.0
-6.0,-6.0,-2.0
-6.0,-6.0,-2.0
-6.0,-6.0,-2.0
-6.0,-6.0,-2.0
-6.0,-6.0,-2.0
-6.0,-6.0,-2.0
-6.0,-6.0,-2.0
-6.0,-6.0,-2.0
-6.0,-6.0,-2.0
-6.0,-6.0,-2.0
-6.0,-6.0,-2.0
-6.0,-6.0,-2.0
-6.0,-6.0,-2.0
-6.0,-6.0,-2.0
-6.0,-6.0,-2.0
-6.0,-6.0,-2.0
-6.0,-6.0,-2.0
-6.0,-6.0,-2.0
-6.0,-6.0,-2.0
-6.0,-6.0,-2.0
-6.0,-6.0,-2.0
-6.0,-6.0,-2.0
-6.0,-6.0,-2.0
-6.0,-6.0,-2.0
-6.0,-6.0,-2.0
-6.0,-6.0,-2.0
-6.0,-6.0,-2.0
-6.0,-6.0,-2.0
-6.0,-6.0,-2.0
-6.0,-6.0,-2.0
-6.0,-6.0,-2.0
-6.0,-6.0,-2.0
-6.0,-6.0,-2.0
-6.0,-6.0,-2.0
-6.0,-6.0,-2.0
-6.0,-6.0,-2.0
-6.0,-6.0,-2.0
-6.0,-6.0,-2.0
-6.0,-6.0,-2.0
-6.0,-6.0,-2.0
-6.0,-6.0,-2.0
-6.0,-6.0,-2.0
-6.0,-6.0,-2.0
-6.0,-6.0,-2.0
-6.0,-6.0,-2.0
-6.0,-6.0,-2.0
-6.0,-6.0,-2.0
-6.0,-6.0,-2.0
-6.0,-6.0,-2.0
-6.0,-6.0,-2.0
-6.0,-6.0,-2.0
-6.0,-6.0,-2.0
-6.0,-6.0,-2.0
-6.0,-6.0,-2.0
-6.0,-6.0,-2.0
-6.0,-6.0,-2.0
-6.0,-6.0,-2.0
-6.0,-6.0,-2.0
-6.0,-6.0,-2.0
-6.0,-6.0,-2.0
-6.0,-6.0,-2.0
-6.0,-6.0,-2.0
-6.0,-6.0,-2.0
-6.0,-6.0,-2.0
-6.0,-6.0,-2.0
-6.0,-6.0,-2.0
-6.0,-6.0,-2.0
-6.0,-6.0,-2.0
-6.0,-6.0,-2.0
-6.0,-6.0,-2.0
-6.0,-6.0,-2.0
-6.0,-6.0,-2.0
-6.0,-6.0,-2.0
-6.0,-6.0,-2.0
-6.0,-6.0,-2.0
-6.0,-6.0,-2.0
-6.0,-6.0,-2.0
-6.0,-6.0,-2.0
-6.0,-6.0,-2.0
-6.0,-6.0,-2.0
-6.0,-6.0,-2.0
-6.0,-6.0,-2.0
-6.0,-6.0,-2.0
-6.0,-6.0,-2.0
-6.0,-6.0,-2.0
-6.0,-6.0,-2.0
-6.0,-6.0,-2.0
-6.0,-6.0,-2.0
-6.0,-6.0,-2.0
-6.0,-6.0,-2.0
-6.0,-6.0,-2.0
-6.0,-6.0,-2.0
-6.0,-6.0,-2.0
-6.0,-6.0,-2.0
-6.0,-6.0,-2.0
-6.0,-6.0,-2.0
-6.0,-6.0,-2.0
-6.0,-6.0,-2.0
-6.0,-6.0,-2.0
-6.0,-6.0,-2.0
-6.0,-6.0,-2.0
-6.0,-6.0,-2.0
-6.0,-6.0,-2.0
-6.0,-6.0,-2.0
-6.0,-6.0,-2.0
-6.0,-6.0,-2.0
-6.0,-6.0,-2.0
-6.0,-6.0,-2.0
-6.0,-6.0,-2.0
-6.0,-6.0,-2.0
-6.0,-6.0,-2.0
-6.0,-6.0,-2.0
-6.0,-6.0,-2.0
-6.0,-6.0,-2.0
-6.0,-6.0,-2.0
-6.0,-6.0,-2.0
-6.0,-6.0,-2.0
-6.0,-6.0,-2.0
-6.0,-6.0,-2.0
-6.0,-6.0,-2.0
-6.0,-6.0,-2.0
-6.0,-6.0,-2.0
-6.0,-6.0,-2.0
-6.0,-6.0,-2.0
-6.0,-6.0,-2.0
-6.0,-6.0,-2.0
-6.0,-6.0,-2.0
-6.0,-6.0,-2.0
-6.0,-6.0,-2.0
-6.0,-6.0,-2.0
-6.0,-6.0,-2.0
-6.0,-6.0,-2.0
-6.0,-6.0,-2.0
-6.0,-6.0,-2.0
-6.0,-6.0,-2.0
-6.0,-6.0,-2.0
-6.0,-6.0,-2.0
-6.0,-6.0,-2.0
-6.0,-6.0,-2.0
-6.0,-6.0,-2.0
-6.0,-6.0,-2.0
-6.0,-6.0,-2.0
-6.0,-6.0,-2.0
-6.0,-6.0,-2.0
-6.0,-6.0,-2.0
-6.0,-6.0,-2.0
-6.0,-6.0,-2.0
-6.0,-6.0,-2.0
-6.0,-6.0,-2.0
-6.0,-6.0,-2.0
-6.0,-6.0,-2.0
-6.0,-6.0,-2.0
-6.0,-6.0,-2.0
-6.0,-6.0,-2.0
-6.0,-6.0,-2.0
-6.0,-6.0,-2.0
-6.0,-6.0,-2.0
-6.0,-6.0,-2.0
-6.0,-6.0,-2.0
-6.0,-6.0,-2.0
-6.0,-6.0,-2.0
-6.0,-6.0,-2.0
-6.0,-6.0,-2.0
-6.0,-6.0,-2.0
-6.0,-6.0,-2.0
-6.0,-6.0,-2.0
-6.0,-6.0,-2.0
