x,y,z
-0.259533,-0.505358,0.244603
0.167974,-0.550472,0.237602
-0.535379,-0.179718,0.261223
0.108149,-0.12551,0.207783
-0.114261,0.246102,0.21217
0.469051,0.208141,0.214746
0.497228,-0.280042,0.275605
-0.184259,-0.0800508,0.497402
-0.529819,0.245788,0.290995
0.172638,0.162409,0.518318
-0.282015,0.514872,0.512249
0.192972,0.532166,0.297404
-0.0491648,-0.580235,0.610394
-0.440406,-0.393444,0.626011
0.233191,-0.261283,0.603853
-0.583488,0.0172673,0.646053
0.573484,0.00732804,0.574686
-0.159331,0.219987,0.792997
0.451813,0.354529,0.779608
0.089215,0.567564,0.71571
0.223994,-0.53063,0.943062
-0.546901,-0.213479,1.0037
-0.110957,-0.267563,0.881808
0.530201,-0.226919,0.92903
0.201941,0.0259345,0.914883
-0.536827,0.251654,1.00852
-0.176883,0.553492,1.06169
-0.12952,-0.569001,1.18733
0.418473,-0.391443,1.30604
-0.220877,0.0217909,1.15987
0.142157,0.157371,1.29951
0.547267,0.148699,1.14512
0.250896,0.518972,1.11343
-0.165077,-0.562263,1.63037
-0.457012,-0.368234,1.38747
0.0377068,-0.246464,1.40903
-0.594534,0.0430169,1.38361
-0.222997,0.0482225,1.57314
0.563613,-0.0472276,1.52522
0.439729,0.37167,1.50088
-0.397886,0.427498,1.41429
0.00854765,0.576161,1.45688
0.257685,-0.513519,1.68598
-0.558075,-0.178042,1.75848
-0.0317781,-0.229977,1.8307
0.512608,-0.247748,1.90672
0.180221,0.111706,1.70163
-0.536566,0.247921,1.78536
0.544429,0.182929,1.88915
-0.223039,0.540987,1.81208
0.219574,0.526503,1.83632
-0.36212,-0.465633,2.0065
0.0487821,-0.576769,2.05985
-0.581354,0.0079014,2.15046
0.212125,-0.0147618,2.09759
-0.421308,0.40872,2.17441
-0.150096,0.15641,1.97172
-0.0215527,0.581254,2.18848
-0.14881,-0.557205,2.44388
0.385063,-0.428943,2.27928
-0.509746,-0.309539,2.43703
-0.15889,-0.176747,2.23403
0.576037,-0.0121285,2.26963
-0.0197557,0.211617,2.37537
0.397411,0.407587,2.21504
0.222395,-0.533037,2.66574
0.166856,-0.14963,2.50135
0.541701,-0.184277,2.64706
-0.217559,-0.0724103,2.63628
-0.545152,0.209279,2.53597
0.512256,0.245204,2.60781
-0.248082,0.528933,2.55615
0.1957,0.539376,2.56565
-0.342146,-0.459436,2.81859
0.0247501,-0.262662,2.93939
0.435454,-0.367813,3.00121
-0.584414,-0.0951431,2.8398
-0.286293,0.257382,2.887
0.1204,0.164618,2.7683
-0.0187491,0.579523,2.93041
0.380822,0.433058,2.97369
-0.183083,-0.551686,3.2134
-0.515115,-0.257006,3.2328
0.565284,0.0450986,3.01525
-0.573272,0.173937,3.17609
0.133933,0.146052,3.17553
-0.277627,0.511826,3.26401
0.2491,-0.524848,3.33995
0.0191698,-0.205955,3.36883
0.531513,-0.199143,3.38065
-0.232622,0.114364,3.40713
0.494536,0.285082,3.36606
0.154875,0.552663,3.32712
-0.0376537,-0.577264,3.6379
-0.427908,-0.398589,3.63032
0.2673,-0.2648,3.71165
-0.589277,0.00519753,3.61637
-0.194663,0.0496702,3.82084
0.158776,0.136398,3.59306
0.565304,0.053839,3.72337
-0.420035,0.406727,3.66101
-0.0204754,0.573617,3.71901
0.382751,0.432152,3.79216
-0.199437,-0.551852,4.02832
0.231376,-0.527063,4.04173
-0.529395,-0.249973,4.02024
0.528716,-0.216151,4.05329
0.193258,0.0439615,4.00309
-0.558095,0.183874,4.01204
-0.283161,0.511603,4.05754
-0.128041,-0.179338,4.17123
-0.0748764,0.218782,4.27921
0.53684,0.198867,4.17736
0.14432,0.55733,4.12194
-0.396108,-0.430849,4.39255
0.0128434,-0.58092,4.40737
-0.0835654,-0.201028,4.58811
0.411607,-0.397658,4.4247
-0.579546,-0.0288763,4.39089
0.25846,0.00540981,4.43633
-0.442766,0.382966,4.43722
-0.0598951,0.580307,4.50098
0.352735,0.443278,4.48746
-0.219999,-0.543139,4.77403
0.215955,-0.530655,4.78436
-0.535847,-0.250488,4.75761
0.19975,-0.108989,4.90079
0.570839,-0.100814,4.69672
-0.558474,0.181313,4.79814
-0.0197245,0.203883,4.70131
0.487301,0.28756,4.86823
-0.280883,0.508359,4.86967
0.150651,0.55822,4.88071
-0.0135494,-0.578358,5.14797
-0.415105,-0.412739,5.14219
0.427148,-0.383234,5.12906
-0.591856,-0.00404234,5.18264
-0.225012,-0.06334,4.97242
0.567024,0.0217795,5.19654
0.0404185,0.224145,5.12211
-0.250095,-0.119556,5.40984
0.177179,-0.117676,5.33835
-0.426996,0.393987,5.26151
-0.0416029,0.580619,5.34468
0.364851,0.439467,5.26829
-0.231275,-0.535802,5.51897
0.229823,-0.528139,5.49686
-0.515687,-0.272899,5.7162
0.018917,-0.243376,5.7222
0.526006,-0.220234,5.5535
-0.570227,0.14307,5.58915
-0.00871267,0.204779,5.54756
0.525684,0.209485,5.59862
-0.316348,0.489973,5.67204
0.241527,0.522435,5.67986
-0.153704,-0.56537,5.94573
0.373742,-0.43219,5.89917
-0.248863,0.063781,5.86979
0.179367,0.0960885,5.91827
0.569513,-0.0484491,5.9481
-0.0440227,0.575989,6.00171
-0.394997,-0.432418,6.28368
0.155769,-0.556539,6.25164
-0.0514338,-0.20147,6.14942
0.492232,-0.288851,6.2983
-0.581888,-0.0841719,6.10245
-0.436323,0.390227,6.07767
-0.0696791,0.214884,6.24417
0.384469,0.426963,6.07646
-0.235309,-0.148784,6.56617
0.184833,-0.0553581,6.47814
0.549865,0.136813,6.34298
-0.554503,0.178817,6.44749
-0.287716,0.516563,6.45816
0.142972,0.556476,6.40319
-0.111995,-0.564318,6.59014
0.315251,-0.467328,6.65354
-0.582576,-0.0418976,6.81762
0.557949,-0.114399,6.693
-0.451763,0.370183,6.83263
-0.0703108,0.22907,6.67833
0.478921,0.308525,6.74075
0.142335,0.562492,6.83243
-0.395929,-0.426771,6.88789
0.0648891,-0.572701,6.99045
0.454434,-0.337982,7.04627
-0.220364,0.0705872,7.04946
0.207165,0.0016809,6.9058
0.561566,0.0951597,7.11457
-0.174206,0.549225,7.12062
-0.262917,-0.51795,7.28924
-0.558571,-0.175803,7.22901
0.0425719,-0.216646,7.23089
-0.49952,0.308925,7.27908
0.114223,0.171391,7.38553
0.346794,0.459498,7.19221
0.24309,-0.52169,7.43204
-0.48027,-0.330538,7.62638
0.0961444,-0.161765,7.66362
0.5365,-0.190047,7.44275
-0.262601,0.0124226,7.48305
0.516644,0.237806,7.52396
-0.213846,0.531334,7.54732
0.210227,0.535191,7.60161
-0.102067,-0.557124,7.6895
0.380052,-0.427884,7.83156
-0.153845,0.119342,7.88642
0.56928,-0.0421606,7.84881
-0.519361,0.276994,7.71171
0.43668,0.362366,7.93022
-0.360292,-0.450814,8.02362
0.0591171,-0.559112,8.09077
-0.572492,-0.0718899,7.96585
0.210085,-0.0120533,8.05723
-0.505821,0.277062,8.21364
-0.225638,0.535979,7.97592
0.14907,0.548146,8.19014
-0.217865,-0.526978,8.42945
0.228182,-0.515254,8.48624
0.491554,-0.290325,8.22721
-0.56872,-0.114522,8.40222
-0.158801,-0.13724,8.2424
0.551257,0.134461,8.27943
0.150908,0.174855,8.43492
-0.22545,0.53976,8.40996
-0.44635,-0.352141,8.75369
0.016116,-0.176195,8.65375
0.449644,-0.119097,8.62028
-0.256814,0.144598,8.5596
0.484053,0.302675,8.67557
0.146112,0.562266,8.62964
-0.0491818,-0.567404,8.82835
0.371199,-0.443516,8.88984
-0.586976,0.0561231,8.81325
-0.226363,-0.0704504,9.01934
0.573015,0.0394387,9.00682
0.0645966,0.203306,8.85596
-0.38686,0.436743,8.86026
-0.322056,-0.468618,9.15511
0.109602,-0.544711,9.23127
-0.564521,0.109724,9.24543
0.19817,-0.122638,9.10006
-0.0120183,0.206179,9.28197
-0.347806,0.475186,9.31689
-0.0220332,0.578462,9.05038
0.381983,0.420967,9.07991
-0.247651,-0.569003,9.57292
-0.538956,-0.260544,9.46815
-0.08252,-0.198537,9.41559
0.447563,-0.329803,9.3991
0.397536,0.125173,9.39745
0.180905,0.552784,9.43688
0.179868,-0.617955,9.65508
0.527085,-0.466705,9.86532
-0.230842,-0.240685,9.86038
0.19859,-0.165292,9.74147
-0.702073,-0.00904818,9.78619
-0.286502,0.128654,9.61216
0.629557,-0.0766809,9.70295
-0.583069,0.411539,9.75578
0.107656,0.257432,9.73372
0.518007,0.3999,9.70758
-0.184213,0.604558,9.70014
0.218028,0.672557,9.8549
-0.116951,-0.758841,9.94355
0.28491,-0.814111,10.1049
-0.510063,-0.571503,9.92348
-0.817582,-0.308367,10.0804
0.0755798,-0.411551,10.1306
0.830478,-0.224528,10.0745
0.0113877,0.0186653,10.1174
0.419889,-0.121983,10.1104
-0.806165,0.2744,10.1031
-0.389382,0.156581,10.0438
0.334859,0.303324,10.1001
0.746999,0.197393,10.0211
-0.0710766,0.45026,10.0905
0.578926,0.648624,10.0985
-0.433712,0.695213,10.051
-0.0483067,0.886264,10.1149
-0.594561,-1.24482,10.4153
-0.250997,-1.04131,10.248
0.151205,-1.17514,10.3432
-0.633108,-0.830076,10.2592
0.702536,-0.720076,10.1829
-1.00258,-0.602528,10.3554
-0.2576,-0.620292,10.3384
0.426307,-0.461022,10.385
-0.422355,-0.225372,10.2529
1.15443,-0.348136,10.3395
-1.12048,-0.0568117,10.2621
1.08202,0.0763748,10.2735
-1.13129,0.395625,10.3677
0.234399,0.639299,10.3651
0.941303,0.488083,10.2801
-0.815367,0.707554,10.2545
-0.396193,1.03126,10.3227
0.291484,1.07199,10.3025
0.718236,0.969004,10.3513
-0.158447,-1.83557,10.6006
0.242627,-1.9951,10.6691
-0.553197,-1.65528,10.5575
0.197167,-1.59982,10.4934
0.593339,-1.74792,10.5984
-1.32376,-1.25397,10.5777
-0.943927,-1.46482,10.548
-0.19705,-1.41964,10.4565
0.539542,-1.33476,10.4585
0.935955,-1.4802,10.5598
-1.69674,-1.04413,10.6519
-0.972309,-1.03225,10.4475
-0.114391,-1.04144,10.6741
0.863871,-1.04859,10.4219
1.25932,-1.18837,10.5328
-1.35509,-0.826378,10.4856
-0.536665,-0.90759,10.69
0.461121,-0.903539,10.4948
1.19412,-0.767619,10.4423
1.58005,-0.902204,10.5935
-1.72126,-0.607352,10.5725
-0.622421,-0.496849,10.544
0.102291,-0.672199,10.5862
0.824776,-0.539571,10.5693
1.5339,-0.478223,10.5088
1.92098,-0.586664,10.673
-1.77668,-0.17394,10.5619
-1.36801,-0.379302,10.4445
-0.990963,-0.31236,10.6884
-0.0780076,-0.273884,10.5166
1.85059,-0.164662,10.5881
-1.46498,0.113535,10.4582
-1.08712,0.111192,10.6915
-0.734969,-0.00202373,10.4609
-0.243707,0.123795,10.453
0.286971,-0.0450167,10.5141
0.715903,-0.0718491,10.4606
1.45019,-0.0523285,10.4632
-1.85506,0.255982,10.5836
-0.57847,0.40569,10.4623
0.0978425,0.322566,10.6329
0.527664,0.320897,10.4888
0.929578,0.248638,10.6579
1.33185,0.391837,10.4484
1.74526,0.315534,10.5616
-1.90458,0.683355,10.6671
-1.52283,0.541531,10.5085
-0.200163,0.623989,10.4653
0.77333,0.6552,10.6453
-1.19202,0.821298,10.4417
1.13641,0.832178,10.4539
1.57383,0.737316,10.5511
-1.578,0.968867,10.5794
-0.811325,1.11211,10.4198
-0.045456,1.01151,10.5885
1.40776,1.14789,10.5831
-1.21236,1.24323,10.5502
-0.411531,1.44034,10.4652
0.0329568,1.40254,10.4258
0.572231,1.36262,10.4685
0.995042,1.26269,10.5019
-0.859356,1.5265,10.5447
-0.130087,1.78624,10.5682
0.318042,1.71148,10.5414
0.849754,1.66914,10.6131
1.26759,1.56304,10.6441
-0.559132,1.83296,10.6284
0.284319,-2.40197,10.8797
-0.831375,-2.33242,10.9502
-0.513377,-2.08782,10.7402
-0.104119,-2.22227,10.8
0.636126,-2.13795,10.791
1.02389,-2.25117,10.9644
-1.53852,-1.94083,10.9458
-0.909094,-1.90745,10.7095
0.98716,-1.88681,10.7259
1.37106,-1.99974,10.9015
-1.28179,-1.68166,10.71
-0.795276,-1.56479,10.9637
-0.390814,-1.72495,10.9528
0.350488,-1.67285,10.9489
1.32501,-1.61577,10.6971
1.68988,-1.70665,10.916
-2.01846,-1.24593,10.8684
-1.65436,-1.46259,10.7714
-0.43119,-1.31126,10.8197
-0.0356676,-1.49715,10.852
0.6954,-1.29343,10.8639
1.27816,-1.26997,10.957
1.63912,-1.31529,10.712
2.00165,-1.40357,10.9419
-1.25917,-0.984654,10.9152
-0.861083,-1.15126,10.8534
0.277218,-1.20457,10.7765
1.97182,-1.00929,10.7594
-2.05647,-0.823933,10.7644
-0.92948,-0.733817,10.7644
0.582496,-0.735523,10.8796
0.981638,-0.965002,10.8399
-1.32574,-0.564692,10.8371
-0.270733,-0.575148,10.7917
0.135237,-0.414604,10.9478
1.17185,-0.573119,10.8379
1.58689,-0.653127,10.9486
2.29308,-0.642379,10.8887
-2.398,-0.328505,10.9386
-1.96937,-0.411252,10.8733
-1.41806,-0.142166,10.8089
-0.429847,-0.158058,10.7484
0.521289,-0.301945,10.7763
1.05179,-0.169949,10.7236
1.46195,-0.245889,10.8673
2.22616,-0.220928,10.8032
-2.14565,-0.0315456,10.7444
-0.0310698,-0.0231828,10.8672
0.38661,0.0872551,10.9189
1.74567,0.0825789,10.9302
-2.21248,0.396101,10.7883
-1.51752,0.276653,10.8602
-0.77837,0.373004,10.8481
-0.357337,0.258332,10.8508
1.32757,0.162814,10.8188
2.12752,0.197702,10.7362
-1.17789,0.532153,10.7784
-0.431374,0.681253,10.8314
0.0046989,0.676938,10.8555
0.417077,0.518105,10.8581
1.17532,0.569009,10.8163
1.59513,0.490962,10.9289
1.97638,0.658538,10.6971
2.34343,0.553339,10.9141
-2.24706,0.815939,10.9028
-1.55818,0.702321,10.935
-1.20784,0.953955,10.8759
-0.833007,0.78489,10.7027
0.373769,0.918964,10.6989
1.43403,0.894763,10.936
-1.9297,1.10022,10.8001
-0.855347,1.20519,10.8409
-0.440588,1.10918,10.7513
1.00288,0.968653,10.8411
1.81389,1.06387,10.7224
2.19364,0.967116,10.9168
-1.95231,1.51339,10.9342
-1.59804,1.38424,10.7146
-0.148189,1.43422,10.8205
0.277523,1.34333,10.7837
0.731353,1.30835,10.8753
1.6689,1.49912,10.8009
-1.62101,1.79188,10.8747
-1.24666,1.64816,10.7038
-0.886047,1.76778,10.9213
-1.2281,2.04436,10.8847
0.592765,2.00811,10.7106
1.02257,2.03011,10.7823
1.42527,1.88912,10.8817
-0.753489,2.17756,10.8151
-0.285663,2.14519,10.7641
0.158324,2.08358,10.7108
0.0448111,2.44394,10.9387
0.476344,2.39048,10.9
-0.732848,-2.66399,11.2175
0.276774,-2.72496,11.1762
-0.412838,-2.47297,10.9815
-0.023689,-2.41841,11.1883
0.673311,-2.49206,11.0545
-1.83671,-2.08299,11.2327
-1.24435,-2.24405,11.0552
-0.29904,-2.08956,11.1665
0.69821,-2.07868,11.2191
1.41252,-2.33355,11.179
-1.12594,-1.82277,11.103
-0.712482,-1.95831,11.1254
0.176025,-2.04529,11.0956
1.9314,-1.96409,11.1719
-1.91466,-1.70613,11.024
-1.52586,-1.60163,11.223
0.772194,-1.67972,11.0526
1.20214,-1.6674,11.1144
-2.29557,-1.42712,11.1529
-1.19071,-1.3968,11.0361
0.202035,-1.3898,11.2403
0.938053,-1.24201,11.2251
1.56361,-1.45461,11.2406
2.34193,-1.44674,11.2138
-2.3665,-1.02075,11.0058
-1.96817,-1.0061,11.2351
-1.59338,-1.18789,11.1084
-0.540355,-1.01131,11.1159
-0.129789,-1.15036,11.0968
0.489912,-1.0745,11.1726
1.64949,-1.06646,11.0641
2.316,-1.05572,11.0282
-2.63844,-0.718238,11.1658
-1.68601,-0.770723,10.9919
-0.941533,-0.855824,11.184
-0.206813,-0.734901,11.1915
0.162529,-0.844753,10.989
0.83836,-0.819579,11.2329
1.26716,-0.866635,11.1565
1.96248,-0.770019,11.1379
2.61589,-0.705698,11.1734
-2.20474,-0.64865,11.1638
-0.660767,-0.466818,10.9782
0.828596,-0.421585,11.0624
-1.58874,-0.369637,11.1351
-1.12724,-0.285034,11.1067
-0.249112,-0.305605,11.1313
0.449774,-0.245465,11.2003
1.86404,-0.327223,11.0181
2.57193,-0.288133,11.0612
-2.60618,0.0417019,11.041
-1.80187,-0.0063876,11.0237
-0.787601,-0.0480913,10.9707
0.800591,0.0121689,11.0335
1.18309,-0.13569,11.1811
2.11738,-0.0095958,11.1705
-2.19871,0.155081,11.153
-1.17227,0.184054,11.1136
-0.0385391,0.35719,11.1493
1.20108,0.318143,11.2038
1.97894,0.402044,11.1282
2.4777,0.140448,10.9853
-2.55308,0.475639,11.0461
-1.87249,0.428149,11.0614
-0.985025,0.575561,11.172
-0.546064,0.494012,11.2081
0.812607,0.448172,11.0301
2.68848,0.46974,11.1739
-2.58982,0.895105,11.1643
-1.89604,0.845458,11.181
-0.693749,0.896644,11.1019
-0.196248,0.761333,11.2329
0.248573,0.745268,11.2107
0.635788,0.845442,11.0372
1.09095,0.741795,11.2071
1.8249,0.810336,11.1151
2.54858,0.881721,11.1514
-2.28444,1.22883,11.0333
-1.57127,1.11647,11.0707
-0.362647,1.16766,11.1986
0.0243202,1.07674,11.0167
0.416038,1.19749,11.1694
1.6574,1.2147,11.1273
-1.20882,1.35738,11.0416
-0.554175,1.49054,10.9764
0.076345,1.46982,11.1969
1.25524,1.28995,10.9769
2.0532,1.38265,10.9731
2.41302,1.29439,11.1981
-2.27935,1.61956,11.225
-1.57884,1.52728,11.218
0.394591,1.72092,10.9706
1.03531,1.66183,11.0103
1.42034,1.61196,11.2146
2.21361,1.70462,11.2329
-1.9309,1.87781,11.1727
-0.500717,1.91579,11.0683
-0.0738924,1.82704,10.9959
0.732696,1.95606,11.1196
1.15589,2.02719,11.2148
1.8308,1.82893,11.0429
-1.56502,2.1247,11.1541
-0.893914,2.0946,11.2163
-0.18382,2.18445,11.2253
0.24307,2.09676,11.1405
1.55658,2.19512,11.162
-1.21536,2.40352,11.136
-0.804972,2.54652,11.123
-0.386672,2.49583,11.0026
0.895005,2.35456,11.0438
-0.107317,2.76633,11.2031
0.32336,2.70096,11.1685
-0.556773,-2.95419,11.4915
0.313173,-3.00474,11.5115
-0.23613,-2.79298,11.2426
0.670211,-2.81761,11.3424
1.49687,-2.62866,11.4936
-1.55808,-2.41777,11.307
-1.15791,-2.59931,11.2995
-0.391138,-2.42722,11.4248
1.05678,-2.57459,11.2561
-0.901224,-2.25992,11.3763
-0.00745916,-2.09467,11.4946
0.37506,-2.33895,11.3507
1.79504,-2.31474,11.3951
-2.22206,-1.8329,11.308
-1.40728,-1.9918,11.3918
1.12726,-2.0495,11.3429
1.52675,-1.88333,11.3052
2.28878,-1.84136,11.3931
-2.56377,-1.5281,11.4879
-1.15743,-1.53198,11.4622
-0.742522,-1.66342,11.4431
-0.072727,-1.724,11.2491
0.361083,-1.77182,11.3773
0.833047,-1.76567,11.4917
1.94039,-1.58934,11.4098
-1.90296,-1.41994,11.3545
-0.850796,-1.2712,11.2833
-0.439078,-1.41413,11.2542
0.593608,-1.41001,11.4301
-2.63769,-1.12501,11.3331
-1.24775,-1.11523,11.3662
1.31026,-1.17856,11.4572
1.99643,-1.17139,11.3072
2.6193,-1.13138,11.3346
-2.89551,-0.803249,11.5072
-1.62472,-0.949237,11.5027
-1.34246,-0.706096,11.2528
0.11507,-0.946292,11.4137
1.60335,-0.851309,11.4376
2.28784,-0.866483,11.4172
2.87952,-0.795367,11.5112
-1.84616,-0.590014,11.4054
-0.994574,-0.505353,11.4652
-0.599353,-0.660729,11.3659
0.0664966,-0.46255,11.3921
0.433281,-0.668991,11.2934
1.12023,-0.519097,11.3763
2.21396,-0.432607,11.2622
-2.90984,-0.346529,11.388
-2.4744,-0.370912,11.3739
-2.07228,-0.247188,11.2629
-0.644511,-0.232862,11.3438
0.823248,-0.183196,11.4257
1.53191,-0.390039,11.2973
2.87991,-0.380957,11.3558
-2.90441,0.1127,11.352
-1.48831,-0.00252807,11.3432
-0.373991,0.0949388,11.2528
0.0718345,-0.0418445,11.2895
1.56125,0.0475599,11.3244
2.45153,-0.103307,11.433
2.81642,0.0451322,11.2445
-2.50757,0.274364,11.4386
-1.86674,0.199711,11.4372
-0.803887,0.170386,11.3464
0.382005,0.33306,11.275
0.785322,0.2496,11.4219
2.33769,0.311121,11.3646
-2.84528,0.545945,11.3607
-2.20732,0.565153,11.3055
-1.50559,0.429697,11.302
0.724563,0.678316,11.4309
1.57178,0.482944,11.3645
2.97126,0.490294,11.5056
-1.32353,0.825275,11.2831
-0.94148,0.868696,11.4933
-0.503926,0.891836,11.5127
1.46183,0.905193,11.3707
2.19251,0.721199,11.3339
-2.84711,0.970474,11.51
-2.23792,0.982694,11.4273
-1.64612,1.01063,11.5087
-1.26487,1.21862,11.4579
0.0155109,1.08637,11.4499
0.824816,1.12221,11.3148
2.03165,1.12938,11.336
2.82631,0.977716,11.4734
-2.56369,1.28236,11.3647
-1.92729,1.26532,11.293
-0.860263,1.25196,11.2897
1.22698,1.26951,11.4093
-1.19342,1.74412,11.2454
-0.763215,1.67461,11.3372
-0.321572,1.58274,11.3339
0.689035,1.53537,11.2444
1.05552,1.67041,11.4472
1.83399,1.54852,11.3719
-2.24711,1.9779,11.4732
-1.63197,1.86044,11.4943
-0.467508,1.95695,11.5047
0.0163794,1.85255,11.4243
0.457448,1.83494,11.4714
1.60132,1.90315,11.4812
-1.88283,2.21658,11.4427
-1.26248,2.10385,11.4841
0.575265,2.29689,11.3428
1.96349,2.1203,11.3456
-1.5193,2.45858,11.4447
-0.522601,2.3865,11.4104
0.152402,2.40288,11.4448
1.23495,2.52321,11.2697
1.64276,2.49789,11.4668
-0.52961,2.81975,11.3239
0.767681,2.70031,11.2787
-0.986391,-2.90522,11.5581
-0.132392,-3.03877,11.5877
-1.44817,-2.72706,11.5977
-0.337135,-2.69103,11.7664
0.0437943,-2.63234,11.5593
0.659339,-2.79197,11.7762
1.03439,-2.88436,11.5773
-1.83149,-2.50076,11.6386
-0.737004,-2.54646,11.6631
0.386934,-2.45176,11.7729
0.755103,-2.43642,11.5417
1.14702,-2.48538,11.729
1.90528,-2.5307,11.7583
-2.10222,-2.16306,11.5704
-1.62284,-2.13467,11.7602
-1.26016,-2.33451,11.6275
0.969377,-2.08716,11.7594
1.44261,-2.17751,11.6205
2.1639,-2.20247,11.6046
-2.47746,-1.9184,11.6737
-1.04129,-1.92683,11.6201
-0.566915,-2.04725,11.5496
0.548528,-2.06401,11.644
1.81146,-1.94545,11.6261
2.50794,-1.95433,11.7502
-2.1707,-1.6043,11.6816
-1.79916,-1.793,11.5549
-1.41557,-1.75073,11.7593
-0.335026,-1.68363,11.594
0.0898054,-1.66194,11.7025
1.23252,-1.60049,11.5428
2.14774,-1.69143,11.7859
2.60131,-1.57124,11.5424
-1.5378,-1.36577,11.5949
-0.698353,-1.32638,11.7117
-0.113768,-1.31614,11.528
0.284787,-1.24554,11.6858
0.94292,-1.297,11.6614
1.66736,-1.34256,11.645
2.27345,-1.29327,11.6212
-2.84779,-1.23736,11.6999
-2.23857,-1.19902,11.5249
-0.435501,-1.02385,11.5403
0.627231,-0.998435,11.5796
1.9395,-0.973005,11.6881
2.85233,-1.23794,11.686
-2.40662,-0.796974,11.5313
-2.00536,-0.869725,11.7018
-1.27251,-0.769035,11.6867
-0.878535,-0.944543,11.6067
1.04496,-0.875651,11.6157
2.52513,-0.957611,11.771
-3.11183,-0.510615,11.7478
-2.66321,-0.510718,11.7448
-2.15945,-0.443892,11.6683
-0.256141,-0.626322,11.6323
0.313407,-0.678306,11.7115
0.734936,-0.57486,11.5929
1.41787,-0.559823,11.6956
1.88127,-0.526821,11.5405
2.51034,-0.528821,11.5764
3.10027,-0.452972,11.7376
-1.80281,-0.199681,11.603
-1.41459,-0.385609,11.5358
-0.755611,-0.215892,11.7636
-0.240321,-0.198154,11.5539
0.143522,-0.257523,11.7681
1.06304,-0.316072,11.7615
2.71381,-0.199959,11.7795
-3.13302,-0.0817784,11.6699
-2.64093,-0.0815242,11.6678
-2.21187,-0.0149187,11.6019
-1.10474,-0.0791512,11.5396
-0.506313,0.127274,11.6658
0.4488,-0.0100326,11.5686
1.16324,0.0658289,11.5661
1.52025,-0.136264,11.7201
1.91813,-0.0903431,11.5492
3.06617,-0.0237477,11.5976
-2.81604,0.309434,11.761
-2.19144,0.403911,11.7122
-1.52267,0.24067,11.7045
-1.13896,0.37524,11.5322
0.0862845,0.252349,11.6055
1.48112,0.300303,11.7504
1.94161,0.353741,11.5631
2.66597,0.214739,11.6342
-3.09309,0.643862,11.7048
-2.50889,0.683168,11.6033
-1.84538,0.620177,11.5587
-1.42637,0.667846,11.6824
-0.71735,0.505203,11.6101
-0.284029,0.485729,11.5587
0.103814,0.685171,11.6192
0.481147,0.417449,11.6906
1.10313,0.499669,11.5885
2.56528,0.637056,11.5572
1.05504,0.929622,11.6321
1.42325,0.732628,11.7763
1.83066,0.779786,11.5651
-2.47274,1.0924,11.7858
-1.9702,1.2089,11.7238
-0.761882,1.20776,11.719
0.42458,0.969213,11.5433
1.69649,1.1909,11.6148
2.39968,1.05074,11.5837
-2.82154,1.36272,11.7089
-1.59529,1.45187,11.664
-0.32375,1.27216,11.6478
0.095963,1.4698,11.6402
0.523872,1.3871,11.6184
0.948506,1.34027,11.7619
2.21189,1.44526,11.5803
2.66676,1.42254,11.5295
-2.55893,1.67854,11.5573
-1.98802,1.61353,11.5484
-1.04467,1.55687,11.658
-0.630129,1.62969,11.7693
1.42389,1.5489,11.6864
-0.888018,1.96862,11.6632
0.843187,2.03493,11.5791
1.98719,1.82324,11.6757
2.46633,1.8161,11.5832
-2.17216,2.3186,11.7808
-0.138657,2.17792,11.6956
1.30389,2.21984,11.5821
1.77561,2.2069,11.7679
2.22115,2.19768,11.706
-0.945207,2.40398,11.5238
-0.633191,2.60958,11.773
-0.204271,2.60515,11.621
0.934489,2.4581,11.6422
-1.41693,2.78108,11.7214
-1.02967,2.83298,11.5268
0.157371,2.84845,11.5483
0.52524,2.62147,11.6461
1.31775,2.71189,11.6691
-0.686927,3.05993,11.7038
-0.244816,3.04467,11.5727
0.517672,3.08071,11.6825
0.915779,2.90277,11.6342
-0.480667,-3.19807,11.8471
-0.0746622,-3.29966,11.9747
0.463402,-3.21823,11.8623
-1.44629,-2.92594,11.9856
-1.03685,-3.0822,11.9608
0.147891,-2.9245,11.9091
0.903445,-3.10795,11.9461
-1.10605,-2.64816,11.8976
-0.69741,-2.8165,12.0097
1.38887,-2.88839,11.8326
-2.15198,-2.41211,11.9272
-1.51376,-2.5001,11.9713
0.0080493,-2.51989,11.9857
0.768319,-2.42034,11.9771
1.51678,-2.4856,11.9575
-2.55141,-2.12267,12.0556
-1.24184,-2.08075,11.9854
-0.819883,-2.18606,11.887
-0.277963,-2.24506,11.8083
0.165222,-2.09505,11.8965
1.97418,-2.07876,12.0104
2.35646,-2.28166,11.9934
-2.14783,-1.97038,11.9675
-0.188552,-1.85287,11.9775
1.46515,-1.80699,11.8479
-2.77862,-1.64718,11.8579
-1.79564,-1.71162,11.9864
-1.03601,-1.58111,11.8857
-0.646593,-1.77524,11.8853
0.522201,-1.64925,11.7911
0.971395,-1.67018,11.8933
2.78015,-1.78987,12.0582
-2.46211,-1.34245,11.8738
-1.904,-1.27866,11.8124
-1.47669,-1.41822,12.0311
-0.364351,-1.45147,11.9628
0.0472121,-1.34059,12.0373
0.624384,-1.26463,11.9587
1.31791,-1.39565,11.9207
2.48672,-1.47522,11.954
3.02193,-1.42682,12.0573
-2.20172,-1.03453,12.0555
-1.57206,-1.00708,11.9313
-1.19103,-1.18146,11.7989
-0.504212,-1.03267,11.9733
-0.0769686,-0.983958,11.8024
0.296802,-0.984048,12.0339
1.02107,-1.10079,12.0415
1.41245,-0.976559,11.8304
1.72108,-1.1861,12.0489
2.18626,-1.09865,12.028
-3.11174,-0.927378,11.8765
-2.61868,-0.927061,11.9045
-0.98545,-0.833312,12.0238
0.685531,-0.800263,11.9641
1.74104,-0.7454,11.9993
3.08763,-0.901132,11.8939
-2.33262,-0.619161,12.027
-1.67958,-0.603922,11.8074
-0.65207,-0.636322,11.8115
-0.0200813,-0.600586,11.9978
1.11897,-0.678368,12.0002
2.16962,-0.639061,11.854
2.7452,-0.62017,11.9335
-2.34687,-0.178337,11.9837
-1.91964,-0.301053,12.0115
-1.49265,-0.148392,11.9048
-1.13575,-0.401119,11.8712
-0.374206,-0.332073,11.9484
0.56972,-0.294719,11.8772
1.85064,-0.328832,11.9265
2.25178,-0.21415,11.8011
-2.88602,-0.100853,12.0418
-1.90394,0.121803,11.8826
-0.146687,0.0394199,11.9049
0.284454,0.101208,11.9652
0.816739,0.0610097,11.8307
1.22182,0.0167442,11.9985
1.83229,0.107155,11.9347
3.32108,-0.0683734,12.0099
-3.27458,0.267252,11.9045
-2.46026,0.239641,12.0287
-0.908851,0.182616,11.8497
2.27676,0.235302,11.8327
3.20743,0.318828,11.8359
-2.74816,0.688041,11.9696
-1.73067,0.517923,11.9725
-1.04354,0.601846,11.8926
-0.457222,0.435616,11.9714
-0.0176739,0.457963,11.9744
0.782519,0.676428,11.8641
1.1419,0.445355,12.0194
1.78749,0.543816,11.9392
2.19805,0.677927,11.7947
2.82536,0.481729,11.9666
-2.13253,0.818369,11.8337
-0.661713,0.823423,11.9169
-0.217643,0.864549,11.8512
0.358703,0.726766,11.9727
2.63418,0.877537,11.9185
3.09964,0.791363,11.7982
-3.0847,1.04529,11.8774
-1.60891,1.14147,11.9726
-1.17444,1.03814,11.851
-0.455191,1.20837,12.0569
0.150978,1.10098,11.8825
0.618758,1.08121,11.9185
1.34032,1.16351,11.8821
1.71141,0.969171,12.0075
2.09433,1.15707,11.9098
2.9503,1.23461,11.8042
-2.27184,1.49217,11.8685
-1.83874,1.51285,12.0254
-1.29916,1.44894,12.0296
0.37065,1.44567,12.0368
1.75546,1.41931,11.9896
2.51304,1.30551,11.9204
-2.76479,1.70221,11.9761
-0.949209,1.74599,12.0554
-0.2066,1.75431,11.8012
0.703719,1.71395,11.869
2.17733,1.58685,11.9984
2.77906,1.66187,11.8786
-2.4851,2.00874,11.8376
-2.04332,1.8842,11.8982
-1.33672,1.84005,11.8323
-0.488837,2.05546,11.9468
0.21372,1.86546,11.8454
1.16245,1.86271,11.8413
1.6256,1.84102,11.955
2.4559,1.9379,12.0005
-1.67875,2.12822,11.8359
-0.864092,2.28835,11.9621
0.498506,2.19375,11.8004
0.955814,2.21741,12.0216
-1.80091,2.57438,11.7948
-1.29896,2.36625,11.8415
-0.299383,2.45585,12.0505
0.164523,2.51886,11.8728
1.44318,2.41727,11.9708
-0.997426,2.70875,12.0006
-0.0796526,2.84173,12.0434
0.613702,2.85695,12.0636
1.03452,2.68641,12.0047
1.82104,2.66042,11.9028
-1.30288,3.0617,12.0451
0.981605,3.12491,12.0165
-0.334834,3.25178,11.9644
0.0964525,3.19658,11.8067
-0.691133,-3.3042,12.217
-0.292237,-2.92393,12.1521
0.268755,-3.16498,12.2558
0.696952,-3.14538,12.3281
1.29269,-3.08403,12.2154
-1.84308,-2.77911,12.0854
-1.12612,-2.81396,12.3022
0.464166,-2.77752,12.1728
1.06153,-2.72219,12.0975
1.72872,-2.85547,12.1011
-0.956856,-2.38775,12.2467
-0.435687,-2.50263,12.1518
0.373981,-2.35095,12.2043
2.06867,-2.5874,12.1595
-2.24089,-2.26781,12.3265
-1.82174,-2.21726,12.1476
-0.513924,-2.07194,12.1754
-0.099465,-2.19287,12.2473
1.12169,-2.2488,12.1683
1.52988,-2.09634,12.1656
-1.51346,-1.89202,12.2736
-0.915349,-1.89603,12.2059
0.637752,-1.98205,12.0671
1.19629,-1.81781,12.2409
2.34227,-1.85718,12.1506
-2.97931,-1.72361,12.2739
-2.46649,-1.69914,12.2131
-1.15887,-1.54857,12.2995
-0.581923,-1.63476,12.2918
-0.149206,-1.59969,12.3274
0.23344,-1.72468,12.1123
1.58582,-1.59456,12.218
-3.08062,-1.31342,12.0869
-2.10672,-1.44971,12.1582
-0.864815,-1.24363,12.1019
0.382202,-1.35073,12.3129
0.815925,-1.50867,12.2655
2.09067,-1.50256,12.1758
-2.66485,-1.21922,12.2385
-1.80349,-1.16317,12.2712
-1.26479,-1.09622,12.23
0.692809,-1.04365,12.3258
2.71632,-1.12304,12.1239
3.18676,-1.08708,12.2768
-3.28813,-0.728645,12.2682
-1.91183,-0.727187,12.1595
-0.0882242,-0.961669,12.2365
1.44122,-0.913333,12.2725
2.41079,-0.765049,12.199
-2.87391,-0.626253,12.1112
-1.3824,-0.659882,12.1223
-0.417955,-0.674777,12.2158
0.380013,-0.567972,12.167
2.06894,-0.422912,12.2972
3.30656,-0.556862,12.1212
-3.29867,-0.254846,12.0662
-2.62032,-0.329713,12.3052
-1.58421,-0.312851,12.2999
-0.798023,-0.389282,12.1613
0.0655687,-0.208222,12.1925
0.909034,-0.306752,12.1644
1.42212,-0.370094,12.0891
2.47829,-0.333631,12.1543
2.92509,-0.207922,12.1743
-2.11569,0.0932391,12.2663
-1.67615,0.128101,12.2566
-1.14027,-0.0568641,12.143
-0.574589,0.0301051,12.0853
0.550632,-0.0626039,12.2703
0.946012,0.127554,12.3206
1.70914,-0.0916715,12.315
2.16872,-0.0068356,12.1898
2.61176,0.124772,12.0975
-2.94411,0.325897,12.1927
-1.31786,0.34759,12.1224
-0.899938,0.379923,12.2501
-0.104578,0.187766,12.3267
0.624647,0.337103,12.104
1.50683,0.281284,12.2103
-2.1313,0.515554,12.1527
0.260083,0.467935,12.3118
2.01162,0.429312,12.2961
2.42869,0.547253,12.1622
3.22944,0.560884,12.1973
-3.25775,0.714145,12.1019
-2.40982,0.877186,12.1824
-1.87347,0.868694,12.1869
-1.3962,0.779604,12.1254
-0.974905,0.88814,12.223
-0.407113,0.79073,12.2775
0.0244988,0.852667,12.2428
0.697644,0.732044,12.2891
1.39419,0.744901,12.2139
2.08676,0.853095,12.2518
-2.12499,1.22978,12.202
0.410523,1.06422,12.3106
1.01757,0.995672,12.1237
1.48425,1.20988,12.3005
2.99202,0.994339,12.1964
-2.9843,1.3605,12.1745
-2.54958,1.33082,12.1695
-0.894922,1.31617,12.1276
-0.0737084,1.43249,12.065
0.800297,1.40298,12.1749
3.03542,1.45301,12.1755
-2.37344,1.7651,12.2052
-0.474358,1.68074,12.1758
0.130321,1.78491,12.2679
1.24014,1.52331,12.1146
1.81835,1.70207,12.3255
2.51207,1.62045,12.3025
-1.61611,1.87765,12.1893
-0.739941,2.02762,12.313
0.528407,1.98223,12.1885
0.940575,1.8194,12.2237
1.32758,2.06416,12.2254
2.03208,2.01849,12.0726
-2.73107,2.07179,12.2083
-2.25847,2.1944,12.1957
-1.81561,2.28197,12.2554
-1.20184,2.10791,12.1835
0.0574736,2.20271,12.1562
1.73118,2.27672,12.2918
-2.11762,2.61893,12.0987
-1.46098,2.60484,12.1791
0.22132,2.60059,12.328
0.665915,2.43312,12.3139
2.18369,2.47223,12.1105
-0.509839,2.83205,12.1494
1.46533,2.87013,12.0955
0.206345,3.04119,12.3289
-0.782326,3.20172,12.1171
0.551471,3.29292,12.0663
-0.230476,-3.30631,12.4247
-1.47764,-3.135,12.4384
-0.670754,-2.94638,12.47
0.0568674,-2.76492,12.3543
1.39095,-2.6509,12.3693
1.82521,-2.67059,12.5191
0.187103,-2.42454,12.5883
0.794873,-2.61412,12.4176
-1.82103,-2.26899,12.5775
-1.40322,-2.30906,12.3583
-0.762063,-2.1297,12.5391
0.705493,-2.12511,12.4788
2.13536,-2.23001,12.4729
2.69133,-2.12001,12.4824
-2.18132,-1.88282,12.5569
-1.21429,-1.97635,12.5783
-0.309765,-1.94529,12.5379
0.23934,-2.00836,12.4469
1.3893,-1.97313,12.5921
1.94498,-1.84662,12.3978
-1.81441,-1.61403,12.4368
0.53608,-1.69153,12.5556
2.56494,-1.68868,12.4793
-1.48684,-1.34049,12.5152
-0.845643,-1.33077,12.5269
0.0205106,-1.24555,12.5492
1.21684,-1.34515,12.3423
1.81151,-1.24832,12.4692
-2.29065,-1.15964,12.47
-0.41355,-1.23521,12.3481
2.53981,-1.22318,12.5326
-2.54997,-0.794277,12.3627
-2.09115,-0.739696,12.6005
-1.60559,-0.782646,12.4778
-1.11436,-0.723131,12.4598
-0.732985,-0.931096,12.3739
0.272413,-0.874294,12.4649
1.07757,-0.96364,12.5163
1.93338,-0.831546,12.3832
-0.765441,-0.495651,12.5857
-0.0659613,-0.543356,12.4458
0.731407,-0.608008,12.4224
1.17397,-0.521096,12.438
1.61187,-0.49597,12.4616
2.78334,-0.639676,12.3833
-2.1882,-0.367705,12.3488
-1.9066,-0.144772,12.5964
-1.17858,-0.285438,12.5396
-0.446629,-0.260302,12.3924
0.300225,-0.316662,12.545
0.861501,-0.217313,12.5847
-0.807434,-0.0176756,12.4542
0.269608,0.119184,12.5777
1.29667,-0.0957864,12.4525
2.60765,-0.100589,12.5022
-2.5498,0.315706,12.4498
-2.02533,0.376827,12.6002
-1.2644,0.15299,12.5622
-0.498714,0.364522,12.4304
0.621091,0.383903,12.5469
2.37536,0.298213,12.5159
2.95502,0.241802,12.4111
-1.65905,0.545517,12.4225
-1.21203,0.62027,12.5079
-0.111523,0.566661,12.5495
1.06585,0.545685,12.4455
1.71616,0.689256,12.5012
2.75615,0.657797,12.4581
-2.91353,0.850939,12.3427
-2.19304,0.779181,12.5578
-0.769848,0.689975,12.555
1.19591,0.957375,12.5414
2.33466,0.792673,12.6038
-2.55888,1.13375,12.6064
-1.24012,1.21769,12.3963
-0.665384,1.10715,12.4404
-0.227588,1.15234,12.4528
0.79465,1.13684,12.5234
2.53341,1.17768,12.3407
-1.67984,1.30928,12.3995
0.141741,1.38477,12.4468
1.11306,1.44081,12.5444
2.10943,1.32674,12.3462
-2.0122,1.6583,12.4336
-1.25237,1.7163,12.3748
-0.825788,1.61084,12.4566
-0.204697,1.66411,12.5241
0.516121,1.61845,12.4391
-1.46531,2.2767,12.5244
-0.313006,2.08419,12.3874
0.33869,2.22274,12.5227
2.45112,2.19585,12.3583
-1.10736,2.49563,12.4118
-0.613075,2.43826,12.3666
1.22059,2.48381,12.3521
-0.802658,2.78231,12.5705
-0.183173,2.76858,12.5515
0.8298,2.81563,12.4791
-1.81642,2.89806,12.3391
-1.08914,3.20767,12.4678
1.03298,-2.84641,12.6831
0.458357,-2.1281,12.8407
1.06811,-2.2777,12.6699
-1.15598,-1.54981,12.7752
0.0580874,-1.65047,12.7115
0.96575,-1.76502,12.642
1.44731,-1.53716,12.6571
-0.432079,-1.38349,12.7637
0.411211,-1.30353,12.7588
0.853263,-1.31993,12.6569
-1.855,-1.20647,12.7071
-1.17475,-1.11297,12.7206
-0.800653,-0.904046,12.8429
-0.352787,-0.854616,12.6162
0.0267512,-0.86354,12.8396
0.618993,-0.900576,12.734
1.56779,-0.837836,12.8041
-0.370506,-0.428413,12.8132
0.58618,-0.457159,12.8581
1.01537,-0.682564,12.8441
2.22013,-0.578158,12.7383
-1.58028,-0.387098,12.7608
3.03386,-0.353245,12.639
-0.460653,0.0685935,12.7495
-0.0920024,-0.136485,12.622
0.595416,0.0204097,12.8559
2.11407,-0.0708805,12.6835
1.11683,0.231113,12.7484
1.75191,0.267019,12.6326
-0.404889,0.850332,12.7628
0.293742,0.779496,12.6323
0.76913,0.761273,12.7577
-2.08963,1.20283,12.6712
-1.50556,0.974261,12.6741
-0.981404,1.0831,12.7643
0.418068,1.18363,12.7603
1.55066,1.06942,12.776
1.97344,1.03818,12.6507
-0.524462,1.42527,12.7063
-0.0509408,1.37538,12.8443
1.58111,1.50417,12.6527
-1.0757,1.59732,12.829
0.183585,1.78428,12.7464
0.774773,1.54751,12.8248
-2.15158,2.05363,12.6203
-1.6499,1.84796,12.6511
0.90429,2.05546,12.6191
1.52807,1.9596,12.6563
-1.02124,2.07601,12.6494
-0.528467,2.11528,12.7778
-0.989186,0.0498748,12.8912
