x,y,z
-0.00251514,-0.105639,0.108434
0.0435473,-0.0955058,0.108359
-0.0815829,-0.0665615,0.108494
-0.0341581,-0.0701909,0.108589
0.0811631,-0.0670825,0.108385
0.0155142,-0.0575291,0.108605
-0.102399,-0.023728,0.108395
-0.0181625,-0.0244344,0.108621
0.0552522,-0.0271079,0.108542
0.102266,-0.0249304,0.108359
-0.102456,0.0233786,0.108327
-0.0545804,0.0249561,0.108576
0.0100925,0.0156811,0.108305
0.0563668,0.0200279,0.116059
0.102736,0.0221505,0.108306
-0.0175497,0.0562911,0.110269
-0.0823827,0.0659473,0.10837
0.0832171,0.0650635,0.108366
-0.045135,0.0947918,0.108343
0.000589077,0.10612,0.108402
0.0461912,0.0942604,0.108316
-0.0326297,-0.101119,0.144184
0.0210953,-0.102866,0.148974
0.0644721,-0.0842506,0.148793
-0.0943578,-0.0461454,0.148801
-0.0490636,-0.0578812,0.151647
0.0938277,-0.0469555,0.148837
-0.106205,-0.000143722,0.148774
-0.0602732,-0.0179455,0.128931
0.0189972,-0.0203602,0.137497
0.106186,-0.00138053,0.148742
-0.0945495,0.0455286,0.148819
-0.0407096,0.0431811,0.149877
0.0268914,0.0555673,0.126016
0.0950213,0.0445141,0.148822
-0.0657881,0.082876,0.148875
0.0663221,0.0819245,0.148842
-0.0232835,0.102875,0.148882
0.0239065,0.102492,0.148876
0.00458459,-0.0610584,0.163291
0.0487332,-0.0433741,0.165614
-0.0213342,-0.0216892,0.161442
-0.0632951,0.00653521,0.169191
-0.000502103,0.0191384,0.153909
0.0639892,0.00110557,0.168426
0.0386739,0.0404996,0.168794
-0.00068907,0.064962,0.162986
-0.0461545,-0.0942672,0.188478
-0.000982034,-0.106291,0.190167
0.0444589,-0.0953371,0.189206
-0.0830771,-0.0657867,0.189537
-0.0168667,-0.0614916,0.205446
0.0818342,-0.066734,0.189397
-0.0519485,-0.0311651,0.195417
0.032077,-0.0547861,0.208667
-0.102651,-0.0231937,0.189226
0.0209828,-0.0100749,0.184087
0.102439,-0.0244106,0.18928
-0.102596,0.0236852,0.189337
-0.0201409,0.00811636,0.197948
0.102769,0.0225943,0.189347
-0.0396618,0.0504697,0.202662
-0.0823894,0.0660868,0.189291
0.0098651,0.0628028,0.208712
0.0831169,0.0653567,0.189367
-0.0452345,0.0949195,0.189354
0.000426096,0.106187,0.189303
0.0460343,0.0943744,0.189319
-0.0240484,-0.102637,0.230891
0.0229095,-0.102753,0.230032
-0.0660415,-0.0825217,0.229696
0.0654186,-0.0831536,0.229897
-0.0946455,-0.045194,0.229778
-0.04299,-0.0422755,0.240018
0.0944857,-0.0461729,0.229739
0.00189571,-0.0230941,0.22528
0.0619726,-0.00507568,0.214968
0.106294,-0.000626158,0.229886
-0.106419,0.00025827,0.229874
-0.0634259,0.0121461,0.216057
0.0112864,0.0221987,0.232625
-0.0945678,0.045823,0.229825
0.0511847,0.0407097,0.213607
0.0950317,0.0450518,0.229903
-0.0657249,0.082894,0.22979
0.0661887,0.0822566,0.22989
-0.0231426,0.102724,0.229809
0.0238345,0.102573,0.229878
-3.75516e-05,-0.106378,0.270711
0.0453123,-0.0950075,0.27058
-0.0827877,-0.0658492,0.270194
-0.0371561,-0.0775965,0.270504
0.00650174,-0.0632912,0.248995
0.0823476,-0.0662539,0.27028
0.0517727,-0.0372905,0.247552
-0.102778,-0.023176,0.270199
0.019597,-0.00916302,0.267639
0.102777,-0.0240729,0.270296
-0.10266,0.0237121,0.270247
-0.0295288,0.00413765,0.247542
0.054534,0.025726,0.257575
0.102717,0.0229208,0.270349
-0.031174,0.0551053,0.248862
-0.0825473,0.0662122,0.270411
0.0149101,0.0629026,0.25561
0.0827906,0.0655357,0.270354
-0.0453463,0.094733,0.270345
0.000244653,0.106241,0.270297
0.0458964,0.0947505,0.270467
-0.010843,-0.0406362,0.286215
0.0356731,-0.052554,0.288859
-0.0568166,-0.0231608,0.2806
0.0628197,-0.00833279,0.288477
-0.0570351,0.0274436,0.280555
-0.0175438,0.00538518,0.293029
0.0388269,0.0469664,0.296165
-0.00617893,0.0608418,0.298039
-0.0238859,-0.102669,0.310597
0.0232089,-0.10271,0.311101
-0.066176,-0.0826434,0.310645
0.00703284,-0.0602311,0.325248
0.0657345,-0.0827967,0.31089
-0.094675,-0.0452636,0.310573
-0.0425512,-0.0428679,0.320861
0.0528819,-0.0321036,0.327627
0.0947697,-0.0459159,0.310906
0.106268,-0.000342498,0.310794
-0.106424,0.000292029,0.310663
-0.060294,0.00213779,0.320208
0.0249867,0.00509071,0.3128
-0.0946203,0.0458728,0.310681
0.0949321,0.0453872,0.310876
-0.0520613,0.0656223,0.307622
0.0660083,0.0824649,0.310822
-0.0235631,0.102832,0.31074
0.0234795,0.102651,0.310786
-0.0459512,-0.0947274,0.351281
-0.000379436,-0.106307,0.351242
0.0455896,-0.0949364,0.351392
-0.0829586,-0.0657435,0.351116
0.0826217,-0.0660576,0.351483
-0.103006,-0.0231617,0.35099
-0.00333796,-0.0175315,0.342521
0.102836,-0.0237018,0.35142
-0.102831,0.0237257,0.351071
-0.0564535,0.0282225,0.359118
-0.0164591,0.0286077,0.33408
0.0584945,0.0285218,0.335943
0.102837,0.0231317,0.351327
0.0204824,0.0577296,0.337993
-0.082834,0.0662348,0.351128
0.0827303,0.065733,0.351314
-0.0455529,0.0947767,0.350995
6.38035e-05,0.106373,0.3511
0.0457967,0.0949909,0.351236
-0.0225067,-0.0557634,0.361504
0.032046,-0.0518665,0.364561
-0.0571977,-0.0226131,0.360592
0.0613621,-0.00778041,0.367089
-0.0228807,0.00304174,0.380201
0.020916,0.0174325,0.362701
0.0270739,0.0565985,0.387975
-0.0154608,0.0620216,0.368029
-0.0237776,-0.102832,0.391743
0.0232767,-0.102783,0.391712
-0.066307,-0.0827289,0.391808
0.00312986,-0.0610888,0.400321
0.0658854,-0.0828975,0.391915
-0.094703,-0.0453033,0.391537
-0.0441299,-0.0423396,0.400978
0.0948524,-0.0458249,0.392039
0.0277712,-0.0192049,0.39819
0.106292,-0.000234998,0.391929
-0.106472,0.000193569,0.391515
-0.0621872,0.000765295,0.406203
0.00746287,0.0210848,0.410964
0.0559329,0.0216945,0.403388
-0.0947453,0.0456798,0.391634
-0.0425147,0.0433547,0.401644
0.0950499,0.0454808,0.391796
-0.0660048,0.0829058,0.391564
0.0660145,0.0825484,0.391668
-0.0235738,0.10296,0.391535
0.0234433,0.102878,0.39147
-0.0456457,-0.0944599,0.432293
-6.65783e-05,-0.106326,0.432218
0.045701,-0.0951608,0.432377
-0.0832261,-0.0659577,0.432238
-0.0069591,-0.0617011,0.446093
0.0825355,-0.0657008,0.432411
-0.0482605,-0.0391324,0.447734
0.0383712,-0.0487895,0.433022
-0.102944,-0.0233363,0.432069
-0.011748,-0.0193047,0.425365
0.0280013,-0.00416292,0.444858
0.0726367,-0.0167983,0.425829
-0.103048,0.0235546,0.432137
-0.0368208,0.0186789,0.441343
0.102183,0.0228073,0.432356
0.036041,0.0486362,0.436629
-0.0830195,0.066158,0.432097
-0.00928813,0.0604978,0.430435
0.0827477,0.0657599,0.4321
-0.0455866,0.0947829,0.43214
-3.85661e-05,0.106414,0.431967
0.0456929,0.0949435,0.431986
-0.0237306,-0.102978,0.472717
0.0233171,-0.10281,0.472691
-0.0663115,-0.082668,0.472694
0.0659894,-0.0828904,0.472769
-0.0947587,-0.0450568,0.472706
0.0502737,-0.0321496,0.475395
0.0950691,-0.0457576,0.472795
-0.0726275,-0.00375961,0.467194
-0.0180274,-0.0123994,0.471515
0.106262,-4.67198e-06,0.472869
0.00225633,0.02972,0.465237
0.0610632,0.0139447,0.472399
-0.0939847,0.0448257,0.472533
0.0951571,0.0458162,0.472704
-0.066231,0.0827967,0.472541
0.066058,0.0827379,0.472439
-0.0236297,0.102961,0.472568
0.0234095,0.10279,0.472397
-0.0405448,-0.0483098,0.493325
0.0128556,-0.0579636,0.488556
0.018792,-0.00736154,0.500025
-0.0490738,0.0357295,0.483409
0.0359067,0.0513166,0.490082
-0.0106335,0.0638045,0.496284
-0.045661,-0.0946391,0.513149
1.7089e-05,-0.106453,0.513094
0.0457439,-0.0951085,0.513168
-0.0831675,-0.0659597,0.513197
-0.00555604,-0.0637834,0.531642
0.0827725,-0.0660131,0.513182
0.0417702,-0.0446312,0.523173
-0.103124,-0.023406,0.513246
-0.0395561,-0.000780212,0.511979
0.062049,-0.000646933,0.516963
0.103026,-0.0234935,0.51325
-0.103055,0.0235176,0.512979
0.00162495,0.0281415,0.525527
0.102967,0.0235762,0.513237
-0.041341,0.0473922,0.530719
0.0484221,0.0410481,0.53437
-0.0830505,0.0661545,0.513041
0.0825746,0.0659405,0.513031
-0.0458533,0.0948052,0.51313
-6.7833e-05,0.106417,0.512939
0.0456958,0.0951302,0.5128
-0.0236222,-0.103111,0.55362
0.0234415,-0.102858,0.553532
-0.0661844,-0.0827473,0.553601
0.066145,-0.0829067,0.553585
-0.0949839,-0.0452163,0.553721
-0.0511477,-0.040789,0.538543
0.0951916,-0.0456935,0.553658
0.00686864,-0.0201776,0.543747
0.0564593,-0.019219,0.559636
-0.0758681,0.000482887,0.544124
-0.0301338,0.00595993,0.557976
0.10628,0.000221711,0.553749
-0.0926557,0.0443591,0.553412
0.0130492,0.0580745,0.560125
0.0949061,0.0459263,0.553742
-0.0660049,0.082935,0.5569
0.0659978,0.0828907,0.553373
-0.0238468,0.103281,0.55342
0.0232735,0.102963,0.553027
-0.0456609,-0.0947009,0.594212
3.29254e-05,-0.106384,0.59403
0.0458184,-0.0951704,0.594046
-0.0831128,-0.066232,0.594092
0.0827973,-0.0660028,0.59405
-0.0205797,-0.0476703,0.573307
0.0260398,-0.0560204,0.568422
-0.103256,-0.0229035,0.593541
-0.0536822,-0.0188148,0.590468
0.103015,-0.0233223,0.594165
-0.103072,0.0241753,0.593859
0.025021,0.0141675,0.57016
0.103035,0.0239016,0.594372
-0.0574016,0.0312487,0.587175
0.0603899,0.0509063,0.587595
-0.0270995,0.0665846,0.582507
-0.000212908,0.106437,0.593357
0.0454801,0.0954781,0.593373
-0.00137074,-0.0631574,0.613662
0.0478293,-0.0392226,0.610087
0.00736266,-0.0192007,0.597957
-0.0127459,0.02333,0.599613
0.0604549,0.00494909,0.59964
-0.0651661,0.0837897,0.604263
0.0176772,0.0603593,0.607709
-0.0235482,-0.103235,0.634545
0.0234947,-0.102666,0.634582
-0.0494263,-0.0600377,0.626141
0.0662317,-0.0828807,0.634609
-0.0948732,-0.0450025,0.634107
0.0283173,-0.0552831,0.649744
0.095202,-0.0457506,0.634628
-0.0208086,-0.0238298,0.635043
0.0617578,-0.0121222,0.646493
-0.106468,0.000741619,0.633911
-0.0598786,0.00501701,0.63078
-0.0159207,0.0196241,0.650962
0.0245729,0.0151853,0.627884
0.106188,0.000146759,0.634812
-0.0944053,0.0469848,0.633823
-0.0408555,0.0527096,0.629536
0.0951195,0.0459973,0.635072
0.0120381,0.0607924,0.653752
0.0659966,0.0826363,0.633322
-0.025898,0.10284,0.632573
0.0229732,0.102679,0.633764
-0.0459624,-0.0946179,0.67481
-6.6609e-05,-0.106312,0.67507
0.0458265,-0.0952709,0.67518
-0.0832366,-0.0659524,0.674509
0.0826888,-0.0659785,0.675276
-0.0161696,-0.0588013,0.667267
-0.103267,-0.0227758,0.674438
-0.0533552,-0.0260815,0.670562
0.0159494,-0.0121585,0.665841
0.103195,-0.0236328,0.675148
-0.10297,0.024339,0.674239
-0.0558976,0.0248731,0.675292
0.103114,0.0238331,0.675519
0.0577241,0.0327264,0.660563
-0.0824877,0.0668151,0.674431
-0.0454199,0.0951252,0.674401
0.000139088,0.106326,0.674346
0.0458966,0.0952847,0.673965
-0.0335342,-0.0479423,0.710037
0.0494259,-0.0356112,0.690897
-0.0603458,-0.00804317,0.714004
-0.0183023,0.00469824,0.695365
0.0606412,0.013526,0.71167
-0.0214969,0.0544972,0.685477
0.0208964,0.0331303,0.69122
0.0672179,0.0815557,0.713416
-0.0239405,-0.103315,0.71551
0.0232376,-0.102914,0.715766
-0.066386,-0.0825926,0.715335
0.0660903,-0.0831552,0.715875
-0.094585,-0.0448332,0.715069
0.013054,-0.0564639,0.716084
0.0952398,-0.0460181,0.715981
-0.0219291,-0.00191338,0.741636
0.0199827,-0.00952932,0.720351
0.106297,-0.00038883,0.715469
-0.106431,0.000834302,0.714883
-0.0948695,0.0464515,0.714874
-0.0414824,0.0390559,0.725573
0.0124347,0.0557909,0.733574
0.0955929,0.045336,0.721642
-0.0656673,0.0832599,0.715249
-0.0231755,0.103465,0.715096
0.0238949,0.102884,0.714727
-0.0461731,-0.0946443,0.756043
-0.000507132,-0.106309,0.756287
0.0454442,-0.0955718,0.756503
-0.0834319,-0.0657018,0.755801
0.082111,-0.0658841,0.756575
-0.0517619,-0.0317101,0.763653
-0.0132575,-0.0579867,0.757511
0.0344446,-0.0463104,0.75697
-0.103078,-0.0226813,0.755818
0.0663942,-0.0106613,0.754833
-0.103111,0.0244156,0.755652
-0.0599689,0.0142193,0.770499
0.0210302,0.0173164,0.761368
0.104316,0.0175403,0.758228
-0.0220316,0.0534616,0.767432
0.0569499,0.0458469,0.748921
-0.0826769,0.0667115,0.755884
-0.0452159,0.0953632,0.755923
0.000678841,0.106209,0.755733
0.0462138,0.0915193,0.754452
-0.0242032,-0.103165,0.796878
0.0229425,-0.103067,0.797027
-0.066664,-0.0825376,0.796526
0.0658302,-0.0834338,0.797109
-0.0950162,-0.0449575,0.796467
-0.0327233,-0.0508875,0.802324
0.0505114,-0.0315854,0.802674
0.0951138,-0.0463421,0.797239
0.00309814,-0.0201932,0.784064
0.106163,-0.000888562,0.800572
-0.106187,0.000845124,0.796595
0.0574646,0.0153849,0.793418
-0.0947949,0.0465274,0.796782
0.0286106,0.055259,0.798345
0.0957279,0.0452403,0.795392
-0.0654584,0.0833834,0.796788
0.0668904,0.0824407,0.795775
-0.0228205,0.103549,0.796537
0.0243967,0.102835,0.796351
0.0127631,-0.0594486,0.812648
-0.057551,-0.009261,0.825676
0.00795377,0.0148202,0.814893
-0.0420573,0.0343378,0.808723
-0.00818166,0.0602667,0.827826
-0.0463042,-0.094505,0.837486
-0.00063899,-0.10629,0.837624
0.0453701,-0.0958033,0.837786
-0.0834891,-0.0656292,0.837256
-0.00261534,-0.0632701,0.86188
0.0822936,-0.0665813,0.8379
0.0404709,-0.0448305,0.847937
-0.103218,-0.0227733,0.837258
-0.0104353,-0.0248713,0.834728
0.061107,-0.00220252,0.839198
0.103191,-0.0244949,0.84075
-0.102921,0.0244516,0.837426
-0.0191682,0.0201945,0.853059
0.103435,0.0226944,0.840816
0.0434475,0.0411074,0.846675
-0.0823466,0.0669227,0.837627
0.083478,0.0650601,0.836471
-0.0449535,0.0955962,0.837476
0.000874026,0.106377,0.837164
0.0471052,0.0948882,0.836877
-0.0241995,-0.103191,0.878297
0.0228812,-0.10306,0.878622
-0.0666707,-0.0823498,0.878179
0.0655394,-0.0832505,0.87872
-0.0951467,-0.0449487,0.877932
-0.0471394,-0.0385375,0.866342
0.0951646,-0.0466112,0.881071
-0.0171439,-0.00979663,0.88942
0.106287,-0.000686865,0.881535
-0.106267,0.000852518,0.877897
-0.0588206,0.00953707,0.878575
0.0256045,0.00471435,0.870363
-0.0946623,0.0466838,0.878195
0.00554334,0.057989,0.873433
0.0959412,0.0453116,0.880992
-0.0650046,0.0835086,0.878305
0.0671093,0.0822231,0.877693
-0.0223416,0.103691,0.878384
0.0247787,0.102747,0.87768
-0.0462984,-0.0946024,0.91887
-0.000443919,-0.10616,0.919093
0.045457,-0.0958799,0.919289
-0.0832096,-0.0655568,0.919213
-0.0165337,-0.0568822,0.910367
0.0337083,-0.0500047,0.893852
-0.102987,-0.0228318,0.918689
-0.0542289,-0.0258179,0.915034
0.0224566,-0.00974925,0.917862
0.0628637,-0.0127822,0.894279
-0.102875,0.0245771,0.918941
-0.0362529,0.0488303,0.895669
0.0410364,0.0399057,0.902644
-0.0822882,0.0670255,0.919207
0.0825857,0.0655712,0.92078
-0.0448488,0.0957118,0.918866
0.0010275,0.106444,0.920944
0.0465659,0.0953352,0.918746
0.0823033,-0.0666672,0.92131
0.042863,-0.0408353,0.948788
-0.0197602,-0.0207918,0.946928
0.102624,-0.0241819,0.924018
-0.0574306,0.0195649,0.931005
-0.0103794,0.0225659,0.927731
0.0644026,0.00202684,0.938726
0.103674,0.0228953,0.922289
0.0136216,0.0632544,0.935505
-0.0242515,-0.102798,0.959389
0.0229955,-0.102737,0.959689
-0.0667146,-0.0821584,0.96122
-0.000768794,-0.0619344,0.962734
0.0657987,-0.0825216,0.961946
-0.0955612,-0.0447955,0.95973
0.0953771,-0.046091,0.965014
-0.0618854,-0.0136932,0.970414
0.0204941,-0.00555251,0.971827
-0.106425,0.000995308,0.959458
0.106222,0.000824137,0.965016
-0.0947778,0.0466314,0.959786
-0.0323938,0.0488533,0.961505
0.047033,0.0404576,0.959407
0.0950297,0.0467015,0.962246
-0.0660524,0.0828189,0.968111
0.0651891,0.0840302,0.960674
-0.0244145,0.10324,0.960171
0.0225028,0.103258,0.964911
-0.0475362,-0.0938187,1.0027
-0.0010394,-0.106423,1.00038
0.0448727,-0.0958032,1.00197
0.0821265,-0.0667539,1.00636
-0.0363541,-0.0483438,0.990769
0.0445132,-0.0338128,1.00167
-0.103672,-0.0217076,1.00057
-0.0207379,-0.00392723,0.996247
-0.102646,0.0255045,1.00111
-0.055291,0.0282661,0.999909
0.0597385,0.00999821,0.993162
0.102442,0.0252009,1.00801
-0.0820782,0.0674064,1.00946
-0.0354416,0.0711971,1.00358
0.0137555,0.0609501,0.985916
0.0815054,0.0669698,1.00237
-0.00201581,0.106074,1.00483
0.0441307,0.0956576,1.00622
0.00719171,-0.0615485,1.01172
-0.0779892,-0.0595759,1.01361
-0.0644416,-0.0111896,1.02453
0.0145864,-0.00807916,1.02856
0.0908319,-0.0207525,1.01466
-0.00615284,0.0358816,1.02574
0.039378,0.0526191,1.0266
-0.0250205,-0.10197,1.04803
0.0222118,-0.103122,1.04187
-0.0670168,-0.0812335,1.0584
0.0658824,-0.0828172,1.04932
-0.094898,-0.0424654,1.06065
-0.0327344,-0.0505254,1.03989
0.0483018,-0.0348355,1.05989
0.0960075,-0.0450188,1.05614
-0.0284983,-0.00899202,1.06212
-0.104891,0.00570102,1.05415
0.0589023,0.0127723,1.04534
0.104717,0.00279413,1.0608
-0.0925365,0.0512725,1.05229
-0.0477181,0.0342315,1.05212
0.0904151,0.0485841,1.04746
-0.056336,0.0822213,1.04781
-0.00994955,0.0604765,1.06705
-0.0148445,0.104727,1.05035
0.0307831,0.100454,1.06493
-0.00196489,-0.106083,1.08905
0.010355,-0.0626037,1.07275
0.0814145,-0.064764,1.09719
-0.0502355,-0.0433448,1.0878
0.0168587,-0.000956127,1.07634
0.0609459,-0.00359663,1.09816
0.0357991,0.0460771,1.07981
0.0701893,0.078486,1.07906
0.0435143,-0.0937081,1.10729
-0.0817966,-0.0661642,1.12146
-0.0322116,-0.0767359,1.1167
-0.00894102,-0.033526,1.10881
0.0392546,-0.0464022,1.10818
-0.0990992,-0.0238186,1.10497
0.103781,-0.0227822,1.10548
-0.102086,0.0255703,1.10636
-0.0586114,0.00272039,1.10001
-0.00857412,0.0143119,1.11587
0.103272,0.0244598,1.10486
-0.0400764,0.0467983,1.10114
0.042622,0.0378387,1.12638
-0.081278,0.0678299,1.1105
-0.0014163,0.0608802,1.12528
-0.0411499,0.0940881,1.11574
0.00473826,0.105501,1.10517
0.00323966,-0.0700716,1.14734
0.0950583,-0.044631,1.14996
-0.0622327,-0.0258471,1.13978
0.0288953,-0.00649665,1.13626
-0.106923,0.00636681,1.15184
0.0725244,0.0059153,1.14934
-0.0639163,0.0318804,1.13964
0.0828699,0.0626679,1.12871
0.0459734,0.0927609,1.13057
-0.0203809,-0.106233,1.16681
0.0268626,-0.106329,1.17331
-0.0623534,-0.0852927,1.16325
0.066805,-0.0843569,1.15832
-0.0947922,-0.0479878,1.17025
-0.0432702,-0.0475238,1.18416
0.0436972,-0.0426343,1.16239
-0.0164219,-0.0143712,1.15843
-0.0686502,0.00382464,1.1838
0.108538,0.0185356,1.18003
-0.0948509,0.0524996,1.17357
-0.000659783,0.0312817,1.16353
0.0496205,0.0409947,1.17304
-0.0378524,0.0641492,1.16653
0.0191687,0.0772895,1.16789
-0.0189238,0.109473,1.17769
-0.0500398,-0.102635,1.20632
-0.0013765,-0.0965185,1.20995
-0.0926093,-0.0822615,1.20969
0.0456905,-0.0716757,1.19937
0.0037243,-0.050881,1.19094
0.102805,-0.0589075,1.19826
-0.11989,-0.02478,1.2055
-0.0276789,-0.00907407,1.2087
0.0225958,-0.00327919,1.18708
0.0742582,-0.0184558,1.19083
-0.121777,0.0295282,1.20994
-0.0435677,0.0391488,1.20906
0.0045105,0.0448948,1.20922
0.108281,0.0581795,1.20888
0.0739693,0.0854447,1.1887
-0.0639223,0.0974784,1.19702
0.035363,0.11267,1.19562
-0.0801428,-0.12107,1.23831
-0.0237744,-0.14275,1.2354
0.0478148,-0.121083,1.21741
0.0990548,-0.118639,1.2428
0.0149031,-0.0644721,1.24185
0.0744686,-0.0789301,1.23666
-0.0747444,-0.0320064,1.21906
-0.0284662,-0.0523144,1.22903
0.0616989,-0.0325615,1.23622
-0.133974,-0.00100572,1.24367
0.0148667,-0.0184316,1.23247
0.113613,-0.0126458,1.21809
0.153096,-0.0214489,1.24529
-0.083449,0.0204794,1.23666
0.135717,0.0249041,1.23687
0.0555383,0.0318811,1.21902
-0.0995479,0.0726397,1.21888
-0.0569962,0.0735168,1.23922
-0.0139061,0.0869282,1.21841
0.0298781,0.0646729,1.24382
0.102617,0.0988555,1.23713
-0.0865923,0.126057,1.24162
-0.0406625,0.130725,1.23188
0.0137552,0.139014,1.22803
0.0633599,0.127608,1.23888
-0.0155007,-0.172635,1.27167
0.0297886,-0.157778,1.24978
-0.107622,-0.142779,1.27056
0.0645935,-0.131526,1.2731
-0.0251789,-0.0979651,1.2509
0.0224337,-0.109402,1.25567
-0.122322,-0.0887128,1.24756
-0.0656646,-0.0728304,1.25654
0.13091,-0.0821341,1.24746
-0.145134,-0.0475128,1.24677
0.106873,-0.0430439,1.25557
0.168485,-0.0557781,1.2746
-0.176532,-0.0111682,1.26483
-0.0994856,-0.029411,1.2612
-0.0482424,-0.0132277,1.25276
0.0399289,0.011767,1.2606
0.0908882,0.0208423,1.25088
-0.154649,0.0462691,1.25397
-0.105071,0.0466237,1.27195
-0.0174856,0.0367476,1.25289
0.173988,0.0459725,1.27508
-0.0173227,0.0838336,1.26544
0.0721899,0.0744653,1.26487
0.140789,0.0755917,1.25379
-0.124886,0.0966194,1.25169
0.025858,0.110103,1.26637
0.110947,0.136827,1.26842
-0.0695181,0.16166,1.27305
-0.0171143,0.161969,1.25846
0.0474715,0.165156,1.26244
-0.0715228,-0.185536,1.28824
0.0594563,-0.180147,1.27951
0.103939,-0.187518,1.30269
-0.115985,-0.174605,1.30498
-0.14978,-0.135222,1.29102
-0.0533709,-0.14086,1.28196
-0.0065612,-0.128771,1.28775
0.110412,-0.144918,1.2802
-0.0942626,-0.0985983,1.28459
0.104129,-0.0917623,1.29038
0.154676,-0.110984,1.2809
-0.146329,-0.0870747,1.28774
-0.0404824,-0.0890511,1.29455
0.0176938,-0.0801329,1.29254
0.0647543,-0.0665266,1.28194
0.190767,-0.0878848,1.3047
-0.180212,-0.0549227,1.28202
-0.0962185,-0.0551852,1.3015
-0.0200186,-0.0447286,1.27593
0.0289571,-0.0330908,1.27714
-0.208291,-0.0101651,1.30274
-0.0777804,-0.0122905,1.30014
0.0767003,-0.0125309,1.28256
0.139422,-0.0255377,1.29615
0.189272,-0.00396638,1.27724
-0.123747,0.00544929,1.28921
-0.0624403,0.0275216,1.27786
-0.0178272,0.00584243,1.28991
0.12191,0.0174922,1.28842
-0.183341,0.0316299,1.28897
-0.0290423,0.0517805,1.30108
0.017065,0.0501834,1.28742
0.0687278,0.0338407,1.29613
-0.16374,0.0887691,1.28076
-0.117347,0.0924583,1.29836
-0.0752781,0.0960409,1.27643
-0.0369177,0.116987,1.2935
0.104982,0.092259,1.29387
0.177523,0.0911756,1.2898
-0.122791,0.141332,1.27583
0.00861709,0.14166,1.30042
0.0676552,0.123599,1.28752
0.140763,0.148998,1.30245
0.0888181,0.173375,1.28882
-0.0372685,0.193539,1.28682
0.00970564,0.188588,1.29059
-0.0845627,-0.215113,1.32451
-0.00857754,-0.239446,1.32881
0.0724923,-0.217847,1.31949
-0.0305083,-0.201993,1.30654
0.0213351,-0.207681,1.30848
-0.157433,-0.166083,1.32603
-0.0624104,-0.173831,1.33264
0.0192477,-0.160339,1.31137
0.146462,-0.172155,1.31702
-0.0893749,-0.136188,1.31387
-0.0395179,-0.131363,1.32701
0.0701879,-0.149108,1.31638
0.133046,-0.122328,1.32461
0.178649,-0.132652,1.31445
-0.184982,-0.107968,1.30731
-0.119497,-0.10177,1.32431
-0.0726329,-0.0930169,1.32889
0.015243,-0.116486,1.32818
0.0606833,-0.102616,1.31203
-0.214861,-0.0638442,1.31354
0.143235,-0.0733933,1.3117
-0.139071,-0.0583724,1.32524
-0.0452423,-0.0459245,1.31595
0.00333693,-0.0375843,1.31758
0.0511794,-0.0370272,1.32476
0.100665,-0.0497853,1.31086
0.177004,-0.0357363,1.32488
0.222724,-0.0478207,1.31961
-0.159715,-0.00217374,1.31911
-0.114772,-0.018545,1.32937
0.0898484,-0.00569911,1.32758
0.0281756,0.00803807,1.30628
0.164854,0.0216494,1.32232
0.224284,0.00374966,1.31226
-0.222244,0.0331999,1.31837
-0.136965,0.0470396,1.30927
-0.089593,0.0381759,1.31644
0.026736,0.0517302,1.33367
0.130252,0.0567,1.31338
0.212501,0.0499413,1.30817
-0.200798,0.0765431,1.30692
-0.154176,0.0870466,1.32712
-0.0639369,0.0841093,1.32083
0.0570969,0.0808868,1.31135
0.171093,0.0701474,1.33308
0.00411913,0.0917443,1.30685
0.14601,0.11019,1.32839
0.210345,0.0955319,1.32333
-0.209904,0.126574,1.33389
-0.169581,0.129977,1.30825
-0.0817362,0.131615,1.30858
0.0482613,0.123608,1.3307
0.0972279,0.128885,1.32389
0.187782,0.139321,1.32455
-0.141119,0.169725,1.31019
-0.0413553,0.158519,1.31846
0.0376862,0.169718,1.32822
-0.0952208,0.196379,1.30726
-0.0545551,0.203564,1.33006
0.0585528,0.209448,1.30862
0.123613,0.190301,1.31858
-0.00156693,0.227708,1.31591
-0.0531502,-0.244682,1.34601
0.0373807,-0.242291,1.33901
0.0873546,-0.245027,1.35786
0.122144,-0.215381,1.33952
-0.174257,-0.200207,1.35438
-0.127752,-0.20335,1.34048
-0.0337306,-0.201188,1.35839
0.0468057,-0.184561,1.34192
-0.118093,-0.151809,1.34814
0.00190988,-0.160523,1.35947
0.0922812,-0.177947,1.35345
0.186276,-0.171139,1.3427
0.225649,-0.152338,1.36369
-0.198329,-0.145543,1.34162
-0.155944,-0.122317,1.34627
0.0458216,-0.142328,1.362
0.0918775,-0.130543,1.36118
0.188046,-0.124117,1.36155
-0.224032,-0.104814,1.33704
0.059294,-0.0968757,1.36154
0.227935,-0.10202,1.33945
-0.254797,-0.0725172,1.35425
-0.179767,-0.0729584,1.34579
-0.103332,-0.0600256,1.35883
-0.0248152,-0.0841429,1.34051
0.0211531,-0.0694937,1.34837
0.103987,-0.0882879,1.34065
0.179915,-0.0789592,1.3503
0.259387,-0.0623168,1.35501
-0.0560877,-0.0553494,1.36285
0.0813902,-0.0476665,1.36316
0.211642,-0.0301998,1.36222
-0.241072,-0.0296813,1.33512
-0.196696,-0.0114965,1.34782
-0.154114,-0.0282786,1.35971
0.131167,-0.0276452,1.34358
0.257347,-0.0140498,1.35065
-0.257469,0.0219811,1.34826
-0.116964,0.0229068,1.35231
-0.056837,0.00749658,1.33896
-0.0108897,0.02195,1.33646
0.0388528,0.00683711,1.3536
0.124366,0.0295568,1.3518
-0.176392,0.0402012,1.3352
-0.0614202,0.0496156,1.36358
0.0796289,0.0498201,1.34199
0.206745,0.0436116,1.35402
0.25101,0.0325512,1.34293
-0.240984,0.0712094,1.3397
-0.192827,0.0802706,1.35288
-0.105037,0.0730526,1.34476
-0.0232756,0.0710972,1.34436
0.117249,0.0796605,1.35296
0.248083,0.0796814,1.34921
-0.246907,0.112643,1.36329
0.0729894,0.0940556,1.36087
-0.122652,0.121967,1.33518
-0.0621599,0.120253,1.35301
-0.0106971,0.122631,1.33969
0.226603,0.131483,1.35063
-0.18033,0.167909,1.33646
-0.132164,0.160035,1.36081
-0.0885729,0.164753,1.34152
0.0840141,0.172889,1.33728
0.142203,0.15582,1.35191
-0.171571,0.208584,1.36266
-0.128388,0.209844,1.33931
-0.00514222,0.186087,1.33964
0.162234,0.198475,1.34418
0.20266,0.181628,1.3627
0.0555969,0.214677,1.3573
0.0978555,0.225876,1.33597
0.136871,0.236252,1.36137
-0.0751036,0.244592,1.34716
-0.0283754,0.255471,1.34605
0.0302583,0.253709,1.34431
0.0750825,0.260654,1.36058
-0.0409418,-0.282995,1.37747
0.00367264,-0.271631,1.36462
0.0495792,-0.270543,1.37583
0.0948103,-0.283147,1.38693
-0.103712,-0.26758,1.37749
0.132172,-0.247404,1.37304
-0.189918,-0.230874,1.38823
-0.146816,-0.235989,1.36789
-0.0879553,-0.223852,1.37174
-0.0233469,-0.237512,1.38707
0.0626263,-0.210352,1.37871
0.187114,-0.233431,1.38788
-0.214807,-0.182143,1.37375
-0.112309,-0.18504,1.3836
0.0135838,-0.207757,1.37082
0.114117,-0.206698,1.38784
0.157159,-0.199928,1.36859
0.211737,-0.193891,1.38045
-0.171796,-0.158366,1.37886
-0.0740987,-0.156477,1.37847
0.137091,-0.153966,1.36472
0.176873,-0.16201,1.38826
-0.238034,-0.140392,1.37001
-0.193207,-0.110726,1.37365
-0.106194,-0.109114,1.36934
-0.057266,-0.113791,1.36839
-0.0046926,-0.113135,1.37265
0.141216,-0.105985,1.368
0.25444,-0.114542,1.37742
-0.288975,-0.0780682,1.38847
-0.213425,-0.0653281,1.37851
-0.14587,-0.0829718,1.38184
-0.0125975,-0.0624042,1.38098
0.222213,-0.0780104,1.38136
0.290013,-0.0710278,1.39064
-0.277437,-0.0326521,1.36857
0.124871,-0.0567951,1.38104
0.166658,-0.0378668,1.37385
0.250478,-0.0339531,1.3927
-0.232617,-0.0202492,1.38019
-0.0825552,-0.0149303,1.3739
-0.022534,-0.0174049,1.36599
0.0220313,-0.0293586,1.37882
0.083095,-0.00103347,1.37414
0.129677,-0.00520085,1.38515
0.297468,-0.0225644,1.38693
-0.291811,0.0117612,1.38024
-0.159353,0.0137367,1.38062
-0.0110899,0.0265251,1.38416
0.177086,0.00922508,1.37215
0.226396,0.0102631,1.38227
0.282824,0.0214385,1.37583
-0.212839,0.0305436,1.36518
-0.140125,0.0597935,1.37719
0.0454499,0.0462475,1.37885
0.0913301,0.0439517,1.39005
0.154109,0.0582976,1.37559
-0.275433,0.0623522,1.37138
-0.226775,0.0715791,1.38436
0.0213725,0.0874899,1.36574
0.289401,0.07363,1.38731
-0.203165,0.119047,1.38297
-0.159357,0.116332,1.36496
-0.116552,0.103311,1.38004
-0.0235865,0.100607,1.38081
0.148355,0.108258,1.37596
0.196937,0.0905483,1.37322
0.262866,0.118696,1.37719
-0.00242289,0.145648,1.38128
0.0430018,0.128459,1.37694
0.100009,0.132611,1.37058
0.183937,0.139547,1.37198
-0.26027,0.153803,1.39264
-0.219931,0.160666,1.3666
-0.173954,0.161776,1.384
-0.0918599,0.154666,1.38761
-0.0463735,0.163073,1.36748
0.0301729,0.179604,1.3738
0.243988,0.166607,1.38401
-0.211005,0.201467,1.38921
-0.131924,0.199375,1.38673
-0.0867764,0.205121,1.37019
0.116585,0.193277,1.36465
-0.0391879,0.213144,1.37441
0.00780698,0.224832,1.37357
0.0916898,0.226978,1.38934
0.180175,0.227068,1.37863
-0.138592,0.244345,1.37009
-0.0322573,0.255834,1.39258
0.0390849,0.257041,1.39045
-0.0966652,0.273231,1.37827
0.0043717,0.283553,1.37253
0.112457,0.274217,1.386
-0.0769777,-0.300957,1.40225
-0.0283743,-0.317079,1.41277
0.0208497,-0.3051,1.39542
-0.128309,-0.297873,1.41284
-0.0149188,-0.272491,1.42294
0.0571562,-0.287581,1.4192
0.137818,-0.284264,1.40918
-0.152924,-0.251485,1.41171
-0.0742852,-0.24936,1.4111
0.0287046,-0.24735,1.41334
0.0841,-0.241918,1.40675
-0.231372,-0.21553,1.40555
-0.109317,-0.214852,1.42053
-0.195305,-0.182226,1.41789
-0.154707,-0.199832,1.39897
-0.0605624,-0.196488,1.39944
-0.0152275,-0.183489,1.40006
0.025692,-0.194722,1.4229
0.171516,-0.199728,1.41705
0.247902,-0.204266,1.41797
-0.256261,-0.174674,1.39875
0.0660001,-0.167338,1.3963
0.135217,-0.169623,1.40985
0.214411,-0.170583,1.4206
0.260918,-0.15528,1.40012
-0.278313,-0.126395,1.39471
-0.209224,-0.137529,1.40857
-0.126161,-0.141268,1.39967
-0.0373985,-0.138765,1.40388
0.0192433,-0.143163,1.40072
0.0605194,-0.121448,1.41169
0.109301,-0.127391,1.40552
0.159195,-0.123372,1.41417
0.294197,-0.122039,1.40802
-0.238545,-0.101195,1.39553
-0.17742,-0.0989079,1.41661
-0.0811166,-0.118287,1.41279
0.00624075,-0.0979921,1.41922
0.205245,-0.118444,1.40541
-0.324594,-0.0720845,1.4208
-0.0851357,-0.070302,1.40379
-0.0401164,-0.0896739,1.40795
0.0388015,-0.0705171,1.3955
0.0856162,-0.0813098,1.40162
0.132106,-0.0851582,1.41814
0.174594,-0.0811794,1.39803
-0.249577,-0.0553719,1.40699
-0.119401,-0.0377713,1.39725
-0.0499416,-0.0369673,1.406
0.0639856,-0.0317143,1.40583
0.20351,-0.0428614,1.40744
0.330579,-0.0526515,1.42289
-0.311617,-0.0294782,1.40146
-0.186467,-0.0276496,1.39487
-0.0145093,-0.00872472,1.41978
0.157739,-0.0231077,1.42051
0.328157,-0.00327191,1.41755
-0.326923,0.015107,1.41678
-0.247932,0.0283473,1.39727
-0.193891,0.0114994,1.41938
-0.112109,0.0118519,1.40213
-0.0551396,0.0153321,1.39792
0.0329427,0.00872646,1.40651
0.0935648,0.00448161,1.4195
0.155188,0.0293608,1.41391
0.196508,0.00797274,1.42235
-0.184016,0.0530479,1.39429
-0.14676,0.0413148,1.42051
0.195565,0.0490895,1.3995
0.324416,0.0499246,1.41746
-0.311394,0.0652452,1.4079
-0.261634,0.0680486,1.41881
-0.096404,0.0621376,1.3986
-0.0455939,0.0616727,1.4083
0.00580222,0.0632888,1.40876
0.0518564,0.0843582,1.41043
0.111196,0.0897736,1.40166
0.155347,0.0801331,1.41747
0.241642,0.07039,1.39452
-0.286243,0.110346,1.39899
-0.24096,0.11054,1.41245
-0.157843,0.0932429,1.40708
-0.0717312,0.102529,1.39708
0.0108562,0.111103,1.4115
0.306906,0.102624,1.42201
-0.139829,0.138551,1.40479
-0.0336525,0.132024,1.41494
0.0756525,0.125812,1.41232
0.168136,0.125547,1.41583
0.220404,0.125883,1.39821
0.293062,0.148036,1.4173
-0.217071,0.154442,1.413
-0.0564538,0.173346,1.41326
0.036156,0.152726,1.41674
0.0752761,0.178162,1.39664
0.131418,0.15073,1.40042
0.199917,0.168522,1.41061
-0.251393,0.196525,1.41289
-0.170502,0.200835,1.41558
-0.00317156,0.186218,1.40681
0.115363,0.192628,1.41699
0.159042,0.188654,1.39498
0.227543,0.209426,1.39803
-0.221838,0.239102,1.4162
-0.135531,0.23239,1.42035
-0.0881531,0.211506,1.41942
-0.0372555,0.215838,1.4209
0.0437256,0.212298,1.40552
0.140733,0.231725,1.41039
-0.179234,0.246463,1.39513
0.00492025,0.244641,1.42233
0.218631,0.24967,1.42136
-0.143496,0.278948,1.40381
-0.0113214,0.292048,1.41999
0.0712812,0.291069,1.4022
0.155445,0.278539,1.40788
-0.107749,0.308189,1.41492
-0.0531867,0.301161,1.39498
0.0244512,0.323103,1.4128
0.113058,0.304543,1.42208
-0.0886429,-0.338024,1.4378
0.0123856,-0.331124,1.43346
0.0590671,-0.340364,1.43825
-0.183496,-0.30765,1.45203
-0.137711,-0.32958,1.44837
0.100147,-0.316399,1.42607
-0.197026,-0.271085,1.42419
-0.144665,-0.276185,1.45234
-0.0617298,-0.283898,1.4473
0.103322,-0.270111,1.44385
0.188976,-0.288335,1.44124
-0.242315,-0.244195,1.44168
-0.103825,-0.253388,1.44771
0.0616226,-0.247871,1.4489
0.167647,-0.247637,1.42939
0.216195,-0.253857,1.42578
-0.279886,-0.212915,1.44564
-0.189267,-0.226069,1.43559
-0.144659,-0.226517,1.45056
-0.067168,-0.220115,1.44942
-0.0219663,-0.22174,1.43282
0.123662,-0.230497,1.42946
-0.234652,-0.193731,1.45144
0.0723526,-0.20024,1.43012
-0.294887,-0.16014,1.42544
-0.16092,-0.152362,1.43069
-0.126567,-0.179817,1.45104
-0.0871409,-0.165938,1.42431
-0.0442413,-0.178466,1.44198
0.039178,-0.152581,1.44238
0.0866598,-0.153014,1.43878
0.170324,-0.16409,1.44905
0.253329,-0.165425,1.44615
0.297742,-0.175228,1.4367
-0.249876,-0.140774,1.43206
-0.0090074,-0.141107,1.4417
0.130612,-0.135823,1.45005
0.205941,-0.130463,1.45096
-0.31121,-0.116205,1.43096
-0.270677,-0.0926387,1.43094
-0.218608,-0.105971,1.44262
-0.127238,-0.0991155,1.42552
0.0933806,-0.104776,1.44367
0.247124,-0.118867,1.42858
0.333766,-0.103955,1.43932
-0.20674,-0.0616444,1.42563
0.0559177,-0.0662084,1.43931
0.199265,-0.0773444,1.43882
0.246245,-0.0632886,1.43035
0.289414,-0.0835388,1.4395
-0.280412,-0.045978,1.44885
-0.152108,-0.0553554,1.4265
-0.105709,-0.0514562,1.44222
-0.05676,-0.0535908,1.44978
-0.0118981,-0.0551959,1.42837
0.11184,-0.0390119,1.42648
-0.317541,-0.0167825,1.44988
-0.23197,-0.0163147,1.43211
-0.188081,-0.0244612,1.45024
-0.150315,-0.00651692,1.42457
-0.0816172,-0.0114286,1.43057
0.0278997,-0.0278995,1.43862
0.0744686,-0.0242178,1.45193
0.237786,-0.0108068,1.43958
0.281046,-0.0291594,1.43008
-0.360516,0.00725948,1.44889
-0.278116,0.000417997,1.42359
-0.248177,0.0296444,1.4451
-0.116543,0.0170515,1.44893
0.0212798,0.0210715,1.45103
0.131826,0.00314928,1.45249
0.282539,0.0177293,1.42406
-0.341445,0.0579118,1.44345
-0.297898,0.039532,1.44569
-0.0743965,0.0365562,1.43798
-0.0277574,0.0311539,1.44312
0.0614287,0.0376339,1.43205
0.108667,0.0472485,1.43458
0.236635,0.0335859,1.42399
-0.21095,0.069468,1.43022
-0.169283,0.0696105,1.45208
-0.11733,0.0774838,1.43797
-0.0701227,0.0896687,1.44403
-0.0225013,0.0852295,1.44249
0.0260006,0.0700347,1.45204
0.209965,0.0883316,1.42462
0.281596,0.0637605,1.43294
0.348921,0.0746811,1.45124
-0.329277,0.105545,1.4347
-0.28099,0.108565,1.44731
-0.192019,0.117375,1.42895
-0.148873,0.116784,1.45001
0.0432813,0.114131,1.4469
0.119483,0.101487,1.4478
0.258778,0.103636,1.4238
-0.30671,0.149171,1.4304
-0.25678,0.148062,1.43897
-0.0977177,0.127533,1.4281
-0.00257472,0.137961,1.44995
0.204782,0.132028,1.44476
0.330891,0.134343,1.44883
-0.166523,0.159526,1.43936
-0.122432,0.175693,1.42899
-0.0300438,0.179768,1.45149
0.102294,0.153327,1.43994
0.152698,0.1629,1.44281
0.249072,0.151428,1.43316
-0.292589,0.194695,1.4455
-0.214506,0.191669,1.44299
0.0174345,0.181633,1.4504
0.0745548,0.20112,1.43956
0.227424,0.204909,1.44725
0.26923,0.192675,1.42487
-0.264586,0.232241,1.44189
-0.176346,0.239014,1.44322
0.183802,0.218115,1.42548
0.269019,0.234844,1.44628
-0.0947462,0.257932,1.42383
-0.0486712,0.259588,1.43756
0.0693409,0.247653,1.4254
0.115458,0.260416,1.43788
0.161485,0.255227,1.44817
-0.186786,0.282418,1.42691
-0.135213,0.272993,1.45162
0.0366334,0.281892,1.43298
0.195247,0.289058,1.44128
-0.155385,0.316259,1.44242
0.151523,0.307419,1.449
-0.0707148,0.332448,1.43451
-0.0259025,0.352313,1.44524
0.0297669,0.355558,1.44713
0.0709301,0.331781,1.42909
-0.138288,-0.368109,1.48217
-0.0918142,-0.371321,1.47173
0.0105773,-0.372354,1.46128
-0.0301009,-0.348553,1.45378
0.0975148,-0.357439,1.46447
0.155851,-0.339842,1.46366
-0.061083,-0.324513,1.47955
-0.0214685,-0.303359,1.46172
0.0694756,-0.301243,1.46692
0.216648,-0.313507,1.47106
-0.230252,-0.288811,1.4582
-0.104919,-0.298786,1.46414
0.0202326,-0.281649,1.45395
0.143568,-0.29223,1.45655
0.245974,-0.273761,1.45616
-0.280967,-0.258406,1.4755
-0.183456,-0.264521,1.47849
-0.0313857,-0.24706,1.47205
0.136573,-0.240143,1.4768
-0.210866,-0.224655,1.47748
-0.107531,-0.218497,1.47878
0.0175519,-0.231667,1.45791
0.0889057,-0.215048,1.47452
0.217797,-0.214355,1.45385
0.286172,-0.227138,1.45938
-0.319676,-0.208933,1.47153
-0.175014,-0.189301,1.46227
-0.000978254,-0.181716,1.46588
0.0461466,-0.192963,1.46817
0.127833,-0.189546,1.45894
0.169875,-0.207107,1.47333
0.251899,-0.198123,1.48159
0.323878,-0.20074,1.47003
-0.327614,-0.152613,1.45964
-0.276015,-0.170201,1.46994
-0.203518,-0.152284,1.45388
-0.0852716,-0.17436,1.47543
0.214766,-0.170612,1.47293
-0.28897,-0.123787,1.47422
-0.240523,-0.139028,1.48176
-0.116249,-0.13355,1.45702
-0.057337,-0.134413,1.45336
0.244326,-0.134241,1.48078
0.286163,-0.12986,1.45326
0.334757,-0.146299,1.46139
-0.350414,-0.102531,1.45364
-0.250987,-0.0905937,1.47416
-0.161225,-0.115551,1.46076
-0.0829393,-0.092756,1.45423
-0.0286954,-0.0958027,1.4535
0.006052,-0.117224,1.47963
0.0477086,-0.108622,1.45874
0.164749,-0.105098,1.46117
-0.307583,-0.081759,1.46324
-0.177976,-0.0713451,1.46297
-0.131099,-0.0755948,1.47583
0.0155397,-0.071951,1.46378
0.0991543,-0.0620878,1.47014
0.25245,-0.0894001,1.46906
0.370276,-0.071298,1.46567
-0.348014,-0.0540601,1.4574
-0.227988,-0.0490388,1.46871
0.156782,-0.0575474,1.45633
0.223676,-0.0457629,1.47124
0.311727,-0.0442058,1.46776
-0.267093,-0.00556885,1.47186
-0.218327,-0.00296365,1.47944
-0.134004,-0.0203907,1.47274
-0.0334883,-0.0121984,1.46284
0.185062,-0.0196209,1.45902
0.354611,-0.0204185,1.45323
-0.172253,0.0204469,1.46138
0.0869154,0.0189428,1.46775
0.167823,0.0217713,1.47903
0.212758,0.0242388,1.46417
0.298767,0.00020823,1.47685
0.362714,0.0264946,1.45286
-0.380271,0.0416679,1.4783
-0.207414,0.0510869,1.47398
0.129609,0.0567668,1.47591
0.265159,0.0350221,1.46619
0.316203,0.0426985,1.46379
-0.368393,0.0888697,1.4674
-0.268605,0.071912,1.47496
-0.0905051,0.0613849,1.47714
0.0771043,0.068358,1.46449
0.183835,0.0603941,1.45359
0.234102,0.0698892,1.46064
-0.234566,0.102676,1.45881
-0.192911,0.0978949,1.48167
-0.104134,0.111018,1.47194
0.0823879,0.117547,1.47344
0.163687,0.112192,1.46203
0.310121,0.103502,1.48179
0.378764,0.105566,1.48145
-0.313648,0.132741,1.47537
-0.213698,0.147519,1.45978
-0.0489557,0.130887,1.46006
0.256939,0.125009,1.47405
-0.126474,0.155831,1.4718
-0.0786292,0.169013,1.46007
0.058726,0.159612,1.4581
0.228708,0.166512,1.47407
0.289369,0.157947,1.46334
-0.164601,0.199046,1.4672
0.0954793,0.183067,1.47996
0.187075,0.194856,1.46908
0.264279,0.198593,1.47731
0.30571,0.203369,1.45637
-0.208279,0.226179,1.4765
-0.1174,0.21349,1.46037
-0.0660434,0.216683,1.4614
-0.0197486,0.224731,1.46623
0.03473,0.229009,1.4562
0.0873578,0.238178,1.46875
0.139458,0.211638,1.45422
-0.288989,0.259354,1.47748
-0.2343,0.265758,1.4543
-0.097492,0.253824,1.47417
0.00142035,0.266371,1.4693
0.204075,0.244113,1.46539
-0.191674,0.270747,1.47478
0.0815639,0.289633,1.45513
0.130751,0.271429,1.48199
0.23971,0.281019,1.46083
-0.200714,0.314752,1.46179
-0.0941199,0.300177,1.45931
-0.0410943,0.303252,1.45636
0.00829663,0.311594,1.45859
0.199881,0.32967,1.47505
-0.123039,0.339852,1.47079
0.0842308,0.353033,1.47057
0.130941,0.347425,1.46719
-0.0821075,0.366862,1.46532
-0.0190356,0.387388,1.47695
0.0482115,0.388426,1.48099
-0.0979163,-0.409741,1.50948
-0.000628004,-0.412198,1.50479
0.0673788,-0.398856,1.49301
-0.0335668,-0.386696,1.4824
0.00601428,-0.364183,1.50726
0.129099,-0.386117,1.49785
-0.181095,-0.347809,1.48756
0.049069,-0.355755,1.48376
0.139944,-0.338174,1.50795
0.198125,-0.350742,1.49819
-0.265558,-0.301262,1.49486
-0.224813,-0.328543,1.48773
-0.135312,-0.320937,1.49819
0.0179754,-0.319036,1.48546
0.0702728,-0.318977,1.51139
0.113195,-0.303026,1.4911
0.177315,-0.303863,1.49826
0.263746,-0.30672,1.4936
-0.177879,-0.299352,1.50883
0.22228,-0.273482,1.49895
-0.32199,-0.256544,1.50284
-0.237447,-0.259258,1.49455
-0.126779,-0.262756,1.49705
-0.0744621,-0.260186,1.486
0.00887081,-0.265653,1.49889
0.0905986,-0.261773,1.4894
0.177845,-0.256487,1.49224
0.259106,-0.242825,1.49679
0.302093,-0.26701,1.49249
-0.256834,-0.217183,1.48597
-0.160911,-0.225313,1.49454
-0.00570427,-0.2207,1.50241
0.0455485,-0.22731,1.50311
0.214112,-0.222891,1.49975
0.294401,-0.212554,1.50595
-0.356677,-0.18104,1.49383
-0.0438309,-0.196659,1.4884
0.0223738,-0.181617,1.50851
0.0696771,-0.186241,1.51043
0.367336,-0.197121,1.50742
-0.309917,-0.167252,1.50293
-0.215756,-0.178207,1.49796
-0.173993,-0.150233,1.4919
-0.127847,-0.170102,1.49903
-0.0293688,-0.150808,1.49163
0.100262,-0.159741,1.48585
0.289069,-0.166242,1.48372
-0.362453,-0.134685,1.48798
-0.0841234,-0.128487,1.49393
0.0508715,-0.146731,1.49023
0.13786,-0.135454,1.50316
0.190281,-0.130017,1.50005
0.285291,-0.120469,1.50014
0.373779,-0.133286,1.48732
-0.387997,-0.0948379,1.48772
-0.340359,-0.0918801,1.50128
-0.203117,-0.10559,1.48984
-0.132714,-0.119308,1.49904
-0.0426589,-0.105036,1.49818
0.0466157,-0.0958635,1.50605
0.0895364,-0.109974,1.49185
-0.291496,-0.0885112,1.50688
-0.0807013,-0.0742077,1.49944
0.00305825,-0.0782233,1.51109
0.13335,-0.0871564,1.49793
0.208121,-0.0876578,1.48637
0.318228,-0.0898744,1.48362
0.400386,-0.0864444,1.49965
-0.404546,-0.0484902,1.50442
-0.321691,-0.0476235,1.49584
-0.274127,-0.045195,1.49777
-0.171568,-0.0395324,1.50042
-0.117244,-0.0449355,1.50991
-0.0355365,-0.0582512,1.49178
0.0537878,-0.0522316,1.48604
0.173059,-0.0597524,1.50269
0.267569,-0.0348963,1.48538
0.347078,-0.0321518,1.49933
0.398009,-0.0387177,1.4919
-0.36742,-0.0230282,1.49015
-0.0811339,-0.0275036,1.48451
-0.0398438,-0.0105868,1.51093
0.00238462,-0.0298439,1.48855
0.0444083,-0.00564738,1.48549
0.0955414,-0.0201612,1.49597
0.144736,-0.0239355,1.48913
0.19063,-0.0165656,1.51059
0.235634,-0.00100133,1.4979
-0.406862,0.0020135,1.49571
-0.336386,0.0133811,1.4884
-0.108604,0.00760298,1.50313
-0.0676515,0.0190997,1.48244
-0.00577994,0.0171691,1.4902
0.125783,0.0173826,1.5028
0.346418,0.0184623,1.4994
0.398518,0.00876087,1.4871
-0.295744,0.0403486,1.49634
-0.249721,0.0327584,1.49465
-0.133474,0.0450555,1.48856
-0.0371754,0.0557671,1.48408
0.0423757,0.0415377,1.48883
0.210715,0.0532911,1.50227
0.395743,0.0562638,1.48923
-0.401042,0.0752497,1.50994
-0.31533,0.0857571,1.48266
-0.233149,0.0803881,1.50559
0.041018,0.0891353,1.49371
0.0864693,0.0609722,1.51048
0.168087,0.0742341,1.49961
0.295603,0.061721,1.50154
0.343541,0.0664408,1.49754
-0.146078,0.0935733,1.49049
-0.0618853,0.0967655,1.49122
-0.00622862,0.0962399,1.48587
0.118587,0.09507,1.50141
0.211249,0.104972,1.48336
-0.370307,0.127986,1.49393
-0.259056,0.132846,1.48636
-0.2164,0.133757,1.5072
-0.166319,0.137626,1.48938
-0.0682432,0.145283,1.50246
-0.0177533,0.145611,1.50553
0.0280389,0.13691,1.48685
0.127436,0.141738,1.48358
0.287849,0.144453,1.50826
-0.352444,0.177214,1.48385
-0.305804,0.17629,1.49011
-0.196378,0.176757,1.49574
0.0683402,0.152234,1.50626
0.182435,0.150431,1.48452
0.333389,0.155712,1.49616
0.389318,0.150066,1.5098
-0.247981,0.180135,1.4843
-0.137168,0.190373,1.51149
-0.0878499,0.193325,1.49969
-0.0396154,0.190404,1.49685
0.00789826,0.192888,1.49597
0.0562268,0.201598,1.49846
0.149117,0.184487,1.49445
-0.328677,0.213435,1.50836
-0.279742,0.215736,1.49271
-0.0120605,0.238573,1.51075
0.122442,0.225975,1.50218
0.167878,0.236175,1.49749
0.219778,0.218895,1.50136
0.345361,0.235797,1.50616
-0.233689,0.257834,1.50057
-0.152211,0.244879,1.48652
-0.0474164,0.266673,1.48527
0.0411668,0.24601,1.50108
0.225718,0.267676,1.50371
0.268737,0.250062,1.49468
-0.131296,0.297334,1.49348
-0.0139651,0.298668,1.50531
0.0410644,0.291124,1.48475
0.17917,0.283061,1.49016
-0.25624,0.302578,1.48894
-0.206519,0.313101,1.51071
-0.070175,0.322087,1.49849
0.104191,0.31432,1.49131
0.151092,0.319674,1.50067
0.2719,0.304539,1.49903
-0.0274865,0.343332,1.4921
0.0248075,0.341467,1.49148
0.176166,0.358629,1.50724
0.245825,0.345005,1.51139
-0.161484,0.361447,1.49343
-0.114827,0.385449,1.50027
0.129275,0.381247,1.50562
-0.0623209,0.40195,1.49686
-0.0613378,-0.432248,1.52899
0.0410268,-0.428643,1.52079
0.13061,-0.422291,1.53808
-0.132549,-0.390514,1.5391
0.17453,-0.392899,1.52393
-0.185467,-0.384318,1.51926
-0.0602189,-0.376175,1.51986
0.0921317,-0.366118,1.519
-0.217832,-0.351381,1.52817
-0.104083,-0.355135,1.52078
0.174675,-0.333782,1.5408
0.266034,-0.345931,1.52555
-0.307335,-0.310935,1.52591
-0.264067,-0.326575,1.53548
-0.064892,-0.329741,1.53094
-0.01921,-0.325352,1.5198
-0.347056,-0.287421,1.53966
-0.275916,-0.272132,1.53788
-0.225647,-0.285247,1.53147
-0.0957984,-0.299979,1.51184
-0.0364188,-0.273319,1.51204
0.0524199,-0.272707,1.51652
0.0978955,-0.274507,1.53437
0.142118,-0.275609,1.51695
0.257785,-0.271187,1.53506
0.30697,-0.272708,1.54084
-0.161626,-0.24772,1.53675
0.376955,-0.241145,1.5398
-0.350951,-0.220374,1.52329
-0.300773,-0.213778,1.51666
-0.252389,-0.226117,1.53186
-0.199139,-0.21623,1.52367
-0.126492,-0.217533,1.52639
-0.0783487,-0.214573,1.51862
-0.0360702,-0.224466,1.53968
0.0935723,-0.226025,1.52258
0.16385,-0.234776,1.53152
0.25035,-0.211801,1.5333
0.335668,-0.239278,1.51496
-0.392387,-0.199739,1.53478
0.123801,-0.188489,1.51507
-0.260212,-0.178699,1.51359
-0.164129,-0.179688,1.53007
-0.0758462,-0.166864,1.52653
-0.0159076,-0.176472,1.53588
0.177579,-0.177698,1.51198
0.224019,-0.157463,1.51972
0.276361,-0.157884,1.52893
0.321652,-0.176293,1.51945
-0.391603,-0.149453,1.52197
-0.333659,-0.137456,1.53178
-0.286829,-0.132262,1.52334
-0.20768,-0.136027,1.52655
-0.112151,-0.138144,1.53752
-0.0285514,-0.130356,1.53812
0.0163133,-0.135804,1.52207
0.0828327,-0.143041,1.52657
0.328075,-0.128423,1.51946
-0.239428,-0.0972955,1.51989
-0.0730165,-0.104666,1.53712
0.113107,-0.102568,1.53833
0.161092,-0.100856,1.53416
0.24204,-0.113634,1.52292
-0.381137,-0.0813382,1.53635
-0.163786,-0.0855834,1.51277
-0.118116,-0.0875234,1.53139
0.0877238,-0.06423,1.51803
0.135425,-0.0609885,1.53742
0.234361,-0.0633127,1.52534
0.278772,-0.0810826,1.52474
0.354326,-0.0877971,1.51581
-0.348662,-0.0327261,1.53238
-0.302873,-0.0506314,1.53968
-0.215345,-0.0477296,1.51546
-0.0755364,-0.0364261,1.53125
4.48972e-05,-0.0312379,1.53662
-0.439018,-0.00716779,1.53133
-0.302627,-0.00754795,1.51287
-0.248408,-0.00834207,1.51852
0.0571441,-0.0273531,1.52656
0.149714,-0.0143089,1.53512
0.261936,-0.0183286,1.5376
0.305246,-0.0297066,1.51983
-0.380571,0.0292209,1.52562
-0.206568,0.0210811,1.52528
-0.158585,0.00857398,1.51702
-0.0729413,0.0184065,1.53409
0.0289837,0.0101882,1.5401
0.0748126,0.016287,1.52282
0.177225,0.0250875,1.53041
0.298779,0.0181866,1.52077
-0.438308,0.0489027,1.52963
-0.330218,0.0313715,1.53169
-0.261674,0.0433146,1.54116
-0.172247,0.053985,1.51629
-0.0485496,0.0598018,1.52993
0.133525,0.0579994,1.52806
0.252214,0.0389434,1.52242
0.427238,0.0456804,1.52285
-0.352647,0.0706549,1.51477
-0.296186,0.0805047,1.5262
-0.09958,0.0872953,1.51942
0.00296131,0.0603388,1.51666
0.0462166,0.0622206,1.53788
0.215605,0.0886995,1.53772
0.386149,0.0898801,1.53186
-0.422133,0.119354,1.53267
-0.328867,0.118332,1.51888
-0.251096,0.110769,1.53923
-0.179118,0.100632,1.52664
-0.0263367,0.101903,1.529
0.0263206,0.1161,1.52966
0.0767366,0.106756,1.52442
0.266574,0.0992623,1.51365
0.34157,0.114383,1.51998
-0.287309,0.140713,1.52573
-0.15828,0.148608,1.53726
-0.117426,0.132653,1.519
0.163404,0.121952,1.52422
0.223994,0.137022,1.51536
0.421136,0.122344,1.53347
-0.408496,0.166048,1.53143
-0.356711,0.166315,1.53241
-0.243169,0.165413,1.53015
-0.0892968,0.166401,1.54023
0.0277994,0.163682,1.52903
0.112726,0.152955,1.52704
0.252479,0.174928,1.5174
-0.274893,0.200647,1.53705
0.197777,0.181263,1.51845
0.345884,0.190459,1.5263
-0.224831,0.2123,1.51961
-0.175903,0.216178,1.51974
-0.0616168,0.237201,1.5191
0.0231243,0.214458,1.53598
0.155504,0.213958,1.538
0.250924,0.219793,1.53789
0.303499,0.216577,1.51451
0.387395,0.222618,1.53889
-0.319369,0.254038,1.53179
-0.272559,0.247463,1.52717
-0.184259,0.264903,1.52101
-0.109863,0.241034,1.52887
0.0925434,0.260847,1.51454
0.189662,0.260386,1.53288
-0.296408,0.294171,1.51581
-0.244893,0.294074,1.53502
-0.14132,0.278444,1.53522
-0.0901367,0.281255,1.51268
0.0214956,0.272755,1.53454
0.062646,0.298137,1.52626
0.135114,0.281164,1.52788
0.316582,0.279701,1.51279
-0.16012,0.324646,1.52267
0.107349,0.319357,1.54041
0.207184,0.310195,1.52336
-0.195737,0.350446,1.53824
-0.112595,0.335217,1.51677
-0.0261474,0.333641,1.5385
0.0668782,0.34435,1.51685
0.288371,0.333135,1.54121
-0.147243,0.377338,1.53736
-0.0676337,0.360112,1.52648
-0.00219314,0.371665,1.5238
0.0409952,0.387936,1.54088
-0.0283192,0.410009,1.53707
0.0876146,0.390164,1.52559
0.15949,0.414738,1.53431
-0.125851,0.42332,1.53151
0.0104088,0.423533,1.51428
0.0955146,0.438201,1.53769
0.0340703,-0.455539,1.5636
-0.172601,-0.421806,1.56442
-0.124969,-0.438337,1.55302
-0.0129405,-0.448177,1.54612
0.166658,-0.426481,1.56871
-0.0859503,-0.399277,1.55338
0.0810886,-0.412837,1.54806
0.22798,-0.390707,1.54751
-0.255869,-0.38099,1.5476
-0.014424,-0.387132,1.5433
0.0325703,-0.38448,1.5435
0.0754854,-0.365345,1.56531
0.131372,-0.373822,1.54944
-0.173593,-0.340458,1.54444
-0.0442125,-0.351038,1.56817
0.0194792,-0.339825,1.54447
0.210751,-0.350445,1.56573
-0.129514,-0.323572,1.54537
-0.0889201,-0.312445,1.56803
-0.0358795,-0.30384,1.558
0.0538253,-0.302377,1.55309
0.105736,-0.327337,1.54831
-0.1827,-0.29576,1.564
0.00990432,-0.289088,1.54299
0.189934,-0.276387,1.54412
0.355765,-0.286351,1.54741
-0.318153,-0.242312,1.55127
-0.203286,-0.249224,1.56231
-0.117696,-0.267535,1.55215
-0.0670695,-0.263223,1.54761
-0.0203702,-0.259556,1.56813
0.0655763,-0.248794,1.56029
-0.384598,-0.238566,1.56218
-0.0986266,-0.224406,1.56529
0.0210173,-0.236271,1.54385
0.119551,-0.228075,1.56355
0.307785,-0.217164,1.55319
-0.304284,-0.18288,1.55378
-0.0636997,-0.19211,1.56797
0.0447987,-0.195174,1.54978
0.093087,-0.187762,1.55206
0.15475,-0.192181,1.55592
0.207814,-0.196454,1.54619
0.343618,-0.180888,1.56441
0.394529,-0.206233,1.5654
-0.352188,-0.177433,1.5486
-0.215192,-0.179205,1.55072
-0.117692,-0.177877,1.56337
0.245361,-0.178294,1.57048
0.386098,-0.16521,1.5422
-0.243346,-0.123811,1.55848
-0.159414,-0.124004,1.54847
-0.0670649,-0.138564,1.56993
0.0370534,-0.148652,1.56378
0.125952,-0.147378,1.5523
0.178825,-0.144772,1.54852
0.226289,-0.135581,1.56265
0.429136,-0.141023,1.54807
-0.294338,-0.0942764,1.55766
0.011605,-0.106588,1.56392
0.0614182,-0.104307,1.55244
0.195768,-0.090049,1.57007
0.274859,-0.114794,1.56322
-0.426382,-0.0771263,1.55808
-0.194725,-0.0870565,1.55295
-0.0392651,-0.0656625,1.54318
0.0335743,-0.066116,1.54606
0.3201,-0.0832305,1.55399
0.441935,-0.0894255,1.54552
-0.255362,-0.0546221,1.54362
-0.205331,-0.0431096,1.57031
-0.15248,-0.0490013,1.54315
-0.102806,-0.0558426,1.56782
0.181572,-0.0474252,1.55059
0.36144,-0.0532623,1.55178
0.407692,-0.042612,1.55678
0.455764,-0.0408807,1.55537
-0.116792,-0.0041429,1.55179
0.102739,-0.0261806,1.54338
0.216996,-0.012878,1.54959
0.341392,-0.000871763,1.54375
-0.375293,0.000405031,1.56553
-0.286027,0.00198488,1.55619
-0.0168948,0.0217182,1.54216
0.0765009,0.00609504,1.57059
0.11937,0.0176085,1.55425
0.390289,0.0123844,1.54429
0.45579,0.0215555,1.55898
-0.300758,0.0550928,1.56921
-0.118671,0.0424663,1.54296
0.0868364,0.0557686,1.5617
0.211656,0.0434454,1.55946
0.28201,0.035911,1.56168
0.357881,0.0517385,1.54251
-0.347698,0.0664015,1.56317
-0.212499,0.065456,1.56229
-0.152727,0.062275,1.56962
-0.0859437,0.0760613,1.56402
0.00169454,0.0741212,1.56362
0.170598,0.071669,1.55458
0.260275,0.078876,1.56289
0.305703,0.0797104,1.54414
-0.381824,0.098429,1.54786
-0.319969,0.113756,1.56802
-0.128877,0.1054,1.5573
0.125866,0.105429,1.54774
-0.207025,0.129491,1.55376
-0.0754126,0.120593,1.54347
-0.0196721,0.140104,1.55756
0.0788403,0.141908,1.55978
0.196198,0.126189,1.5594
0.242276,0.131789,1.56714
0.285988,0.122735,1.5536
0.339689,0.14987,1.555
-0.199555,0.176646,1.54497
0.156874,0.1659,1.54273
0.198075,0.174166,1.56866
0.287421,0.177573,1.55559
-0.319857,0.207928,1.55842
-0.137924,0.194984,1.56158
-0.0412962,0.183702,1.54958
0.0536815,0.188497,1.56982
0.0906524,0.198686,1.54156
0.404781,0.181203,1.55202
-0.389213,0.210098,1.55007
-0.0175372,0.237277,1.55906
0.0627782,0.23869,1.55113
0.120983,0.238309,1.56023
0.20127,0.219176,1.55318
0.337034,0.226702,1.5598
-0.369042,0.253148,1.54886
-0.225858,0.258803,1.55867
-0.172275,0.255163,1.56798
0.280358,0.257482,1.54138
-0.337665,0.297697,1.54394
-0.0637558,0.276621,1.55151
-0.0174688,0.290587,1.56058
0.0918703,0.279698,1.57065
0.236227,0.279024,1.54896
0.358894,0.278781,1.54953
-0.194973,0.301838,1.55507
-0.102284,0.308242,1.56028
0.0225764,0.32084,1.55148
0.168239,0.304911,1.55406
-0.295051,0.349207,1.55432
-0.114288,0.356221,1.56417
0.0697773,0.330324,1.56732
0.149664,0.34873,1.56121
0.236346,0.336037,1.56024
-0.250557,0.376842,1.54317
-0.198,0.408,1.55878
-0.0773107,0.39579,1.56631
0.0688549,0.416419,1.56838
-0.074483,0.45218,1.55064
-0.0151412,0.455023,1.56099
-0.0626626,-0.448195,1.58653
-0.0122623,-0.426963,1.58811
0.123539,-0.441222,1.59418
-0.0513186,-0.397496,1.58526
-0.186089,-0.37727,1.5713
-0.0993794,-0.365708,1.59032
0.169427,-0.347014,1.59222
0.312436,-0.335047,1.57769
-0.256685,-0.327741,1.59239
0.123574,-0.315855,1.59272
0.217301,-0.306802,1.58353
0.271303,-0.302951,1.57089
-0.361165,-0.275336,1.58795
-0.297539,-0.277916,1.59021
-0.229413,-0.287131,1.58674
-0.116533,-0.282699,1.5971
0.0233971,-0.297272,1.59245
0.14994,-0.275943,1.57775
0.341797,-0.292618,1.59093
-0.172943,-0.259967,1.60032
0.0174926,-0.246963,1.59501
0.211002,-0.253077,1.58239
-0.348566,-0.216522,1.5862
-0.282085,-0.227317,1.57772
0.168898,-0.227409,1.58556
-0.389185,-0.191899,1.59817
-0.18295,-0.204945,1.57855
-0.00237389,-0.197486,1.58225
0.107318,-0.187012,1.59986
-0.261115,-0.17676,1.57204
-0.163176,-0.160955,1.58141
0.292417,-0.177283,1.577
-0.392348,-0.145408,1.57107
-0.323281,-0.14431,1.58413
-0.199493,-0.13121,1.58972
-0.00794782,-0.149411,1.5806
0.0821589,-0.141349,1.57768
0.127104,-0.139246,1.59988
0.173693,-0.127368,1.59295
0.322251,-0.139409,1.57543
-0.347469,-0.104688,1.57519
-0.0909705,-0.10229,1.59473
-0.0370794,-0.0998964,1.57653
0.379732,-0.1028,1.57749
-0.237613,-0.0763969,1.58242
-0.143185,-0.0848616,1.57314
-0.00652444,-0.060307,1.58164
0.140364,-0.0848492,1.5791
0.245592,-0.0661857,1.57704
-0.37644,-0.0497828,1.58058
-0.288413,-0.039705,1.58312
-0.166839,-0.049144,1.59691
0.0789036,-0.0581613,1.57373
0.128529,-0.0360874,1.58286
0.343289,-0.0477151,1.59866
-0.330108,-0.015613,1.5721
-0.125489,-0.0174051,1.59942
-0.0749302,-0.0073607,1.58757
-0.0293852,-0.0139242,1.57094
0.0366343,-0.0211134,1.5884
0.173473,-0.00704487,1.57832
0.306249,-0.0267485,1.57548
-0.458552,0.000797918,1.59465
-0.420742,0.0184475,1.5712
-0.335276,0.0285522,1.59137
-0.219279,0.0204862,1.5787
-0.172867,0.00736831,1.57332
0.000713027,0.0248819,1.5957
0.243324,0.0169499,1.58712
-0.0975747,0.0381915,1.58984
-0.0454916,0.036707,1.58475
0.0437347,0.0466009,1.58685
0.133885,0.0561293,1.58271
0.325381,0.050383,1.57613
0.376407,0.0320663,1.5857
-0.260305,0.0682586,1.59093
0.197369,0.0867657,1.59062
0.371043,0.0825988,1.57545
-0.435789,0.0951415,1.58328
-0.165865,0.108673,1.58707
-0.0898446,0.114212,1.59335
-0.0421329,0.0915727,1.58405
0.0440616,0.0989421,1.58245
0.101286,0.0942131,1.5906
0.154823,0.109589,1.58811
-0.39385,0.146237,1.57874
-0.268023,0.120898,1.58201
0.0311557,0.146695,1.57398
0.123722,0.14388,1.5763
0.402144,0.132248,1.57826
-0.302132,0.159978,1.5741
-0.247964,0.16415,1.5781
-0.191528,0.1704,1.59656
-0.125062,0.150508,1.57919
-0.064653,0.15181,1.58003
0.373459,0.175567,1.59126
-0.412206,0.19028,1.59142
0.00785738,0.195837,1.58061
0.150725,0.191968,1.58549
0.24141,0.191842,1.57413
0.32759,0.189141,1.58802
-0.202741,0.21482,1.58088
-0.0633401,0.232526,1.5727
-0.387381,0.241164,1.59777
-0.30819,0.251624,1.57898
-0.11067,0.262315,1.57304
0.0266579,0.242304,1.58461
0.165957,0.240054,1.57789
0.308857,0.265844,1.59919
-0.140629,0.296877,1.58533
0.0473464,0.284558,1.58972
0.150668,0.288557,1.59661
0.20788,0.290155,1.58605
0.272081,0.293981,1.57982
-0.235004,0.320459,1.57262
0.323295,0.316816,1.57869
-0.153342,0.342533,1.58719
-0.0587095,0.337635,1.58648
-0.0102218,0.344612,1.5813
0.021471,0.387472,1.58463
0.102471,0.377746,1.57799
0.27576,0.365213,1.57431
-0.165484,0.399846,1.59288
0.234286,0.390726,1.59105
-0.128825,0.434856,1.57783
0.0125674,0.442229,1.59766
0.142347,0.42822,1.58831
0.0775776,-0.424091,1.62334
-0.113646,-0.407789,1.61756
0.0204607,-0.392884,1.60349
0.226842,-0.399273,1.60937
-0.148462,-0.37654,1.62666
0.0983366,-0.365969,1.62919
-0.211269,-0.34287,1.61315
-0.136269,-0.33677,1.60177
-0.0132356,-0.335391,1.61438
-0.164393,-0.309505,1.62869
-0.0622628,-0.302779,1.60791
0.0846442,-0.281122,1.60267
-0.079983,-0.256618,1.61873
-0.0211703,-0.266017,1.61951
0.129715,-0.259403,1.61993
0.244638,-0.260252,1.62476
0.295481,-0.268015,1.62947
0.33297,-0.246404,1.60061
-0.316197,-0.23831,1.62458
-0.267557,-0.222999,1.62458
-0.22568,-0.230867,1.60279
-0.130571,-0.228261,1.6125
-0.0479651,-0.216202,1.60945
0.0769166,-0.231494,1.60337
0.26839,-0.213704,1.60219
0.39597,-0.217659,1.61741
-0.21197,-0.183713,1.61436
-0.142052,-0.183426,1.62618
0.034885,-0.180842,1.61081
0.163168,-0.185189,1.60985
0.216786,-0.209473,1.60606
-0.293596,-0.176209,1.61134
-0.100272,-0.153106,1.61176
-0.0323757,-0.162986,1.62066
0.20905,-0.161798,1.60429
0.267036,-0.169634,1.61914
-0.282585,-0.129566,1.61289
0.362664,-0.145902,1.60288
0.408475,-0.133353,1.60781
-0.236642,-0.112862,1.61429
-0.171552,-0.0934694,1.62784
-0.127556,-0.115093,1.62637
0.00836142,-0.114739,1.61226
0.203596,-0.0952505,1.61672
0.248471,-0.108968,1.60615
-0.443214,-0.0699665,1.60285
-0.313712,-0.0748282,1.60197
-0.265412,-0.0661776,1.62342
-0.115153,-0.0611195,1.61495
0.0944609,-0.0786983,1.62539
0.299841,-0.077751,1.61235
0.448247,-0.0856018,1.62923
-0.0622826,-0.0507262,1.61241
0.175241,-0.0498227,1.60276
0.218742,-0.0313584,1.60294
0.420822,-0.0439652,1.62425
-0.221981,-0.0206683,1.61804
-0.0293522,-0.0167435,1.61977
0.0814931,-0.0198363,1.61851
0.171239,-0.00952586,1.62868
0.272753,-0.0237306,1.61213
0.382398,-0.0208519,1.60236
-0.273217,0.0196709,1.60914
0.132088,0.012268,1.6033
0.309042,0.0120556,1.61478
0.426425,0.0114243,1.60768
-0.303311,0.0596168,1.62615
-0.189482,0.0405534,1.60962
0.0800325,0.0306066,1.62231
0.17297,0.0379997,1.60683
0.237892,0.0582313,1.61208
0.289285,0.0596047,1.61227
-0.392591,0.086874,1.6012
-0.350598,0.0730134,1.62155
-0.129145,0.0837778,1.60533
-0.0713463,0.0750634,1.62149
-0.0022044,0.0724591,1.62852
0.395667,0.0736913,1.62332
-0.211085,0.100031,1.60053
-0.00133429,0.114159,1.60223
0.0457701,0.114999,1.62876
-0.140712,0.146245,1.62863
-0.0925208,0.149433,1.62778
-0.045716,0.122934,1.61913
0.216775,0.133451,1.60803
0.265524,0.140422,1.6201
0.333058,0.121097,1.61621
-0.330221,0.166849,1.61458
-0.0204454,0.163216,1.60552
0.0186086,0.176812,1.62958
0.0675906,0.162381,1.61649
0.14798,0.153957,1.62282
-0.251171,0.190012,1.62039
-0.155083,0.194026,1.61549
-0.0642835,0.191807,1.62399
0.107772,0.189202,1.60479
0.383472,0.209963,1.62332
-0.341734,0.218054,1.6029
-0.1109,0.214755,1.60329
-0.02296,0.224785,1.61439
0.0821669,0.228453,1.60054
0.208558,0.211746,1.60553
0.280777,0.215309,1.60881
-0.180975,0.250017,1.6292
0.241672,0.26276,1.62258
-0.339847,0.286577,1.60282
-0.257712,0.278669,1.60798
-0.116928,0.272607,1.61935
0.0151095,0.286905,1.62667
0.10618,0.270949,1.61659
-0.184221,0.303755,1.60541
-0.110131,0.323675,1.61497
0.249658,0.322553,1.61442
0.0758044,0.351971,1.62586
-0.260533,0.365709,1.60087
-0.103259,0.383755,1.60672
-0.22169,0.399125,1.61378
-0.0432038,0.407795,1.60111
0.183079,0.407054,1.61907
-0.240792,-0.373156,1.63971
-0.112703,-0.369399,1.65638
0.24264,-0.382844,1.65762
-0.267542,-0.330968,1.64787
0.0421293,-0.346277,1.64574
0.1381,-0.33754,1.65433
-0.00158933,-0.306528,1.65691
0.279122,-0.315973,1.64883
-0.355225,-0.283288,1.64172
-0.193618,-0.273323,1.64021
0.164052,-0.292754,1.63991
0.0444497,-0.244486,1.63807
0.36572,-0.253022,1.63953
-0.374711,-0.226468,1.63968
-0.229071,-0.228419,1.65431
-0.174598,-0.21935,1.63473
0.105743,-0.223263,1.64772
0.170379,-0.239247,1.65418
-0.0750535,-0.192119,1.64114
-0.0140455,-0.204532,1.64362
0.192507,-0.194205,1.64687
-0.390201,-0.164148,1.64493
-0.3373,-0.162321,1.64946
0.080734,-0.174387,1.64254
0.230858,-0.155894,1.64956
0.319788,-0.175198,1.63174
-0.178116,-0.140594,1.64481
0.048432,-0.137202,1.63475
0.101903,-0.129178,1.64042
0.421724,-0.139782,1.65735
-0.429225,-0.111023,1.63171
-0.3527,-0.111039,1.63032
-0.30627,-0.114702,1.6564
-0.0496848,-0.095986,1.63214
0.142952,-0.0936245,1.63111
0.309678,-0.108459,1.64773
0.355685,-0.0959439,1.64193
-0.35832,-0.0644316,1.65368
-0.105792,-0.0798541,1.65795
0.034941,-0.0855499,1.63795
0.189282,-0.0663696,1.65242
-0.191541,-0.0422432,1.65374
-0.124845,-0.0310791,1.65884
0.0267109,-0.0321955,1.63657
0.126411,-0.0435574,1.65709
0.235965,-0.0426212,1.65117
-0.416772,-0.0145874,1.64103
-0.363607,-0.00389157,1.63043
-0.267881,-0.0174723,1.64398
-0.169235,-0.00423191,1.62994
-0.309562,0.0122422,1.64321
-0.22825,0.0245287,1.64634
-0.123774,0.0285228,1.64058
-0.064498,0.00478785,1.64309
0.0636096,8.076e-06,1.65833
0.231966,0.0113927,1.6366
0.368335,0.00830629,1.65368
0.457579,0.0336332,1.64732
-0.210131,0.0790003,1.65081
0.0543801,0.0704253,1.64243
0.153853,0.0751914,1.63177
0.349912,0.0669075,1.64814
-0.361642,0.118424,1.65137
-0.252352,0.0936011,1.631
-0.15922,0.0923585,1.6469
-0.000897801,0.112793,1.65353
0.124039,0.112685,1.64287
0.215402,0.0920544,1.65331
0.288136,0.0995886,1.64024
-0.231451,0.130323,1.65612
-0.185787,0.14903,1.6518
0.171729,0.125412,1.6587
-0.416448,0.175144,1.64462
-0.281517,0.168103,1.65642
0.205049,0.173715,1.63888
-0.196684,0.198476,1.64855
0.148307,0.202628,1.65513
-0.393222,0.229484,1.65937
-0.12118,0.217147,1.65438
0.100573,0.213229,1.64544
0.221186,0.214695,1.65798
0.331,0.226401,1.63299
-0.233157,0.244104,1.63566
0.170579,0.244298,1.63183
-0.207482,0.295805,1.64843
-0.0375669,0.283416,1.63287
-0.255951,0.318738,1.64161
0.110429,0.328435,1.65277
-0.197201,0.352655,1.63235
-0.134419,0.356415,1.64663
-0.0440725,0.356909,1.64189
0.15868,0.343681,1.63984
0.280419,0.354382,1.64982
0.237423,0.385191,1.64723
0.116329,0.399467,1.6318
-0.0766635,0.422132,1.64265
0.0618475,0.445441,1.63407
-0.0437982,-0.379225,1.68524
-0.17179,-0.331807,1.67088
-0.0597176,-0.314774,1.67436
0.0634889,-0.304547,1.66317
-0.312291,-0.279422,1.68866
-0.241472,-0.29506,1.67621
0.146295,-0.274858,1.68648
0.268727,-0.271377,1.67445
0.100135,-0.268771,1.66458
-0.0688609,-0.220961,1.68633
0.0197085,-0.233628,1.68223
0.220009,-0.230511,1.68786
0.26066,-0.218384,1.66
-0.260308,-0.180912,1.6741
-0.114276,-0.16379,1.66661
0.0477303,-0.178108,1.68738
0.163074,-0.152271,1.66174
-0.0295586,-0.13779,1.67578
0.274147,-0.140265,1.6689
-0.225551,-0.096171,1.66978
0.0225334,-0.11736,1.68819
-0.0176227,-0.0608489,1.66404
0.0995653,-0.0828559,1.67578
-0.322082,-0.0404064,1.68054
-0.0652505,-0.0510063,1.66553
0.0319189,-0.0565155,1.68122
0.285009,-0.0485249,1.67063
0.307602,-0.00214581,1.67073
0.413715,-0.0110247,1.66193
0.136358,0.0175536,1.6789
0.181824,0.0295357,1.67484
-0.166533,0.0325212,1.67269
0.0124127,0.046786,1.67139
0.102399,0.0489868,1.66659
0.25271,0.054484,1.66597
-0.039307,0.173041,1.66479
0.0285233,0.165469,1.67735
0.0770754,0.159971,1.68533
-0.26322,0.215429,1.65953
-0.0649552,0.224646,1.6671
-0.00849482,0.225044,1.66053
0.0518557,0.235065,1.65993
-0.357882,0.263133,1.68226
0.132477,0.254763,1.65995
0.234819,0.315303,1.66671
-0.0809496,0.335039,1.67395
0.140965,0.394847,1.6878
-0.340485,-0.211439,1.70144
-0.200105,-0.21159,1.71536
0.110079,-0.185064,1.69242
0.186016,-0.117528,1.69936
0.0669202,-0.0779335,1.71339
0.291005,-0.0140613,1.71394
-0.404011,0.0100033,1.71483
-0.0883072,0.0265052,1.69543
0.306985,0.0995014,1.68982
-0.112577,0.12037,1.69613
-0.0724329,0.14559,1.70032
0.27829,0.137552,1.69043
-0.296098,0.170683,1.71637
0.324338,0.151176,1.7098
-0.343061,0.223997,1.70391
0.306719,0.222714,1.69234
-0.290195,0.26649,1.70696
0.333742,0.275956,1.71037
0.187388,0.322099,1.71512
0.151698,-0.074304,1.72568
-0.0769392,-0.0480165,1.7375
-0.0495607,0.0023579,1.73007
0.425603,0.10811,1.71868
-0.0348629,0.28592,1.7538
-0.6,-0.6,-1.5
-0.6,-0.6,-1.5
-0.6,-0.6,-1.5
-0.6,-0.6,-1.5
-0.6,-0.6,-1.5
-0.6,-0.6,-1.5
-0.6,-0.6,-1.5
-0.6,-0.6,-1.5
-0.6,-0.6,-1.5
-0.6,-0.6,-1.5
-0.6,-0.6,-1.5
-0.6,-0.6,-1.5
-0.6,-0.6,-1.5
-0.6,-0.6,-1.5
-0.6,-0.6,-1.5
-0.6,-0.6,-1.5
-0.6,-0.6,-1.5
-0.6,-0.6,-1.5
-0.6,-0.6,-1.5
-0.6,-0.6,-1.5
-0.6,-0.6,-1.5
-0.6,-0.6,-1.5
-0.6,-0.6,-1.5
-0.6,-0.6,-1.5
-0.6,-0.6,-1.5
-0.6,-0.6,-1.5
-0.6,-0.6,-1.5
-0.6,-0.6,-1.5
-0.6,-0.6,-1.5
-0.6,-0.6,-1.5
-0.6,-0.6,-1.5
-0.6,-0.6,-1.5
-0.6,-0.6,-1.5
-0.6,-0.6,-1.5
-0.6,-0.6,-1.5
-0.6,-0.6,-1.5
-0.6,-0.6,-1.5
-0.6,-0.6,-1.5
-0.6,-0.6,-1.5
-0.6,-0.6,-1.5
-0.6,-0.6,-1.5
-0.6,-0.6,-1.5
-0.6,-0.6,-1.5
-0.6,-0.6,-1.5
-0.6,-0.6,-1.5
-0.6,-0.6,-1.5
-0.6,-0.6,-1.5
-0.6,-0.6,-1.5
-0.6,-0.6,-1.5
-0.6,-0.6,-1.5
-0.6,-0.6,-1.5
-0.6,-0.6,-1.5
-0.6,-0.6,-1.5
-0.6,-0.6,-1.5
-0.6,-0.6,-1.5
-0.6,-0.6,-1.5
-0.6,-0.6,-1.5
-0.6,-0.6,-1.5
-0.6,-0.6,-1.5
-0.6,-0.6,-1.5
-0.6,-0.6,-1.5
-0.6,-0.6,-1.5
-0.6,-0.6,-1.5
-0.6,-0.6,-1.5
-0.6,-0.6,-1.5
-0.6,-0.6,-1.5
-0.6,-0.6,-1.5
-0.6,-0.6,-1.5
-0.6,-0.6,-1.5
-0.6,-0.6,-1.5
-0.6,-0.6,-1.5
-0.6,-0.6,-1.5
-0.6,-0.6,-1.5
-0.6,-0.6,-1.5
-0.6,-0.6,-1.5
-0.6,-0.6,-1.5
-0.6,-0.6,-1.5
-0.6,-0.6,-1.5
-0.6,-0.6,-1.5
-0.6,-0.6,-1.5
-0.6,-0.6,-1.5
-0.6,-0.6,-1.5
-0.6,-0.6,-1.5
-0.6,-0.6,-1.5
-0.6,-0.6,-1.5
-0.6,-0.6,-1.5
-0.6,-0.6,-1.5
-0.6,-0.6,-1.5
-0.6,-0.6,-1.5
-0.6,-0.6,-1.5
-0.6,-0.6,-1.5
-0.6,-0.6,-1.5
-0.6,-0.6,-1.5
-0.6,-0.6,-1.5
-0.6,-0.6,-1.5
-0.6,-0.6,-1.5
-0.6,-0.6,-1.5
-0.6,-0.6,-1.5
-0.6,-0.6,-1.5
-0.6,-0.6,-1.5
-0.6,-0.6,-1.5
-0.6,-0.6,-1.5
-0.6,-0.6,-1.5
-0.6,-0.6,-1.5
-0.6,-0.6,-1.5
-0.6,-0.6,-1.5
-0.6,-0.6,-1.5
-0.6,-0.6,-1.5
-0.6,-0.6,-1.5
-0.6,-0.6,-1.5
-0.6,-0.6,-1.5
-0.6,-0.6,-1.5
-0.6,-0.6,-1.5
-0.6,-0.6,-1.5
-0.6,-0.6,-1.5
-0.6,-0.6,-1.5
-0.6,-0.6,-1.5
-0.6,-0.6,-1.5
-0.6,-0.6,-1.5
-0.6,-0.6,-1.5
-0.6,-0.6,-1.5
-0.6,-0.6,-1.5
-0.6,-0.6,-1.5
-0.6,-0.6,-1.5
-0.6,-0.6,-1.5
-0.6,-0.6,-1.5
-0.6,-0.6,-1.5
-0.6,-0.6,-1.5
-0.6,-0.6,-1.5
-0.6,-0.6,-1.5
-0.6,-0.6,-1.5
-0.6,-0.6,-1.5
-0.6,-0.6,-1.5
-0.6,-0.6,-1.5
-0.6,-0.6,-1.5
-0.6,-0.6,-1.5
-0.6,-0.6,-1.5
-0.6,-0.6,-1.5
-0.6,-0.6,-1.5
-0.6,-0.6,-1.5
-0.6,-0.6,-1.5
-0.6,-0.6,-1.5
-0.6,-0.6,-1.5
-0.6,-0.6,-1.5
-0.6,-0.6,-1.5
-0.6,-0.6,-1.5
-0.6,-0.6,-1.5
-0.6,-0.6,-1.5
-0.6,-0.6,-1.5
-0.6,-0.6,-1.5
-0.6,-0.6,-1.5
-0.6,-0.6,-1.5
-0.6,-0.6,-1.5
-0.6,-0.6,-1.5
-0.6,-0.6,-1.5
-0.6,-0.6,-1.5
-0.6,-0.6,-1.5
-0.6,-0.6,-1.5
-0.6,-0.6,-1.5
-0.6,-0.6,-1.5
-0.6,-0.6,-1.5
-0.6,-0.6,-1.5
-0.6,-0.6,-1.5
-0.6,-0.6,-1.5
-0.6,-0.6,-1.5
-0.6,-0.6,-1.5
-0.6,-0.6,-1.5
-0.6,-0.6,-1.5
-0.6,-0.6,-1.5
-0.6,-0.6,-1.5
-0.6,-0.6,-1.5
-0.6,-0.6,-1.5
-0.6,-0.6,-1.5
-0.6,-0.6,-1.5
-0.6,-0.6,-1.5
-0.6,-0.6,-1.5
-0.6,-0.6,-1.5
-0.6,-0.6,-1.5
-0.6,-0.6,-1.5
-0.6,-0.6,-1.5
-0.6,-0.6,-1.5
-0.6,-0.6,-1.5
-0.6,-0.6,-1.5
-0.6,-0.6,-1.5
-0.6,-0.6,-1.5
-0.6,-0.6,-1.5
-0.6,-0.6,-1.5
-0.6,-0.6,-1.5
-0.6,-0.6,-1.5
-0.6,-0.6,-1.5
-0.6,-0.6,-1.5
-0.6,-0.6,-1.5
-0.6,-0.6,-1.5
-0.6,-0.6,-1.5
-0.6,-0.6,-1.5
-0.6,-0.6,-1.5
-0.6,-0.6,-1.5
-0.6,-0.6,-1.5
-0.6,-0.6,-1.5
-0.6,-0.6,-1.5
-0.6,-0.6,-1.5
-0.6,-0.6,-1.5
-0.6,-0.6,-1.5
-0.6,-0.6,-1.5
-0.6,-0.6,-1.5
-0.6,-0.6,-1.5
-0.6,-0.6,-1.5
-0.6,-0.6,-1.5
-0.6,-0.6,-1.5
-0.6,-0.6,-1.5
-0.6,-0.6,-1.5
-0.6,-0.6,-1.5
-0.6,-0.6,-1.5
-0.6,-0.6,-1.5
-0.6,-0.6,-1.5
-0.6,-0.6,-1.5
-0.6,-0.6,-1.5
-0.6,-0.6,-1.5
-0.6,-0.6,-1.5
-0.6,-0.6,-1.5
-0.6,-0.6,-1.5
-0.6,-0.6,-1.5
-0.6,-0.6,-1.5
-0.6,-0.6,-1.5
-0.6,-0.6,-1.5
-0.6,-0.6,-1.5
-0.6,-0.6,-1.5
-0.6,-0.6,-1.5
-0.6,-0.6,-1.5
-0.6,-0.6,-1.5
-0.6,-0.6,-1.5
-0.6,-0.6,-1.5
-0.6,-0.6,-1.5
-0.6,-0.6,-1.5
-0.6,-0.6,-1.5
-0.6,-0.6,-1.5
-0.6,-0.6,-1.5
-0.6,-0.6,-1.5
-0.6,-0.6,-1.5
-0.6,-0.6,-1.5
-0.6,-0.6,-1.5
-0.6,-0.6,-1.5
-0.6,-0.6,-1.5
-0.6,-0.6,-1.5
-0.6,-0.6,-1.5
-0.6,-0.6,-1.5
-0.6,-0.6,-1.5
-0.6,-0.6,-1.5
-0.6,-0.6,-1.5
-0.6,-0.6,-1.5
-0.6,-0.6,-1.5
-0.6,-0.6,-1.5
-0.6,-0.6,-1.5
-0.6,-0.6,-1.5
-0.6,-0.6,-1.5
-0.6,-0.6,-1.5
-0.6,-0.6,-1.5
-0.6,-0.6,-1.5
-0.6,-0.6,-1.5
-0.6,-0.6,-1.5
-0.6,-0.6,-1.5
-0.6,-0.6,-1.5
-0.6,-0.6,-1.5
-0.6,-0.6,-1.5
-0.6,-0.6,-1.5
-0.6,-0.6,-1.5
-0.6,-0.6,-1.5
-0.6,-0.6,-1.5
-0.6,-0.6,-1.5
-0.6,-0.6,-1.5
-0.6,-0.6,-1.5
-0.6,-0.6,-1.5
-0.6,-0.6,-1.5
-0.6,-0.6,-1.5
-0.6,-0.6,-1.5
-0.6,-0.6,-1.5
-0.6,-0.6,-1.5
-0.6,-0.6,-1.5
-0.6,-0.6,-1.5
-0.6,-0.6,-1.5
-0.6,-0.6,-1.5
-0.6,-0.6,-1.5
-0.6,-0.6,-1.5
-0.6,-0.6,-1.5
-0.6,-0.6,-1.5
-0.6,-0.6,-1.5
-0.6,-0.6,-1.5
-0.6,-0.6,-1.5
-0.6,-0.6,-1.5
-0.6,-0.6,-1.5
-0.6,-0.6,-1.5
-0.6,-0.6,-1.5
-0.6,-0.6,-1.5
-0.6,-0.6,-1.5
-0.6,-0.6,-1.5
-0.6,-0.6,-1.5
-0.6,-0.6,-1.5
-0.6,-0.6,-1.5
-0.6,-0.6,-1.5
-0.6,-0.6,-1.5
-0.6,-0.6,-1.5
-0.6,-0.6,-1.5
-0.6,-0.6,-1.5
-0.6,-0.6,-1.5
-0.6,-0.6,-1.5
-0.6,-0.6,-1.5
-0.6,-0.6,-1.5
-0.6,-0.6,-1.5
-0.6,-0.6,-1.5
-0.6,-0.6,-1.5
-0.6,-0.6,-1.5
-0.6,-0.6,-1.5
-0.6,-0.6,-1.5
-0.6,-0.6,-1.5
-0.6,-0.6,-1.5
-0.6,-0.6,-1.5
-0.6,-0.6,-1.5
-0.6,-0.6,-1.5
-0.6,-0.6,-1.5
-0.6,-0.6,-1.5
-0.6,-0.6,-1.5
-0.6,-0.6,-1.5
-0.6,-0.6,-1.5
-0.6,-0.6,-1.5
-0.6,-0.6,-1.5
-0.6,-0.6,-1.5
-0.6,-0.6,-1.5
-0.6,-0.6,-1.5
-0.6,-0.6,-1.5
-0.6,-0.6,-1.5
-0.6,-0.6,-1.5
-0.6,-0.6,-1.5
-0.6,-0.6,-1.5
-0.6,-0.6,-1.5
-0.6,-0.6,-1.5
-0.6,-0.6,-1.5
-0.6,-0.6,-1.5
-0.6,-0.6,-1.5
-0.6,-0.6,-1.5
-0.6,-0.6,-1.5
-0.6,-0.6,-1.5
-0.6,-0.6,-1.5
-0.6,-0.6,-1.5
-0.6,-0.6,-1.5
-0.6,-0.6,-1.5
-0.6,-0.6,-1.5
-0.6,-0.6,-1.5
-0.6,-0.6,-1.5
-0.6,-0.6,-1.5
-0.6,-0.6,-1.5
-0.6,-0.6,-1.5
-0.6,-0.6,-1.5
-0.6,-0.6,-1.5
-0.6,-0.6,-1.5
-0.6,-0.6,-1.5
-0.6,-0.6,-1.5
-0.6,-0.6,-1.5
-0.6,-0.6,-1.5
-0.6,-0.6,-1.5
-0.6,-0.6,-1.5
-0.6,-0.6,-1.5
-0.6,-0.6,-1.5
-0.6,-0.6,-1.5
-0.6,-0.6,-1.5
-0.6,-0.6,-1.5
-0.6,-0.6,-1.5
-0.6,-0.6,-1.5
-0.6,-0.6,-1.5
-0.6,-0.6,-1.5
-0.6,-0.6,-1.5
-0.6,-0.6,-1.5
-0.6,-0.6,-1.5
-0.6,-0.6,-1.5
-0.6,-0.6,-1.5
-0.6,-0.6,-1.5
-0.6,-0.6,-1.5
-0.6,-0.6,-1.5
-0.6,-0.6,-1.5
-0.6,-0.6,-1.5
-0.6,-0.6,-1.5
-0.6,-0.6,-1.5
-0.6,-0.6,-1.5
-0.6,-0.6,-1.5
-0.6,-0.6,-1.5
-0.6,-0.6,-1.5
-0.6,-0.6,-1.5
-0.6,-0.6,-1.5
-0.6,-0.6,-1.5
-0.6,-0.6,-1.5
-0.6,-0.6,-1.5
-0.6,-0.6,-1.5
-0.6,-0.6,-1.5
-0.6,-0.6,-1.5
-0.6,-0.6,-1.5
-0.6,-0.6,-1.5
-0.6,-0.6,-1.5
-0.6,-0.6,-1.5
-0.6,-0.6,-1.5
-0.6,-0.6,-1.5
-0.6,-0.6,-1.5
-0.6,-0.6,-1.5
-0.6,-0.6,-1.5
-0.6,-0.6,-1.5
-0.6,-0.6,-1.5
-0.6,-0.6,-1.5
-0.6,-0.6,-1.5
-0.6,-0.6,-1.5
-0.6,-0.6,-1.5
-0.6,-0.6,-1.5
-0.6,-0.6,-1.5
-0.6,-0.6,-1.5
-0.6,-0.6,-1.5
-0.6,-0.6,-1.5
-0.6,-0.6,-1.5
-0.6,-0.6,-1.5
-0.6,-0.6,-1.5
-0.6,-0.6,-1.5
-0.6,-0.6,-1.5
-0.6,-0.6,-1.5
-0.6,-0.6,-1.5
-0.6,-0.6,-1.5
-0.6,-0.6,-1.5
-0.6,-0.6,-1.5
-0.6,-0.6,-1.5
-0.6,-0.6,-1.5
-0.6,-0.6,-1.5
-0.6,-0.6,-1.5
-0.6,-0.6,-1.5
-0.6,-0.6,-1.5
-0.6,-0.6,-1.5
-0.6,-0.6,-1.5
-0.6,-0.6,-1.5
-0.6,-0.6,-1.5
-0.6,-0.6,-1.5
-0.6,-0.6,-1.5
-0.6,-0.6,-1.5
-0.6,-0.6,-1.5
-0.6,-0.6,-1.5
-0.6,-0.6,-1.5
-0.6,-0.6,-1.5
-0.6,-0.6,-1.5
-0.6,-0.6,-1.5
-0.6,-0.6,-1.5
-0.6,-0.6,-1.5
-0.6,-0.6,-1.5
-0.6,-0.6,-1.5
-0.6,-0.6,-1.5
-0.6,-0.6,-1.5
-0.6,-0.6,-1.5
-0.6,-0.6,-1.5
-0.6,-0.6,-1.5
-0.6,-0.6,-1.5
-0.6,-0.6,-1.5
-0.6,-0.6,-1.5
-0.6,-0.6,-1.5
-0.6,-0.6,-1.5
-0.6,-0.6,-1.5
-0.6,-0.6,-1.5
-0.6,-0.6,-1.5
-0.6,-0.6,-1.5
-0.6,-0.6,-1.5
-0.6,-0.6,-1.5
-0.6,-0.6,-1.5
-0.6,-0.6,-1.5
-0.6,-0.6,-1.5
-0.6,-0.6,-1.5
-0.6,-0.6,-1.5
-0.6,-0.6,-1.5
-0.6,-0.6,-1.5
-0.6,-0.6,-1.5
-0.6,-0.6,-1.5
-0.6,-0.6,-1.5
-0.6,-0.6,-1.5
-0.6,-0.6,-1.5
-0.6,-0.6,-1.5
-0.6,-0.6,-1.5
-0.6,-0.6,-1.5
-0.6,-0.6,-1.5
-0.6,-0.6,-1.5
-0.6,-0.6,-1.5
-0.6,-0.6,-1.5
-0.6,-0.6,-1.5
-0.6,-0.6,-1.5
-0.6,-0.6,-1.5
-0.6,-0.6,-1.5
-0.6,-0.6,-1.5
-0.6,-0.6,-1.5
-0.6,-0.6,-1.5
-0.6,-0.6,-1.5
-0.6,-0.6,-1.5
-0.6,-0.6,-1.5
-0.6,-0.6,-1.5
-0.6,-0.6,-1.5
-0.6,-0.6,-1.5
-0.6,-0.6,-1.5
-0.6,-0.6,-1.5
-0.6,-0.6,-1.5
-0.6,-0.6,-1.5
-0.6,-0.6,-1.5
-0.6,-0.6,-1.5
-0.6,-0.6,-1.5
-0.6,-0.6,-1.5
-0.6,-0.6,-1.5
-0.6,-0.6,-1.5
-0.6,-0.6,-1.5
-0.6,-0.6,-1.5
-0.6,-0.6,-1.5
-0.6,-0.6,-1.5
-0.6,-0.6,-1.5
-0.6,-0.6,-1.5
-0.6,-0.6,-1.5
-0.6,-0.6,-1.5
-0.6,-0.6,-1.5
-0.6,-0.6,-1.5
-0.6,-0.6,-1.5
-0.6,-0.6,-1.5
-0.6,-0.6,-1.5
-0.6,-0.6,-1.5
-0.6,-0.6,-1.5
-0.6,-0.6,-1.5
-0.6,-0.6,-1.5
-0.6,-0.6,-1.5
-0.6,-0.6,-1.5
-0.6,-0.6,-1.5
-0.6,-0.6,-1.5
-0.6,-0.6,-1.5
-0.6,-0.6,-1.5
-0.6,-0.6,-1.5
-0.6,-0.6,-1.5
-0.6,-0.6,-1.5
-0.6,-0.6,-1.5
-0.6,-0.6,-1.5
-0.6,-0.6,-1.5
-0.6,-0.6,-1.5
-0.6,-0.6,-1.5
-0.6,-0.6,-1.5
-0.6,-0.6,-1.5
-0.6,-0.6,-1.5
-0.6,-0.6,-1.5
-0.6,-0.6,-1.5
-0.6,-0.6,-1.5
-0.6,-0.6,-1.5
-0.6,-0.6,-1.5
-0.6,-0.6,-1.5
-0.6,-0.6,-1.5
-0.6,-0.6,-1.5
-0.6,-0.6,-1.5
-0.6,-0.6,-1.5
-0.6,-0.6,-1.5
-0.6,-0.6,-1.5
-0.6,-0.6,-1.5
-0.6,-0.6,-1.5
-0.6,-0.6,-1.5
-0.6,-0.6,-1.5
-0.6,-0.6,-1.5
-0.6,-0.6,-1.5
-0.6,-0.6,-1.5
-0.6,-0.6,-1.5
-0.6,-0.6,-1.5
-0.6,-0.6,-1.5
-0.6,-0.6,-1.5
-0.6,-0.6,-1.5
-0.6,-0.6,-1.5
-0.6,-0.6,-1.5
-0.6,-0.6,-1.5
-0.6,-0.6,-1.5
-0.6,-0.6,-1.5
-0.6,-0.6,-1.5
-0.6,-0.6,-1.5
-0.6,-0.6,-1.5
-0.6,-0.6,-1.5
-0.6,-0.6,-1.5
-0.6,-0.6,-1.5
-0.6,-0.6,-1.5
-0.6,-0.6,-1.5
-0.6,-0.6,-1.5
-0.6,-0.6,-1.5
-0.6,-0.6,-1.5
-0.6,-0.6,-1.5
-0.6,-0.6,-1.5
-0.6,-0.6,-1.5
-0.6,-0.6,-1.5
-0.6,-0.6,-1.5
-0.6,-0.6,-1.5
-0.6,-0.6,-1.5
-0.6,-0.6,-1.5
-0.6,-0.6,-1.5
-0.6,-0.6,-1.5
-0.6,-0.6,-1.5
-0.6,-0.6,-1.5
-0.6,-0.6,-1.5
-0.6,-0.6,-1.5
-0.6,-0.6,-1.5
-0.6,-0.6,-1.5
-0.6,-0.6,-1.5
-0.6,-0.6,-1.5
-0.6,-0.6,-1.5
-0.6,-0.6,-1.5
-0.6,-0.6,-1.5
-0.6,-0.6,-1.5
-0.6,-0.6,-1.5
-0.6,-0.6,-1.5
-0.6,-0.6,-1.5
-0.6,-0.6,-1.5
-0.6,-0.6,-1.5
-0.6,-0.6,-1.5
-0.6,-0.6,-1.5
-0.6,-0.6,-1.5
-0.6,-0.6,-1.5
-0.6,-0.6,-1.5
-0.6,-0.6,-1.5
-0.6,-0.6,-1.5
-0.6,-0.6,-1.5
-0.6,-0.6,-1.5
-0.6,-0.6,-1.5
-0.6,-0.6,-1.5
-0.6,-0.6,-1.5
-0.6,-0.6,-1.5
-0.6,-0.6,-1.5
-0.6,-0.6,-1.5
-0.6,-0.6,-1.5
-0.6,-0.6,-1.5
-0.6,-0.6,-1.5
-0.6,-0.6,-1.5
-0.6,-0.6,-1.5
-0.6,-0.6,-1.5
-0.6,-0.6,-1.5
-0.6,-0.6,-1.5
-0.6,-0.6,-1.5
-0.6,-0.6,-1.5
-0.6,-0.6,-1.5
-0.6,-0.6,-1.5
-0.6,-0.6,-1.5
-0.6,-0.6,-1.5
-0.6,-0.6,-1.5
-0.6,-0.6,-1.5
-0.6,-0.6,-1.5
-0.6,-0.6,-1.5
-0.6,-0.6,-1.5
-0.6,-0.6,-1.5
-0.6,-0.6,-1.5
-0.6,-0.6,-1.5
-0.6,-0.6,-1.5
-0.6,-0.6,-1.5
-0.6,-0.6,-1.5
-0.6,-0.6,-1.5
-0.6,-0.6,-1.5
-0.6,-0.6,-1.5
-0.6,-0.6,-1.5
-0.6,-0.6,-1.5
-0.6,-0.6,-1.5
-0.6,-0.6,-1.5
-0.6,-0.6,-1.5
-0.6,-0.6,-1.5
-0.6,-0.6,-1.5
-0.6,-0.6,-1.5
-0.6,-0.6,-1.5
-0.6,-0.6,-1.5
-0.6,-0.6,-1.5
-0.6,-0.6,-1.5
-0.6,-0.6,-1.5
-0.6,-0.6,-1.5
-0.6,-0.6,-1.5
-0.6,-0.6,-1.5
-0.6,-0.6,-1.5
-0.6,-0.6,-1.5
-0.6,-0.6,-1.5
-0.6,-0.6,-1.5
-0.6,-0.6,-1.5
-0.6,-0.6,-1.5
-0.6,-0.6,-1.5
-0.6,-0.6,-1.5
-0.6,-0.6,-1.5
-0.6,-0.6,-1.5
-0.6,-0.6,-1.5
-0.6,-0.6,-1.5
-0.6,-0.6,-1.5
-0.6,-0.6,-1.5
-0.6,-0.6,-1.5
-0.6,-0.6,-1.5
-0.6,-0.6,-1.5
-0.6,-0.6,-1.5
-0.6,-0.6,-1.5
-0.6,-0.6,-1.5
-0.6,-0.6,-1.5
-0.6,-0.6,-1.5
-0.6,-0.6,-1.5
-0.6,-0.6,-1.5
-0.6,-0.6,-1.5
-0.6,-0.6,-1.5
-0.6,-0.6,-1.5
-0.6,-0.6,-1.5
-0.6,-0.6,-1.5
-0.6,-0.6,-1.5
-0.6,-0.6,-1.5
-0.6,-0.6,-1.5
-0.6,-0.6,-1.5
-0.6,-0.6,-1.5
-0.6,-0.6,-1.5
-0.6,-0.6,-1.5
-0.6,-0.6,-1.5
-0.6,-0.6,-1.5
-0.6,-0.6,-1.5
-0.6,-0.6,-1.5
-0.6,-0.6,-1.5
-0.6,-0.6,-1.5
-0.6,-0.6,-1.5
-0.6,-0.6,-1.5
-0.6,-0.6,-1.5
-0.6,-0.6,-1.5
-0.6,-0.6,-1.5
-0.6,-0.6,-1.5
-0.6,-0.6,-1.5
-0.6,-0.6,-1.5
-0.6,-0.6,-1.5
-0.6,-0.6,-1.5
-0.6,-0.6,-1.5
-0.6,-0.6,-1.5
-0.6,-0.6,-1.5
-0.6,-0.6,-1.5
-0.6,-0.6,-1.5
-0.6,-0.6,-1.5
-0.6,-0.6,-1.5
-0.6,-0.6,-1.5
-0.6,-0.6,-1.5
-0.6,-0.6,-1.5
-0.6,-0.6,-1.5
-0.6,-0.6,-1.5
-0.6,-0.6,-1.5
-0.6,-0.6,-1.5
-0.6,-0.6,-1.5
-0.6,-0.6,-1.5
-0.6,-0.6,-1.5
-0.6,-0.6,-1.5
-0.6,-0.6,-1.5
-0.6,-0.6,-1.5
-0.6,-0.6,-1.5
-0.6,-0.6,-1.5
-0.6,-0.6,-1.5
-0.6,-0.6,-1.5
-0.6,-0.6,-1.5
-0.6,-0.6,-1.5
-0.6,-0.6,-1.5
-0.6,-0.6,-1.5
-0.6,-0.6,-1.5
-0.6,-0.6,-1.5
-0.6,-0.6,-1.5
-0.6,-0.6,-1.5
-0.6,-0.6,-1.5
-0.6,-0.6,-1.5
-0.6,-0.6,-1.5
-0.6,-0.6,-1.5
-0.6,-0.6,-1.5
-0.6,-0.6,-1.5
-0.6,-0.6,-1.5
-0.6,-0.6,-1.5
-0.6,-0.6,-1.5
-0.6,-0.6,-1.5
-0.6,-0.6,-1.5
-0.6,-0.6,-1.5
-0.6,-0.6,-1.5
-0.6,-0.6,-1.5
-0.6,-0.6,-1.5
-0.6,-0.6,-1.5
-0.6,-0.6,-1.5
-0.6,-0.6,-1.5
-0.6,-0.6,-1.5
-0.6,-0.6,-1.5
-0.6,-0.6,-1.5
-0.6,-0.6,-1.5
-0.6,-0.6,-1.5
-0.6,-0.6,-1.5
-0.6,-0.6,-1.5
-0.6,-0.6,-1.5
-0.6,-0.6,-1.5
-0.6,-0.6,-1.5
-0.6,-0.6,-1.5
-0.6,-0.6,-1.5
-0.6,-0.6,-1.5
-0.6,-0.6,-1.5
-0.6,-0.6,-1.5
-0.6,-0.6,-1.5
-0.6,-0.6,-1.5
-0.6,-0.6,-1.5
-0.6,-0.6,-1.5
-0.6,-0.6,-1.5
-0.6,-0.6,-1.5
-0.6,-0.6,-1.5
-0.6,-0.6,-1.5
-0.6,-0.6,-1.5
-0.6,-0.6,-1.5
-0.6,-0.6,-1.5
-0.6,-0.6,-1.5
-0.6,-0.6,-1.5
-0.6,-0.6,-1.5
-0.6,-0.6,-1.5
-0.6,-0.6,-1.5
-0.6,-0.6,-1.5
-0.6,-0.6,-1.5
-0.6,-0.6,-1.5
-0.6,-0.6,-1.5
-0.6,-0.6,-1.5
-0.6,-0.6,-1.5
-0.6,-0.6,-1.5
-0.6,-0.6,-1.5
-0.6,-0.6,-1.5
-0.6,-0.6,-1.5
-0.6,-0.6,-1.5
-0.6,-0.6,-1.5
-0.6,-0.6,-1.5
-0.6,-0.6,-1.5
-0.6,-0.6,-1.5
-0.6,-0.6,-1.5
-0.6,-0.6,-1.5
-0.6,-0.6,-1.5
-0.6,-0.6,-1.5
-0.6,-0.6,-1.5
-0.6,-0.6,-1.5
-0.6,-0.6,-1.5
-0.6,-0.6,-1.5
-0.6,-0.6,-1.5
-0.6,-0.6,-1.5
-0.6,-0.6,-1.5
-0.6,-0.6,-1.5
-0.6,-0.6,-1.5
-0.6,-0.6,-1.5
-0.6,-0.6,-1.5
-0.6,-0.6,-1.5
-0.6,-0.6,-1.5
-0.6,-0.6,-1.5
-0.6,-0.6,-1.5
-0.6,-0.6,-1.5
-0.6,-0.6,-1.5
-0.6,-0.6,-1.5
-0.6,-0.6,-1.5
-0.6,-0.6,-1.5
-0.6,-0.6,-1.5
-0.6,-0.6,-1.5
-0.6,-0.6,-1.5
-0.6,-0.6,-1.5
-0.6,-0.6,-1.5
-0.6,-0.6,-1.5
-0.6,-0.6,-1.5
-0.6,-0.6,-1.5
-0.6,-0.6,-1.5
-0.6,-0.6,-1.5
-0.6,-0.6,-1.5
-0.6,-0.6,-1.5
-0.6,-0.6,-1.5
-0.6,-0.6,-1.5
-0.6,-0.6,-1.5
-0.6,-0.6,-1.5
-0.6,-0.6,-1.5
-0.6,-0.6,-1.5
-0.6,-0.6,-1.5
-0.6,-0.6,-1.5
-0.6,-0.6,-1.5
-0.6,-0.6,-1.5
-0.6,-0.6,-1.5
-0.6,-0.6,-1.5
-0.6,-0.6,-1.5
-0.6,-0.6,-1.5
-0.6,-0.6,-1.5
-0.6,-0.6,-1.5
-0.6,-0.6,-1.5
-0.6,-0.6,-1.5
-0.6,-0.6,-1.5
-0.6,-0.6,-1.5
-0.6,-0.6,-1.5
-0.6,-0.6,-1.5
-0.6,-0.6,-1.5
-0.6,-0.6,-1.5
-0.6,-0.6,-1.5
-0.6,-0.6,-1.5
-0.6,-0.6,-1.5
-0.6,-0.6,-1.5
-0.6,-0.6,-1.5
-0.6,-0.6,-1.5
-0.6,-0.6,-1.5
-0.6,-0.6,-1.5
-0.6,-0.6,-1.5
-0.6,-0.6,-1.5
-0.6,-0.6,-1.5
-0.6,-0.6,-1.5
-0.6,-0.6,-1.5
-0.6,-0.6,-1.5
-0.6,-0.6,-1.5
-0.6,-0.6,-1.5
-0.6,-0.6,-1.5
-0.6,-0.6,-1.5
-0.6,-0.6,-1.5
-0.6,-0.6,-1.5
-0.6,-0.6,-1.5
-0.6,-0.6,-1.5
-0.6,-0.6,-1.5
-0.6,-0.6,-1.5
-0.6,-0.6,-1.5
-0.6,-0.6,-1.5
-0.6,-0.6,-1.5
-0.6,-0.6,-1.5
-0.6,-0.6,-1.5
-0.6,-0.6,-1.5
-0.6,-0.6,-1.5
-0.6,-0.6,-1.5
-0.6,-0.6,-1.5
-0.6,-0.6,-1.5
-0.6,-0.6,-1.5
-0.6,-0.6,-1.5
-0.6,-0.6,-1.5
-0.6,-0.6,-1.5
-0.6,-0.6,-1.5
-0.6,-0.6,-1.5
-0.6,-0.6,-1.5
-0.6,-0.6,-1.5
-0.6,-0.6,-1.5
-0.6,-0.6,-1.5
-0.6,-0.6,-1.5
-0.6,-0.6,-1.5
-0.6,-0.6,-1.5
-0.6,-0.6,-1.5
-0.6,-0.6,-1.5
-0.6,-0.6,-1.5
-0.6,-0.6,-1.5
-0.6,-0.6,-1.5
-0.6,-0.6,-1.5
-0.6,-0.6,-1.5
-0.6,-0.6,-1.5
-0.6,-0.6,-1.5
-0.6,-0.6,-1.5
-0.6,-0.6,-1.5
-0.6,-0.6,-1.5
-0.6,-0.6,-1.5
-0.6,-0.6,-1.5
-0.6,-0.6,-1.5
-0.6,-0.6,-1.5
-0.6,-0.6,-1.5
-0.6,-0.6,-1.5
-0.6,-0.6,-1.5
-0.6,-0.6,-1.5
-0.6,-0.6,-1.5
-0.6,-0.6,-1.5
-0.6,-0.6,-1.5
-0.6,-0.6,-1.5
-0.6,-0.6,-1.5
-0.6,-0.6,-1.5
-0.6,-0.6,-1.5
-0.6,-0.6,-1.5
-0.6,-0.6,-1.5
-0.6,-0.6,-1.5
-0.6,-0.6,-1.5
-0.6,-0.6,-1.5
-0.6,-0.6,-1.5
-0.6,-0.6,-1.5
-0.6,-0.6,-1.5
-0.6,-0.6,-1.5
-0.6,-0.6,-1.5
-0.6,-0.6,-1.5
-0.6,-0.6,-1.5
-0.6,-0.6,-1.5
-0.6,-0.6,-1.5
-0.6,-0.6,-1.5
-0.6,-0.6,-1.5
-0.6,-0.6,-1.5
-0.6,-0.6,-1.5
-0.6,-0.6,-1.5
-0.6,-0.6,-1.5
-0.6,-0.6,-1.5
-0.6,-0.6,-1.5
-0.6,-0.6,-1.5
-0.6,-0.6,-1.5
-0.6,-0.6,-1.5
-0.6,-0.6,-1.5
-0.6,-0.6,-1.5
-0.6,-0.6,-1.5
-0.6,-0.6,-1.5
-0.6,-0.6,-1.5
-0.6,-0.6,-1.5
-0.6,-0.6,-1.5
-0.6,-0.6,-1.5
-0.6,-0.6,-1.5
-0.6,-0.6,-1.5
-0.6,-0.6,-1.5
-0.6,-0.6,-1.5
-0.6,-0.6,-1.5
-0.6,-0.6,-1.5
-0.6,-0.6,-1.5
-0.6,-0.6,-1.5
-0.6,-0.6,-1.5
-0.6,-0.6,-1.5
-0.6,-0.6,-1.5
-0.6,-0.6,-1.5
-0.6,-0.6,-1.5
-0.6,-0.6,-1.5
-0.6,-0.6,-1.5
-0.6,-0.6,-1.5
-0.6,-0.6,-1.5
-0.6,-0.6,-1.5
-0.6,-0.6,-1.5
-0.6,-0.6,-1.5
-0.6,-0.6,-1.5
-0.6,-0.6,-1.5
-0.6,-0.6,-1.5
-0.6,-0.6,-1.5
-0.6,-0.6,-1.5
-0.6,-0.6,-1.5
-0.6,-0.6,-1.5
-0.6,-0.6,-1.5
-0.6,-0.6,-1.5
-0.6,-0.6,-1.5
-0.6,-0.6,-1.5
-0.6,-0.6,-1.5
-0.6,-0.6,-1.5
-0.6,-0.6,-1.5
-0.6,-0.6,-1.5
-0.6,-0.6,-1.5
-0.6,-0.6,-1.5
-0.6,-0.6,-1.5
-0.6,-0.6,-1.5
-0.6,-0.6,-1.5
-0.6,-0.6,-1.5
-0.6,-0.6,-1.5
-0.6,-0.6,-1.5
-0.6,-0.6,-1.5
-0.6,-0.6,-1.5
-0.6,-0.6,-1.5
-0.6,-0.6,-1.5
-0.6,-0.6,-1.5
-0.6,-0.6,-1.5
-0.6,-0.6,-1.5
-0.6,-0.6,-1.5
-0.6,-0.6,-1.5
-0.6,-0.6,-1.5
-0.6,-0.6,-1.5
-0.6,-0.6,-1.5
-0.6,-0.6,-1.5
-0.6,-0.6,-1.5
-0.6,-0.6,-1.5
-0.6,-0.6,-1.5
-0.6,-0.6,-1.5
-0.6,-0.6,-1.5
-0.6,-0.6,-1.5
-0.6,-0.6,-1.5
-0.6,-0.6,-1.5
-0.6,-0.6,-1.5
-0.6,-0.6,-1.5
-0.6,-0.6,-1.5
-0.6,-0.6,-1.5
-0.6,-0.6,-1.5
-0.6,-0.6,-1.5
-0.6,-0.6,-1.5
-0.6,-0.6,-1.5
-0.6,-0.6,-1.5
-0.6,-0.6,-1.5
-0.6,-0.6,-1.5
-0.6,-0.6,-1.5
-0.6,-0.6,-1.5
-0.6,-0.6,-1.5
-0.6,-0.6,-1.5
-0.6,-0.6,-1.5
-0.6,-0.6,-1.5
-0.6,-0.6,-1.5
-0.6,-0.6,-1.5
-0.6,-0.6,-1.5
-0.6,-0.6,-1.5
-0.6,-0.6,-1.5
-0.6,-0.6,-1.5
-0.6,-0.6,-1.5
-0.6,-0.6,-1.5
-0.6,-0.6,-1.5
-0.6,-0.6,-1.5
-0.6,-0.6,-1.5
-0.6,-0.6,-1.5
-0.6,-0.6,-1.5
-0.6,-0.6,-1.5
-0.6,-0.6,-1.5
-0.6,-0.6,-1.5
-0.6,-0.6,-1.5
-0.6,-0.6,-1.5
-0.6,-0.6,-1.5
-0.6,-0.6,-1.5
-0.6,-0.6,-1.5
-0.6,-0.6,-1.5
-0.6,-0.6,-1.5
-0.6,-0.6,-1.5
-0.6,-0.6,-1.5
-0.6,-0.6,-1.5
-0.6,-0.6,-1.5
-0.6,-0.6,-1.5
-0.6,-0.6,-1.5
-0.6,-0.6,-1.5
-0.6,-0.6,-1.5
-0.6,-0.6,-1.5
-0.6,-0.6,-1.5
-0.6,-0.6,-1.5
-0.6,-0.6,-1.5
-0.6,-0.6,-1.5
-0.6,-0.6,-1.5
-0.6,-0.6,-1.5
-0.6,-0.6,-1.5
-0.6,-0.6,-1.5
-0.6,-0.6,-1.5
-0.6,-0.6,-1.5
-0.6,-0.6,-1.5
-0.6,-0.6,-1.5
-0.6,-0.6,-1.5
-0.6,-0.6,-1.5
-0.6,-0.6,-1.5
-0.6,-0.6,-1.5
-0.6,-0.6,-1.5
-0.6,-0.6,-1.5
-0.6,-0.6,-1.5
-0.6,-0.6,-1.5
-0.6,-0.6,-1.5
-0.6,-0.6,-1.5
-0.6,-0.6,-1.5
-0.6,-0.6,-1.5
-0.6,-0.6,-1.5
-0.6,-0.6,-1.5
-0.6,-0.6,-1.5
-0.6,-0.6,-1.5
-0.6,-0.6,-1.5
-0.6,-0.6,-1.5
-0.6,-0.6,-1.5
-0.6,-0.6,-1.5
-0.6,-0.6,-1.5
-0.6,-0.6,-1.5
-0.6,-0.6,-1.5
-0.6,-0.6,-1.5
-0.6,-0.6,-1.5
-0.6,-0.6,-1.5
-0.6,-0.6,-1.5
-0.6,-0.6,-1.5
-0.6,-0.6,-1.5
-0.6,-0.6,-1.5
-0.6,-0.6,-1.5
-0.6,-0.6,-1.5
-0.6,-0.6,-1.5
-0.6,-0.6,-1.5
-0.6,-0.6,-1.5
-0.6,-0.6,-1.5
-0.6,-0.6,-1.5
-0.6,-0.6,-1.5
-0.6,-0.6,-1.5
-0.6,-0.6,-1.5
-0.6,-0.6,-1.5
-0.6,-0.6,-1.5
-0.6,-0.6,-1.5
-0.6,-0.6,-1.5
-0.6,-0.6,-1.5
-0.6,-0.6,-1.5
-0.6,-0.6,-1.5
-0.6,-0.6,-1.5
-0.6,-0.6,-1.5
-0.6,-0.6,-1.5
-0.6,-0.6,-1.5
-0.6,-0.6,-1.5
-0.6,-0.6,-1.5
-0.6,-0.6,-1.5
-0.6,-0.6,-1.5
-0.6,-0.6,-1.5
-0.6,-0.6,-1.5
-0.6,-0.6,-1.5
-0.6,-0.6,-1.5
-0.6,-0.6,-1.5
-0.6,-0.6,-1.5
-0.6,-0.6,-1.5
-0.6,-0.6,-1.5
-0.6,-0.6,-1.5
-0.6,-0.6,-1.5
-0.6,-0.6,-1.5
-0.6,-0.6,-1.5
-0.6,-0.6,-1.5
-0.6,-0.6,-1.5
-0.6,-0.6,-1.5
-0.6,-0.6,-1.5
-0.6,-0.6,-1.5
-0.6,-0.6,-1.5
-0.6,-0.6,-1.5
