x,y,z
-0.121011,-0.447088,0.578141
0.0341372,-0.465883,0.577812
0.186064,-0.428641,0.577838
-0.253745,-0.364406,0.577965
-0.0653578,-0.301767,0.578737
0.313191,-0.337982,0.577775
-0.299945,-0.211114,0.576279
0.10724,-0.293429,0.578165
0.238346,-0.202397,0.578079
0.395745,-0.20618,0.577643
-0.42953,-0.102036,0.577546
-0.152927,-0.156793,0.577446
0.00398927,-0.158718,0.577358
-0.293057,-0.0293377,0.577379
-0.135632,-0.00206019,0.577437
0.141408,-0.0809255,0.577623
0.434682,-0.0555524,0.577536
-0.41249,0.0906948,0.577613
0.105931,0.0700115,0.577786
-0.237793,0.115962,0.577619
-0.0405987,0.12167,0.577936
0.412689,0.0984796,0.577698
-0.343403,0.230978,0.57703
0.338425,0.235658,0.577487
-0.227031,0.334931,0.576146
-0.081404,0.389155,0.576883
0.0740156,0.391026,0.577009
0.220996,0.339371,0.577066
0.0195128,-0.0313947,0.665169
0.287197,-0.048241,0.627082
0.257869,0.100343,0.579703
-0.142779,0.221751,0.638774
0.00977506,0.258994,0.634537
0.157467,0.205169,0.636251
-0.193173,-0.418316,0.716773
-0.0448393,-0.47021,0.712198
0.11073,-0.457433,0.713174
-0.322235,-0.329182,0.73358
0.0242374,-0.340986,0.767755
0.252257,-0.391075,0.713523
-0.403016,-0.204009,0.691718
-0.194087,-0.263935,0.681646
-0.0483838,-0.219618,0.709828
0.16706,-0.278952,0.774555
0.361974,-0.277705,0.712516
-0.27049,-0.123631,0.698434
0.0965882,-0.161748,0.702874
0.267632,-0.156132,0.739847
0.424119,-0.135243,0.712904
-0.428458,-0.0057576,0.699898
-0.121196,-0.0827089,0.710089
-0.254644,0.0283696,0.718162
-0.105984,0.0718548,0.710455
0.16763,0.00845166,0.710755
0.419777,0.0196672,0.712264
-0.352568,0.14785,0.708046
-0.211713,0.169332,0.769201
0.042216,0.116752,0.71037
0.234272,0.145378,0.759446
0.381741,0.169941,0.711931
-0.289285,0.289993,0.709423
-0.0699081,0.252387,0.770941
0.285035,0.292016,0.711313
-0.155757,0.369022,0.710272
0.150962,0.371571,0.710711
-0.00266781,0.396202,0.711027
-0.123433,-0.454544,0.851652
0.0314107,-0.47105,0.850051
0.183548,-0.430716,0.847672
-0.2625,-0.382743,0.866135
-0.125832,-0.305096,0.814268
0.311525,-0.33892,0.847265
-0.240855,-0.201267,0.826837
0.0506311,-0.203588,0.845094
0.399621,-0.210103,0.847593
-0.428184,-0.111804,0.813506
-0.0960561,-0.155867,0.843951
-0.157549,-0.00380436,0.838549
-0.0037312,-0.033802,0.818709
0.14799,-0.0812473,0.837028
0.292715,-0.0121844,0.801353
0.434238,-0.0575469,0.847259
-0.418278,0.0797288,0.830307
0.116214,0.0744928,0.842063
0.412583,0.0969859,0.846787
-0.0390666,0.116686,0.843147
-0.344081,0.230023,0.840557
0.0858261,0.248909,0.77786
0.338729,0.234444,0.845997
-0.226179,0.333989,0.843461
-0.0806398,0.389793,0.844539
0.0753089,0.390604,0.844897
0.22197,0.337795,0.845286
-0.0182756,-0.336075,0.920041
0.133946,-0.306788,0.924092
-0.372028,-0.263293,0.873441
-0.172287,-0.256885,0.954168
0.244627,-0.204162,0.886405
-0.423119,-0.141734,0.964824
-0.297051,-0.0597111,0.877892
-0.149048,-0.0841497,0.971509
-0.432111,0.0135505,0.968372
-0.270475,0.0937174,0.892696
-0.112214,0.0671709,0.971285
0.259991,0.0975109,0.906689
-0.149624,0.211173,0.904915
0.00171635,0.256143,0.907646
0.151725,0.212072,0.912428
-0.190373,-0.418897,0.999493
-0.0439458,-0.471056,0.987466
0.110953,-0.45732,0.983578
-0.308583,-0.310575,1.0098
0.0566035,-0.33238,1.05559
0.251948,-0.389997,0.981522
0.207729,-0.251594,1.04833
0.360074,-0.277669,0.982189
-0.276121,-0.15791,1.01402
-0.031264,-0.19391,0.978346
0.118202,-0.149097,0.974135
0.272018,-0.115519,1.01082
0.424333,-0.13503,0.982113
0.00373917,-0.0423205,0.973313
-0.286655,0.00944134,1.02302
0.153537,0.0025078,0.975831
0.288548,0.0345043,1.04727
0.430159,0.0210011,0.981844
-0.386242,0.161562,0.972335
-0.226976,0.154854,1.03054
0.0417252,0.11107,0.97549
0.212074,0.17033,1.04863
0.381252,0.169023,0.98106
-0.292014,0.286716,0.975501
-0.0805298,0.246507,1.03906
0.0754142,0.249035,1.04307
0.285521,0.292239,0.979901
-0.157147,0.368279,0.977462
0.150927,0.371427,0.979265
-0.00323611,0.395127,0.978645
-0.11781,-0.456031,1.13254
0.0367253,-0.471465,1.12055
0.186886,-0.428603,1.11679
-0.259954,-0.387041,1.13712
-0.107215,-0.308608,1.08429
0.314024,-0.337854,1.11857
-0.396743,-0.217142,1.09726
-0.238705,-0.229543,1.14567
0.400732,-0.208199,1.11748
-0.110751,-0.15329,1.10604
0.0517473,-0.18814,1.10935
-0.428247,-0.065883,1.10045
-0.28148,-0.0800826,1.1507
-0.153507,-0.00339114,1.10402
-0.0010133,-0.0442098,1.12822
0.16055,-0.0766125,1.11219
0.434933,-0.0558831,1.11689
-0.416862,0.0884633,1.10441
-0.27207,0.0796734,1.16006
0.108379,0.0705578,1.11001
-0.0437267,0.10883,1.10599
0.412516,0.0980422,1.11631
-0.345787,0.227461,1.10749
-0.159204,0.199382,1.16532
0.338327,0.23518,1.11496
-0.227829,0.330126,1.10999
-0.0822469,0.388991,1.11163
0.0741613,0.390825,1.11291
0.221321,0.338415,1.11361
0.117832,-0.456174,1.25301
-0.00629282,-0.342541,1.19623
0.140881,-0.295207,1.18209
0.257276,-0.387029,1.25414
-0.355111,-0.291811,1.22672
-0.0358148,-0.195995,1.23669
0.364464,-0.274708,1.25352
-0.423886,-0.145624,1.23323
0.117662,-0.146951,1.24449
0.255511,-0.189519,1.1828
0.42583,-0.131922,1.25138
-0.153753,-0.0845457,1.23892
0.295663,-0.0389725,1.18482
-0.432329,0.00979064,1.23692
-0.116393,0.0673994,1.23745
0.151496,0.00502902,1.24493
0.430188,0.0231025,1.25175
-0.386404,0.158242,1.23987
0.0338622,0.113537,1.24156
0.252335,0.110871,1.18634
0.380538,0.170712,1.2504
-0.293936,0.284135,1.24229
-0.0102027,0.252689,1.17698
0.142328,0.22107,1.17899
-0.159969,0.36795,1.24379
0.148375,0.370895,1.24747
0.284114,0.293708,1.24852
-0.00566477,0.396296,1.24612
-0.186407,-0.429808,1.2693
-0.0362229,-0.47228,1.27051
-0.297245,-0.355262,1.35369
0.0644441,-0.33537,1.33389
-0.163905,-0.276301,1.27309
0.20237,-0.253334,1.32137
-0.278624,-0.16293,1.28248
0.287795,-0.120271,1.31887
-0.288398,-0.00572512,1.2899
-0.00560977,-0.032425,1.28257
0.283002,0.0387041,1.3215
-0.23514,0.149772,1.2956
0.200524,0.180762,1.31567
-0.0976428,0.239164,1.30519
0.0614327,0.251039,1.31555
-0.110938,-0.456958,1.40603
0.0437132,-0.47109,1.4033
0.191545,-0.42699,1.38959
-0.073531,-0.303098,1.40271
0.145544,-0.296447,1.46067
0.316905,-0.335304,1.38892
-0.393142,-0.223937,1.36497
-0.225048,-0.232572,1.40988
0.401583,-0.205805,1.38845
-0.0955057,-0.152654,1.37215
0.0557629,-0.189883,1.38018
0.259719,-0.191358,1.45565
-0.433217,-0.0712071,1.36954
-0.281207,-0.0869307,1.42259
-0.151747,-0.00746821,1.37367
-0.00317784,-0.0256615,1.43674
0.154673,-0.0719551,1.38076
0.290095,-0.0387867,1.4564
0.434542,-0.0536711,1.38751
-0.417279,0.0847491,1.37244
-0.27304,0.0724784,1.42722
0.10483,0.0747171,1.37716
-0.176066,0.193769,1.43278
-0.048452,0.10923,1.37351
0.243207,0.123952,1.45191
0.411523,0.100742,1.3858
-0.347709,0.225376,1.37483
-0.0223159,0.251243,1.44868
0.336706,0.23771,1.38417
-0.230665,0.330357,1.37667
-0.0854923,0.38811,1.37896
0.21715,0.33752,1.3821
0.0708674,0.392216,1.38105
-0.234302,-0.405057,1.48453
-0.0299228,-0.456431,1.53924
0.128271,-0.452357,1.53293
0.266874,-0.380384,1.52803
-0.341575,-0.291657,1.49408
-0.153439,-0.28569,1.53821
-0.0276831,-0.19919,1.51104
-0.412833,-0.151938,1.5008
-0.262801,-0.170844,1.55295
0.121267,-0.144446,1.51422
0.426484,-0.130249,1.52314
-0.289189,-0.011431,1.55924
-0.138562,-0.0880424,1.50617
-0.433286,0.00481102,1.50454
-0.117651,0.0668684,1.50669
0.149231,0.0106419,1.51255
0.429754,0.0258029,1.52176
-0.387697,0.156029,1.50701
0.0309978,0.11496,1.50806
0.378949,0.173761,1.51957
-0.295014,0.28316,1.50936
0.148453,0.215192,1.53686
-0.162649,0.366942,1.51172
0.145538,0.37282,1.51577
0.281049,0.295897,1.5174
-0.00887196,0.393567,1.51406
-0.160697,-0.431101,1.61915
-0.296848,-0.357754,1.62612
0.0481766,-0.327252,1.57788
-0.384916,-0.225073,1.6345
0.203679,-0.249147,1.59683
0.3678,-0.268923,1.56915
-0.102439,-0.155443,1.64074
0.04982,-0.187099,1.6454
0.287674,-0.11785,1.59073
-0.427378,-0.0756062,1.63639
-0.153979,-0.00916681,1.63885
-0.00231098,-0.027318,1.59062
0.151233,-0.0682653,1.64688
0.434442,-0.0496565,1.65817
-0.418731,0.082377,1.63903
0.101372,0.081117,1.64298
0.282988,0.0539534,1.58272
-0.243228,0.141499,1.56332
-0.0517184,0.109523,1.6444
0.410563,0.104954,1.65528
-0.348122,0.225437,1.6426
-0.115836,0.231096,1.57157
0.334004,0.241358,1.65263
-0.232863,0.330471,1.64461
-0.0876678,0.387728,1.647
0.215904,0.342625,1.65111
0.0683659,0.39248,1.64925
-0.0801846,-0.461078,1.74818
0.05477,-0.455991,1.67056
0.206384,-0.420573,1.66504
-0.075613,-0.306097,1.67115
0.322177,-0.327193,1.70906
-0.222513,-0.239495,1.68766
0.137935,-0.28699,1.73591
0.251278,-0.181183,1.72778
0.405257,-0.195475,1.70519
-0.280203,-0.0957393,1.69053
-0.00127304,-0.0337167,1.74563
0.28536,-0.0224405,1.7173
-0.2789,0.0590898,1.70037
-0.189837,0.189424,1.70162
0.232119,0.136588,1.7047
-0.0446204,0.251032,1.70915
0.109773,0.233495,1.68704
-0.231325,-0.406762,1.75881
0.138993,-0.4505,1.80158
-0.347911,-0.297318,1.76621
0.00638717,-0.341491,1.79733
0.267091,-0.379333,1.85064
-0.148143,-0.289875,1.81535
0.352677,-0.251033,1.84122
-0.403091,-0.150815,1.77039
-0.260947,-0.18244,1.82924
-0.0345057,-0.193588,1.77525
0.110908,-0.137157,1.77999
0.429371,-0.116861,1.8385
-0.292992,-0.0279839,1.82993
-0.147685,-0.0874937,1.77337
0.278489,-0.0960946,1.85306
-0.433574,0.00272263,1.77108
-0.119893,0.0673045,1.77643
0.146536,0.0155549,1.77802
0.269451,0.0844689,1.84489
0.413038,0.0289016,1.79084
-0.390116,0.155623,1.77341
-0.251238,0.123393,1.83871
0.0286411,0.118325,1.77764
0.377715,0.179451,1.78802
-0.296167,0.281871,1.77746
-0.132952,0.226248,1.8415
0.020287,0.258079,1.85067
0.163808,0.198679,1.83157
-0.163777,0.366349,1.77994
0.143222,0.375125,1.78497
0.276932,0.296525,1.78695
-0.0109943,0.396986,1.78271
-0.150838,-0.444257,1.88622
0.00564415,-0.472697,1.87738
-0.292228,-0.361804,1.89526
-0.0497694,-0.332985,1.94301
0.107336,-0.348351,1.91459
-0.390951,-0.231376,1.90223
0.0486337,-0.199105,1.90764
0.197697,-0.228442,1.87304
-0.105197,-0.154002,1.90811
-0.42683,-0.0759647,1.90437
-0.158044,-0.0074966,1.90677
-0.00505343,-0.0358087,1.90126
0.14344,-0.0736119,1.92313
-0.419441,0.0806972,1.90466
0.0998781,0.0807109,1.91179
-0.0526243,0.112161,1.91032
0.407968,0.101015,1.92838
-0.349226,0.222066,1.91007
0.331984,0.240229,1.9238
-0.23435,0.328169,1.91289
-0.0901064,0.387843,1.91607
0.214344,0.343173,1.92123
0.0659706,0.392209,1.91855
-0.223844,-0.411031,2.02591
-0.0779204,-0.464516,2.0215
0.0777271,-0.464157,2.01454
0.22324,-0.412248,1.99711
-0.33691,-0.297969,2.03131
0.337107,-0.308082,1.98557
-0.192618,-0.268137,1.96305
0.171373,-0.273403,2.03378
-0.40745,-0.155796,2.0368
-0.27765,-0.107011,1.96367
-0.0264898,-0.18704,2.04268
0.258768,-0.150499,1.99603
0.412378,-0.171899,1.98327
-0.143536,-0.0833322,2.04143
0.432711,-0.0112115,2.03486
-0.425826,0.0017442,2.03864
-0.285658,0.0500603,1.97288
-0.117993,0.0701515,2.04568
0.15085,0.0206898,2.04686
0.288498,0.00198473,1.9726
-0.391378,0.154303,2.04311
-0.200677,0.181256,1.97455
0.0301431,0.122508,2.0452
0.223849,0.143405,1.98204
-0.297887,0.280244,2.046
-0.0608413,0.249808,1.9835
0.104848,0.243268,1.98036
-0.166545,0.363981,2.04908
0.157033,-0.43149,2.14378
-0.115635,-0.305828,2.09164
0.0374231,-0.332126,2.08787
0.293956,-0.359233,2.12715
-0.234584,-0.199132,2.09544
0.384981,-0.232345,2.12436
0.118269,-0.132699,2.06501
-0.285525,-0.0356257,2.10189
0.00210079,-0.0303917,2.05993
0.298781,-0.056714,2.1134
0.26529,0.0944241,2.1228
-0.253112,0.116822,2.10912
0.378558,0.17771,2.06028
-0.137648,0.220428,2.11614
0.0133047,0.259847,2.12023
0.161279,0.210688,2.12192
0.140797,0.376097,2.05423
0.277478,0.298723,2.05708
-0.0142466,0.397839,2.05181
-0.150351,-0.442988,2.15961
0.00344787,-0.469424,2.15345
-0.287678,-0.366475,2.16057
-0.0432878,-0.338209,2.22492
-0.370462,-0.228568,2.16921
-0.185534,-0.274811,2.22822
0.0420526,-0.206121,2.18071
0.184428,-0.266775,2.18805
-0.265036,-0.124239,2.22767
-0.104817,-0.155364,2.17277
0.290538,-0.158584,2.22671
-0.419622,-0.0794697,2.17127
-0.152333,-0.00642302,2.17736
0.00569021,-0.0413322,2.21517
0.162885,-0.0660695,2.19768
0.431914,-0.0938956,2.18218
-0.420079,0.0768428,2.17425
-0.287911,0.0332496,2.24149
0.105011,0.0784358,2.18419
0.419746,0.0658344,2.16917
-0.0475282,0.110248,2.18229
-0.350192,0.21896,2.17878
0.330594,0.244165,2.19242
-0.237727,0.32656,2.18254
-0.093989,0.387479,2.18492
0.210984,0.345135,2.1901
0.0622566,0.39339,2.18748
-0.208779,-0.410587,2.30263
-0.062105,-0.468281,2.31349
0.0905473,-0.462405,2.28161
0.237817,-0.399994,2.27276
-0.339036,-0.31132,2.29745
0.0877523,-0.308818,2.30299
0.352453,-0.294381,2.26444
-0.0402367,-0.215597,2.3209
0.223002,-0.24156,2.33686
-0.39594,-0.156327,2.30522
0.100419,-0.147851,2.31521
0.416358,-0.162404,2.321
-0.426206,-0.00374133,2.30664
-0.136511,-0.0924649,2.31037
0.42883,-0.00296144,2.30893
-0.1172,0.0634024,2.31694
0.1461,0.00763444,2.33841
0.283755,0.0148373,2.25351
-0.393543,0.149074,2.30993
-0.20719,0.171461,2.24724
0.0305543,0.114565,2.32059
0.218872,0.157304,2.25762
0.386886,0.148168,2.3007
-0.301956,0.275676,2.31604
-0.0675499,0.248707,2.25241
0.0889711,0.24389,2.25589
-0.170238,0.361673,2.31813
0.137032,0.377028,2.32313
0.273698,0.3011,2.32599
-0.0181778,0.397409,2.32054
0.171901,-0.43667,2.4107
-0.273814,-0.354664,2.43356
-0.123861,-0.321188,2.4016
0.0186725,-0.387956,2.41796
0.301755,-0.352029,2.40993
-0.379973,-0.236094,2.43776
-0.239639,-0.206251,2.35624
-0.433159,-0.0844482,2.43858
-0.291552,-0.0530718,2.3701
-0.00410889,-0.030742,2.37041
0.298381,-0.074007,2.3781
-0.42182,0.0734197,2.44118
0.270151,0.0912368,2.38846
0.417379,0.0811865,2.43981
-0.257588,0.101287,2.37821
-0.147813,0.221342,2.38243
0.00982315,0.257087,2.39139
0.160628,0.214774,2.39086
0.350081,0.222009,2.43646
-0.0557395,-0.469834,2.52705
-0.0314373,-0.299924,2.53571
0.135588,-0.294311,2.45772
0.344485,-0.209642,2.45024
-0.267781,-0.140225,2.49724
-0.121621,-0.168489,2.4487
0.0327213,-0.177442,2.45335
0.183877,-0.147203,2.45181
-0.157053,-0.0177298,2.4442
0.0230672,-0.0276495,2.52425
0.434269,-0.0780801,2.45134
-0.292498,0.0230877,2.50869
0.197222,0.00174497,2.49151
-0.222618,0.17528,2.51082
-0.0718583,0.110346,2.4611
0.0834523,0.105761,2.47067
0.223346,0.152569,2.52466
-0.065958,0.251127,2.52783
0.0900552,0.252428,2.52626
-0.241189,0.325754,2.45147
-0.0975146,0.386616,2.454
0.206554,0.34725,2.45871
0.0582253,0.394669,2.45635
-0.202827,-0.41647,2.55886
0.0990033,-0.460717,2.54647
0.243891,-0.396792,2.54736
-0.331134,-0.295823,2.57306
0.105081,-0.318469,2.60895
-0.179748,-0.262071,2.55804
0.239145,-0.229725,2.57051
0.404613,-0.199854,2.59726
-0.411945,-0.159333,2.57254
-0.109882,-0.10589,2.59344
0.0192207,-0.186346,2.63018
0.148751,-0.105051,2.59655
-0.434452,-0.0044338,2.57481
-0.255891,-0.0620395,2.63319
0.310205,-0.0902936,2.54241
-0.147404,0.0454521,2.58919
0.135653,0.0610163,2.62075
0.28867,0.0339962,2.63291
0.432569,0.0109782,2.57849
-0.37587,0.181761,2.54264
-0.281639,0.106874,2.63845
-0.00883595,0.114779,2.60299
0.387175,0.159621,2.57414
0.295286,0.285,2.56787
-0.283846,0.294199,2.59674
-0.148089,0.369859,2.60018
0.16204,0.36514,2.60734
0.00521083,0.39872,2.60265
0.0258235,-0.456553,2.68512
0.184211,-0.431239,2.68681
-0.257057,-0.354091,2.69748
-0.0712537,-0.30104,2.68756
0.329004,-0.322364,2.65535
-0.383827,-0.233322,2.70507
-0.214191,-0.198497,2.69588
0.200523,-0.265868,2.72126
0.274653,-0.13273,2.68719
-0.401277,-0.0793404,2.70685
0.01442,-0.0377681,2.67965
0.159849,-0.039646,2.73706
0.430613,-0.0672745,2.71323
-0.419255,0.0783883,2.70776
-0.0993971,0.0946413,2.72947
0.41388,0.0926668,2.71356
-0.351772,0.222686,2.71655
-0.159289,0.21544,2.64745
0.015286,0.256209,2.66308
0.166806,0.214767,2.65651
0.316084,0.214107,2.70221
-0.223029,0.336927,2.73284
-0.126137,-0.439035,2.74032
-0.337918,-0.31136,2.82943
-0.166976,-0.304611,2.81664
0.0629921,-0.327115,2.76599
0.303199,-0.350368,2.80652
0.395958,-0.213061,2.75434
-0.0655868,-0.185517,2.80361
0.0880332,-0.173103,2.77339
-0.277987,-0.010721,2.77778
-0.131538,-0.0576798,2.74044
-0.00451675,-0.0252155,2.83334
0.305129,-0.025481,2.79607
-0.237644,0.140447,2.78256
0.064118,0.130661,2.74011
0.222989,0.101565,2.75582
-0.115055,0.23632,2.79555
0.0418825,0.264048,2.82191
-0.0762912,0.391005,2.73735
0.0805556,0.389973,2.73864
0.223813,0.329855,2.75064
-0.115714,-0.432787,2.89604
0.0248189,-0.472686,2.8399
0.176659,-0.433757,2.84205
0.0307371,-0.343975,2.92464
0.166174,-0.280491,2.87804
0.376022,-0.257523,2.90784
-0.381613,-0.154548,2.84212
-0.226319,-0.160908,2.84571
0.0397536,-0.189469,2.92007
0.26876,-0.171095,2.83743
0.426836,-0.111781,2.87145
-0.420227,-0.00348657,2.84065
-0.285431,-0.0377718,2.93085
-0.108456,-0.0974225,2.92449
0.149307,-0.0839224,2.88597
-0.158746,0.0373266,2.8674
0.116054,0.0708187,2.87307
0.273117,0.0839229,2.90225
0.426938,0.0485133,2.86339
-0.393834,0.150394,2.84858
-0.196463,0.189477,2.92309
-0.0297073,0.125177,2.86523
0.369348,0.193431,2.84559
-0.301662,0.277784,2.85352
0.183537,0.211218,2.85813
-0.163756,0.366163,2.87335
0.147778,0.371581,2.88022
-0.0118653,0.398705,2.89031
-0.020458,-0.460289,3.01588
0.133164,-0.453317,2.98999
-0.245714,-0.360025,2.94377
0.132616,-0.294179,3.03084
0.268936,-0.371252,2.95735
-0.353573,-0.240704,2.96669
-0.105548,-0.257006,2.95469
0.253692,-0.206861,2.98835
-0.223756,-0.157353,3.01199
0.415633,-0.162808,3.02919
-0.420335,-0.0910658,2.98918
0.00839111,-0.0203848,2.98833
0.298478,-0.0635056,2.94721
0.434833,-0.00908265,3.0085
-0.420258,0.0673099,2.97822
-0.26845,0.0910408,3.01682
-0.0975922,0.0932281,3.00173
0.158232,0.0104983,3.00872
0.211598,0.172503,3.01482
0.398742,0.141706,2.98813
-0.357282,0.214185,2.98629
-0.0600312,0.259197,2.93925
0.0909093,0.260362,2.97322
0.291211,0.288572,2.94084
-0.24657,0.322162,2.99776
-0.105956,0.385982,3.01701
-0.1621,-0.413393,3.06108
0.229105,-0.391507,3.10638
-0.294864,-0.319783,3.08773
-0.0181049,-0.314847,3.07566
0.349908,-0.29823,3.07007
-0.156098,-0.254162,3.11407
-0.3641,-0.181754,3.11012
-0.0316732,-0.159439,3.05408
0.126225,-0.137452,3.04442
0.284535,-0.0991402,3.09879
-0.303605,-0.0397404,3.08685
-0.132394,-0.0410995,3.07243
0.297526,0.048482,3.0552
-0.399767,0.133829,3.11749
0.0549429,0.123139,3.0475
-0.314481,0.262626,3.12783
-0.179716,0.203618,3.07572
-0.0365993,0.260149,3.09246
0.331581,0.243097,3.08468
0.195148,0.352064,3.04487
0.0469292,0.397327,3.03996
-0.0604807,-0.460232,3.16746
0.093173,-0.461631,3.13938
-0.205343,-0.371969,3.20442
-0.0522329,-0.317753,3.22757
0.0978029,-0.310717,3.18456
0.322477,-0.329715,3.22009
0.226775,-0.236291,3.14038
0.404166,-0.201445,3.18502
-0.220642,-0.128887,3.18137
-0.0684403,-0.164147,3.20513
0.085162,-0.15515,3.19279
-0.435909,-0.0131159,3.16208
0.0681852,-0.0129831,3.13062
0.424502,-0.0494792,3.15919
-0.101316,0.0915035,3.15753
0.287916,0.0142694,3.20619
-0.257166,0.111554,3.1832
0.056252,0.124769,3.20434
0.230713,0.153435,3.16753
0.412163,0.104677,3.13954
-0.142001,0.229681,3.2232
0.114229,0.249368,3.13016
-0.19131,0.354602,3.14363
0.10645,0.385411,3.20864
0.247376,0.321266,3.18977
-0.0437103,0.397566,3.16682
-0.115736,-0.438005,3.31258
0.0399786,-0.458572,3.28508
0.188802,-0.419469,3.25638
-0.326701,-0.272961,3.23205
-0.17994,-0.239629,3.28023
0.202832,-0.262172,3.29128
-0.401165,-0.134787,3.25295
0.280676,-0.1344,3.25093
0.431077,-0.101893,3.30784
-0.0278876,-0.0209724,3.24945
0.146707,-0.0172555,3.26576
-0.349553,0.0287275,3.28466
-0.179341,0.0217088,3.28595
0.426915,0.0527835,3.28792
-0.375131,0.18119,3.26395
-0.0601454,0.120268,3.30598
0.2502,0.118049,3.31735
0.00724473,0.269232,3.24051
0.15451,0.236021,3.28284
0.357968,0.212052,3.23639
-0.275347,0.3012,3.27283
-0.140523,0.376382,3.28927
0.14617,-0.440238,3.40528
-0.261346,-0.351789,3.34903
-0.0847657,-0.303565,3.38448
0.0625798,-0.309276,3.33724
0.285212,-0.368252,3.3675
-0.354723,-0.221163,3.3756
0.381055,-0.24649,3.34064
-0.115781,-0.107526,3.34445
0.112923,-0.147019,3.34571
0.25661,-0.161094,3.40359
-0.407759,-0.0787509,3.40513
-0.27062,-0.0976687,3.33108
0.0154071,-0.015467,3.39767
0.306735,-0.0221123,3.35594
-0.232521,0.162249,3.32884
0.0977563,0.109422,3.3542
0.381966,0.170629,3.38625
-0.350661,0.21691,3.41666
-0.11188,0.249507,3.37446
0.042811,0.256559,3.39002
0.288053,0.291803,3.34849
-0.240698,0.326408,3.42299
0.154776,0.367627,3.36912
0.00778935,0.398383,3.32928
-0.164168,-0.414502,3.45864
-0.0127962,-0.452871,3.43078
-0.305973,-0.310103,3.49434
0.0325148,-0.314958,3.49125
0.349063,-0.297543,3.49248
-0.204708,-0.205091,3.43023
0.178102,-0.289664,3.44287
-0.0108668,-0.17615,3.43612
0.129321,-0.154414,3.5005
0.407873,-0.156005,3.4642
-0.268829,-0.083021,3.50375
0.168022,-0.0239126,3.42511
0.294137,-0.0621786,3.51771
0.434928,-0.000293029,3.44064
-0.422032,0.0762279,3.43309
-0.270495,0.0536007,3.43167
-0.12426,0.0158299,3.45714
0.120172,0.0935703,3.51451
0.272202,0.0834643,3.46609
-0.215689,0.186673,3.49131
-0.0189462,0.129386,3.45569
0.18576,0.210282,3.43391
0.319343,0.259501,3.49799
-0.0994829,0.38758,3.44328
0.195783,0.35117,3.51856
0.0507242,0.396179,3.48132
-0.0654707,-0.446209,3.57798
0.0891576,-0.446584,3.55091
0.239721,-0.402082,3.53448
-0.223118,-0.388366,3.60043
-0.240327,-0.206774,3.59099
-0.109187,-0.27473,3.54083
0.147885,-0.292705,3.59454
0.400465,-0.208212,3.61068
-0.389997,-0.176396,3.53552
-0.120736,-0.120669,3.53097
0.00874416,-0.177732,3.59467
0.239472,-0.169193,3.6177
-0.00151973,-0.0240352,3.55223
0.160238,-0.0348957,3.59309
0.435377,-0.0594495,3.58495
-0.397929,0.00668573,3.58006
-0.252267,0.0711764,3.58571
-0.0953008,0.0957031,3.58739
-0.388424,0.159918,3.55915
0.406317,0.122854,3.53323
-0.0763764,0.256771,3.52529
0.076795,0.251716,3.54086
0.211262,0.199382,3.59138
-0.188223,0.356579,3.56769
-0.0411475,0.39689,3.60784
0.0398965,-0.461808,3.6974
0.186448,-0.403733,3.6993
-0.00254203,-0.321891,3.64915
0.316299,-0.331818,3.65347
-0.364166,-0.223469,3.68408
-0.116916,-0.195014,3.68686
-0.431692,-0.0843812,3.70439
-0.235232,-0.0655444,3.6574
-0.0925827,-0.0154971,3.69622
0.0530243,-0.0719233,3.70038
0.329557,-0.061115,3.69839
0.0578682,0.0770818,3.65504
0.272338,0.0640365,3.63082
0.422137,0.0643132,3.67817
-0.400958,0.122926,3.7124
-0.305175,0.273871,3.62659
-0.154334,0.223786,3.65436
-0.00198148,0.258402,3.67498
0.355161,0.217494,3.64564
0.113724,0.360306,3.65056
0.252722,0.316705,3.70587
-0.107507,-0.409951,3.72508
-0.223215,-0.300966,3.72913
0.00813015,-0.315973,3.80707
0.0950197,-0.220707,3.71958
0.261739,-0.225502,3.76071
-0.25803,-0.158902,3.78211
-0.0510524,-0.115396,3.80855
0.415056,-0.17071,3.76352
-0.318766,-0.00118558,3.773
0.0608606,0.0674704,3.81636
0.196419,0.0121731,3.76217
-0.214827,0.105725,3.73402
-0.0607422,0.130212,3.74025
0.157244,0.165847,3.73447
0.304933,0.131912,3.76686
-0.32728,0.2447,3.77779
-0.0891321,0.278836,3.80303
-0.203906,0.349973,3.72815
0.00573644,0.398975,3.75631
-0.0447628,-0.452142,3.86567
0.109175,-0.445695,3.83972
-0.21914,-0.370457,3.86826
0.248965,-0.377542,3.84126
-0.344767,-0.287005,3.82632
-0.125841,-0.245562,3.85207
0.143256,-0.264315,3.86396
0.364892,-0.276889,3.87003
-0.174116,-0.106389,3.90364
0.136636,-0.114221,3.82534
-0.328185,-0.0653741,3.91235
0.289694,-0.0934817,3.8452
-0.14017,0.0386256,3.85997
0.422366,0.0102203,3.82344
-0.407158,0.104969,3.86771
-0.199781,0.190903,3.86946
-0.0429261,0.160226,3.89124
0.192117,0.122859,3.87994
0.394819,0.149401,3.89176
0.0636723,0.251951,3.82511
0.242402,0.268669,3.85386
-0.203962,0.348425,3.88372
0.101763,0.387122,3.89474
-0.0545054,0.396398,3.89961
-0.128869,-0.434069,3.9957
0.17203,-0.422768,3.98123
0.0498072,-0.31798,3.97744
0.305206,-0.34392,3.99755
-0.406363,-0.19666,3.93661
-0.104473,-0.269474,4.00342
0.257643,-0.201679,3.95103
0.0318749,-0.170628,3.92795
-0.00996728,-0.0210637,3.92482
0.158427,-0.0224122,3.94803
0.418828,-0.0907918,3.94076
-0.276046,0.080869,3.94995
0.304265,0.03148,3.93509
0.071604,0.102653,3.97681
-0.333913,0.23906,3.93311
-0.107073,0.278005,3.9839
0.0802933,0.260939,3.98175
0.337748,0.239075,4.00551
0.218245,0.341167,3.99062
0.0291119,-0.459943,4.03871
-0.289375,-0.312915,4.02344
-0.386511,-0.20885,4.09049
0.175124,-0.268013,4.06885
0.393645,-0.219329,4.02872
-0.235004,-0.158342,4.04275
-0.0656191,-0.122016,4.03928
0.206266,-0.112765,4.06563
-0.433649,-0.058029,4.02576
-0.176008,-0.0110279,4.02795
0.430534,-0.0896454,4.10923
-0.309861,0.0297565,4.09692
-0.0144992,0.0190664,4.07622
0.142701,0.0289598,4.09307
0.303551,0.00637594,4.09187
-0.398514,0.141522,4.03588
-0.249585,0.174582,4.08018
-0.109753,0.130409,4.02761
0.0298295,0.181724,4.10461
0.20411,0.162963,4.03173
0.414487,0.100327,4.03882
-0.246969,0.323057,4.0316
-0.121937,0.381812,4.10451
0.0254507,0.398704,4.03228
0.156786,-0.434279,4.13647
-0.314875,-0.323109,4.208
-0.192357,-0.390463,4.13736
-0.0362702,-0.389055,4.16689
0.308177,-0.345448,4.15329
-0.135905,-0.211445,4.15433
0.0143859,-0.252041,4.11689
0.160182,-0.196293,4.20737
0.06483,-0.104862,4.12519
0.309645,-0.189038,4.15546
-0.432904,-0.0780387,4.1829
-0.238303,-0.0777396,4.18848
-0.0775028,-0.0682804,4.19069
-0.420901,0.0771522,4.1945
-0.146784,0.070014,4.16598
0.236191,0.120708,4.17733
0.381316,0.176305,4.17009
-0.115784,0.227967,4.14974
0.136687,0.239885,4.20222
0.278803,0.290829,4.1396
-0.241583,0.326316,4.18708
0.00681601,0.322926,4.16755
0.147188,0.374376,4.12591
0.230412,-0.404653,4.27446
-0.164141,-0.347874,4.29317
0.0883127,-0.330668,4.24282
-0.239081,-0.202763,4.27997
-0.0307011,-0.232609,4.28449
0.278076,-0.244209,4.29605
0.0603412,-0.0992285,4.27983
0.416153,-0.168397,4.26623
0.271298,-0.0510352,4.23216
-0.266734,0.0700698,4.29193
0.0480153,0.0649437,4.21187
0.410154,0.0281203,4.21336
-0.323494,0.197349,4.21486
-0.000178179,0.205476,4.27139
-0.086034,0.390418,4.27356
0.0904651,0.380827,4.28493
0.237519,0.324656,4.29326
-0.0102462,-0.456109,4.3165
-0.30071,-0.302423,4.40356
0.160662,-0.196114,4.39432
0.390339,-0.232499,4.40441
-0.409278,-0.172249,4.30949
0.293178,-0.104678,4.39545
-0.426045,-0.0123946,4.32733
-0.14618,-0.0879122,4.32997
0.432903,-0.0326553,4.36014
0.012507,0.0260649,4.35846
0.162248,0.0229252,4.31585
0.337703,0.0952454,4.39838
-0.39269,0.150013,4.34449
-0.112881,0.108138,4.31264
0.206746,0.171622,4.32179
-0.181608,0.24775,4.30833
0.12335,0.281169,4.39893
0.352108,0.222436,4.31463
-0.031652,0.304228,4.39172
0.0120096,-0.452062,4.47155
-0.0602121,-0.307055,4.42545
0.110967,-0.347192,4.40603
0.26836,-0.343716,4.41242
-0.179587,-0.205782,4.42485
-0.0275103,-0.152018,4.42019
-0.280426,-0.0608037,4.41375
0.158276,-0.0501316,4.4548
-0.41718,0.0637355,4.47895
-0.147299,0.0259774,4.43746
-0.26788,0.12456,4.44708
0.0373343,0.128857,4.47363
0.19241,0.102854,4.45922
-0.304211,0.272526,4.41578
-0.133598,0.205517,4.45453
0.270764,0.263396,4.4402
-0.17526,0.362352,4.41502
-0.172573,-0.407011,4.52295
0.187382,-0.431787,4.51079
0.043422,-0.314998,4.54257
-0.269692,-0.242605,4.5464
0.193063,-0.266418,4.57808
0.345932,-0.277082,4.54601
-0.416775,-0.146032,4.54258
0.0798189,-0.15904,4.53447
0.412743,-0.104569,4.5037
-0.152222,-0.0978013,4.53035
0.00665136,-0.0250154,4.50337
0.299166,-0.000906995,4.51744
-0.235186,0.0535423,4.57981
0.163979,0.034679,4.59615
-0.0844418,0.097835,4.56181
0.366504,0.193434,4.54196
0.0369268,0.273207,4.53182
0.182497,0.211912,4.56765
0.16944,0.362185,4.53803
-0.0608469,0.395148,4.51472
0.114418,-0.434612,4.64381
-0.288594,-0.365164,4.67014
-0.0920215,-0.331809,4.63562
0.265049,-0.381323,4.6565
-0.382208,-0.235553,4.68905
-0.212386,-0.225877,4.68726
0.0613371,-0.217918,4.67728
-0.075859,-0.145368,4.65974
-0.299224,-0.0816408,4.62371
-0.148187,-0.00915586,4.69315
0.205471,-0.076539,4.69872
0.355865,-0.0971402,4.65148
-0.426469,0.0373267,4.63834
0.0161429,0.00718156,4.65376
0.372863,0.0604272,4.63807
0.0293756,0.163541,4.64144
-0.0998883,0.249341,4.60133
-0.18881,0.35655,4.6649
0.041468,0.397926,4.63039
0.100421,-0.385215,4.78972
0.219758,-0.221775,4.75139
0.380634,-0.24829,4.7318
-0.401311,-0.0933858,4.76244
-0.000766194,-0.0813629,4.78191
-0.276116,0.089784,4.72349
0.434564,0.0184115,4.77087
-0.071139,0.115077,4.74609
0.198025,0.139209,4.7077
-0.313268,0.249343,4.72393
0.11118,0.277396,4.7004
0.362267,0.201841,4.70018
-0.0481697,0.34225,4.74426
0.255875,0.317237,4.70164
-0.195842,-0.340208,4.80126
0.295749,-0.340412,4.868
0.0376328,-0.248934,4.82548
-0.146058,-0.142543,4.80815
0.227166,-0.0983381,4.85289
-0.138941,0.0308336,4.85692
0.0691862,0.0684205,4.82629
0.224463,0.0809364,4.85432
-0.397588,0.140067,4.81893
-0.218916,0.178892,4.84124
0.0529327,0.221839,4.83092
0.277615,0.232962,4.82726
-0.183227,0.327433,4.83019
0.0846261,0.381055,4.81707
-0.0335049,-0.406538,4.90128
-0.19124,-0.374788,4.95554
-0.0647701,-0.255757,4.94744
0.174473,-0.254257,4.92491
-0.407278,-0.165766,4.89972
-0.15119,-0.110326,4.96272
0.00855085,-0.109636,4.93994
0.403474,-0.171773,4.92731
0.159755,-0.00653964,4.9656
-0.297462,0.0263421,4.90535
0.424995,0.0150462,4.93276
-0.0733856,0.170908,4.90908
0.131669,0.161319,4.95261
-0.330254,0.254734,4.94598
0.324793,0.250938,4.97967
0.122987,0.379859,4.96518
-0.0702505,0.400724,4.92676
0.0922804,-0.415086,5.03117
-0.295781,-0.266351,5.03885
-0.435012,-0.150395,5.08622
-0.301389,-0.0767732,5.03489
-0.35755,0.0630731,5.07974
-0.196418,0.0529062,5.01985
-0.0442543,0.0120359,5.02611
0.363176,0.0259246,5.08348
-0.212855,0.273451,5.06917
-0.0166394,0.283076,5.01206
-0.0762226,-0.384683,5.09455
0.203629,-0.334472,5.1341
-0.136457,-0.234388,5.09717
0.357149,-0.27933,5.12131
-0.26804,-0.186407,5.17621
-0.0415715,-0.111238,5.12914
0.0983153,-0.18354,5.14553
0.199274,-0.0216536,5.12529
0.054021,0.109279,5.0996
-0.372128,0.218883,5.10647
-0.0604937,0.283172,5.17063
0.338256,0.265272,5.14449
0.000106555,0.410637,5.09728
-0.21417,-0.392993,5.194
0.0514582,-0.373123,5.20327
-0.0626677,-0.167325,5.27316
0.332815,-0.130844,5.19147
-0.419499,-0.00467737,5.21336
-0.168821,-0.0549576,5.20171
0.0586449,-0.0415027,5.27909
-0.0687589,0.0636321,5.19067
0.173435,0.0629121,5.27213
0.299496,0.146593,5.24946
0.158183,0.252407,5.24077
-0.18632,-0.440999,5.35585
0.171826,-0.402527,5.32074
0.385078,-0.298087,5.31008
-0.183123,-0.267149,5.31602
-0.403716,-0.157184,5.36196
0.468697,-0.134653,5.31078
-0.299891,-0.0242179,5.32454
-0.171744,0.0671001,5.3677
0.431331,0.0360444,5.29667
-0.441008,0.14152,5.29193
0.290599,0.2665,5.36865
0.424643,0.210159,5.32527
-0.233242,0.362286,5.30738
0.23051,0.412309,5.33643
0.387674,-0.401642,5.43414
-0.306127,-0.327055,5.4482
0.00175509,-0.279212,5.3959
0.349402,-0.11453,5.43674
-0.0272932,0.0213375,5.44153
0.183234,0.0198238,5.42092
0.343367,0.10464,5.44371
-0.0750509,0.361383,5.39718
0.0808174,0.442202,5.40217
-0.058362,0.497181,5.47361
-0.327419,-0.524372,5.57935
-0.0729698,-0.425097,5.51375
0.2556,-0.470238,5.57362
0.230505,-0.323675,5.49907
-0.145495,-0.240967,5.49095
0.567515,-0.15313,5.54992
0.0931312,-0.0252941,5.54295
0.386686,-0.0145139,5.55388
-0.545243,0.0217026,5.50355
-0.383326,0.0497429,5.49396
-0.288108,0.193662,5.50843
0.0619684,0.212232,5.56096
0.276414,0.204626,5.56477
-0.191432,0.329221,5.51317
-0.0499895,-0.644318,5.60675
0.158174,-0.597433,5.62305
-0.239847,-0.330947,5.66496
0.543546,-0.313602,5.5988
-0.331835,-0.200988,5.66268
0.373796,-0.272916,5.64042
-0.0880994,-0.0898395,5.66188
-0.343433,0.0125222,5.65909
-0.524059,0.2862,5.60931
-0.0542032,0.347369,5.67732
0.112621,0.32046,5.67991
0.265613,0.404738,5.59529
-0.198246,0.499752,5.64411
0.0422425,0.528142,5.66451
0.0199261,-0.492715,5.75086
-0.454516,-0.397667,5.69422
-0.178404,-0.468845,5.72358
0.124008,-0.330078,5.73119
0.508255,-0.373394,5.76156
-0.649175,-0.139595,5.69271
0.21488,-0.182169,5.74807
0.432202,-0.134499,5.68425
0.243109,-0.0220704,5.71082
-0.113608,0.0598295,5.68184
0.34301,0.51026,5.71557
0.0971592,-0.647114,5.87244
-0.44475,-0.508448,5.80158
-0.23009,-0.540012,5.85121
0.230077,-0.473526,5.77951
-0.252457,-0.384147,5.86205
-0.626035,-0.196973,5.83959
-0.19562,-0.163301,5.80256
-0.048369,-0.190528,5.80112
-0.512661,-0.035123,5.8241
0.409465,-0.0506558,5.82577
0.230583,0.102397,5.84446
0.726137,0.234324,5.85717
-0.535884,0.301865,5.79979
0.263433,0.387412,5.82994
0.0498263,0.470126,5.86185
0.161463,0.715293,5.84393
-0.260527,-0.82477,5.96597
-0.542107,-0.58422,5.92314
0.0722895,-0.453685,5.90265
0.725797,-0.331371,5.97295
-0.405942,-0.220043,5.92689
-0.610251,0.178972,5.92682
-0.2562,0.172149,5.97207
0.419774,0.119882,5.91097
0.620423,0.11223,5.91185
-0.406661,0.381096,5.93422
0.480316,0.392833,5.89075
-0.499745,0.533097,5.89776
-0.215594,0.494004,5.88753
0.36855,0.502974,5.90472
-0.382046,0.649009,5.88052
0.495529,0.632297,5.93785
0.288277,0.698087,5.95966
-0.181332,-0.632062,6.04666
0.513598,-0.553117,5.99814
-0.481727,-0.456203,6.0278
-0.320268,-0.434277,6.04703
-0.856884,-0.279753,6.00794
0.553223,-0.122501,6.00729
0.349734,-0.0497865,6.04905
-0.717179,0.189541,6.05593
0.09758,0.290871,5.97619
0.86027,0.214863,5.99544
-0.261753,0.423882,6.02107
0.0209562,0.424012,6.00853
-0.147635,0.600791,6.0385
0.00569125,0.726384,5.98713
-0.21266,-0.995687,6.0912
0.105635,-1.03856,6.12117
-0.396111,-0.821251,6.0841
0.00629568,-0.844668,6.11141
-0.566642,-0.640686,6.13282
0.349222,-0.611059,6.09804
-0.0972001,-0.473441,6.07299
0.00910793,-0.300791,6.08655
-0.259226,-0.15736,6.126
-0.0729731,-0.0198704,6.1113
0.557179,-0.0555643,6.15384
-0.464896,0.211861,6.15335
0.173117,0.549339,6.09711
0.375696,0.559485,6.08128
-0.757031,0.590419,6.09087
0.0864846,0.694262,6.16905
0.376735,0.913102,6.1576
0.534396,-0.820319,6.20132
0.0478109,-0.728395,6.2632
-0.68078,-0.668407,6.24668
0.3694,-0.620701,6.26073
1.06283,-0.485148,6.26366
0.254439,-0.301399,6.24703
0.989979,-0.295268,6.20525
0.699223,-0.24816,6.18359
-0.468868,-0.119835,6.21765
0.836346,-0.152493,6.26831
1.04247,-0.108901,6.25859
-0.267275,0.0794271,6.23963
-0.645776,0.167059,6.21707
0.202642,0.145747,6.18731
-0.304633,0.264284,6.20385
1.0653,0.21474,6.22677
-0.504135,0.413005,6.18627
0.723166,0.402925,6.18998
0.614763,0.753466,6.22367
0.238634,0.836491,6.17827
-0.411487,1.02047,6.23762
-0.234115,-1.0851,6.3062
0.349006,-1.01036,6.33098
-0.444402,-0.930651,6.27906
-0.0724448,-0.826484,6.3177
-0.405501,-0.667269,6.29091
0.672607,-0.662271,6.33944
-0.655666,-0.45333,6.27412
0.757954,-0.330492,6.29658
-0.378988,-0.256588,6.36621
1.21788,-0.185592,6.32895
-0.598995,0.146513,6.36632
-1.01189,0.613115,6.32342
0.305229,1.12303,6.35563
-0.20507,1.18635,6.33138
-0.29425,-1.18953,6.44932
-0.0178206,-1.2055,6.41752
-0.584814,-1.12571,6.42362
0.662744,-1.03356,6.40344
-0.185307,-0.899088,6.43134
0.155838,-0.765478,6.40077
-0.755304,-0.596619,6.45149
-1.08568,-0.410974,6.41024
0.859626,-0.406845,6.41026
0.986405,-0.194987,6.3922
-1.13445,0.200233,6.39435
-0.752767,0.885062,6.38777
0.973191,-0.95212,6.50172
1.00576,0.0254334,6.52257
0.986739,0.193386,6.55034
-0.811771,0.368862,6.48791
-0.536192,0.338328,6.512
0.25226,0.73699,6.50438
0.215957,1.04669,6.49069
0.786937,-1.29844,6.59304
-0.755262,-0.683735,6.61563
-1.08768,-0.0968812,6.5961
-0.749066,0.467247,6.62754
-0.293718,0.409886,6.57
1.08348,0.99167,6.63289
-0.594393,1.27502,6.59005
-0.568936,-1.12785,6.6805
0.211951,-0.935199,6.68053
-1.25773,-0.31976,6.67208
-1.5949,0.184706,6.75137
-1.20671,0.195004,6.68355
0.956261,0.257464,6.74116
-1.47406,0.486791,6.71169
-1.06677,0.437731,6.74779
1.32584,0.527253,6.66828
-0.701613,0.739667,6.66429
1.23707,0.830634,6.6706
-0.261093,1.43956,6.66922
1.32443,-0.80128,6.83109
-0.349106,-0.620645,6.77634
1.06504,-0.637565,6.81386
1.02673,-0.106943,6.81935
-0.270024,0.156235,6.76937
0.713469,0.398097,6.81109
-0.887334,0.680118,6.8103
-0.373428,0.588721,6.81924
0.0467451,-1.81393,6.88594
-1.60392,-0.917264,6.93007
-0.454801,-0.547279,6.89435
-0.730414,-0.472662,6.86029
-1.61687,-0.28791,6.89925
-1.43485,0.736593,6.87709
-0.729868,0.718909,6.8728
-1.4175,0.937198,6.86195
-0.469269,1.59243,6.89337
1.25326,-1.01124,6.98053
1.11309,-0.88599,7.00396
-0.456297,-0.870263,7.01102
-1.06014,-0.35378,6.95649
-0.90106,0.30018,7.03245
-1.61524,0.521352,6.9881
0.802707,-1.26914,7.0824
-0.795908,-0.887304,7.096
-1.56078,-0.246341,7.14638
-1.42295,0.941494,7.06003
-1.17368,0.935235,7.14865
-0.0518376,1.22058,7.07389
-0.881738,1.53505,7.14419
-0.190888,1.61566,7.14455
-0.327951,1.84633,7.08761
-0.114659,-1.88776,7.2263
-0.614994,-1.44964,7.17137
-1.12799,-0.917887,7.19255
0.019542,-0.902423,7.16707
0.674418,-0.369222,7.19276
-0.93351,0.610204,7.24061
1.78954,1.00073,7.22397
0.946289,1.66604,7.22817
-1.47437,-0.51891,7.32521
-1.53261,-1.11669,7.41575
0.132911,1.50318,7.42706
-0.0918387,-0.496996,7.50573
-1.18438,1.1265,7.46538
1.66006,0.602049,7.58505
-0.265299,1.94236,7.54858
-1.10119,-2.11012,7.64876
0.256241,-2.0401,7.67805
-0.681417,-0.892855,7.69781
0.80113,0.225204,7.69796
-0.820136,1.62563,7.69734
-0.779116,-1.23268,7.74092
0.83552,0.111233,7.818
0.132841,2.41902,7.78916
-1.09569,-1.76324,7.88722
-1.77415,-0.94177,7.91157
-0.0905271,1.75295,7.85857
1.67915,-1.97126,7.96308
1.07726,-1.03987,8.02986
2.0367,1.73024,8.04762
-1.88418,-1.51773,8.20368
-0.334219,-0.332989,8.16618
-2.14862,1.16705,8.30073
-2.50748,-0.838656,8.34686
-1.1975,0.242752,8.38879
-0.628558,-1.98241,8.52144
1.12544,-0.876977,8.45998
2.11794,-0.749608,8.51093
0.922034,1.54961,8.46098
0.894712,0.764699,8.54724
1.5789,1.10434,8.64045
-0.688718,0.599669,8.77899
-1.38511,-0.571291,8.85024
1.06583,-2.27809,9.19097
-1.70137,-0.86124,9.76219
-4.5,-4.5,-0.5
-4.5,-4.5,-0.5
-4.5,-4.5,-0.5
-4.5,-4.5,-0.5
-4.5,-4.5,-0.5
-4.5,-4.5,-0.5
-4.5,-4.5,-0.5
-4.5,-4.5,-0.5
-4.5,-4.5,-0.5
-4.5,-4.5,-0.5
-4.5,-4.5,-0.5
-4.5,-4.5,-0.5
-4.5,-4.5,-0.5
-4.5,-4.5,-0.5
-4.5,-4.5,-0.5
-4.5,-4.5,-0.5
-4.5,-4.5,-0.5
-4.5,-4.5,-0.5
-4.5,-4.5,-0.5
-4.5,-4.5,-0.5
-4.5,-4.5,-0.5
-4.5,-4.5,-0.5
-4.5,-4.5,-0.5
-4.5,-4.5,-0.5
-4.5,-4.5,-0.5
-4.5,-4.5,-0.5
-4.5,-4.5,-0.5
-4.5,-4.5,-0.5
-4.5,-4.5,-0.5
-4.5,-4.5,-0.5
-4.5,-4.5,-0.5
-4.5,-4.5,-0.5
-4.5,-4.5,-0.5
-4.5,-4.5,-0.5
-4.5,-4.5,-0.5
-4.5,-4.5,-0.5
-4.5,-4.5,-0.5
-4.5,-4.5,-0.5
-4.5,-4.5,-0.5
-4.5,-4.5,-0.5
-4.5,-4.5,-0.5
-4.5,-4.5,-0.5
-4.5,-4.5,-0.5
-4.5,-4.5,-0.5
-4.5,-4.5,-0.5
-4.5,-4.5,-0.5
-4.5,-4.5,-0.5
-4.5,-4.5,-0.5
-4.5,-4.5,-0.5
-4.5,-4.5,-0.5
-4.5,-4.5,-0.5
-4.5,-4.5,-0.5
-4.5,-4.5,-0.5
-4.5,-4.5,-0.5
-4.5,-4.5,-0.5
-4.5,-4.5,-0.5
-4.5,-4.5,-0.5
-4.5,-4.5,-0.5
-4.5,-4.5,-0.5
-4.5,-4.5,-0.5
-4.5,-4.5,-0.5
-4.5,-4.5,-0.5
-4.5,-4.5,-0.5
-4.5,-4.5,-0.5
-4.5,-4.5,-0.5
-4.5,-4.5,-0.5
-4.5,-4.5,-0.5
-4.5,-4.5,-0.5
-4.5,-4.5,-0.5
-4.5,-4.5,-0.5
-4.5,-4.5,-0.5
-4.5,-4.5,-0.5
-4.5,-4.5,-0.5
-4.5,-4.5,-0.5
-4.5,-4.5,-0.5
-4.5,-4.5,-0.5
-4.5,-4.5,-0.5
-4.5,-4.5,-0.5
-4.5,-4.5,-0.5
-4.5,-4.5,-0.5
-4.5,-4.5,-0.5
-4.5,-4.5,-0.5
-4.5,-4.5,-0.5
-4.5,-4.5,-0.5
-4.5,-4.5,-0.5
-4.5,-4.5,-0.5
-4.5,-4.5,-0.5
-4.5,-4.5,-0.5
-4.5,-4.5,-0.5
-4.5,-4.5,-0.5
-4.5,-4.5,-0.5
-4.5,-4.5,-0.5
-4.5,-4.5,-0.5
-4.5,-4.5,-0.5
-4.5,-4.5,-0.5
-4.5,-4.5,-0.5
-4.5,-4.5,-0.5
-4.5,-4.5,-0.5
-4.5,-4.5,-0.5
-4.5,-4.5,-0.5
-4.5,-4.5,-0.5
-4.5,-4.5,-0.5
-4.5,-4.5,-0.5
-4.5,-4.5,-0.5
-4.5,-4.5,-0.5
-4.5,-4.5,-0.5
-4.5,-4.5,-0.5
-4.5,-4.5,-0.5
-4.5,-4.5,-0.5
-4.5,-4.5,-0.5
-4.5,-4.5,-0.5
-4.5,-4.5,-0.5
-4.5,-4.5,-0.5
-4.5,-4.5,-0.5
-4.5,-4.5,-0.5
-4.5,-4.5,-0.5
-4.5,-4.5,-0.5
-4.5,-4.5,-0.5
-4.5,-4.5,-0.5
-4.5,-4.5,-0.5
-4.5,-4.5,-0.5
-4.5,-4.5,-0.5
-4.5,-4.5,-0.5
-4.5,-4.5,-0.5
-4.5,-4.5,-0.5
-4.5,-4.5,-0.5
-4.5,-4.5,-0.5
-4.5,-4.5,-0.5
-4.5,-4.5,-0.5
-4.5,-4.5,-0.5
-4.5,-4.5,-0.5
-4.5,-4.5,-0.5
-4.5,-4.5,-0.5
-4.5,-4.5,-0.5
-4.5,-4.5,-0.5
-4.5,-4.5,-0.5
-4.5,-4.5,-0.5
-4.5,-4.5,-0.5
-4.5,-4.5,-0.5
-4.5,-4.5,-0.5
-4.5,-4.5,-0.5
-4.5,-4.5,-0.5
-4.5,-4.5,-0.5
-4.5,-4.5,-0.5
-4.5,-4.5,-0.5
-4.5,-4.5,-0.5
-4.5,-4.5,-0.5
-4.5,-4.5,-0.5
-4.5,-4.5,-0.5
-4.5,-4.5,-0.5
-4.5,-4.5,-0.5
-4.5,-4.5,-0.5
-4.5,-4.5,-0.5
-4.5,-4.5,-0.5
-4.5,-4.5,-0.5
-4.5,-4.5,-0.5
-4.5,-4.5,-0.5
-4.5,-4.5,-0.5
-4.5,-4.5,-0.5
-4.5,-4.5,-0.5
-4.5,-4.5,-0.5
-4.5,-4.5,-0.5
-4.5,-4.5,-0.5
-4.5,-4.5,-0.5
-4.5,-4.5,-0.5
-4.5,-4.5,-0.5
-4.5,-4.5,-0.5
-4.5,-4.5,-0.5
-4.5,-4.5,-0.5
-4.5,-4.5,-0.5
-4.5,-4.5,-0.5
-4.5,-4.5,-0.5
-4.5,-4.5,-0.5
-4.5,-4.5,-0.5
-4.5,-4.5,-0.5
-4.5,-4.5,-0.5
-4.5,-4.5,-0.5
-4.5,-4.5,-0.5
-4.5,-4.5,-0.5
-4.5,-4.5,-0.5
-4.5,-4.5,-0.5
-4.5,-4.5,-0.5
-4.5,-4.5,-0.5
-4.5,-4.5,-0.5
-4.5,-4.5,-0.5
-4.5,-4.5,-0.5
-4.5,-4.5,-0.5
-4.5,-4.5,-0.5
-4.5,-4.5,-0.5
-4.5,-4.5,-0.5
-4.5,-4.5,-0.5
-4.5,-4.5,-0.5
-4.5,-4.5,-0.5
-4.5,-4.5,-0.5
-4.5,-4.5,-0.5
-4.5,-4.5,-0.5
-4.5,-4.5,-0.5
-4.5,-4.5,-0.5
-4.5,-4.5,-0.5
-4.5,-4.5,-0.5
-4.5,-4.5,-0.5
-4.5,-4.5,-0.5
-4.5,-4.5,-0.5
-4.5,-4.5,-0.5
-4.5,-4.5,-0.5
-4.5,-4.5,-0.5
-4.5,-4.5,-0.5
-4.5,-4.5,-0.5
-4.5,-4.5,-0.5
-4.5,-4.5,-0.5
-4.5,-4.5,-0.5
-4.5,-4.5,-0.5
-4.5,-4.5,-0.5
-4.5,-4.5,-0.5
-4.5,-4.5,-0.5
-4.5,-4.5,-0.5
-4.5,-4.5,-0.5
-4.5,-4.5,-0.5
-4.5,-4.5,-0.5
-4.5,-4.5,-0.5
-4.5,-4.5,-0.5
-4.5,-4.5,-0.5
-4.5,-4.5,-0.5
-4.5,-4.5,-0.5
-4.5,-4.5,-0.5
-4.5,-4.5,-0.5
-4.5,-4.5,-0.5
-4.5,-4.5,-0.5
-4.5,-4.5,-0.5
-4.5,-4.5,-0.5
-4.5,-4.5,-0.5
-4.5,-4.5,-0.5
-4.5,-4.5,-0.5
-4.5,-4.5,-0.5
-4.5,-4.5,-0.5
-4.5,-4.5,-0.5
-4.5,-4.5,-0.5
-4.5,-4.5,-0.5
-4.5,-4.5,-0.5
-4.5,-4.5,-0.5
-4.5,-4.5,-0.5
-4.5,-4.5,-0.5
-4.5,-4.5,-0.5
-4.5,-4.5,-0.5
-4.5,-4.5,-0.5
-4.5,-4.5,-0.5
-4.5,-4.5,-0.5
-4.5,-4.5,-0.5
-4.5,-4.5,-0.5
-4.5,-4.5,-0.5
-4.5,-4.5,-0.5
-4.5,-4.5,-0.5
-4.5,-4.5,-0.5
-4.5,-4.5,-0.5
-4.5,-4.5,-0.5
-4.5,-4.5,-0.5
-4.5,-4.5,-0.5
-4.5,-4.5,-0.5
-4.5,-4.5,-0.5
-4.5,-4.5,-0.5
-4.5,-4.5,-0.5
-4.5,-4.5,-0.5
-4.5,-4.5,-0.5
-4.5,-4.5,-0.5
-4.5,-4.5,-0.5
-4.5,-4.5,-0.5
-4.5,-4.5,-0.5
-4.5,-4.5,-0.5
-4.5,-4.5,-0.5
-4.5,-4.5,-0.5
-4.5,-4.5,-0.5
-4.5,-4.5,-0.5
-4.5,-4.5,-0.5
-4.5,-4.5,-0.5
-4.5,-4.5,-0.5
-4.5,-4.5,-0.5
-4.5,-4.5,-0.5
-4.5,-4.5,-0.5
-4.5,-4.5,-0.5
-4.5,-4.5,-0.5
-4.5,-4.5,-0.5
-4.5,-4.5,-0.5
-4.5,-4.5,-0.5
-4.5,-4.5,-0.5
-4.5,-4.5,-0.5
-4.5,-4.5,-0.5
-4.5,-4.5,-0.5
-4.5,-4.5,-0.5
-4.5,-4.5,-0.5
-4.5,-4.5,-0.5
-4.5,-4.5,-0.5
-4.5,-4.5,-0.5
-4.5,-4.5,-0.5
-4.5,-4.5,-0.5
-4.5,-4.5,-0.5
-4.5,-4.5,-0.5
-4.5,-4.5,-0.5
-4.5,-4.5,-0.5
-4.5,-4.5,-0.5
-4.5,-4.5,-0.5
-4.5,-4.5,-0.5
-4.5,-4.5,-0.5
-4.5,-4.5,-0.5
-4.5,-4.5,-0.5
-4.5,-4.5,-0.5
-4.5,-4.5,-0.5
-4.5,-4.5,-0.5
-4.5,-4.5,-0.5
-4.5,-4.5,-0.5
-4.5,-4.5,-0.5
-4.5,-4.5,-0.5
-4.5,-4.5,-0.5
-4.5,-4.5,-0.5
-4.5,-4.5,-0.5
-4.5,-4.5,-0.5
-4.5,-4.5,-0.5
-4.5,-4.5,-0.5
-4.5,-4.5,-0.5
-4.5,-4.5,-0.5
-4.5,-4.5,-0.5
-4.5,-4.5,-0.5
-4.5,-4.5,-0.5
-4.5,-4.5,-0.5
-4.5,-4.5,-0.5
-4.5,-4.5,-0.5
-4.5,-4.5,-0.5
-4.5,-4.5,-0.5
-4.5,-4.5,-0.5
-4.5,-4.5,-0.5
-4.5,-4.5,-0.5
-4.5,-4.5,-0.5
-4.5,-4.5,-0.5
-4.5,-4.5,-0.5
-4.5,-4.5,-0.5
-4.5,-4.5,-0.5
-4.5,-4.5,-0.5
-4.5,-4.5,-0.5
-4.5,-4.5,-0.5
-4.5,-4.5,-0.5
-4.5,-4.5,-0.5
-4.5,-4.5,-0.5
-4.5,-4.5,-0.5
-4.5,-4.5,-0.5
-4.5,-4.5,-0.5
-4.5,-4.5,-0.5
-4.5,-4.5,-0.5
-4.5,-4.5,-0.5
-4.5,-4.5,-0.5
-4.5,-4.5,-0.5
-4.5,-4.5,-0.5
-4.5,-4.5,-0.5
-4.5,-4.5,-0.5
-4.5,-4.5,-0.5
-4.5,-4.5,-0.5
-4.5,-4.5,-0.5
-4.5,-4.5,-0.5
-4.5,-4.5,-0.5
-4.5,-4.5,-0.5
-4.5,-4.5,-0.5
-4.5,-4.5,-0.5
-4.5,-4.5,-0.5
-4.5,-4.5,-0.5
-4.5,-4.5,-0.5
-4.5,-4.5,-0.5
-4.5,-4.5,-0.5
-4.5,-4.5,-0.5
-4.5,-4.5,-0.5
-4.5,-4.5,-0.5
-4.5,-4.5,-0.5
-4.5,-4.5,-0.5
-4.5,-4.5,-0.5
-4.5,-4.5,-0.5
-4.5,-4.5,-0.5
-4.5,-4.5,-0.5
-4.5,-4.5,-0.5
-4.5,-4.5,-0.5
-4.5,-4.5,-0.5
-4.5,-4.5,-0.5
-4.5,-4.5,-0.5
-4.5,-4.5,-0.5
-4.5,-4.5,-0.5
-4.5,-4.5,-0.5
-4.5,-4.5,-0.5
-4.5,-4.5,-0.5
-4.5,-4.5,-0.5
-4.5,-4.5,-0.5
-4.5,-4.5,-0.5
-4.5,-4.5,-0.5
-4.5,-4.5,-0.5
-4.5,-4.5,-0.5
-4.5,-4.5,-0.5
-4.5,-4.5,-0.5
-4.5,-4.5,-0.5
-4.5,-4.5,-0.5
-4.5,-4.5,-0.5
-4.5,-4.5,-0.5
-4.5,-4.5,-0.5
-4.5,-4.5,-0.5
-4.5,-4.5,-0.5
-4.5,-4.5,-0.5
-4.5,-4.5,-0.5
-4.5,-4.5,-0.5
-4.5,-4.5,-0.5
-4.5,-4.5,-0.5
-4.5,-4.5,-0.5
-4.5,-4.5,-0.5
-4.5,-4.5,-0.5
-4.5,-4.5,-0.5
-4.5,-4.5,-0.5
-4.5,-4.5,-0.5
-4.5,-4.5,-0.5
-4.5,-4.5,-0.5
-4.5,-4.5,-0.5
-4.5,-4.5,-0.5
-4.5,-4.5,-0.5
-4.5,-4.5,-0.5
-4.5,-4.5,-0.5
-4.5,-4.5,-0.5
-4.5,-4.5,-0.5
-4.5,-4.5,-0.5
-4.5,-4.5,-0.5
-4.5,-4.5,-0.5
-4.5,-4.5,-0.5
-4.5,-4.5,-0.5
-4.5,-4.5,-0.5
-4.5,-4.5,-0.5
-4.5,-4.5,-0.5
-4.5,-4.5,-0.5
-4.5,-4.5,-0.5
-4.5,-4.5,-0.5
-4.5,-4.5,-0.5
-4.5,-4.5,-0.5
-4.5,-4.5,-0.5
-4.5,-4.5,-0.5
-4.5,-4.5,-0.5
-4.5,-4.5,-0.5
-4.5,-4.5,-0.5
-4.5,-4.5,-0.5
-4.5,-4.5,-0.5
-4.5,-4.5,-0.5
-4.5,-4.5,-0.5
-4.5,-4.5,-0.5
-4.5,-4.5,-0.5
-4.5,-4.5,-0.5
-4.5,-4.5,-0.5
-4.5,-4.5,-0.5
-4.5,-4.5,-0.5
-4.5,-4.5,-0.5
-4.5,-4.5,-0.5
-4.5,-4.5,-0.5
-4.5,-4.5,-0.5
-4.5,-4.5,-0.5
-4.5,-4.5,-0.5
-4.5,-4.5,-0.5
-4.5,-4.5,-0.5
-4.5,-4.5,-0.5
-4.5,-4.5,-0.5
-4.5,-4.5,-0.5
-4.5,-4.5,-0.5
-4.5,-4.5,-0.5
-4.5,-4.5,-0.5
-4.5,-4.5,-0.5
-4.5,-4.5,-0.5
-4.5,-4.5,-0.5
-4.5,-4.5,-0.5
-4.5,-4.5,-0.5
-4.5,-4.5,-0.5
-4.5,-4.5,-0.5
-4.5,-4.5,-0.5
-4.5,-4.5,-0.5
-4.5,-4.5,-0.5
-4.5,-4.5,-0.5
-4.5,-4.5,-0.5
-4.5,-4.5,-0.5
-4.5,-4.5,-0.5
-4.5,-4.5,-0.5
-4.5,-4.5,-0.5
-4.5,-4.5,-0.5
-4.5,-4.5,-0.5
-4.5,-4.5,-0.5
-4.5,-4.5,-0.5
-4.5,-4.5,-0.5
-4.5,-4.5,-0.5
-4.5,-4.5,-0.5
-4.5,-4.5,-0.5
-4.5,-4.5,-0.5
-4.5,-4.5,-0.5
-4.5,-4.5,-0.5
-4.5,-4.5,-0.5
-4.5,-4.5,-0.5
-4.5,-4.5,-0.5
-4.5,-4.5,-0.5
-4.5,-4.5,-0.5
-4.5,-4.5,-0.5
-4.5,-4.5,-0.5
-4.5,-4.5,-0.5
-4.5,-4.5,-0.5
-4.5,-4.5,-0.5
-4.5,-4.5,-0.5
-4.5,-4.5,-0.5
-4.5,-4.5,-0.5
-4.5,-4.5,-0.5
-4.5,-4.5,-0.5
-4.5,-4.5,-0.5
-4.5,-4.5,-0.5
-4.5,-4.5,-0.5
-4.5,-4.5,-0.5
-4.5,-4.5,-0.5
-4.5,-4.5,-0.5
-4.5,-4.5,-0.5
-4.5,-4.5,-0.5
-4.5,-4.5,-0.5
-4.5,-4.5,-0.5
-4.5,-4.5,-0.5
-4.5,-4.5,-0.5
-4.5,-4.5,-0.5
-4.5,-4.5,-0.5
-4.5,-4.5,-0.5
-4.5,-4.5,-0.5
-4.5,-4.5,-0.5
-4.5,-4.5,-0.5
-4.5,-4.5,-0.5
-4.5,-4.5,-0.5
-4.5,-4.5,-0.5
-4.5,-4.5,-0.5
-4.5,-4.5,-0.5
-4.5,-4.5,-0.5
-4.5,-4.5,-0.5
-4.5,-4.5,-0.5
-4.5,-4.5,-0.5
-4.5,-4.5,-0.5
-4.5,-4.5,-0.5
-4.5,-4.5,-0.5
-4.5,-4.5,-0.5
-4.5,-4.5,-0.5
-4.5,-4.5,-0.5
-4.5,-4.5,-0.5
-4.5,-4.5,-0.5
-4.5,-4.5,-0.5
-4.5,-4.5,-0.5
-4.5,-4.5,-0.5
-4.5,-4.5,-0.5
-4.5,-4.5,-0.5
-4.5,-4.5,-0.5
-4.5,-4.5,-0.5
-4.5,-4.5,-0.5
-4.5,-4.5,-0.5
-4.5,-4.5,-0.5
-4.5,-4.5,-0.5
-4.5,-4.5,-0.5
-4.5,-4.5,-0.5
-4.5,-4.5,-0.5
-4.5,-4.5,-0.5
-4.5,-4.5,-0.5
-4.5,-4.5,-0.5
-4.5,-4.5,-0.5
-4.5,-4.5,-0.5
-4.5,-4.5,-0.5
-4.5,-4.5,-0.5
-4.5,-4.5,-0.5
-4.5,-4.5,-0.5
-4.5,-4.5,-0.5
-4.5,-4.5,-0.5
-4.5,-4.5,-0.5
-4.5,-4.5,-0.5
-4.5,-4.5,-0.5
-4.5,-4.5,-0.5
-4.5,-4.5,-0.5
-4.5,-4.5,-0.5
-4.5,-4.5,-0.5
-4.5,-4.5,-0.5
-4.5,-4.5,-0.5
-4.5,-4.5,-0.5
-4.5,-4.5,-0.5
-4.5,-4.5,-0.5
-4.5,-4.5,-0.5
-4.5,-4.5,-0.5
-4.5,-4.5,-0.5
-4.5,-4.5,-0.5
-4.5,-4.5,-0.5
-4.5,-4.5,-0.5
-4.5,-4.5,-0.5
-4.5,-4.5,-0.5
-4.5,-4.5,-0.5
-4.5,-4.5,-0.5
-4.5,-4.5,-0.5
-4.5,-4.5,-0.5
-4.5,-4.5,-0.5
-4.5,-4.5,-0.5
-4.5,-4.5,-0.5
-4.5,-4.5,-0.5
-4.5,-4.5,-0.5
-4.5,-4.5,-0.5
-4.5,-4.5,-0.5
-4.5,-4.5,-0.5
-4.5,-4.5,-0.5
-4.5,-4.5,-0.5
-4.5,-4.5,-0.5
-4.5,-4.5,-0.5
-4.5,-4.5,-0.5
-4.5,-4.5,-0.5
-4.5,-4.5,-0.5
-4.5,-4.5,-0.5
-4.5,-4.5,-0.5
-4.5,-4.5,-0.5
-4.5,-4.5,-0.5
-4.5,-4.5,-0.5
-4.5,-4.5,-0.5
-4.5,-4.5,-0.5
-4.5,-4.5,-0.5
-4.5,-4.5,-0.5
-4.5,-4.5,-0.5
-4.5,-4.5,-0.5
-4.5,-4.5,-0.5
-4.5,-4.5,-0.5
-4.5,-4.5,-0.5
-4.5,-4.5,-0.5
-4.5,-4.5,-0.5
-4.5,-4.5,-0.5
-4.5,-4.5,-0.5
-4.5,-4.5,-0.5
-4.5,-4.5,-0.5
-4.5,-4.5,-0.5
-4.5,-4.5,-0.5
-4.5,-4.5,-0.5
-4.5,-4.5,-0.5
-4.5,-4.5,-0.5
-4.5,-4.5,-0.5
-4.5,-4.5,-0.5
-4.5,-4.5,-0.5
-4.5,-4.5,-0.5
-4.5,-4.5,-0.5
-4.5,-4.5,-0.5
-4.5,-4.5,-0.5
-4.5,-4.5,-0.5
-4.5,-4.5,-0.5
-4.5,-4.5,-0.5
-4.5,-4.5,-0.5
-4.5,-4.5,-0.5
-4.5,-4.5,-0.5
-4.5,-4.5,-0.5
-4.5,-4.5,-0.5
-4.5,-4.5,-0.5
-4.5,-4.5,-0.5
-4.5,-4.5,-0.5
-4.5,-4.5,-0.5
-4.5,-4.5,-0.5
-4.5,-4.5,-0.5
-4.5,-4.5,-0.5
-4.5,-4.5,-0.5
-4.5,-4.5,-0.5
-4.5,-4.5,-0.5
-4.5,-4.5,-0.5
-4.5,-4.5,-0.5
-4.5,-4.5,-0.5
-4.5,-4.5,-0.5
-4.5,-4.5,-0.5
-4.5,-4.5,-0.5
-4.5,-4.5,-0.5
-4.5,-4.5,-0.5
-4.5,-4.5,-0.5
-4.5,-4.5,-0.5
-4.5,-4.5,-0.5
-4.5,-4.5,-0.5
-4.5,-4.5,-0.5
-4.5,-4.5,-0.5
-4.5,-4.5,-0.5
-4.5,-4.5,-0.5
-4.5,-4.5,-0.5
-4.5,-4.5,-0.5
-4.5,-4.5,-0.5
-4.5,-4.5,-0.5
-4.5,-4.5,-0.5
-4.5,-4.5,-0.5
-4.5,-4.5,-0.5
-4.5,-4.5,-0.5
-4.5,-4.5,-0.5
-4.5,-4.5,-0.5
-4.5,-4.5,-0.5
-4.5,-4.5,-0.5
-4.5,-4.5,-0.5
-4.5,-4.5,-0.5
-4.5,-4.5,-0.5
-4.5,-4.5,-0.5
-4.5,-4.5,-0.5
-4.5,-4.5,-0.5
-4.5,-4.5,-0.5
-4.5,-4.5,-0.5
-4.5,-4.5,-0.5
-4.5,-4.5,-0.5
-4.5,-4.5,-0.5
-4.5,-4.5,-0.5
-4.5,-4.5,-0.5
-4.5,-4.5,-0.5
-4.5,-4.5,-0.5
-4.5,-4.5,-0.5
-4.5,-4.5,-0.5
-4.5,-4.5,-0.5
-4.5,-4.5,-0.5
-4.5,-4.5,-0.5
-4.5,-4.5,-0.5
-4.5,-4.5,-0.5
-4.5,-4.5,-0.5
-4.5,-4.5,-0.5
-4.5,-4.5,-0.5
-4.5,-4.5,-0.5
-4.5,-4.5,-0.5
-4.5,-4.5,-0.5
-4.5,-4.5,-0.5
-4.5,-4.5,-0.5
-4.5,-4.5,-0.5
-4.5,-4.5,-0.5
-4.5,-4.5,-0.5
-4.5,-4.5,-0.5
-4.5,-4.5,-0.5
-4.5,-4.5,-0.5
-4.5,-4.5,-0.5
-4.5,-4.5,-0.5
-4.5,-4.5,-0.5
-4.5,-4.5,-0.5
-4.5,-4.5,-0.5
-4.5,-4.5,-0.5
-4.5,-4.5,-0.5
-4.5,-4.5,-0.5
-4.5,-4.5,-0.5
-4.5,-4.5,-0.5
-4.5,-4.5,-0.5
-4.5,-4.5,-0.5
-4.5,-4.5,-0.5
-4.5,-4.5,-0.5
-4.5,-4.5,-0.5
-4.5,-4.5,-0.5
-4.5,-4.5,-0.5
-4.5,-4.5,-0.5
-4.5,-4.5,-0.5
-4.5,-4.5,-0.5
-4.5,-4.5,-0.5
-4.5,-4.5,-0.5
-4.5,-4.5,-0.5
-4.5,-4.5,-0.5
-4.5,-4.5,-0.5
-4.5,-4.5,-0.5
-4.5,-4.5,-0.5
-4.5,-4.5,-0.5
-4.5,-4.5,-0.5
-4.5,-4.5,-0.5
-4.5,-4.5,-0.5
-4.5,-4.5,-0.5
-4.5,-4.5,-0.5
-4.5,-4.5,-0.5
-4.5,-4.5,-0.5
-4.5,-4.5,-0.5
-4.5,-4.5,-0.5
-4.5,-4.5,-0.5
-4.5,-4.5,-0.5
-4.5,-4.5,-0.5
-4.5,-4.5,-0.5
-4.5,-4.5,-0.5
-4.5,-4.5,-0.5
-4.5,-4.5,-0.5
-4.5,-4.5,-0.5
-4.5,-4.5,-0.5
-4.5,-4.5,-0.5
-4.5,-4.5,-0.5
-4.5,-4.5,-0.5
-4.5,-4.5,-0.5
-4.5,-4.5,-0.5
-4.5,-4.5,-0.5
-4.5,-4.5,-0.5
-4.5,-4.5,-0.5
-4.5,-4.5,-0.5
-4.5,-4.5,-0.5
-4.5,-4.5,-0.5
-4.5,-4.5,-0.5
-4.5,-4.5,-0.5
-4.5,-4.5,-0.5
-4.5,-4.5,-0.5
-4.5,-4.5,-0.5
-4.5,-4.5,-0.5
-4.5,-4.5,-0.5
-4.5,-4.5,-0.5
-4.5,-4.5,-0.5
-4.5,-4.5,-0.5
-4.5,-4.5,-0.5
-4.5,-4.5,-0.5
-4.5,-4.5,-0.5
-4.5,-4.5,-0.5
-4.5,-4.5,-0.5
-4.5,-4.5,-0.5
-4.5,-4.5,-0.5
-4.5,-4.5,-0.5
-4.5,-4.5,-0.5
-4.5,-4.5,-0.5
-4.5,-4.5,-0.5
-4.5,-4.5,-0.5
-4.5,-4.5,-0.5
-4.5,-4.5,-0.5
-4.5,-4.5,-0.5
-4.5,-4.5,-0.5
-4.5,-4.5,-0.5
-4.5,-4.5,-0.5
-4.5,-4.5,-0.5
-4.5,-4.5,-0.5
-4.5,-4.5,-0.5
-4.5,-4.5,-0.5
-4.5,-4.5,-0.5
-4.5,-4.5,-0.5
-4.5,-4.5,-0.5
-4.5,-4.5,-0.5
-4.5,-4.5,-0.5
-4.5,-4.5,-0.5
-4.5,-4.5,-0.5
-4.5,-4.5,-0.5
-4.5,-4.5,-0.5
-4.5,-4.5,-0.5
-4.5,-4.5,-0.5
-4.5,-4.5,-0.5
-4.5,-4.5,-0.5
-4.5,-4.5,-0.5
-4.5,-4.5,-0.5
-4.5,-4.5,-0.5
-4.5,-4.5,-0.5
-4.5,-4.5,-0.5
-4.5,-4.5,-0.5
-4.5,-4.5,-0.5
-4.5,-4.5,-0.5
-4.5,-4.5,-0.5
-4.5,-4.5,-0.5
-4.5,-4.5,-0.5
-4.5,-4.5,-0.5
-4.5,-4.5,-0.5
-4.5,-4.5,-0.5
-4.5,-4.5,-0.5
-4.5,-4.5,-0.5
-4.5,-4.5,-0.5
-4.5,-4.5,-0.5
-4.5,-4.5,-0.5
-4.5,-4.5,-0.5
-4.5,-4.5,-0.5
-4.5,-4.5,-0.5
-4.5,-4.5,-0.5
-4.5,-4.5,-0.5
-4.5,-4.5,-0.5
-4.5,-4.5,-0.5
-4.5,-4.5,-0.5
-4.5,-4.5,-0.5
-4.5,-4.5,-0.5
-4.5,-4.5,-0.5
-4.5,-4.5,-0.5
-4.5,-4.5,-0.5
-4.5,-4.5,-0.5
-4.5,-4.5,-0.5
-4.5,-4.5,-0.5
-4.5,-4.5,-0.5
-4.5,-4.5,-0.5
-4.5,-4.5,-0.5
-4.5,-4.5,-0.5
-4.5,-4.5,-0.5
-4.5,-4.5,-0.5
-4.5,-4.5,-0.5
-4.5,-4.5,-0.5
-4.5,-4.5,-0.5
-4.5,-4.5,-0.5
-4.5,-4.5,-0.5
-4.5,-4.5,-0.5
-4.5,-4.5,-0.5
-4.5,-4.5,-0.5
-4.5,-4.5,-0.5
-4.5,-4.5,-0.5
-4.5,-4.5,-0.5
-4.5,-4.5,-0.5
-4.5,-4.5,-0.5
-4.5,-4.5,-0.5
-4.5,-4.5,-0.5
-4.5,-4.5,-0.5
-4.5,-4.5,-0.5
-4.5,-4.5,-0.5
-4.5,-4.5,-0.5
-4.5,-4.5,-0.5
-4.5,-4.5,-0.5
-4.5,-4.5,-0.5
-4.5,-4.5,-0.5
-4.5,-4.5,-0.5
-4.5,-4.5,-0.5
-4.5,-4.5,-0.5
-4.5,-4.5,-0.5
-4.5,-4.5,-0.5
-4.5,-4.5,-0.5
-4.5,-4.5,-0.5
-4.5,-4.5,-0.5
-4.5,-4.5,-0.5
-4.5,-4.5,-0.5
-4.5,-4.5,-0.5
-4.5,-4.5,-0.5
-4.5,-4.5,-0.5
-4.5,-4.5,-0.5
-4.5,-4.5,-0.5
-4.5,-4.5,-0.5
-4.5,-4.5,-0.5
-4.5,-4.5,-0.5
-4.5,-4.5,-0.5
-4.5,-4.5,-0.5
-4.5,-4.5,-0.5
-4.5,-4.5,-0.5
-4.5,-4.5,-0.5
-4.5,-4.5,-0.5
-4.5,-4.5,-0.5
-4.5,-4.5,-0.5
-4.5,-4.5,-0.5
-4.5,-4.5,-0.5
-4.5,-4.5,-0.5
-4.5,-4.5,-0.5
-4.5,-4.5,-0.5
-4.5,-4.5,-0.5
-4.5,-4.5,-0.5
-4.5,-4.5,-0.5
-4.5,-4.5,-0.5
-4.5,-4.5,-0.5
-4.5,-4.5,-0.5
-4.5,-4.5,-0.5
-4.5,-4.5,-0.5
-4.5,-4.5,-0.5
-4.5,-4.5,-0.5
-4.5,-4.5,-0.5
-4.5,-4.5,-0.5
-4.5,-4.5,-0.5
-4.5,-4.5,-0.5
-4.5,-4.5,-0.5
-4.5,-4.5,-0.5
-4.5,-4.5,-0.5
-4.5,-4.5,-0.5
-4.5,-4.5,-0.5
-4.5,-4.5,-0.5
-4.5,-4.5,-0.5
-4.5,-4.5,-0.5
-4.5,-4.5,-0.5
-4.5,-4.5,-0.5
-4.5,-4.5,-0.5
-4.5,-4.5,-0.5
-4.5,-4.5,-0.5
-4.5,-4.5,-0.5
-4.5,-4.5,-0.5
-4.5,-4.5,-0.5
-4.5,-4.5,-0.5
-4.5,-4.5,-0.5
-4.5,-4.5,-0.5
-4.5,-4.5,-0.5
-4.5,-4.5,-0.5
-4.5,-4.5,-0.5
-4.5,-4.5,-0.5
-4.5,-4.5,-0.5
-4.5,-4.5,-0.5
-4.5,-4.5,-0.5
-4.5,-4.5,-0.5
-4.5,-4.5,-0.5
-4.5,-4.5,-0.5
-4.5,-4.5,-0.5
-4.5,-4.5,-0.5
-4.5,-4.5,-0.5
-4.5,-4.5,-0.5
-4.5,-4.5,-0.5
-4.5,-4.5,-0.5
-4.5,-4.5,-0.5
-4.5,-4.5,-0.5
-4.5,-4.5,-0.5
-4.5,-4.5,-0.5
-4.5,-4.5,-0.5
-4.5,-4.5,-0.5
-4.5,-4.5,-0.5
-4.5,-4.5,-0.5
-4.5,-4.5,-0.5
-4.5,-4.5,-0.5
-4.5,-4.5,-0.5
-4.5,-4.5,-0.5
-4.5,-4.5,-0.5
-4.5,-4.5,-0.5
-4.5,-4.5,-0.5
-4.5,-4.5,-0.5
-4.5,-4.5,-0.5
-4.5,-4.5,-0.5
-4.5,-4.5,-0.5
-4.5,-4.5,-0.5
-4.5,-4.5,-0.5
-4.5,-4.5,-0.5
-4.5,-4.5,-0.5
-4.5,-4.5,-0.5
-4.5,-4.5,-0.5
-4.5,-4.5,-0.5
-4.5,-4.5,-0.5
-4.5,-4.5,-0.5
-4.5,-4.5,-0.5
-4.5,-4.5,-0.5
-4.5,-4.5,-0.5
-4.5,-4.5,-0.5
-4.5,-4.5,-0.5
-4.5,-4.5,-0.5
-4.5,-4.5,-0.5
-4.5,-4.5,-0.5
-4.5,-4.5,-0.5
-4.5,-4.5,-0.5
-4.5,-4.5,-0.5
-4.5,-4.5,-0.5
-4.5,-4.5,-0.5
-4.5,-4.5,-0.5
-4.5,-4.5,-0.5
-4.5,-4.5,-0.5
-4.5,-4.5,-0.5
-4.5,-4.5,-0.5
-4.5,-4.5,-0.5
-4.5,-4.5,-0.5
-4.5,-4.5,-0.5
-4.5,-4.5,-0.5
-4.5,-4.5,-0.5
-4.5,-4.5,-0.5
-4.5,-4.5,-0.5
-4.5,-4.5,-0.5
-4.5,-4.5,-0.5
-4.5,-4.5,-0.5
-4.5,-4.5,-0.5
-4.5,-4.5,-0.5
-4.5,-4.5,-0.5
-4.5,-4.5,-0.5
-4.5,-4.5,-0.5
-4.5,-4.5,-0.5
-4.5,-4.5,-0.5
-4.5,-4.5,-0.5
-4.5,-4.5,-0.5
-4.5,-4.5,-0.5
-4.5,-4.5,-0.5
-4.5,-4.5,-0.5
-4.5,-4.5,-0.5
-4.5,-4.5,-0.5
-4.5,-4.5,-0.5
-4.5,-4.5,-0.5
-4.5,-4.5,-0.5
-4.5,-4.5,-0.5
-4.5,-4.5,-0.5
-4.5,-4.5,-0.5
-4.5,-4.5,-0.5
-4.5,-4.5,-0.5
-4.5,-4.5,-0.5
-4.5,-4.5,-0.5
-4.5,-4.5,-0.5
-4.5,-4.5,-0.5
-4.5,-4.5,-0.5
-4.5,-4.5,-0.5
-4.5,-4.5,-0.5
-4.5,-4.5,-0.5
-4.5,-4.5,-0.5
-4.5,-4.5,-0.5
-4.5,-4.5,-0.5
-4.5,-4.5,-0.5
-4.5,-4.5,-0.5
-4.5,-4.5,-0.5
-4.5,-4.5,-0.5
-4.5,-4.5,-0.5
-4.5,-4.5,-0.5
-4.5,-4.5,-0.5
-4.5,-4.5,-0.5
-4.5,-4.5,-0.5
-4.5,-4.5,-0.5
-4.5,-4.5,-0.5
-4.5,-4.5,-0.5
-4.5,-4.5,-0.5
-4.5,-4.5,-0.5
-4.5,-4.5,-0.5
-4.5,-4.5,-0.5
-4.5,-4.5,-0.5
-4.5,-4.5,-0.5
-4.5,-4.5,-0.5
-4.5,-4.5,-0.5
-4.5,-4.5,-0.5
-4.5,-4.5,-0.5
-4.5,-4.5,-0.5
-4.5,-4.5,-0.5
-4.5,-4.5,-0.5
-4.5,-4.5,-0.5
-4.5,-4.5,-0.5
-4.5,-4.5,-0.5
-4.5,-4.5,-0.5
-4.5,-4.5,-0.5
-4.5,-4.5,-0.5
-4.5,-4.5,-0.5
-4.5,-4.5,-0.5
-4.5,-4.5,-0.5
-4.5,-4.5,-0.5
-4.5,-4.5,-0.5
-4.5,-4.5,-0.5
-4.5,-4.5,-0.5
-4.5,-4.5,-0.5
-4.5,-4.5,-0.5
-4.5,-4.5,-0.5
-4.5,-4.5,-0.5
-4.5,-4.5,-0.5
-4.5,-4.5,-0.5
-4.5,-4.5,-0.5
-4.5,-4.5,-0.5
-4.5,-4.5,-0.5
-4.5,-4.5,-0.5
-4.5,-4.5,-0.5
-4.5,-4.5,-0.5
-4.5,-4.5,-0.5
-4.5,-4.5,-0.5
-4.5,-4.5,-0.5
-4.5,-4.5,-0.5
-4.5,-4.5,-0.5
-4.5,-4.5,-0.5
-4.5,-4.5,-0.5
-4.5,-4.5,-0.5
-4.5,-4.5,-0.5
-4.5,-4.5,-0.5
-4.5,-4.5,-0.5
-4.5,-4.5,-0.5
-4.5,-4.5,-0.5
-4.5,-4.5,-0.5
-4.5,-4.5,-0.5
-4.5,-4.5,-0.5
-4.5,-4.5,-0.5
-4.5,-4.5,-0.5
-4.5,-4.5,-0.5
-4.5,-4.5,-0.5
-4.5,-4.5,-0.5
-4.5,-4.5,-0.5
-4.5,-4.5,-0.5
-4.5,-4.5,-0.5
-4.5,-4.5,-0.5
-4.5,-4.5,-0.5
-4.5,-4.5,-0.5
-4.5,-4.5,-0.5
-4.5,-4.5,-0.5
-4.5,-4.5,-0.5
-4.5,-4.5,-0.5
-4.5,-4.5,-0.5
-4.5,-4.5,-0.5
-4.5,-4.5,-0.5
-4.5,-4.5,-0.5
-4.5,-4.5,-0.5
-4.5,-4.5,-0.5
-4.5,-4.5,-0.5
-4.5,-4.5,-0.5
-4.5,-4.5,-0.5
-4.5,-4.5,-0.5
-4.5,-4.5,-0.5
-4.5,-4.5,-0.5
-4.5,-4.5,-0.5
-4.5,-4.5,-0.5
-4.5,-4.5,-0.5
-4.5,-4.5,-0.5
-4.5,-4.5,-0.5
-4.5,-4.5,-0.5
-4.5,-4.5,-0.5
-4.5,-4.5,-0.5
-4.5,-4.5,-0.5
-4.5,-4.5,-0.5
-4.5,-4.5,-0.5
-4.5,-4.5,-0.5
-4.5,-4.5,-0.5
-4.5,-4.5,-0.5
-4.5,-4.5,-0.5
-4.5,-4.5,-0.5
-4.5,-4.5,-0.5
-4.5,-4.5,-0.5
-4.5,-4.5,-0.5
-4.5,-4.5,-0.5
-4.5,-4.5,-0.5
-4.5,-4.5,-0.5
-4.5,-4.5,-0.5
-4.5,-4.5,-0.5
-4.5,-4.5,-0.5
-4.5,-4.5,-0.5
-4.5,-4.5,-0.5
-4.5,-4.5,-0.5
-4.5,-4.5,-0.5
-4.5,-4.5,-0.5
-4.5,-4.5,-0.5
-4.5,-4.5,-0.5
-4.5,-4.5,-0.5
-4.5,-4.5,-0.5
-4.5,-4.5,-0.5
-4.5,-4.5,-0.5
-4.5,-4.5,-0.5
-4.5,-4.5,-0.5
-4.5,-4.5,-0.5
-4.5,-4.5,-0.5
-4.5,-4.5,-0.5
-4.5,-4.5,-0.5
-4.5,-4.5,-0.5
-4.5,-4.5,-0.5
-4.5,-4.5,-0.5
-4.5,-4.5,-0.5
-4.5,-4.5,-0.5
-4.5,-4.5,-0.5
-4.5,-4.5,-0.5
-4.5,-4.5,-0.5
-4.5,-4.5,-0.5
-4.5,-4.5,-0.5
-4.5,-4.5,-0.5
-4.5,-4.5,-0.5
-4.5,-4.5,-0.5
-4.5,-4.5,-0.5
-4.5,-4.5,-0.5
-4.5,-4.5,-0.5
-4.5,-4.5,-0.5
-4.5,-4.5,-0.5
-4.5,-4.5,-0.5
-4.5,-4.5,-0.5
-4.5,-4.5,-0.5
-4.5,-4.5,-0.5
-4.5,-4.5,-0.5
-4.5,-4.5,-0.5
-4.5,-4.5,-0.5
-4.5,-4.5,-0.5
-4.5,-4.5,-0.5
-4.5,-4.5,-0.5
-4.5,-4.5,-0.5
-4.5,-4.5,-0.5
-4.5,-4.5,-0.5
-4.5,-4.5,-0.5
-4.5,-4.5,-0.5
-4.5,-4.5,-0.5
-4.5,-4.5,-0.5
-4.5,-4.5,-0.5
-4.5,-4.5,-0.5
-4.5,-4.5,-0.5
-4.5,-4.5,-0.5
-4.5,-4.5,-0.5
-4.5,-4.5,-0.5
-4.5,-4.5,-0.5
-4.5,-4.5,-0.5
-4.5,-4.5,-0.5
-4.5,-4.5,-0.5
-4.5,-4.5,-0.5
-4.5,-4.5,-0.5
-4.5,-4.5,-0.5
-4.5,-4.5,-0.5
-4.5,-4.5,-0.5
-4.5,-4.5,-0.5
-4.5,-4.5,-0.5
-4.5,-4.5,-0.5
-4.5,-4.5,-0.5
-4.5,-4.5,-0.5
-4.5,-4.5,-0.5
-4.5,-4.5,-0.5
-4.5,-4.5,-0.5
-4.5,-4.5,-0.5
-4.5,-4.5,-0.5
-4.5,-4.5,-0.5
-4.5,-4.5,-0.5
-4.5,-4.5,-0.5
-4.5,-4.5,-0.5
-4.5,-4.5,-0.5
-4.5,-4.5,-0.5
-4.5,-4.5,-0.5
-4.5,-4.5,-0.5
-4.5,-4.5,-0.5
-4.5,-4.5,-0.5
-4.5,-4.5,-0.5
-4.5,-4.5,-0.5
-4.5,-4.5,-0.5
-4.5,-4.5,-0.5
-4.5,-4.5,-0.5
-4.5,-4.5,-0.5
-4.5,-4.5,-0.5
-4.5,-4.5,-0.5
-4.5,-4.5,-0.5
-4.5,-4.5,-0.5
-4.5,-4.5,-0.5
-4.5,-4.5,-0.5
-4.5,-4.5,-0.5
-4.5,-4.5,-0.5
-4.5,-4.5,-0.5
-4.5,-4.5,-0.5
-4.5,-4.5,-0.5
-4.5,-4.5,-0.5
-4.5,-4.5,-0.5
-4.5,-4.5,-0.5
-4.5,-4.5,-0.5
-4.5,-4.5,-0.5
-4.5,-4.5,-0.5
-4.5,-4.5,-0.5
-4.5,-4.5,-0.5
-4.5,-4.5,-0.5
-4.5,-4.5,-0.5
-4.5,-4.5,-0.5
-4.5,-4.5,-0.5
-4.5,-4.5,-0.5
-4.5,-4.5,-0.5
-4.5,-4.5,-0.5
-4.5,-4.5,-0.5
-4.5,-4.5,-0.5
-4.5,-4.5,-0.5
-4.5,-4.5,-0.5
-4.5,-4.5,-0.5
-4.5,-4.5,-0.5
-4.5,-4.5,-0.5
-4.5,-4.5,-0.5
-4.5,-4.5,-0.5
-4.5,-4.5,-0.5
-4.5,-4.5,-0.5
-4.5,-4.5,-0.5
-4.5,-4.5,-0.5
-4.5,-4.5,-0.5
-4.5,-4.5,-0.5
-4.5,-4.5,-0.5
-4.5,-4.5,-0.5
-4.5,-4.5,-0.5
-4.5,-4.5,-0.5
-4.5,-4.5,-0.5
-4.5,-4.5,-0.5
-4.5,-4.5,-0.5
-4.5,-4.5,-0.5
-4.5,-4.5,-0.5
-4.5,-4.5,-0.5
-4.5,-4.5,-0.5
-4.5,-4.5,-0.5
-4.5,-4.5,-0.5
-4.5,-4.5,-0.5
-4.5,-4.5,-0.5
-4.5,-4.5,-0.5
-4.5,-4.5,-0.5
-4.5,-4.5,-0.5
-4.5,-4.5,-0.5
-4.5,-4.5,-0.5
-4.5,-4.5,-0.5
-4.5,-4.5,-0.5
-4.5,-4.5,-0.5
-4.5,-4.5,-0.5
-4.5,-4.5,-0.5
-4.5,-4.5,-0.5
-4.5,-4.5,-0.5
-4.5,-4.5,-0.5
-4.5,-4.5,-0.5
-4.5,-4.5,-0.5
-4.5,-4.5,-0.5
-4.5,-4.5,-0.5
-4.5,-4.5,-0.5
-4.5,-4.5,-0.5
-4.5,-4.5,-0.5
-4.5,-4.5,-0.5
-4.5,-4.5,-0.5
-4.5,-4.5,-0.5
-4.5,-4.5,-0.5
-4.5,-4.5,-0.5
-4.5,-4.5,-0.5
-4.5,-4.5,-0.5
-4.5,-4.5,-0.5
-4.5,-4.5,-0.5
-4.5,-4.5,-0.5
-4.5,-4.5,-0.5
-4.5,-4.5,-0.5
-4.5,-4.5,-0.5
-4.5,-4.5,-0.5
-4.5,-4.5,-0.5
-4.5,-4.5,-0.5
-4.5,-4.5,-0.5
-4.5,-4.5,-0.5
-4.5,-4.5,-0.5
-4.5,-4.5,-0.5
-4.5,-4.5,-0.5
-4.5,-4.5,-0.5
-4.5,-4.5,-0.5
-4.5,-4.5,-0.5
-4.5,-4.5,-0.5
-4.5,-4.5,-0.5
-4.5,-4.5,-0.5
-4.5,-4.5,-0.5
-4.5,-4.5,-0.5
-4.5,-4.5,-0.5
-4.5,-4.5,-0.5
-4.5,-4.5,-0.5
-4.5,-4.5,-0.5
-4.5,-4.5,-0.5
-4.5,-4.5,-0.5
-4.5,-4.5,-0.5
-4.5,-4.5,-0.5
-4.5,-4.5,-0.5
-4.5,-4.5,-0.5
-4.5,-4.5,-0.5
-4.5,-4.5,-0.5
-4.5,-4.5,-0.5
-4.5,-4.5,-0.5
-4.5,-4.5,-0.5
-4.5,-4.5,-0.5
-4.5,-4.5,-0.5
-4.5,-4.5,-0.5
-4.5,-4.5,-0.5
-4.5,-4.5,-0.5
-4.5,-4.5,-0.5
-4.5,-4.5,-0.5
-4.5,-4.5,-0.5
-4.5,-4.5,-0.5
-4.5,-4.5,-0.5
-4.5,-4.5,-0.5
-4.5,-4.5,-0.5
-4.5,-4.5,-0.5
-4.5,-4.5,-0.5
-4.5,-4.5,-0.5
-4.5,-4.5,-0.5
-4.5,-4.5,-0.5
-4.5,-4.5,-0.5
-4.5,-4.5,-0.5
-4.5,-4.5,-0.5
-4.5,-4.5,-0.5
-4.5,-4.5,-0.5
-4.5,-4.5,-0.5
-4.5,-4.5,-0.5
-4.5,-4.5,-0.5
-4.5,-4.5,-0.5
-4.5,-4.5,-0.5
-4.5,-4.5,-0.5
-4.5,-4.5,-0.5
-4.5,-4.5,-0.5
-4.5,-4.5,-0.5
-4.5,-4.5,-0.5
-4.5,-4.5,-0.5
-4.5,-4.5,-0.5
-4.5,-4.5,-0.5
-4.5,-4.5,-0.5
-4.5,-4.5,-0.5
-4.5,-4.5,-0.5
-4.5,-4.5,-0.5
-4.5,-4.5,-0.5
-4.5,-4.5,-0.5
-4.5,-4.5,-0.5
-4.5,-4.5,-0.5
-4.5,-4.5,-0.5
-4.5,-4.5,-0.5
-4.5,-4.5,-0.5
-4.5,-4.5,-0.5
-4.5,-4.5,-0.5
-4.5,-4.5,-0.5
-4.5,-4.5,-0.5
-4.5,-4.5,-0.5
-4.5,-4.5,-0.5
-4.5,-4.5,-0.5
-4.5,-4.5,-0.5
-4.5,-4.5,-0.5
-4.5,-4.5,-0.5
-4.5,-4.5,-0.5
-4.5,-4.5,-0.5
-4.5,-4.5,-0.5
-4.5,-4.5,-0.5
-4.5,-4.5,-0.5
-4.5,-4.5,-0.5
-4.5,-4.5,-0.5
-4.5,-4.5,-0.5
-4.5,-4.5,-0.5
-4.5,-4.5,-0.5
-4.5,-4.5,-0.5
-4.5,-4.5,-0.5
-4.5,-4.5,-0.5
-4.5,-4.5,-0.5
-4.5,-4.5,-0.5
-4.5,-4.5,-0.5
-4.5,-4.5,-0.5
-4.5,-4.5,-0.5
-4.5,-4.5,-0.5
-4.5,-4.5,-0.5
-4.5,-4.5,-0.5
-4.5,-4.5,-0.5
-4.5,-4.5,-0.5
-4.5,-4.5,-0.5
-4.5,-4.5,-0.5
-4.5,-4.5,-0.5
-4.5,-4.5,-0.5
-4.5,-4.5,-0.5
-4.5,-4.5,-0.5
-4.5,-4.5,-0.5
-4.5,-4.5,-0.5
-4.5,-4.5,-0.5
-4.5,-4.5,-0.5
-4.5,-4.5,-0.5
-4.5,-4.5,-0.5
-4.5,-4.5,-0.5
-4.5,-4.5,-0.5
-4.5,-4.5,-0.5
-4.5,-4.5,-0.5
-4.5,-4.5,-0.5
-4.5,-4.5,-0.5
-4.5,-4.5,-0.5
-4.5,-4.5,-0.5
-4.5,-4.5,-0.5
-4.5,-4.5,-0.5
-4.5,-4.5,-0.5
-4.5,-4.5,-0.5
-4.5,-4.5,-0.5
-4.5,-4.5,-0.5
-4.5,-4.5,-0.5
-4.5,-4.5,-0.5
-4.5,-4.5,-0.5
-4.5,-4.5,-0.5
-4.5,-4.5,-0.5
-4.5,-4.5,-0.5
-4.5,-4.5,-0.5
-4.5,-4.5,-0.5
-4.5,-4.5,-0.5
-4.5,-4.5,-0.5
-4.5,-4.5,-0.5
-4.5,-4.5,-0.5
-4.5,-4.5,-0.5
-4.5,-4.5,-0.5
-4.5,-4.5,-0.5
-4.5,-4.5,-0.5
-4.5,-4.5,-0.5
-4.5,-4.5,-0.5
-4.5,-4.5,-0.5
-4.5,-4.5,-0.5
-4.5,-4.5,-0.5
-4.5,-4.5,-0.5
-4.5,-4.5,-0.5
-4.5,-4.5,-0.5
-4.5,-4.5,-0.5
-4.5,-4.5,-0.5
-4.5,-4.5,-0.5
-4.5,-4.5,-0.5
-4.5,-4.5,-0.5
-4.5,-4.5,-0.5
-4.5,-4.5,-0.5
-4.5,-4.5,-0.5
-4.5,-4.5,-0.5
-4.5,-4.5,-0.5
-4.5,-4.5,-0.5
-4.5,-4.5,-0.5
-4.5,-4.5,-0.5
-4.5,-4.5,-0.5
-4.5,-4.5,-0.5
-4.5,-4.5,-0.5
-4.5,-4.5,-0.5
-4.5,-4.5,-0.5
-4.5,-4.5,-0.5
-4.5,-4.5,-0.5
-4.5,-4.5,-0.5
-4.5,-4.5,-0.5
-4.5,-4.5,-0.5
-4.5,-4.5,-0.5
-4.5,-4.5,-0.5
-4.5,-4.5,-0.5
-4.5,-4.5,-0.5
-4.5,-4.5,-0.5
-4.5,-4.5,-0.5
-4.5,-4.5,-0.5
-4.5,-4.5,-0.5
-4.5,-4.5,-0.5
-4.5,-4.5,-0.5
-4.5,-4.5,-0.5
-4.5,-4.5,-0.5
-4.5,-4.5,-0.5
-4.5,-4.5,-0.5
-4.5,-4.5,-0.5
-4.5,-4.5,-0.5
-4.5,-4.5,-0.5
-4.5,-4.5,-0.5
-4.5,-4.5,-0.5
-4.5,-4.5,-0.5
-4.5,-4.5,-0.5
-4.5,-4.5,-0.5
-4.5,-4.5,-0.5
-4.5,-4.5,-0.5
-4.5,-4.5,-0.5
-4.5,-4.5,-0.5
-4.5,-4.5,-0.5
-4.5,-4.5,-0.5
-4.5,-4.5,-0.5
-4.5,-4.5,-0.5
-4.5,-4.5,-0.5
-4.5,-4.5,-0.5
-4.5,-4.5,-0.5
-4.5,-4.5,-0.5
-4.5,-4.5,-0.5
-4.5,-4.5,-0.5
-4.5,-4.5,-0.5
-4.5,-4.5,-0.5
-4.5,-4.5,-0.5
-4.5,-4.5,-0.5
-4.5,-4.5,-0.5
-4.5,-4.5,-0.5
-4.5,-4.5,-0.5
-4.5,-4.5,-0.5
-4.5,-4.5,-0.5
-4.5,-4.5,-0.5
-4.5,-4.5,-0.5
-4.5,-4.5,-0.5
-4.5,-4.5,-0.5
-4.5,-4.5,-0.5
-4.5,-4.5,-0.5
-4.5,-4.5,-0.5
-4.5,-4.5,-0.5
-4.5,-4.5,-0.5
-4.5,-4.5,-0.5
-4.5,-4.5,-0.5
-4.5,-4.5,-0.5
-4.5,-4.5,-0.5
-4.5,-4.5,-0.5
-4.5,-4.5,-0.5
-4.5,-4.5,-0.5
-4.5,-4.5,-0.5
-4.5,-4.5,-0.5
-4.5,-4.5,-0.5
-4.5,-4.5,-0.5
-4.5,-4.5,-0.5
-4.5,-4.5,-0.5
-4.5,-4.5,-0.5
-4.5,-4.5,-0.5
-4.5,-4.5,-0.5
-4.5,-4.5,-0.5
-4.5,-4.5,-0.5
-4.5,-4.5,-0.5
-4.5,-4.5,-0.5
-4.5,-4.5,-0.5
-4.5,-4.5,-0.5
-4.5,-4.5,-0.5
-4.5,-4.5,-0.5
-4.5,-4.5,-0.5
-4.5,-4.5,-0.5
-4.5,-4.5,-0.5
-4.5,-4.5,-0.5
-4.5,-4.5,-0.5
-4.5,-4.5,-0.5
-4.5,-4.5,-0.5
-4.5,-4.5,-0.5
-4.5,-4.5,-0.5
-4.5,-4.5,-0.5
-4.5,-4.5,-0.5
-4.5,-4.5,-0.5
-4.5,-4.5,-0.5
-4.5,-4.5,-0.5
-4.5,-4.5,-0.5
-4.5,-4.5,-0.5
-4.5,-4.5,-0.5
-4.5,-4.5,-0.5
-4.5,-4.5,-0.5
-4.5,-4.5,-0.5
-4.5,-4.5,-0.5
-4.5,-4.5,-0.5
-4.5,-4.5,-0.5
-4.5,-4.5,-0.5
-4.5,-4.5,-0.5
-4.5,-4.5,-0.5
-4.5,-4.5,-0.5
-4.5,-4.5,-0.5
-4.5,-4.5,-0.5
-4.5,-4.5,-0.5
-4.5,-4.5,-0.5
-4.5,-4.5,-0.5
-4.5,-4.5,-0.5
-4.5,-4.5,-0.5
-4.5,-4.5,-0.5
-4.5,-4.5,-0.5
-4.5,-4.5,-0.5
-4.5,-4.5,-0.5
-4.5,-4.5,-0.5
-4.5,-4.5,-0.5
-4.5,-4.5,-0.5
-4.5,-4.5,-0.5
-4.5,-4.5,-0.5
-4.5,-4.5,-0.5
-4.5,-4.5,-0.5
-4.5,-4.5,-0.5
-4.5,-4.5,-0.5
-4.5,-4.5,-0.5
-4.5,-4.5,-0.5
-4.5,-4.5,-0.5
-4.5,-4.5,-0.5
-4.5,-4.5,-0.5
-4.5,-4.5,-0.5
-4.5,-4.5,-0.5
-4.5,-4.5,-0.5
-4.5,-4.5,-0.5
-4.5,-4.5,-0.5
-4.5,-4.5,-0.5
-4.5,-4.5,-0.5
-4.5,-4.5,-0.5
-4.5,-4.5,-0.5
-4.5,-4.5,-0.5
-4.5,-4.5,-0.5
-4.5,-4.5,-0.5
-4.5,-4.5,-0.5
-4.5,-4.5,-0.5
-4.5,-4.5,-0.5
-4.5,-4.5,-0.5
-4.5,-4.5,-0.5
-4.5,-4.5,-0.5
-4.5,-4.5,-0.5
-4.5,-4.5,-0.5
-4.5,-4.5,-0.5
-4.5,-4.5,-0.5
-4.5,-4.5,-0.5
-4.5,-4.5,-0.5
-4.5,-4.5,-0.5
-4.5,-4.5,-0.5
-4.5,-4.5,-0.5
-4.5,-4.5,-0.5
-4.5,-4.5,-0.5
-4.5,-4.5,-0.5
-4.5,-4.5,-0.5
-4.5,-4.5,-0.5
-4.5,-4.5,-0.5
-4.5,-4.5,-0.5
-4.5,-4.5,-0.5
-4.5,-4.5,-0.5
-4.5,-4.5,-0.5
-4.5,-4.5,-0.5
-4.5,-4.5,-0.5
-4.5,-4.5,-0.5
-4.5,-4.5,-0.5
-4.5,-4.5,-0.5
-4.5,-4.5,-0.5
-4.5,-4.5,-0.5
-4.5,-4.5,-0.5
-4.5,-4.5,-0.5
-4.5,-4.5,-0.5
-4.5,-4.5,-0.5
-4.5,-4.5,-0.5
-4.5,-4.5,-0.5
-4.5,-4.5,-0.5
-4.5,-4.5,-0.5
-4.5,-4.5,-0.5
-4.5,-4.5,-0.5
-4.5,-4.5,-0.5
-4.5,-4.5,-0.5
-4.5,-4.5,-0.5
-4.5,-4.5,-0.5
-4.5,-4.5,-0.5
-4.5,-4.5,-0.5
-4.5,-4.5,-0.5
-4.5,-4.5,-0.5
-4.5,-4.5,-0.5
-4.5,-4.5,-0.5
-4.5,-4.5,-0.5
-4.5,-4.5,-0.5
-4.5,-4.5,-0.5
-4.5,-4.5,-0.5
-4.5,-4.5,-0.5
-4.5,-4.5,-0.5
-4.5,-4.5,-0.5
-4.5,-4.5,-0.5
-4.5,-4.5,-0.5
-4.5,-4.5,-0.5
-4.5,-4.5,-0.5
-4.5,-4.5,-0.5
-4.5,-4.5,-0.5
-4.5,-4.5,-0.5
-4.5,-4.5,-0.5
-4.5,-4.5,-0.5
-4.5,-4.5,-0.5
-4.5,-4.5,-0.5
-4.5,-4.5,-0.5
-4.5,-4.5,-0.5
-4.5,-4.5,-0.5
-4.5,-4.5,-0.5
-4.5,-4.5,-0.5
-4.5,-4.5,-0.5
-4.5,-4.5,-0.5
-4.5,-4.5,-0.5
-4.5,-4.5,-0.5
-4.5,-4.5,-0.5
-4.5,-4.5,-0.5
-4.5,-4.5,-0.5
-4.5,-4.5,-0.5
-4.5,-4.5,-0.5
-4.5,-4.5,-0.5
-4.5,-4.5,-0.5
-4.5,-4.5,-0.5
-4.5,-4.5,-0.5
-4.5,-4.5,-0.5
-4.5,-4.5,-0.5
-4.5,-4.5,-0.5
-4.5,-4.5,-0.5
-4.5,-4.5,-0.5
-4.5,-4.5,-0.5
-4.5,-4.5,-0.5
-4.5,-4.5,-0.5
-4.5,-4.5,-0.5
-4.5,-4.5,-0.5
-4.5,-4.5,-0.5
-4.5,-4.5,-0.5
-4.5,-4.5,-0.5
-4.5,-4.5,-0.5
-4.5,-4.5,-0.5
-4.5,-4.5,-0.5
-4.5,-4.5,-0.5
-4.5,-4.5,-0.5
-4.5,-4.5,-0.5
-4.5,-4.5,-0.5
-4.5,-4.5,-0.5
-4.5,-4.5,-0.5
-4.5,-4.5,-0.5
-4.5,-4.5,-0.5
-4.5,-4.5,-0.5
-4.5,-4.5,-0.5
-4.5,-4.5,-0.5
-4.5,-4.5,-0.5
-4.5,-4.5,-0.5
-4.5,-4.5,-0.5
-4.5,-4.5,-0.5
-4.5,-4.5,-0.5
-4.5,-4.5,-0.5
-4.5,-4.5,-0.5
-4.5,-4.5,-0.5
-4.5,-4.5,-0.5
-4.5,-4.5,-0.5
-4.5,-4.5,-0.5
-4.5,-4.5,-0.5
-4.5,-4.5,-0.5
-4.5,-4.5,-0.5
-4.5,-4.5,-0.5
-4.5,-4.5,-0.5
-4.5,-4.5,-0.5
-4.5,-4.5,-0.5
-4.5,-4.5,-0.5
-4.5,-4.5,-0.5
-4.5,-4.5,-0.5
-4.5,-4.5,-0.5
-4.5,-4.5,-0.5
-4.5,-4.5,-0.5
-4.5,-4.5,-0.5
-4.5,-4.5,-0.5
-4.5,-4.5,-0.5
-4.5,-4.5,-0.5
-4.5,-4.5,-0.5
-4.5,-4.5,-0.5
-4.5,-4.5,-0.5
-4.5,-4.5,-0.5
-4.5,-4.5,-0.5
-4.5,-4.5,-0.5
-4.5,-4.5,-0.5
-4.5,-4.5,-0.5
-4.5,-4.5,-0.5
-4.5,-4.5,-0.5
-4.5,-4.5,-0.5
-4.5,-4.5,-0.5
-4.5,-4.5,-0.5
-4.5,-4.5,-0.5
-4.5,-4.5,-0.5
-4.5,-4.5,-0.5
-4.5,-4.5,-0.5
-4.5,-4.5,-0.5
-4.5,-4.5,-0.5
-4.5,-4.5,-0.5
-4.5,-4.5,-0.5
-4.5,-4.5,-0.5
-4.5,-4.5,-0.5
-4.5,-4.5,-0.5
-4.5,-4.5,-0.5
-4.5,-4.5,-0.5
-4.5,-4.5,-0.5
-4.5,-4.5,-0.5
-4.5,-4.5,-0.5
-4.5,-4.5,-0.5
-4.5,-4.5,-0.5
-4.5,-4.5,-0.5
-4.5,-4.5,-0.5
-4.5,-4.5,-0.5
-4.5,-4.5,-0.5
-4.5,-4.5,-0.5
-4.5,-4.5,-0.5
-4.5,-4.5,-0.5
-4.5,-4.5,-0.5
-4.5,-4.5,-0.5
-4.5,-4.5,-0.5
-4.5,-4.5,-0.5
-4.5,-4.5,-0.5
-4.5,-4.5,-0.5
-4.5,-4.5,-0.5
-4.5,-4.5,-0.5
-4.5,-4.5,-0.5
-4.5,-4.5,-0.5
-4.5,-4.5,-0.5
-4.5,-4.5,-0.5
-4.5,-4.5,-0.5
-4.5,-4.5,-0.5
-4.5,-4.5,-0.5
-4.5,-4.5,-0.5
-4.5,-4.5,-0.5
-4.5,-4.5,-0.5
-4.5,-4.5,-0.5
-4.5,-4.5,-0.5
-4.5,-4.5,-0.5
-4.5,-4.5,-0.5
-4.5,-4.5,-0.5
-4.5,-4.5,-0.5
-4.5,-4.5,-0.5
-4.5,-4.5,-0.5
-4.5,-4.5,-0.5
-4.5,-4.5,-0.5
-4.5,-4.5,-0.5
-4.5,-4.5,-0.5
-4.5,-4.5,-0.5
-4.5,-4.5,-0.5
-4.5,-4.5,-0.5
-4.5,-4.5,-0.5
-4.5,-4.5,-0.5
-4.5,-4.5,-0.5
-4.5,-4.5,-0.5
-4.5,-4.5,-0.5
-4.5,-4.5,-0.5
-4.5,-4.5,-0.5
-4.5,-4.5,-0.5
-4.5,-4.5,-0.5
-4.5,-4.5,-0.5
-4.5,-4.5,-0.5
-4.5,-4.5,-0.5
-4.5,-4.5,-0.5
-4.5,-4.5,-0.5
-4.5,-4.5,-0.5
-4.5,-4.5,-0.5
-4.5,-4.5,-0.5
-4.5,-4.5,-0.5
-4.5,-4.5,-0.5
-4.5,-4.5,-0.5
-4.5,-4.5,-0.5
-4.5,-4.5,-0.5
-4.5,-4.5,-0.5
-4.5,-4.5,-0.5
-4.5,-4.5,-0.5
-4.5,-4.5,-0.5
-4.5,-4.5,-0.5
-4.5,-4.5,-0.5
-4.5,-4.5,-0.5
-4.5,-4.5,-0.5
-4.5,-4.5,-0.5
-4.5,-4.5,-0.5
-4.5,-4.5,-0.5
-4.5,-4.5,-0.5
-4.5,-4.5,-0.5
-4.5,-4.5,-0.5
-4.5,-4.5,-0.5
-4.5,-4.5,-0.5
-4.5,-4.5,-0.5
-4.5,-4.5,-0.5
-4.5,-4.5,-0.5
-4.5,-4.5,-0.5
-4.5,-4.5,-0.5
-4.5,-4.5,-0.5
-4.5,-4.5,-0.5
-4.5,-4.5,-0.5
-4.5,-4.5,-0.5
-4.5,-4.5,-0.5
-4.5,-4.5,-0.5
-4.5,-4.5,-0.5
-4.5,-4.5,-0.5
-4.5,-4.5,-0.5
-4.5,-4.5,-0.5
-4.5,-4.5,-0.5
-4.5,-4.5,-0.5
-4.5,-4.5,-0.5
-4.5,-4.5,-0.5
-4.5,-4.5,-0.5
-4.5,-4.5,-0.5
-4.5,-4.5,-0.5
-4.5,-4.5,-0.5
-4.5,-4.5,-0.5
-4.5,-4.5,-0.5
-4.5,-4.5,-0.5
-4.5,-4.5,-0.5
-4.5,-4.5,-0.5
-4.5,-4.5,-0.5
-4.5,-4.5,-0.5
-4.5,-4.5,-0.5
-4.5,-4.5,-0.5
-4.5,-4.5,-0.5
-4.5,-4.5,-0.5
-4.5,-4.5,-0.5
-4.5,-4.5,-0.5
-4.5,-4.5,-0.5
-4.5,-4.5,-0.5
-4.5,-4.5,-0.5
-4.5,-4.5,-0.5
-4.5,-4.5,-0.5
-4.5,-4.5,-0.5
-4.5,-4.5,-0.5
-4.5,-4.5,-0.5
-4.5,-4.5,-0.5
-4.5,-4.5,-0.5
-4.5,-4.5,-0.5
-4.5,-4.5,-0.5
-4.5,-4.5,-0.5
-4.5,-4.5,-0.5
-4.5,-4.5,-0.5
-4.5,-4.5,-0.5
-4.5,-4.5,-0.5
-4.5,-4.5,-0.5
-4.5,-4.5,-0.5
-4.5,-4.5,-0.5
-4.5,-4.5,-0.5
-4.5,-4.5,-0.5
-4.5,-4.5,-0.5
-4.5,-4.5,-0.5
-4.5,-4.5,-0.5
-4.5,-4.5,-0.5
-4.5,-4.5,-0.5
-4.5,-4.5,-0.5
-4.5,-4.5,-0.5
-4.5,-4.5,-0.5
-4.5,-4.5,-0.5
-4.5,-4.5,-0.5
-4.5,-4.5,-0.5
-4.5,-4.5,-0.5
-4.5,-4.5,-0.5
-4.5,-4.5,-0.5
-4.5,-4.5,-0.5
-4.5,-4.5,-0.5
-4.5,-4.5,-0.5
-4.5,-4.5,-0.5
-4.5,-4.5,-0.5
-4.5,-4.5,-0.5
-4.5,-4.5,-0.5
-4.5,-4.5,-0.5
-4.5,-4.5,-0.5
-4.5,-4.5,-0.5
-4.5,-4.5,-0.5
-4.5,-4.5,-0.5
-4.5,-4.5,-0.5
-4.5,-4.5,-0.5
-4.5,-4.5,-0.5
-4.5,-4.5,-0.5
-4.5,-4.5,-0.5
-4.5,-4.5,-0.5
-4.5,-4.5,-0.5
-4.5,-4.5,-0.5
-4.5,-4.5,-0.5
-4.5,-4.5,-0.5
-4.5,-4.5,-0.5
-4.5,-4.5,-0.5
-4.5,-4.5,-0.5
-4.5,-4.5,-0.5
-4.5,-4.5,-0.5
-4.5,-4.5,-0.5
-4.5,-4.5,-0.5
-4.5,-4.5,-0.5
-4.5,-4.5,-0.5
-4.5,-4.5,-0.5
-4.5,-4.5,-0.5
-4.5,-4.5,-0.5
-4.5,-4.5,-0.5
-4.5,-4.5,-0.5
-4.5,-4.5,-0.5
-4.5,-4.5,-0.5
-4.5,-4.5,-0.5
-4.5,-4.5,-0.5
-4.5,-4.5,-0.5
-4.5,-4.5,-0.5
-4.5,-4.5,-0.5
-4.5,-4.5,-0.5
-4.5,-4.5,-0.5
-4.5,-4.5,-0.5
-4.5,-4.5,-0.5
-4.5,-4.5,-0.5
-4.5,-4.5,-0.5
-4.5,-4.5,-0.5
-4.5,-4.5,-0.5
-4.5,-4.5,-0.5
-4.5,-4.5,-0.5
-4.5,-4.5,-0.5
-4.5,-4.5,-0.5
-4.5,-4.5,-0.5
-4.5,-4.5,-0.5
-4.5,-4.5,-0.5
-4.5,-4.5,-0.5
-4.5,-4.5,-0.5
-4.5,-4.5,-0.5
-4.5,-4.5,-0.5
-4.5,-4.5,-0.5
-4.5,-4.5,-0.5
-4.5,-4.5,-0.5
-4.5,-4.5,-0.5
-4.5,-4.5,-0.5
-4.5,-4.5,-0.5
-4.5,-4.5,-0.5
-4.5,-4.5,-0.5
-4.5,-4.5,-0.5
-4.5,-4.5,-0.5
-4.5,-4.5,-0.5
-4.5,-4.5,-0.5
-4.5,-4.5,-0.5
-4.5,-4.5,-0.5
-4.5,-4.5,-0.5
-4.5,-4.5,-0.5
-4.5,-4.5,-0.5
-4.5,-4.5,-0.5
-4.5,-4.5,-0.5
-4.5,-4.5,-0.5
-4.5,-4.5,-0.5
-4.5,-4.5,-0.5
-4.5,-4.5,-0.5
-4.5,-4.5,-0.5
-4.5,-4.5,-0.5
-4.5,-4.5,-0.5
-4.5,-4.5,-0.5
-4.5,-4.5,-0.5
-4.5,-4.5,-0.5
-4.5,-4.5,-0.5
-4.5,-4.5,-0.5
-4.5,-4.5,-0.5
-4.5,-4.5,-0.5
-4.5,-4.5,-0.5
-4.5,-4.5,-0.5
-4.5,-4.5,-0.5
-4.5,-4.5,-0.5
-4.5,-4.5,-0.5
-4.5,-4.5,-0.5
-4.5,-4.5,-0.5
-4.5,-4.5,-0.5
-4.5,-4.5,-0.5
-4.5,-4.5,-0.5
-4.5,-4.5,-0.5
-4.5,-4.5,-0.5
-4.5,-4.5,-0.5
-4.5,-4.5,-0.5
-4.5,-4.5,-0.5
-4.5,-4.5,-0.5
-4.5,-4.5,-0.5
-4.5,-4.5,-0.5
-4.5,-4.5,-0.5
-4.5,-4.5,-0.5
-4.5,-4.5,-0.5
-4.5,-4.5,-0.5
-4.5,-4.5,-0.5
-4.5,-4.5,-0.5
-4.5,-4.5,-0.5
-4.5,-4.5,-0.5
-4.5,-4.5,-0.5
-4.5,-4.5,-0.5
-4.5,-4.5,-0.5
-4.5,-4.5,-0.5
-4.5,-4.5,-0.5
-4.5,-4.5,-0.5
-4.5,-4.5,-0.5
-4.5,-4.5,-0.5
-4.5,-4.5,-0.5
-4.5,-4.5,-0.5
-4.5,-4.5,-0.5
-4.5,-4.5,-0.5
-4.5,-4.5,-0.5
-4.5,-4.5,-0.5
-4.5,-4.5,-0.5
-4.5,-4.5,-0.5
-4.5,-4.5,-0.5
-4.5,-4.5,-0.5
-4.5,-4.5,-0.5
-4.5,-4.5,-0.5
-4.5,-4.5,-0.5
-4.5,-4.5,-0.5
-4.5,-4.5,-0.5
-4.5,-4.5,-0.5
-4.5,-4.5,-0.5
-4.5,-4.5,-0.5
-4.5,-4.5,-0.5
-4.5,-4.5,-0.5
-4.5,-4.5,-0.5
-4.5,-4.5,-0.5
-4.5,-4.5,-0.5
-4.5,-4.5,-0.5
-4.5,-4.5,-0.5
-4.5,-4.5,-0.5
-4.5,-4.5,-0.5
-4.5,-4.5,-0.5
-4.5,-4.5,-0.5
-4.5,-4.5,-0.5
-4.5,-4.5,-0.5
-4.5,-4.5,-0.5
-4.5,-4.5,-0.5
-4.5,-4.5,-0.5
-4.5,-4.5,-0.5
-4.5,-4.5,-0.5
-4.5,-4.5,-0.5
-4.5,-4.5,-0.5
-4.5,-4.5,-0.5
-4.5,-4.5,-0.5
-4.5,-4.5,-0.5
-4.5,-4.5,-0.5
-4.5,-4.5,-0.5
-4.5,-4.5,-0.5
-4.5,-4.5,-0.5
-4.5,-4.5,-0.5
-4.5,-4.5,-0.5
-4.5,-4.5,-0.5
-4.5,-4.5,-0.5
-4.5,-4.5,-0.5
-4.5,-4.5,-0.5
-4.5,-4.5,-0.5
-4.5,-4.5,-0.5
-4.5,-4.5,-0.5
-4.5,-4.5,-0.5
-4.5,-4.5,-0.5
-4.5,-4.5,-0.5
-4.5,-4.5,-0.5
-4.5,-4.5,-0.5
-4.5,-4.5,-0.5
-4.5,-4.5,-0.5
-4.5,-4.5,-0.5
-4.5,-4.5,-0.5
-4.5,-4.5,-0.5
-4.5,-4.5,-0.5
-4.5,-4.5,-0.5
-4.5,-4.5,-0.5
-4.5,-4.5,-0.5
-4.5,-4.5,-0.5
-4.5,-4.5,-0.5
-4.5,-4.5,-0.5
-4.5,-4.5,-0.5
-4.5,-4.5,-0.5
-4.5,-4.5,-0.5
-4.5,-4.5,-0.5
-4.5,-4.5,-0.5
-4.5,-4.5,-0.5
-4.5,-4.5,-0.5
-4.5,-4.5,-0.5
-4.5,-4.5,-0.5
-4.5,-4.5,-0.5
-4.5,-4.5,-0.5
-4.5,-4.5,-0.5
-4.5,-4.5,-0.5
-4.5,-4.5,-0.5
-4.5,-4.5,-0.5
-4.5,-4.5,-0.5
-4.5,-4.5,-0.5
-4.5,-4.5,-0.5
-4.5,-4.5,-0.5
-4.5,-4.5,-0.5
-4.5,-4.5,-0.5
-4.5,-4.5,-0.5
-4.5,-4.5,-0.5
-4.5,-4.5,-0.5
-4.5,-4.5,-0.5
-4.5,-4.5,-0.5
-4.5,-4.5,-0.5
-4.5,-4.5,-0.5
-4.5,-4.5,-0.5
-4.5,-4.5,-0.5
-4.5,-4.5,-0.5
-4.5,-4.5,-0.5
-4.5,-4.5,-0.5
-4.5,-4.5,-0.5
-4.5,-4.5,-0.5
-4.5,-4.5,-0.5
-4.5,-4.5,-0.5
-4.5,-4.5,-0.5
-4.5,-4.5,-0.5
-4.5,-4.5,-0.5
-4.5,-4.5,-0.5
-4.5,-4.5,-0.5
-4.5,-4.5,-0.5
-4.5,-4.5,-0.5
-4.5,-4.5,-0.5
-4.5,-4.5,-0.5
-4.5,-4.5,-0.5
-4.5,-4.5,-0.5
-4.5,-4.5,-0.5
-4.5,-4.5,-0.5
-4.5,-4.5,-0.5
-4.5,-4.5,-0.5
-4.5,-4.5,-0.5
-4.5,-4.5,-0.5
-4.5,-4.5,-0.5
-4.5,-4.5,-0.5
-4.5,-4.5,-0.5
-4.5,-4.5,-0.5
-4.5,-4.5,-0.5
-4.5,-4.5,-0.5
-4.5,-4.5,-0.5
-4.5,-4.5,-0.5
-4.5,-4.5,-0.5
-4.5,-4.5,-0.5
-4.5,-4.5,-0.5
-4.5,-4.5,-0.5
-4.5,-4.5,-0.5
-4.5,-4.5,-0.5
-4.5,-4.5,-0.5
-4.5,-4.5,-0.5
-4.5,-4.5,-0.5
-4.5,-4.5,-0.5
-4.5,-4.5,-0.5
-4.5,-4.5,-0.5
-4.5,-4.5,-0.5
-4.5,-4.5,-0.5
-4.5,-4.5,-0.5
-4.5,-4.5,-0.5
-4.5,-4.5,-0.5
-4.5,-4.5,-0.5
-4.5,-4.5,-0.5
-4.5,-4.5,-0.5
-4.5,-4.5,-0.5
-4.5,-4.5,-0.5
-4.5,-4.5,-0.5
-4.5,-4.5,-0.5
-4.5,-4.5,-0.5
-4.5,-4.5,-0.5
-4.5,-4.5,-0.5
-4.5,-4.5,-0.5
-4.5,-4.5,-0.5
-4.5,-4.5,-0.5
-4.5,-4.5,-0.5
-4.5,-4.5,-0.5
-4.5,-4.5,-0.5
-4.5,-4.5,-0.5
-4.5,-4.5,-0.5
-4.5,-4.5,-0.5
-4.5,-4.5,-0.5
-4.5,-4.5,-0.5
-4.5,-4.5,-0.5
-4.5,-4.5,-0.5
-4.5,-4.5,-0.5
-4.5,-4.5,-0.5
-4.5,-4.5,-0.5
-4.5,-4.5,-0.5
-4.5,-4.5,-0.5
-4.5,-4.5,-0.5
-4.5,-4.5,-0.5
-4.5,-4.5,-0.5
-4.5,-4.5,-0.5
-4.5,-4.5,-0.5
-4.5,-4.5,-0.5
-4.5,-4.5,-0.5
-4.5,-4.5,-0.5
-4.5,-4.5,-0.5
-4.5,-4.5,-0.5
-4.5,-4.5,-0.5
-4.5,-4.5,-0.5
-4.5,-4.5,-0.5
-4.5,-4.5,-0.5
-4.5,-4.5,-0.5
-4.5,-4.5,-0.5
-4.5,-4.5,-0.5
-4.5,-4.5,-0.5
-4.5,-4.5,-0.5
-4.5,-4.5,-0.5
-4.5,-4.5,-0.5
-4.5,-4.5,-0.5
-4.5,-4.5,-0.5
-4.5,-4.5,-0.5
-4.5,-4.5,-0.5
-4.5,-4.5,-0.5
-4.5,-4.5,-0.5
-4.5,-4.5,-0.5
-4.5,-4.5,-0.5
-4.5,-4.5,-0.5
-4.5,-4.5,-0.5
-4.5,-4.5,-0.5
-4.5,-4.5,-0.5
-4.5,-4.5,-0.5
-4.5,-4.5,-0.5
-4.5,-4.5,-0.5
-4.5,-4.5,-0.5
-4.5,-4.5,-0.5
-4.5,-4.5,-0.5
-4.5,-4.5,-0.5
-4.5,-4.5,-0.5
-4.5,-4.5,-0.5
-4.5,-4.5,-0.5
-4.5,-4.5,-0.5
-4.5,-4.5,-0.5
-4.5,-4.5,-0.5
-4.5,-4.5,-0.5
-4.5,-4.5,-0.5
-4.5,-4.5,-0.5
-4.5,-4.5,-0.5
-4.5,-4.5,-0.5
-4.5,-4.5,-0.5
-4.5,-4.5,-0.5
-4.5,-4.5,-0.5
-4.5,-4.5,-0.5
-4.5,-4.5,-0.5
-4.5,-4.5,-0.5
-4.5,-4.5,-0.5
-4.5,-4.5,-0.5
-4.5,-4.5,-0.5
-4.5,-4.5,-0.5
-4.5,-4.5,-0.5
-4.5,-4.5,-0.5
-4.5,-4.5,-0.5
-4.5,-4.5,-0.5
-4.5,-4.5,-0.5
-4.5,-4.5,-0.5
-4.5,-4.5,-0.5
-4.5,-4.5,-0.5
-4.5,-4.5,-0.5
-4.5,-4.5,-0.5
-4.5,-4.5,-0.5
-4.5,-4.5,-0.5
-4.5,-4.5,-0.5
-4.5,-4.5,-0.5
-4.5,-4.5,-0.5
-4.5,-4.5,-0.5
-4.5,-4.5,-0.5
-4.5,-4.5,-0.5
-4.5,-4.5,-0.5
-4.5,-4.5,-0.5
-4.5,-4.5,-0.5
-4.5,-4.5,-0.5
-4.5,-4.5,-0.5
-4.5,-4.5,-0.5
-4.5,-4.5,-0.5
-4.5,-4.5,-0.5
-4.5,-4.5,-0.5
-4.5,-4.5,-0.5
-4.5,-4.5,-0.5
-4.5,-4.5,-0.5
-4.5,-4.5,-0.5
-4.5,-4.5,-0.5
-4.5,-4.5,-0.5
-4.5,-4.5,-0.5
-4.5,-4.5,-0.5
-4.5,-4.5,-0.5
-4.5,-4.5,-0.5
-4.5,-4.5,-0.5
-4.5,-4.5,-0.5
-4.5,-4.5,-0.5
-4.5,-4.5,-0.5
-4.5,-4.5,-0.5
-4.5,-4.5,-0.5
-4.5,-4.5,-0.5
-4.5,-4.5,-0.5
-4.5,-4.5,-0.5
-4.5,-4.5,-0.5
-4.5,-4.5,-0.5
-4.5,-4.5,-0.5
-4.5,-4.5,-0.5
-4.5,-4.5,-0.5
-4.5,-4.5,-0.5
-4.5,-4.5,-0.5
-4.5,-4.5,-0.5
-4.5,-4.5,-0.5
-4.5,-4.5,-0.5
-4.5,-4.5,-0.5
-4.5,-4.5,-0.5
-4.5,-4.5,-0.5
-4.5,-4.5,-0.5
-4.5,-4.5,-0.5
-4.5,-4.5,-0.5
-4.5,-4.5,-0.5
-4.5,-4.5,-0.5
-4.5,-4.5,-0.5
-4.5,-4.5,-0.5
-4.5,-4.5,-0.5
-4.5,-4.5,-0.5
-4.5,-4.5,-0.5
-4.5,-4.5,-0.5
-4.5,-4.5,-0.5
-4.5,-4.5,-0.5
-4.5,-4.5,-0.5
-4.5,-4.5,-0.5
-4.5,-4.5,-0.5
-4.5,-4.5,-0.5
-4.5,-4.5,-0.5
-4.5,-4.5,-0.5
-4.5,-4.5,-0.5
-4.5,-4.5,-0.5
-4.5,-4.5,-0.5
-4.5,-4.5,-0.5
-4.5,-4.5,-0.5
-4.5,-4.5,-0.5
-4.5,-4.5,-0.5
-4.5,-4.5,-0.5
-4.5,-4.5,-0.5
-4.5,-4.5,-0.5
-4.5,-4.5,-0.5
-4.5,-4.5,-0.5
-4.5,-4.5,-0.5
-4.5,-4.5,-0.5
-4.5,-4.5,-0.5
-4.5,-4.5,-0.5
-4.5,-4.5,-0.5
-4.5,-4.5,-0.5
-4.5,-4.5,-0.5
-4.5,-4.5,-0.5
-4.5,-4.5,-0.5
-4.5,-4.5,-0.5
-4.5,-4.5,-0.5
-4.5,-4.5,-0.5
-4.5,-4.5,-0.5
-4.5,-4.5,-0.5
-4.5,-4.5,-0.5
-4.5,-4.5,-0.5
-4.5,-4.5,-0.5
-4.5,-4.5,-0.5
-4.5,-4.5,-0.5
-4.5,-4.5,-0.5
-4.5,-4.5,-0.5
-4.5,-4.5,-0.5
-4.5,-4.5,-0.5
-4.5,-4.5,-0.5
-4.5,-4.5,-0.5
-4.5,-4.5,-0.5
-4.5,-4.5,-0.5
-4.5,-4.5,-0.5
-4.5,-4.5,-0.5
-4.5,-4.5,-0.5
-4.5,-4.5,-0.5
-4.5,-4.5,-0.5
-4.5,-4.5,-0.5
-4.5,-4.5,-0.5
-4.5,-4.5,-0.5
-4.5,-4.5,-0.5
-4.5,-4.5,-0.5
-4.5,-4.5,-0.5
-4.5,-4.5,-0.5
-4.5,-4.5,-0.5
-4.5,-4.5,-0.5
-4.5,-4.5,-0.5
-4.5,-4.5,-0.5
-4.5,-4.5,-0.5
-4.5,-4.5,-0.5
-4.5,-4.5,-0.5
-4.5,-4.5,-0.5
-4.5,-4.5,-0.5
-4.5,-4.5,-0.5
-4.5,-4.5,-0.5
-4.5,-4.5,-0.5
-4.5,-4.5,-0.5
-4.5,-4.5,-0.5
-4.5,-4.5,-0.5
-4.5,-4.5,-0.5
-4.5,-4.5,-0.5
-4.5,-4.5,-0.5
-4.5,-4.5,-0.5
-4.5,-4.5,-0.5
-4.5,-4.5,-0.5
-4.5,-4.5,-0.5
-4.5,-4.5,-0.5
-4.5,-4.5,-0.5
-4.5,-4.5,-0.5
-4.5,-4.5,-0.5
-4.5,-4.5,-0.5
-4.5,-4.5,-0.5
-4.5,-4.5,-0.5
-4.5,-4.5,-0.5
-4.5,-4.5,-0.5
-4.5,-4.5,-0.5
-4.5,-4.5,-0.5
-4.5,-4.5,-0.5
-4.5,-4.5,-0.5
-4.5,-4.5,-0.5
-4.5,-4.5,-0.5
-4.5,-4.5,-0.5
-4.5,-4.5,-0.5
-4.5,-4.5,-0.5
-4.5,-4.5,-0.5
-4.5,-4.5,-0.5
-4.5,-4.5,-0.5
-4.5,-4.5,-0.5
-4.5,-4.5,-0.5
-4.5,-4.5,-0.5
-4.5,-4.5,-0.5
-4.5,-4.5,-0.5
-4.5,-4.5,-0.5
-4.5,-4.5,-0.5
-4.5,-4.5,-0.5
-4.5,-4.5,-0.5
-4.5,-4.5,-0.5
-4.5,-4.5,-0.5
-4.5,-4.5,-0.5
-4.5,-4.5,-0.5
-4.5,-4.5,-0.5
-4.5,-4.5,-0.5
-4.5,-4.5,-0.5
-4.5,-4.5,-0.5
-4.5,-4.5,-0.5
-4.5,-4.5,-0.5
-4.5,-4.5,-0.5
-4.5,-4.5,-0.5
-4.5,-4.5,-0.5
-4.5,-4.5,-0.5
-4.5,-4.5,-0.5
-4.5,-4.5,-0.5
-4.5,-4.5,-0.5
-4.5,-4.5,-0.5
-4.5,-4.5,-0.5
-4.5,-4.5,-0.5
-4.5,-4.5,-0.5
-4.5,-4.5,-0.5
-4.5,-4.5,-0.5
-4.5,-4.5,-0.5
-4.5,-4.5,-0.5
-4.5,-4.5,-0.5
-4.5,-4.5,-0.5
-4.5,-4.5,-0.5
-4.5,-4.5,-0.5
-4.5,-4.5,-0.5
-4.5,-4.5,-0.5
-4.5,-4.5,-0.5
-4.5,-4.5,-0.5
-4.5,-4.5,-0.5
-4.5,-4.5,-0.5
-4.5,-4.5,-0.5
-4.5,-4.5,-0.5
-4.5,-4.5,-0.5
-4.5,-4.5,-0.5
-4.5,-4.5,-0.5
-4.5,-4.5,-0.5
-4.5,-4.5,-0.5
-4.5,-4.5,-0.5
-4.5,-4.5,-0.5
-4.5,-4.5,-0.5
-4.5,-4.5,-0.5
-4.5,-4.5,-0.5
-4.5,-4.5,-0.5
-4.5,-4.5,-0.5
-4.5,-4.5,-0.5
-4.5,-4.5,-0.5
-4.5,-4.5,-0.5
-4.5,-4.5,-0.5
-4.5,-4.5,-0.5
-4.5,-4.5,-0.5
-4.5,-4.5,-0.5
-4.5,-4.5,-0.5
-4.5,-4.5,-0.5
-4.5,-4.5,-0.5
-4.5,-4.5,-0.5
-4.5,-4.5,-0.5
-4.5,-4.5,-0.5
-4.5,-4.5,-0.5
-4.5,-4.5,-0.5
-4.5,-4.5,-0.5
-4.5,-4.5,-0.5
-4.5,-4.5,-0.5
-4.5,-4.5,-0.5
-4.5,-4.5,-0.5
-4.5,-4.5,-0.5
-4.5,-4.5,-0.5
-4.5,-4.5,-0.5
-4.5,-4.5,-0.5
-4.5,-4.5,-0.5
-4.5,-4.5,-0.5
-4.5,-4.5,-0.5
-4.5,-4.5,-0.5
-4.5,-4.5,-0.5
-4.5,-4.5,-0.5
-4.5,-4.5,-0.5
-4.5,-4.5,-0.5
-4.5,-4.5,-0.5
-4.5,-4.5,-0.5
-4.5,-4.5,-0.5
-4.5,-4.5,-0.5
-4.5,-4.5,-0.5
-4.5,-4.5,-0.5
-4.5,-4.5,-0.5
-4.5,-4.5,-0.5
-4.5,-4.5,-0.5
-4.5,-4.5,-0.5
-4.5,-4.5,-0.5
-4.5,-4.5,-0.5
-4.5,-4.5,-0.5
-4.5,-4.5,-0.5
-4.5,-4.5,-0.5
-4.5,-4.5,-0.5
-4.5,-4.5,-0.5
-4.5,-4.5,-0.5
-4.5,-4.5,-0.5
-4.5,-4.5,-0.5
-4.5,-4.5,-0.5
-4.5,-4.5,-0.5
-4.5,-4.5,-0.5
-4.5,-4.5,-0.5
-4.5,-4.5,-0.5
-4.5,-4.5,-0.5
-4.5,-4.5,-0.5
-4.5,-4.5,-0.5
-4.5,-4.5,-0.5
-4.5,-4.5,-0.5
-4.5,-4.5,-0.5
-4.5,-4.5,-0.5
-4.5,-4.5,-0.5
-4.5,-4.5,-0.5
-4.5,-4.5,-0.5
-4.5,-4.5,-0.5
-4.5,-4.5,-0.5
-4.5,-4.5,-0.5
-4.5,-4.5,-0.5
-4.5,-4.5,-0.5
-4.5,-4.5,-0.5
-4.5,-4.5,-0.5
-4.5,-4.5,-0.5
-4.5,-4.5,-0.5
-4.5,-4.5,-0.5
-4.5,-4.5,-0.5
-4.5,-4.5,-0.5
-4.5,-4.5,-0.5
-4.5,-4.5,-0.5
-4.5,-4.5,-0.5
-4.5,-4.5,-0.5
-4.5,-4.5,-0.5
-4.5,-4.5,-0.5
-4.5,-4.5,-0.5
-4.5,-4.5,-0.5
-4.5,-4.5,-0.5
-4.5,-4.5,-0.5
-4.5,-4.5,-0.5
-4.5,-4.5,-0.5
-4.5,-4.5,-0.5
-4.5,-4.5,-0.5
-4.5,-4.5,-0.5
-4.5,-4.5,-0.5
-4.5,-4.5,-0.5
-4.5,-4.5,-0.5
-4.5,-4.5,-0.5
-4.5,-4.5,-0.5
-4.5,-4.5,-0.5
-4.5,-4.5,-0.5
-4.5,-4.5,-0.5
-4.5,-4.5,-0.5
-4.5,-4.5,-0.5
-4.5,-4.5,-0.5
-4.5,-4.5,-0.5
-4.5,-4.5,-0.5
-4.5,-4.5,-0.5
-4.5,-4.5,-0.5
-4.5,-4.5,-0.5
-4.5,-4.5,-0.5
-4.5,-4.5,-0.5
-4.5,-4.5,-0.5
-4.5,-4.5,-0.5
-4.5,-4.5,-0.5
-4.5,-4.5,-0.5
-4.5,-4.5,-0.5
-4.5,-4.5,-0.5
-4.5,-4.5,-0.5
-4.5,-4.5,-0.5
-4.5,-4.5,-0.5
-4.5,-4.5,-0.5
-4.5,-4.5,-0.5
-4.5,-4.5,-0.5
-4.5,-4.5,-0.5
-4.5,-4.5,-0.5
-4.5,-4.5,-0.5
-4.5,-4.5,-0.5
-4.5,-4.5,-0.5
-4.5,-4.5,-0.5
-4.5,-4.5,-0.5
-4.5,-4.5,-0.5
-4.5,-4.5,-0.5
-4.5,-4.5,-0.5
-4.5,-4.5,-0.5
-4.5,-4.5,-0.5
-4.5,-4.5,-0.5
-4.5,-4.5,-0.5
-4.5,-4.5,-0.5
-4.5,-4.5,-0.5
-4.5,-4.5,-0.5
-4.5,-4.5,-0.5
-4.5,-4.5,-0.5
-4.5,-4.5,-0.5
-4.5,-4.5,-0.5
-4.5,-4.5,-0.5
-4.5,-4.5,-0.5
-4.5,-4.5,-0.5
-4.5,-4.5,-0.5
-4.5,-4.5,-0.5
-4.5,-4.5,-0.5
-4.5,-4.5,-0.5
-4.5,-4.5,-0.5
-4.5,-4.5,-0.5
-4.5,-4.5,-0.5
-4.5,-4.5,-0.5
-4.5,-4.5,-0.5
-4.5,-4.5,-0.5
-4.5,-4.5,-0.5
-4.5,-4.5,-0.5
-4.5,-4.5,-0.5
-4.5,-4.5,-0.5
-4.5,-4.5,-0.5
-4.5,-4.5,-0.5
-4.5,-4.5,-0.5
-4.5,-4.5,-0.5
-4.5,-4.5,-0.5
-4.5,-4.5,-0.5
-4.5,-4.5,-0.5
-4.5,-4.5,-0.5
-4.5,-4.5,-0.5
-4.5,-4.5,-0.5
-4.5,-4.5,-0.5
-4.5,-4.5,-0.5
-4.5,-4.5,-0.5
-4.5,-4.5,-0.5
-4.5,-4.5,-0.5
-4.5,-4.5,-0.5
-4.5,-4.5,-0.5
-4.5,-4.5,-0.5
-4.5,-4.5,-0.5
-4.5,-4.5,-0.5
-4.5,-4.5,-0.5
-4.5,-4.5,-0.5
-4.5,-4.5,-0.5
-4.5,-4.5,-0.5
-4.5,-4.5,-0.5
-4.5,-4.5,-0.5
-4.5,-4.5,-0.5
-4.5,-4.5,-0.5
-4.5,-4.5,-0.5
-4.5,-4.5,-0.5
-4.5,-4.5,-0.5
-4.5,-4.5,-0.5
-4.5,-4.5,-0.5
-4.5,-4.5,-0.5
-4.5,-4.5,-0.5
-4.5,-4.5,-0.5
-4.5,-4.5,-0.5
-4.5,-4.5,-0.5
-4.5,-4.5,-0.5
-4.5,-4.5,-0.5
-4.5,-4.5,-0.5
-4.5,-4.5,-0.5
-4.5,-4.5,-0.5
-4.5,-4.5,-0.5
-4.5,-4.5,-0.5
-4.5,-4.5,-0.5
-4.5,-4.5,-0.5
-4.5,-4.5,-0.5
-4.5,-4.5,-0.5
-4.5,-4.5,-0.5
-4.5,-4.5,-0.5
-4.5,-4.5,-0.5
-4.5,-4.5,-0.5
-4.5,-4.5,-0.5
-4.5,-4.5,-0.5
-4.5,-4.5,-0.5
-4.5,-4.5,-0.5
-4.5,-4.5,-0.5
-4.5,-4.5,-0.5
-4.5,-4.5,-0.5
-4.5,-4.5,-0.5
-4.5,-4.5,-0.5
-4.5,-4.5,-0.5
-4.5,-4.5,-0.5
-4.5,-4.5,-0.5
-4.5,-4.5,-0.5
-4.5,-4.5,-0.5
-4.5,-4.5,-0.5
-4.5,-4.5,-0.5
-4.5,-4.5,-0.5
-4.5,-4.5,-0.5
-4.5,-4.5,-0.5
-4.5,-4.5,-0.5
-4.5,-4.5,-0.5
-4.5,-4.5,-0.5
-4.5,-4.5,-0.5
-4.5,-4.5,-0.5
-4.5,-4.5,-0.5
-4.5,-4.5,-0.5
-4.5,-4.5,-0.5
-4.5,-4.5,-0.5
-4.5,-4.5,-0.5
-4.5,-4.5,-0.5
-4.5,-4.5,-0.5
-4.5,-4.5,-0.5
-4.5,-4.5,-0.5
-4.5,-4.5,-0.5
-4.5,-4.5,-0.5
-4.5,-4.5,-0.5
-4.5,-4.5,-0.5
-4.5,-4.5,-0.5
-4.5,-4.5,-0.5
-4.5,-4.5,-0.5
-4.5,-4.5,-0.5
-4.5,-4.5,-0.5
-4.5,-4.5,-0.5
-4.5,-4.5,-0.5
-4.5,-4.5,-0.5
-4.5,-4.5,-0.5
-4.5,-4.5,-0.5
-4.5,-4.5,-0.5
-4.5,-4.5,-0.5
-4.5,-4.5,-0.5
-4.5,-4.5,-0.5
-4.5,-4.5,-0.5
-4.5,-4.5,-0.5
-4.5,-4.5,-0.5
-4.5,-4.5,-0.5
-4.5,-4.5,-0.5
-4.5,-4.5,-0.5
-4.5,-4.5,-0.5
-4.5,-4.5,-0.5
-4.5,-4.5,-0.5
-4.5,-4.5,-0.5
-4.5,-4.5,-0.5
-4.5,-4.5,-0.5
-4.5,-4.5,-0.5
-4.5,-4.5,-0.5
-4.5,-4.5,-0.5
-4.5,-4.5,-0.5
-4.5,-4.5,-0.5
-4.5,-4.5,-0.5
-4.5,-4.5,-0.5
-4.5,-4.5,-0.5
-4.5,-4.5,-0.5
-4.5,-4.5,-0.5
-4.5,-4.5,-0.5
-4.5,-4.5,-0.5
-4.5,-4.5,-0.5
-4.5,-4.5,-0.5
-4.5,-4.5,-0.5
-4.5,-4.5,-0.5
-4.5,-4.5,-0.5
-4.5,-4.5,-0.5
-4.5,-4.5,-0.5
-4.5,-4.5,-0.5
-4.5,-4.5,-0.5
-4.5,-4.5,-0.5
-4.5,-4.5,-0.5
-4.5,-4.5,-0.5
-4.5,-4.5,-0.5
-4.5,-4.5,-0.5
-4.5,-4.5,-0.5
-4.5,-4.5,-0.5
-4.5,-4.5,-0.5
-4.5,-4.5,-0.5
-4.5,-4.5,-0.5
-4.5,-4.5,-0.5
-4.5,-4.5,-0.5
-4.5,-4.5,-0.5
-4.5,-4.5,-0.5
-4.5,-4.5,-0.5
-4.5,-4.5,-0.5
-4.5,-4.5,-0.5
-4.5,-4.5,-0.5
-4.5,-4.5,-0.5
-4.5,-4.5,-0.5
-4.5,-4.5,-0.5
-4.5,-4.5,-0.5
-4.5,-4.5,-0.5
-4.5,-4.5,-0.5
-4.5,-4.5,-0.5
-4.5,-4.5,-0.5
-4.5,-4.5,-0.5
-4.5,-4.5,-0.5
-4.5,-4.5,-0.5
-4.5,-4.5,-0.5
-4.5,-4.5,-0.5
-4.5,-4.5,-0.5
-4.5,-4.5,-0.5
-4.5,-4.5,-0.5
-4.5,-4.5,-0.5
-4.5,-4.5,-0.5
-4.5,-4.5,-0.5
-4.5,-4.5,-0.5
-4.5,-4.5,-0.5
-4.5,-4.5,-0.5
-4.5,-4.5,-0.5
-4.5,-4.5,-0.5
-4.5,-4.5,-0.5
-4.5,-4.5,-0.5
-4.5,-4.5,-0.5
-4.5,-4.5,-0.5
-4.5,-4.5,-0.5
-4.5,-4.5,-0.5
-4.5,-4.5,-0.5
-4.5,-4.5,-0.5
-4.5,-4.5,-0.5
-4.5,-4.5,-0.5
-4.5,-4.5,-0.5
-4.5,-4.5,-0.5
-4.5,-4.5,-0.5
-4.5,-4.5,-0.5
-4.5,-4.5,-0.5
-4.5,-4.5,-0.5
-4.5,-4.5,-0.5
-4.5,-4.5,-0.5
-4.5,-4.5,-0.5
-4.5,-4.5,-0.5
-4.5,-4.5,-0.5
-4.5,-4.5,-0.5
-4.5,-4.5,-0.5
-4.5,-4.5,-0.5
-4.5,-4.5,-0.5
-4.5,-4.5,-0.5
-4.5,-4.5,-0.5
-4.5,-4.5,-0.5
-4.5,-4.5,-0.5
-4.5,-4.5,-0.5
-4.5,-4.5,-0.5
-4.5,-4.5,-0.5
-4.5,-4.5,-0.5
-4.5,-4.5,-0.5
-4.5,-4.5,-0.5
-4.5,-4.5,-0.5
-4.5,-4.5,-0.5
-4.5,-4.5,-0.5
-4.5,-4.5,-0.5
-4.5,-4.5,-0.5
-4.5,-4.5,-0.5
-4.5,-4.5,-0.5
-4.5,-4.5,-0.5
-4.5,-4.5,-0.5
-4.5,-4.5,-0.5
-4.5,-4.5,-0.5
-4.5,-4.5,-0.5
-4.5,-4.5,-0.5
-4.5,-4.5,-0.5
-4.5,-4.5,-0.5
-4.5,-4.5,-0.5
-4.5,-4.5,-0.5
-4.5,-4.5,-0.5
-4.5,-4.5,-0.5
-4.5,-4.5,-0.5
-4.5,-4.5,-0.5
-4.5,-4.5,-0.5
-4.5,-4.5,-0.5
-4.5,-4.5,-0.5
-4.5,-4.5,-0.5
-4.5,-4.5,-0.5
-4.5,-4.5,-0.5
-4.5,-4.5,-0.5
-4.5,-4.5,-0.5
-4.5,-4.5,-0.5
-4.5,-4.5,-0.5
-4.5,-4.5,-0.5
-4.5,-4.5,-0.5
-4.5,-4.5,-0.5
-4.5,-4.5,-0.5
-4.5,-4.5,-0.5
-4.5,-4.5,-0.5
-4.5,-4.5,-0.5
-4.5,-4.5,-0.5
-4.5,-4.5,-0.5
-4.5,-4.5,-0.5
-4.5,-4.5,-0.5
-4.5,-4.5,-0.5
-4.5,-4.5,-0.5
-4.5,-4.5,-0.5
-4.5,-4.5,-0.5
-4.5,-4.5,-0.5
-4.5,-4.5,-0.5
-4.5,-4.5,-0.5
-4.5,-4.5,-0.5
-4.5,-4.5,-0.5
-4.5,-4.5,-0.5
-4.5,-4.5,-0.5
-4.5,-4.5,-0.5
-4.5,-4.5,-0.5
-4.5,-4.5,-0.5
-4.5,-4.5,-0.5
-4.5,-4.5,-0.5
-4.5,-4.5,-0.5
-4.5,-4.5,-0.5
-4.5,-4.5,-0.5
-4.5,-4.5,-0.5
-4.5,-4.5,-0.5
-4.5,-4.5,-0.5
-4.5,-4.5,-0.5
-4.5,-4.5,-0.5
-4.5,-4.5,-0.5
-4.5,-4.5,-0.5
-4.5,-4.5,-0.5
-4.5,-4.5,-0.5
-4.5,-4.5,-0.5
-4.5,-4.5,-0.5
-4.5,-4.5,-0.5
-4.5,-4.5,-0.5
-4.5,-4.5,-0.5
-4.5,-4.5,-0.5
-4.5,-4.5,-0.5
-4.5,-4.5,-0.5
-4.5,-4.5,-0.5
-4.5,-4.5,-0.5
-4.5,-4.5,-0.5
-4.5,-4.5,-0.5
-4.5,-4.5,-0.5
-4.5,-4.5,-0.5
-4.5,-4.5,-0.5
-4.5,-4.5,-0.5
-4.5,-4.5,-0.5
-4.5,-4.5,-0.5
-4.5,-4.5,-0.5
-4.5,-4.5,-0.5
-4.5,-4.5,-0.5
-4.5,-4.5,-0.5
-4.5,-4.5,-0.5
-4.5,-4.5,-0.5
-4.5,-4.5,-0.5
-4.5,-4.5,-0.5
-4.5,-4.5,-0.5
-4.5,-4.5,-0.5
-4.5,-4.5,-0.5
-4.5,-4.5,-0.5
-4.5,-4.5,-0.5
-4.5,-4.5,-0.5
-4.5,-4.5,-0.5
-4.5,-4.5,-0.5
-4.5,-4.5,-0.5
-4.5,-4.5,-0.5
-4.5,-4.5,-0.5
-4.5,-4.5,-0.5
-4.5,-4.5,-0.5
-4.5,-4.5,-0.5
-4.5,-4.5,-0.5
-4.5,-4.5,-0.5
-4.5,-4.5,-0.5
-4.5,-4.5,-0.5
-4.5,-4.5,-0.5
-4.5,-4.5,-0.5
-4.5,-4.5,-0.5
-4.5,-4.5,-0.5
-4.5,-4.5,-0.5
-4.5,-4.5,-0.5
-4.5,-4.5,-0.5
-4.5,-4.5,-0.5
-4.5,-4.5,-0.5
-4.5,-4.5,-0.5
-4.5,-4.5,-0.5
-4.5,-4.5,-0.5
-4.5,-4.5,-0.5
-4.5,-4.5,-0.5
-4.5,-4.5,-0.5
-4.5,-4.5,-0.5
-4.5,-4.5,-0.5
-4.5,-4.5,-0.5
-4.5,-4.5,-0.5
-4.5,-4.5,-0.5
-4.5,-4.5,-0.5
-4.5,-4.5,-0.5
-4.5,-4.5,-0.5
-4.5,-4.5,-0.5
-4.5,-4.5,-0.5
-4.5,-4.5,-0.5
-4.5,-4.5,-0.5
-4.5,-4.5,-0.5
-4.5,-4.5,-0.5
-4.5,-4.5,-0.5
-4.5,-4.5,-0.5
-4.5,-4.5,-0.5
-4.5,-4.5,-0.5
-4.5,-4.5,-0.5
-4.5,-4.5,-0.5
-4.5,-4.5,-0.5
-4.5,-4.5,-0.5
-4.5,-4.5,-0.5
-4.5,-4.5,-0.5
-4.5,-4.5,-0.5
-4.5,-4.5,-0.5
-4.5,-4.5,-0.5
-4.5,-4.5,-0.5
-4.5,-4.5,-0.5
-4.5,-4.5,-0.5
-4.5,-4.5,-0.5
-4.5,-4.5,-0.5
-4.5,-4.5,-0.5
-4.5,-4.5,-0.5
-4.5,-4.5,-0.5
-4.5,-4.5,-0.5
-4.5,-4.5,-0.5
-4.5,-4.5,-0.5
-4.5,-4.5,-0.5
-4.5,-4.5,-0.5
-4.5,-4.5,-0.5
-4.5,-4.5,-0.5
-4.5,-4.5,-0.5
-4.5,-4.5,-0.5
-4.5,-4.5,-0.5
-4.5,-4.5,-0.5
-4.5,-4.5,-0.5
-4.5,-4.5,-0.5
-4.5,-4.5,-0.5
-4.5,-4.5,-0.5
-4.5,-4.5,-0.5
-4.5,-4.5,-0.5
-4.5,-4.5,-0.5
-4.5,-4.5,-0.5
-4.5,-4.5,-0.5
-4.5,-4.5,-0.5
-4.5,-4.5,-0.5
-4.5,-4.5,-0.5
-4.5,-4.5,-0.5
-4.5,-4.5,-0.5
-4.5,-4.5,-0.5
-4.5,-4.5,-0.5
-4.5,-4.5,-0.5
-4.5,-4.5,-0.5
-4.5,-4.5,-0.5
-4.5,-4.5,-0.5
-4.5,-4.5,-0.5
-4.5,-4.5,-0.5
-4.5,-4.5,-0.5
-4.5,-4.5,-0.5
-4.5,-4.5,-0.5
-4.5,-4.5,-0.5
-4.5,-4.5,-0.5
-4.5,-4.5,-0.5
-4.5,-4.5,-0.5
-4.5,-4.5,-0.5
-4.5,-4.5,-0.5
-4.5,-4.5,-0.5
-4.5,-4.5,-0.5
-4.5,-4.5,-0.5
-4.5,-4.5,-0.5
-4.5,-4.5,-0.5
-4.5,-4.5,-0.5
-4.5,-4.5,-0.5
-4.5,-4.5,-0.5
-4.5,-4.5,-0.5
-4.5,-4.5,-0.5
-4.5,-4.5,-0.5
-4.5,-4.5,-0.5
-4.5,-4.5,-0.5
-4.5,-4.5,-0.5
-4.5,-4.5,-0.5
-4.5,-4.5,-0.5
-4.5,-4.5,-0.5
-4.5,-4.5,-0.5
-4.5,-4.5,-0.5
-4.5,-4.5,-0.5
-4.5,-4.5,-0.5
-4.5,-4.5,-0.5
-4.5,-4.5,-0.5
-4.5,-4.5,-0.5
-4.5,-4.5,-0.5
-4.5,-4.5,-0.5
-4.5,-4.5,-0.5
-4.5,-4.5,-0.5
-4.5,-4.5,-0.5
-4.5,-4.5,-0.5
-4.5,-4.5,-0.5
-4.5,-4.5,-0.5
-4.5,-4.5,-0.5
-4.5,-4.5,-0.5
-4.5,-4.5,-0.5
-4.5,-4.5,-0.5
-4.5,-4.5,-0.5
-4.5,-4.5,-0.5
-4.5,-4.5,-0.5
-4.5,-4.5,-0.5
-4.5,-4.5,-0.5
-4.5,-4.5,-0.5
-4.5,-4.5,-0.5
-4.5,-4.5,-0.5
-4.5,-4.5,-0.5
-4.5,-4.5,-0.5
-4.5,-4.5,-0.5
-4.5,-4.5,-0.5
-4.5,-4.5,-0.5
-4.5,-4.5,-0.5
-4.5,-4.5,-0.5
-4.5,-4.5,-0.5
-4.5,-4.5,-0.5
-4.5,-4.5,-0.5
-4.5,-4.5,-0.5
-4.5,-4.5,-0.5
-4.5,-4.5,-0.5
-4.5,-4.5,-0.5
-4.5,-4.5,-0.5
-4.5,-4.5,-0.5
-4.5,-4.5,-0.5
-4.5,-4.5,-0.5
-4.5,-4.5,-0.5
-4.5,-4.5,-0.5
-4.5,-4.5,-0.5
-4.5,-4.5,-0.5
-4.5,-4.5,-0.5
-4.5,-4.5,-0.5
-4.5,-4.5,-0.5
-4.5,-4.5,-0.5
-4.5,-4.5,-0.5
-4.5,-4.5,-0.5
-4.5,-4.5,-0.5
-4.5,-4.5,-0.5
-4.5,-4.5,-0.5
-4.5,-4.5,-0.5
-4.5,-4.5,-0.5
-4.5,-4.5,-0.5
-4.5,-4.5,-0.5
-4.5,-4.5,-0.5
-4.5,-4.5,-0.5
-4.5,-4.5,-0.5
-4.5,-4.5,-0.5
-4.5,-4.5,-0.5
-4.5,-4.5,-0.5
-4.5,-4.5,-0.5
-4.5,-4.5,-0.5
-4.5,-4.5,-0.5
-4.5,-4.5,-0.5
-4.5,-4.5,-0.5
-4.5,-4.5,-0.5
-4.5,-4.5,-0.5
-4.5,-4.5,-0.5
-4.5,-4.5,-0.5
-4.5,-4.5,-0.5
-4.5,-4.5,-0.5
-4.5,-4.5,-0.5
-4.5,-4.5,-0.5
-4.5,-4.5,-0.5
-4.5,-4.5,-0.5
-4.5,-4.5,-0.5
-4.5,-4.5,-0.5
-4.5,-4.5,-0.5
-4.5,-4.5,-0.5
-4.5,-4.5,-0.5
-4.5,-4.5,-0.5
-4.5,-4.5,-0.5
-4.5,-4.5,-0.5
-4.5,-4.5,-0.5
-4.5,-4.5,-0.5
-4.5,-4.5,-0.5
-4.5,-4.5,-0.5
-4.5,-4.5,-0.5
-4.5,-4.5,-0.5
-4.5,-4.5,-0.5
-4.5,-4.5,-0.5
-4.5,-4.5,-0.5
-4.5,-4.5,-0.5
-4.5,-4.5,-0.5
-4.5,-4.5,-0.5
-4.5,-4.5,-0.5
-4.5,-4.5,-0.5
-4.5,-4.5,-0.5
-4.5,-4.5,-0.5
-4.5,-4.5,-0.5
-4.5,-4.5,-0.5
-4.5,-4.5,-0.5
-4.5,-4.5,-0.5
-4.5,-4.5,-0.5
-4.5,-4.5,-0.5
-4.5,-4.5,-0.5
-4.5,-4.5,-0.5
-4.5,-4.5,-0.5
-4.5,-4.5,-0.5
-4.5,-4.5,-0.5
-4.5,-4.5,-0.5
-4.5,-4.5,-0.5
-4.5,-4.5,-0.5
-4.5,-4.5,-0.5
-4.5,-4.5,-0.5
-4.5,-4.5,-0.5
-4.5,-4.5,-0.5
-4.5,-4.5,-0.5
-4.5,-4.5,-0.5
-4.5,-4.5,-0.5
-4.5,-4.5,-0.5
-4.5,-4.5,-0.5
-4.5,-4.5,-0.5
-4.5,-4.5,-0.5
-4.5,-4.5,-0.5
-4.5,-4.5,-0.5
-4.5,-4.5,-0.5
-4.5,-4.5,-0.5
-4.5,-4.5,-0.5
-4.5,-4.5,-0.5
-4.5,-4.5,-0.5
-4.5,-4.5,-0.5
-4.5,-4.5,-0.5
-4.5,-4.5,-0.5
-4.5,-4.5,-0.5
-4.5,-4.5,-0.5
-4.5,-4.5,-0.5
-4.5,-4.5,-0.5
-4.5,-4.5,-0.5
-4.5,-4.5,-0.5
-4.5,-4.5,-0.5
-4.5,-4.5,-0.5
-4.5,-4.5,-0.5
-4.5,-4.5,-0.5
-4.5,-4.5,-0.5
-4.5,-4.5,-0.5
-4.5,-4.5,-0.5
-4.5,-4.5,-0.5
-4.5,-4.5,-0.5
-4.5,-4.5,-0.5
-4.5,-4.5,-0.5
-4.5,-4.5,-0.5
-4.5,-4.5,-0.5
-4.5,-4.5,-0.5
-4.5,-4.5,-0.5
-4.5,-4.5,-0.5
-4.5,-4.5,-0.5
-4.5,-4.5,-0.5
-4.5,-4.5,-0.5
-4.5,-4.5,-0.5
-4.5,-4.5,-0.5
-4.5,-4.5,-0.5
-4.5,-4.5,-0.5
-4.5,-4.5,-0.5
-4.5,-4.5,-0.5
-4.5,-4.5,-0.5
-4.5,-4.5,-0.5
-4.5,-4.5,-0.5
-4.5,-4.5,-0.5
-4.5,-4.5,-0.5
-4.5,-4.5,-0.5
-4.5,-4.5,-0.5
-4.5,-4.5,-0.5
-4.5,-4.5,-0.5
-4.5,-4.5,-0.5
-4.5,-4.5,-0.5
-4.5,-4.5,-0.5
-4.5,-4.5,-0.5
-4.5,-4.5,-0.5
-4.5,-4.5,-0.5
-4.5,-4.5,-0.5
-4.5,-4.5,-0.5
-4.5,-4.5,-0.5
-4.5,-4.5,-0.5
-4.5,-4.5,-0.5
-4.5,-4.5,-0.5
-4.5,-4.5,-0.5
-4.5,-4.5,-0.5
-4.5,-4.5,-0.5
-4.5,-4.5,-0.5
-4.5,-4.5,-0.5
-4.5,-4.5,-0.5
-4.5,-4.5,-0.5
-4.5,-4.5,-0.5
-4.5,-4.5,-0.5
-4.5,-4.5,-0.5
-4.5,-4.5,-0.5
-4.5,-4.5,-0.5
-4.5,-4.5,-0.5
-4.5,-4.5,-0.5
-4.5,-4.5,-0.5
-4.5,-4.5,-0.5
-4.5,-4.5,-0.5
-4.5,-4.5,-0.5
-4.5,-4.5,-0.5
-4.5,-4.5,-0.5
-4.5,-4.5,-0.5
-4.5,-4.5,-0.5
-4.5,-4.5,-0.5
-4.5,-4.5,-0.5
-4.5,-4.5,-0.5
-4.5,-4.5,-0.5
-4.5,-4.5,-0.5
-4.5,-4.5,-0.5
-4.5,-4.5,-0.5
-4.5,-4.5,-0.5
-4.5,-4.5,-0.5
-4.5,-4.5,-0.5
-4.5,-4.5,-0.5
-4.5,-4.5,-0.5
-4.5,-4.5,-0.5
-4.5,-4.5,-0.5
-4.5,-4.5,-0.5
-4.5,-4.5,-0.5
-4.5,-4.5,-0.5
-4.5,-4.5,-0.5
-4.5,-4.5,-0.5
-4.5,-4.5,-0.5
-4.5,-4.5,-0.5
-4.5,-4.5,-0.5
-4.5,-4.5,-0.5
-4.5,-4.5,-0.5
-4.5,-4.5,-0.5
-4.5,-4.5,-0.5
-4.5,-4.5,-0.5
-4.5,-4.5,-0.5
-4.5,-4.5,-0.5
-4.5,-4.5,-0.5
-4.5,-4.5,-0.5
-4.5,-4.5,-0.5
-4.5,-4.5,-0.5
-4.5,-4.5,-0.5
-4.5,-4.5,-0.5
-4.5,-4.5,-0.5
-4.5,-4.5,-0.5
-4.5,-4.5,-0.5
-4.5,-4.5,-0.5
-4.5,-4.5,-0.5
-4.5,-4.5,-0.5
-4.5,-4.5,-0.5
-4.5,-4.5,-0.5
-4.5,-4.5,-0.5
-4.5,-4.5,-0.5
-4.5,-4.5,-0.5
-4.5,-4.5,-0.5
-4.5,-4.5,-0.5
-4.5,-4.5,-0.5
-4.5,-4.5,-0.5
-4.5,-4.5,-0.5
-4.5,-4.5,-0.5
-4.5,-4.5,-0.5
-4.5,-4.5,-0.5
-4.5,-4.5,-0.5
-4.5,-4.5,-0.5
-4.5,-4.5,-0.5
-4.5,-4.5,-0.5
-4.5,-4.5,-0.5
-4.5,-4.5,-0.5
-4.5,-4.5,-0.5
-4.5,-4.5,-0.5
-4.5,-4.5,-0.5
-4.5,-4.5,-0.5
-4.5,-4.5,-0.5
-4.5,-4.5,-0.5
-4.5,-4.5,-0.5
-4.5,-4.5,-0.5
-4.5,-4.5,-0.5
-4.5,-4.5,-0.5
-4.5,-4.5,-0.5
-4.5,-4.5,-0.5
-4.5,-4.5,-0.5
-4.5,-4.5,-0.5
-4.5,-4.5,-0.5
-4.5,-4.5,-0.5
-4.5,-4.5,-0.5
-4.5,-4.5,-0.5
-4.5,-4.5,-0.5
-4.5,-4.5,-0.5
-4.5,-4.5,-0.5
-4.5,-4.5,-0.5
-4.5,-4.5,-0.5
-4.5,-4.5,-0.5
-4.5,-4.5,-0.5
-4.5,-4.5,-0.5
-4.5,-4.5,-0.5
-4.5,-4.5,-0.5
-4.5,-4.5,-0.5
-4.5,-4.5,-0.5
-4.5,-4.5,-0.5
-4.5,-4.5,-0.5
-4.5,-4.5,-0.5
-4.5,-4.5,-0.5
-4.5,-4.5,-0.5
-4.5,-4.5,-0.5
-4.5,-4.5,-0.5
-4.5,-4.5,-0.5
-4.5,-4.5,-0.5
-4.5,-4.5,-0.5
-4.5,-4.5,-0.5
-4.5,-4.5,-0.5
-4.5,-4.5,-0.5
-4.5,-4.5,-0.5
-4.5,-4.5,-0.5
-4.5,-4.5,-0.5
-4.5,-4.5,-0.5
-4.5,-4.5,-0.5
-4.5,-4.5,-0.5
-4.5,-4.5,-0.5
-4.5,-4.5,-0.5
-4.5,-4.5,-0.5
-4.5,-4.5,-0.5
-4.5,-4.5,-0.5
-4.5,-4.5,-0.5
-4.5,-4.5,-0.5
-4.5,-4.5,-0.5
-4.5,-4.5,-0.5
-4.5,-4.5,-0.5
-4.5,-4.5,-0.5
-4.5,-4.5,-0.5
-4.5,-4.5,-0.5
-4.5,-4.5,-0.5
-4.5,-4.5,-0.5
-4.5,-4.5,-0.5
-4.5,-4.5,-0.5
-4.5,-4.5,-0.5
-4.5,-4.5,-0.5
-4.5,-4.5,-0.5
-4.5,-4.5,-0.5
-4.5,-4.5,-0.5
-4.5,-4.5,-0.5
-4.5,-4.5,-0.5
-4.5,-4.5,-0.5
-4.5,-4.5,-0.5
-4.5,-4.5,-0.5
-4.5,-4.5,-0.5
-4.5,-4.5,-0.5
-4.5,-4.5,-0.5
-4.5,-4.5,-0.5
-4.5,-4.5,-0.5
-4.5,-4.5,-0.5
-4.5,-4.5,-0.5
-4.5,-4.5,-0.5
-4.5,-4.5,-0.5
-4.5,-4.5,-0.5
-4.5,-4.5,-0.5
-4.5,-4.5,-0.5
-4.5,-4.5,-0.5
-4.5,-4.5,-0.5
-4.5,-4.5,-0.5
-4.5,-4.5,-0.5
-4.5,-4.5,-0.5
-4.5,-4.5,-0.5
-4.5,-4.5,-0.5
-4.5,-4.5,-0.5
-4.5,-4.5,-0.5
-4.5,-4.5,-0.5
-4.5,-4.5,-0.5
-4.5,-4.5,-0.5
-4.5,-4.5,-0.5
-4.5,-4.5,-0.5
-4.5,-4.5,-0.5
-4.5,-4.5,-0.5
-4.5,-4.5,-0.5
-4.5,-4.5,-0.5
-4.5,-4.5,-0.5
-4.5,-4.5,-0.5
-4.5,-4.5,-0.5
-4.5,-4.5,-0.5
-4.5,-4.5,-0.5
-4.5,-4.5,-0.5
-4.5,-4.5,-0.5
-4.5,-4.5,-0.5
-4.5,-4.5,-0.5
-4.5,-4.5,-0.5
-4.5,-4.5,-0.5
-4.5,-4.5,-0.5
-4.5,-4.5,-0.5
-4.5,-4.5,-0.5
-4.5,-4.5,-0.5
-4.5,-4.5,-0.5
-4.5,-4.5,-0.5
-4.5,-4.5,-0.5
-4.5,-4.5,-0.5
-4.5,-4.5,-0.5
-4.5,-4.5,-0.5
-4.5,-4.5,-0.5
-4.5,-4.5,-0.5
-4.5,-4.5,-0.5
-4.5,-4.5,-0.5
-4.5,-4.5,-0.5
-4.5,-4.5,-0.5
-4.5,-4.5,-0.5
-4.5,-4.5,-0.5
-4.5,-4.5,-0.5
-4.5,-4.5,-0.5
-4.5,-4.5,-0.5
-4.5,-4.5,-0.5
-4.5,-4.5,-0.5
-4.5,-4.5,-0.5
-4.5,-4.5,-0.5
-4.5,-4.5,-0.5
-4.5,-4.5,-0.5
-4.5,-4.5,-0.5
-4.5,-4.5,-0.5
-4.5,-4.5,-0.5
-4.5,-4.5,-0.5
-4.5,-4.5,-0.5
-4.5,-4.5,-0.5
-4.5,-4.5,-0.5
-4.5,-4.5,-0.5
-4.5,-4.5,-0.5
-4.5,-4.5,-0.5
-4.5,-4.5,-0.5
-4.5,-4.5,-0.5
-4.5,-4.5,-0.5
-4.5,-4.5,-0.5
-4.5,-4.5,-0.5
-4.5,-4.5,-0.5
-4.5,-4.5,-0.5
-4.5,-4.5,-0.5
-4.5,-4.5,-0.5
-4.5,-4.5,-0.5
-4.5,-4.5,-0.5
-4.5,-4.5,-0.5
-4.5,-4.5,-0.5
-4.5,-4.5,-0.5
-4.5,-4.5,-0.5
-4.5,-4.5,-0.5
-4.5,-4.5,-0.5
-4.5,-4.5,-0.5
-4.5,-4.5,-0.5
-4.5,-4.5,-0.5
-4.5,-4.5,-0.5
-4.5,-4.5,-0.5
-4.5,-4.5,-0.5
-4.5,-4.5,-0.5
-4.5,-4.5,-0.5
-4.5,-4.5,-0.5
-4.5,-4.5,-0.5
-4.5,-4.5,-0.5
-4.5,-4.5,-0.5
-4.5,-4.5,-0.5
-4.5,-4.5,-0.5
-4.5,-4.5,-0.5
-4.5,-4.5,-0.5
-4.5,-4.5,-0.5
-4.5,-4.5,-0.5
-4.5,-4.5,-0.5
-4.5,-4.5,-0.5
-4.5,-4.5,-0.5
-4.5,-4.5,-0.5
-4.5,-4.5,-0.5
-4.5,-4.5,-0.5
-4.5,-4.5,-0.5
-4.5,-4.5,-0.5
-4.5,-4.5,-0.5
-4.5,-4.5,-0.5
-4.5,-4.5,-0.5
-4.5,-4.5,-0.5
-4.5,-4.5,-0.5
-4.5,-4.5,-0.5
-4.5,-4.5,-0.5
-4.5,-4.5,-0.5
-4.5,-4.5,-0.5
-4.5,-4.5,-0.5
-4.5,-4.5,-0.5
-4.5,-4.5,-0.5
-4.5,-4.5,-0.5
-4.5,-4.5,-0.5
-4.5,-4.5,-0.5
-4.5,-4.5,-0.5
-4.5,-4.5,-0.5
-4.5,-4.5,-0.5
-4.5,-4.5,-0.5
-4.5,-4.5,-0.5
-4.5,-4.5,-0.5
-4.5,-4.5,-0.5
-4.5,-4.5,-0.5
-4.5,-4.5,-0.5
-4.5,-4.5,-0.5
-4.5,-4.5,-0.5
-4.5,-4.5,-0.5
-4.5,-4.5,-0.5
-4.5,-4.5,-0.5
-4.5,-4.5,-0.5
-4.5,-4.5,-0.5
-4.5,-4.5,-0.5
-4.5,-4.5,-0.5
-4.5,-4.5,-0.5
-4.5,-4.5,-0.5
-4.5,-4.5,-0.5
-4.5,-4.5,-0.5
-4.5,-4.5,-0.5
-4.5,-4.5,-0.5
-4.5,-4.5,-0.5
-4.5,-4.5,-0.5
-4.5,-4.5,-0.5
-4.5,-4.5,-0.5
-4.5,-4.5,-0.5
-4.5,-4.5,-0.5
-4.5,-4.5,-0.5
-4.5,-4.5,-0.5
-4.5,-4.5,-0.5
-4.5,-4.5,-0.5
-4.5,-4.5,-0.5
-4.5,-4.5,-0.5
-4.5,-4.5,-0.5
-4.5,-4.5,-0.5
-4.5,-4.5,-0.5
-4.5,-4.5,-0.5
-4.5,-4.5,-0.5
-4.5,-4.5,-0.5
-4.5,-4.5,-0.5
-4.5,-4.5,-0.5
-4.5,-4.5,-0.5
-4.5,-4.5,-0.5
-4.5,-4.5,-0.5
-4.5,-4.5,-0.5
-4.5,-4.5,-0.5
-4.5,-4.5,-0.5
-4.5,-4.5,-0.5
-4.5,-4.5,-0.5
-4.5,-4.5,-0.5
-4.5,-4.5,-0.5
-4.5,-4.5,-0.5
-4.5,-4.5,-0.5
-4.5,-4.5,-0.5
-4.5,-4.5,-0.5
-4.5,-4.5,-0.5
-4.5,-4.5,-0.5
-4.5,-4.5,-0.5
-4.5,-4.5,-0.5
-4.5,-4.5,-0.5
-4.5,-4.5,-0.5
-4.5,-4.5,-0.5
-4.5,-4.5,-0.5
-4.5,-4.5,-0.5
-4.5,-4.5,-0.5
-4.5,-4.5,-0.5
-4.5,-4.5,-0.5
-4.5,-4.5,-0.5
-4.5,-4.5,-0.5
-4.5,-4.5,-0.5
-4.5,-4.5,-0.5
-4.5,-4.5,-0.5
-4.5,-4.5,-0.5
-4.5,-4.5,-0.5
-4.5,-4.5,-0.5
-4.5,-4.5,-0.5
-4.5,-4.5,-0.5
-4.5,-4.5,-0.5
-4.5,-4.5,-0.5
-4.5,-4.5,-0.5
-4.5,-4.5,-0.5
-4.5,-4.5,-0.5
-4.5,-4.5,-0.5
-4.5,-4.5,-0.5
-4.5,-4.5,-0.5
-4.5,-4.5,-0.5
-4.5,-4.5,-0.5
-4.5,-4.5,-0.5
-4.5,-4.5,-0.5
-4.5,-4.5,-0.5
-4.5,-4.5,-0.5
-4.5,-4.5,-0.5
-4.5,-4.5,-0.5
-4.5,-4.5,-0.5
-4.5,-4.5,-0.5
-4.5,-4.5,-0.5
-4.5,-4.5,-0.5
-4.5,-4.5,-0.5
-4.5,-4.5,-0.5
-4.5,-4.5,-0.5
-4.5,-4.5,-0.5
-4.5,-4.5,-0.5
-4.5,-4.5,-0.5
-4.5,-4.5,-0.5
-4.5,-4.5,-0.5
-4.5,-4.5,-0.5
-4.5,-4.5,-0.5
-4.5,-4.5,-0.5
-4.5,-4.5,-0.5
-4.5,-4.5,-0.5
-4.5,-4.5,-0.5
-4.5,-4.5,-0.5
-4.5,-4.5,-0.5
-4.5,-4.5,-0.5
-4.5,-4.5,-0.5
-4.5,-4.5,-0.5
-4.5,-4.5,-0.5
-4.5,-4.5,-0.5
-4.5,-4.5,-0.5
-4.5,-4.5,-0.5
-4.5,-4.5,-0.5
-4.5,-4.5,-0.5
-4.5,-4.5,-0.5
-4.5,-4.5,-0.5
-4.5,-4.5,-0.5
-4.5,-4.5,-0.5
-4.5,-4.5,-0.5
-4.5,-4.5,-0.5
-4.5,-4.5,-0.5
-4.5,-4.5,-0.5
-4.5,-4.5,-0.5
-4.5,-4.5,-0.5
-4.5,-4.5,-0.5
-4.5,-4.5,-0.5
-4.5,-4.5,-0.5
-4.5,-4.5,-0.5
-4.5,-4.5,-0.5
-4.5,-4.5,-0.5
-4.5,-4.5,-0.5
-4.5,-4.5,-0.5
-4.5,-4.5,-0.5
-4.5,-4.5,-0.5
-4.5,-4.5,-0.5
-4.5,-4.5,-0.5
-4.5,-4.5,-0.5
-4.5,-4.5,-0.5
-4.5,-4.5,-0.5
-4.5,-4.5,-0.5
-4.5,-4.5,-0.5
-4.5,-4.5,-0.5
-4.5,-4.5,-0.5
-4.5,-4.5,-0.5
-4.5,-4.5,-0.5
-4.5,-4.5,-0.5
-4.5,-4.5,-0.5
-4.5,-4.5,-0.5
-4.5,-4.5,-0.5
-4.5,-4.5,-0.5
-4.5,-4.5,-0.5
-4.5,-4.5,-0.5
-4.5,-4.5,-0.5
-4.5,-4.5,-0.5
-4.5,-4.5,-0.5
-4.5,-4.5,-0.5
-4.5,-4.5,-0.5
-4.5,-4.5,-0.5
-4.5,-4.5,-0.5
-4.5,-4.5,-0.5
-4.5,-4.5,-0.5
-4.5,-4.5,-0.5
-4.5,-4.5,-0.5
-4.5,-4.5,-0.5
-4.5,-4.5,-0.5
-4.5,-4.5,-0.5
-4.5,-4.5,-0.5
-4.5,-4.5,-0.5
-4.5,-4.5,-0.5
-4.5,-4.5,-0.5
-4.5,-4.5,-0.5
-4.5,-4.5,-0.5
-4.5,-4.5,-0.5
-4.5,-4.5,-0.5
-4.5,-4.5,-0.5
-4.5,-4.5,-0.5
-4.5,-4.5,-0.5
-4.5,-4.5,-0.5
-4.5,-4.5,-0.5
-4.5,-4.5,-0.5
-4.5,-4.5,-0.5
-4.5,-4.5,-0.5
-4.5,-4.5,-0.5
-4.5,-4.5,-0.5
-4.5,-4.5,-0.5
-4.5,-4.5,-0.5
-4.5,-4.5,-0.5
-4.5,-4.5,-0.5
-4.5,-4.5,-0.5
-4.5,-4.5,-0.5
-4.5,-4.5,-0.5
-4.5,-4.5,-0.5
-4.5,-4.5,-0.5
-4.5,-4.5,-0.5
-4.5,-4.5,-0.5
-4.5,-4.5,-0.5
-4.5,-4.5,-0.5
-4.5,-4.5,-0.5
-4.5,-4.5,-0.5
-4.5,-4.5,-0.5
-4.5,-4.5,-0.5
-4.5,-4.5,-0.5
-4.5,-4.5,-0.5
-4.5,-4.5,-0.5
-4.5,-4.5,-0.5
-4.5,-4.5,-0.5
-4.5,-4.5,-0.5
-4.5,-4.5,-0.5
-4.5,-4.5,-0.5
-4.5,-4.5,-0.5
-4.5,-4.5,-0.5
-4.5,-4.5,-0.5
-4.5,-4.5,-0.5
-4.5,-4.5,-0.5
-4.5,-4.5,-0.5
-4.5,-4.5,-0.5
-4.5,-4.5,-0.5
-4.5,-4.5,-0.5
-4.5,-4.5,-0.5
-4.5,-4.5,-0.5
-4.5,-4.5,-0.5
-4.5,-4.5,-0.5
-4.5,-4.5,-0.5
-4.5,-4.5,-0.5
-4.5,-4.5,-0.5
-4.5,-4.5,-0.5
-4.5,-4.5,-0.5
-4.5,-4.5,-0.5
-4.5,-4.5,-0.5
-4.5,-4.5,-0.5
-4.5,-4.5,-0.5
-4.5,-4.5,-0.5
-4.5,-4.5,-0.5
-4.5,-4.5,-0.5
-4.5,-4.5,-0.5
-4.5,-4.5,-0.5
-4.5,-4.5,-0.5
-4.5,-4.5,-0.5
-4.5,-4.5,-0.5
-4.5,-4.5,-0.5
-4.5,-4.5,-0.5
-4.5,-4.5,-0.5
-4.5,-4.5,-0.5
-4.5,-4.5,-0.5
-4.5,-4.5,-0.5
-4.5,-4.5,-0.5
-4.5,-4.5,-0.5
-4.5,-4.5,-0.5
-4.5,-4.5,-0.5
-4.5,-4.5,-0.5
-4.5,-4.5,-0.5
-4.5,-4.5,-0.5
-4.5,-4.5,-0.5
-4.5,-4.5,-0.5
-4.5,-4.5,-0.5
-4.5,-4.5,-0.5
-4.5,-4.5,-0.5
-4.5,-4.5,-0.5
-4.5,-4.5,-0.5
-4.5,-4.5,-0.5
-4.5,-4.5,-0.5
-4.5,-4.5,-0.5
-4.5,-4.5,-0.5
-4.5,-4.5,-0.5
-4.5,-4.5,-0.5
-4.5,-4.5,-0.5
-4.5,-4.5,-0.5
-4.5,-4.5,-0.5
-4.5,-4.5,-0.5
-4.5,-4.5,-0.5
-4.5,-4.5,-0.5
-4.5,-4.5,-0.5
-4.5,-4.5,-0.5
-4.5,-4.5,-0.5
-4.5,-4.5,-0.5
-4.5,-4.5,-0.5
-4.5,-4.5,-0.5
-4.5,-4.5,-0.5
-4.5,-4.5,-0.5
-4.5,-4.5,-0.5
-4.5,-4.5,-0.5
-4.5,-4.5,-0.5
-4.5,-4.5,-0.5
-4.5,-4.5,-0.5
-4.5,-4.5,-0.5
-4.5,-4.5,-0.5
-4.5,-4.5,-0.5
-4.5,-4.5,-0.5
-4.5,-4.5,-0.5
-4.5,-4.5,-0.5
-4.5,-4.5,-0.5
-4.5,-4.5,-0.5
-4.5,-4.5,-0.5
-4.5,-4.5,-0.5
-4.5,-4.5,-0.5
-4.5,-4.5,-0.5
-4.5,-4.5,-0.5
-4.5,-4.5,-0.5
-4.5,-4.5,-0.5
-4.5,-4.5,-0.5
-4.5,-4.5,-0.5
-4.5,-4.5,-0.5
-4.5,-4.5,-0.5
-4.5,-4.5,-0.5
-4.5,-4.5,-0.5
-4.5,-4.5,-0.5
-4.5,-4.5,-0.5
-4.5,-4.5,-0.5
-4.5,-4.5,-0.5
-4.5,-4.5,-0.5
-4.5,-4.5,-0.5
-4.5,-4.5,-0.5
-4.5,-4.5,-0.5
-4.5,-4.5,-0.5
-4.5,-4.5,-0.5
-4.5,-4.5,-0.5
-4.5,-4.5,-0.5
-4.5,-4.5,-0.5
-4.5,-4.5,-0.5
-4.5,-4.5,-0.5
-4.5,-4.5,-0.5
-4.5,-4.5,-0.5
-4.5,-4.5,-0.5
-4.5,-4.5,-0.5
-4.5,-4.5,-0.5
-4.5,-4.5,-0.5
-4.5,-4.5,-0.5
-4.5,-4.5,-0.5
-4.5,-4.5,-0.5
-4.5,-4.5,-0.5
-4.5,-4.5,-0.5
-4.5,-4.5,-0.5
-4.5,-4.5,-0.5
-4.5,-4.5,-0.5
-4.5,-4.5,-0.5
-4.5,-4.5,-0.5
-4.5,-4.5,-0.5
-4.5,-4.5,-0.5
-4.5,-4.5,-0.5
-4.5,-4.5,-0.5
-4.5,-4.5,-0.5
-4.5,-4.5,-0.5
-4.5,-4.5,-0.5
-4.5,-4.5,-0.5
-4.5,-4.5,-0.5
-4.5,-4.5,-0.5
-4.5,-4.5,-0.5
-4.5,-4.5,-0.5
-4.5,-4.5,-0.5
-4.5,-4.5,-0.5
-4.5,-4.5,-0.5
-4.5,-4.5,-0.5
-4.5,-4.5,-0.5
-4.5,-4.5,-0.5
-4.5,-4.5,-0.5
-4.5,-4.5,-0.5
-4.5,-4.5,-0.5
-4.5,-4.5,-0.5
-4.5,-4.5,-0.5
-4.5,-4.5,-0.5
-4.5,-4.5,-0.5
-4.5,-4.5,-0.5
-4.5,-4.5,-0.5
-4.5,-4.5,-0.5
-4.5,-4.5,-0.5
-4.5,-4.5,-0.5
-4.5,-4.5,-0.5
-4.5,-4.5,-0.5
-4.5,-4.5,-0.5
-4.5,-4.5,-0.5
-4.5,-4.5,-0.5
-4.5,-4.5,-0.5
-4.5,-4.5,-0.5
-4.5,-4.5,-0.5
-4.5,-4.5,-0.5
-4.5,-4.5,-0.5
-4.5,-4.5,-0.5
-4.5,-4.5,-0.5
-4.5,-4.5,-0.5
-4.5,-4.5,-0.5
-4.5,-4.5,-0.5
-4.5,-4.5,-0.5
-4.5,-4.5,-0.5
-4.5,-4.5,-0.5
-4.5,-4.5,-0.5
-4.5,-4.5,-0.5
-4.5,-4.5,-0.5
-4.5,-4.5,-0.5
-4.5,-4.5,-0.5
-4.5,-4.5,-0.5
-4.5,-4.5,-0.5
-4.5,-4.5,-0.5
-4.5,-4.5,-0.5
-4.5,-4.5,-0.5
-4.5,-4.5,-0.5
-4.5,-4.5,-0.5
-4.5,-4.5,-0.5
-4.5,-4.5,-0.5
-4.5,-4.5,-0.5
-4.5,-4.5,-0.5
-4.5,-4.5,-0.5
-4.5,-4.5,-0.5
-4.5,-4.5,-0.5
-4.5,-4.5,-0.5
-4.5,-4.5,-0.5
-4.5,-4.5,-0.5
-4.5,-4.5,-0.5
-4.5,-4.5,-0.5
-4.5,-4.5,-0.5
-4.5,-4.5,-0.5
-4.5,-4.5,-0.5
-4.5,-4.5,-0.5
-4.5,-4.5,-0.5
-4.5,-4.5,-0.5
-4.5,-4.5,-0.5
-4.5,-4.5,-0.5
-4.5,-4.5,-0.5
-4.5,-4.5,-0.5
-4.5,-4.5,-0.5
-4.5,-4.5,-0.5
-4.5,-4.5,-0.5
-4.5,-4.5,-0.5
-4.5,-4.5,-0.5
-4.5,-4.5,-0.5
-4.5,-4.5,-0.5
-4.5,-4.5,-0.5
-4.5,-4.5,-0.5
-4.5,-4.5,-0.5
-4.5,-4.5,-0.5
-4.5,-4.5,-0.5
-4.5,-4.5,-0.5
-4.5,-4.5,-0.5
-4.5,-4.5,-0.5
-4.5,-4.5,-0.5
-4.5,-4.5,-0.5
-4.5,-4.5,-0.5
-4.5,-4.5,-0.5
-4.5,-4.5,-0.5
-4.5,-4.5,-0.5
-4.5,-4.5,-0.5
-4.5,-4.5,-0.5
-4.5,-4.5,-0.5
-4.5,-4.5,-0.5
-4.5,-4.5,-0.5
-4.5,-4.5,-0.5
-4.5,-4.5,-0.5
-4.5,-4.5,-0.5
-4.5,-4.5,-0.5
-4.5,-4.5,-0.5
-4.5,-4.5,-0.5
-4.5,-4.5,-0.5
-4.5,-4.5,-0.5
-4.5,-4.5,-0.5
-4.5,-4.5,-0.5
-4.5,-4.5,-0.5
-4.5,-4.5,-0.5
-4.5,-4.5,-0.5
-4.5,-4.5,-0.5
-4.5,-4.5,-0.5
-4.5,-4.5,-0.5
-4.5,-4.5,-0.5
-4.5,-4.5,-0.5
-4.5,-4.5,-0.5
-4.5,-4.5,-0.5
-4.5,-4.5,-0.5
-4.5,-4.5,-0.5
-4.5,-4.5,-0.5
-4.5,-4.5,-0.5
-4.5,-4.5,-0.5
-4.5,-4.5,-0.5
-4.5,-4.5,-0.5
-4.5,-4.5,-0.5
-4.5,-4.5,-0.5
-4.5,-4.5,-0.5
-4.5,-4.5,-0.5
-4.5,-4.5,-0.5
-4.5,-4.5,-0.5
-4.5,-4.5,-0.5
-4.5,-4.5,-0.5
-4.5,-4.5,-0.5
-4.5,-4.5,-0.5
-4.5,-4.5,-0.5
-4.5,-4.5,-0.5
-4.5,-4.5,-0.5
-4.5,-4.5,-0.5
-4.5,-4.5,-0.5
-4.5,-4.5,-0.5
-4.5,-4.5,-0.5
-4.5,-4.5,-0.5
-4.5,-4.5,-0.5
-4.5,-4.5,-0.5
-4.5,-4.5,-0.5
-4.5,-4.5,-0.5
-4.5,-4.5,-0.5
-4.5,-4.5,-0.5
-4.5,-4.5,-0.5
-4.5,-4.5,-0.5
-4.5,-4.5,-0.5
-4.5,-4.5,-0.5
-4.5,-4.5,-0.5
-4.5,-4.5,-0.5
-4.5,-4.5,-0.5
-4.5,-4.5,-0.5
-4.5,-4.5,-0.5
-4.5,-4.5,-0.5
-4.5,-4.5,-0.5
-4.5,-4.5,-0.5
-4.5,-4.5,-0.5
-4.5,-4.5,-0.5
-4.5,-4.5,-0.5
-4.5,-4.5,-0.5
-4.5,-4.5,-0.5
-4.5,-4.5,-0.5
-4.5,-4.5,-0.5
-4.5,-4.5,-0.5
-4.5,-4.5,-0.5
-4.5,-4.5,-0.5
-4.5,-4.5,-0.5
-4.5,-4.5,-0.5
-4.5,-4.5,-0.5
-4.5,-4.5,-0.5
-4.5,-4.5,-0.5
-4.5,-4.5,-0.5
-4.5,-4.5,-0.5
-4.5,-4.5,-0.5
-4.5,-4.5,-0.5
-4.5,-4.5,-0.5
-4.5,-4.5,-0.5
-4.5,-4.5,-0.5
-4.5,-4.5,-0.5
-4.5,-4.5,-0.5
-4.5,-4.5,-0.5
-4.5,-4.5,-0.5
-4.5,-4.5,-0.5
-4.5,-4.5,-0.5
-4.5,-4.5,-0.5
-4.5,-4.5,-0.5
-4.5,-4.5,-0.5
-4.5,-4.5,-0.5
-4.5,-4.5,-0.5
-4.5,-4.5,-0.5
-4.5,-4.5,-0.5
-4.5,-4.5,-0.5
-4.5,-4.5,-0.5
-4.5,-4.5,-0.5
-4.5,-4.5,-0.5
-4.5,-4.5,-0.5
-4.5,-4.5,-0.5
-4.5,-4.5,-0.5
-4.5,-4.5,-0.5
-4.5,-4.5,-0.5
-4.5,-4.5,-0.5
-4.5,-4.5,-0.5
-4.5,-4.5,-0.5
-4.5,-4.5,-0.5
-4.5,-4.5,-0.5
-4.5,-4.5,-0.5
-4.5,-4.5,-0.5
-4.5,-4.5,-0.5
-4.5,-4.5,-0.5
-4.5,-4.5,-0.5
-4.5,-4.5,-0.5
-4.5,-4.5,-0.5
-4.5,-4.5,-0.5
-4.5,-4.5,-0.5
-4.5,-4.5,-0.5
-4.5,-4.5,-0.5
-4.5,-4.5,-0.5
-4.5,-4.5,-0.5
-4.5,-4.5,-0.5
-4.5,-4.5,-0.5
-4.5,-4.5,-0.5
-4.5,-4.5,-0.5
-4.5,-4.5,-0.5
-4.5,-4.5,-0.5
-4.5,-4.5,-0.5
-4.5,-4.5,-0.5
-4.5,-4.5,-0.5
-4.5,-4.5,-0.5
-4.5,-4.5,-0.5
-4.5,-4.5,-0.5
-4.5,-4.5,-0.5
-4.5,-4.5,-0.5
-4.5,-4.5,-0.5
-4.5,-4.5,-0.5
-4.5,-4.5,-0.5
-4.5,-4.5,-0.5
-4.5,-4.5,-0.5
-4.5,-4.5,-0.5
-4.5,-4.5,-0.5
-4.5,-4.5,-0.5
-4.5,-4.5,-0.5
-4.5,-4.5,-0.5
-4.5,-4.5,-0.5
-4.5,-4.5,-0.5
-4.5,-4.5,-0.5
-4.5,-4.5,-0.5
-4.5,-4.5,-0.5
-4.5,-4.5,-0.5
-4.5,-4.5,-0.5
-4.5,-4.5,-0.5
-4.5,-4.5,-0.5
-4.5,-4.5,-0.5
-4.5,-4.5,-0.5
-4.5,-4.5,-0.5
-4.5,-4.5,-0.5
-4.5,-4.5,-0.5
-4.5,-4.5,-0.5
-4.5,-4.5,-0.5
-4.5,-4.5,-0.5
-4.5,-4.5,-0.5
-4.5,-4.5,-0.5
-4.5,-4.5,-0.5
-4.5,-4.5,-0.5
-4.5,-4.5,-0.5
-4.5,-4.5,-0.5
-4.5,-4.5,-0.5
-4.5,-4.5,-0.5
-4.5,-4.5,-0.5
-4.5,-4.5,-0.5
-4.5,-4.5,-0.5
-4.5,-4.5,-0.5
-4.5,-4.5,-0.5
-4.5,-4.5,-0.5
-4.5,-4.5,-0.5
-4.5,-4.5,-0.5
-4.5,-4.5,-0.5
-4.5,-4.5,-0.5
-4.5,-4.5,-0.5
-4.5,-4.5,-0.5
-4.5,-4.5,-0.5
-4.5,-4.5,-0.5
-4.5,-4.5,-0.5
-4.5,-4.5,-0.5
-4.5,-4.5,-0.5
-4.5,-4.5,-0.5
-4.5,-4.5,-0.5
-4.5,-4.5,-0.5
-4.5,-4.5,-0.5
-4.5,-4.5,-0.5
-4.5,-4.5,-0.5
-4.5,-4.5,-0.5
-4.5,-4.5,-0.5
-4.5,-4.5,-0.5
-4.5,-4.5,-0.5
-4.5,-4.5,-0.5
-4.5,-4.5,-0.5
-4.5,-4.5,-0.5
-4.5,-4.5,-0.5
-4.5,-4.5,-0.5
-4.5,-4.5,-0.5
-4.5,-4.5,-0.5
-4.5,-4.5,-0.5
-4.5,-4.5,-0.5
-4.5,-4.5,-0.5
-4.5,-4.5,-0.5
-4.5,-4.5,-0.5
-4.5,-4.5,-0.5
-4.5,-4.5,-0.5
-4.5,-4.5,-0.5
-4.5,-4.5,-0.5
-4.5,-4.5,-0.5
-4.5,-4.5,-0.5
-4.5,-4.5,-0.5
-4.5,-4.5,-0.5
-4.5,-4.5,-0.5
-4.5,-4.5,-0.5
-4.5,-4.5,-0.5
-4.5,-4.5,-0.5
-4.5,-4.5,-0.5
-4.5,-4.5,-0.5
-4.5,-4.5,-0.5
-4.5,-4.5,-0.5
-4.5,-4.5,-0.5
-4.5,-4.5,-0.5
-4.5,-4.5,-0.5
-4.5,-4.5,-0.5
-4.5,-4.5,-0.5
-4.5,-4.5,-0.5
-4.5,-4.5,-0.5
-4.5,-4.5,-0.5
-4.5,-4.5,-0.5
-4.5,-4.5,-0.5
-4.5,-4.5,-0.5
-4.5,-4.5,-0.5
-4.5,-4.5,-0.5
-4.5,-4.5,-0.5
-4.5,-4.5,-0.5
-4.5,-4.5,-0.5
-4.5,-4.5,-0.5
-4.5,-4.5,-0.5
-4.5,-4.5,-0.5
-4.5,-4.5,-0.5
-4.5,-4.5,-0.5
-4.5,-4.5,-0.5
-4.5,-4.5,-0.5
-4.5,-4.5,-0.5
-4.5,-4.5,-0.5
-4.5,-4.5,-0.5
-4.5,-4.5,-0.5
-4.5,-4.5,-0.5
-4.5,-4.5,-0.5
-4.5,-4.5,-0.5
-4.5,-4.5,-0.5
-4.5,-4.5,-0.5
-4.5,-4.5,-0.5
-4.5,-4.5,-0.5
-4.5,-4.5,-0.5
-4.5,-4.5,-0.5
-4.5,-4.5,-0.5
-4.5,-4.5,-0.5
-4.5,-4.5,-0.5
-4.5,-4.5,-0.5
-4.5,-4.5,-0.5
-4.5,-4.5,-0.5
-4.5,-4.5,-0.5
-4.5,-4.5,-0.5
-4.5,-4.5,-0.5
-4.5,-4.5,-0.5
-4.5,-4.5,-0.5
-4.5,-4.5,-0.5
-4.5,-4.5,-0.5
-4.5,-4.5,-0.5
-4.5,-4.5,-0.5
-4.5,-4.5,-0.5
-4.5,-4.5,-0.5
-4.5,-4.5,-0.5
-4.5,-4.5,-0.5
-4.5,-4.5,-0.5
-4.5,-4.5,-0.5
-4.5,-4.5,-0.5
-4.5,-4.5,-0.5
-4.5,-4.5,-0.5
-4.5,-4.5,-0.5
-4.5,-4.5,-0.5
-4.5,-4.5,-0.5
-4.5,-4.5,-0.5
-4.5,-4.5,-0.5
-4.5,-4.5,-0.5
-4.5,-4.5,-0.5
-4.5,-4.5,-0.5
-4.5,-4.5,-0.5
-4.5,-4.5,-0.5
-4.5,-4.5,-0.5
-4.5,-4.5,-0.5
-4.5,-4.5,-0.5
-4.5,-4.5,-0.5
-4.5,-4.5,-0.5
-4.5,-4.5,-0.5
-4.5,-4.5,-0.5
-4.5,-4.5,-0.5
-4.5,-4.5,-0.5
-4.5,-4.5,-0.5
-4.5,-4.5,-0.5
-4.5,-4.5,-0.5
-4.5,-4.5,-0.5
-4.5,-4.5,-0.5
-4.5,-4.5,-0.5
-4.5,-4.5,-0.5
-4.5,-4.5,-0.5
-4.5,-4.5,-0.5
-4.5,-4.5,-0.5
-4.5,-4.5,-0.5
-4.5,-4.5,-0.5
-4.5,-4.5,-0.5
-4.5,-4.5,-0.5
-4.5,-4.5,-0.5
-4.5,-4.5,-0.5
-4.5,-4.5,-0.5
-4.5,-4.5,-0.5
-4.5,-4.5,-0.5
-4.5,-4.5,-0.5
-4.5,-4.5,-0.5
-4.5,-4.5,-0.5
-4.5,-4.5,-0.5
-4.5,-4.5,-0.5
-4.5,-4.5,-0.5
-4.5,-4.5,-0.5
-4.5,-4.5,-0.5
-4.5,-4.5,-0.5
-4.5,-4.5,-0.5
-4.5,-4.5,-0.5
-4.5,-4.5,-0.5
-4.5,-4.5,-0.5
-4.5,-4.5,-0.5
-4.5,-4.5,-0.5
-4.5,-4.5,-0.5
-4.5,-4.5,-0.5
-4.5,-4.5,-0.5
-4.5,-4.5,-0.5
-4.5,-4.5,-0.5
-4.5,-4.5,-0.5
-4.5,-4.5,-0.5
-4.5,-4.5,-0.5
-4.5,-4.5,-0.5
-4.5,-4.5,-0.5
-4.5,-4.5,-0.5
-4.5,-4.5,-0.5
-4.5,-4.5,-0.5
-4.5,-4.5,-0.5
-4.5,-4.5,-0.5
-4.5,-4.5,-0.5
-4.5,-4.5,-0.5
-4.5,-4.5,-0.5
-4.5,-4.5,-0.5
-4.5,-4.5,-0.5
-4.5,-4.5,-0.5
-4.5,-4.5,-0.5
-4.5,-4.5,-0.5
-4.5,-4.5,-0.5
-4.5,-4.5,-0.5
-4.5,-4.5,-0.5
-4.5,-4.5,-0.5
-4.5,-4.5,-0.5
-4.5,-4.5,-0.5
-4.5,-4.5,-0.5
-4.5,-4.5,-0.5
-4.5,-4.5,-0.5
-4.5,-4.5,-0.5
-4.5,-4.5,-0.5
-4.5,-4.5,-0.5
-4.5,-4.5,-0.5
-4.5,-4.5,-0.5
-4.5,-4.5,-0.5
-4.5,-4.5,-0.5
-4.5,-4.5,-0.5
-4.5,-4.5,-0.5
-4.5,-4.5,-0.5
-4.5,-4.5,-0.5
-4.5,-4.5,-0.5
-4.5,-4.5,-0.5
-4.5,-4.5,-0.5
-4.5,-4.5,-0.5
-4.5,-4.5,-0.5
-4.5,-4.5,-0.5
-4.5,-4.5,-0.5
-4.5,-4.5,-0.5
-4.5,-4.5,-0.5
-4.5,-4.5,-0.5
-4.5,-4.5,-0.5
-4.5,-4.5,-0.5
-4.5,-4.5,-0.5
-4.5,-4.5,-0.5
-4.5,-4.5,-0.5
-4.5,-4.5,-0.5
-4.5,-4.5,-0.5
-4.5,-4.5,-0.5
-4.5,-4.5,-0.5
-4.5,-4.5,-0.5
-4.5,-4.5,-0.5
-4.5,-4.5,-0.5
-4.5,-4.5,-0.5
-4.5,-4.5,-0.5
-4.5,-4.5,-0.5
-4.5,-4.5,-0.5
-4.5,-4.5,-0.5
-4.5,-4.5,-0.5
-4.5,-4.5,-0.5
-4.5,-4.5,-0.5
-4.5,-4.5,-0.5
-4.5,-4.5,-0.5
-4.5,-4.5,-0.5
-4.5,-4.5,-0.5
-4.5,-4.5,-0.5
-4.5,-4.5,-0.5
-4.5,-4.5,-0.5
-4.5,-4.5,-0.5
-4.5,-4.5,-0.5
-4.5,-4.5,-0.5
-4.5,-4.5,-0.5
-4.5,-4.5,-0.5
-4.5,-4.5,-0.5
-4.5,-4.5,-0.5
-4.5,-4.5,-0.5
-4.5,-4.5,-0.5
-4.5,-4.5,-0.5
-4.5,-4.5,-0.5
-4.5,-4.5,-0.5
-4.5,-4.5,-0.5
-4.5,-4.5,-0.5
-4.5,-4.5,-0.5
-4.5,-4.5,-0.5
-4.5,-4.5,-0.5
-4.5,-4.5,-0.5
-4.5,-4.5,-0.5
-4.5,-4.5,-0.5
-4.5,-4.5,-0.5
-4.5,-4.5,-0.5
-4.5,-4.5,-0.5
-4.5,-4.5,-0.5
-4.5,-4.5,-0.5
-4.5,-4.5,-0.5
-4.5,-4.5,-0.5
-4.5,-4.5,-0.5
-4.5,-4.5,-0.5
-4.5,-4.5,-0.5
-4.5,-4.5,-0.5
-4.5,-4.5,-0.5
-4.5,-4.5,-0.5
-4.5,-4.5,-0.5
-4.5,-4.5,-0.5
-4.5,-4.5,-0.5
-4.5,-4.5,-0.5
-4.5,-4.5,-0.5
-4.5,-4.5,-0.5
-4.5,-4.5,-0.5
-4.5,-4.5,-0.5
-4.5,-4.5,-0.5
-4.5,-4.5,-0.5
-4.5,-4.5,-0.5
-4.5,-4.5,-0.5
-4.5,-4.5,-0.5
-4.5,-4.5,-0.5
-4.5,-4.5,-0.5
-4.5,-4.5,-0.5
-4.5,-4.5,-0.5
-4.5,-4.5,-0.5
-4.5,-4.5,-0.5
-4.5,-4.5,-0.5
-4.5,-4.5,-0.5
-4.5,-4.5,-0.5
-4.5,-4.5,-0.5
-4.5,-4.5,-0.5
-4.5,-4.5,-0.5
-4.5,-4.5,-0.5
-4.5,-4.5,-0.5
-4.5,-4.5,-0.5
-4.5,-4.5,-0.5
-4.5,-4.5,-0.5
-4.5,-4.5,-0.5
-4.5,-4.5,-0.5
-4.5,-4.5,-0.5
-4.5,-4.5,-0.5
-4.5,-4.5,-0.5
-4.5,-4.5,-0.5
-4.5,-4.5,-0.5
-4.5,-4.5,-0.5
-4.5,-4.5,-0.5
-4.5,-4.5,-0.5
-4.5,-4.5,-0.5
-4.5,-4.5,-0.5
-4.5,-4.5,-0.5
-4.5,-4.5,-0.5
-4.5,-4.5,-0.5
-4.5,-4.5,-0.5
-4.5,-4.5,-0.5
-4.5,-4.5,-0.5
-4.5,-4.5,-0.5
-4.5,-4.5,-0.5
-4.5,-4.5,-0.5
-4.5,-4.5,-0.5
-4.5,-4.5,-0.5
-4.5,-4.5,-0.5
-4.5,-4.5,-0.5
-4.5,-4.5,-0.5
-4.5,-4.5,-0.5
-4.5,-4.5,-0.5
-4.5,-4.5,-0.5
-4.5,-4.5,-0.5
-4.5,-4.5,-0.5
-4.5,-4.5,-0.5
-4.5,-4.5,-0.5
-4.5,-4.5,-0.5
-4.5,-4.5,-0.5
-4.5,-4.5,-0.5
-4.5,-4.5,-0.5
-4.5,-4.5,-0.5
-4.5,-4.5,-0.5
-4.5,-4.5,-0.5
-4.5,-4.5,-0.5
-4.5,-4.5,-0.5
-4.5,-4.5,-0.5
-4.5,-4.5,-0.5
-4.5,-4.5,-0.5
-4.5,-4.5,-0.5
-4.5,-4.5,-0.5
-4.5,-4.5,-0.5
-4.5,-4.5,-0.5
-4.5,-4.5,-0.5
-4.5,-4.5,-0.5
-4.5,-4.5,-0.5
-4.5,-4.5,-0.5
-4.5,-4.5,-0.5
-4.5,-4.5,-0.5
-4.5,-4.5,-0.5
-4.5,-4.5,-0.5
-4.5,-4.5,-0.5
-4.5,-4.5,-0.5
-4.5,-4.5,-0.5
-4.5,-4.5,-0.5
-4.5,-4.5,-0.5
-4.5,-4.5,-0.5
-4.5,-4.5,-0.5
-4.5,-4.5,-0.5
-4.5,-4.5,-0.5
-4.5,-4.5,-0.5
-4.5,-4.5,-0.5
-4.5,-4.5,-0.5
-4.5,-4.5,-0.5
-4.5,-4.5,-0.5
-4.5,-4.5,-0.5
-4.5,-4.5,-0.5
-4.5,-4.5,-0.5
-4.5,-4.5,-0.5
-4.5,-4.5,-0.5
-4.5,-4.5,-0.5
-4.5,-4.5,-0.5
-4.5,-4.5,-0.5
-4.5,-4.5,-0.5
-4.5,-4.5,-0.5
-4.5,-4.5,-0.5
-4.5,-4.5,-0.5
-4.5,-4.5,-0.5
-4.5,-4.5,-0.5
-4.5,-4.5,-0.5
-4.5,-4.5,-0.5
-4.5,-4.5,-0.5
-4.5,-4.5,-0.5
-4.5,-4.5,-0.5
-4.5,-4.5,-0.5
-4.5,-4.5,-0.5
-4.5,-4.5,-0.5
-4.5,-4.5,-0.5
-4.5,-4.5,-0.5
-4.5,-4.5,-0.5
-4.5,-4.5,-0.5
-4.5,-4.5,-0.5
-4.5,-4.5,-0.5
-4.5,-4.5,-0.5
-4.5,-4.5,-0.5
-4.5,-4.5,-0.5
-4.5,-4.5,-0.5
-4.5,-4.5,-0.5
-4.5,-4.5,-0.5
-4.5,-4.5,-0.5
-4.5,-4.5,-0.5
-4.5,-4.5,-0.5
-4.5,-4.5,-0.5
-4.5,-4.5,-0.5
-4.5,-4.5,-0.5
-4.5,-4.5,-0.5
-4.5,-4.5,-0.5
-4.5,-4.5,-0.5
-4.5,-4.5,-0.5
-4.5,-4.5,-0.5
-4.5,-4.5,-0.5
-4.5,-4.5,-0.5
-4.5,-4.5,-0.5
-4.5,-4.5,-0.5
-4.5,-4.5,-0.5
-4.5,-4.5,-0.5
-4.5,-4.5,-0.5
-4.5,-4.5,-0.5
-4.5,-4.5,-0.5
-4.5,-4.5,-0.5
-4.5,-4.5,-0.5
-4.5,-4.5,-0.5
-4.5,-4.5,-0.5
-4.5,-4.5,-0.5
-4.5,-4.5,-0.5
-4.5,-4.5,-0.5
-4.5,-4.5,-0.5
-4.5,-4.5,-0.5
-4.5,-4.5,-0.5
-4.5,-4.5,-0.5
-4.5,-4.5,-0.5
-4.5,-4.5,-0.5
-4.5,-4.5,-0.5
-4.5,-4.5,-0.5
-4.5,-4.5,-0.5
-4.5,-4.5,-0.5
-4.5,-4.5,-0.5
-4.5,-4.5,-0.5
-4.5,-4.5,-0.5
-4.5,-4.5,-0.5
-4.5,-4.5,-0.5
-4.5,-4.5,-0.5
-4.5,-4.5,-0.5
-4.5,-4.5,-0.5
-4.5,-4.5,-0.5
-4.5,-4.5,-0.5
-4.5,-4.5,-0.5
-4.5,-4.5,-0.5
-4.5,-4.5,-0.5
-4.5,-4.5,-0.5
-4.5,-4.5,-0.5
-4.5,-4.5,-0.5
-4.5,-4.5,-0.5
-4.5,-4.5,-0.5
-4.5,-4.5,-0.5
-4.5,-4.5,-0.5
-4.5,-4.5,-0.5
-4.5,-4.5,-0.5
-4.5,-4.5,-0.5
-4.5,-4.5,-0.5
-4.5,-4.5,-0.5
-4.5,-4.5,-0.5
-4.5,-4.5,-0.5
-4.5,-4.5,-0.5
-4.5,-4.5,-0.5
-4.5,-4.5,-0.5
-4.5,-4.5,-0.5
-4.5,-4.5,-0.5
-4.5,-4.5,-0.5
-4.5,-4.5,-0.5
-4.5,-4.5,-0.5
-4.5,-4.5,-0.5
-4.5,-4.5,-0.5
-4.5,-4.5,-0.5
-4.5,-4.5,-0.5
-4.5,-4.5,-0.5
-4.5,-4.5,-0.5
-4.5,-4.5,-0.5
-4.5,-4.5,-0.5
-4.5,-4.5,-0.5
-4.5,-4.5,-0.5
-4.5,-4.5,-0.5
-4.5,-4.5,-0.5
-4.5,-4.5,-0.5
-4.5,-4.5,-0.5
-4.5,-4.5,-0.5
-4.5,-4.5,-0.5
-4.5,-4.5,-0.5
-4.5,-4.5,-0.5
-4.5,-4.5,-0.5
-4.5,-4.5,-0.5
-4.5,-4.5,-0.5
-4.5,-4.5,-0.5
-4.5,-4.5,-0.5
-4.5,-4.5,-0.5
-4.5,-4.5,-0.5
-4.5,-4.5,-0.5
-4.5,-4.5,-0.5
-4.5,-4.5,-0.5
-4.5,-4.5,-0.5
-4.5,-4.5,-0.5
-4.5,-4.5,-0.5
-4.5,-4.5,-0.5
-4.5,-4.5,-0.5
-4.5,-4.5,-0.5
-4.5,-4.5,-0.5
-4.5,-4.5,-0.5
-4.5,-4.5,-0.5
-4.5,-4.5,-0.5
-4.5,-4.5,-0.5
-4.5,-4.5,-0.5
-4.5,-4.5,-0.5
-4.5,-4.5,-0.5
-4.5,-4.5,-0.5
-4.5,-4.5,-0.5
-4.5,-4.5,-0.5
-4.5,-4.5,-0.5
-4.5,-4.5,-0.5
-4.5,-4.5,-0.5
-4.5,-4.5,-0.5
-4.5,-4.5,-0.5
-4.5,-4.5,-0.5
-4.5,-4.5,-0.5
-4.5,-4.5,-0.5
-4.5,-4.5,-0.5
-4.5,-4.5,-0.5
-4.5,-4.5,-0.5
-4.5,-4.5,-0.5
-4.5,-4.5,-0.5
-4.5,-4.5,-0.5
-4.5,-4.5,-0.5
-4.5,-4.5,-0.5
-4.5,-4.5,-0.5
-4.5,-4.5,-0.5
-4.5,-4.5,-0.5
-4.5,-4.5,-0.5
-4.5,-4.5,-0.5
-4.5,-4.5,-0.5
-4.5,-4.5,-0.5
-4.5,-4.5,-0.5
-4.5,-4.5,-0.5
-4.5,-4.5,-0.5
-4.5,-4.5,-0.5
-4.5,-4.5,-0.5
-4.5,-4.5,-0.5
-4.5,-4.5,-0.5
-4.5,-4.5,-0.5
-4.5,-4.5,-0.5
-4.5,-4.5,-0.5
-4.5,-4.5,-0.5
-4.5,-4.5,-0.5
-4.5,-4.5,-0.5
-4.5,-4.5,-0.5
-4.5,-4.5,-0.5
-4.5,-4.5,-0.5
-4.5,-4.5,-0.5
-4.5,-4.5,-0.5
-4.5,-4.5,-0.5
-4.5,-4.5,-0.5
-4.5,-4.5,-0.5
-4.5,-4.5,-0.5
-4.5,-4.5,-0.5
-4.5,-4.5,-0.5
-4.5,-4.5,-0.5
-4.5,-4.5,-0.5
-4.5,-4.5,-0.5
-4.5,-4.5,-0.5
-4.5,-4.5,-0.5
-4.5,-4.5,-0.5
-4.5,-4.5,-0.5
-4.5,-4.5,-0.5
-4.5,-4.5,-0.5
-4.5,-4.5,-0.5
-4.5,-4.5,-0.5
-4.5,-4.5,-0.5
-4.5,-4.5,-0.5
-4.5,-4.5,-0.5
-4.5,-4.5,-0.5
-4.5,-4.5,-0.5
-4.5,-4.5,-0.5
-4.5,-4.5,-0.5
-4.5,-4.5,-0.5
-4.5,-4.5,-0.5
-4.5,-4.5,-0.5
-4.5,-4.5,-0.5
-4.5,-4.5,-0.5
-4.5,-4.5,-0.5
-4.5,-4.5,-0.5
-4.5,-4.5,-0.5
-4.5,-4.5,-0.5
-4.5,-4.5,-0.5
-4.5,-4.5,-0.5
-4.5,-4.5,-0.5
-4.5,-4.5,-0.5
-4.5,-4.5,-0.5
-4.5,-4.5,-0.5
-4.5,-4.5,-0.5
-4.5,-4.5,-0.5
-4.5,-4.5,-0.5
-4.5,-4.5,-0.5
-4.5,-4.5,-0.5
-4.5,-4.5,-0.5
-4.5,-4.5,-0.5
-4.5,-4.5,-0.5
-4.5,-4.5,-0.5
-4.5,-4.5,-0.5
-4.5,-4.5,-0.5
-4.5,-4.5,-0.5
-4.5,-4.5,-0.5
-4.5,-4.5,-0.5
-4.5,-4.5,-0.5
-4.5,-4.5,-0.5
-4.5,-4.5,-0.5
-4.5,-4.5,-0.5
-4.5,-4.5,-0.5
-4.5,-4.5,-0.5
-4.5,-4.5,-0.5
-4.5,-4.5,-0.5
-4.5,-4.5,-0.5
-4.5,-4.5,-0.5
-4.5,-4.5,-0.5
-4.5,-4.5,-0.5
-4.5,-4.5,-0.5
-4.5,-4.5,-0.5
-4.5,-4.5,-0.5
-4.5,-4.5,-0.5
-4.5,-4.5,-0.5
-4.5,-4.5,-0.5
-4.5,-4.5,-0.5
-4.5,-4.5,-0.5
-4.5,-4.5,-0.5
-4.5,-4.5,-0.5
-4.5,-4.5,-0.5
-4.5,-4.5,-0.5
-4.5,-4.5,-0.5
-4.5,-4.5,-0.5
-4.5,-4.5,-0.5
-4.5,-4.5,-0.5
-4.5,-4.5,-0.5
-4.5,-4.5,-0.5
-4.5,-4.5,-0.5
-4.5,-4.5,-0.5
-4.5,-4.5,-0.5
-4.5,-4.5,-0.5
-4.5,-4.5,-0.5
-4.5,-4.5,-0.5
-4.5,-4.5,-0.5
-4.5,-4.5,-0.5
-4.5,-4.5,-0.5
-4.5,-4.5,-0.5
-4.5,-4.5,-0.5
-4.5,-4.5,-0.5
-4.5,-4.5,-0.5
-4.5,-4.5,-0.5
-4.5,-4.5,-0.5
-4.5,-4.5,-0.5
-4.5,-4.5,-0.5
-4.5,-4.5,-0.5
-4.5,-4.5,-0.5
-4.5,-4.5,-0.5
-4.5,-4.5,-0.5
-4.5,-4.5,-0.5
-4.5,-4.5,-0.5
-4.5,-4.5,-0.5
-4.5,-4.5,-0.5
-4.5,-4.5,-0.5
-4.5,-4.5,-0.5
-4.5,-4.5,-0.5
-4.5,-4.5,-0.5
-4.5,-4.5,-0.5
-4.5,-4.5,-0.5
-4.5,-4.5,-0.5
-4.5,-4.5,-0.5
-4.5,-4.5,-0.5
-4.5,-4.5,-0.5
-4.5,-4.5,-0.5
-4.5,-4.5,-0.5
-4.5,-4.5,-0.5
-4.5,-4.5,-0.5
-4.5,-4.5,-0.5
-4.5,-4.5,-0.5
-4.5,-4.5,-0.5
-4.5,-4.5,-0.5
-4.5,-4.5,-0.5
-4.5,-4.5,-0.5
-4.5,-4.5,-0.5
-4.5,-4.5,-0.5
-4.5,-4.5,-0.5
-4.5,-4.5,-0.5
-4.5,-4.5,-0.5
-4.5,-4.5,-0.5
-4.5,-4.5,-0.5
-4.5,-4.5,-0.5
-4.5,-4.5,-0.5
-4.5,-4.5,-0.5
-4.5,-4.5,-0.5
-4.5,-4.5,-0.5
-4.5,-4.5,-0.5
-4.5,-4.5,-0.5
-4.5,-4.5,-0.5
-4.5,-4.5,-0.5
-4.5,-4.5,-0.5
-4.5,-4.5,-0.5
-4.5,-4.5,-0.5
-4.5,-4.5,-0.5
-4.5,-4.5,-0.5
-4.5,-4.5,-0.5
-4.5,-4.5,-0.5
-4.5,-4.5,-0.5
-4.5,-4.5,-0.5
-4.5,-4.5,-0.5
-4.5,-4.5,-0.5
-4.5,-4.5,-0.5
-4.5,-4.5,-0.5
-4.5,-4.5,-0.5
-4.5,-4.5,-0.5
-4.5,-4.5,-0.5
-4.5,-4.5,-0.5
-4.5,-4.5,-0.5
-4.5,-4.5,-0.5
-4.5,-4.5,-0.5
-4.5,-4.5,-0.5
-4.5,-4.5,-0.5
-4.5,-4.5,-0.5
-4.5,-4.5,-0.5
-4.5,-4.5,-0.5
-4.5,-4.5,-0.5
-4.5,-4.5,-0.5
-4.5,-4.5,-0.5
-4.5,-4.5,-0.5
-4.5,-4.5,-0.5
-4.5,-4.5,-0.5
-4.5,-4.5,-0.5
-4.5,-4.5,-0.5
-4.5,-4.5,-0.5
-4.5,-4.5,-0.5
-4.5,-4.5,-0.5
-4.5,-4.5,-0.5
-4.5,-4.5,-0.5
-4.5,-4.5,-0.5
-4.5,-4.5,-0.5
-4.5,-4.5,-0.5
-4.5,-4.5,-0.5
-4.5,-4.5,-0.5
-4.5,-4.5,-0.5
-4.5,-4.5,-0.5
-4.5,-4.5,-0.5
-4.5,-4.5,-0.5
-4.5,-4.5,-0.5
-4.5,-4.5,-0.5
-4.5,-4.5,-0.5
-4.5,-4.5,-0.5
-4.5,-4.5,-0.5
-4.5,-4.5,-0.5
-4.5,-4.5,-0.5
-4.5,-4.5,-0.5
-4.5,-4.5,-0.5
-4.5,-4.5,-0.5
-4.5,-4.5,-0.5
-4.5,-4.5,-0.5
-4.5,-4.5,-0.5
-4.5,-4.5,-0.5
-4.5,-4.5,-0.5
-4.5,-4.5,-0.5
-4.5,-4.5,-0.5
-4.5,-4.5,-0.5
-4.5,-4.5,-0.5
-4.5,-4.5,-0.5
-4.5,-4.5,-0.5
-4.5,-4.5,-0.5
-4.5,-4.5,-0.5
-4.5,-4.5,-0.5
-4.5,-4.5,-0.5
-4.5,-4.5,-0.5
-4.5,-4.5,-0.5
-4.5,-4.5,-0.5
-4.5,-4.5,-0.5
-4.5,-4.5,-0.5
-4.5,-4.5,-0.5
-4.5,-4.5,-0.5
-4.5,-4.5,-0.5
-4.5,-4.5,-0.5
-4.5,-4.5,-0.5
-4.5,-4.5,-0.5
-4.5,-4.5,-0.5
-4.5,-4.5,-0.5
-4.5,-4.5,-0.5
-4.5,-4.5,-0.5
-4.5,-4.5,-0.5
-4.5,-4.5,-0.5
-4.5,-4.5,-0.5
-4.5,-4.5,-0.5
-4.5,-4.5,-0.5
-4.5,-4.5,-0.5
-4.5,-4.5,-0.5
-4.5,-4.5,-0.5
-4.5,-4.5,-0.5
-4.5,-4.5,-0.5
-4.5,-4.5,-0.5
-4.5,-4.5,-0.5
-4.5,-4.5,-0.5
-4.5,-4.5,-0.5
-4.5,-4.5,-0.5
-4.5,-4.5,-0.5
-4.5,-4.5,-0.5
-4.5,-4.5,-0.5
-4.5,-4.5,-0.5
-4.5,-4.5,-0.5
-4.5,-4.5,-0.5
-4.5,-4.5,-0.5
-4.5,-4.5,-0.5
-4.5,-4.5,-0.5
-4.5,-4.5,-0.5
-4.5,-4.5,-0.5
-4.5,-4.5,-0.5
-4.5,-4.5,-0.5
-4.5,-4.5,-0.5
-4.5,-4.5,-0.5
-4.5,-4.5,-0.5
-4.5,-4.5,-0.5
-4.5,-4.5,-0.5
-4.5,-4.5,-0.5
-4.5,-4.5,-0.5
-4.5,-4.5,-0.5
-4.5,-4.5,-0.5
-4.5,-4.5,-0.5
-4.5,-4.5,-0.5
-4.5,-4.5,-0.5
-4.5,-4.5,-0.5
-4.5,-4.5,-0.5
-4.5,-4.5,-0.5
-4.5,-4.5,-0.5
-4.5,-4.5,-0.5
-4.5,-4.5,-0.5
-4.5,-4.5,-0.5
-4.5,-4.5,-0.5
-4.5,-4.5,-0.5
-4.5,-4.5,-0.5
-4.5,-4.5,-0.5
-4.5,-4.5,-0.5
-4.5,-4.5,-0.5
-4.5,-4.5,-0.5
-4.5,-4.5,-0.5
-4.5,-4.5,-0.5
-4.5,-4.5,-0.5
-4.5,-4.5,-0.5
-4.5,-4.5,-0.5
-4.5,-4.5,-0.5
-4.5,-4.5,-0.5
-4.5,-4.5,-0.5
-4.5,-4.5,-0.5
-4.5,-4.5,-0.5
-4.5,-4.5,-0.5
-4.5,-4.5,-0.5
-4.5,-4.5,-0.5
-4.5,-4.5,-0.5
-4.5,-4.5,-0.5
-4.5,-4.5,-0.5
-4.5,-4.5,-0.5
-4.5,-4.5,-0.5
-4.5,-4.5,-0.5
-4.5,-4.5,-0.5
-4.5,-4.5,-0.5
-4.5,-4.5,-0.5
-4.5,-4.5,-0.5
-4.5,-4.5,-0.5
-4.5,-4.5,-0.5
-4.5,-4.5,-0.5
-4.5,-4.5,-0.5
-4.5,-4.5,-0.5
-4.5,-4.5,-0.5
-4.5,-4.5,-0.5
-4.5,-4.5,-0.5
-4.5,-4.5,-0.5
-4.5,-4.5,-0.5
-4.5,-4.5,-0.5
-4.5,-4.5,-0.5
-4.5,-4.5,-0.5
-4.5,-4.5,-0.5
-4.5,-4.5,-0.5
-4.5,-4.5,-0.5
-4.5,-4.5,-0.5
-4.5,-4.5,-0.5
-4.5,-4.5,-0.5
-4.5,-4.5,-0.5
-4.5,-4.5,-0.5
-4.5,-4.5,-0.5
-4.5,-4.5,-0.5
-4.5,-4.5,-0.5
-4.5,-4.5,-0.5
-4.5,-4.5,-0.5
-4.5,-4.5,-0.5
-4.5,-4.5,-0.5
-4.5,-4.5,-0.5
-4.5,-4.5,-0.5
-4.5,-4.5,-0.5
-4.5,-4.5,-0.5
-4.5,-4.5,-0.5
-4.5,-4.5,-0.5
-4.5,-4.5,-0.5
-4.5,-4.5,-0.5
-4.5,-4.5,-0.5
-4.5,-4.5,-0.5
-4.5,-4.5,-0.5
-4.5,-4.5,-0.5
-4.5,-4.5,-0.5
-4.5,-4.5,-0.5
-4.5,-4.5,-0.5
-4.5,-4.5,-0.5
-4.5,-4.5,-0.5
-4.5,-4.5,-0.5
-4.5,-4.5,-0.5
-4.5,-4.5,-0.5
-4.5,-4.5,-0.5
-4.5,-4.5,-0.5
-4.5,-4.5,-0.5
-4.5,-4.5,-0.5
-4.5,-4.5,-0.5
-4.5,-4.5,-0.5
-4.5,-4.5,-0.5
-4.5,-4.5,-0.5
-4.5,-4.5,-0.5
-4.5,-4.5,-0.5
-4.5,-4.5,-0.5
-4.5,-4.5,-0.5
-4.5,-4.5,-0.5
-4.5,-4.5,-0.5
-4.5,-4.5,-0.5
-4.5,-4.5,-0.5
-4.5,-4.5,-0.5
-4.5,-4.5,-0.5
-4.5,-4.5,-0.5
-4.5,-4.5,-0.5
-4.5,-4.5,-0.5
-4.5,-4.5,-0.5
-4.5,-4.5,-0.5
-4.5,-4.5,-0.5
-4.5,-4.5,-0.5
-4.5,-4.5,-0.5
-4.5,-4.5,-0.5
-4.5,-4.5,-0.5
-4.5,-4.5,-0.5
-4.5,-4.5,-0.5
-4.5,-4.5,-0.5
-4.5,-4.5,-0.5
-4.5,-4.5,-0.5
-4.5,-4.5,-0.5
-4.5,-4.5,-0.5
-4.5,-4.5,-0.5
-4.5,-4.5,-0.5
-4.5,-4.5,-0.5
-4.5,-4.5,-0.5
-4.5,-4.5,-0.5
-4.5,-4.5,-0.5
-4.5,-4.5,-0.5
-4.5,-4.5,-0.5
-4.5,-4.5,-0.5
-4.5,-4.5,-0.5
-4.5,-4.5,-0.5
-4.5,-4.5,-0.5
-4.5,-4.5,-0.5
-4.5,-4.5,-0.5
-4.5,-4.5,-0.5
-4.5,-4.5,-0.5
-4.5,-4.5,-0.5
-4.5,-4.5,-0.5
-4.5,-4.5,-0.5
-4.5,-4.5,-0.5
-4.5,-4.5,-0.5
-4.5,-4.5,-0.5
-4.5,-4.5,-0.5
-4.5,-4.5,-0.5
-4.5,-4.5,-0.5
-4.5,-4.5,-0.5
-4.5,-4.5,-0.5
-4.5,-4.5,-0.5
-4.5,-4.5,-0.5
-4.5,-4.5,-0.5
-4.5,-4.5,-0.5
-4.5,-4.5,-0.5
-4.5,-4.5,-0.5
-4.5,-4.5,-0.5
-4.5,-4.5,-0.5
-4.5,-4.5,-0.5
-4.5,-4.5,-0.5
-4.5,-4.5,-0.5
-4.5,-4.5,-0.5
-4.5,-4.5,-0.5
-4.5,-4.5,-0.5
-4.5,-4.5,-0.5
-4.5,-4.5,-0.5
-4.5,-4.5,-0.5
-4.5,-4.5,-0.5
-4.5,-4.5,-0.5
-4.5,-4.5,-0.5
-4.5,-4.5,-0.5
-4.5,-4.5,-0.5
-4.5,-4.5,-0.5
-4.5,-4.5,-0.5
-4.5,-4.5,-0.5
-4.5,-4.5,-0.5
-4.5,-4.5,-0.5
-4.5,-4.5,-0.5
-4.5,-4.5,-0.5
-4.5,-4.5,-0.5
-4.5,-4.5,-0.5
-4.5,-4.5,-0.5
-4.5,-4.5,-0.5
-4.5,-4.5,-0.5
-4.5,-4.5,-0.5
-4.5,-4.5,-0.5
-4.5,-4.5,-0.5
-4.5,-4.5,-0.5
-4.5,-4.5,-0.5
-4.5,-4.5,-0.5
-4.5,-4.5,-0.5
-4.5,-4.5,-0.5
-4.5,-4.5,-0.5
-4.5,-4.5,-0.5
-4.5,-4.5,-0.5
-4.5,-4.5,-0.5
-4.5,-4.5,-0.5
-4.5,-4.5,-0.5
-4.5,-4.5,-0.5
-4.5,-4.5,-0.5
-4.5,-4.5,-0.5
-4.5,-4.5,-0.5
-4.5,-4.5,-0.5
-4.5,-4.5,-0.5
-4.5,-4.5,-0.5
-4.5,-4.5,-0.5
-4.5,-4.5,-0.5
-4.5,-4.5,-0.5
-4.5,-4.5,-0.5
-4.5,-4.5,-0.5
-4.5,-4.5,-0.5
-4.5,-4.5,-0.5
-4.5,-4.5,-0.5
-4.5,-4.5,-0.5
-4.5,-4.5,-0.5
-4.5,-4.5,-0.5
-4.5,-4.5,-0.5
-4.5,-4.5,-0.5
-4.5,-4.5,-0.5
-4.5,-4.5,-0.5
-4.5,-4.5,-0.5
-4.5,-4.5,-0.5
-4.5,-4.5,-0.5
-4.5,-4.5,-0.5
-4.5,-4.5,-0.5
-4.5,-4.5,-0.5
-4.5,-4.5,-0.5
-4.5,-4.5,-0.5
-4.5,-4.5,-0.5
-4.5,-4.5,-0.5
-4.5,-4.5,-0.5
-4.5,-4.5,-0.5
-4.5,-4.5,-0.5
-4.5,-4.5,-0.5
-4.5,-4.5,-0.5
-4.5,-4.5,-0.5
-4.5,-4.5,-0.5
-4.5,-4.5,-0.5
-4.5,-4.5,-0.5
-4.5,-4.5,-0.5
-4.5,-4.5,-0.5
-4.5,-4.5,-0.5
-4.5,-4.5,-0.5
-4.5,-4.5,-0.5
-4.5,-4.5,-0.5
-4.5,-4.5,-0.5
-4.5,-4.5,-0.5
-4.5,-4.5,-0.5
-4.5,-4.5,-0.5
-4.5,-4.5,-0.5
-4.5,-4.5,-0.5
-4.5,-4.5,-0.5
-4.5,-4.5,-0.5
-4.5,-4.5,-0.5
-4.5,-4.5,-0.5
-4.5,-4.5,-0.5
-4.5,-4.5,-0.5
-4.5,-4.5,-0.5
-4.5,-4.5,-0.5
-4.5,-4.5,-0.5
-4.5,-4.5,-0.5
-4.5,-4.5,-0.5
-4.5,-4.5,-0.5
-4.5,-4.5,-0.5
-4.5,-4.5,-0.5
-4.5,-4.5,-0.5
-4.5,-4.5,-0.5
-4.5,-4.5,-0.5
-4.5,-4.5,-0.5
-4.5,-4.5,-0.5
-4.5,-4.5,-0.5
-4.5,-4.5,-0.5
-4.5,-4.5,-0.5
-4.5,-4.5,-0.5
-4.5,-4.5,-0.5
-4.5,-4.5,-0.5
-4.5,-4.5,-0.5
-4.5,-4.5,-0.5
-4.5,-4.5,-0.5
-4.5,-4.5,-0.5
-4.5,-4.5,-0.5
-4.5,-4.5,-0.5
-4.5,-4.5,-0.5
-4.5,-4.5,-0.5
-4.5,-4.5,-0.5
-4.5,-4.5,-0.5
-4.5,-4.5,-0.5
-4.5,-4.5,-0.5
-4.5,-4.5,-0.5
-4.5,-4.5,-0.5
-4.5,-4.5,-0.5
-4.5,-4.5,-0.5
-4.5,-4.5,-0.5
-4.5,-4.5,-0.5
-4.5,-4.5,-0.5
-4.5,-4.5,-0.5
-4.5,-4.5,-0.5
-4.5,-4.5,-0.5
-4.5,-4.5,-0.5
-4.5,-4.5,-0.5
-4.5,-4.5,-0.5
-4.5,-4.5,-0.5
-4.5,-4.5,-0.5
-4.5,-4.5,-0.5
-4.5,-4.5,-0.5
-4.5,-4.5,-0.5
-4.5,-4.5,-0.5
-4.5,-4.5,-0.5
-4.5,-4.5,-0.5
-4.5,-4.5,-0.5
-4.5,-4.5,-0.5
-4.5,-4.5,-0.5
-4.5,-4.5,-0.5
-4.5,-4.5,-0.5
-4.5,-4.5,-0.5
-4.5,-4.5,-0.5
-4.5,-4.5,-0.5
-4.5,-4.5,-0.5
-4.5,-4.5,-0.5
-4.5,-4.5,-0.5
-4.5,-4.5,-0.5
-4.5,-4.5,-0.5
-4.5,-4.5,-0.5
-4.5,-4.5,-0.5
-4.5,-4.5,-0.5
-4.5,-4.5,-0.5
-4.5,-4.5,-0.5
-4.5,-4.5,-0.5
-4.5,-4.5,-0.5
-4.5,-4.5,-0.5
-4.5,-4.5,-0.5
-4.5,-4.5,-0.5
-4.5,-4.5,-0.5
-4.5,-4.5,-0.5
-4.5,-4.5,-0.5
-4.5,-4.5,-0.5
-4.5,-4.5,-0.5
-4.5,-4.5,-0.5
-4.5,-4.5,-0.5
-4.5,-4.5,-0.5
-4.5,-4.5,-0.5
-4.5,-4.5,-0.5
-4.5,-4.5,-0.5
-4.5,-4.5,-0.5
-4.5,-4.5,-0.5
-4.5,-4.5,-0.5
-4.5,-4.5,-0.5
-4.5,-4.5,-0.5
-4.5,-4.5,-0.5
-4.5,-4.5,-0.5
-4.5,-4.5,-0.5
-4.5,-4.5,-0.5
-4.5,-4.5,-0.5
-4.5,-4.5,-0.5
-4.5,-4.5,-0.5
-4.5,-4.5,-0.5
-4.5,-4.5,-0.5
-4.5,-4.5,-0.5
-4.5,-4.5,-0.5
-4.5,-4.5,-0.5
-4.5,-4.5,-0.5
-4.5,-4.5,-0.5
-4.5,-4.5,-0.5
-4.5,-4.5,-0.5
-4.5,-4.5,-0.5
-4.5,-4.5,-0.5
-4.5,-4.5,-0.5
-4.5,-4.5,-0.5
-4.5,-4.5,-0.5
-4.5,-4.5,-0.5
-4.5,-4.5,-0.5
-4.5,-4.5,-0.5
-4.5,-4.5,-0.5
-4.5,-4.5,-0.5
-4.5,-4.5,-0.5
-4.5,-4.5,-0.5
-4.5,-4.5,-0.5
-4.5,-4.5,-0.5
-4.5,-4.5,-0.5
-4.5,-4.5,-0.5
-4.5,-4.5,-0.5
-4.5,-4.5,-0.5
-4.5,-4.5,-0.5
-4.5,-4.5,-0.5
-4.5,-4.5,-0.5
-4.5,-4.5,-0.5
-4.5,-4.5,-0.5
-4.5,-4.5,-0.5
-4.5,-4.5,-0.5
-4.5,-4.5,-0.5
-4.5,-4.5,-0.5
-4.5,-4.5,-0.5
-4.5,-4.5,-0.5
-4.5,-4.5,-0.5
-4.5,-4.5,-0.5
-4.5,-4.5,-0.5
-4.5,-4.5,-0.5
-4.5,-4.5,-0.5
-4.5,-4.5,-0.5
-4.5,-4.5,-0.5
-4.5,-4.5,-0.5
-4.5,-4.5,-0.5
-4.5,-4.5,-0.5
-4.5,-4.5,-0.5
-4.5,-4.5,-0.5
-4.5,-4.5,-0.5
-4.5,-4.5,-0.5
-4.5,-4.5,-0.5
-4.5,-4.5,-0.5
-4.5,-4.5,-0.5
-4.5,-4.5,-0.5
-4.5,-4.5,-0.5
-4.5,-4.5,-0.5
-4.5,-4.5,-0.5
-4.5,-4.5,-0.5
-4.5,-4.5,-0.5
-4.5,-4.5,-0.5
-4.5,-4.5,-0.5
-4.5,-4.5,-0.5
-4.5,-4.5,-0.5
-4.5,-4.5,-0.5
-4.5,-4.5,-0.5
-4.5,-4.5,-0.5
-4.5,-4.5,-0.5
-4.5,-4.5,-0.5
-4.5,-4.5,-0.5
-4.5,-4.5,-0.5
-4.5,-4.5,-0.5
-4.5,-4.5,-0.5
-4.5,-4.5,-0.5
-4.5,-4.5,-0.5
-4.5,-4.5,-0.5
-4.5,-4.5,-0.5
-4.5,-4.5,-0.5
-4.5,-4.5,-0.5
-4.5,-4.5,-0.5
-4.5,-4.5,-0.5
-4.5,-4.5,-0.5
-4.5,-4.5,-0.5
-4.5,-4.5,-0.5
-4.5,-4.5,-0.5
-4.5,-4.5,-0.5
-4.5,-4.5,-0.5
-4.5,-4.5,-0.5
-4.5,-4.5,-0.5
-4.5,-4.5,-0.5
-4.5,-4.5,-0.5
-4.5,-4.5,-0.5
-4.5,-4.5,-0.5
-4.5,-4.5,-0.5
-4.5,-4.5,-0.5
-4.5,-4.5,-0.5
-4.5,-4.5,-0.5
-4.5,-4.5,-0.5
-4.5,-4.5,-0.5
-4.5,-4.5,-0.5
-4.5,-4.5,-0.5
-4.5,-4.5,-0.5
-4.5,-4.5,-0.5
-4.5,-4.5,-0.5
-4.5,-4.5,-0.5
-4.5,-4.5,-0.5
-4.5,-4.5,-0.5
-4.5,-4.5,-0.5
-4.5,-4.5,-0.5
-4.5,-4.5,-0.5
-4.5,-4.5,-0.5
-4.5,-4.5,-0.5
-4.5,-4.5,-0.5
-4.5,-4.5,-0.5
-4.5,-4.5,-0.5
-4.5,-4.5,-0.5
-4.5,-4.5,-0.5
-4.5,-4.5,-0.5
-4.5,-4.5,-0.5
-4.5,-4.5,-0.5
-4.5,-4.5,-0.5
-4.5,-4.5,-0.5
-4.5,-4.5,-0.5
-4.5,-4.5,-0.5
-4.5,-4.5,-0.5
-4.5,-4.5,-0.5
-4.5,-4.5,-0.5
-4.5,-4.5,-0.5
-4.5,-4.5,-0.5
-4.5,-4.5,-0.5
-4.5,-4.5,-0.5
-4.5,-4.5,-0.5
-4.5,-4.5,-0.5
-4.5,-4.5,-0.5
-4.5,-4.5,-0.5
-4.5,-4.5,-0.5
-4.5,-4.5,-0.5
-4.5,-4.5,-0.5
-4.5,-4.5,-0.5
-4.5,-4.5,-0.5
-4.5,-4.5,-0.5
-4.5,-4.5,-0.5
-4.5,-4.5,-0.5
-4.5,-4.5,-0.5
-4.5,-4.5,-0.5
-4.5,-4.5,-0.5
-4.5,-4.5,-0.5
-4.5,-4.5,-0.5
-4.5,-4.5,-0.5
-4.5,-4.5,-0.5
-4.5,-4.5,-0.5
-4.5,-4.5,-0.5
-4.5,-4.5,-0.5
-4.5,-4.5,-0.5
-4.5,-4.5,-0.5
-4.5,-4.5,-0.5
-4.5,-4.5,-0.5
-4.5,-4.5,-0.5
-4.5,-4.5,-0.5
-4.5,-4.5,-0.5
-4.5,-4.5,-0.5
-4.5,-4.5,-0.5
-4.5,-4.5,-0.5
-4.5,-4.5,-0.5
-4.5,-4.5,-0.5
-4.5,-4.5,-0.5
-4.5,-4.5,-0.5
-4.5,-4.5,-0.5
-4.5,-4.5,-0.5
-4.5,-4.5,-0.5
-4.5,-4.5,-0.5
-4.5,-4.5,-0.5
-4.5,-4.5,-0.5
-4.5,-4.5,-0.5
-4.5,-4.5,-0.5
-4.5,-4.5,-0.5
-4.5,-4.5,-0.5
-4.5,-4.5,-0.5
-4.5,-4.5,-0.5
-4.5,-4.5,-0.5
-4.5,-4.5,-0.5
-4.5,-4.5,-0.5
-4.5,-4.5,-0.5
-4.5,-4.5,-0.5
-4.5,-4.5,-0.5
-4.5,-4.5,-0.5
-4.5,-4.5,-0.5
-4.5,-4.5,-0.5
-4.5,-4.5,-0.5
-4.5,-4.5,-0.5
-4.5,-4.5,-0.5
-4.5,-4.5,-0.5
-4.5,-4.5,-0.5
-4.5,-4.5,-0.5
-4.5,-4.5,-0.5
-4.5,-4.5,-0.5
-4.5,-4.5,-0.5
-4.5,-4.5,-0.5
-4.5,-4.5,-0.5
-4.5,-4.5,-0.5
-4.5,-4.5,-0.5
-4.5,-4.5,-0.5
-4.5,-4.5,-0.5
-4.5,-4.5,-0.5
-4.5,-4.5,-0.5
-4.5,-4.5,-0.5
-4.5,-4.5,-0.5
-4.5,-4.5,-0.5
-4.5,-4.5,-0.5
-4.5,-4.5,-0.5
-4.5,-4.5,-0.5
-4.5,-4.5,-0.5
-4.5,-4.5,-0.5
-4.5,-4.5,-0.5
-4.5,-4.5,-0.5
-4.5,-4.5,-0.5
-4.5,-4.5,-0.5
-4.5,-4.5,-0.5
-4.5,-4.5,-0.5
-4.5,-4.5,-0.5
-4.5,-4.5,-0.5
-4.5,-4.5,-0.5
-4.5,-4.5,-0.5
-4.5,-4.5,-0.5
-4.5,-4.5,-0.5
-4.5,-4.5,-0.5
-4.5,-4.5,-0.5
-4.5,-4.5,-0.5
-4.5,-4.5,-0.5
-4.5,-4.5,-0.5
-4.5,-4.5,-0.5
-4.5,-4.5,-0.5
-4.5,-4.5,-0.5
-4.5,-4.5,-0.5
-4.5,-4.5,-0.5
-4.5,-4.5,-0.5
-4.5,-4.5,-0.5
-4.5,-4.5,-0.5
-4.5,-4.5,-0.5
-4.5,-4.5,-0.5
-4.5,-4.5,-0.5
-4.5,-4.5,-0.5
-4.5,-4.5,-0.5
-4.5,-4.5,-0.5
-4.5,-4.5,-0.5
-4.5,-4.5,-0.5
-4.5,-4.5,-0.5
-4.5,-4.5,-0.5
-4.5,-4.5,-0.5
-4.5,-4.5,-0.5
-4.5,-4.5,-0.5
-4.5,-4.5,-0.5
-4.5,-4.5,-0.5
-4.5,-4.5,-0.5
-4.5,-4.5,-0.5
-4.5,-4.5,-0.5
-4.5,-4.5,-0.5
-4.5,-4.5,-0.5
-4.5,-4.5,-0.5
-4.5,-4.5,-0.5
-4.5,-4.5,-0.5
-4.5,-4.5,-0.5
-4.5,-4.5,-0.5
-4.5,-4.5,-0.5
-4.5,-4.5,-0.5
-4.5,-4.5,-0.5
-4.5,-4.5,-0.5
-4.5,-4.5,-0.5
-4.5,-4.5,-0.5
-4.5,-4.5,-0.5
-4.5,-4.5,-0.5
-4.5,-4.5,-0.5
-4.5,-4.5,-0.5
-4.5,-4.5,-0.5
-4.5,-4.5,-0.5
-4.5,-4.5,-0.5
-4.5,-4.5,-0.5
-4.5,-4.5,-0.5
-4.5,-4.5,-0.5
-4.5,-4.5,-0.5
-4.5,-4.5,-0.5
-4.5,-4.5,-0.5
-4.5,-4.5,-0.5
-4.5,-4.5,-0.5
-4.5,-4.5,-0.5
-4.5,-4.5,-0.5
-4.5,-4.5,-0.5
-4.5,-4.5,-0.5
-4.5,-4.5,-0.5
-4.5,-4.5,-0.5
-4.5,-4.5,-0.5
-4.5,-4.5,-0.5
-4.5,-4.5,-0.5
-4.5,-4.5,-0.5
-4.5,-4.5,-0.5
-4.5,-4.5,-0.5
-4.5,-4.5,-0.5
-4.5,-4.5,-0.5
-4.5,-4.5,-0.5
-4.5,-4.5,-0.5
-4.5,-4.5,-0.5
-4.5,-4.5,-0.5
-4.5,-4.5,-0.5
-4.5,-4.5,-0.5
-4.5,-4.5,-0.5
-4.5,-4.5,-0.5
-4.5,-4.5,-0.5
-4.5,-4.5,-0.5
-4.5,-4.5,-0.5
-4.5,-4.5,-0.5
-4.5,-4.5,-0.5
-4.5,-4.5,-0.5
-4.5,-4.5,-0.5
-4.5,-4.5,-0.5
-4.5,-4.5,-0.5
-4.5,-4.5,-0.5
-4.5,-4.5,-0.5
-4.5,-4.5,-0.5
-4.5,-4.5,-0.5
-4.5,-4.5,-0.5
-4.5,-4.5,-0.5
-4.5,-4.5,-0.5
-4.5,-4.5,-0.5
-4.5,-4.5,-0.5
-4.5,-4.5,-0.5
-4.5,-4.5,-0.5
-4.5,-4.5,-0.5
-4.5,-4.5,-0.5
-4.5,-4.5,-0.5
-4.5,-4.5,-0.5
-4.5,-4.5,-0.5
-4.5,-4.5,-0.5
-4.5,-4.5,-0.5
-4.5,-4.5,-0.5
-4.5,-4.5,-0.5
-4.5,-4.5,-0.5
-4.5,-4.5,-0.5
-4.5,-4.5,-0.5
-4.5,-4.5,-0.5
-4.5,-4.5,-0.5
-4.5,-4.5,-0.5
-4.5,-4.5,-0.5
-4.5,-4.5,-0.5
-4.5,-4.5,-0.5
-4.5,-4.5,-0.5
-4.5,-4.5,-0.5
-4.5,-4.5,-0.5
-4.5,-4.5,-0.5
-4.5,-4.5,-0.5
-4.5,-4.5,-0.5
-4.5,-4.5,-0.5
-4.5,-4.5,-0.5
-4.5,-4.5,-0.5
-4.5,-4.5,-0.5
-4.5,-4.5,-0.5
-4.5,-4.5,-0.5
-4.5,-4.5,-0.5
-4.5,-4.5,-0.5
-4.5,-4.5,-0.5
-4.5,-4.5,-0.5
-4.5,-4.5,-0.5
-4.5,-4.5,-0.5
-4.5,-4.5,-0.5
-4.5,-4.5,-0.5
-4.5,-4.5,-0.5
-4.5,-4.5,-0.5
-4.5,-4.5,-0.5
-4.5,-4.5,-0.5
-4.5,-4.5,-0.5
-4.5,-4.5,-0.5
-4.5,-4.5,-0.5
-4.5,-4.5,-0.5
-4.5,-4.5,-0.5
-4.5,-4.5,-0.5
-4.5,-4.5,-0.5
-4.5,-4.5,-0.5
-4.5,-4.5,-0.5
-4.5,-4.5,-0.5
-4.5,-4.5,-0.5
-4.5,-4.5,-0.5
-4.5,-4.5,-0.5
-4.5,-4.5,-0.5
-4.5,-4.5,-0.5
-4.5,-4.5,-0.5
-4.5,-4.5,-0.5
-4.5,-4.5,-0.5
-4.5,-4.5,-0.5
-4.5,-4.5,-0.5
-4.5,-4.5,-0.5
-4.5,-4.5,-0.5
-4.5,-4.5,-0.5
-4.5,-4.5,-0.5
-4.5,-4.5,-0.5
-4.5,-4.5,-0.5
-4.5,-4.5,-0.5
-4.5,-4.5,-0.5
-4.5,-4.5,-0.5
-4.5,-4.5,-0.5
-4.5,-4.5,-0.5
-4.5,-4.5,-0.5
-4.5,-4.5,-0.5
-4.5,-4.5,-0.5
-4.5,-4.5,-0.5
-4.5,-4.5,-0.5
-4.5,-4.5,-0.5
-4.5,-4.5,-0.5
-4.5,-4.5,-0.5
-4.5,-4.5,-0.5
-4.5,-4.5,-0.5
-4.5,-4.5,-0.5
-4.5,-4.5,-0.5
-4.5,-4.5,-0.5
-4.5,-4.5,-0.5
-4.5,-4.5,-0.5
-4.5,-4.5,-0.5
-4.5,-4.5,-0.5
-4.5,-4.5,-0.5
-4.5,-4.5,-0.5
-4.5,-4.5,-0.5
-4.5,-4.5,-0.5
-4.5,-4.5,-0.5
-4.5,-4.5,-0.5
-4.5,-4.5,-0.5
-4.5,-4.5,-0.5
-4.5,-4.5,-0.5
-4.5,-4.5,-0.5
-4.5,-4.5,-0.5
-4.5,-4.5,-0.5
-4.5,-4.5,-0.5
-4.5,-4.5,-0.5
-4.5,-4.5,-0.5
-4.5,-4.5,-0.5
-4.5,-4.5,-0.5
-4.5,-4.5,-0.5
-4.5,-4.5,-0.5
-4.5,-4.5,-0.5
-4.5,-4.5,-0.5
-4.5,-4.5,-0.5
-4.5,-4.5,-0.5
-4.5,-4.5,-0.5
-4.5,-4.5,-0.5
-4.5,-4.5,-0.5
-4.5,-4.5,-0.5
-4.5,-4.5,-0.5
-4.5,-4.5,-0.5
-4.5,-4.5,-0.5
-4.5,-4.5,-0.5
-4.5,-4.5,-0.5
-4.5,-4.5,-0.5
-4.5,-4.5,-0.5
-4.5,-4.5,-0.5
-4.5,-4.5,-0.5
-4.5,-4.5,-0.5
-4.5,-4.5,-0.5
-4.5,-4.5,-0.5
-4.5,-4.5,-0.5
-4.5,-4.5,-0.5
-4.5,-4.5,-0.5
-4.5,-4.5,-0.5
-4.5,-4.5,-0.5
-4.5,-4.5,-0.5
-4.5,-4.5,-0.5
-4.5,-4.5,-0.5
-4.5,-4.5,-0.5
-4.5,-4.5,-0.5
-4.5,-4.5,-0.5
-4.5,-4.5,-0.5
-4.5,-4.5,-0.5
-4.5,-4.5,-0.5
-4.5,-4.5,-0.5
-4.5,-4.5,-0.5
-4.5,-4.5,-0.5
-4.5,-4.5,-0.5
-4.5,-4.5,-0.5
-4.5,-4.5,-0.5
-4.5,-4.5,-0.5
-4.5,-4.5,-0.5
-4.5,-4.5,-0.5
-4.5,-4.5,-0.5
-4.5,-4.5,-0.5
-4.5,-4.5,-0.5
-4.5,-4.5,-0.5
-4.5,-4.5,-0.5
-4.5,-4.5,-0.5
-4.5,-4.5,-0.5
-4.5,-4.5,-0.5
-4.5,-4.5,-0.5
-4.5,-4.5,-0.5
-4.5,-4.5,-0.5
-4.5,-4.5,-0.5
-4.5,-4.5,-0.5
-4.5,-4.5,-0.5
-4.5,-4.5,-0.5
-4.5,-4.5,-0.5
-4.5,-4.5,-0.5
-4.5,-4.5,-0.5
-4.5,-4.5,-0.5
-4.5,-4.5,-0.5
-4.5,-4.5,-0.5
-4.5,-4.5,-0.5
-4.5,-4.5,-0.5
-4.5,-4.5,-0.5
-4.5,-4.5,-0.5
-4.5,-4.5,-0.5
-4.5,-4.5,-0.5
-4.5,-4.5,-0.5
-4.5,-4.5,-0.5
-4.5,-4.5,-0.5
-4.5,-4.5,-0.5
-4.5,-4.5,-0.5
-4.5,-4.5,-0.5
-4.5,-4.5,-0.5
-4.5,-4.5,-0.5
-4.5,-4.5,-0.5
-4.5,-4.5,-0.5
-4.5,-4.5,-0.5
-4.5,-4.5,-0.5
-4.5,-4.5,-0.5
-4.5,-4.5,-0.5
-4.5,-4.5,-0.5
-4.5,-4.5,-0.5
-4.5,-4.5,-0.5
-4.5,-4.5,-0.5
-4.5,-4.5,-0.5
-4.5,-4.5,-0.5
-4.5,-4.5,-0.5
-4.5,-4.5,-0.5
-4.5,-4.5,-0.5
-4.5,-4.5,-0.5
-4.5,-4.5,-0.5
-4.5,-4.5,-0.5
-4.5,-4.5,-0.5
-4.5,-4.5,-0.5
-4.5,-4.5,-0.5
-4.5,-4.5,-0.5
-4.5,-4.5,-0.5
-4.5,-4.5,-0.5
-4.5,-4.5,-0.5
-4.5,-4.5,-0.5
-4.5,-4.5,-0.5
-4.5,-4.5,-0.5
-4.5,-4.5,-0.5
-4.5,-4.5,-0.5
-4.5,-4.5,-0.5
-4.5,-4.5,-0.5
-4.5,-4.5,-0.5
-4.5,-4.5,-0.5
-4.5,-4.5,-0.5
-4.5,-4.5,-0.5
-4.5,-4.5,-0.5
-4.5,-4.5,-0.5
-4.5,-4.5,-0.5
-4.5,-4.5,-0.5
-4.5,-4.5,-0.5
-4.5,-4.5,-0.5
-4.5,-4.5,-0.5
-4.5,-4.5,-0.5
-4.5,-4.5,-0.5
-4.5,-4.5,-0.5
-4.5,-4.5,-0.5
-4.5,-4.5,-0.5
-4.5,-4.5,-0.5
-4.5,-4.5,-0.5
-4.5,-4.5,-0.5
-4.5,-4.5,-0.5
-4.5,-4.5,-0.5
-4.5,-4.5,-0.5
-4.5,-4.5,-0.5
-4.5,-4.5,-0.5
-4.5,-4.5,-0.5
-4.5,-4.5,-0.5
-4.5,-4.5,-0.5
-4.5,-4.5,-0.5
-4.5,-4.5,-0.5
-4.5,-4.5,-0.5
-4.5,-4.5,-0.5
-4.5,-4.5,-0.5
-4.5,-4.5,-0.5
-4.5,-4.5,-0.5
-4.5,-4.5,-0.5
-4.5,-4.5,-0.5
-4.5,-4.5,-0.5
-4.5,-4.5,-0.5
-4.5,-4.5,-0.5
-4.5,-4.5,-0.5
-4.5,-4.5,-0.5
-4.5,-4.5,-0.5
-4.5,-4.5,-0.5
-4.5,-4.5,-0.5
-4.5,-4.5,-0.5
-4.5,-4.5,-0.5
-4.5,-4.5,-0.5
-4.5,-4.5,-0.5
-4.5,-4.5,-0.5
-4.5,-4.5,-0.5
-4.5,-4.5,-0.5
-4.5,-4.5,-0.5
-4.5,-4.5,-0.5
-4.5,-4.5,-0.5
-4.5,-4.5,-0.5
-4.5,-4.5,-0.5
-4.5,-4.5,-0.5
-4.5,-4.5,-0.5
-4.5,-4.5,-0.5
-4.5,-4.5,-0.5
-4.5,-4.5,-0.5
