x,y,z
0.116515,-0.447943,0.121789
0.359305,-0.49456,0.123979
-0.36845,-0.328996,0.120432
-0.127732,-0.387736,0.121249
0.287049,-0.257021,0.122399
-0.555341,-0.1683,0.12454
-0.198504,-0.148045,0.122747
0.040591,-0.211792,0.121977
-0.387105,0.013224,0.121027
-0.040034,0.0441267,0.1195
0.198288,-0.0238232,0.11976
0.443411,-0.0454994,0.121916
-0.229167,0.207537,0.121433
0.142163,0.215845,0.123551
0.390484,0.194144,0.122541
-0.474737,0.246136,0.1234
-0.303381,0.445008,0.125474
-0.0588342,0.413936,0.12326
0.284714,0.41728,0.123853
0.112588,0.58882,0.123139
-0.286309,-0.565198,0.170145
-0.0487438,-0.627357,0.161585
0.201408,-0.638652,0.258812
-0.508076,-0.439371,0.2899
0.522507,-0.314335,0.178466
-0.371628,-0.159732,0.299051
0.643472,-0.110041,0.248508
-0.634895,0.0630336,0.168751
-0.210678,0.0336408,0.291355
-0.0433767,0.231891,0.281429
0.62923,0.183273,0.184409
-0.504397,0.443201,0.264748
0.515483,0.403178,0.200261
-0.151606,0.627778,0.201628
0.292589,0.599345,0.289307
-0.255577,-0.620836,0.402944
-0.0130451,-0.672979,0.39183
-0.0111198,-0.43441,0.32866
0.244379,-0.397071,0.324299
0.467044,-0.486842,0.346786
-0.261847,-0.380835,0.32652
0.604614,-0.292874,0.415319
-0.630252,-0.23026,0.347565
-0.0923219,-0.200391,0.339835
0.174984,-0.166104,0.318131
0.417098,-0.151159,0.339836
-0.66987,0.00899298,0.399867
0.0256171,0.0155447,0.354703
0.265979,0.065248,0.331745
0.508298,0.0756558,0.366082
-0.441852,0.095082,0.344321
0.117146,0.209093,0.471718
-0.62627,0.245061,0.335481
-0.31692,0.307432,0.351753
0.340709,0.300039,0.336969
0.600286,0.302815,0.399301
-0.116118,0.447995,0.36518
0.124843,0.418382,0.32393
0.454322,0.495334,0.438544
-0.332045,0.579515,0.366255
0.0592575,0.667392,0.34208
0.368183,-0.563272,0.554896
-0.446141,-0.501582,0.520349
-0.151398,-0.437953,0.528436
0.136677,-0.523811,0.504876
-0.593719,-0.310394,0.574942
-0.340474,-0.284484,0.531613
0.0759351,-0.284949,0.502762
0.398689,-0.271085,0.549955
-0.671294,-0.0818443,0.624331
-0.465997,-0.081011,0.507987
-0.224926,-0.067821,0.504205
0.000193562,-0.00689763,0.591562
0.234634,-0.0705764,0.535971
0.468069,-0.0399402,0.612671
0.67152,-0.0633357,0.484796
-0.621474,0.178206,0.573148
-0.376557,0.23487,0.581373
-0.158179,0.17093,0.487185
0.352695,0.161187,0.538507
0.652189,0.155916,0.579436
0.26185,0.389947,0.550809
0.555218,0.377097,0.629538
-0.53479,0.404021,0.503637
-0.189475,0.392269,0.596014
0.0337568,0.486254,0.561137
-0.133915,0.659733,0.481145
0.22895,0.631191,0.521934
-0.271978,-0.615641,0.645424
-0.0352855,-0.670834,0.632198
0.193529,-0.642336,0.712385
-0.502879,-0.446079,0.757257
0.0109269,-0.432181,0.690463
0.255935,-0.399773,0.702474
0.510785,-0.433302,0.699779
-0.264939,-0.390716,0.74248
-0.396384,-0.183647,0.74278
-0.113416,-0.220915,0.645934
0.118087,-0.184857,0.720604
0.359367,-0.181482,0.776037
0.629735,-0.231145,0.654956
-0.458192,0.048815,0.711264
-0.21118,0.0751391,0.707542
0.672242,-0.0122783,0.752076
-0.0179542,0.229711,0.678313
0.203567,0.0890801,0.721767
0.388423,0.251717,0.760164
-0.474086,0.47555,0.73003
0.201474,0.405329,0.785268
0.389799,0.546936,0.690774
-0.28313,0.608935,0.66718
-0.0520361,0.67103,0.70374
0.180016,0.648022,0.761506
-0.248573,-0.593192,0.882256
-0.0144924,-0.670361,0.873582
0.372495,-0.55901,0.852992
0.110712,-0.438429,0.895687
0.538464,-0.401689,0.940672
-0.627867,-0.236341,0.810081
-0.0847247,-0.294177,0.871669
0.645286,-0.181046,0.92857
-0.670981,0.0500789,0.824764
-0.464717,-0.0602003,0.942488
-0.222434,-0.0774686,0.900455
-0.00268836,0.00426782,0.830481
0.456495,0.0345501,0.850807
-0.416358,0.181242,0.909641
-0.160561,0.168443,0.932403
0.081018,0.224557,0.902261
0.630028,0.228074,0.810749
-0.607763,0.283971,0.793139
-0.274854,0.362495,0.826077
-0.0427371,0.443805,0.798686
0.510423,0.435842,0.871239
-0.31336,0.591657,0.912455
-0.0792338,0.66645,0.938746
0.196666,-0.64269,0.998751
-0.448696,-0.498764,0.990341
-0.100343,-0.447054,1.05835
0.399407,-0.537362,1.09636
-0.595642,-0.304827,1.04251
-0.343693,-0.280081,0.962902
0.309827,-0.321115,0.964063
-0.0967281,-0.185338,1.08508
0.114407,-0.17148,0.959847
0.432496,-0.120768,1.04402
-0.671584,0.00149318,1.05542
0.0190205,0.0328475,1.06972
0.238596,0.0428337,0.960211
0.667618,0.0596912,0.98598
0.440426,0.125005,1.08071
-0.626547,0.239951,1.03124
-0.336689,0.311161,1.10092
0.320277,0.322266,0.987793
0.607259,0.29183,1.04457
-0.502237,0.443805,0.972485
-0.147283,0.444536,1.02264
0.101935,0.449317,1.00037
0.297961,0.600797,0.973789
-0.255211,-0.623486,1.11778
-0.0144615,-0.671323,1.11759
0.212123,-0.637144,1.24232
-0.436934,-0.508824,1.23349
0.140638,-0.436297,1.12302
-0.273337,-0.325018,1.19322
0.340463,-0.310539,1.20097
0.583413,-0.333767,1.16827
-0.444374,-0.148698,1.17168
0.12684,-0.181515,1.19975
0.662251,-0.105346,1.16332
-0.220803,0.0251526,1.12819
0.26076,0.0232035,1.20217
-0.455038,0.0959773,1.13623
0.144687,0.234316,1.13814
0.658975,0.133252,1.22428
-0.547942,0.386604,1.21219
-0.103451,0.242185,1.16256
0.32534,0.350769,1.2583
-0.000299666,0.461815,1.21764
0.468987,0.481266,1.10884
-0.377159,0.554938,1.1553
-0.152238,0.653257,1.1705
0.0872835,0.666376,1.11217
0.292845,0.604859,1.22161
-0.00235873,-0.672266,1.35815
-0.195686,-0.519601,1.32245
0.177577,-0.417863,1.3525
0.468941,-0.482938,1.32469
-0.588342,-0.325661,1.28637
-0.0388013,-0.344032,1.26735
0.608433,-0.28132,1.40925
-0.666143,-0.0953568,1.26749
-0.41648,-0.207593,1.4098
-0.147916,-0.12598,1.31086
0.229225,-0.104281,1.40795
0.450581,-0.107298,1.29186
-0.478674,0.0206343,1.36969
0.0426113,0.0297846,1.31056
0.670054,-0.0454796,1.39698
-0.650423,0.16654,1.26492
-0.164832,0.172408,1.39345
0.439079,0.141698,1.32824
-0.389989,0.23898,1.32937
0.0531366,0.270079,1.36034
0.568767,0.353011,1.29894
-0.43277,0.512755,1.39463
-0.226829,0.416372,1.29472
0.165371,0.478052,1.39148
-0.221141,0.63678,1.40466
0.0173109,0.670298,1.35234
-0.178432,-0.648811,1.5259
0.304595,-0.600029,1.46234
-0.393195,-0.541167,1.47169
-0.0174651,-0.465604,1.48592
0.510103,-0.443319,1.56381
-0.561178,-0.370304,1.52334
-0.205708,-0.314726,1.45458
0.362956,-0.297404,1.44165
-0.655947,-0.145387,1.50009
0.0228661,-0.222479,1.46494
0.469038,-0.101719,1.53647
-0.271344,-0.0267064,1.49045
-0.0319902,0.00752575,1.53743
-0.664543,0.101972,1.49837
-0.430177,0.172551,1.56601
0.224962,0.130545,1.44633
0.435051,0.13594,1.57494
0.646662,0.186201,1.46649
-0.585234,0.329712,1.45192
-0.269954,0.350592,1.52916
0.308374,0.342522,1.54804
0.547731,0.391926,1.55456
-0.0631575,0.461963,1.46975
0.401693,0.537689,1.42743
0.213168,0.642995,1.55132
-0.328623,-0.579096,1.70673
0.0980571,-0.663103,1.58254
0.355757,-0.567923,1.69918
-0.14025,-0.392277,1.67854
0.19867,-0.419641,1.58814
-0.360764,-0.282398,1.64018
0.0688094,-0.241842,1.69962
0.37205,-0.274907,1.68521
0.62279,-0.248895,1.66108
-0.634948,-0.213124,1.73103
-0.161424,-0.143572,1.68004
-0.673768,0.0292459,1.72565
-0.468436,-0.0601801,1.62564
0.249305,-0.0637855,1.64598
0.671545,-0.0082711,1.63926
-0.217736,0.112492,1.68219
0.187784,0.172345,1.68277
0.631939,0.22165,1.70998
-0.617238,0.265665,1.69099
-0.0305656,0.24629,1.58942
-0.481755,0.46603,1.63398
-0.121787,0.43903,1.71211
0.11004,0.442718,1.63825
0.390791,0.545475,1.67407
-0.279886,0.609771,1.6417
-0.0429752,0.67149,1.59453
-0.0822878,-0.622474,1.74636
0.166446,-0.650126,1.81772
-0.517379,-0.429074,1.75181
-0.0172236,-0.430292,1.88852
0.217926,-0.403921,1.82646
0.52121,-0.423764,1.80985
-0.285394,-0.354526,1.86612
-0.360746,-0.124055,1.8313
0.477781,-0.0798965,1.78037
0.0407352,-0.00683211,1.76842
0.263256,-0.0324416,1.88898
0.673641,0.0120291,1.88509
-0.442164,0.106527,1.8088
-0.062575,0.229036,1.83316
0.415845,0.156382,1.81748
-0.331942,0.32111,1.76633
0.286771,0.365181,1.7971
-0.53932,0.395832,1.88784
0.0659538,0.43638,1.87627
0.528707,0.416246,1.82079
-0.360946,0.566309,1.87081
-0.126382,0.657144,1.83336
0.118247,0.659396,1.78195
-0.246009,-0.627055,1.93383
-0.0110451,-0.670995,1.97291
0.364816,-0.563327,1.93971
-0.448525,-0.498814,1.96827
-0.596116,-0.308059,1.95087
0.340712,-0.269482,1.99435
-0.134278,-0.168737,1.9216
0.105836,-0.216205,1.93483
0.630256,-0.229128,1.90714
-0.587433,-0.0662249,1.92851
-0.226422,0.0654479,1.92396
0.010586,0.0127672,2.00608
0.479869,-0.0654542,2.02602
-0.647919,0.175091,1.92235
0.165176,0.189933,1.92378
-0.372308,0.252846,2.00128
0.62594,0.2375,1.9536
-0.187204,0.411089,1.94625
0.2461,0.392672,2.03915
0.080063,0.66662,2.0284
0.320932,0.588327,1.90763
-0.359214,-0.568118,2.17646
-0.132071,-0.658658,2.18026
0.1203,-0.659038,2.17518
0.35349,-0.572283,2.17725
-0.534312,-0.392307,2.17204
-0.175753,-0.438684,2.07281
0.159285,-0.440339,2.06392
0.522034,-0.418883,2.0726
-0.651742,-0.166715,2.14391
-0.338524,-0.211377,2.05685
-0.114804,-0.219438,2.16075
0.128153,-0.214931,2.16794
0.638939,-0.209737,2.14903
-0.418639,0.0224064,2.07776
-0.187239,0.0131719,2.16029
0.264234,-0.0103794,2.13481
0.667664,0.0574713,2.13376
-0.664798,0.0794678,2.15002
-0.0907777,0.223736,2.07761
0.148175,0.20738,2.16361
0.414628,0.17088,2.06071
-0.595393,0.314,2.12128
-0.253028,0.377197,2.17952
0.604268,0.293714,2.18302
-0.442553,0.505176,2.09727
-0.00475461,0.451057,2.10563
0.479143,0.469509,2.06032
-0.216798,0.630366,2.06475
0.28966,0.605761,2.15326
-0.00365058,-0.457008,2.25223
-0.300556,-0.344488,2.2615
0.249737,-0.383314,2.2877
-0.443866,-0.141693,2.2623
0.405244,-0.197168,2.22265
-0.668362,-0.0476143,2.36221
0.0439019,-0.000977627,2.24267
0.461905,0.0497923,2.27302
0.667921,-0.0691109,2.35011
-0.634903,0.207864,2.36022
-0.414829,0.202951,2.24194
0.366432,0.280624,2.27004
-0.516763,0.425536,2.33053
-0.0774434,0.43858,2.3309
0.165252,0.42229,2.28388
-0.325651,0.583181,2.30377
-0.0928585,0.669357,2.28328
0.142938,0.656997,2.34628
-0.25209,-0.622298,2.3889
-0.0069853,-0.669444,2.38744
0.236495,-0.628477,2.38655
-0.460349,-0.486968,2.38551
-0.14337,-0.419454,2.47979
0.102796,-0.444145,2.47767
0.447309,-0.498063,2.38695
-0.605454,-0.285483,2.38042
-0.352518,-0.288456,2.49156
-0.00469506,-0.241384,2.37696
0.327384,-0.322172,2.51053
0.596691,-0.304905,2.37154
-0.221806,-0.125615,2.36312
0.222916,-0.15065,2.37806
0.451624,-0.111336,2.46163
-0.456569,-0.0622988,2.48819
-0.0372224,0.0016306,2.46219
-0.421264,0.176607,2.48613
-0.21031,0.146509,2.36451
0.0245686,0.221866,2.3696
0.233517,0.0943695,2.36684
0.429628,0.154395,2.49693
0.648301,0.170628,2.38883
-0.277772,0.370944,2.43919
0.283821,0.355308,2.48901
0.545286,0.393595,2.39502
0.368134,0.56188,2.38375
-0.366143,-0.562647,2.59764
-0.134758,-0.654714,2.60012
0.111809,-0.660728,2.5998
0.344837,-0.576496,2.59761
0.529266,-0.412926,2.60216
-0.54647,-0.391827,2.5955
-0.65076,-0.166885,2.58916
-0.130288,-0.192742,2.58524
0.115976,-0.224139,2.58838
0.642388,-0.196648,2.58907
-0.247348,0.0263338,2.58001
0.26005,-0.0223011,2.58473
0.669528,0.0477879,2.60003
-0.66555,0.0808651,2.57287
-0.112109,0.230844,2.57602
0.133546,0.187681,2.58564
-0.5946,0.318749,2.57904
-0.339382,0.316434,2.66911
0.607746,0.286432,2.60572
-0.440296,0.508643,2.55509
0.0471728,0.416744,2.52816
0.461261,0.486232,2.60298
-0.226535,0.629912,2.52961
0.0155636,0.669185,2.55857
0.25517,0.619899,2.59638
-0.258439,-0.620532,2.8105
-0.0148184,-0.671138,2.81388
0.229157,-0.629784,2.81251
-0.464272,-0.48215,2.8097
-0.0153793,-0.453557,2.69504
0.227127,-0.400039,2.71866
0.441103,-0.504856,2.81462
-0.610275,-0.280442,2.80626
-0.25047,-0.372622,2.70177
-0.0229969,-0.237119,2.81589
0.595525,-0.312118,2.81459
-0.42068,-0.182169,2.69938
-0.218352,-0.0918269,2.79482
0.204196,-0.146881,2.80688
0.418311,-0.193123,2.69613
-0.66812,-0.0384784,2.79927
-0.457486,0.0636271,2.70189
0.0348165,-0.0176585,2.68503
0.454553,0.0474191,2.71763
0.6658,-0.0767021,2.81557
-0.638298,0.207227,2.79569
-0.209001,0.152355,2.7911
0.220237,0.0993065,2.79919
0.648972,0.168,2.81665
0.0168183,0.246035,2.78965
0.365829,0.27612,2.70725
0.545581,0.391312,2.81821
-0.519119,0.42444,2.79584
-0.128728,0.44113,2.69719
0.17435,0.427518,2.72785
-0.330418,0.582041,2.76651
-0.0990489,0.665771,2.77984
0.141237,0.656139,2.81237
0.36757,0.561145,2.81563
-0.138215,-0.432585,2.91482
0.109215,-0.43274,2.92592
-0.346467,-0.287964,2.91217
0.329492,-0.314981,2.92812
0.440829,-0.0914697,2.92198
-0.447549,-0.0597291,2.91319
-0.0286644,0.0301336,2.90161
-0.418518,0.187142,2.90983
0.4187,0.168272,2.92888
-0.252731,0.373916,2.90114
0.263891,0.363132,2.94094
-0.000299259,0.458455,2.9069
-0.222192,0.631634,2.99152
-0.369171,-0.559232,3.0232
-0.140209,-0.655882,3.02583
0.107491,-0.661275,3.02787
0.340163,-0.578136,3.02786
-0.0172602,-0.453849,3.13208
0.526406,-0.41578,3.02928
-0.548344,-0.385725,3.02125
-0.249385,-0.367566,3.12631
0.226347,-0.389768,3.13989
-0.650498,-0.158976,3.01694
-0.405945,-0.175904,3.12461
-0.161525,-0.160172,3.02256
0.104754,-0.205482,3.02683
0.397841,-0.203289,3.13753
0.639747,-0.197129,3.02992
-0.44836,0.0689243,3.12518
0.00150903,-0.00676434,3.13163
0.227513,0.0168331,3.03266
0.449374,0.0409581,3.14017
0.670413,0.0474704,3.03134
-0.665277,0.08849,3.0117
-0.221527,0.0978594,3.03272
0.00944209,0.233061,3.03832
-0.590024,0.324558,3.01062
-0.342777,0.295053,3.11851
0.357106,0.272249,3.14407
0.608602,0.286057,3.03167
-0.432784,0.512619,3.0111
-0.133486,0.429912,3.11461
0.115655,0.439786,3.12304
0.463948,0.483831,3.03139
0.0164573,0.671101,3.02674
0.258141,0.61872,3.02726
-0.260928,-0.619098,3.23769
-0.0178978,-0.671892,3.24206
0.226244,-0.631531,3.24244
-0.466381,-0.479331,3.23559
0.438081,-0.505156,3.24363
-0.606222,-0.274138,3.2337
0.593966,-0.312875,3.24462
-0.0472114,-0.228122,3.23134
0.189456,-0.122556,3.24617
-0.669444,-0.0329761,3.22859
-0.222985,-0.045516,3.23407
0.665743,-0.0770351,3.24526
-0.634942,0.214157,3.22676
-0.121615,0.182584,3.24251
0.167768,0.143646,3.2409
0.648684,0.169484,3.24729
0.543891,0.392113,3.24766
-0.513411,0.432136,3.2302
-0.314836,0.589849,3.21962
0.138284,0.654983,3.23985
0.365889,0.561685,3.24171
-0.371731,-0.558389,3.45031
-0.14272,-0.655072,3.45421
0.10508,-0.66322,3.45772
0.33707,-0.579364,3.4584
-0.144658,-0.427657,3.34219
0.106962,-0.442166,3.34747
0.523393,-0.417073,3.45876
-0.548662,-0.382851,3.44949
-0.349451,-0.287213,3.33747
0.326894,-0.307251,3.35047
-0.651245,-0.155495,3.44446
-0.163858,-0.162222,3.44392
0.0769659,-0.219142,3.44619
0.442649,-0.0859611,3.35117
0.638902,-0.199123,3.46085
-0.44877,-0.0563991,3.33695
0.0022257,0.00549311,3.36547
0.23562,0.0103569,3.45062
0.672989,0.0456198,3.45951
-0.664486,0.0934126,3.44072
-0.410757,0.191387,3.33392
-0.219418,0.0821623,3.4474
0.408554,0.161188,3.35472
-0.585914,0.329573,3.44215
-0.24596,0.378494,3.33114
0.033857,0.243242,3.42683
0.230808,0.374995,3.33189
0.606898,0.286016,3.46221
-0.417702,0.522712,3.43947
-0.0159464,0.471843,3.33019
-0.196713,0.640043,3.43415
0.0498488,0.670949,3.46231
-0.025781,-0.455498,3.5546
-0.254842,-0.365407,3.55382
0.229526,-0.384267,3.56398
-0.416879,-0.176038,3.54698
0.402578,-0.202044,3.5622
-0.445116,0.0700103,3.54973
0.00487065,0.00189648,3.60105
0.457259,0.0427345,3.56376
-0.340087,0.295984,3.54535
0.28603,0.264916,3.54375
-0.130779,0.428434,3.54611
0.115369,0.446021,3.54162
0.477113,0.47023,3.56746
0.291747,0.603502,3.46847
-0.263785,-0.618501,3.66556
-0.0205845,-0.671198,3.67092
0.224062,-0.633918,3.67367
-0.468352,-0.479541,3.66413
-0.151879,-0.429241,3.7722
0.0992893,-0.444525,3.76525
0.436842,-0.507697,3.67266
-0.610286,-0.274564,3.66298
-0.357867,-0.284857,3.75864
0.336952,-0.30623,3.77532
0.592189,-0.315132,3.67572
-0.0580679,-0.231903,3.65995
0.177884,-0.162348,3.66125
0.445227,-0.0819535,3.77549
-0.669623,-0.0318056,3.65576
-0.45141,-0.0543398,3.76355
-0.230315,-0.0561796,3.65706
0.254048,0.0674638,3.69007
0.666845,-0.0776152,3.67439
-0.634105,0.214519,3.65437
-0.410945,0.193017,3.75901
-0.159267,0.177732,3.6666
0.648797,0.16897,3.67609
-0.243712,0.384897,3.76294
0.0774478,0.236644,3.67222
0.422326,0.239397,3.74635
-0.512834,0.432678,3.65538
-0.00424554,0.452949,3.76009
0.242392,0.409393,3.74967
-0.320424,0.590235,3.65624
-0.0859982,0.663851,3.6615
0.172547,0.649341,3.67583
-0.374635,-0.557459,3.87926
-0.146752,-0.654045,3.88263
0.0998987,-0.662524,3.88693
0.334622,-0.581747,3.88793
0.521674,-0.420344,3.88957
-0.549583,-0.382059,3.87883
0.0524214,-0.239909,3.88679
-0.651211,-0.155023,3.87306
-0.181044,-0.166371,3.87554
0.638915,-0.202292,3.89021
-0.232588,0.0718689,3.87838
0.00142663,0.00762566,3.8377
0.228935,-0.0693855,3.89025
0.669247,0.041425,3.89185
-0.666946,0.0933218,3.86787
0.180844,0.182367,3.89197
-0.585509,0.329363,3.86907
-0.0551783,0.242604,3.88282
0.610482,0.279165,3.89531
-0.424922,0.519046,3.86966
0.475889,0.472907,3.81591
-0.207507,0.638789,3.87277
0.0393562,0.664902,3.8818
0.281963,0.608661,3.89147
-0.0230289,-0.456589,3.98005
-0.61196,-0.272143,4.09038
-0.257294,-0.373129,3.99115
0.235657,-0.380295,3.98401
-0.418058,-0.180382,3.97157
-0.0852872,-0.228409,4.09377
0.411664,-0.203037,3.98537
-0.668818,-0.0302539,4.08481
-0.45394,0.0640833,3.9806
-0.0107922,0.00169341,4.07936
-0.636556,0.214448,4.08166
-0.175232,0.185694,4.09027
0.432436,0.0937688,3.95261
-0.34772,0.304169,3.96861
0.35461,0.329716,3.9788
-0.516396,0.432422,4.08372
-0.141544,0.440169,3.99553
0.127325,0.433416,3.97018
-0.323745,0.586224,4.08423
-0.0896013,0.666117,4.09088
-0.267013,-0.616529,4.09476
-0.0259739,-0.671185,4.10121
0.219514,-0.636292,4.10152
-0.470305,-0.475945,4.0947
-0.136657,-0.438879,4.1997
0.110322,-0.434876,4.18579
0.429189,-0.507592,4.10555
-0.362174,-0.27361,4.19111
0.359023,-0.271563,4.2113
0.589497,-0.321732,4.10688
0.157226,-0.17921,4.09973
0.666223,-0.0884764,4.10918
-0.254177,-0.0471194,4.0974
0.228572,0.0554959,4.10073
0.439429,-0.0418802,4.17035
-0.413118,0.195641,4.17926
0.412988,0.200855,4.18376
0.651434,0.156939,4.10929
-0.255222,0.384817,4.20866
0.0631908,0.236207,4.10434
0.241523,0.379346,4.1944
0.555579,0.382623,4.10811
0.0109401,0.463045,4.18778
0.156158,0.651217,4.10017
0.38364,0.554518,4.10753
-0.37875,-0.555426,4.31036
-0.152389,-0.65466,4.3142
0.0971521,-0.66652,4.31759
0.329166,-0.585817,4.31911
0.000810084,-0.460412,4.40338
0.51718,-0.425379,4.32302
-0.552725,-0.377103,4.30788
0.233295,-0.373376,4.38978
-0.651724,-0.150096,4.30118
-0.186715,-0.150191,4.31325
0.0426135,-0.234978,4.30953
0.237723,-0.0796193,4.31003
0.635925,-0.208724,4.32413
-0.454646,0.0193073,4.37754
0.00434699,0.0343821,4.31828
0.670498,0.0358036,4.32568
-0.667177,0.0968885,4.29828
-0.233965,0.0916086,4.30925
0.209089,0.166999,4.31705
-0.586933,0.329488,4.29393
-0.0679195,0.268838,4.31236
0.615123,0.275746,4.3231
-0.429999,0.518088,4.30942
0.472196,0.476449,4.32338
-0.215406,0.634323,4.3001
0.0264352,0.671524,4.31271
0.266938,0.612808,4.3192
-0.274805,-0.612448,4.52943
-0.0349564,-0.670246,4.52853
0.182784,-0.555715,4.54769
-0.477519,-0.469232,4.52266
-0.235162,-0.393494,4.4179
0.426924,-0.514398,4.53742
-0.616398,-0.264179,4.51963
0.586773,-0.323673,4.53908
-0.395198,-0.212414,4.42861
-0.120202,-0.220207,4.54275
0.0881792,-0.0967306,4.5031
0.340368,-0.218855,4.54334
0.665683,-0.0882949,4.54093
-0.668818,-0.0248523,4.51337
-0.255474,-0.0222281,4.52148
0.263576,0.0588345,4.55646
0.458282,-0.0490174,4.41551
-0.633037,0.222216,4.5093
-0.178882,0.209617,4.53155
0.0607321,0.193371,4.50604
0.423651,0.193206,4.43298
0.650342,0.158448,4.54031
-0.38574,0.259363,4.41169
0.254861,0.371821,4.4417
0.549735,0.384882,4.53853
-0.511592,0.435805,4.52561
-0.220925,0.43729,4.44755
0.0246947,0.459211,4.43616
-0.108733,0.660591,4.52253
0.143911,0.654187,4.53021
0.373847,0.559051,4.53872
-0.109694,-0.452996,4.6246
-0.321075,-0.321732,4.64009
0.0961711,-0.32482,4.58648
-0.448509,-0.108988,4.6419
0.189619,-0.133507,4.72272
-0.0529292,0.031118,4.65261
0.458984,-0.0386015,4.66389
-0.662294,0.104354,4.71937
-0.426938,0.135837,4.6176
-0.312696,0.348105,4.685
0.364606,0.273066,4.6596
-0.089649,0.453263,4.65674
0.155111,0.416562,4.66269
-0.333043,0.583351,4.6066
-0.167953,-0.650382,4.75555
0.0782327,-0.667259,4.74302
0.31743,-0.595587,4.75336
-0.391461,-0.543162,4.74206
0.058632,-0.430007,4.80817
0.51616,-0.427325,4.75298
-0.56313,-0.364559,4.73876
-0.386694,-0.262703,4.86928
-0.18009,-0.388165,4.84973
0.283246,-0.359408,4.73353
-0.661178,-0.137307,4.74582
-0.0431948,-0.194862,4.77218
0.411803,-0.189807,4.85376
0.636797,-0.209307,4.75506
-0.480818,-0.036317,4.87426
-0.26881,0.0207497,4.7653
0.31118,0.0356469,4.84679
0.670961,0.036629,4.75809
-0.410181,0.201622,4.8574
0.145273,0.1819,4.73154
-0.582334,0.336152,4.74254
-0.0919502,0.238258,4.7864
0.610743,0.278618,4.75329
-0.431707,0.514094,4.82407
0.465264,0.481828,4.75805
-0.216989,0.634348,4.8152
0.0136231,0.669703,4.73937
0.257603,0.62224,4.74731
-0.296719,-0.602475,4.96201
-0.0573133,-0.666213,4.979
0.188922,-0.642892,4.959
-0.489026,-0.455842,5.0165
0.42545,-0.517579,4.965
-0.618854,-0.256192,4.95514
-0.00111818,-0.28085,4.99795
0.232965,-0.364436,4.97201
0.585157,-0.327112,4.96763
-0.200774,-0.126876,4.94968
0.189291,-0.122253,4.99036
0.609991,-0.0806773,4.96901
0.0239123,0.0302886,4.88471
-0.64095,0.19351,4.94149
-0.220108,0.116052,4.98704
0.179553,0.206906,4.96627
0.649176,0.165034,4.96981
0.415051,0.245083,4.89963
-0.535841,0.402795,5.0193
-0.234211,0.395966,4.91757
0.00431254,0.454033,4.88384
0.252329,0.430334,4.89592
0.516395,0.431556,5.00831
-0.105982,0.661683,5.03143
0.1311,0.656414,4.95604
0.306451,-0.597768,5.16599
-0.159772,-0.450498,5.08383
0.0794117,-0.475227,5.12814
0.514746,-0.428053,5.18274
-0.418957,-0.159108,5.09106
-0.19363,-0.22726,5.17058
0.406386,-0.179093,5.09816
0.638158,-0.212578,5.18028
-0.669399,-0.0289955,5.04819
-0.0217113,-0.0588744,5.10687
0.19848,0.0613216,5.15694
0.432495,0.0663723,5.06957
0.669431,0.0320544,5.18228
-0.636567,0.214186,5.18186
-0.45216,0.0867602,5.07922
-0.338268,0.299853,5.12088
-0.0313284,0.241426,5.07179
0.32872,0.318243,5.12191
0.557857,0.250767,5.18247
-0.140482,0.445922,5.14522
0.115848,0.442872,5.10316
-0.348976,0.571246,5.05334
0.330832,0.582188,5.0811
-0.367089,-0.560777,5.20476
-0.139728,-0.657307,5.21411
0.0996458,-0.666027,5.27492
-0.530442,-0.413147,5.32002
-0.104663,-0.438701,5.32257
0.0416513,-0.257982,5.24001
0.279089,-0.358101,5.21314
-0.633054,-0.223884,5.19672
-0.440656,-0.0926999,5.33052
0.24068,-0.131524,5.29896
0.455234,-0.234292,5.33209
-0.670762,-0.00139655,5.29989
-0.248381,0.0107089,5.20688
-0.00344753,0.052313,5.3211
0.454443,0.0137754,5.31115
-0.420894,0.158534,5.31058
-0.162481,0.236164,5.2786
0.110689,0.266254,5.27563
-0.519284,0.413471,5.26825
0.476151,0.474025,5.24919
-0.1592,0.653594,5.27351
0.0778453,0.66723,5.19608
0.280561,0.607476,5.32697
-0.307853,-0.593722,5.44482
-0.0689866,-0.667022,5.45228
0.131585,-0.437836,5.39511
0.404695,-0.533426,5.37768
-0.312647,-0.315723,5.36763
0.553839,-0.381418,5.50102
-0.634595,-0.217089,5.44034
-0.126246,-0.152368,5.39136
0.098095,-0.206749,5.48039
0.653444,-0.155219,5.46127
-0.228573,0.0651859,5.44573
-0.636453,0.212572,5.42365
0.23014,0.0866673,5.40033
0.663123,0.089764,5.42449
-0.31267,0.33362,5.44642
-0.0387437,0.236755,5.49222
0.338097,0.308677,5.36763
0.58434,0.324386,5.41529
-0.0951999,0.448587,5.38664
0.144601,0.438817,5.45091
0.436726,0.505689,5.49252
-0.363046,0.5653,5.38423
0.0485783,0.667829,5.43787
-0.196479,-0.640082,5.66425
0.172869,-0.650974,5.5123
0.376649,-0.555213,5.61958
-0.539764,-0.399486,5.57572
-0.299217,-0.399657,5.60131
-0.0671647,-0.454329,5.56326
0.157234,-0.449225,5.64728
0.315612,-0.320868,5.51366
-0.321369,-0.145165,5.54315
-0.0992296,-0.223312,5.62459
0.425847,-0.0997814,5.53458
-0.668587,0.00278718,5.54858
-0.0160427,0.000163986,5.55821
0.220043,-0.00645131,5.63036
0.670656,-0.00271434,5.66002
-0.443533,0.122978,5.55384
-0.230899,0.211801,5.64308
0.18405,0.233522,5.58732
0.436615,0.146467,5.521
0.624126,0.243928,5.64536
-0.531963,0.405057,5.53415
-0.11175,0.431761,5.6318
-0.375167,0.557419,5.64239
-0.177309,0.645723,5.5283
0.241296,0.625261,5.5836
-0.370854,-0.558307,5.81985
0.0431415,-0.66817,5.72367
-0.0753131,-0.4449,5.80959
0.506503,-0.439764,5.79164
-0.548015,-0.386634,5.82313
-0.341,-0.259077,5.80045
0.380754,-0.236626,5.73567
0.625068,-0.244908,5.69179
-0.638957,-0.201607,5.68797
0.128856,-0.217535,5.72526
-0.672215,0.0174873,5.79377
-0.447472,-0.0495464,5.72961
-0.201306,-0.0215405,5.72074
0.0349693,-0.000617282,5.79818
0.447553,0.0488375,5.74762
-0.633662,0.225635,5.67019
-0.423756,0.186897,5.79328
-0.273325,0.384083,5.81248
-0.00799743,0.237666,5.74422
0.381323,0.285695,5.71763
-0.522567,0.417262,5.78357
0.126508,0.443092,5.69842
0.41275,0.528787,5.73795
-0.203098,0.637131,5.8016
0.0143616,0.668256,5.68487
-0.16378,-0.648627,5.92224
0.0796971,-0.666228,5.96968
0.285903,-0.60723,5.84393
-0.250273,-0.402614,5.97924
0.156806,-0.401034,5.88676
0.347742,-0.270619,5.97819
-0.53741,-0.16361,5.9302
-0.111225,-0.2038,5.86491
0.661559,-0.103339,5.88849
-0.312251,-0.0539928,5.93954
0.26506,-0.0645263,5.8642
-0.197262,0.160368,5.88444
0.20465,0.17469,5.84855
0.427141,0.191007,5.95235
0.655128,0.140608,5.86636
-0.62763,0.239146,5.91973
0.5631,0.370006,5.85103
-0.0447297,0.458538,5.87467
0.202174,0.414727,5.93047
-0.388644,0.549599,5.94548
0.213784,0.637533,5.82849
-0.328698,-0.588471,6.12001
-0.512218,-0.431396,6.06443
-0.0183248,-0.455703,6.05289
0.219018,-0.430345,6.12015
0.433357,-0.508854,6.01919
-0.11661,-0.237786,6.10685
0.590926,-0.317733,5.99025
0.0984265,-0.186819,5.99634
0.660815,-0.128507,6.1352
-0.671466,0.0241365,6.0354
-0.462111,-0.048984,6.13571
-0.0767714,-0.0120252,6.01552
0.171825,0.0438528,6.06141
0.456729,-0.0474983,6.01739
-0.419969,0.176105,6.04028
-0.189316,0.1697,6.12905
0.0130981,0.227011,5.99474
0.658579,0.119528,6.11222
0.228501,0.274814,6.12817
0.568056,0.35275,6.09789
-0.53209,0.404627,6.08531
-0.207415,0.400824,6.05307
0.0320401,0.445633,6.10981
0.420711,0.520505,5.98751
-0.18736,0.643363,6.0489
0.0525135,0.668749,6.00952
-0.0955139,-0.66365,6.16111
0.14877,-0.652474,6.2078
0.374491,-0.558887,6.25541
-0.182794,-0.433733,6.23756
-0.355326,-0.269047,6.17092
0.459439,-0.329242,6.19919
-0.629445,-0.232601,6.15443
0.0330818,-0.080447,6.22223
0.248092,-0.196708,6.19137
0.457032,-0.0867348,6.25975
-0.670489,-0.0215655,6.27753
-0.230802,-0.0560006,6.2247
-0.637279,0.210448,6.19722
0.0341966,0.163282,6.23268
0.429717,0.152607,6.19701
-0.352881,0.316378,6.23499
-0.113086,0.352013,6.28473
0.443764,0.499357,6.25717
-0.370429,0.559946,6.1951
-0.158224,0.648448,6.29459
0.255257,0.617336,6.144
-0.258104,-0.621396,6.37213
-0.013797,-0.661632,6.39704
0.228975,-0.629121,6.442
-0.462086,-0.486293,6.30249
0.0542254,-0.429254,6.30444
0.509575,-0.438498,6.42158
-0.584756,-0.330527,6.45298
-0.319688,-0.321245,6.41523
-0.096252,-0.237013,6.35312
0.282782,-0.361287,6.36949
-0.467886,-0.132394,6.36555
0.131581,-0.1785,6.43008
0.629984,-0.230294,6.35974
0.00195389,0.0322785,6.44008
0.242643,0.0234002,6.29809
0.669262,0.0156567,6.33845
-0.449547,0.109978,6.32263
-0.211486,0.140934,6.37339
0.177491,0.218279,6.42333
0.449963,0.0894709,6.43357
0.61801,0.258347,6.32092
-0.524346,0.420316,6.37324
-0.28423,0.473875,6.41308
0.176833,0.435365,6.3082
0.0877055,0.666024,6.32028
0.300973,0.603216,6.43564
-0.173892,-0.648463,6.60654
-0.411998,-0.527009,6.54326
-0.119168,-0.446214,6.48275
0.1205,-0.430173,6.54431
-0.0477934,-0.235784,6.59255
0.348544,-0.359944,6.60588
0.602168,-0.293244,6.59879
-0.663033,-0.0993412,6.51159
-0.437012,-0.201968,6.60176
-0.250186,-0.0859077,6.47018
0.424231,-0.152499,6.49504
-0.459403,0.0380738,6.55721
0.241095,0.012539,6.54429
0.668908,-0.0559879,6.57643
-0.65453,0.152006,6.45582
0.641659,0.189795,6.55761
-0.381717,0.266189,6.50534
-0.0573118,0.258895,6.52167
0.374487,0.252723,6.60364
-0.444776,0.502538,6.59678
-0.0211274,0.494885,6.46308
0.197785,0.420199,6.55395
0.518709,0.420297,6.4816
-0.188191,0.64202,6.5698
0.110137,0.661495,6.58719
0.0728326,-0.663475,6.63135
0.309502,-0.595704,6.67506
-0.539935,-0.398547,6.71362
-0.0486691,-0.464382,6.71987
-0.267407,-0.366072,6.66733
-0.645062,-0.175188,6.74441
-0.230478,-0.124272,6.71608
0.180949,-0.189716,6.67446
-0.666011,0.0717519,6.69215
0.00160736,-0.00855514,6.68286
0.453928,0.0200595,6.67088
-0.227237,0.104968,6.61932
0.137004,0.205832,6.6643
-0.594761,0.308211,6.64066
-0.37292,0.247903,6.75797
-0.0854343,0.240676,6.76716
0.565499,0.360407,6.7198
-0.218596,0.407135,6.64281
0.0291387,0.453964,6.72627
0.399771,0.540287,6.66408
-0.341437,-0.576767,6.77756
-0.117921,-0.660487,6.85007
0.13056,-0.658171,6.87218
0.355822,-0.568113,6.91829
-0.220316,-0.396314,6.90997
0.184276,-0.411769,6.7871
0.507408,-0.443248,6.77052
-0.403822,-0.242818,6.84657
0.000418221,-0.248506,6.83388
0.367725,-0.249019,6.82745
0.651278,-0.158942,6.8021
-0.457275,-0.00556099,6.79779
-0.233601,0.0709703,6.86529
0.238764,0.0210722,6.79109
0.462193,-0.0385094,6.91252
-0.626742,0.234056,6.87687
0.114867,0.225975,6.90905
0.413033,0.194017,6.84294
0.663926,0.0886046,6.78426
0.26224,0.381174,6.78818
-0.502343,0.444818,6.83163
-0.152883,0.438744,6.89581
0.462239,0.485187,6.90569
-0.307859,0.594665,6.78255
-0.0691027,0.668418,6.78749
0.219554,0.632561,6.809
-0.288236,-0.60525,7.02237
-0.483939,-0.463836,6.94822
0.0118693,-0.462611,6.96012
-0.615671,-0.253722,6.97718
0.00125304,-0.247404,7.07938
0.236305,-0.381532,7.02915
0.585531,-0.326619,6.97208
-0.19804,-0.154821,6.96168
0.193664,-0.143076,6.96916
0.664518,-0.0906639,7.04171
-0.67053,-0.0100532,6.92813
-0.453297,-0.0678964,7.03605
-0.00132045,0.00641591,6.9286
-0.410582,0.187177,6.99659
-0.107916,0.224898,7.01304
0.27873,0.0844079,7.02287
-0.549944,0.379771,7.06771
0.311269,0.330289,7.02585
0.619651,0.257179,6.96195
0.107791,0.471384,6.96147
-0.37787,0.553633,7.0176
-0.14837,0.650457,7.02172
0.303596,0.599397,7.05901
-0.0403605,-0.669142,7.08797
0.206195,-0.633656,7.10743
-0.427817,-0.516729,7.20788
-0.163767,-0.419131,7.15169
0.0761271,-0.44611,7.20832
0.46458,-0.482062,7.12586
-0.585362,-0.325998,7.21203
-0.369215,-0.295816,7.08685
0.609057,-0.280347,7.21248
-0.663675,-0.0946785,7.16282
-0.192701,-0.177813,7.21254
0.403131,-0.2069,7.08724
-0.243465,0.0413164,7.10932
-0.00960581,-0.0147199,7.17345
0.229397,-0.0750057,7.20705
0.472831,0.0210955,7.15394
-0.651989,0.156202,7.11182
-0.440526,0.122852,7.23803
0.109718,0.203045,7.15412
0.642274,0.190858,7.20146
-0.322882,0.364204,7.17089
-0.0695224,0.440918,7.13187
0.175136,0.442392,7.19913
0.530022,0.408583,7.13671
-0.270798,0.613014,7.23345
0.0749267,0.666222,7.12989
-0.215359,-0.634716,7.26171
0.0643169,-0.66796,7.31732
0.310147,-0.595606,7.32994
-0.0891527,-0.420937,7.39202
0.502472,-0.44202,7.36941
-0.319713,-0.341637,7.345
0.290377,-0.336834,7.26688
-0.645506,-0.173299,7.39845
-0.433178,-0.13037,7.27609
0.0513438,-0.210958,7.31546
0.434583,-0.146858,7.32794
-0.664472,0.0723057,7.34637
-0.248176,0.0165089,7.35462
0.668486,-0.0496195,7.28771
-0.142675,0.212802,7.25455
0.351539,0.21835,7.2436
-0.595741,0.307293,7.30154
0.0547032,0.307989,7.36443
0.570268,0.351513,7.37634
-0.447516,0.496893,7.36137
-0.159969,0.431611,7.36237
0.409296,0.53183,7.31512
-0.0560279,0.669624,7.34452
0.190498,0.642962,7.34992
-0.356754,-0.56943,7.45568
-0.116821,-0.659758,7.48937
-0.53855,-0.398781,7.44545
0.153917,-0.44184,7.44528
0.336948,-0.28461,7.51034
-0.401202,-0.1865,7.52312
-0.156619,-0.188907,7.45713
0.629455,-0.231226,7.45375
-0.456246,0.0533244,7.4795
0.0200464,0.0141096,7.41644
0.269768,0.0242636,7.432
-0.626489,0.233006,7.53786
-0.121103,0.200951,7.50189
0.513241,0.109826,7.3998
-0.346941,0.274062,7.41331
0.285367,0.355664,7.43972
0.0548793,0.491542,7.52212
0.462255,0.483995,7.55651
-0.25799,0.621367,7.48236
-0.265977,-0.613965,7.68412
0.122317,-0.658389,7.56046
0.354832,-0.567067,7.57409
-0.468453,-0.46283,7.67649
-0.019559,-0.465265,7.62709
0.212797,-0.398255,7.69339
0.536171,-0.399362,7.61251
-0.615831,-0.253762,7.63226
-0.250746,-0.385033,7.57883
0.0627983,-0.242375,7.55754
-0.155006,-0.196959,7.70448
0.236721,-0.0941041,7.65069
0.642388,-0.189222,7.6964
-0.671404,-0.0085184,7.5829
-0.242969,0.0101928,7.60123
0.00222527,-0.0118585,7.66146
0.466141,-0.0750116,7.56062
0.668274,0.049299,7.63021
-0.391069,0.21946,7.65307
0.120483,0.185021,7.56664
0.37439,0.182353,7.5939
0.218579,0.385705,7.67729
0.603553,0.28859,7.6158
-0.4659,0.481221,7.60774
-0.231032,0.401852,7.59641
-0.0590817,0.670414,7.64335
0.256428,0.618686,7.58896
-0.0184994,-0.670972,7.76556
0.226486,-0.629457,7.78552
-0.185874,-0.41769,7.81691
0.439545,-0.503634,7.81717
-0.384321,-0.247053,7.7781
0.406379,-0.243088,7.75658
-0.652586,-0.14678,7.85305
0.0717316,-0.221755,7.7999
-0.460699,-0.0184692,7.7167
-0.23994,0.0297144,7.84757
0.458085,0.039058,7.77934
-0.660915,0.0977833,7.80745
-0.0115025,0.204109,7.78302
0.222481,0.117434,7.78009
0.632249,0.21548,7.85303
-0.585171,0.330262,7.76419
-0.235557,0.310055,7.82656
0.394383,0.289953,7.82577
-0.038377,0.447022,7.74707
0.388061,0.541057,7.7873
-0.284694,0.605057,7.72712
0.132681,0.655859,7.80226
-0.382766,-0.549037,7.89487
-0.165664,-0.649217,7.96388
0.078341,-0.666033,8.00942
0.315493,-0.591773,8.01566
0.053012,-0.458244,7.87519
-0.557509,-0.37224,7.89932
-0.349547,-0.302518,8.01909
0.274524,-0.358841,7.93396
0.601295,-0.265038,7.92793
-0.131042,-0.203955,7.94855
0.262549,-0.0965602,7.89816
-0.437911,-0.0766442,7.9569
0.0148922,-0.0070639,7.91079
0.670314,-0.0292874,7.88644
-0.439002,0.174198,7.89354
-0.121169,0.180103,8.00633
0.124922,0.200265,7.99166
0.449783,0.130311,8.00898
-0.53553,0.399261,7.99779
-0.0873299,0.432619,7.98898
0.149936,0.432937,7.91142
0.507611,0.439642,7.98691
-0.355639,0.568664,7.95908
-0.10243,0.659476,7.8873
0.302055,0.599766,8.01369
-0.442519,-0.502983,8.13546
-0.11609,-0.426499,8.05611
0.120395,-0.450569,8.13157
0.503888,-0.440637,8.07406
-0.596034,-0.302268,8.13469
0.32058,-0.295858,8.17098
0.623967,-0.246232,8.17433
0.100226,-0.218499,8.04252
0.45015,-0.114613,8.05774
-0.665029,-0.0650261,8.08743
-0.232862,-0.0257127,8.08919
0.00649624,-0.00740348,8.15874
0.25044,0.0239034,8.11565
0.669141,-0.00408467,8.13424
-0.645918,0.179965,8.04158
-0.422125,0.128684,8.1382
-0.304848,0.336458,8.06358
0.314649,0.324625,8.09361
0.614784,0.268646,8.13389
0.0990898,0.435133,8.15524
-0.181013,0.640138,8.12222
0.0683715,0.666652,8.06756
-0.236034,-0.6276,8.20116
0.00691518,-0.669026,8.2487
0.256762,-0.617126,8.25705
-0.0988002,-0.445218,8.30422
0.4631,-0.47895,8.31686
-0.32886,-0.328828,8.27302
-0.651802,-0.148029,8.3223
-0.436243,-0.113716,8.20245
-0.118849,-0.220186,8.19401
0.111774,-0.195253,8.28493
-0.225976,-0.0460072,8.33611
0.492408,-0.0757653,8.30044
-0.661137,0.0972196,8.27622
-0.128188,0.172946,8.26693
0.118499,0.200768,8.23887
0.411845,0.15646,8.25228
0.65448,0.134543,8.34072
-0.585039,0.330019,8.23197
-0.342337,0.295867,8.30533
-0.425416,0.515953,8.18922
-0.139132,0.419502,8.23026
0.427915,0.514566,8.21124
-0.0263269,0.668705,8.31581
0.215554,0.634112,8.26563
-0.380888,-0.550273,8.38823
-0.156533,-0.649301,8.43663
0.0879814,-0.663449,8.48528
0.325274,-0.586234,8.49505
0.150547,-0.424181,8.37818
-0.554796,-0.372885,8.37015
0.369172,-0.26147,8.41348
0.620068,-0.25336,8.42149
-0.41646,-0.16886,8.44378
-0.0813972,-0.233884,8.43657
-0.437477,0.0755803,8.3813
0.00863272,-0.00356077,8.40724
0.259462,-0.0100612,8.36213
0.155644,0.182238,8.4826
0.453348,0.085659,8.48642
-0.618344,0.252937,8.46667
0.0452823,0.386834,8.39367
0.287217,0.349624,8.34705
0.562452,0.365296,8.35826
-0.487703,0.46,8.42178
-0.190641,0.408428,8.47203
-0.266941,0.614161,8.35466
0.364147,0.561602,8.45185
-0.311225,-0.592517,8.62422
-0.506351,-0.438185,8.60621
-0.0429696,-0.453209,8.54736
0.193285,-0.426745,8.63278
0.510829,-0.431698,8.55737
-0.277833,-0.364218,8.51855
-0.630799,-0.227614,8.55805
0.151608,-0.208585,8.52591
-0.671428,0.0133881,8.51083
-0.45144,0.0175714,8.62262
-0.217079,-0.0550525,8.58436
0.0146118,0.000377238,8.6555
0.258787,-0.00293474,8.6115
0.669486,-0.0318909,8.52539
-0.131467,0.17042,8.51908
0.637736,0.203715,8.60154
-0.367685,0.247278,8.54816
0.00289693,0.37991,8.63917
0.257646,0.378076,8.59555
-0.536975,0.396583,8.65525
0.504507,0.415052,8.59534
-0.346672,0.574118,8.59179
-0.115187,0.65554,8.54853
0.122624,0.597013,8.50317
-0.0778561,-0.664915,8.67321
0.162855,-0.649825,8.73441
-0.236994,-0.39943,8.76243
0.00431154,-0.454087,8.79234
0.388968,-0.545119,8.74332
-0.597465,-0.299506,8.7945
0.370945,-0.25453,8.6632
-0.387627,-0.215148,8.68615
-0.0724933,-0.232608,8.68229
0.155151,-0.191355,8.77261
0.628652,-0.231802,8.6684
-0.665526,-0.0651152,8.74745
0.4722,-0.0382549,8.73359
-0.64594,0.178239,8.70251
-0.337868,0.16918,8.78261
-0.0909975,0.204023,8.79661
0.149653,0.197488,8.73046
0.399367,0.2014,8.70115
-0.240719,0.385624,8.71256
0.585904,0.325609,8.81191
-0.194818,0.636192,8.7845
0.0495851,0.66645,8.73597
0.287539,0.605881,8.68984
-0.240791,-0.626315,8.86515
-0.00191259,-0.669579,8.92048
0.238261,-0.624472,8.97059
-0.451629,-0.494976,8.84333
-0.360399,-0.260922,8.92852
-0.0356631,-0.242297,8.92658
0.255648,-0.389718,8.88645
0.548156,-0.383592,8.84766
-0.205664,-0.0845958,8.83217
0.408521,-0.191037,8.92037
0.654086,-0.147805,8.90125
-0.448632,-0.0368784,8.8657
0.0170614,0.00374467,8.90336
0.26283,0.0156876,8.8586
-0.660126,0.0997407,8.93878
0.663933,0.0893237,8.82502
-0.529586,0.303474,8.88476
-0.294092,0.345881,8.9521
0.388997,0.273249,8.95243
-0.414444,0.525785,8.82957
-0.0601223,0.44376,8.87187
0.188158,0.422008,8.83147
0.431048,0.511882,8.87021
0.210498,0.637226,8.95515
-0.165374,-0.647403,9.10856
-0.390401,-0.543991,9.08173
-0.187004,-0.419321,9.01172
0.0597512,-0.449134,9.03482
0.443047,-0.501637,9.03947
-0.558932,-0.369168,9.03044
0.593749,-0.307801,9.08227
-0.652984,-0.143638,8.98638
-0.445585,-0.0797507,9.11035
-0.20399,-0.140552,9.07959
0.180738,-0.16476,9.01707
0.475944,0.0410838,8.98216
0.670307,-0.028767,9.11976
-0.443498,0.218425,9.10632
-0.255942,0.0903079,9.00255
0.152945,0.203051,8.97967
0.627498,0.231266,9.03756
-0.0791167,0.261663,9.04164
-0.480328,0.466644,9.06549
0.0973466,0.443854,9.06322
0.342643,0.469744,9.09907
-0.275438,0.609309,9.01969
-0.0364201,0.668813,8.97733
0.0778602,-0.666115,9.15705
0.304929,-0.589739,9.2277
-0.160144,-0.41,9.27227
0.0851536,-0.452041,9.2827
0.47102,-0.407151,9.27546
-0.364249,-0.30722,9.17307
0.00325497,-0.242649,9.17427
0.267308,-0.359568,9.14079
-0.628079,-0.232387,9.22682
-0.298661,0.0702187,9.24601
-0.0406687,0.036568,9.14234
0.219019,0.0365537,9.15247
0.439339,-0.0760615,9.19954
-0.657336,0.118607,9.18783
-0.107925,0.228251,9.2871
0.419744,0.178902,9.18178
0.649776,0.164832,9.27579
-0.570227,0.350183,9.2764
0.130723,0.256252,9.22195
0.544574,0.389963,9.22186
-0.215794,0.422398,9.17442
-0.133191,0.651739,9.22192
0.114384,0.659429,9.18711
-0.326746,-0.590287,9.31816
-0.086348,-0.658506,9.34534
0.151068,-0.647006,9.42276
-0.432562,-0.373773,9.40233
0.033121,-0.253121,9.42316
0.256591,-0.366298,9.44129
-0.424973,-0.12914,9.3533
-0.179792,-0.166737,9.32621
0.228224,-0.167546,9.29395
0.43266,-0.160927,9.43746
0.639535,-0.201688,9.30345
-0.655345,-0.0388982,9.38174
0.0720954,0.0179427,9.36248
0.324868,0.0566238,9.37799
-0.335374,0.306331,9.35998
0.32889,0.344352,9.34472
-0.40376,0.536025,9.29099
-0.199609,0.511996,9.43083
0.00101739,0.455697,9.29328
0.0197005,0.681128,9.41728
0.318089,0.590867,9.31527
-0.00816935,-0.727467,9.5976
-0.243212,-0.664214,9.54108
0.387823,-0.57675,9.46944
-0.445832,-0.52958,9.59521
-0.0139859,-0.482372,9.50986
0.557058,-0.39617,9.50842
-0.649143,-0.271621,9.47257
-0.212115,-0.330876,9.51152
-0.308234,-0.109048,9.57244
0.204259,-0.105119,9.5333
-0.158928,0.0482834,9.45097
0.675433,-0.0067228,9.45522
-0.661369,0.196871,9.46215
-0.412979,0.094562,9.46571
0.14425,0.231603,9.4684
0.499872,0.211185,9.46784
-0.474988,0.31839,9.56693
-0.0992581,0.277264,9.53125
0.340821,0.352548,9.59686
0.164781,0.481748,9.47808
0.518794,0.459913,9.45982
-0.431758,0.564667,9.53632
0.340009,0.638171,9.56164
0.187407,-0.769565,9.75371
0.486658,-0.607228,9.69691
-0.63852,-0.445566,9.75748
-0.172841,-0.487154,9.702
0.191196,-0.545747,9.64413
0.641232,-0.416102,9.74223
-0.466686,-0.28685,9.64708
0.123089,-0.308472,9.65097
0.36642,-0.366247,9.66441
-0.712193,-0.212437,9.70668
-0.0711099,-0.155651,9.62691
0.368929,-0.118423,9.71931
0.610644,-0.18458,9.6275
-0.762812,0.0316716,9.69823
-0.544794,-0.0517027,9.61719
0.020955,0.0774576,9.62129
0.5376,0.0518136,9.6545
-0.262153,0.133671,9.66066
0.296781,0.108342,9.62225
0.739929,0.182578,9.71635
-0.695392,0.276243,9.69595
0.0851126,0.306464,9.69704
-0.593181,0.503312,9.71588
-0.266458,0.416811,9.65268
-0.0378164,0.507283,9.61989
0.186714,0.531237,9.72242
0.630786,0.439214,9.70127
-0.229039,0.662687,9.64312
0.0460853,0.739499,9.65881
-0.565977,-0.661544,9.90069
-0.358823,-0.692072,9.76364
-0.116329,-0.697901,9.82266
0.294452,-0.576133,9.86772
-0.398579,-0.45084,9.82655
0.052914,-0.516362,9.84988
-0.809394,-0.352416,9.91419
-0.245092,-0.26028,9.77616
-0.0121381,-0.27577,9.86496
0.234464,-0.335773,9.87206
0.47804,-0.281552,9.87132
0.783426,-0.27869,9.89465
-0.844049,-0.106058,9.89033
-0.536427,-0.230022,9.87986
0.126801,-0.0911783,9.7716
-0.376987,-0.0507952,9.80549
-0.12809,-0.00644025,9.81743
0.545383,-0.0415087,9.88552
0.767791,-0.0594457,9.77573
-0.793471,0.162596,9.90739
-0.483103,0.171631,9.76893
0.0921712,0.133153,9.87261
0.336727,0.0934809,9.86769
-0.399917,0.38802,9.86201
-0.133694,0.281522,9.81518
0.287395,0.33578,9.83873
0.519338,0.246945,9.80875
0.781232,0.360819,9.88583
-0.745229,0.418931,9.8944
-0.185783,0.523981,9.86101
-0.405688,0.633716,9.81695
0.0386565,0.625496,9.89798
0.427325,0.558507,9.78105
-0.129902,0.795483,9.82909
0.237017,0.7558,9.81979
-0.264659,-0.992831,10.0691
-0.0614649,-0.900675,9.95654
0.238254,-0.932931,10.0406
-0.458751,-0.835711,10.0653
0.113497,-0.723707,9.98647
0.435976,-0.754167,9.96613
0.671291,-0.731438,10.0428
-0.778552,-0.595304,10.0118
-0.344706,-0.61833,10.0037
-0.110687,-0.661442,10.0737
-0.574128,-0.438273,10.0118
-0.16696,-0.452308,9.94906
0.501369,-0.511475,9.99003
0.748429,-0.494867,10.0159
-0.35788,-0.313748,10.0305
0.270985,-0.115619,9.98012
0.964932,-0.168114,10.0259
-0.597138,0.00875417,9.92019
-0.281568,-0.06365,10.0361
0.0280541,-0.069979,10.0008
-0.347418,0.170182,9.97749
-0.107017,0.138975,10.0185
0.522038,0.153258,10.0404
0.781408,0.118267,9.95395
-0.578034,0.258687,9.98339
-0.191075,0.370976,10.0575
0.0616016,0.379618,9.93552
0.937162,0.27371,10.0722
0.264678,0.546918,9.96993
0.466047,0.393722,10.0013
0.846678,0.516539,10.0698
-0.627123,0.63503,9.93273
-0.37686,0.571374,10.057
-0.140083,0.650304,10.0705
0.634302,0.559653,9.9201
-0.485637,0.809308,10.0423
0.45487,0.747512,9.94215
-0.246227,0.880005,10.0327
0.0359926,0.897049,9.98512
0.276968,0.904416,10.0493
-0.480128,-1.05738,10.1788
0.0302381,-1.07423,10.1107
0.309445,-1.10609,10.2181
-0.0888916,-0.875782,10.2025
0.47015,-0.934147,10.1346
0.706384,-0.912741,10.2132
-0.691113,-0.794098,10.1574
0.305774,-0.735236,10.177
-0.510186,-0.626253,10.1904
0.873716,-0.651815,10.1633
-0.945473,-0.478851,10.1548
-0.706463,-0.475985,10.2204
-0.24694,-0.476444,10.1845
-0.000953617,-0.449848,10.2288
0.20568,-0.519602,10.0957
0.418632,-0.51751,10.2254
1.00065,-0.39662,10.1691
-0.997174,-0.241772,10.097
-0.126914,-0.251227,10.0936
0.116881,-0.286867,10.0841
0.362436,-0.320172,10.0872
0.610287,-0.301827,10.0881
-0.758908,-0.172605,10.12
-0.512981,-0.134387,10.1084
0.256475,-0.138902,10.2277
0.477206,-0.0941931,10.1189
0.737194,-0.0869619,10.0892
1.15182,-0.165868,10.1918
-1.18908,-0.0686063,10.1999
-0.977174,0.00623996,10.0912
-0.101569,-0.031094,10.208
1.03579,0.0501428,10.1248
-1.13166,0.17314,10.2178
-0.744673,0.0840042,10.1376
-0.498837,0.10761,10.165
-0.260495,0.159635,10.213
0.0910173,0.123776,10.1654
0.335758,0.0949415,10.1966
0.800626,0.120221,10.2133
-0.925764,0.249666,10.0995
-0.413406,0.351311,10.1696
0.248856,0.297396,10.0806
0.681046,0.331998,10.113
1.14727,0.263176,10.2082
-1.06114,0.412342,10.231
-0.876425,0.500997,10.0884
-0.627834,0.465261,10.1135
0.0415329,0.474606,10.1655
0.293719,0.500777,10.2175
0.541525,0.541856,10.1848
1.06255,0.496855,10.2285
0.132954,0.70154,10.1147
-0.778447,0.730155,10.1074
-0.308469,0.742414,10.2299
-0.0595103,0.84161,10.2088
0.381308,0.732914,10.1956
0.699198,0.718491,10.1009
-0.648875,0.927126,10.1904
-0.404966,1.00332,10.1808
0.538695,0.909457,10.1162
-0.14185,1.07108,10.1547
0.108337,1.07421,10.1463
0.349188,1.08651,10.2113
-0.169454,-1.39835,10.3436
0.221652,-1.45397,10.3521
-0.867377,-1.26271,10.3818
-0.633662,-1.21418,10.3092
-0.388261,-1.28177,10.3177
0.109684,-1.24549,10.2737
0.417406,-1.29983,10.3333
0.662254,-1.32778,10.3751
-0.162641,-1.17084,10.2367
0.570527,-1.10612,10.2976
0.818097,-1.11797,10.3338
1.08302,-1.15769,10.3865
-1.02055,-0.980669,10.3389
-0.760188,-0.99918,10.2822
-0.286325,-0.971306,10.3213
0.146549,-0.924551,10.2722
0.376869,-0.889227,10.3603
-1.182,-0.78424,10.3328
-0.9151,-0.713984,10.2343
-0.501301,-0.844919,10.3112
-0.28832,-0.72962,10.2348
0.541148,-0.730953,10.2588
0.759775,-0.719276,10.3743
0.941715,-0.860997,10.2791
1.18044,-0.856494,10.3514
-0.705534,-0.67422,10.3719
-0.122808,-0.607411,10.3767
0.0706613,-0.688685,10.2415
1.09358,-0.633881,10.279
1.33047,-0.60856,10.3528
-1.37876,-0.548444,10.3675
-1.14035,-0.540968,10.2963
0.667213,-0.515262,10.2513
0.890518,-0.506441,10.3641
1.46504,-0.398715,10.3717
-1.23467,-0.309739,10.3052
-0.983096,-0.31221,10.3351
-0.738075,-0.273903,10.3639
-0.475688,-0.38445,10.2379
-0.167725,-0.344689,10.3814
0.226838,-0.376112,10.3002
0.461275,-0.257453,10.3071
0.790671,-0.298138,10.2591
1.22905,-0.390112,10.2707
-1.43002,-0.141864,10.3481
-0.892883,-0.0805242,10.3099
-0.314617,-0.194759,10.2468
0.0334696,-0.214151,10.3115
0.915292,-0.0856331,10.2969
1.35962,-0.174984,10.3356
-0.642425,-0.0483271,10.3201
-0.403468,0.00219999,10.3695
0.159255,0.0305791,10.385
0.567081,0.0691442,10.2846
1.2544,0.0472362,10.2736
1.48786,0.0358812,10.3742
-1.35716,0.095631,10.3205
-0.926678,0.161918,10.3603
1.00607,0.135132,10.3685
-1.52552,0.277742,10.3879
-1.28541,0.340646,10.3208
-0.74736,0.304095,10.26
-0.136288,0.356898,10.3003
0.160519,0.312187,10.3132
0.453739,0.310706,10.236
0.658375,0.281796,10.3751
0.885017,0.34326,10.3031
1.37429,0.259433,10.3366
-1.451,0.515428,10.3878
-0.776074,0.546144,10.3126
-0.557012,0.431939,10.357
-0.324092,0.518692,10.3382
0.724197,0.527303,10.3537
1.29061,0.495993,10.3315
-1.21961,0.581658,10.3234
-0.992795,0.652185,10.2479
-0.545577,0.664493,10.237
-0.0973827,0.619013,10.3145
0.147042,0.645657,10.3572
0.905387,0.6907,10.2391
1.14921,0.704789,10.3342
-1.15278,0.824382,10.3311
-0.712077,0.775252,10.3874
-0.478639,0.86259,10.3718
0.594061,0.738809,10.3267
-0.914082,0.885088,10.2897
-0.238612,0.945332,10.3574
0.18565,0.879032,10.2801
0.416275,0.907214,10.3713
0.762787,0.912723,10.2441
0.9985,0.9037,10.3318
-1.07822,1.05851,10.374
-0.840813,1.12261,10.3346
-0.59679,1.16154,10.3039
-0.0035048,1.02872,10.3635
0.595773,1.09758,10.2705
0.839565,1.13269,10.3345
-0.345142,1.21737,10.2995
-0.0571413,1.27036,10.2788
0.191415,1.27517,10.3042
0.442613,1.302,10.3395
0.688694,1.3282,10.3734
-0.763337,1.35674,10.3776
-0.516219,1.3904,10.3621
-0.26698,1.44664,10.359
-0.0164978,1.50161,10.3635
0.270723,1.49983,10.3796
-0.266131,-1.85876,10.5096
0.0800049,-1.83662,10.4778
0.317474,-1.91219,10.529
-0.99837,-1.75724,10.5316
-0.732709,-1.68909,10.4847
-0.491026,-1.75097,10.4992
0.277509,-1.68578,10.4267
0.537793,-1.75722,10.4929
-0.942642,-1.5243,10.46
-0.447448,-1.52471,10.405
-0.220986,-1.62843,10.4248
0.025475,-1.60087,10.3982
0.475664,-1.53048,10.4087
0.718126,-1.56777,10.4564
0.953021,-1.62874,10.5163
-1.17338,-1.43389,10.491
-0.710434,-1.45552,10.3991
0.901169,-1.39429,10.4301
1.13866,-1.44831,10.483
-1.34328,-1.24874,10.4843
-1.10686,-1.20449,10.4174
-0.537393,-1.31954,10.5142
0.00605291,-1.30622,10.4928
0.239917,-1.22266,10.4897
1.31148,-1.26458,10.4617
-1.50257,-1.04976,10.4723
-0.709035,-1.14031,10.5343
-0.470711,-1.08439,10.4459
-0.235225,-1.16225,10.4749
-0.00988321,-1.07193,10.4076
0.440999,-1.07642,10.5092
0.680297,-1.14012,10.539
1.46655,-1.06939,10.4796
-1.26126,-1.01018,10.4041
-0.626762,-0.903823,10.5191
0.198741,-0.977298,10.511
0.619874,-0.91394,10.4476
0.946408,-0.979231,10.4962
-1.66379,-0.853324,10.487
-1.43145,-0.802148,10.41
-0.863222,-0.839237,10.4716
-0.271423,-0.778274,10.4788
-0.0129596,-0.823902,10.4342
0.982138,-0.723136,10.4831
1.41901,-0.831586,10.421
1.65309,-0.841971,10.5072
-1.83713,-0.674375,10.5207
-1.61012,-0.606524,10.4412
-1.02425,-0.649828,10.4869
-0.502435,-0.686859,10.5132
0.336038,-0.651161,10.4178
0.561488,-0.682664,10.5196
1.56514,-0.618682,10.4371
1.79677,-0.635572,10.528
-1.77485,-0.421468,10.4743
-1.12828,-0.416061,10.5106
-0.843344,-0.482792,10.4495
-0.59442,-0.462475,10.4432
-0.352245,-0.515249,10.4109
0.11088,-0.54701,10.4412
0.483748,-0.45435,10.4575
1.11513,-0.501373,10.4879
1.70019,-0.409628,10.4577
-1.95277,-0.255179,10.5309
-1.543,-0.363466,10.4007
-1.32908,-0.271373,10.5346
0.0382551,-0.329744,10.5352
0.712728,-0.359833,10.4877
1.01426,-0.293022,10.3952
1.23239,-0.283448,10.5197
-1.70818,-0.18034,10.4415
-1.11839,-0.128067,10.4302
-0.501556,-0.223844,10.4265
-0.177847,-0.100684,10.4335
0.235632,-0.190727,10.4704
0.659555,-0.134225,10.3946
0.863768,-0.152515,10.5362
1.60782,-0.179192,10.4136
1.84551,-0.191673,10.488
-1.89331,0.00445897,10.505
-1.59564,0.0383591,10.3968
0.437554,-0.0436846,10.4659
0.780126,0.0754858,10.4583
1.12058,-0.0740675,10.4431
1.73357,0.0395851,10.4509
1.97064,0.0233821,10.5284
-1.76442,0.212523,10.4549
-1.15138,0.117849,10.4607
-0.575405,0.182252,10.39
-0.0678841,0.134699,10.3919
0.346531,0.190577,10.4272
1.2237,0.14634,10.4994
-1.93566,0.379811,10.523
-0.818799,0.365683,10.4905
-0.349196,0.281971,10.4107
0.899982,0.28187,10.5422
1.11063,0.358595,10.435
1.61175,0.255023,10.4145
1.86833,0.252006,10.5021
-1.69264,0.451282,10.4553
-1.06234,0.417251,10.4784
0.0233944,0.457714,10.462
0.468052,0.409651,10.4683
1.53147,0.493204,10.3952
1.76698,0.479995,10.4752
-1.85795,0.623751,10.5283
-1.61571,0.688123,10.4595
-0.984748,0.654944,10.4974
-0.511171,0.642085,10.4834
0.386612,0.641812,10.4273
0.954327,0.551509,10.4466
1.18357,0.571484,10.5429
-1.78153,0.861319,10.5346
-1.38407,0.755874,10.3945
-0.274383,0.721069,10.4756
-0.0157026,0.801451,10.4643
0.232883,0.816772,10.5173
0.804103,0.749104,10.4596
1.03675,0.772588,10.545
1.38972,0.716112,10.3975
1.6309,0.720328,10.4605
1.87194,0.730939,10.5245
-1.54986,0.928296,10.4695
-1.31586,0.995218,10.414
-0.917774,0.910802,10.5366
-0.680321,1.00343,10.4836
0.646692,0.941661,10.4619
0.88711,0.972299,10.542
1.23773,0.929037,10.3985
1.47837,0.943802,10.4626
1.72026,0.945179,10.5256
-1.47817,1.16599,10.4973
-0.443849,1.08287,10.4825
-0.183743,1.15693,10.4783
0.235867,1.06787,10.4333
0.47127,1.114,10.5003
1.08182,1.13037,10.3963
1.32179,1.15526,10.4625
1.56298,1.16981,10.527
-1.23987,1.22983,10.4574
-1.00178,1.29465,10.418
-0.367526,1.31178,10.5461
0.0549833,1.22465,10.5054
0.294857,1.2864,10.5379
-1.166,1.46372,10.5056
0.933786,1.34864,10.418
1.17911,1.36061,10.4643
1.42019,1.3751,10.5288
-0.930558,1.5356,10.4642
-0.689247,1.59037,10.431
-0.441333,1.61995,10.4251
0.530696,1.52371,10.4135
0.775412,1.54686,10.4582
1.01844,1.57787,10.5061
-0.859385,1.76573,10.5333
-0.194701,1.67446,10.4304
0.0557928,1.72907,10.4365
0.371307,1.71654,10.453
0.624608,1.74946,10.5035
-0.614656,1.81324,10.5162
-0.366469,1.84207,10.5106
-0.115614,1.895,10.5164
0.192502,1.92342,10.5128
-0.5594,-2.19177,10.7001
0.388293,-2.15652,10.6629
-1.02735,-1.96997,10.674
-0.564755,-1.97705,10.5742
-0.338584,-2.08188,10.5943
-0.0774049,-2.01433,10.557
0.156055,-2.08679,10.6057
0.557773,-1.98343,10.5973
0.810879,-2.03226,10.6553
-1.2748,-1.88005,10.6949
-0.804893,-1.90839,10.5798
1.01273,-1.85802,10.6126
1.26061,-1.89302,10.6798
-1.46064,-1.70483,10.6706
-1.2315,-1.66337,10.5793
-0.636917,-1.76951,10.7009
-0.0900938,-1.75452,10.6514
0.363469,-1.70796,10.6648
0.776558,-1.80286,10.5511
1.19121,-1.67678,10.5754
1.43136,-1.70332,10.6722
-1.63188,-1.51784,10.6712
-1.06708,-1.51983,10.6999
-0.851576,-1.64364,10.699
-0.570577,-1.54239,10.6217
-0.328784,-1.61858,10.6481
-0.0878437,-1.51095,10.5998
0.128181,-1.63775,10.6214
0.548499,-1.54152,10.6474
0.784767,-1.60221,10.6992
1.37473,-1.49484,10.5478
1.60172,-1.50827,10.6663
-1.80714,-1.34051,10.6923
-1.40304,-1.47995,10.578
-0.770978,-1.39372,10.6315
-0.300997,-1.38888,10.5543
0.308881,-1.47086,10.5846
0.733702,-1.37416,10.6137
0.968497,-1.43542,10.6737
-1.57149,-1.29533,10.5748
-0.998537,-1.29266,10.6233
-0.396907,-1.18086,10.6643
-0.127399,-1.28862,10.7038
0.497944,-1.31012,10.5694
0.915686,-1.2058,10.5909
1.14997,-1.26543,10.6524
1.55102,-1.29361,10.5491
1.76916,-1.32139,10.6675
-1.97072,-1.14363,10.7023
-1.74677,-1.11846,10.5952
-1.17543,-1.10223,10.6338
-0.941303,-1.05724,10.5631
0.0459661,-1.11697,10.6502
1.35151,-1.12529,10.6939
1.71006,-1.08278,10.5694
1.94375,-1.09631,10.6575
-1.90076,-0.922357,10.6096
-1.57395,-0.976077,10.7043
-1.3485,-0.91628,10.6167
-1.11065,-0.874469,10.5537
-0.393982,-0.93386,10.6294
-0.147138,-0.962055,10.5927
0.60103,-0.965039,10.6978
1.18761,-1.00309,10.5527
1.52354,-0.945506,10.6929
2.11294,-0.883163,10.6975
-2.06997,-0.743483,10.6523
-1.50471,-0.723594,10.6346
0.174528,-0.740306,10.5853
0.397843,-0.850392,10.6063
0.787208,-0.824426,10.6088
1.04135,-0.85246,10.688
1.21945,-0.718176,10.5548
1.45273,-0.714144,10.6383
1.88566,-0.861219,10.596
-1.26469,-0.677731,10.548
-0.751518,-0.645741,10.615
-0.328549,-0.65343,10.6868
-0.0893842,-0.688022,10.6273
0.384303,-0.612212,10.6805
0.79182,-0.577506,10.5809
1.02574,-0.60331,10.697
2.02933,-0.644576,10.6188
-2.00671,-0.498755,10.5741
-1.67719,-0.548091,10.6734
-1.43914,-0.485754,10.5998
-0.952518,-0.482774,10.6736
-0.19248,-0.46271,10.5996
0.0918903,-0.529317,10.6897
0.283082,-0.400442,10.5954
0.590532,-0.471324,10.6824
1.34893,-0.496747,10.575
1.58447,-0.503885,10.658
1.93257,-0.424758,10.5485
2.15731,-0.422549,10.6577
-2.18361,-0.313172,10.6765
-1.61448,-0.311445,10.6338
-1.14506,-0.257726,10.703
-0.913403,-0.25961,10.5688
-0.683218,-0.339614,10.6416
-0.426943,-0.378252,10.6079
-0.135328,-0.235302,10.6869
0.499648,-0.249336,10.5986
0.940861,-0.380538,10.6183
1.47074,-0.279938,10.5955
1.70892,-0.289478,10.6759
-1.78934,-0.139721,10.6805
-1.50101,-0.0970253,10.5834
-0.714968,-0.109051,10.5508
-0.351466,-0.140407,10.6066
0.0318785,-0.0836186,10.5667
1.07253,-0.166924,10.6715
2.0784,-0.199563,10.5769
-2.12915,-0.0625878,10.6284
-1.67261,0.0751257,10.6401
-1.25883,-0.0467209,10.6167
-0.945283,-0.0119989,10.5655
-0.513622,0.0473477,10.5891
0.245894,0.0343769,10.6182
0.654765,-0.0571878,10.6338
0.983411,0.0560845,10.604
1.34822,-0.0621652,10.5567
1.58708,-0.0553084,10.6295
2.18543,0.0588577,10.6501
-2.06572,0.17313,10.5753
-1.41834,0.135834,10.5612
-0.994346,0.225865,10.6235
-0.746673,0.138371,10.5649
-0.270504,0.0954925,10.5572
-0.0552787,0.119795,10.68
0.553121,0.159859,10.5642
1.46045,0.158316,10.5892
1.69882,0.165537,10.664
-2.23319,0.35449,10.6861
-1.58541,0.307859,10.6288
-1.28205,0.343867,10.5691
-0.589715,0.33767,10.5854
-0.155159,0.31635,10.563
0.12035,0.237784,10.5479
0.351288,0.251335,10.6795
0.679022,0.375388,10.6058
1.11161,0.284279,10.6733
1.32792,0.367445,10.5568
1.5623,0.377108,10.652
1.80664,0.387485,10.7036
2.09455,0.287842,10.6102
-1.44885,0.515275,10.6368
-0.960186,0.49453,10.6909
-0.371969,0.460418,10.5838
0.246808,0.451048,10.5722
1.99474,0.512717,10.5703
2.20918,0.503219,10.6961
-2.08266,0.55182,10.6266
-1.21881,0.587934,10.5723
-0.744796,0.594205,10.5573
-0.145019,0.559972,10.6151
0.0910661,0.638564,10.6198
0.326694,0.650829,10.6984
0.598001,0.60588,10.5542
0.825521,0.592239,10.6565
1.43489,0.586962,10.605
1.67341,0.59931,10.6739
-2.0064,0.789088,10.6441
-1.39814,0.758746,10.6425
-1.16222,0.83764,10.5804
-0.655026,0.811473,10.6414
0.47743,0.82075,10.5977
0.732683,0.837289,10.6818
1.27809,0.795301,10.6056
1.52108,0.811503,10.6687
2.08648,0.730359,10.6521
-1.33756,1.00007,10.6624
-0.415047,0.874268,10.6125
-0.17475,0.9386,10.599
0.068343,0.993805,10.6017
0.314145,1.00366,10.6607
1.1258,0.996352,10.6108
1.36655,1.01944,10.6725
1.94796,0.951898,10.6418
-1.92636,1.0258,10.6605
-1.71266,1.1008,10.5546
-1.10262,1.07734,10.6211
-0.86678,1.1516,10.5811
-0.571119,1.04625,10.7042
-0.326523,1.10966,10.6992
0.722379,1.15912,10.554
1.80437,1.15637,10.6362
-1.86311,1.266,10.6883
-1.0287,1.32277,10.6644
-0.62488,1.24032,10.5492
0.973445,1.19434,10.6158
1.21549,1.2189,10.6796
-1.63909,1.335,10.6015
-1.40209,1.39747,10.5526
-0.795366,1.40419,10.6283
-0.549343,1.47353,10.602
-0.126111,1.3869,10.5565
0.117474,1.45732,10.5725
0.549631,1.33699,10.5802
0.805003,1.3776,10.6385
1.06136,1.41539,10.6907
1.64628,1.37833,10.6367
-1.5685,1.56657,10.666
-1.33311,1.6355,10.6201
-0.713005,1.63975,10.6914
-0.300857,1.55157,10.62
-0.0580947,1.62329,10.6318
0.374272,1.51249,10.6069
0.632759,1.55686,10.662
1.26362,1.59276,10.5516
1.49778,1.58557,10.6389
-1.09837,1.70731,10.5759
-0.474092,1.71248,10.6964
0.202761,1.69049,10.6399
0.458106,1.73263,10.6883
0.867074,1.78004,10.5557
1.112,1.78905,10.6008
1.34667,1.79798,10.6841
-1.28555,1.86935,10.6984
-1.04702,1.93519,10.6673
0.450433,1.93947,10.5487
-0.800929,1.98913,10.629
-0.554231,2.03426,10.6167
-0.283986,2.05709,10.6071
0.01248,2.08736,10.6107
0.702882,1.97266,10.6025
0.950563,1.99982,10.6541
0.282095,2.12758,10.6255
0.523822,2.16673,10.6756
0.116465,-2.51312,10.8557
-0.722723,-2.3381,10.8189
-0.332794,-2.29242,10.7285
-0.119499,-2.42432,10.8079
0.108925,-2.30498,10.7178
0.34214,-2.37744,10.7697
0.580688,-2.41364,10.8341
-1.03605,-2.17867,10.81
-0.800905,-2.12334,10.7073
-0.108299,-2.18379,10.7378
0.627974,-2.19954,10.7158
0.861958,-2.25098,10.785
-0.625904,-1.98548,10.8243
-0.390957,-2.06948,10.8379
0.210168,-2.11469,10.8481
0.655307,-1.9896,10.8455
1.04828,-2.08393,10.7135
1.27754,-2.10758,10.8098
-1.51545,-1.91433,10.7954
-0.854196,-1.86646,10.8212
-0.402153,-1.8507,10.7179
-0.18055,-1.94847,10.7795
0.0785066,-1.90463,10.7575
0.371044,-1.9332,10.7725
0.841538,-1.82576,10.7923
1.08718,-1.88443,10.8594
1.48128,-1.91446,10.7952
-1.69469,-1.74163,10.7746
-1.07826,-1.75339,10.7859
-0.229849,-1.70696,10.8592
0.0761321,-1.67726,10.8611
0.604837,-1.77241,10.7327
1.02716,-1.66081,10.7653
1.26708,-1.71158,10.859
1.65109,-1.7246,10.7889
-1.86488,-1.55908,10.7982
-1.29188,-1.56311,10.7998
-0.693097,-1.51003,10.8377
-0.479829,-1.63921,10.8443
-0.0906381,-1.49122,10.8475
0.272504,-1.5288,10.8242
1.20866,-1.49118,10.7415
1.8355,-1.53015,10.7938
-2.03929,-1.38331,10.8291
-1.46367,-1.38203,10.7997
-0.909178,-1.38402,10.8379
-0.348113,-1.41487,10.7971
0.106019,-1.38289,10.7085
0.4531,-1.3577,10.8101
0.767696,-1.40058,10.8596
1.41936,-1.35791,10.751
-1.63388,-1.1987,10.8029
-1.23017,-1.3328,10.7117
-1.06865,-1.19198,10.8408
-0.59463,-1.28807,10.7721
0.643531,-1.20025,10.7776
0.944914,-1.22656,10.8366
1.99325,-1.33322,10.7855
-2.18818,-1.16713,10.8225
-1.40684,-1.15795,10.7071
-0.823138,-1.16441,10.7554
-0.598015,-1.03522,10.731
-0.219421,-1.08064,10.8047
0.329208,-1.16327,10.7143
1.13163,-1.06009,10.7936
1.58685,-1.17414,10.7653
2.16124,-1.12724,10.8026
-2.03239,-0.931618,10.8208
-1.79372,-1.00744,10.8189
-1.26521,-0.993183,10.8387
-1.02687,-0.955371,10.7745
-0.796552,-0.88522,10.7078
0.038975,-0.883348,10.7378
0.232495,-0.984172,10.8581
0.837089,-1.01323,10.7643
1.28751,-0.871499,10.7402
1.75579,-0.963452,10.7832
2.3253,-0.86868,10.8285
-2.26188,-0.836336,10.7974
-1.72901,-0.785151,10.7259
-1.27632,-0.749466,10.7868
-1.03724,-0.710815,10.7277
-0.568058,-0.787353,10.7322
-0.197751,-0.832552,10.7998
0.227979,-0.723794,10.8396
0.442924,-0.849565,10.8521
0.625729,-0.706355,10.7589
0.864704,-0.739254,10.8299
1.68452,-0.731202,10.7289
1.9171,-0.748086,10.8164
-2.23053,-0.573726,10.741
-1.89968,-0.614003,10.7809
-1.4217,-0.553487,10.8387
-0.824203,-0.672273,10.8519
1.26739,-0.619571,10.7787
2.24506,-0.647278,10.7448
-2.05562,-0.434722,10.853
-1.20064,-0.516369,10.7278
-0.789481,-0.423493,10.8516
-0.56502,-0.537873,10.7413
-0.34521,-0.452569,10.8321
-0.0960293,-0.441839,10.8287
0.396368,-0.392493,10.8171
0.82118,-0.493356,10.8136
1.16336,-0.397776,10.7299
1.40257,-0.404559,10.8007
1.81776,-0.520069,10.7479
2.04524,-0.536583,10.8491
2.36859,-0.397749,10.794
-2.37534,-0.385615,10.8195
-1.84988,-0.376616,10.7246
-1.39057,-0.313091,10.7724
0.0949156,-0.291319,10.7754
0.740064,-0.27534,10.7209
0.964005,-0.293515,10.8576
1.94118,-0.303443,10.766
-2.33034,-0.129878,10.7622
-2.00217,-0.193099,10.7986
-1.56779,-0.143484,10.8194
-1.32383,-0.0866535,10.8534
-0.806636,-0.168394,10.7755
-0.560198,-0.142404,10.7439
-0.33811,-0.20397,10.8459
0.310332,-0.171288,10.7413
0.539293,-0.18666,10.838
1.30048,-0.179352,10.7711
1.54172,-0.192192,10.8334
2.06008,-0.0880315,10.8083
2.28057,-0.170036,10.7201
-2.491,0.0412164,10.8568
-1.94033,0.0468245,10.7502
-1.08053,-0.0328093,10.7902
-0.855997,0.0764474,10.7805
-0.256431,0.0275315,10.7968
0.0961743,-0.0430809,10.804
0.455258,0.0332494,10.7548
0.870904,-0.0728218,10.7846
1.20062,0.0465398,10.7259
1.43572,0.0316337,10.8081
1.83102,-0.0756391,10.7092
2.38689,0.0442368,10.7966
-2.28541,0.112365,10.7198
-1.48306,0.0976293,10.7997
-1.2506,0.16776,10.7427
-0.615721,0.140588,10.7961
0.142116,0.203573,10.8069
0.777115,0.146238,10.711
0.994454,0.138804,10.8391
1.93815,0.14673,10.7431
-2.43582,0.282865,10.8232
-2.00021,0.319257,10.7669
-1.76255,0.250139,10.7942
-0.789307,0.317643,10.7337
-0.39579,0.245312,10.7119
-0.164736,0.301115,10.812
0.576924,0.247127,10.8191
0.90215,0.37169,10.7748
1.33401,0.256874,10.7804
2.02051,0.374236,10.8322
2.30694,0.275565,10.7408
-2.38879,0.528184,10.8187
-1.81793,0.485877,10.7319
-1.59216,0.453106,10.8319
-1.17625,0.411397,10.7846
-0.76572,0.545478,10.8368
-0.356448,0.459147,10.8347
0.0327563,0.410028,10.7062
0.250935,0.434145,10.8241
0.480201,0.458183,10.7297
1.26751,0.496275,10.7643
2.42129,0.488305,10.826
-1.96466,0.652014,10.8471
-1.63588,0.664073,10.7062
-1.34377,0.584261,10.8514
-1.11634,0.663695,10.7864
-0.54649,0.574922,10.721
-0.317465,0.686675,10.7426
0.575299,0.679493,10.7913
1.05485,0.627042,10.7496
1.44103,0.65579,10.8461
1.89808,0.607611,10.7788
-2.22756,0.708223,10.7552
-1.80315,0.831503,10.7813
-1.28916,0.830515,10.854
-0.882503,0.734843,10.711
-0.482294,0.860176,10.8509
-0.0799763,0.76355,10.7496
0.166064,0.829672,10.7622
0.402714,0.852854,10.8381
0.967963,0.860728,10.7667
1.75893,0.8236,10.7421
2.30085,0.721575,10.7798
-2.15215,0.946009,10.7725
-1.57715,0.915694,10.7166
-1.04744,0.903212,10.7934
-0.810941,0.972035,10.7525
-0.24184,0.926435,10.8454
9.67264e-05,0.986146,10.8617
1.20894,0.884814,10.8276
2.17649,0.94379,10.7781
-1.73456,1.08594,10.8076
-1.5013,1.16896,10.746
-0.978863,1.14071,10.8278
-0.0833841,1.16214,10.7057
0.569766,1.02364,10.7107
0.813758,1.05883,10.7638
1.05214,1.08617,10.8319
1.60829,1.03586,10.7329
1.83395,1.03485,10.8522
2.03442,1.15335,10.7619
-2.0756,1.18305,10.7921
-1.66135,1.32748,10.8534
-1.26378,1.2491,10.705
-0.739836,1.21009,10.7881
-0.499075,1.27887,10.7615
0.161888,1.1956,10.7274
0.409381,1.21675,10.7479
0.653449,1.248,10.7889
0.895093,1.27928,10.8489
1.4603,1.23995,10.7437
1.69444,1.24209,10.843
-2.01885,1.42412,10.825
-1.43071,1.40802,10.8004
-1.19088,1.48676,10.7602
-0.669165,1.44398,10.8402
-0.254159,1.33895,10.7663
-0.0105862,1.38948,10.7779
0.235131,1.42447,10.7943
0.481969,1.44263,10.8241
1.31114,1.4404,10.7437
1.55933,1.45102,10.859
1.88942,1.36823,10.7507
-1.79725,1.50696,10.7455
-0.956696,1.56745,10.7263
-0.426643,1.50765,10.8315
-0.183395,1.56696,10.8401
0.0614787,1.6171,10.8504
0.889087,1.596,10.7226
1.15082,1.62768,10.7868
1.7459,1.57681,10.7525
-1.75272,1.74301,10.8153
-1.52164,1.80018,10.7399
-1.11907,1.73046,10.8237
-0.880586,1.79658,10.7903
-0.22851,1.78673,10.7109
0.715314,1.77348,10.7526
1.5796,1.7804,10.7727
-0.643417,1.87219,10.7838
-0.404287,1.94302,10.7938
0.0350066,1.86024,10.7123
0.287964,1.90683,10.7428
0.539082,1.9454,10.7893
0.980235,1.80975,10.8121
-1.44061,2.0221,10.8212
-1.20311,2.08979,10.7862
-0.135678,2.01765,10.8041
0.119545,2.06683,10.8346
0.799637,1.98589,10.8525
1.19302,1.99256,10.7199
1.42044,1.99159,10.8233
-0.96562,2.16035,10.7571
-0.702794,2.21038,10.7128
-0.42774,2.23635,10.7093
-0.154811,2.24656,10.7059
0.774314,2.19769,10.7229
1.01572,2.20114,10.7865
-0.849497,2.35965,10.852
-0.58083,2.399,10.8215
0.0976137,2.29352,10.7236
0.34368,2.33932,10.7431
0.597845,2.37444,10.7932
-0.330739,2.43357,10.828
-0.0824632,2.45972,10.8287
0.177888,2.50036,10.8398
-0.084165,-2.6201,10.9594
0.184614,-2.69813,11.0092
0.621143,-2.59713,10.9982
-0.811768,-2.55692,10.9886
-0.573809,-2.51726,10.9073
-0.324451,-2.53269,10.9008
0.38441,-2.57563,10.9157
0.808707,-2.44606,10.9306
-1.19486,-2.30505,10.9553
-0.921303,-2.33259,10.9694
-0.500257,-2.275,10.9273
0.252683,-2.33299,10.9989
1.09199,-2.27714,10.8772
1.32123,-2.29031,10.975
-0.762026,-2.14007,10.9644
-0.233187,-2.25611,10.9529
0.0167312,-2.26972,10.9473
0.443486,-2.18556,10.9047
0.684451,-2.22319,10.9581
1.50089,-2.12179,10.9332
-1.66186,-2.03951,10.9542
-1.35397,-2.10837,10.8734
-1.1494,-1.9679,10.8917
0.897392,-2.03859,10.9086
-1.85784,-1.83849,10.9375
-0.415821,-1.85188,10.9669
-0.062369,-1.84087,10.9865
0.20824,-1.88184,10.9694
0.471632,-1.94496,11.0088
1.31468,-1.92873,10.9795
1.70074,-1.93655,10.912
-2.02971,-1.65575,10.9587
-1.6239,-1.79817,11.0152
-1.34159,-1.77998,10.913
-1.1472,-1.65224,11.0033
-0.662036,-1.77291,10.9506
0.395525,-1.72754,10.9118
0.661385,-1.77831,10.9758
1.52211,-1.77724,10.9994
1.87447,-1.74804,10.9108
-1.52084,-1.60674,10.8922
-0.908097,-1.61523,10.9407
-0.275233,-1.51595,11.0135
0.577086,-1.55735,10.8951
0.851764,-1.62163,10.9389
1.26782,-1.50078,10.9925
1.47788,-1.56611,10.8749
1.69557,-1.59749,10.9992
2.05316,-1.5396,10.9164
-2.24022,-1.40398,10.9757
-1.68728,-1.42071,10.9033
-1.36784,-1.45545,11.0184
-1.13902,-1.41405,10.9296
-0.502739,-1.41676,10.9925
0.109345,-1.42066,10.9794
1.03288,-1.4511,10.9146
1.65052,-1.38543,10.8784
1.86761,-1.39487,11.0014
2.21931,-1.33495,10.9373
-1.87069,-1.22316,10.9178
-1.3085,-1.22943,10.9248
-0.724351,-1.3033,10.9849
-0.418951,-1.18285,10.9149
-0.193284,-1.2858,10.9448
0.0348804,-1.20152,10.8848
0.276859,-1.23824,10.9462
0.586999,-1.29199,11.0102
1.21795,-1.27397,10.8927
1.44056,-1.32031,10.9964
1.81021,-1.18861,10.8749
2.02307,-1.19602,11.0041
-2.39156,-1.14654,10.9676
-1.4906,-1.04093,10.9322
-0.633623,-1.06989,10.9749
0.474289,-1.08712,10.9222
0.760049,-1.11426,10.9806
1.36229,-1.02544,10.9224
1.58781,-1.1043,11.0046
2.40383,-1.11529,10.9889
-2.45543,-0.902853,10.9402
-2.20049,-0.988306,10.9963
-0.848838,-0.940015,10.9489
-0.421257,-0.935713,10.8776
-0.0520202,-0.973242,10.952
0.683921,-0.883803,10.924
0.925897,-0.92257,10.9874
1.98115,-0.977922,10.8899
2.19616,-0.980612,11.0186
-1.85804,-0.799983,10.9421
-1.50991,-0.799768,10.8713
-1.04584,-0.775722,10.9682
-0.630924,-0.820083,10.9717
1.11038,-0.766077,10.9105
1.348,-0.769837,10.985
1.57256,-0.855648,10.9197
2.13241,-0.751475,10.9421
-2.42795,-0.645914,10.8884
-2.08933,-0.70203,10.9167
-1.6831,-0.624262,10.9108
-1.24091,-0.620848,10.997
-0.638219,-0.570719,10.9844
-0.428542,-0.68604,10.9129
-0.212043,-0.590273,10.992
-0.0151136,-0.67552,10.865
0.46142,-0.610108,10.9205
0.701819,-0.630976,10.9845
1.50573,-0.621903,10.8633
1.7381,-0.636091,10.9536
2.47913,-0.634613,10.8872
-2.5815,-0.460847,10.973
-2.24478,-0.514342,10.9946
-1.83549,-0.450038,11.0039
-1.02456,-0.533531,10.9074
0.188853,-0.489198,10.916
0.612957,-0.402548,10.9399
1.07121,-0.519857,10.9272
1.31163,-0.523408,11.0045
1.64066,-0.41413,10.8875
1.87081,-0.419556,10.9838
2.26335,-0.540453,10.9699
2.57844,-0.396429,10.9473
-2.20049,-0.251438,10.9375
-1.60702,-0.38985,10.8707
-1.42799,-0.249921,11.0107
-1.21794,-0.37862,10.9402
-0.990979,-0.283795,10.898
-0.558552,-0.340896,10.8947
0.0264419,-0.326893,11.0136
0.265573,-0.26108,10.9839
1.19352,-0.304213,10.9593
2.15496,-0.316636,10.8936
-2.52456,-0.202709,10.9016
-1.78467,-0.221532,10.9165
-0.108189,-0.135556,10.914
0.757281,-0.200978,10.9651
1.08924,-0.0832022,10.9069
1.32236,-0.0881697,11.0018
1.77579,-0.19796,10.9204
2.25966,-0.0973694,10.9582
2.48188,-0.180109,10.8677
2.68828,-0.183747,11.0188
-2.68556,-0.0352689,10.9939
-2.14902,-0.0115825,10.8869
-1.73811,0.0228339,10.8947
-0.958118,0.019667,11.0008
-0.712429,-0.0204882,10.9605
-0.464852,-0.00645245,10.9304
0.30113,-0.0177192,10.9435
0.663154,0.0223932,10.8949
1.67576,0.0257807,10.8753
1.90781,0.0404884,10.967
2.58875,0.0327478,10.9432
-2.63963,0.21247,10.9616
-1.9574,0.173121,10.9652
-1.60465,0.214066,10.9841
-1.23241,0.104496,10.9851
-1.04223,0.216817,10.8686
-0.0575747,0.108623,10.9294
0.356217,0.224995,10.9331
0.789944,0.231072,10.9484
1.21337,0.131817,10.9593
2.1464,0.144943,10.8812
-2.19114,0.244288,10.9087
-1.39021,0.317735,10.884
-0.81501,0.236473,10.9678
-0.587751,0.375293,10.8739
-0.357465,0.242687,10.9584
0.0382608,0.376786,10.9536
1.1221,0.358627,10.9113
1.35477,0.357977,11.0077
1.56718,0.250241,10.8672
1.80989,0.265532,10.9216
2.23349,0.36473,10.9624
2.50862,0.262516,10.8873
-2.58692,0.456536,10.953
-2.14982,0.488755,10.8793
-1.90191,0.439616,10.9625
-0.972734,0.446881,10.9363
-0.123473,0.544515,10.8634
0.491637,0.424621,10.9948
0.700917,0.479799,10.8722
0.939376,0.5156,10.9753
1.62466,0.491622,10.8935
1.87799,0.492865,10.9993
2.61852,0.488,10.9788
-2.53424,0.701605,10.9446
-2.2934,0.668142,11.0017
-1.73415,0.628843,10.9385
-0.937564,0.693183,10.9579
-0.544361,0.615692,10.9674
0.109911,0.627031,10.8972
0.360201,0.630756,10.9446
0.808971,0.704657,10.879
1.24446,0.581775,10.9968
1.74535,0.700527,10.9589
2.11272,0.599484,10.9052
2.51061,0.704137,10.9144
-1.51936,0.751455,10.9085
-0.714688,0.782653,10.8918
-0.3214,0.72858,10.9884
-0.0806867,0.792877,10.9976
1.05778,0.745297,10.9697
1.97482,0.82715,10.8668
2.18925,0.819636,10.9946
-2.53326,0.999641,11.0155
-2.36726,0.874342,10.8775
-2.1378,0.863302,11.0067
-1.94682,0.991306,10.9066
-1.69359,0.910312,10.9905
-1.465,0.993733,10.9253
-0.883962,0.938239,10.9885
-0.65285,1.01945,10.9389
0.157367,0.864475,11.0186
0.643818,0.888609,10.9096
0.902348,0.939145,10.9937
1.56357,0.864533,10.909
2.38599,0.950503,10.9141
-2.29149,1.11104,10.8979
-1.2179,1.06834,10.8706
-0.413654,1.08638,10.9311
-0.172849,1.14867,10.9377
0.267814,1.05343,10.9008
0.509118,1.09558,10.9415
0.74927,1.13604,10.992
1.29247,1.11122,10.8925
1.52362,1.11456,10.9853
2.05746,1.03286,10.9791
-1.88121,1.24055,10.9378
-1.38672,1.22639,10.9656
-1.14591,1.30137,10.9206
-0.588027,1.2539,10.9936
-0.346766,1.31777,10.9969
0.0721091,1.20423,10.9596
0.33759,1.28552,10.9769
0.58345,1.32123,11.0172
1.13532,1.30823,10.9099
1.3746,1.33219,10.975
1.95797,1.26137,10.9736
2.24038,1.18365,10.9001
-2.23362,1.35139,10.9299
-1.80256,1.47909,10.9931
-0.906351,1.37426,10.8762
-0.104497,1.37748,11.0088
0.734431,1.46907,10.8725
1.77942,1.43516,10.9764
2.12291,1.43612,10.9126
-2.18851,1.58628,11.0006
-1.58319,1.5694,10.9146
-1.07785,1.53451,10.9778
-0.840011,1.60488,10.9447
0.979431,1.50156,10.9354
1.21758,1.52988,11.0061
1.39556,1.63878,10.8692
1.95967,1.62127,10.8735
-1.97431,1.65983,10.8951
-1.35234,1.65302,10.868
-0.596812,1.66894,10.9209
-0.354911,1.73121,10.9186
-0.100471,1.79258,10.9249
0.307866,1.65092,10.8698
0.553946,1.66565,10.9095
0.815127,1.68745,10.9641
1.65539,1.65132,10.9727
-1.88688,1.88443,10.9921
-1.50168,1.81258,10.9887
-1.26525,1.89103,10.9469
-0.774259,1.83584,11.0131
-0.53221,1.89827,11.0058
-0.271606,1.95617,11.0044
0.145174,1.83639,10.9353
0.390704,1.8631,10.972
0.637284,1.87872,11.0094
1.24486,1.83392,10.9093
1.48393,1.82992,11.0029
1.81755,1.82499,10.9002
-1.67284,1.96882,10.8953
-1.01972,1.97328,10.9126
-0.783602,2.05056,10.8864
0.368129,2.11091,10.8626
1.0681,2.00838,10.9355
1.65115,2.00597,10.9475
-1.36919,2.24534,10.9514
-0.937688,2.196,11.0189
-0.544742,2.12219,10.8967
-0.287218,2.18647,10.909
-0.0406092,2.23471,10.9273
0.618712,2.14783,10.9111
0.887201,2.1691,10.9979
1.25605,2.1777,10.8751
1.50158,2.19634,11.0095
-1.13054,2.31965,10.921
0.204326,2.27728,10.9488
0.44861,2.31468,10.9848
0.834649,2.38235,10.8796
1.07376,2.37568,10.9552
-0.756364,2.54684,10.9885
-0.491955,2.58392,10.9638
0.4233,2.5368,10.8737
0.66494,2.54613,10.962
-0.245442,2.62526,10.9639
0.0174056,2.68332,10.9873
-0.250847,-2.77948,11.1055
-0.0120128,-2.84078,11.143
0.420353,-2.74658,11.0945
0.659893,-2.77683,11.1676
-0.917394,-2.69423,11.1687
-0.480264,-2.69796,11.0517
0.84937,-2.62945,11.0945
-1.29533,-2.46802,11.116
-1.05848,-2.5204,11.0597
-0.454655,-2.43675,11.1115
-0.201371,-2.4525,11.1029
0.06063,-2.46822,11.0951
0.305292,-2.52892,11.148
1.03939,-2.47245,11.0229
1.2791,-2.48683,11.1255
-1.4375,-2.2798,11.0339
-1.06679,-2.29606,11.1689
-0.689922,-2.35499,11.068
0.48877,-2.38239,11.0633
0.719876,-2.39331,11.1575
1.1431,-2.28035,11.1601
1.53976,-2.30831,11.0949
-1.67321,-2.23785,11.1058
-0.370553,-2.18378,11.148
-0.121814,-2.19786,11.1683
0.532149,-2.14945,11.1416
0.91413,-2.25415,11.0511
1.35857,-2.11783,11.1511
1.73592,-2.15476,11.0759
-1.87155,-2.03595,11.0901
-1.44542,-1.96743,11.0573
-1.23905,-2.10331,11.0951
-0.994808,-2.09403,11.0413
-0.794855,-1.9624,11.1356
-0.553342,-2.03958,11.0575
-0.233047,-2.01735,11.0237
0.0491381,-2.05067,11.0611
0.292554,-2.1015,11.0851
0.72531,-2.00164,11.0849
1.11764,-2.07501,11.02
1.56663,-1.98141,11.135
1.92003,-1.96292,11.0301
-2.05722,-1.86651,11.0899
-1.23238,-1.8554,11.1246
-0.986661,-1.84119,11.0317
0.968567,-1.88904,11.0955
1.7456,-1.80803,11.1212
-2.23838,-1.64752,11.0959
-1.41301,-1.67673,11.1285
-0.25022,-1.74159,11.1173
0.802196,-1.71939,11.1731
1.08013,-1.67851,11.0207
1.30603,-1.72218,11.117
2.09452,-1.75319,11.0446
-1.79356,-1.61566,11.03
-1.59113,-1.50036,11.1194
-0.702677,-1.5335,11.0853
-0.479541,-1.64561,11.0931
-0.047564,-1.6046,11.0654
0.216852,-1.63123,11.0624
0.507846,-1.64458,11.1187
0.708725,-1.49202,11.0973
0.957778,-1.52439,11.1746
1.4783,-1.54287,11.1231
1.90988,-1.60433,11.1276
2.26852,-1.54321,11.0688
-2.43432,-1.42432,11.1315
-1.9653,-1.43738,11.0614
-0.942062,-1.41289,11.0834
0.38292,-1.44705,11.0322
1.12478,-1.3457,11.125
1.64878,-1.36158,11.1278
2.07786,-1.39838,11.1398
2.41755,-1.34364,11.0914
-2.56839,-1.20426,11.1344
-2.08629,-1.21992,11.0441
-1.75935,-1.31076,11.1237
-1.53316,-1.26802,11.0269
-1.14581,-1.24205,11.1133
-0.520302,-1.21727,11.1415
-0.287957,-1.30339,11.1751
-0.0187926,-1.26007,11.1217
0.885285,-1.31387,11.0623
2.22691,-1.1925,11.1476
-1.71005,-1.07951,11.0432
-1.33797,-1.08333,11.1252
-0.921396,-1.16109,11.0399
-0.243272,-1.07819,11.0737
0.141991,-1.07165,11.0739
1.06743,-1.12394,11.0275
1.29547,-1.16075,11.1219
1.8085,-1.17067,11.1293
2.61196,-1.08603,11.1558
-2.64362,-0.96957,11.0903
-2.38577,-0.988078,11.1641
-1.94988,-1.0111,11.0426
-1.11597,-1.00524,11.0374
-0.458332,-0.961514,11.1233
0.32436,-0.891948,11.0704
0.58857,-1.01237,11.1314
1.20208,-0.929849,11.1069
1.45731,-0.936291,11.1354
1.77708,-0.943279,11.031
1.98704,-0.998668,11.1533
2.56032,-0.882315,11.021
-2.61626,-0.727033,11.0312
-2.28625,-0.762238,11.058
-1.61166,-0.855466,11.0921
-1.3291,-0.850854,11.0355
-0.836858,-0.725173,11.0951
-0.463018,-0.712472,11.1587
-0.262993,-0.829987,11.0402
0.0906373,-0.803761,11.063
0.529965,-0.757785,11.1129
0.763284,-0.835377,11.1556
1.6379,-0.764081,11.143
1.91842,-0.745164,11.0872
2.3501,-0.755067,11.0635
-2.44101,-0.584342,11.1379
-1.96284,-0.631432,11.1197
-1.71598,-0.625759,11.158
-1.48564,-0.641757,11.0631
0.018257,-0.565801,11.0861
0.280051,-0.645327,11.088
0.933518,-0.678574,11.0624
1.17131,-0.681614,11.1376
2.67568,-0.659653,11.0582
-2.75918,-0.545316,11.1263
-1.61798,-0.397295,11.1199
-1.34911,-0.447755,11.1411
-1.09861,-0.476071,11.1405
-0.85472,-0.476292,11.0865
-0.422263,-0.481441,11.0723
0.201227,-0.417158,11.1676
0.444667,-0.461539,11.1207
0.872678,-0.430567,11.0496
1.11295,-0.438492,11.1589
1.55243,-0.534057,11.092
2.05435,-0.536211,11.1061
2.46489,-0.539316,11.1177
2.7713,-0.417997,11.1052
-2.72882,-0.279765,11.0614
-2.39426,-0.330265,11.0728
-2.05796,-0.383303,11.0973
-1.8455,-0.26856,11.1752
-0.970277,-0.262638,11.1466
-0.748394,-0.256577,11.0329
-0.222521,-0.34135,11.0192
1.43691,-0.30855,11.0283
1.67137,-0.315801,11.1146
2.35877,-0.320283,11.0376
-2.54137,-0.149991,11.1628
-2.1736,-0.174223,11.1732
-1.97194,-0.105974,11.0343
-1.6365,-0.148713,11.1034
-1.15284,-0.143078,11.0259
-0.437307,-0.216383,11.0736
-0.12848,-0.158751,11.1615
0.0911456,-0.0900418,11.0567
0.507831,-0.223835,11.0822
0.998116,-0.219622,11.0947
1.56445,-0.0963332,11.0626
1.80028,-0.0954889,11.1471
2.01748,-0.170711,11.042
2.46018,-0.103185,11.108
2.88316,-0.198355,11.1745
-2.34748,-0.0717567,11.0262
-1.79714,0.0397198,11.1369
-1.46176,0.0155915,11.0344
-0.573813,-0.0307981,11.1689
-0.255311,0.030712,11.0603
0.423809,-0.00215851,11.1597
0.669414,-0.0417058,11.1362
0.885661,0.0063501,11.0207
1.11702,-0.00554875,11.1439
2.12234,0.0457241,11.1102
2.7913,0.0327974,11.0913
-2.81976,0.136942,11.122
-2.38955,0.17339,11.0424
-2.16091,0.0996001,11.1102
-0.790702,0.0928756,11.1705
-0.583943,0.182505,11.0408
0.147009,0.171327,11.058
0.567232,0.183175,11.0605
1.01109,0.213825,11.0808
1.44728,0.123542,11.0457
1.69019,0.12463,11.1037
2.34854,0.131337,11.0274
2.55565,0.122033,11.1733
-2.76704,0.380504,11.1088
-2.52804,0.339092,11.1676
-2.08887,0.356787,11.1061
-1.82806,0.287412,11.1459
-1.39444,0.239889,11.121
-1.18707,0.346749,11.0255
-0.972163,0.310064,11.1462
-0.147802,0.278853,11.0884
1.58744,0.351951,11.0983
2.01876,0.266993,11.058
2.43985,0.365867,11.1037
2.7097,0.262318,11.0354
-2.33114,0.415705,11.0342
-1.64141,0.442777,11.0769
-1.39557,0.485717,11.0745
-0.753894,0.456046,11.0694
-0.498573,0.408474,11.1046
-0.26807,0.496455,11.0651
0.254731,0.413879,11.0727
0.751887,0.418479,11.109
1.10425,0.43957,11.1469
2.09714,0.492444,11.1303
-2.71578,0.624508,11.0973
-2.47246,0.582225,11.1552
-2.06702,0.604307,11.0847
-1.83138,0.579776,11.1631
-1.59181,0.688262,11.1382
-1.16173,0.595203,11.0218
-0.961927,0.558659,11.1669
-0.750435,0.699563,11.1247
-0.0313914,0.569117,11.0965
0.201333,0.649343,11.1363
0.609546,0.644869,11.0354
1.48134,0.577086,11.0791
1.72281,0.577952,11.1756
2.3252,0.585479,11.0352
2.7897,0.556558,11.1473
-1.90351,0.788443,11.0466
-1.34501,0.762839,11.0875
-1.11513,0.852993,11.0308
-0.543457,0.835605,11.0915
0.432745,0.824703,11.0841
0.775113,0.791967,11.1501
1.34749,0.807982,11.0209
1.59385,0.789446,11.1454
1.96965,0.708185,11.086
2.40667,0.80679,11.1173
2.67756,0.771508,11.0875
-2.71944,0.86552,11.1652
-2.30762,1.00435,11.1232
-1.51585,0.928537,11.1645
-1.29047,1.01792,11.1045
-0.724789,0.985138,11.1755
-0.270375,0.959154,11.0906
0.616565,0.984429,11.1389
1.15369,0.965151,11.0571
1.82461,0.911307,11.069
2.56875,0.995922,11.0782
-2.07779,1.13713,11.0605
-1.8454,1.0566,11.1245
-1.63301,1.1494,11.0262
-1.05901,1.10048,11.0605
-0.484615,1.06573,11.1693
-0.031095,1.0298,11.1058
0.210418,1.09826,11.139
0.448582,1.16632,11.1726
0.987193,1.16434,11.0602
1.75406,1.15714,11.07
2.26681,1.0397,11.1141
-2.43504,1.24727,11.0503
-1.78425,1.29538,11.1611
-1.22805,1.25717,11.1557
-0.825285,1.17907,11.0208
1.22707,1.1949,11.1214
2.44119,1.20936,11.0564
-2.38117,1.48149,11.1204
-2.02495,1.39432,11.073
-1.56156,1.38215,11.0781
-1.31326,1.45837,11.0192
-0.994554,1.33538,11.116
-0.759711,1.41228,11.0816
-0.520525,1.48222,11.0682
0.137649,1.43663,11.024
0.82715,1.35794,11.0762
1.06638,1.38593,11.1427
1.58738,1.34084,11.1051
2.09684,1.43599,11.161
2.32497,1.43057,11.0589
-1.93676,1.62243,11.1472
-1.4821,1.61049,11.1397
-0.929963,1.5687,11.1765
-0.693251,1.64326,11.15
-0.279315,1.54663,11.0695
-0.0372487,1.607,11.0795
0.416636,1.5136,11.0545
0.661058,1.54335,11.0993
0.907061,1.57627,11.1676
1.45579,1.58254,11.1046
1.93523,1.62389,11.1216
2.18588,1.641,11.0402
-2.10057,1.80174,11.0908
-1.71955,1.71436,11.0646
-1.24905,1.68755,11.093
-1.01494,1.76517,11.0489
-0.452502,1.70892,11.1473
-0.210349,1.76936,11.1583
0.219223,1.65893,11.1031
1.058,1.7221,11.032
-1.64282,1.94881,11.1431
0.887427,1.90157,11.0707
1.12794,1.92332,11.1622
1.76144,1.80452,11.1424
2.02997,1.83615,11.031
-1.84129,2.09733,11.1146
-1.41866,2.03773,11.0785
-1.18182,2.10991,11.0444
-0.757867,2.06716,11.1339
-0.0284961,2.00768,11.0295
0.216958,2.03918,11.0621
0.463035,2.07074,11.0905
0.7076,2.07631,11.1448
1.33067,2.02028,11.0544
1.86708,2.02109,11.0717
-1.61682,2.18182,11.0297
-0.516742,2.13038,11.1445
-0.22272,2.16805,11.1491
0.0512745,2.21249,11.1581
1.14584,2.18419,11.099
1.72104,2.21599,11.1326
-1.5357,2.40978,11.1734
-1.10047,2.31133,11.1693
-0.865409,2.39611,11.1578
-0.688266,2.28096,11.0251
-0.445993,2.33982,11.0283
-0.20175,2.39034,11.0372
0.697585,2.3166,11.0774
0.957633,2.33359,11.1722
1.31258,2.36162,11.0344
1.5408,2.3873,11.1657
-1.28446,2.44819,11.0702
-1.04092,2.52344,11.0335
-0.602357,2.47285,11.1705
-0.359731,2.5318,11.1689
-0.116331,2.58371,11.1733
0.042493,2.44134,11.0437
0.286301,2.47579,11.0851
0.524368,2.476,11.1608
0.916888,2.54708,11.0482
1.15507,2.54119,11.1239
-0.89756,2.69193,11.1488
-0.651934,2.72831,11.1249
0.259888,2.71906,11.0364
0.507561,2.70771,11.0694
0.751812,2.7078,11.1475
-0.406259,2.7695,11.1078
-0.161245,2.81873,11.101
-0.199374,-2.95732,11.274
0.0415145,-3.01406,11.3145
0.485187,-2.91722,11.2781
-1.12844,-2.74957,11.3106
-0.703701,-2.81532,11.2156
-0.447813,-2.87126,11.2286
0.242851,-2.9011,11.2193
0.897525,-2.8104,11.2592
-1.35656,-2.6356,11.291
-0.35426,-2.61115,11.2587
-0.106191,-2.63286,11.2459
0.138244,-2.67805,11.2579
1.07874,-2.65289,11.1905
-1.53134,-2.44638,11.1947
-1.11707,-2.5002,11.3034
-0.871837,-2.45032,11.2099
-0.651994,-2.57334,11.1827
0.546248,-2.55646,11.2328
0.776578,-2.57863,11.3278
1.50616,-2.51295,11.2342
-1.75881,-2.41905,11.2943
-1.27979,-2.29865,11.2983
-0.316427,-2.36776,11.3077
-0.0678949,-2.39502,11.3119
0.361141,-2.29044,11.2571
0.950867,-2.41738,11.2497
1.35788,-2.32168,11.2956
1.74687,-2.3507,11.2312
-1.91073,-2.22546,11.2531
-1.46466,-2.13906,11.2379
-0.842495,-2.19562,11.2111
-0.596717,-2.21031,11.2485
0.122702,-2.24795,11.1953
0.751536,-2.17083,11.2669
1.58789,-2.16985,11.2975
1.97103,-2.15,11.2269
-2.09337,-2.0547,11.2503
-1.65255,-1.97972,11.1965
0.156208,-2.00263,11.2808
0.402748,-2.02145,11.312
0.98805,-2.09806,11.2316
1.77411,-2.00517,11.272
2.15903,-1.96863,11.2266
-2.2694,-1.85926,11.2249
-1.83331,-1.80777,11.1841
-1.44163,-1.87448,11.289
-1.03956,-1.95789,11.2462
-0.605214,-1.82207,11.2173
-0.382209,-1.93438,11.2061
-0.108936,-1.95651,11.2318
0.33028,-1.82103,11.1788
0.572738,-1.86146,11.2236
0.818607,-1.9306,11.3055
1.202,-1.93133,11.2059
1.96167,-1.81792,11.2453
-2.44201,-1.64995,11.2438
-1.6217,-1.70175,11.2635
-1.07498,-1.69875,11.2386
-0.831944,-1.72107,11.186
0.0691496,-1.786,11.1916
1.06718,-1.72973,11.2648
1.51656,-1.75679,11.248
2.32732,-1.74828,11.2062
-2.01222,-1.63492,11.2069
-1.79759,-1.51703,11.2596
-1.43336,-1.5289,11.3287
-0.955838,-1.49431,11.3189
-0.678027,-1.5855,11.3283
-0.21806,-1.53076,11.256
0.088591,-1.51552,11.2541
0.336934,-1.53305,11.2621
0.593872,-1.52118,11.3173
1.26187,-1.51462,11.2476
1.69122,-1.578,11.2487
2.1226,-1.6149,11.2582
2.50178,-1.53183,11.2415
-2.59255,-1.46599,11.3202
-2.16649,-1.43836,11.212
-1.61471,-1.35717,11.3221
-1.17958,-1.47977,11.1805
-0.721515,-1.33381,11.2331
-0.483851,-1.44409,11.2401
1.85866,-1.39322,11.2596
2.28282,-1.42195,11.2865
-2.2932,-1.22439,11.1836
-1.96309,-1.30769,11.2751
-1.38135,-1.30978,11.2207
-0.953094,-1.2489,11.2716
0.22434,-1.31914,11.1769
0.468541,-1.32309,11.2308
0.707268,-1.24964,11.225
0.95514,-1.29543,11.3013
1.43039,-1.33051,11.2455
2.02114,-1.20592,11.2886
2.4317,-1.19381,11.2904
2.66146,-1.29187,11.2897
-2.57418,-1.03662,11.3209
-2.09439,-1.09314,11.2591
-1.83816,-1.09215,11.257
-1.55775,-1.13022,11.2345
-0.742995,-1.08763,11.1983
-0.376158,-1.10492,11.3114
0.100143,-1.14472,11.3087
0.354985,-1.1027,11.2009
0.866562,-1.05873,11.1995
1.10268,-1.08336,11.277
1.58636,-1.13474,11.2525
2.78937,-1.07339,11.3307
-1.45307,-0.87213,11.2842
-1.20909,-0.907648,11.2471
-0.937319,-0.930839,11.195
-0.268191,-0.881424,11.2841
-0.0528505,-0.978934,11.2015
0.182266,-0.896891,11.2754
0.449485,-0.896059,11.3049
1.75199,-0.939868,11.2791
2.17811,-1.01413,11.3146
2.39546,-0.966292,11.1891
2.74443,-0.865689,11.1975
-2.794,-0.795742,11.193
-2.52684,-0.801002,11.2525
-2.28767,-0.808192,11.3244
-2.09015,-0.856339,11.1794
-1.84164,-0.839416,11.1881
-1.05825,-0.712566,11.2096
-0.661489,-0.852309,11.2182
-0.053204,-0.735128,11.2548
1.00086,-0.850371,11.2307
1.22941,-0.826672,11.3327
2.13905,-0.804069,11.1868
2.52733,-0.749631,11.2382
-2.93699,-0.600718,11.2928
-2.19104,-0.600282,11.2226
-1.30516,-0.67732,11.2318
-0.673244,-0.594065,11.2305
-0.257596,-0.593377,11.2369
0.162822,-0.620953,11.3072
0.411646,-0.64273,11.2999
0.652191,-0.69992,11.3337
1.40842,-0.696427,11.2157
1.79335,-0.550663,11.1817
2.25653,-0.591885,11.2448
2.86583,-0.654535,11.2554
-2.58135,-0.397188,11.2248
-1.86748,-0.484844,11.2978
-1.52004,-0.548924,11.2927
0.680441,-0.494395,11.1951
0.91477,-0.542286,11.2704
1.36435,-0.448358,11.2367
1.60847,-0.461451,11.3242
2.64813,-0.536518,11.2875
2.94391,-0.414437,11.2864
-2.89524,-0.362145,11.2285
-2.2793,-0.376236,11.2896
-1.45883,-0.256229,11.2583
-1.20175,-0.272199,11.2413
-0.820315,-0.381275,11.3148
-0.59694,-0.357591,11.2041
-0.315478,-0.342946,11.2508
-0.0702873,-0.389027,11.2383
0.546987,-0.312717,11.3124
0.767534,-0.26047,11.207
0.98202,-0.308554,11.3275
1.90205,-0.314934,11.21
2.13134,-0.379554,11.2851
2.55797,-0.318527,11.1883
-2.86159,-0.102927,11.1773
-1.72994,-0.112212,11.3318
-0.779855,-0.142433,11.2539
-0.344969,-0.0851748,11.2642
0.0770699,-0.194168,11.2985
0.320633,-0.212403,11.2467
1.23245,-0.222067,11.1918
1.47523,-0.225811,11.2607
2.01223,-0.102417,11.2822
2.2362,-0.171228,11.1956
2.66724,-0.105004,11.2586
-2.97985,0.0765292,11.3047
-2.34429,0.0165483,11.259
-1.97351,-0.0710209,11.2815
-1.29106,-0.0414161,11.2073
-1.04236,-0.038092,11.2284
-0.0438024,0.0747727,11.1871
0.192994,0.0227732,11.2542
0.902796,-0.0578691,11.2612
1.35071,-0.00639366,11.2361
1.59369,-0.00873194,11.2943
2.33502,0.0481684,11.2624
2.96723,0.0145968,11.2771
-2.58111,0.0955035,11.1818
-2.04938,0.210378,11.304
-1.6081,0.172682,11.2317
-1.17201,0.17808,11.2159
-0.364404,0.216304,11.2064
0.334621,0.224586,11.2143
0.576051,0.128356,11.308
0.794125,0.166458,11.1935
1.03329,0.145404,11.3246
1.23667,0.230089,11.187
1.47031,0.219435,11.2749
1.90824,0.11708,11.2244
2.76047,0.149665,11.3125
-2.93849,0.353432,11.2898
-2.70948,0.258976,11.3198
-2.28354,0.274544,11.2447
-0.654281,0.282557,11.2586
0.0528986,0.363382,11.2108
0.541285,0.363687,11.2317
0.914763,0.362433,11.29
1.81847,0.347961,11.1933
2.03017,0.352231,11.3259
2.22745,0.270769,11.1955
2.64499,0.378727,11.2468
2.89125,0.3385,11.2145
-2.65692,0.502927,11.3078
-2.24501,0.525915,11.2413
-2.00607,0.477313,11.3089
-1.50484,0.396713,11.2808
-1.21379,0.46406,11.244
-0.642405,0.531139,11.2797
-0.402843,0.432664,11.3337
-0.162962,0.488559,11.2928
0.26311,0.445974,11.3201
1.33579,0.453248,11.2394
2.30525,0.496813,11.2683
-2.88623,0.597172,11.2775
-1.402,0.624359,11.2874
-0.433479,0.634897,11.1906
0.059054,0.595795,11.3339
0.433626,0.587017,11.2023
0.678154,0.594633,11.27
0.920749,0.598445,11.2099
1.20543,0.670412,11.2262
1.44179,0.669684,11.3077
1.94091,0.58586,11.3016
2.52568,0.597108,11.1834
2.96213,0.551371,11.3282
-2.4738,0.829461,11.1882
-2.2315,0.77429,11.2203
-1.75362,0.85179,11.2354
-1.15124,0.705987,11.2451
-0.941415,0.836614,11.209
-0.62356,0.783493,11.3235
-0.389579,0.86216,11.2872
-0.19887,0.719986,11.2056
0.0288437,0.820184,11.2282
0.546123,0.80385,11.3054
1.01375,0.830031,11.2137
1.81121,0.799249,11.2918
2.1811,0.710307,11.2194
2.8651,0.771071,11.2527
-2.02546,0.915373,11.2235
-1.32371,0.872811,11.314
-1.11287,1.0025,11.2835
-0.160801,0.965951,11.3141
0.267395,0.887234,11.2606
0.849958,1.01815,11.2246
1.35533,0.977662,11.2041
2.04155,0.918158,11.2002
2.25301,0.920858,11.3333
2.57348,0.86825,11.2931
-2.64691,1.1239,11.1998
-2.41425,1.16276,11.2844
-2.1761,1.09112,11.3169
-1.66781,1.0774,11.2985
-1.45888,1.17497,11.2027
-0.905455,1.13856,11.2538
1.09301,1.05973,11.2823
1.59978,1.0279,11.2169
1.8431,1.04918,11.2767
2.04415,1.16827,11.1884
2.44883,1.08528,11.2783
2.742,1.04755,11.2508
-2.227,1.29541,11.1824
-1.94313,1.18114,11.3176
-0.669575,1.2232,11.2277
-0.431284,1.30189,11.2312
-0.214555,1.18831,11.1806
0.0255332,1.25521,11.199
0.265139,1.331,11.2117
0.689189,1.20922,11.2229
0.926078,1.2454,11.2941
1.43328,1.20793,11.2617
1.67431,1.24342,11.3179
2.27207,1.25927,11.233
2.69979,1.29492,11.3255
-2.56425,1.35683,11.2351
-1.93508,1.43038,11.3066
-1.39423,1.41081,11.2611
-1.15611,1.48226,11.2369
-0.846955,1.37703,11.313
-0.611838,1.46032,11.2997
-0.153914,1.42076,11.2494
0.521627,1.39303,11.248
0.760577,1.43207,11.3096
1.30473,1.4152,11.2097
1.51843,1.4625,11.3297
1.8665,1.34409,11.1921
2.28055,1.48863,11.3304
2.51282,1.47997,11.2158
-2.50569,1.60501,11.3043
-2.15612,1.52772,11.2414
-1.70604,1.52346,11.2253
-0.356964,1.54988,11.3138
0.0865676,1.49647,11.2661
0.340689,1.55808,11.2966
1.15108,1.61043,11.2345
1.70953,1.54248,11.1907
-2.31404,1.71301,11.1854
-1.63779,1.75263,11.2974
-1.08523,1.70983,11.3119
0.737368,1.75508,11.206
0.969445,1.7828,11.2937
1.32983,1.77961,11.1926
1.56448,1.72846,11.2755
2.11211,1.74373,11.2554
2.36931,1.68487,11.2043
-2.2685,1.92569,11.3096
-1.85661,1.86143,11.2393
-1.41415,1.83553,11.223
-1.17434,1.90604,11.1866
-0.879832,1.84465,11.2434
-0.632208,1.87603,11.2334
-0.384452,1.93576,11.2258
0.0447065,1.82106,11.1778
0.314756,1.86356,11.2097
0.556473,1.91659,11.2634
2.29709,1.90864,11.2887
-2.05533,2.01465,11.2133
-1.49221,2.05376,11.3166
-0.989504,2.06862,11.2274
-0.127301,1.9743,11.2739
0.132815,2.02193,11.2973
0.952147,2.08908,11.225
1.59059,2.01094,11.1892
1.83031,2.08012,11.3116
2.08077,2.01179,11.2011
-1.97669,2.22965,11.3132
-1.34991,2.24518,11.2002
-0.685302,2.26122,11.2741
0.298327,2.24415,11.178
0.536199,2.24457,11.2541
0.777536,2.2413,11.3187
1.4045,2.17278,11.2381
-1.76146,2.31176,11.2146
-0.391982,2.30609,11.2703
-0.133863,2.35965,11.2819
0.108534,2.42144,11.2832
1.22839,2.34757,11.2692
1.77158,2.39362,11.3011
-1.02539,2.53217,11.2931
-0.776589,2.56283,11.3252
0.771616,2.48121,11.2501
1.38131,2.57065,11.2258
-1.23861,2.64114,11.2222
-0.516372,2.65327,11.3206
-0.27094,2.72167,11.3123
0.11197,2.66516,11.2297
0.358697,2.64204,11.2585
0.597101,2.64303,11.3325
0.991765,2.70772,11.224
-1.05824,2.78766,11.3143
-0.791674,2.85905,11.3015
-0.542807,2.89762,11.2768
-0.0683298,2.86694,11.3328
0.404013,2.88651,11.2374
0.648382,2.88514,11.2899
-0.291177,2.96921,11.287
0.152421,2.91099,11.2256
0.210452,-3.10979,11.4719
-0.492821,-3.03147,11.4148
0.717729,-2.95062,11.3605
-1.31758,-2.82647,11.4823
-0.91165,-2.87186,11.3437
-0.692113,-2.88832,11.4618
-0.310504,-2.79214,11.4254
-0.0583795,-2.80868,11.416
0.322484,-2.88594,11.4643
1.1341,-2.82488,11.3632
-1.59125,-2.61048,11.3733
-0.798851,-2.6286,11.378
-0.555943,-2.69646,11.3781
0.362566,-2.66063,11.3654
0.597812,-2.73437,11.406
1.00732,-2.5935,11.4223
1.45479,-2.70878,11.3997
1.67501,-2.5904,11.4012
-0.427433,-2.5087,11.4816
-0.18165,-2.55144,11.4702
0.175687,-2.44209,11.343
0.388987,-2.4367,11.4733
1.24788,-2.57577,11.3569
1.87525,-2.44328,11.4282
-1.95165,-2.37623,11.4485
-1.49635,-2.33284,11.4171
-0.873673,-2.3899,11.4521
-0.636653,-2.41948,11.3787
0.585406,-2.3332,11.359
0.859556,-2.40057,11.4817
1.12998,-2.3635,11.4153
1.58382,-2.36426,11.4545
-2.01967,-2.13788,11.4827
-1.68409,-2.18283,11.3494
-1.03714,-2.17295,11.3841
-0.749538,-2.17252,11.4425
-0.473196,-2.24932,11.462
-0.023463,-2.13796,11.3899
0.218086,-2.1892,11.435
0.970781,-2.17713,11.4679
1.20403,-2.13326,11.3529
1.4244,-2.1747,11.4864
1.82447,-2.19846,11.4223
2.15847,-2.16045,11.3942
-2.27266,-2.029,11.4223
-1.86845,-1.99696,11.3426
-1.49557,-2.06084,11.4727
-1.25287,-2.05384,11.3395
-0.548564,-2.00327,11.3797
-0.292752,-2.10246,11.3707
0.613979,-1.98162,11.4392
1.42694,-1.97121,11.3415
1.63371,-2.00294,11.4784
1.97585,-1.99407,11.4213
2.34183,-1.99137,11.412
-2.43262,-1.83739,11.4102
-2.06201,-1.84313,11.3792
-1.66479,-1.8822,11.4306
-1.2063,-1.82013,11.413
-0.787938,-1.93159,11.3832
-0.371689,-1.86648,11.4911
0.0171599,-1.86923,11.4391
0.263423,-1.91497,11.4899
1.04596,-1.93235,11.4096
-2.21643,-1.64933,11.3501
-1.85475,-1.70712,11.4117
-1.43173,-1.72244,11.4868
-0.908245,-1.71624,11.4237
-0.610723,-1.77914,11.4712
-0.42687,-1.67955,11.3346
-0.190559,-1.75685,11.3587
0.19642,-1.69733,11.3873
0.445239,-1.721,11.3859
0.696527,-1.73395,11.399
0.933593,-1.71436,11.4753
1.29471,-1.76068,11.3633
1.72579,-1.78646,11.3819
2.17717,-1.80339,11.4131
2.49278,-1.79381,11.3879
-2.02629,-1.50255,11.4183
-1.63692,-1.56188,11.4699
-1.20146,-1.57062,11.412
-0.0286724,-1.59377,11.4602
0.831938,-1.50284,11.3895
1.07942,-1.51601,11.4178
1.47556,-1.54448,11.3736
1.90369,-1.60858,11.378
2.33305,-1.60922,11.444
-2.37481,-1.47939,11.4419
-1.81277,-1.38457,11.4716
-0.781204,-1.39409,11.4679
-0.0722906,-1.3502,11.3485
0.173288,-1.40575,11.4618
0.42283,-1.41533,11.4649
1.64087,-1.35695,11.3773
2.07908,-1.43769,11.4299
2.71098,-1.48905,11.4361
-2.70944,-1.24586,11.3386
-2.46147,-1.25809,11.3647
-2.18072,-1.27878,11.4037
-1.41707,-1.31184,11.4679
-1.18525,-1.32345,11.3751
-0.55023,-1.26611,11.4017
-0.309691,-1.32989,11.4234
0.306917,-1.19573,11.4389
0.666694,-1.32844,11.4584
1.20846,-1.29571,11.3551
1.4296,-1.24291,11.4792
2.225,-1.23008,11.4347
-2.84643,-1.04613,11.3995
-2.30686,-1.06338,11.3885
-1.93022,-1.1645,11.4777
-1.68169,-1.15481,11.452
-1.35503,-1.08782,11.3744
-1.10533,-1.08714,11.3862
-0.858281,-1.07152,11.4193
-0.597939,-1.02149,11.3904
-0.140218,-1.11426,11.3925
0.542667,-1.12937,11.3696
0.834016,-1.13937,11.454
1.35928,-1.04867,11.3358
1.7957,-1.1609,11.3864
2.35994,-1.02645,11.4846
-2.46428,-0.877469,11.487
-1.9659,-0.930473,11.3981
-1.68449,-0.921807,11.3631
-0.0517743,-0.888542,11.4516
0.705737,-0.940482,11.3743
1.04286,-0.928851,11.464
1.97544,-0.869911,11.367
2.57042,-0.959683,11.3668
-2.954,-0.820861,11.4099
-2.70365,-0.842804,11.4245
-1.01128,-0.858533,11.4223
-0.763131,-0.842328,11.4461
-0.488171,-0.797063,11.3923
0.294292,-0.784808,11.4684
0.883056,-0.739446,11.4206
1.53032,-0.858801,11.3612
2.31749,-0.80438,11.3622
2.70214,-0.752596,11.4161
-2.65911,-0.610064,11.3455
-2.413,-0.591056,11.3859
-2.00143,-0.686127,11.3604
-1.72017,-0.677844,11.4019
-1.41118,-0.699399,11.4598
-1.16496,-0.662372,11.4379
-0.881229,-0.628193,11.3643
-0.651635,-0.621486,11.4783
-0.256679,-0.70497,11.4604
-0.0198989,-0.627054,11.4774
1.18301,-0.568352,11.36
1.43651,-0.61531,11.4502
1.72427,-0.701279,11.3688
2.02621,-0.627121,11.3368
2.4677,-0.62002,11.4456
3.0322,-0.652734,11.4445
-3.06726,-0.468372,11.4603
-2.81671,-0.445309,11.4505
-2.56927,-0.415126,11.4735
-2.18323,-0.529324,11.4621
-1.30091,-0.459292,11.3856
-1.05154,-0.446362,11.3837
-0.467157,-0.515905,11.3475
-0.20152,-0.459654,11.44
0.0676499,-0.395041,11.4466
0.328366,-0.422339,11.3821
0.547056,-0.511599,11.4638
0.765412,-0.401924,11.4126
1.85165,-0.460018,11.407
2.38297,-0.401749,11.3461
2.81633,-0.52366,11.4722
-2.04254,-0.310877,11.3359
-1.66505,-0.352757,11.3611
-0.628213,-0.373062,11.4743
-0.387181,-0.288697,11.4836
1.29551,-0.274063,11.4275
2.69423,-0.317171,11.3975
3.05458,-0.240587,11.4338
-3.03337,-0.220064,11.381
-2.72057,-0.235195,11.3542
-2.42403,-0.193166,11.3791
-2.18805,-0.115245,11.4154
-1.31238,-0.176142,11.4439
-1.04143,-0.199232,11.4193
-0.569501,-0.145394,11.3904
-0.162196,-0.215998,11.4019
0.262949,-0.206653,11.4896
0.659948,-0.096185,11.3797
0.876949,-0.151521,11.491
1.12138,-0.0961641,11.3768
1.70983,-0.231836,11.3465
1.92262,-0.230312,11.4774
2.21246,-0.199381,11.4426
2.4419,-0.159116,11.3516
2.83631,-0.117398,11.4434
-2.7364,0.014036,11.3598
-1.4978,-0.0214118,11.3452
-1.18641,0.0386047,11.4222
-0.725508,0.0491715,11.4073
-0.239111,0.0381007,11.4533
0.00923647,0.0327515,11.4272
0.388807,-0.00429946,11.407
1.8132,-0.0146969,11.4141
2.55128,0.0579371,11.4149
3.10567,0.0599148,11.4803
-2.47568,0.18379,11.3899
-2.23726,0.13639,11.4505
-1.83124,0.111929,11.375
-1.59865,0.161164,11.4822
-1.37316,0.194899,11.3659
-0.953378,0.162645,11.3468
-0.479501,0.0877189,11.3869
0.190652,0.204549,11.4253
0.809111,0.097068,11.4331
1.26511,0.141325,11.4185
1.70412,0.203964,11.362
1.91907,0.199011,11.4891
2.11718,0.117997,11.3607
-2.19093,0.384388,11.449
-1.73128,0.340744,11.37
-1.13923,0.309505,11.4258
-0.585478,0.358216,11.4864
-0.152768,0.242705,11.3366
0.0186158,0.382901,11.4575
0.42818,0.280623,11.439
0.703383,0.32281,11.4171
1.14798,0.36011,11.381
1.38331,0.356646,11.4648
2.23288,0.308464,11.4736
2.43721,0.271214,11.3349
2.71398,0.325089,11.484
3.03362,0.317615,11.4185
-2.83246,0.467394,11.4871
-2.42897,0.428843,11.3793
-1.33999,0.454066,11.4593
-1.05125,0.544134,11.4154
-0.852859,0.411205,11.3406
0.503831,0.518246,11.4319
1.58256,0.434406,11.3342
1.81188,0.417529,11.4332
2.46961,0.488627,11.4577
-3.0351,0.624802,11.4761
-2.39069,0.676757,11.3865
-2.1477,0.634832,11.4437
-1.66637,0.580684,11.3502
-1.25114,0.693259,11.4739
-0.839646,0.663479,11.3576
-0.322081,0.655467,11.4131
0.312989,0.676768,11.4017
1.00176,0.553436,11.4417
1.25852,0.573227,11.4498
1.69012,0.635291,11.4363
2.14921,0.590301,11.4397
2.68883,0.599062,11.3722
-2.87041,0.820907,11.3872
-2.63022,0.744275,11.3646
-1.9336,0.717511,11.3448
-1.55418,0.801886,11.3769
-1.02973,0.804006,11.4403
-0.0966387,0.759909,11.4396
0.138872,0.83937,11.4765
0.77751,0.782408,11.4015
1.23207,0.838913,11.4083
1.58181,0.856327,11.3971
2.02424,0.806042,11.4227
2.38957,0.713285,11.3593
-2.58866,0.987882,11.4014
-2.34836,0.922683,11.3835
-2.11281,0.881568,11.4547
-1.87917,0.962761,11.4204
-0.813105,0.9286,11.4021
0.39768,0.897124,11.4835
0.985918,0.91071,11.4512
2.96705,0.9034,11.4461
-2.82333,1.06552,11.3665
-1.48665,1.03352,11.4645
-1.28529,1.15525,11.3807
-0.991745,1.08113,11.4873
-0.585365,1.03081,11.395
-0.351145,1.11504,11.3765
0.0760213,1.03863,11.3404
0.313676,1.10551,11.3733
0.557484,1.05282,11.3713
0.788879,1.09881,11.4527
1.29619,1.07938,11.4265
1.54217,1.09275,11.4669
2.05413,1.05389,11.4103
2.28252,1.14444,11.4548
2.61616,1.10428,11.4625
2.86682,1.13626,11.4481
-2.5938,1.23285,11.4496
-2.13115,1.31744,11.4124
-1.61182,1.31725,11.34
-1.07292,1.28537,11.3664
-0.768691,1.18848,11.4567
-0.532168,1.26779,11.4573
-0.104516,1.19832,11.4048
0.133697,1.27141,11.4232
0.617001,1.28209,11.4507
1.16694,1.28571,11.3719
1.39937,1.30969,11.4874
1.87869,1.23109,11.4608
2.09938,1.33019,11.3986
2.45922,1.30932,11.3903
-2.67803,1.46981,11.4308
-2.3559,1.41343,11.3608
-1.76461,1.44725,11.4888
-1.25073,1.43087,11.4644
-0.296705,1.3504,11.4511
-0.0460831,1.43741,11.4739
0.373676,1.33828,11.4418
0.998893,1.47044,11.3743
1.76053,1.45477,11.419
-2.06406,1.55194,11.4825
-1.54359,1.54603,11.4137
-1.3223,1.63625,11.3415
-1.00916,1.51349,11.4459
-0.791348,1.61598,11.3787
0.579145,1.61756,11.3418
0.816849,1.64218,11.4322
1.2583,1.50945,11.4363
1.98324,1.54684,11.3538
2.64616,1.55957,11.4115
-2.28882,1.65255,11.4266
-2.07851,1.75283,11.3347
-1.85234,1.65467,11.3798
-1.4787,1.77959,11.4877
-0.552798,1.6899,11.3788
-0.294862,1.7774,11.396
-0.0755065,1.6699,11.3434
0.167457,1.72185,11.3711
0.40421,1.7795,11.4267
1.39518,1.71731,11.4588
2.16952,1.65291,11.482
2.48259,1.78568,11.4046
-2.47719,1.82961,11.4099
-1.76299,1.86356,11.4833
-1.25341,1.86314,11.4193
-0.547018,1.92442,11.4646
0.00193871,1.8827,11.4671
0.790245,1.94929,11.3533
1.19159,1.84454,11.3905
1.41422,1.9514,11.355
1.66918,1.9141,11.4056
1.90104,1.84232,11.346
2.11672,1.89657,11.461
-1.96357,2.01183,11.4456
-1.74043,2.06707,11.3405
-1.20906,2.09741,11.3436
-1.02726,1.96459,11.4515
-0.788493,2.05035,11.381
-0.303572,2.02215,11.4455
0.373656,2.06241,11.3502
0.610177,2.09691,11.4421
1.00067,1.9743,11.4855
1.19155,2.08896,11.338
-2.18732,2.13863,11.4156
-1.78928,2.26413,11.4858
-0.917412,2.26391,11.3654
-0.519127,2.17122,11.4377
-0.255383,2.26363,11.4864
-0.0391881,2.16565,11.4078
0.201821,2.23125,11.4151
1.01476,2.25332,11.4024
1.39182,2.16309,11.4907
1.61872,2.20278,11.3635
1.98817,2.27104,11.3429
2.19315,2.13098,11.39
-1.5535,2.28492,11.3888
-1.1474,2.34919,11.4116
-0.558442,2.42475,11.4135
0.363365,2.41108,11.3513
0.603927,2.41174,11.4268
0.847081,2.42031,11.4827
1.45169,2.38766,11.3989
-1.82178,2.50098,11.414
-1.5894,2.5725,11.3562
-1.36052,2.45993,11.3437
-1.17804,2.58656,11.4834
-0.308786,2.49543,11.4108
0.203516,2.58403,11.4473
1.04075,2.49468,11.3439
1.60633,2.57725,11.3393
-1.37031,2.73067,11.4145
-0.676217,2.743,11.4903
-0.0552497,2.6289,11.4118
0.833995,2.66113,11.4119
1.44125,2.74281,11.4529
-0.399679,2.85413,11.4805
0.261351,2.82674,11.4337
1.14642,2.81653,11.3872
-0.943618,2.94669,11.48
-0.602415,3.04033,11.4731
0.494129,3.03772,11.4146
0.880034,2.90519,11.3838
-0.136183,3.08699,11.4473
0.113124,3.06239,11.4216
-0.279575,-3.11579,11.5136
-0.877985,-3.04483,11.5206
-0.299544,-2.90586,11.6479
-0.0463456,-3.03295,11.5474
0.61236,-2.96811,11.5878
0.914021,-3.00169,11.5082
1.15272,-2.95109,11.5781
-1.06577,-2.84002,11.5388
-0.501424,-2.76002,11.6135
0.113317,-2.8443,11.5929
0.82897,-2.76365,11.4939
-1.74886,-2.59974,11.5696
-1.23413,-2.592,11.5043
-0.986616,-2.59848,11.5398
-0.111511,-2.72488,11.6455
0.0828947,-2.61755,11.4938
0.4467,-2.68481,11.599
1.26035,-2.72554,11.5566
-1.46844,-2.5257,11.5748
-0.675319,-2.58245,11.5898
0.632148,-2.51647,11.5223
1.13856,-2.51161,11.6208
1.52805,-2.57865,11.6029
-1.71758,-2.35062,11.5313
-1.11426,-2.3722,11.5175
-0.656794,-2.33228,11.6122
-0.204235,-2.30794,11.5225
0.0431829,-2.34094,11.5291
1.35036,-2.42137,11.5246
2.03311,-2.30158,11.5603
-1.30414,-2.21042,11.5303
-0.933646,-2.17527,11.6114
0.462666,-2.17029,11.5032
0.723026,-2.19375,11.5141
1.21227,-2.22691,11.6077
1.70992,-2.1859,11.6453
-1.77602,-2.1099,11.5701
-1.25114,-1.97588,11.6031
-0.738334,-1.99638,11.6195
-0.470384,-2.05615,11.6205
-0.159181,-2.0019,11.5563
0.0860785,-2.05356,11.5981
0.839355,-1.97551,11.5503
1.26246,-1.96676,11.5297
-2.28006,-1.85841,11.6228
-1.90711,-1.89674,11.5676
-1.01018,-1.95108,11.4958
0.477458,-1.84697,11.5994
2.31736,-1.84481,11.6145
-2.1,-1.6867,11.5703
-1.62942,-1.74673,11.6378
-1.23072,-1.68722,11.6311
-0.15127,-1.75635,11.6052
0.129076,-1.75559,11.6312
0.746609,-1.76232,11.642
1.16772,-1.69512,11.5679
1.50563,-1.76135,11.4973
1.91158,-1.79379,11.5517
2.66384,-1.7092,11.5513
-2.57607,-1.61836,11.5177
-1.87955,-1.57337,11.6214
-1.0053,-1.5273,11.5615
-0.753129,-1.61089,11.5889
-0.513947,-1.49545,11.4936
-0.274279,-1.56616,11.4967
0.330616,-1.61621,11.582
0.577576,-1.58612,11.5611
1.4807,-1.55601,11.6376
1.68967,-1.5696,11.5009
2.12543,-1.62892,11.584
-2.62343,-1.35757,11.5448
-2.0129,-1.3536,11.6186
-1.25678,-1.43534,11.6146
-0.12183,-1.39228,11.591
0.782864,-1.46381,11.6335
1.27876,-1.43951,11.5475
1.85222,-1.3704,11.5099
2.57125,-1.48956,11.6436
-2.85516,-1.25169,11.5415
-2.44373,-1.19263,11.6052
-1.23502,-1.18091,11.578
-0.988859,-1.26439,11.5185
-0.702917,-1.18205,11.5804
0.0412721,-1.20975,11.5424
0.494178,-1.21959,11.6027
0.975916,-1.32955,11.548
1.6298,-1.3078,11.6219
2.07124,-1.28495,11.6277
2.46074,-1.30942,11.51
-2.13462,-1.05361,11.5688
-1.50842,-1.16003,11.644
-0.454285,-1.14491,11.5979
-0.196482,-1.13827,11.6348
1.20454,-1.11011,11.5223
1.59457,-1.05655,11.4998
1.81683,-1.14335,11.6349
2.01844,-1.07582,11.5019
2.65359,-1.15162,11.527
-1.7287,-0.95592,11.6066
-1.49361,-0.942058,11.5229
-1.25093,-0.891036,11.4925
-0.84881,-0.96712,11.6461
-0.602098,-0.934164,11.6242
-0.326287,-0.945804,11.5182
0.167732,-0.998086,11.503
0.415515,-0.992514,11.5352
0.827961,-0.914936,11.5905
1.36222,-0.905299,11.5404
1.78108,-0.892001,11.5225
2.15519,-0.86982,11.5406
2.9254,-0.969947,11.5229
-2.13428,-0.806145,11.5347
-1.88565,-0.765293,11.5671
-1.60458,-0.738168,11.6151
-0.433145,-0.750161,11.6315
0.0993289,-0.790232,11.6244
0.583551,-0.808311,11.5478
1.19734,-0.718217,11.5588
1.57048,-0.774367,11.5928
2.37055,-0.773314,11.6235
2.8695,-0.716231,11.624
-2.82764,-0.668452,11.5623
-2.57818,-0.65814,11.5768
-2.33044,-0.669727,11.6081
-0.971402,-0.655012,11.5957
0.21635,-0.564008,11.5548
0.756249,-0.590587,11.576
1.6781,-0.55053,11.5626
1.89746,-0.670789,11.5464
2.22176,-0.613715,11.4917
-1.94795,-0.486005,11.5342
-1.70062,-0.492334,11.5681
-1.45928,-0.428823,11.5762
-0.871476,-0.428899,11.5556
-0.448514,-0.503106,11.5963
0.988917,-0.512018,11.507
1.26488,-0.477967,11.5781
2.09601,-0.401631,11.5318
-2.82502,-0.282325,11.6398
-2.34873,-0.342193,11.5655
-2.10361,-0.295333,11.5776
-1.85516,-0.257235,11.4921
-1.18012,-0.344895,11.5724
0.392995,-0.37621,11.6189
0.60872,-0.268032,11.5536
0.853164,-0.350281,11.6407
1.08097,-0.280896,11.555
1.49259,-0.385924,11.5321
1.7047,-0.268974,11.5935
2.44131,-0.371431,11.5874
2.68737,-0.379896,11.6391
-2.65089,-0.108869,11.5597
-1.55684,-0.191544,11.5183
-1.15969,-0.101752,11.6269
-0.802961,-0.195849,11.4967
-0.460346,-0.0838749,11.6064
-0.217782,-0.139126,11.6329
0.0257405,-0.176709,11.562
0.439685,-0.101344,11.6315
1.51523,-0.14011,11.492
2.61474,-0.138641,11.5572
-3.13565,0.0222683,11.4939
-2.90265,-0.0666758,11.5281
-2.42258,-0.00534645,11.5443
-1.9865,-0.0150214,11.5248
-1.74025,-0.0277997,11.5665
-1.40806,0.013614,11.5755
-0.950299,0.00157221,11.5378
0.200097,0.0143929,11.5873
1.02176,0.0480577,11.5549
1.28751,-0.062909,11.5605
2.06889,-0.0293787,11.5564
2.32385,0.0139535,11.5095
-2.88392,0.209406,11.4932
-2.65242,0.141414,11.5613
-1.11636,0.164928,11.6283
-0.535992,0.153805,11.6212
-0.109283,0.20829,11.5818
0.560636,0.103907,11.556
1.50032,0.109359,11.4971
1.72211,0.107287,11.6123
2.53777,0.207787,11.6173
2.86735,0.114624,11.5353
-3.06768,0.373765,11.5407
-2.37709,0.29375,11.5916
-1.93573,0.300266,11.5075
-1.60512,0.39102,11.5798
-1.34974,0.254371,11.6091
-0.807338,0.252113,11.5281
-0.340806,0.260658,11.5037
0.575123,0.345685,11.6303
0.95667,0.287405,11.5243
1.21996,0.260959,11.633
1.6132,0.328564,11.5583
-2.59785,0.410456,11.5626
-2.33091,0.539832,11.5868
-1.85989,0.538592,11.5026
-0.993822,0.39719,11.6091
-0.774093,0.507891,11.5571
-0.41979,0.452851,11.6475
-0.195758,0.481363,11.5404
0.250448,0.402238,11.5656
1.129,0.493225,11.6481
2.04461,0.422072,11.5921
2.68605,0.518928,11.6391
2.92103,0.430101,11.6151
-2.75399,0.688184,11.5738
-1.5096,0.618514,11.5407
-0.985003,0.648606,11.6324
-0.551202,0.605363,11.4997
0.115298,0.611988,11.5769
0.383733,0.6021,11.6344
0.759014,0.55137,11.5024
1.47132,0.649443,11.5561
1.90911,0.628975,11.5565
2.3091,0.676049,11.6116
2.85936,0.677609,11.5374
3.09633,0.589942,11.5356
-3.02543,0.854144,11.587
-2.49748,0.819146,11.5622
-1.94781,0.754793,11.5918
-1.71458,0.841449,11.5641
-1.40968,0.839111,11.6012
-0.766661,0.756874,11.5773
-0.53488,0.847674,11.5569
0.577461,0.729914,11.5417
1.00319,0.728008,11.6205
1.25151,0.72482,11.6482
1.69319,0.780349,11.6397
2.54944,0.709545,11.5514
-2.75768,0.994866,11.6
-1.20841,0.960876,11.5172
-0.72467,0.999039,11.6249
-0.294641,0.901396,11.5149
-0.0623697,0.988974,11.5424
0.630307,0.968213,11.5949
1.17233,0.968727,11.6133
1.40975,0.902671,11.5721
1.8262,0.939145,11.5001
2.19899,0.93656,11.5768
2.43751,0.929579,11.5017
2.72221,0.881255,11.4953
-2.32054,1.14458,11.5153
-2.05508,1.11315,11.5345
-0.489948,1.08456,11.622
-0.248616,1.14641,11.6022
0.169446,1.07627,11.5751
0.450513,1.14135,11.579
1.02357,1.14765,11.5222
1.97123,1.08759,11.6436
-2.85613,1.28332,11.5193
-1.75071,1.19103,11.505
-1.44489,1.28453,11.5227
-1.17309,1.22984,11.5911
-0.93942,1.31813,11.5849
0.852849,1.33037,11.5209
1.65206,1.29042,11.5731
2.19051,1.31144,11.6305
2.45778,1.21421,11.6216
-2.39054,1.37446,11.6054
-1.96328,1.34006,11.5959
-0.719378,1.42448,11.5225
1.098,1.38991,11.589
1.96919,1.44745,11.5825
2.72292,1.37082,11.5625
-0.480747,1.50236,11.5269
-0.242054,1.57854,11.5373
0.193773,1.50443,11.4916
0.431829,1.55998,11.5423
0.671003,1.49428,11.571
1.50414,1.52293,11.5716
2.4207,1.57275,11.5198
-1.99296,1.79333,11.5661
-1.6769,1.65683,11.5938
-1.27757,1.65214,11.5869
-1.04421,1.73704,11.5568
-0.670545,1.65807,11.5967
-0.436038,1.7443,11.5994
0.00771005,1.65854,11.5788
0.234199,1.75991,11.6088
1.0526,1.67405,11.5088
1.68153,1.68012,11.4923
1.92625,1.69503,11.5466
2.61517,1.71638,11.6052
-0.820577,1.83274,11.4997
-0.188635,1.80814,11.6201
0.44031,1.93889,11.6158
0.642008,1.80851,11.4971
0.865855,1.80723,11.6133
1.26103,1.84104,11.6305
1.50155,1.94097,11.5888
1.76354,1.92379,11.6369
2.32917,1.80487,11.6009
-1.80504,2.06712,11.6411
-1.37247,2.05504,11.5358
-0.687194,2.09301,11.6053
-0.12017,2.04829,11.6131
0.212477,2.00772,11.5336
1.94814,2.06576,11.5357
2.39315,2.02716,11.4995
-1.58809,2.18866,11.6161
-1.15165,2.16323,11.5778
-0.90807,2.20988,11.6093
0.0806066,2.1962,11.6309
0.426,2.24322,11.5247
0.836029,2.15256,11.5446
1.15758,2.14525,11.5789
1.80529,2.27035,11.516
-2.05332,2.32167,11.5326
-1.35501,2.30429,11.5438
-0.783501,2.40774,11.5209
-0.434868,2.36833,11.6253
-0.015566,2.39705,11.4987
0.234715,2.39152,11.6038
0.645113,2.28387,11.6379
1.0379,2.39424,11.642
1.57685,2.32042,11.6045
2.13013,2.31866,11.543
-1.65938,2.46098,11.5998
-1.42491,2.54289,11.5702
-1.01445,2.44512,11.6089
-0.198174,2.49687,11.6372
0.442127,2.5776,11.5203
0.680742,2.58409,11.5934
1.23304,2.45618,11.4984
1.87982,2.5113,11.5235
-1.57609,2.74208,11.556
-0.932203,2.66615,11.4955
-0.474171,2.60647,11.5623
1.04975,2.64661,11.5421
-1.19413,2.88823,11.4984
-0.189712,2.74668,11.5898
0.0274198,2.87089,11.5635
0.54787,2.81289,11.5094
0.327771,2.98648,11.6141
-0.370294,3.13608,11.5458
0.619602,3.11179,11.6178
0.196206,-3.22773,11.6919
-0.0138174,-2.9429,11.7839
0.50328,-2.84215,11.785
-1.19508,-2.68477,11.7333
1.00137,-2.71339,11.667
-0.300671,-2.54347,11.6938
-0.0523199,-2.48146,11.7125
0.216601,-2.47559,11.6499
-0.876791,-2.42527,11.6994
-0.384433,-2.28037,11.6935
0.534175,-2.34114,11.6708
0.961545,-2.29809,11.6864
1.51551,-2.33867,11.6937
-2.19818,-2.12114,11.6599
-1.67585,-2.26598,11.7628
-1.15178,-2.21088,11.7282
-0.0928564,-2.18682,11.7106
0.289308,-2.23738,11.6701
-1.44644,-2.11278,11.7122
-1.03745,-1.98907,11.7422
0.310159,-1.98957,11.7239
0.631335,-2.03387,11.6829
1.05768,-2.03639,11.6555
1.99342,-2.03721,11.6679
-0.563321,-1.84128,11.7086
-0.315218,-1.89542,11.7328
-0.0438639,-1.91779,11.7629
1.25884,-1.84335,11.7472
1.47346,-1.94676,11.662
-0.992456,-1.75914,11.6549
0.490647,-1.67379,11.779
0.986571,-1.80158,11.7033
1.69131,-1.74787,11.6763
-1.46609,-1.55905,11.6728
-0.888937,-1.5877,11.8044
-0.426862,-1.63346,11.6828
-0.199157,-1.56197,11.7571
0.082883,-1.51291,11.6687
1.01688,-1.53433,11.6853
1.2644,-1.57066,11.7618
1.89042,-1.56693,11.6595
-2.25531,-1.40631,11.6488
-1.68103,-1.43161,11.6787
-1.05447,-1.3597,11.7403
-0.805924,-1.36934,11.7152
-0.361536,-1.38979,11.6612
0.296484,-1.38357,11.6781
0.541695,-1.41982,11.7445
1.83174,-1.34794,11.779
-2.17525,-1.20095,11.7667
-1.75189,-1.19203,11.6889
-1.34321,-1.27886,11.7891
-0.571027,-1.29558,11.7596
0.0163014,-1.29655,11.7764
0.740484,-1.22045,11.6711
0.936524,-1.31276,11.7963
1.16564,-1.27911,11.7022
1.41574,-1.20917,11.7267
2.47786,-1.22377,11.7442
-1.93836,-1.02867,11.7213
-1.0399,-1.11126,11.7179
0.273365,-1.13477,11.6836
0.982472,-1.10196,11.6514
2.22545,-1.08066,11.6891
-2.56872,-1.0024,11.7086
-2.3093,-0.914114,11.6806
-1.5401,-0.925655,11.768
-1.30249,-0.98533,11.7182
-1.07718,-0.868673,11.6707
-0.393451,-0.963305,11.7584
0.0132428,-1.01669,11.6985
0.60815,-1.00975,11.6936
1.15854,-0.928372,11.6877
1.65585,-0.969144,11.7253
1.95912,-0.863983,11.6955
2.51157,-0.978239,11.6776
-2.01321,-0.797855,11.7824
-0.749979,-0.739239,11.6751
-0.16329,-0.828373,11.6667
0.323888,-0.847959,11.7171
0.716902,-0.761624,11.754
0.965675,-0.714466,11.6551
1.39769,-0.813603,11.7701
1.7574,-0.716614,11.7482
2.61554,-0.731763,11.6494
-2.11168,-0.585443,11.6948
-1.86125,-0.592028,11.7455
-1.26676,-0.70587,11.6636
-0.227228,-0.585305,11.6776
0.0205038,-0.571771,11.7175
0.436052,-0.63474,11.6506
1.23802,-0.621102,11.7851
1.46643,-0.572331,11.6965
-2.52606,-0.428064,11.7191
-1.29101,-0.474607,11.7552
-1.04145,-0.465084,11.7421
-0.67767,-0.500834,11.6956
0.601759,-0.463091,11.7252
1.06204,-0.450018,11.7378
1.88068,-0.435924,11.654
2.25177,-0.491108,11.7073
-1.81051,-0.333368,11.7267
-1.56883,-0.390749,11.7975
-0.958128,-0.235795,11.6884
-0.655349,-0.251017,11.6905
-0.412821,-0.294928,11.732
-0.108635,-0.366817,11.6525
0.149807,-0.358519,11.6802
1.31571,-0.267005,11.702
1.54472,-0.339649,11.7721
-2.44528,-0.176955,11.7268
-1.94656,-0.121089,11.7477
-1.37194,-0.22091,11.6839
0.242479,-0.147879,11.7776
0.579494,-0.225082,11.7982
0.970772,-0.130996,11.7217
1.85926,-0.0913842,11.6772
2.31212,-0.174023,11.6739
-2.19457,-0.0773281,11.6622
-1.56795,-0.077604,11.7441
-0.72651,-0.0130921,11.6492
-0.0355131,0.0106801,11.7155
0.530261,0.0650304,11.801
0.712415,-0.0661356,11.6585
1.16502,0.0275071,11.7587
1.53537,-0.024779,11.7128
-2.29224,0.112489,11.7935
-2.09504,0.173889,11.6526
-1.71734,0.18152,11.7012
-0.897734,0.184806,11.7511
-0.303241,0.0920685,11.6887
0.10872,0.214456,11.7059
0.354166,0.196308,11.6622
0.76999,0.192413,11.6605
1.00812,0.222125,11.7599
1.45235,0.220076,11.7158
1.96983,0.12804,11.7232
2.21838,0.138279,11.6989
2.82464,0.142602,11.7798
-2.196,0.375393,11.8007
-0.675723,0.344913,11.7191
1.82992,0.331179,11.6824
-2.06394,0.527883,11.6531
-1.83353,0.402904,11.7111
-1.20237,0.527263,11.6543
-0.858482,0.500507,11.7921
-0.229573,0.489665,11.8051
-0.00966035,0.434416,11.7005
0.885198,0.454956,11.6953
1.38282,0.45945,11.6925
1.66636,0.536415,11.6863
2.36798,0.394212,11.6656
-1.71213,0.620458,11.6871
-1.43939,0.671137,11.7838
-0.626761,0.625758,11.7372
-0.358238,0.701096,11.6559
-0.106673,0.673996,11.674
0.640407,0.568617,11.7219
2.09925,0.627151,11.7422
-1.79322,0.826761,11.8022
-1.18353,0.787198,11.6953
0.273943,0.820452,11.6865
0.511848,0.825126,11.7631
0.769825,0.78031,11.6928
1.48371,0.778803,11.7763
1.98702,0.839088,11.6675
-2.44394,1.01472,11.7308
-2.18061,0.93274,11.6897
-0.954368,0.900701,11.6581
-0.445753,0.899756,11.7845
-0.203087,0.94659,11.7454
0.0377035,0.878797,11.7429
0.878647,1.00346,11.6656
2.60182,0.989099,11.6853
-1.86008,1.023,11.6622
-1.61246,1.05318,11.6796
-1.38147,1.14353,11.7189
-1.1591,1.03411,11.7508
-0.929012,1.13146,11.7506
-0.0225344,1.17467,11.7049
0.263657,1.04319,11.804
1.39332,1.13406,11.665
1.68736,1.06156,11.668
-2.199,1.25498,11.7165
-0.678432,1.23738,11.6843
-0.416148,1.316,11.68
0.173644,1.32436,11.6641
0.699973,1.19643,11.6703
1.15832,1.19122,11.7282
-2.64261,1.37863,11.6581
-1.72554,1.34774,11.7158
-1.12131,1.46504,11.6754
-0.603764,1.46808,11.7445
-0.172695,1.37272,11.6791
0.486812,1.36377,11.6868
1.41332,1.36995,11.747
-2.24216,1.568,11.6572
-1.89913,1.57016,11.6695
-1.49087,1.49216,11.6522
-0.886347,1.55008,11.6614
-0.369049,1.55416,11.751
0.264596,1.5462,11.7346
0.904972,1.53494,11.6546
1.23187,1.59602,11.6693
-1.46685,1.72694,11.7313
0.567251,1.69149,11.7061
1.47141,1.7263,11.7133
-2.42691,1.81095,11.6577
-1.80361,1.82875,11.7274
-1.58395,1.94752,11.7171
-1.19893,1.91956,11.6562
-0.627934,1.8752,11.7129
1.04439,1.94452,11.7298
-0.922361,1.971,11.6815
-0.441001,2.06466,11.6499
0.680351,1.99445,11.6596
-1.39317,2.15399,11.7684
-0.252208,2.22932,11.7338
0.34071,2.14109,11.7367
-0.75442,2.60108,11.6806
0.283135,2.61395,11.7092
-0.541298,2.89382,11.6824
0.739653,2.8531,11.6678
-1.86054,-1.84399,11.8074
1.31942,-1.7198,11.9559
0.243893,-1.63889,11.8203
0.827632,-1.61531,11.8272
-0.34889,-1.20025,11.8244
-0.694077,-1.07866,11.8077
0.484162,-1.16682,11.8468
1.19872,-1.09495,11.8698
-0.172016,-1.00676,11.8658
0.293492,-1.01412,11.9015
0.942524,-0.912091,11.8125
-2.55381,-0.749795,11.808
-0.927352,-0.774909,11.8476
-0.570135,-0.804398,11.8357
-0.311642,-0.745583,11.8499
-0.00063979,-0.793793,11.8533
0.519329,-0.859354,11.8723
-0.482706,-0.563775,11.8386
-0.137968,-0.575861,11.9107
0.24454,-0.630544,11.8111
0.0867746,-0.429071,11.9116
0.331511,-0.401646,11.8597
0.83833,-0.538197,11.8062
-0.212782,-0.332267,11.8771
0.82051,-0.264028,11.8729
1.13234,-0.249313,11.8711
-0.802314,-0.133276,11.8548
-0.536394,-0.0925164,11.8444
-0.287593,-0.0834162,11.8664
-0.000460412,-0.214298,11.8184
-1.06766,0.0176068,11.8261
0.848437,0.0466798,11.8477
-1.35151,0.0885429,11.8072
-0.653083,0.128427,11.8416
-0.144298,0.224983,11.8285
0.249924,0.0857338,11.8674
-1.10135,0.323122,11.8222
-0.427679,0.267914,11.8154
0.0431382,0.32302,11.9618
0.709864,0.353825,11.8415
-1.35034,0.401488,11.8116
-0.630558,0.468677,11.9314
0.214708,0.425479,11.8117
0.463344,0.433446,11.8358
-1.09447,0.620971,11.8593
-0.424697,0.623725,11.8841
0.131813,0.661037,11.8214
1.13851,0.658385,11.861
-0.805262,0.785517,11.8225
-0.170987,0.707429,11.9132
1.05825,0.990472,11.8388
0.525558,1.07123,11.8066
-0.262548,1.21717,11.8527
-4.0,-4.0,-1.1
-4.0,-4.0,-1.1
-4.0,-4.0,-1.1
-4.0,-4.0,-1.1
-4.0,-4.0,-1.1
-4.0,-4.0,-1.1
-4.0,-4.0,-1.1
-4.0,-4.0,-1.1
-4.0,-4.0,-1.1
-4.0,-4.0,-1.1
-4.0,-4.0,-1.1
-4.0,-4.0,-1.1
-4.0,-4.0,-1.1
-4.0,-4.0,-1.1
-4.0,-4.0,-1.1
-4.0,-4.0,-1.1
-4.0,-4.0,-1.1
-4.0,-4.0,-1.1
-4.0,-4.0,-1.1
-4.0,-4.0,-1.1
-4.0,-4.0,-1.1
-4.0,-4.0,-1.1
-4.0,-4.0,-1.1
-4.0,-4.0,-1.1
-4.0,-4.0,-1.1
-4.0,-4.0,-1.1
-4.0,-4.0,-1.1
-4.0,-4.0,-1.1
-4.0,-4.0,-1.1
-4.0,-4.0,-1.1
-4.0,-4.0,-1.1
-4.0,-4.0,-1.1
-4.0,-4.0,-1.1
-4.0,-4.0,-1.1
-4.0,-4.0,-1.1
-4.0,-4.0,-1.1
-4.0,-4.0,-1.1
-4.0,-4.0,-1.1
-4.0,-4.0,-1.1
-4.0,-4.0,-1.1
-4.0,-4.0,-1.1
-4.0,-4.0,-1.1
-4.0,-4.0,-1.1
-4.0,-4.0,-1.1
-4.0,-4.0,-1.1
-4.0,-4.0,-1.1
-4.0,-4.0,-1.1
-4.0,-4.0,-1.1
-4.0,-4.0,-1.1
-4.0,-4.0,-1.1
-4.0,-4.0,-1.1
-4.0,-4.0,-1.1
-4.0,-4.0,-1.1
-4.0,-4.0,-1.1
-4.0,-4.0,-1.1
-4.0,-4.0,-1.1
-4.0,-4.0,-1.1
-4.0,-4.0,-1.1
-4.0,-4.0,-1.1
-4.0,-4.0,-1.1
-4.0,-4.0,-1.1
-4.0,-4.0,-1.1
-4.0,-4.0,-1.1
-4.0,-4.0,-1.1
-4.0,-4.0,-1.1
-4.0,-4.0,-1.1
-4.0,-4.0,-1.1
-4.0,-4.0,-1.1
-4.0,-4.0,-1.1
-4.0,-4.0,-1.1
-4.0,-4.0,-1.1
-4.0,-4.0,-1.1
-4.0,-4.0,-1.1
-4.0,-4.0,-1.1
-4.0,-4.0,-1.1
-4.0,-4.0,-1.1
-4.0,-4.0,-1.1
-4.0,-4.0,-1.1
-4.0,-4.0,-1.1
-4.0,-4.0,-1.1
-4.0,-4.0,-1.1
-4.0,-4.0,-1.1
-4.0,-4.0,-1.1
-4.0,-4.0,-1.1
-4.0,-4.0,-1.1
-4.0,-4.0,-1.1
-4.0,-4.0,-1.1
-4.0,-4.0,-1.1
-4.0,-4.0,-1.1
-4.0,-4.0,-1.1
-4.0,-4.0,-1.1
-4.0,-4.0,-1.1
-4.0,-4.0,-1.1
-4.0,-4.0,-1.1
-4.0,-4.0,-1.1
-4.0,-4.0,-1.1
-4.0,-4.0,-1.1
-4.0,-4.0,-1.1
-4.0,-4.0,-1.1
-4.0,-4.0,-1.1
-4.0,-4.0,-1.1
-4.0,-4.0,-1.1
-4.0,-4.0,-1.1
-4.0,-4.0,-1.1
-4.0,-4.0,-1.1
-4.0,-4.0,-1.1
-4.0,-4.0,-1.1
-4.0,-4.0,-1.1
-4.0,-4.0,-1.1
-4.0,-4.0,-1.1
-4.0,-4.0,-1.1
-4.0,-4.0,-1.1
-4.0,-4.0,-1.1
-4.0,-4.0,-1.1
-4.0,-4.0,-1.1
-4.0,-4.0,-1.1
-4.0,-4.0,-1.1
-4.0,-4.0,-1.1
-4.0,-4.0,-1.1
-4.0,-4.0,-1.1
-4.0,-4.0,-1.1
-4.0,-4.0,-1.1
-4.0,-4.0,-1.1
-4.0,-4.0,-1.1
-4.0,-4.0,-1.1
-4.0,-4.0,-1.1
-4.0,-4.0,-1.1
-4.0,-4.0,-1.1
-4.0,-4.0,-1.1
-4.0,-4.0,-1.1
-4.0,-4.0,-1.1
-4.0,-4.0,-1.1
-4.0,-4.0,-1.1
-4.0,-4.0,-1.1
-4.0,-4.0,-1.1
-4.0,-4.0,-1.1
-4.0,-4.0,-1.1
-4.0,-4.0,-1.1
-4.0,-4.0,-1.1
-4.0,-4.0,-1.1
-4.0,-4.0,-1.1
-4.0,-4.0,-1.1
-4.0,-4.0,-1.1
-4.0,-4.0,-1.1
-4.0,-4.0,-1.1
-4.0,-4.0,-1.1
-4.0,-4.0,-1.1
-4.0,-4.0,-1.1
-4.0,-4.0,-1.1
-4.0,-4.0,-1.1
-4.0,-4.0,-1.1
-4.0,-4.0,-1.1
-4.0,-4.0,-1.1
-4.0,-4.0,-1.1
-4.0,-4.0,-1.1
-4.0,-4.0,-1.1
-4.0,-4.0,-1.1
-4.0,-4.0,-1.1
-4.0,-4.0,-1.1
-4.0,-4.0,-1.1
-4.0,-4.0,-1.1
-4.0,-4.0,-1.1
-4.0,-4.0,-1.1
-4.0,-4.0,-1.1
-4.0,-4.0,-1.1
-4.0,-4.0,-1.1
-4.0,-4.0,-1.1
-4.0,-4.0,-1.1
-4.0,-4.0,-1.1
-4.0,-4.0,-1.1
-4.0,-4.0,-1.1
-4.0,-4.0,-1.1
-4.0,-4.0,-1.1
-4.0,-4.0,-1.1
-4.0,-4.0,-1.1
-4.0,-4.0,-1.1
-4.0,-4.0,-1.1
-4.0,-4.0,-1.1
-4.0,-4.0,-1.1
-4.0,-4.0,-1.1
-4.0,-4.0,-1.1
-4.0,-4.0,-1.1
-4.0,-4.0,-1.1
-4.0,-4.0,-1.1
-4.0,-4.0,-1.1
-4.0,-4.0,-1.1
-4.0,-4.0,-1.1
-4.0,-4.0,-1.1
-4.0,-4.0,-1.1
-4.0,-4.0,-1.1
-4.0,-4.0,-1.1
-4.0,-4.0,-1.1
-4.0,-4.0,-1.1
-4.0,-4.0,-1.1
-4.0,-4.0,-1.1
-4.0,-4.0,-1.1
-4.0,-4.0,-1.1
-4.0,-4.0,-1.1
-4.0,-4.0,-1.1
-4.0,-4.0,-1.1
-4.0,-4.0,-1.1
-4.0,-4.0,-1.1
-4.0,-4.0,-1.1
-4.0,-4.0,-1.1
-4.0,-4.0,-1.1
-4.0,-4.0,-1.1
-4.0,-4.0,-1.1
-4.0,-4.0,-1.1
-4.0,-4.0,-1.1
-4.0,-4.0,-1.1
-4.0,-4.0,-1.1
-4.0,-4.0,-1.1
-4.0,-4.0,-1.1
-4.0,-4.0,-1.1
-4.0,-4.0,-1.1
-4.0,-4.0,-1.1
-4.0,-4.0,-1.1
-4.0,-4.0,-1.1
-4.0,-4.0,-1.1
-4.0,-4.0,-1.1
-4.0,-4.0,-1.1
-4.0,-4.0,-1.1
-4.0,-4.0,-1.1
-4.0,-4.0,-1.1
-4.0,-4.0,-1.1
-4.0,-4.0,-1.1
-4.0,-4.0,-1.1
-4.0,-4.0,-1.1
-4.0,-4.0,-1.1
-4.0,-4.0,-1.1
-4.0,-4.0,-1.1
-4.0,-4.0,-1.1
-4.0,-4.0,-1.1
-4.0,-4.0,-1.1
-4.0,-4.0,-1.1
-4.0,-4.0,-1.1
-4.0,-4.0,-1.1
-4.0,-4.0,-1.1
-4.0,-4.0,-1.1
-4.0,-4.0,-1.1
-4.0,-4.0,-1.1
-4.0,-4.0,-1.1
-4.0,-4.0,-1.1
-4.0,-4.0,-1.1
-4.0,-4.0,-1.1
-4.0,-4.0,-1.1
-4.0,-4.0,-1.1
-4.0,-4.0,-1.1
-4.0,-4.0,-1.1
-4.0,-4.0,-1.1
-4.0,-4.0,-1.1
-4.0,-4.0,-1.1
-4.0,-4.0,-1.1
-4.0,-4.0,-1.1
-4.0,-4.0,-1.1
-4.0,-4.0,-1.1
-4.0,-4.0,-1.1
-4.0,-4.0,-1.1
-4.0,-4.0,-1.1
-4.0,-4.0,-1.1
-4.0,-4.0,-1.1
-4.0,-4.0,-1.1
-4.0,-4.0,-1.1
-4.0,-4.0,-1.1
-4.0,-4.0,-1.1
-4.0,-4.0,-1.1
-4.0,-4.0,-1.1
-4.0,-4.0,-1.1
-4.0,-4.0,-1.1
-4.0,-4.0,-1.1
-4.0,-4.0,-1.1
-4.0,-4.0,-1.1
-4.0,-4.0,-1.1
-4.0,-4.0,-1.1
-4.0,-4.0,-1.1
-4.0,-4.0,-1.1
-4.0,-4.0,-1.1
-4.0,-4.0,-1.1
-4.0,-4.0,-1.1
-4.0,-4.0,-1.1
-4.0,-4.0,-1.1
-4.0,-4.0,-1.1
-4.0,-4.0,-1.1
-4.0,-4.0,-1.1
-4.0,-4.0,-1.1
-4.0,-4.0,-1.1
-4.0,-4.0,-1.1
-4.0,-4.0,-1.1
-4.0,-4.0,-1.1
-4.0,-4.0,-1.1
-4.0,-4.0,-1.1
-4.0,-4.0,-1.1
-4.0,-4.0,-1.1
-4.0,-4.0,-1.1
-4.0,-4.0,-1.1
-4.0,-4.0,-1.1
-4.0,-4.0,-1.1
-4.0,-4.0,-1.1
-4.0,-4.0,-1.1
-4.0,-4.0,-1.1
-4.0,-4.0,-1.1
-4.0,-4.0,-1.1
-4.0,-4.0,-1.1
-4.0,-4.0,-1.1
-4.0,-4.0,-1.1
-4.0,-4.0,-1.1
-4.0,-4.0,-1.1
-4.0,-4.0,-1.1
-4.0,-4.0,-1.1
-4.0,-4.0,-1.1
-4.0,-4.0,-1.1
-4.0,-4.0,-1.1
-4.0,-4.0,-1.1
-4.0,-4.0,-1.1
-4.0,-4.0,-1.1
-4.0,-4.0,-1.1
-4.0,-4.0,-1.1
-4.0,-4.0,-1.1
-4.0,-4.0,-1.1
-4.0,-4.0,-1.1
-4.0,-4.0,-1.1
-4.0,-4.0,-1.1
-4.0,-4.0,-1.1
-4.0,-4.0,-1.1
-4.0,-4.0,-1.1
-4.0,-4.0,-1.1
-4.0,-4.0,-1.1
-4.0,-4.0,-1.1
-4.0,-4.0,-1.1
-4.0,-4.0,-1.1
-4.0,-4.0,-1.1
-4.0,-4.0,-1.1
-4.0,-4.0,-1.1
-4.0,-4.0,-1.1
-4.0,-4.0,-1.1
-4.0,-4.0,-1.1
-4.0,-4.0,-1.1
-4.0,-4.0,-1.1
-4.0,-4.0,-1.1
-4.0,-4.0,-1.1
-4.0,-4.0,-1.1
-4.0,-4.0,-1.1
-4.0,-4.0,-1.1
-4.0,-4.0,-1.1
-4.0,-4.0,-1.1
-4.0,-4.0,-1.1
-4.0,-4.0,-1.1
-4.0,-4.0,-1.1
-4.0,-4.0,-1.1
-4.0,-4.0,-1.1
-4.0,-4.0,-1.1
-4.0,-4.0,-1.1
-4.0,-4.0,-1.1
-4.0,-4.0,-1.1
-4.0,-4.0,-1.1
-4.0,-4.0,-1.1
-4.0,-4.0,-1.1
-4.0,-4.0,-1.1
-4.0,-4.0,-1.1
-4.0,-4.0,-1.1
-4.0,-4.0,-1.1
-4.0,-4.0,-1.1
-4.0,-4.0,-1.1
-4.0,-4.0,-1.1
-4.0,-4.0,-1.1
-4.0,-4.0,-1.1
-4.0,-4.0,-1.1
-4.0,-4.0,-1.1
-4.0,-4.0,-1.1
-4.0,-4.0,-1.1
-4.0,-4.0,-1.1
-4.0,-4.0,-1.1
-4.0,-4.0,-1.1
-4.0,-4.0,-1.1
-4.0,-4.0,-1.1
-4.0,-4.0,-1.1
-4.0,-4.0,-1.1
-4.0,-4.0,-1.1
-4.0,-4.0,-1.1
-4.0,-4.0,-1.1
-4.0,-4.0,-1.1
-4.0,-4.0,-1.1
-4.0,-4.0,-1.1
-4.0,-4.0,-1.1
-4.0,-4.0,-1.1
-4.0,-4.0,-1.1
-4.0,-4.0,-1.1
-4.0,-4.0,-1.1
-4.0,-4.0,-1.1
-4.0,-4.0,-1.1
-4.0,-4.0,-1.1
-4.0,-4.0,-1.1
-4.0,-4.0,-1.1
-4.0,-4.0,-1.1
-4.0,-4.0,-1.1
-4.0,-4.0,-1.1
-4.0,-4.0,-1.1
-4.0,-4.0,-1.1
-4.0,-4.0,-1.1
-4.0,-4.0,-1.1
-4.0,-4.0,-1.1
-4.0,-4.0,-1.1
-4.0,-4.0,-1.1
-4.0,-4.0,-1.1
-4.0,-4.0,-1.1
-4.0,-4.0,-1.1
-4.0,-4.0,-1.1
-4.0,-4.0,-1.1
-4.0,-4.0,-1.1
-4.0,-4.0,-1.1
-4.0,-4.0,-1.1
-4.0,-4.0,-1.1
-4.0,-4.0,-1.1
-4.0,-4.0,-1.1
-4.0,-4.0,-1.1
-4.0,-4.0,-1.1
-4.0,-4.0,-1.1
-4.0,-4.0,-1.1
-4.0,-4.0,-1.1
-4.0,-4.0,-1.1
-4.0,-4.0,-1.1
-4.0,-4.0,-1.1
-4.0,-4.0,-1.1
-4.0,-4.0,-1.1
-4.0,-4.0,-1.1
-4.0,-4.0,-1.1
-4.0,-4.0,-1.1
-4.0,-4.0,-1.1
-4.0,-4.0,-1.1
-4.0,-4.0,-1.1
-4.0,-4.0,-1.1
-4.0,-4.0,-1.1
-4.0,-4.0,-1.1
-4.0,-4.0,-1.1
-4.0,-4.0,-1.1
-4.0,-4.0,-1.1
-4.0,-4.0,-1.1
-4.0,-4.0,-1.1
-4.0,-4.0,-1.1
-4.0,-4.0,-1.1
-4.0,-4.0,-1.1
-4.0,-4.0,-1.1
-4.0,-4.0,-1.1
-4.0,-4.0,-1.1
-4.0,-4.0,-1.1
-4.0,-4.0,-1.1
-4.0,-4.0,-1.1
-4.0,-4.0,-1.1
-4.0,-4.0,-1.1
-4.0,-4.0,-1.1
-4.0,-4.0,-1.1
-4.0,-4.0,-1.1
-4.0,-4.0,-1.1
-4.0,-4.0,-1.1
-4.0,-4.0,-1.1
-4.0,-4.0,-1.1
-4.0,-4.0,-1.1
-4.0,-4.0,-1.1
-4.0,-4.0,-1.1
-4.0,-4.0,-1.1
-4.0,-4.0,-1.1
-4.0,-4.0,-1.1
-4.0,-4.0,-1.1
-4.0,-4.0,-1.1
-4.0,-4.0,-1.1
-4.0,-4.0,-1.1
-4.0,-4.0,-1.1
-4.0,-4.0,-1.1
-4.0,-4.0,-1.1
-4.0,-4.0,-1.1
-4.0,-4.0,-1.1
-4.0,-4.0,-1.1
-4.0,-4.0,-1.1
-4.0,-4.0,-1.1
-4.0,-4.0,-1.1
-4.0,-4.0,-1.1
-4.0,-4.0,-1.1
-4.0,-4.0,-1.1
-4.0,-4.0,-1.1
-4.0,-4.0,-1.1
-4.0,-4.0,-1.1
-4.0,-4.0,-1.1
-4.0,-4.0,-1.1
-4.0,-4.0,-1.1
-4.0,-4.0,-1.1
-4.0,-4.0,-1.1
-4.0,-4.0,-1.1
-4.0,-4.0,-1.1
-4.0,-4.0,-1.1
-4.0,-4.0,-1.1
-4.0,-4.0,-1.1
-4.0,-4.0,-1.1
-4.0,-4.0,-1.1
-4.0,-4.0,-1.1
-4.0,-4.0,-1.1
-4.0,-4.0,-1.1
-4.0,-4.0,-1.1
-4.0,-4.0,-1.1
-4.0,-4.0,-1.1
-4.0,-4.0,-1.1
-4.0,-4.0,-1.1
-4.0,-4.0,-1.1
-4.0,-4.0,-1.1
-4.0,-4.0,-1.1
-4.0,-4.0,-1.1
-4.0,-4.0,-1.1
-4.0,-4.0,-1.1
-4.0,-4.0,-1.1
-4.0,-4.0,-1.1
-4.0,-4.0,-1.1
-4.0,-4.0,-1.1
-4.0,-4.0,-1.1
-4.0,-4.0,-1.1
-4.0,-4.0,-1.1
-4.0,-4.0,-1.1
-4.0,-4.0,-1.1
-4.0,-4.0,-1.1
-4.0,-4.0,-1.1
-4.0,-4.0,-1.1
-4.0,-4.0,-1.1
-4.0,-4.0,-1.1
-4.0,-4.0,-1.1
-4.0,-4.0,-1.1
-4.0,-4.0,-1.1
-4.0,-4.0,-1.1
-4.0,-4.0,-1.1
-4.0,-4.0,-1.1
-4.0,-4.0,-1.1
-4.0,-4.0,-1.1
-4.0,-4.0,-1.1
-4.0,-4.0,-1.1
-4.0,-4.0,-1.1
-4.0,-4.0,-1.1
-4.0,-4.0,-1.1
-4.0,-4.0,-1.1
-4.0,-4.0,-1.1
-4.0,-4.0,-1.1
-4.0,-4.0,-1.1
-4.0,-4.0,-1.1
-4.0,-4.0,-1.1
-4.0,-4.0,-1.1
-4.0,-4.0,-1.1
-4.0,-4.0,-1.1
-4.0,-4.0,-1.1
-4.0,-4.0,-1.1
-4.0,-4.0,-1.1
-4.0,-4.0,-1.1
-4.0,-4.0,-1.1
-4.0,-4.0,-1.1
-4.0,-4.0,-1.1
-4.0,-4.0,-1.1
-4.0,-4.0,-1.1
-4.0,-4.0,-1.1
-4.0,-4.0,-1.1
-4.0,-4.0,-1.1
-4.0,-4.0,-1.1
-4.0,-4.0,-1.1
-4.0,-4.0,-1.1
-4.0,-4.0,-1.1
-4.0,-4.0,-1.1
-4.0,-4.0,-1.1
-4.0,-4.0,-1.1
-4.0,-4.0,-1.1
-4.0,-4.0,-1.1
-4.0,-4.0,-1.1
-4.0,-4.0,-1.1
-4.0,-4.0,-1.1
-4.0,-4.0,-1.1
-4.0,-4.0,-1.1
-4.0,-4.0,-1.1
-4.0,-4.0,-1.1
-4.0,-4.0,-1.1
-4.0,-4.0,-1.1
-4.0,-4.0,-1.1
-4.0,-4.0,-1.1
-4.0,-4.0,-1.1
-4.0,-4.0,-1.1
-4.0,-4.0,-1.1
-4.0,-4.0,-1.1
-4.0,-4.0,-1.1
-4.0,-4.0,-1.1
-4.0,-4.0,-1.1
-4.0,-4.0,-1.1
-4.0,-4.0,-1.1
-4.0,-4.0,-1.1
-4.0,-4.0,-1.1
-4.0,-4.0,-1.1
-4.0,-4.0,-1.1
-4.0,-4.0,-1.1
-4.0,-4.0,-1.1
-4.0,-4.0,-1.1
-4.0,-4.0,-1.1
-4.0,-4.0,-1.1
-4.0,-4.0,-1.1
-4.0,-4.0,-1.1
-4.0,-4.0,-1.1
-4.0,-4.0,-1.1
-4.0,-4.0,-1.1
-4.0,-4.0,-1.1
-4.0,-4.0,-1.1
-4.0,-4.0,-1.1
-4.0,-4.0,-1.1
-4.0,-4.0,-1.1
-4.0,-4.0,-1.1
-4.0,-4.0,-1.1
-4.0,-4.0,-1.1
-4.0,-4.0,-1.1
-4.0,-4.0,-1.1
-4.0,-4.0,-1.1
-4.0,-4.0,-1.1
-4.0,-4.0,-1.1
-4.0,-4.0,-1.1
-4.0,-4.0,-1.1
-4.0,-4.0,-1.1
-4.0,-4.0,-1.1
-4.0,-4.0,-1.1
-4.0,-4.0,-1.1
-4.0,-4.0,-1.1
-4.0,-4.0,-1.1
-4.0,-4.0,-1.1
-4.0,-4.0,-1.1
-4.0,-4.0,-1.1
-4.0,-4.0,-1.1
-4.0,-4.0,-1.1
-4.0,-4.0,-1.1
-4.0,-4.0,-1.1
-4.0,-4.0,-1.1
-4.0,-4.0,-1.1
-4.0,-4.0,-1.1
-4.0,-4.0,-1.1
-4.0,-4.0,-1.1
-4.0,-4.0,-1.1
-4.0,-4.0,-1.1
-4.0,-4.0,-1.1
-4.0,-4.0,-1.1
-4.0,-4.0,-1.1
-4.0,-4.0,-1.1
-4.0,-4.0,-1.1
-4.0,-4.0,-1.1
-4.0,-4.0,-1.1
-4.0,-4.0,-1.1
-4.0,-4.0,-1.1
-4.0,-4.0,-1.1
-4.0,-4.0,-1.1
-4.0,-4.0,-1.1
-4.0,-4.0,-1.1
-4.0,-4.0,-1.1
-4.0,-4.0,-1.1
-4.0,-4.0,-1.1
-4.0,-4.0,-1.1
-4.0,-4.0,-1.1
-4.0,-4.0,-1.1
-4.0,-4.0,-1.1
-4.0,-4.0,-1.1
-4.0,-4.0,-1.1
-4.0,-4.0,-1.1
-4.0,-4.0,-1.1
-4.0,-4.0,-1.1
-4.0,-4.0,-1.1
-4.0,-4.0,-1.1
-4.0,-4.0,-1.1
-4.0,-4.0,-1.1
-4.0,-4.0,-1.1
-4.0,-4.0,-1.1
-4.0,-4.0,-1.1
-4.0,-4.0,-1.1
-4.0,-4.0,-1.1
-4.0,-4.0,-1.1
-4.0,-4.0,-1.1
-4.0,-4.0,-1.1
-4.0,-4.0,-1.1
-4.0,-4.0,-1.1
-4.0,-4.0,-1.1
-4.0,-4.0,-1.1
-4.0,-4.0,-1.1
-4.0,-4.0,-1.1
-4.0,-4.0,-1.1
-4.0,-4.0,-1.1
-4.0,-4.0,-1.1
-4.0,-4.0,-1.1
-4.0,-4.0,-1.1
-4.0,-4.0,-1.1
-4.0,-4.0,-1.1
-4.0,-4.0,-1.1
-4.0,-4.0,-1.1
-4.0,-4.0,-1.1
-4.0,-4.0,-1.1
-4.0,-4.0,-1.1
-4.0,-4.0,-1.1
-4.0,-4.0,-1.1
-4.0,-4.0,-1.1
-4.0,-4.0,-1.1
-4.0,-4.0,-1.1
-4.0,-4.0,-1.1
-4.0,-4.0,-1.1
-4.0,-4.0,-1.1
-4.0,-4.0,-1.1
-4.0,-4.0,-1.1
-4.0,-4.0,-1.1
-4.0,-4.0,-1.1
-4.0,-4.0,-1.1
-4.0,-4.0,-1.1
-4.0,-4.0,-1.1
-4.0,-4.0,-1.1
-4.0,-4.0,-1.1
-4.0,-4.0,-1.1
-4.0,-4.0,-1.1
-4.0,-4.0,-1.1
-4.0,-4.0,-1.1
-4.0,-4.0,-1.1
-4.0,-4.0,-1.1
-4.0,-4.0,-1.1
-4.0,-4.0,-1.1
-4.0,-4.0,-1.1
-4.0,-4.0,-1.1
-4.0,-4.0,-1.1
-4.0,-4.0,-1.1
-4.0,-4.0,-1.1
-4.0,-4.0,-1.1
-4.0,-4.0,-1.1
-4.0,-4.0,-1.1
-4.0,-4.0,-1.1
-4.0,-4.0,-1.1
-4.0,-4.0,-1.1
-4.0,-4.0,-1.1
-4.0,-4.0,-1.1
-4.0,-4.0,-1.1
-4.0,-4.0,-1.1
-4.0,-4.0,-1.1
-4.0,-4.0,-1.1
-4.0,-4.0,-1.1
-4.0,-4.0,-1.1
-4.0,-4.0,-1.1
-4.0,-4.0,-1.1
-4.0,-4.0,-1.1
-4.0,-4.0,-1.1
-4.0,-4.0,-1.1
-4.0,-4.0,-1.1
-4.0,-4.0,-1.1
-4.0,-4.0,-1.1
-4.0,-4.0,-1.1
-4.0,-4.0,-1.1
-4.0,-4.0,-1.1
-4.0,-4.0,-1.1
-4.0,-4.0,-1.1
-4.0,-4.0,-1.1
-4.0,-4.0,-1.1
-4.0,-4.0,-1.1
-4.0,-4.0,-1.1
-4.0,-4.0,-1.1
-4.0,-4.0,-1.1
-4.0,-4.0,-1.1
-4.0,-4.0,-1.1
-4.0,-4.0,-1.1
-4.0,-4.0,-1.1
-4.0,-4.0,-1.1
-4.0,-4.0,-1.1
-4.0,-4.0,-1.1
-4.0,-4.0,-1.1
-4.0,-4.0,-1.1
-4.0,-4.0,-1.1
-4.0,-4.0,-1.1
-4.0,-4.0,-1.1
-4.0,-4.0,-1.1
-4.0,-4.0,-1.1
-4.0,-4.0,-1.1
-4.0,-4.0,-1.1
-4.0,-4.0,-1.1
-4.0,-4.0,-1.1
-4.0,-4.0,-1.1
-4.0,-4.0,-1.1
-4.0,-4.0,-1.1
-4.0,-4.0,-1.1
-4.0,-4.0,-1.1
-4.0,-4.0,-1.1
-4.0,-4.0,-1.1
-4.0,-4.0,-1.1
-4.0,-4.0,-1.1
-4.0,-4.0,-1.1
-4.0,-4.0,-1.1
-4.0,-4.0,-1.1
-4.0,-4.0,-1.1
-4.0,-4.0,-1.1
-4.0,-4.0,-1.1
-4.0,-4.0,-1.1
-4.0,-4.0,-1.1
-4.0,-4.0,-1.1
-4.0,-4.0,-1.1
-4.0,-4.0,-1.1
-4.0,-4.0,-1.1
-4.0,-4.0,-1.1
-4.0,-4.0,-1.1
-4.0,-4.0,-1.1
-4.0,-4.0,-1.1
-4.0,-4.0,-1.1
-4.0,-4.0,-1.1
-4.0,-4.0,-1.1
-4.0,-4.0,-1.1
-4.0,-4.0,-1.1
-4.0,-4.0,-1.1
-4.0,-4.0,-1.1
-4.0,-4.0,-1.1
-4.0,-4.0,-1.1
-4.0,-4.0,-1.1
-4.0,-4.0,-1.1
-4.0,-4.0,-1.1
-4.0,-4.0,-1.1
-4.0,-4.0,-1.1
-4.0,-4.0,-1.1
-4.0,-4.0,-1.1
-4.0,-4.0,-1.1
-4.0,-4.0,-1.1
-4.0,-4.0,-1.1
-4.0,-4.0,-1.1
-4.0,-4.0,-1.1
-4.0,-4.0,-1.1
-4.0,-4.0,-1.1
-4.0,-4.0,-1.1
-4.0,-4.0,-1.1
-4.0,-4.0,-1.1
-4.0,-4.0,-1.1
-4.0,-4.0,-1.1
-4.0,-4.0,-1.1
-4.0,-4.0,-1.1
-4.0,-4.0,-1.1
-4.0,-4.0,-1.1
-4.0,-4.0,-1.1
-4.0,-4.0,-1.1
-4.0,-4.0,-1.1
-4.0,-4.0,-1.1
-4.0,-4.0,-1.1
-4.0,-4.0,-1.1
-4.0,-4.0,-1.1
-4.0,-4.0,-1.1
-4.0,-4.0,-1.1
-4.0,-4.0,-1.1
-4.0,-4.0,-1.1
-4.0,-4.0,-1.1
-4.0,-4.0,-1.1
-4.0,-4.0,-1.1
-4.0,-4.0,-1.1
-4.0,-4.0,-1.1
-4.0,-4.0,-1.1
-4.0,-4.0,-1.1
-4.0,-4.0,-1.1
-4.0,-4.0,-1.1
-4.0,-4.0,-1.1
-4.0,-4.0,-1.1
-4.0,-4.0,-1.1
-4.0,-4.0,-1.1
-4.0,-4.0,-1.1
-4.0,-4.0,-1.1
-4.0,-4.0,-1.1
-4.0,-4.0,-1.1
-4.0,-4.0,-1.1
-4.0,-4.0,-1.1
-4.0,-4.0,-1.1
-4.0,-4.0,-1.1
-4.0,-4.0,-1.1
-4.0,-4.0,-1.1
-4.0,-4.0,-1.1
-4.0,-4.0,-1.1
-4.0,-4.0,-1.1
-4.0,-4.0,-1.1
-4.0,-4.0,-1.1
-4.0,-4.0,-1.1
-4.0,-4.0,-1.1
-4.0,-4.0,-1.1
-4.0,-4.0,-1.1
-4.0,-4.0,-1.1
-4.0,-4.0,-1.1
-4.0,-4.0,-1.1
-4.0,-4.0,-1.1
-4.0,-4.0,-1.1
-4.0,-4.0,-1.1
-4.0,-4.0,-1.1
-4.0,-4.0,-1.1
-4.0,-4.0,-1.1
-4.0,-4.0,-1.1
-4.0,-4.0,-1.1
-4.0,-4.0,-1.1
-4.0,-4.0,-1.1
-4.0,-4.0,-1.1
-4.0,-4.0,-1.1
-4.0,-4.0,-1.1
-4.0,-4.0,-1.1
-4.0,-4.0,-1.1
-4.0,-4.0,-1.1
-4.0,-4.0,-1.1
-4.0,-4.0,-1.1
-4.0,-4.0,-1.1
-4.0,-4.0,-1.1
-4.0,-4.0,-1.1
-4.0,-4.0,-1.1
-4.0,-4.0,-1.1
-4.0,-4.0,-1.1
-4.0,-4.0,-1.1
-4.0,-4.0,-1.1
-4.0,-4.0,-1.1
-4.0,-4.0,-1.1
-4.0,-4.0,-1.1
-4.0,-4.0,-1.1
-4.0,-4.0,-1.1
-4.0,-4.0,-1.1
-4.0,-4.0,-1.1
-4.0,-4.0,-1.1
-4.0,-4.0,-1.1
-4.0,-4.0,-1.1
-4.0,-4.0,-1.1
-4.0,-4.0,-1.1
-4.0,-4.0,-1.1
-4.0,-4.0,-1.1
-4.0,-4.0,-1.1
-4.0,-4.0,-1.1
-4.0,-4.0,-1.1
-4.0,-4.0,-1.1
-4.0,-4.0,-1.1
-4.0,-4.0,-1.1
-4.0,-4.0,-1.1
-4.0,-4.0,-1.1
-4.0,-4.0,-1.1
-4.0,-4.0,-1.1
-4.0,-4.0,-1.1
-4.0,-4.0,-1.1
-4.0,-4.0,-1.1
-4.0,-4.0,-1.1
-4.0,-4.0,-1.1
-4.0,-4.0,-1.1
-4.0,-4.0,-1.1
-4.0,-4.0,-1.1
-4.0,-4.0,-1.1
-4.0,-4.0,-1.1
-4.0,-4.0,-1.1
-4.0,-4.0,-1.1
-4.0,-4.0,-1.1
-4.0,-4.0,-1.1
-4.0,-4.0,-1.1
-4.0,-4.0,-1.1
-4.0,-4.0,-1.1
-4.0,-4.0,-1.1
-4.0,-4.0,-1.1
-4.0,-4.0,-1.1
-4.0,-4.0,-1.1
-4.0,-4.0,-1.1
-4.0,-4.0,-1.1
-4.0,-4.0,-1.1
-4.0,-4.0,-1.1
-4.0,-4.0,-1.1
-4.0,-4.0,-1.1
-4.0,-4.0,-1.1
-4.0,-4.0,-1.1
-4.0,-4.0,-1.1
-4.0,-4.0,-1.1
-4.0,-4.0,-1.1
-4.0,-4.0,-1.1
-4.0,-4.0,-1.1
-4.0,-4.0,-1.1
-4.0,-4.0,-1.1
-4.0,-4.0,-1.1
-4.0,-4.0,-1.1
-4.0,-4.0,-1.1
-4.0,-4.0,-1.1
-4.0,-4.0,-1.1
-4.0,-4.0,-1.1
-4.0,-4.0,-1.1
-4.0,-4.0,-1.1
-4.0,-4.0,-1.1
-4.0,-4.0,-1.1
-4.0,-4.0,-1.1
-4.0,-4.0,-1.1
-4.0,-4.0,-1.1
-4.0,-4.0,-1.1
-4.0,-4.0,-1.1
-4.0,-4.0,-1.1
-4.0,-4.0,-1.1
-4.0,-4.0,-1.1
-4.0,-4.0,-1.1
-4.0,-4.0,-1.1
-4.0,-4.0,-1.1
-4.0,-4.0,-1.1
-4.0,-4.0,-1.1
-4.0,-4.0,-1.1
-4.0,-4.0,-1.1
-4.0,-4.0,-1.1
-4.0,-4.0,-1.1
-4.0,-4.0,-1.1
-4.0,-4.0,-1.1
-4.0,-4.0,-1.1
-4.0,-4.0,-1.1
-4.0,-4.0,-1.1
-4.0,-4.0,-1.1
-4.0,-4.0,-1.1
-4.0,-4.0,-1.1
-4.0,-4.0,-1.1
-4.0,-4.0,-1.1
-4.0,-4.0,-1.1
-4.0,-4.0,-1.1
-4.0,-4.0,-1.1
-4.0,-4.0,-1.1
-4.0,-4.0,-1.1
-4.0,-4.0,-1.1
-4.0,-4.0,-1.1
-4.0,-4.0,-1.1
-4.0,-4.0,-1.1
-4.0,-4.0,-1.1
-4.0,-4.0,-1.1
-4.0,-4.0,-1.1
-4.0,-4.0,-1.1
-4.0,-4.0,-1.1
-4.0,-4.0,-1.1
-4.0,-4.0,-1.1
-4.0,-4.0,-1.1
-4.0,-4.0,-1.1
-4.0,-4.0,-1.1
-4.0,-4.0,-1.1
-4.0,-4.0,-1.1
-4.0,-4.0,-1.1
-4.0,-4.0,-1.1
-4.0,-4.0,-1.1
-4.0,-4.0,-1.1
-4.0,-4.0,-1.1
-4.0,-4.0,-1.1
-4.0,-4.0,-1.1
-4.0,-4.0,-1.1
-4.0,-4.0,-1.1
-4.0,-4.0,-1.1
-4.0,-4.0,-1.1
-4.0,-4.0,-1.1
-4.0,-4.0,-1.1
-4.0,-4.0,-1.1
-4.0,-4.0,-1.1
-4.0,-4.0,-1.1
-4.0,-4.0,-1.1
-4.0,-4.0,-1.1
-4.0,-4.0,-1.1
-4.0,-4.0,-1.1
-4.0,-4.0,-1.1
-4.0,-4.0,-1.1
-4.0,-4.0,-1.1
-4.0,-4.0,-1.1
-4.0,-4.0,-1.1
-4.0,-4.0,-1.1
-4.0,-4.0,-1.1
-4.0,-4.0,-1.1
-4.0,-4.0,-1.1
-4.0,-4.0,-1.1
-4.0,-4.0,-1.1
-4.0,-4.0,-1.1
-4.0,-4.0,-1.1
-4.0,-4.0,-1.1
-4.0,-4.0,-1.1
-4.0,-4.0,-1.1
-4.0,-4.0,-1.1
-4.0,-4.0,-1.1
-4.0,-4.0,-1.1
-4.0,-4.0,-1.1
-4.0,-4.0,-1.1
-4.0,-4.0,-1.1
-4.0,-4.0,-1.1
-4.0,-4.0,-1.1
-4.0,-4.0,-1.1
-4.0,-4.0,-1.1
-4.0,-4.0,-1.1
-4.0,-4.0,-1.1
-4.0,-4.0,-1.1
-4.0,-4.0,-1.1
-4.0,-4.0,-1.1
-4.0,-4.0,-1.1
-4.0,-4.0,-1.1
-4.0,-4.0,-1.1
-4.0,-4.0,-1.1
-4.0,-4.0,-1.1
-4.0,-4.0,-1.1
-4.0,-4.0,-1.1
-4.0,-4.0,-1.1
-4.0,-4.0,-1.1
-4.0,-4.0,-1.1
-4.0,-4.0,-1.1
-4.0,-4.0,-1.1
-4.0,-4.0,-1.1
-4.0,-4.0,-1.1
-4.0,-4.0,-1.1
-4.0,-4.0,-1.1
-4.0,-4.0,-1.1
-4.0,-4.0,-1.1
-4.0,-4.0,-1.1
-4.0,-4.0,-1.1
-4.0,-4.0,-1.1
-4.0,-4.0,-1.1
-4.0,-4.0,-1.1
-4.0,-4.0,-1.1
-4.0,-4.0,-1.1
-4.0,-4.0,-1.1
-4.0,-4.0,-1.1
-4.0,-4.0,-1.1
-4.0,-4.0,-1.1
-4.0,-4.0,-1.1
-4.0,-4.0,-1.1
-4.0,-4.0,-1.1
-4.0,-4.0,-1.1
-4.0,-4.0,-1.1
-4.0,-4.0,-1.1
-4.0,-4.0,-1.1
-4.0,-4.0,-1.1
-4.0,-4.0,-1.1
-4.0,-4.0,-1.1
-4.0,-4.0,-1.1
-4.0,-4.0,-1.1
-4.0,-4.0,-1.1
-4.0,-4.0,-1.1
-4.0,-4.0,-1.1
-4.0,-4.0,-1.1
-4.0,-4.0,-1.1
-4.0,-4.0,-1.1
-4.0,-4.0,-1.1
-4.0,-4.0,-1.1
-4.0,-4.0,-1.1
-4.0,-4.0,-1.1
-4.0,-4.0,-1.1
-4.0,-4.0,-1.1
-4.0,-4.0,-1.1
-4.0,-4.0,-1.1
-4.0,-4.0,-1.1
-4.0,-4.0,-1.1
-4.0,-4.0,-1.1
-4.0,-4.0,-1.1
-4.0,-4.0,-1.1
-4.0,-4.0,-1.1
-4.0,-4.0,-1.1
-4.0,-4.0,-1.1
-4.0,-4.0,-1.1
-4.0,-4.0,-1.1
-4.0,-4.0,-1.1
-4.0,-4.0,-1.1
-4.0,-4.0,-1.1
-4.0,-4.0,-1.1
-4.0,-4.0,-1.1
-4.0,-4.0,-1.1
-4.0,-4.0,-1.1
-4.0,-4.0,-1.1
-4.0,-4.0,-1.1
-4.0,-4.0,-1.1
-4.0,-4.0,-1.1
-4.0,-4.0,-1.1
-4.0,-4.0,-1.1
-4.0,-4.0,-1.1
-4.0,-4.0,-1.1
-4.0,-4.0,-1.1
-4.0,-4.0,-1.1
-4.0,-4.0,-1.1
-4.0,-4.0,-1.1
-4.0,-4.0,-1.1
-4.0,-4.0,-1.1
-4.0,-4.0,-1.1
-4.0,-4.0,-1.1
-4.0,-4.0,-1.1
-4.0,-4.0,-1.1
-4.0,-4.0,-1.1
-4.0,-4.0,-1.1
-4.0,-4.0,-1.1
-4.0,-4.0,-1.1
-4.0,-4.0,-1.1
-4.0,-4.0,-1.1
-4.0,-4.0,-1.1
-4.0,-4.0,-1.1
-4.0,-4.0,-1.1
-4.0,-4.0,-1.1
-4.0,-4.0,-1.1
-4.0,-4.0,-1.1
-4.0,-4.0,-1.1
-4.0,-4.0,-1.1
-4.0,-4.0,-1.1
-4.0,-4.0,-1.1
-4.0,-4.0,-1.1
-4.0,-4.0,-1.1
-4.0,-4.0,-1.1
-4.0,-4.0,-1.1
-4.0,-4.0,-1.1
-4.0,-4.0,-1.1
-4.0,-4.0,-1.1
-4.0,-4.0,-1.1
-4.0,-4.0,-1.1
-4.0,-4.0,-1.1
-4.0,-4.0,-1.1
-4.0,-4.0,-1.1
-4.0,-4.0,-1.1
-4.0,-4.0,-1.1
-4.0,-4.0,-1.1
-4.0,-4.0,-1.1
-4.0,-4.0,-1.1
-4.0,-4.0,-1.1
-4.0,-4.0,-1.1
-4.0,-4.0,-1.1
-4.0,-4.0,-1.1
-4.0,-4.0,-1.1
-4.0,-4.0,-1.1
-4.0,-4.0,-1.1
-4.0,-4.0,-1.1
-4.0,-4.0,-1.1
-4.0,-4.0,-1.1
-4.0,-4.0,-1.1
-4.0,-4.0,-1.1
-4.0,-4.0,-1.1
-4.0,-4.0,-1.1
-4.0,-4.0,-1.1
-4.0,-4.0,-1.1
-4.0,-4.0,-1.1
-4.0,-4.0,-1.1
-4.0,-4.0,-1.1
-4.0,-4.0,-1.1
-4.0,-4.0,-1.1
-4.0,-4.0,-1.1
-4.0,-4.0,-1.1
-4.0,-4.0,-1.1
-4.0,-4.0,-1.1
-4.0,-4.0,-1.1
-4.0,-4.0,-1.1
-4.0,-4.0,-1.1
-4.0,-4.0,-1.1
-4.0,-4.0,-1.1
-4.0,-4.0,-1.1
-4.0,-4.0,-1.1
-4.0,-4.0,-1.1
-4.0,-4.0,-1.1
-4.0,-4.0,-1.1
-4.0,-4.0,-1.1
-4.0,-4.0,-1.1
-4.0,-4.0,-1.1
-4.0,-4.0,-1.1
-4.0,-4.0,-1.1
-4.0,-4.0,-1.1
-4.0,-4.0,-1.1
-4.0,-4.0,-1.1
-4.0,-4.0,-1.1
-4.0,-4.0,-1.1
-4.0,-4.0,-1.1
-4.0,-4.0,-1.1
-4.0,-4.0,-1.1
-4.0,-4.0,-1.1
-4.0,-4.0,-1.1
-4.0,-4.0,-1.1
-4.0,-4.0,-1.1
-4.0,-4.0,-1.1
-4.0,-4.0,-1.1
-4.0,-4.0,-1.1
-4.0,-4.0,-1.1
-4.0,-4.0,-1.1
-4.0,-4.0,-1.1
-4.0,-4.0,-1.1
-4.0,-4.0,-1.1
-4.0,-4.0,-1.1
-4.0,-4.0,-1.1
-4.0,-4.0,-1.1
-4.0,-4.0,-1.1
-4.0,-4.0,-1.1
-4.0,-4.0,-1.1
-4.0,-4.0,-1.1
-4.0,-4.0,-1.1
-4.0,-4.0,-1.1
-4.0,-4.0,-1.1
-4.0,-4.0,-1.1
-4.0,-4.0,-1.1
-4.0,-4.0,-1.1
-4.0,-4.0,-1.1
-4.0,-4.0,-1.1
-4.0,-4.0,-1.1
-4.0,-4.0,-1.1
-4.0,-4.0,-1.1
-4.0,-4.0,-1.1
-4.0,-4.0,-1.1
-4.0,-4.0,-1.1
-4.0,-4.0,-1.1
-4.0,-4.0,-1.1
-4.0,-4.0,-1.1
-4.0,-4.0,-1.1
-4.0,-4.0,-1.1
-4.0,-4.0,-1.1
-4.0,-4.0,-1.1
-4.0,-4.0,-1.1
-4.0,-4.0,-1.1
-4.0,-4.0,-1.1
-4.0,-4.0,-1.1
-4.0,-4.0,-1.1
-4.0,-4.0,-1.1
-4.0,-4.0,-1.1
-4.0,-4.0,-1.1
-4.0,-4.0,-1.1
-4.0,-4.0,-1.1
-4.0,-4.0,-1.1
-4.0,-4.0,-1.1
-4.0,-4.0,-1.1
-4.0,-4.0,-1.1
-4.0,-4.0,-1.1
-4.0,-4.0,-1.1
-4.0,-4.0,-1.1
-4.0,-4.0,-1.1
-4.0,-4.0,-1.1
-4.0,-4.0,-1.1
-4.0,-4.0,-1.1
-4.0,-4.0,-1.1
-4.0,-4.0,-1.1
-4.0,-4.0,-1.1
-4.0,-4.0,-1.1
-4.0,-4.0,-1.1
-4.0,-4.0,-1.1
-4.0,-4.0,-1.1
-4.0,-4.0,-1.1
-4.0,-4.0,-1.1
-4.0,-4.0,-1.1
-4.0,-4.0,-1.1
-4.0,-4.0,-1.1
-4.0,-4.0,-1.1
-4.0,-4.0,-1.1
-4.0,-4.0,-1.1
-4.0,-4.0,-1.1
-4.0,-4.0,-1.1
-4.0,-4.0,-1.1
-4.0,-4.0,-1.1
-4.0,-4.0,-1.1
-4.0,-4.0,-1.1
-4.0,-4.0,-1.1
-4.0,-4.0,-1.1
-4.0,-4.0,-1.1
-4.0,-4.0,-1.1
-4.0,-4.0,-1.1
-4.0,-4.0,-1.1
-4.0,-4.0,-1.1
-4.0,-4.0,-1.1
-4.0,-4.0,-1.1
-4.0,-4.0,-1.1
-4.0,-4.0,-1.1
-4.0,-4.0,-1.1
-4.0,-4.0,-1.1
-4.0,-4.0,-1.1
-4.0,-4.0,-1.1
-4.0,-4.0,-1.1
-4.0,-4.0,-1.1
-4.0,-4.0,-1.1
-4.0,-4.0,-1.1
-4.0,-4.0,-1.1
-4.0,-4.0,-1.1
-4.0,-4.0,-1.1
-4.0,-4.0,-1.1
-4.0,-4.0,-1.1
-4.0,-4.0,-1.1
-4.0,-4.0,-1.1
-4.0,-4.0,-1.1
-4.0,-4.0,-1.1
-4.0,-4.0,-1.1
-4.0,-4.0,-1.1
-4.0,-4.0,-1.1
-4.0,-4.0,-1.1
-4.0,-4.0,-1.1
-4.0,-4.0,-1.1
-4.0,-4.0,-1.1
-4.0,-4.0,-1.1
-4.0,-4.0,-1.1
-4.0,-4.0,-1.1
-4.0,-4.0,-1.1
-4.0,-4.0,-1.1
-4.0,-4.0,-1.1
-4.0,-4.0,-1.1
-4.0,-4.0,-1.1
-4.0,-4.0,-1.1
-4.0,-4.0,-1.1
-4.0,-4.0,-1.1
-4.0,-4.0,-1.1
-4.0,-4.0,-1.1
-4.0,-4.0,-1.1
-4.0,-4.0,-1.1
-4.0,-4.0,-1.1
-4.0,-4.0,-1.1
-4.0,-4.0,-1.1
-4.0,-4.0,-1.1
-4.0,-4.0,-1.1
-4.0,-4.0,-1.1
-4.0,-4.0,-1.1
-4.0,-4.0,-1.1
-4.0,-4.0,-1.1
-4.0,-4.0,-1.1
-4.0,-4.0,-1.1
-4.0,-4.0,-1.1
-4.0,-4.0,-1.1
-4.0,-4.0,-1.1
-4.0,-4.0,-1.1
-4.0,-4.0,-1.1
-4.0,-4.0,-1.1
-4.0,-4.0,-1.1
-4.0,-4.0,-1.1
-4.0,-4.0,-1.1
-4.0,-4.0,-1.1
-4.0,-4.0,-1.1
-4.0,-4.0,-1.1
-4.0,-4.0,-1.1
-4.0,-4.0,-1.1
-4.0,-4.0,-1.1
-4.0,-4.0,-1.1
-4.0,-4.0,-1.1
-4.0,-4.0,-1.1
-4.0,-4.0,-1.1
-4.0,-4.0,-1.1
-4.0,-4.0,-1.1
-4.0,-4.0,-1.1
-4.0,-4.0,-1.1
-4.0,-4.0,-1.1
-4.0,-4.0,-1.1
-4.0,-4.0,-1.1
-4.0,-4.0,-1.1
-4.0,-4.0,-1.1
-4.0,-4.0,-1.1
-4.0,-4.0,-1.1
-4.0,-4.0,-1.1
-4.0,-4.0,-1.1
-4.0,-4.0,-1.1
-4.0,-4.0,-1.1
-4.0,-4.0,-1.1
-4.0,-4.0,-1.1
-4.0,-4.0,-1.1
-4.0,-4.0,-1.1
-4.0,-4.0,-1.1
-4.0,-4.0,-1.1
-4.0,-4.0,-1.1
-4.0,-4.0,-1.1
-4.0,-4.0,-1.1
-4.0,-4.0,-1.1
-4.0,-4.0,-1.1
-4.0,-4.0,-1.1
-4.0,-4.0,-1.1
-4.0,-4.0,-1.1
-4.0,-4.0,-1.1
-4.0,-4.0,-1.1
-4.0,-4.0,-1.1
-4.0,-4.0,-1.1
-4.0,-4.0,-1.1
-4.0,-4.0,-1.1
-4.0,-4.0,-1.1
-4.0,-4.0,-1.1
-4.0,-4.0,-1.1
-4.0,-4.0,-1.1
-4.0,-4.0,-1.1
-4.0,-4.0,-1.1
-4.0,-4.0,-1.1
-4.0,-4.0,-1.1
-4.0,-4.0,-1.1
-4.0,-4.0,-1.1
-4.0,-4.0,-1.1
-4.0,-4.0,-1.1
-4.0,-4.0,-1.1
-4.0,-4.0,-1.1
-4.0,-4.0,-1.1
-4.0,-4.0,-1.1
-4.0,-4.0,-1.1
-4.0,-4.0,-1.1
-4.0,-4.0,-1.1
-4.0,-4.0,-1.1
-4.0,-4.0,-1.1
-4.0,-4.0,-1.1
-4.0,-4.0,-1.1
-4.0,-4.0,-1.1
-4.0,-4.0,-1.1
-4.0,-4.0,-1.1
-4.0,-4.0,-1.1
-4.0,-4.0,-1.1
-4.0,-4.0,-1.1
-4.0,-4.0,-1.1
-4.0,-4.0,-1.1
-4.0,-4.0,-1.1
-4.0,-4.0,-1.1
-4.0,-4.0,-1.1
-4.0,-4.0,-1.1
-4.0,-4.0,-1.1
-4.0,-4.0,-1.1
-4.0,-4.0,-1.1
-4.0,-4.0,-1.1
-4.0,-4.0,-1.1
-4.0,-4.0,-1.1
-4.0,-4.0,-1.1
-4.0,-4.0,-1.1
-4.0,-4.0,-1.1
-4.0,-4.0,-1.1
-4.0,-4.0,-1.1
-4.0,-4.0,-1.1
-4.0,-4.0,-1.1
-4.0,-4.0,-1.1
-4.0,-4.0,-1.1
-4.0,-4.0,-1.1
-4.0,-4.0,-1.1
-4.0,-4.0,-1.1
-4.0,-4.0,-1.1
-4.0,-4.0,-1.1
-4.0,-4.0,-1.1
-4.0,-4.0,-1.1
-4.0,-4.0,-1.1
-4.0,-4.0,-1.1
-4.0,-4.0,-1.1
-4.0,-4.0,-1.1
-4.0,-4.0,-1.1
-4.0,-4.0,-1.1
-4.0,-4.0,-1.1
-4.0,-4.0,-1.1
-4.0,-4.0,-1.1
-4.0,-4.0,-1.1
-4.0,-4.0,-1.1
-4.0,-4.0,-1.1
-4.0,-4.0,-1.1
-4.0,-4.0,-1.1
-4.0,-4.0,-1.1
-4.0,-4.0,-1.1
-4.0,-4.0,-1.1
-4.0,-4.0,-1.1
-4.0,-4.0,-1.1
-4.0,-4.0,-1.1
-4.0,-4.0,-1.1
-4.0,-4.0,-1.1
-4.0,-4.0,-1.1
-4.0,-4.0,-1.1
-4.0,-4.0,-1.1
-4.0,-4.0,-1.1
-4.0,-4.0,-1.1
-4.0,-4.0,-1.1
-4.0,-4.0,-1.1
-4.0,-4.0,-1.1
-4.0,-4.0,-1.1
-4.0,-4.0,-1.1
-4.0,-4.0,-1.1
-4.0,-4.0,-1.1
-4.0,-4.0,-1.1
-4.0,-4.0,-1.1
-4.0,-4.0,-1.1
-4.0,-4.0,-1.1
-4.0,-4.0,-1.1
-4.0,-4.0,-1.1
-4.0,-4.0,-1.1
-4.0,-4.0,-1.1
-4.0,-4.0,-1.1
-4.0,-4.0,-1.1
-4.0,-4.0,-1.1
-4.0,-4.0,-1.1
-4.0,-4.0,-1.1
-4.0,-4.0,-1.1
-4.0,-4.0,-1.1
-4.0,-4.0,-1.1
-4.0,-4.0,-1.1
-4.0,-4.0,-1.1
-4.0,-4.0,-1.1
-4.0,-4.0,-1.1
-4.0,-4.0,-1.1
-4.0,-4.0,-1.1
-4.0,-4.0,-1.1
-4.0,-4.0,-1.1
-4.0,-4.0,-1.1
-4.0,-4.0,-1.1
-4.0,-4.0,-1.1
-4.0,-4.0,-1.1
-4.0,-4.0,-1.1
-4.0,-4.0,-1.1
-4.0,-4.0,-1.1
-4.0,-4.0,-1.1
-4.0,-4.0,-1.1
-4.0,-4.0,-1.1
-4.0,-4.0,-1.1
-4.0,-4.0,-1.1
-4.0,-4.0,-1.1
-4.0,-4.0,-1.1
-4.0,-4.0,-1.1
-4.0,-4.0,-1.1
-4.0,-4.0,-1.1
-4.0,-4.0,-1.1
-4.0,-4.0,-1.1
-4.0,-4.0,-1.1
-4.0,-4.0,-1.1
-4.0,-4.0,-1.1
-4.0,-4.0,-1.1
-4.0,-4.0,-1.1
-4.0,-4.0,-1.1
-4.0,-4.0,-1.1
-4.0,-4.0,-1.1
-4.0,-4.0,-1.1
-4.0,-4.0,-1.1
-4.0,-4.0,-1.1
-4.0,-4.0,-1.1
-4.0,-4.0,-1.1
-4.0,-4.0,-1.1
-4.0,-4.0,-1.1
-4.0,-4.0,-1.1
-4.0,-4.0,-1.1
-4.0,-4.0,-1.1
-4.0,-4.0,-1.1
-4.0,-4.0,-1.1
-4.0,-4.0,-1.1
-4.0,-4.0,-1.1
-4.0,-4.0,-1.1
-4.0,-4.0,-1.1
-4.0,-4.0,-1.1
-4.0,-4.0,-1.1
-4.0,-4.0,-1.1
-4.0,-4.0,-1.1
-4.0,-4.0,-1.1
-4.0,-4.0,-1.1
-4.0,-4.0,-1.1
-4.0,-4.0,-1.1
-4.0,-4.0,-1.1
-4.0,-4.0,-1.1
-4.0,-4.0,-1.1
-4.0,-4.0,-1.1
-4.0,-4.0,-1.1
-4.0,-4.0,-1.1
-4.0,-4.0,-1.1
-4.0,-4.0,-1.1
-4.0,-4.0,-1.1
-4.0,-4.0,-1.1
-4.0,-4.0,-1.1
-4.0,-4.0,-1.1
-4.0,-4.0,-1.1
-4.0,-4.0,-1.1
-4.0,-4.0,-1.1
-4.0,-4.0,-1.1
-4.0,-4.0,-1.1
-4.0,-4.0,-1.1
-4.0,-4.0,-1.1
-4.0,-4.0,-1.1
-4.0,-4.0,-1.1
-4.0,-4.0,-1.1
-4.0,-4.0,-1.1
-4.0,-4.0,-1.1
-4.0,-4.0,-1.1
-4.0,-4.0,-1.1
-4.0,-4.0,-1.1
-4.0,-4.0,-1.1
-4.0,-4.0,-1.1
-4.0,-4.0,-1.1
-4.0,-4.0,-1.1
-4.0,-4.0,-1.1
-4.0,-4.0,-1.1
-4.0,-4.0,-1.1
-4.0,-4.0,-1.1
-4.0,-4.0,-1.1
-4.0,-4.0,-1.1
-4.0,-4.0,-1.1
-4.0,-4.0,-1.1
-4.0,-4.0,-1.1
-4.0,-4.0,-1.1
-4.0,-4.0,-1.1
-4.0,-4.0,-1.1
-4.0,-4.0,-1.1
-4.0,-4.0,-1.1
-4.0,-4.0,-1.1
-4.0,-4.0,-1.1
-4.0,-4.0,-1.1
-4.0,-4.0,-1.1
-4.0,-4.0,-1.1
-4.0,-4.0,-1.1
-4.0,-4.0,-1.1
-4.0,-4.0,-1.1
-4.0,-4.0,-1.1
-4.0,-4.0,-1.1
-4.0,-4.0,-1.1
-4.0,-4.0,-1.1
-4.0,-4.0,-1.1
-4.0,-4.0,-1.1
-4.0,-4.0,-1.1
-4.0,-4.0,-1.1
-4.0,-4.0,-1.1
-4.0,-4.0,-1.1
-4.0,-4.0,-1.1
-4.0,-4.0,-1.1
-4.0,-4.0,-1.1
-4.0,-4.0,-1.1
-4.0,-4.0,-1.1
-4.0,-4.0,-1.1
-4.0,-4.0,-1.1
-4.0,-4.0,-1.1
-4.0,-4.0,-1.1
-4.0,-4.0,-1.1
-4.0,-4.0,-1.1
-4.0,-4.0,-1.1
-4.0,-4.0,-1.1
-4.0,-4.0,-1.1
-4.0,-4.0,-1.1
-4.0,-4.0,-1.1
-4.0,-4.0,-1.1
-4.0,-4.0,-1.1
-4.0,-4.0,-1.1
-4.0,-4.0,-1.1
-4.0,-4.0,-1.1
-4.0,-4.0,-1.1
-4.0,-4.0,-1.1
-4.0,-4.0,-1.1
-4.0,-4.0,-1.1
-4.0,-4.0,-1.1
-4.0,-4.0,-1.1
-4.0,-4.0,-1.1
-4.0,-4.0,-1.1
-4.0,-4.0,-1.1
-4.0,-4.0,-1.1
-4.0,-4.0,-1.1
-4.0,-4.0,-1.1
-4.0,-4.0,-1.1
-4.0,-4.0,-1.1
-4.0,-4.0,-1.1
-4.0,-4.0,-1.1
-4.0,-4.0,-1.1
-4.0,-4.0,-1.1
-4.0,-4.0,-1.1
-4.0,-4.0,-1.1
-4.0,-4.0,-1.1
-4.0,-4.0,-1.1
-4.0,-4.0,-1.1
-4.0,-4.0,-1.1
-4.0,-4.0,-1.1
-4.0,-4.0,-1.1
-4.0,-4.0,-1.1
-4.0,-4.0,-1.1
-4.0,-4.0,-1.1
-4.0,-4.0,-1.1
-4.0,-4.0,-1.1
-4.0,-4.0,-1.1
-4.0,-4.0,-1.1
-4.0,-4.0,-1.1
-4.0,-4.0,-1.1
-4.0,-4.0,-1.1
-4.0,-4.0,-1.1
-4.0,-4.0,-1.1
-4.0,-4.0,-1.1
-4.0,-4.0,-1.1
-4.0,-4.0,-1.1
-4.0,-4.0,-1.1
-4.0,-4.0,-1.1
-4.0,-4.0,-1.1
-4.0,-4.0,-1.1
-4.0,-4.0,-1.1
-4.0,-4.0,-1.1
-4.0,-4.0,-1.1
-4.0,-4.0,-1.1
-4.0,-4.0,-1.1
-4.0,-4.0,-1.1
-4.0,-4.0,-1.1
-4.0,-4.0,-1.1
-4.0,-4.0,-1.1
-4.0,-4.0,-1.1
-4.0,-4.0,-1.1
-4.0,-4.0,-1.1
-4.0,-4.0,-1.1
-4.0,-4.0,-1.1
-4.0,-4.0,-1.1
-4.0,-4.0,-1.1
-4.0,-4.0,-1.1
-4.0,-4.0,-1.1
-4.0,-4.0,-1.1
-4.0,-4.0,-1.1
-4.0,-4.0,-1.1
-4.0,-4.0,-1.1
-4.0,-4.0,-1.1
-4.0,-4.0,-1.1
-4.0,-4.0,-1.1
-4.0,-4.0,-1.1
-4.0,-4.0,-1.1
-4.0,-4.0,-1.1
-4.0,-4.0,-1.1
-4.0,-4.0,-1.1
-4.0,-4.0,-1.1
-4.0,-4.0,-1.1
-4.0,-4.0,-1.1
-4.0,-4.0,-1.1
-4.0,-4.0,-1.1
-4.0,-4.0,-1.1
-4.0,-4.0,-1.1
-4.0,-4.0,-1.1
-4.0,-4.0,-1.1
-4.0,-4.0,-1.1
-4.0,-4.0,-1.1
-4.0,-4.0,-1.1
-4.0,-4.0,-1.1
-4.0,-4.0,-1.1
-4.0,-4.0,-1.1
-4.0,-4.0,-1.1
-4.0,-4.0,-1.1
-4.0,-4.0,-1.1
-4.0,-4.0,-1.1
-4.0,-4.0,-1.1
-4.0,-4.0,-1.1
-4.0,-4.0,-1.1
-4.0,-4.0,-1.1
-4.0,-4.0,-1.1
-4.0,-4.0,-1.1
-4.0,-4.0,-1.1
-4.0,-4.0,-1.1
-4.0,-4.0,-1.1
-4.0,-4.0,-1.1
-4.0,-4.0,-1.1
-4.0,-4.0,-1.1
-4.0,-4.0,-1.1
-4.0,-4.0,-1.1
-4.0,-4.0,-1.1
-4.0,-4.0,-1.1
-4.0,-4.0,-1.1
-4.0,-4.0,-1.1
-4.0,-4.0,-1.1
-4.0,-4.0,-1.1
-4.0,-4.0,-1.1
-4.0,-4.0,-1.1
-4.0,-4.0,-1.1
-4.0,-4.0,-1.1
-4.0,-4.0,-1.1
-4.0,-4.0,-1.1
-4.0,-4.0,-1.1
-4.0,-4.0,-1.1
-4.0,-4.0,-1.1
-4.0,-4.0,-1.1
-4.0,-4.0,-1.1
-4.0,-4.0,-1.1
-4.0,-4.0,-1.1
-4.0,-4.0,-1.1
-4.0,-4.0,-1.1
-4.0,-4.0,-1.1
-4.0,-4.0,-1.1
-4.0,-4.0,-1.1
-4.0,-4.0,-1.1
-4.0,-4.0,-1.1
-4.0,-4.0,-1.1
-4.0,-4.0,-1.1
-4.0,-4.0,-1.1
-4.0,-4.0,-1.1
-4.0,-4.0,-1.1
-4.0,-4.0,-1.1
-4.0,-4.0,-1.1
-4.0,-4.0,-1.1
-4.0,-4.0,-1.1
-4.0,-4.0,-1.1
-4.0,-4.0,-1.1
-4.0,-4.0,-1.1
-4.0,-4.0,-1.1
-4.0,-4.0,-1.1
-4.0,-4.0,-1.1
-4.0,-4.0,-1.1
-4.0,-4.0,-1.1
-4.0,-4.0,-1.1
-4.0,-4.0,-1.1
-4.0,-4.0,-1.1
-4.0,-4.0,-1.1
-4.0,-4.0,-1.1
-4.0,-4.0,-1.1
-4.0,-4.0,-1.1
-4.0,-4.0,-1.1
-4.0,-4.0,-1.1
-4.0,-4.0,-1.1
-4.0,-4.0,-1.1
-4.0,-4.0,-1.1
-4.0,-4.0,-1.1
-4.0,-4.0,-1.1
-4.0,-4.0,-1.1
-4.0,-4.0,-1.1
-4.0,-4.0,-1.1
-4.0,-4.0,-1.1
-4.0,-4.0,-1.1
-4.0,-4.0,-1.1
-4.0,-4.0,-1.1
-4.0,-4.0,-1.1
-4.0,-4.0,-1.1
-4.0,-4.0,-1.1
-4.0,-4.0,-1.1
-4.0,-4.0,-1.1
-4.0,-4.0,-1.1
-4.0,-4.0,-1.1
-4.0,-4.0,-1.1
-4.0,-4.0,-1.1
-4.0,-4.0,-1.1
-4.0,-4.0,-1.1
-4.0,-4.0,-1.1
-4.0,-4.0,-1.1
-4.0,-4.0,-1.1
-4.0,-4.0,-1.1
-4.0,-4.0,-1.1
-4.0,-4.0,-1.1
-4.0,-4.0,-1.1
-4.0,-4.0,-1.1
-4.0,-4.0,-1.1
-4.0,-4.0,-1.1
-4.0,-4.0,-1.1
-4.0,-4.0,-1.1
-4.0,-4.0,-1.1
-4.0,-4.0,-1.1
-4.0,-4.0,-1.1
-4.0,-4.0,-1.1
-4.0,-4.0,-1.1
-4.0,-4.0,-1.1
-4.0,-4.0,-1.1
-4.0,-4.0,-1.1
-4.0,-4.0,-1.1
-4.0,-4.0,-1.1
-4.0,-4.0,-1.1
-4.0,-4.0,-1.1
-4.0,-4.0,-1.1
-4.0,-4.0,-1.1
-4.0,-4.0,-1.1
-4.0,-4.0,-1.1
-4.0,-4.0,-1.1
-4.0,-4.0,-1.1
-4.0,-4.0,-1.1
-4.0,-4.0,-1.1
-4.0,-4.0,-1.1
-4.0,-4.0,-1.1
-4.0,-4.0,-1.1
-4.0,-4.0,-1.1
-4.0,-4.0,-1.1
-4.0,-4.0,-1.1
-4.0,-4.0,-1.1
-4.0,-4.0,-1.1
-4.0,-4.0,-1.1
-4.0,-4.0,-1.1
-4.0,-4.0,-1.1
-4.0,-4.0,-1.1
-4.0,-4.0,-1.1
-4.0,-4.0,-1.1
-4.0,-4.0,-1.1
-4.0,-4.0,-1.1
-4.0,-4.0,-1.1
-4.0,-4.0,-1.1
-4.0,-4.0,-1.1
-4.0,-4.0,-1.1
-4.0,-4.0,-1.1
-4.0,-4.0,-1.1
-4.0,-4.0,-1.1
-4.0,-4.0,-1.1
-4.0,-4.0,-1.1
-4.0,-4.0,-1.1
-4.0,-4.0,-1.1
-4.0,-4.0,-1.1
-4.0,-4.0,-1.1
-4.0,-4.0,-1.1
-4.0,-4.0,-1.1
-4.0,-4.0,-1.1
-4.0,-4.0,-1.1
-4.0,-4.0,-1.1
-4.0,-4.0,-1.1
-4.0,-4.0,-1.1
-4.0,-4.0,-1.1
-4.0,-4.0,-1.1
-4.0,-4.0,-1.1
-4.0,-4.0,-1.1
-4.0,-4.0,-1.1
-4.0,-4.0,-1.1
-4.0,-4.0,-1.1
-4.0,-4.0,-1.1
-4.0,-4.0,-1.1
-4.0,-4.0,-1.1
-4.0,-4.0,-1.1
-4.0,-4.0,-1.1
-4.0,-4.0,-1.1
-4.0,-4.0,-1.1
-4.0,-4.0,-1.1
-4.0,-4.0,-1.1
-4.0,-4.0,-1.1
-4.0,-4.0,-1.1
-4.0,-4.0,-1.1
-4.0,-4.0,-1.1
-4.0,-4.0,-1.1
-4.0,-4.0,-1.1
-4.0,-4.0,-1.1
-4.0,-4.0,-1.1
-4.0,-4.0,-1.1
-4.0,-4.0,-1.1
-4.0,-4.0,-1.1
-4.0,-4.0,-1.1
-4.0,-4.0,-1.1
-4.0,-4.0,-1.1
-4.0,-4.0,-1.1
-4.0,-4.0,-1.1
-4.0,-4.0,-1.1
-4.0,-4.0,-1.1
-4.0,-4.0,-1.1
-4.0,-4.0,-1.1
-4.0,-4.0,-1.1
-4.0,-4.0,-1.1
-4.0,-4.0,-1.1
-4.0,-4.0,-1.1
-4.0,-4.0,-1.1
-4.0,-4.0,-1.1
-4.0,-4.0,-1.1
-4.0,-4.0,-1.1
-4.0,-4.0,-1.1
-4.0,-4.0,-1.1
-4.0,-4.0,-1.1
-4.0,-4.0,-1.1
-4.0,-4.0,-1.1
-4.0,-4.0,-1.1
-4.0,-4.0,-1.1
-4.0,-4.0,-1.1
-4.0,-4.0,-1.1
-4.0,-4.0,-1.1
-4.0,-4.0,-1.1
-4.0,-4.0,-1.1
-4.0,-4.0,-1.1
-4.0,-4.0,-1.1
-4.0,-4.0,-1.1
-4.0,-4.0,-1.1
-4.0,-4.0,-1.1
-4.0,-4.0,-1.1
-4.0,-4.0,-1.1
-4.0,-4.0,-1.1
-4.0,-4.0,-1.1
-4.0,-4.0,-1.1
-4.0,-4.0,-1.1
-4.0,-4.0,-1.1
-4.0,-4.0,-1.1
-4.0,-4.0,-1.1
-4.0,-4.0,-1.1
-4.0,-4.0,-1.1
-4.0,-4.0,-1.1
-4.0,-4.0,-1.1
-4.0,-4.0,-1.1
-4.0,-4.0,-1.1
-4.0,-4.0,-1.1
-4.0,-4.0,-1.1
-4.0,-4.0,-1.1
-4.0,-4.0,-1.1
-4.0,-4.0,-1.1
-4.0,-4.0,-1.1
-4.0,-4.0,-1.1
-4.0,-4.0,-1.1
-4.0,-4.0,-1.1
-4.0,-4.0,-1.1
-4.0,-4.0,-1.1
-4.0,-4.0,-1.1
-4.0,-4.0,-1.1
-4.0,-4.0,-1.1
-4.0,-4.0,-1.1
-4.0,-4.0,-1.1
-4.0,-4.0,-1.1
-4.0,-4.0,-1.1
-4.0,-4.0,-1.1
-4.0,-4.0,-1.1
-4.0,-4.0,-1.1
-4.0,-4.0,-1.1
-4.0,-4.0,-1.1
-4.0,-4.0,-1.1
-4.0,-4.0,-1.1
-4.0,-4.0,-1.1
-4.0,-4.0,-1.1
-4.0,-4.0,-1.1
-4.0,-4.0,-1.1
-4.0,-4.0,-1.1
-4.0,-4.0,-1.1
-4.0,-4.0,-1.1
-4.0,-4.0,-1.1
-4.0,-4.0,-1.1
-4.0,-4.0,-1.1
-4.0,-4.0,-1.1
-4.0,-4.0,-1.1
-4.0,-4.0,-1.1
-4.0,-4.0,-1.1
-4.0,-4.0,-1.1
-4.0,-4.0,-1.1
-4.0,-4.0,-1.1
-4.0,-4.0,-1.1
-4.0,-4.0,-1.1
-4.0,-4.0,-1.1
-4.0,-4.0,-1.1
-4.0,-4.0,-1.1
-4.0,-4.0,-1.1
-4.0,-4.0,-1.1
-4.0,-4.0,-1.1
-4.0,-4.0,-1.1
-4.0,-4.0,-1.1
-4.0,-4.0,-1.1
-4.0,-4.0,-1.1
-4.0,-4.0,-1.1
-4.0,-4.0,-1.1
-4.0,-4.0,-1.1
-4.0,-4.0,-1.1
-4.0,-4.0,-1.1
-4.0,-4.0,-1.1
-4.0,-4.0,-1.1
-4.0,-4.0,-1.1
-4.0,-4.0,-1.1
-4.0,-4.0,-1.1
-4.0,-4.0,-1.1
-4.0,-4.0,-1.1
-4.0,-4.0,-1.1
-4.0,-4.0,-1.1
-4.0,-4.0,-1.1
-4.0,-4.0,-1.1
-4.0,-4.0,-1.1
-4.0,-4.0,-1.1
-4.0,-4.0,-1.1
-4.0,-4.0,-1.1
-4.0,-4.0,-1.1
-4.0,-4.0,-1.1
-4.0,-4.0,-1.1
-4.0,-4.0,-1.1
-4.0,-4.0,-1.1
-4.0,-4.0,-1.1
-4.0,-4.0,-1.1
-4.0,-4.0,-1.1
-4.0,-4.0,-1.1
-4.0,-4.0,-1.1
-4.0,-4.0,-1.1
-4.0,-4.0,-1.1
-4.0,-4.0,-1.1
-4.0,-4.0,-1.1
-4.0,-4.0,-1.1
-4.0,-4.0,-1.1
-4.0,-4.0,-1.1
-4.0,-4.0,-1.1
-4.0,-4.0,-1.1
-4.0,-4.0,-1.1
-4.0,-4.0,-1.1
-4.0,-4.0,-1.1
-4.0,-4.0,-1.1
-4.0,-4.0,-1.1
-4.0,-4.0,-1.1
-4.0,-4.0,-1.1
-4.0,-4.0,-1.1
-4.0,-4.0,-1.1
-4.0,-4.0,-1.1
-4.0,-4.0,-1.1
-4.0,-4.0,-1.1
-4.0,-4.0,-1.1
-4.0,-4.0,-1.1
-4.0,-4.0,-1.1
-4.0,-4.0,-1.1
-4.0,-4.0,-1.1
-4.0,-4.0,-1.1
-4.0,-4.0,-1.1
-4.0,-4.0,-1.1
-4.0,-4.0,-1.1
-4.0,-4.0,-1.1
-4.0,-4.0,-1.1
-4.0,-4.0,-1.1
-4.0,-4.0,-1.1
-4.0,-4.0,-1.1
-4.0,-4.0,-1.1
-4.0,-4.0,-1.1
-4.0,-4.0,-1.1
-4.0,-4.0,-1.1
-4.0,-4.0,-1.1
-4.0,-4.0,-1.1
-4.0,-4.0,-1.1
-4.0,-4.0,-1.1
-4.0,-4.0,-1.1
-4.0,-4.0,-1.1
-4.0,-4.0,-1.1
-4.0,-4.0,-1.1
-4.0,-4.0,-1.1
-4.0,-4.0,-1.1
-4.0,-4.0,-1.1
-4.0,-4.0,-1.1
-4.0,-4.0,-1.1
-4.0,-4.0,-1.1
-4.0,-4.0,-1.1
-4.0,-4.0,-1.1
-4.0,-4.0,-1.1
-4.0,-4.0,-1.1
-4.0,-4.0,-1.1
-4.0,-4.0,-1.1
-4.0,-4.0,-1.1
-4.0,-4.0,-1.1
-4.0,-4.0,-1.1
-4.0,-4.0,-1.1
-4.0,-4.0,-1.1
-4.0,-4.0,-1.1
-4.0,-4.0,-1.1
-4.0,-4.0,-1.1
-4.0,-4.0,-1.1
-4.0,-4.0,-1.1
-4.0,-4.0,-1.1
-4.0,-4.0,-1.1
-4.0,-4.0,-1.1
-4.0,-4.0,-1.1
-4.0,-4.0,-1.1
-4.0,-4.0,-1.1
-4.0,-4.0,-1.1
-4.0,-4.0,-1.1
-4.0,-4.0,-1.1
-4.0,-4.0,-1.1
-4.0,-4.0,-1.1
-4.0,-4.0,-1.1
-4.0,-4.0,-1.1
-4.0,-4.0,-1.1
-4.0,-4.0,-1.1
-4.0,-4.0,-1.1
-4.0,-4.0,-1.1
-4.0,-4.0,-1.1
-4.0,-4.0,-1.1
-4.0,-4.0,-1.1
-4.0,-4.0,-1.1
-4.0,-4.0,-1.1
-4.0,-4.0,-1.1
-4.0,-4.0,-1.1
-4.0,-4.0,-1.1
-4.0,-4.0,-1.1
-4.0,-4.0,-1.1
-4.0,-4.0,-1.1
-4.0,-4.0,-1.1
-4.0,-4.0,-1.1
-4.0,-4.0,-1.1
-4.0,-4.0,-1.1
-4.0,-4.0,-1.1
-4.0,-4.0,-1.1
-4.0,-4.0,-1.1
-4.0,-4.0,-1.1
-4.0,-4.0,-1.1
-4.0,-4.0,-1.1
-4.0,-4.0,-1.1
-4.0,-4.0,-1.1
-4.0,-4.0,-1.1
-4.0,-4.0,-1.1
-4.0,-4.0,-1.1
-4.0,-4.0,-1.1
-4.0,-4.0,-1.1
-4.0,-4.0,-1.1
-4.0,-4.0,-1.1
-4.0,-4.0,-1.1
-4.0,-4.0,-1.1
-4.0,-4.0,-1.1
-4.0,-4.0,-1.1
-4.0,-4.0,-1.1
-4.0,-4.0,-1.1
-4.0,-4.0,-1.1
-4.0,-4.0,-1.1
-4.0,-4.0,-1.1
-4.0,-4.0,-1.1
-4.0,-4.0,-1.1
-4.0,-4.0,-1.1
-4.0,-4.0,-1.1
-4.0,-4.0,-1.1
-4.0,-4.0,-1.1
-4.0,-4.0,-1.1
-4.0,-4.0,-1.1
-4.0,-4.0,-1.1
-4.0,-4.0,-1.1
-4.0,-4.0,-1.1
-4.0,-4.0,-1.1
-4.0,-4.0,-1.1
-4.0,-4.0,-1.1
-4.0,-4.0,-1.1
-4.0,-4.0,-1.1
-4.0,-4.0,-1.1
-4.0,-4.0,-1.1
-4.0,-4.0,-1.1
-4.0,-4.0,-1.1
-4.0,-4.0,-1.1
-4.0,-4.0,-1.1
-4.0,-4.0,-1.1
-4.0,-4.0,-1.1
-4.0,-4.0,-1.1
-4.0,-4.0,-1.1
-4.0,-4.0,-1.1
-4.0,-4.0,-1.1
-4.0,-4.0,-1.1
-4.0,-4.0,-1.1
-4.0,-4.0,-1.1
-4.0,-4.0,-1.1
-4.0,-4.0,-1.1
-4.0,-4.0,-1.1
-4.0,-4.0,-1.1
-4.0,-4.0,-1.1
-4.0,-4.0,-1.1
-4.0,-4.0,-1.1
-4.0,-4.0,-1.1
-4.0,-4.0,-1.1
-4.0,-4.0,-1.1
-4.0,-4.0,-1.1
-4.0,-4.0,-1.1
-4.0,-4.0,-1.1
-4.0,-4.0,-1.1
-4.0,-4.0,-1.1
-4.0,-4.0,-1.1
-4.0,-4.0,-1.1
-4.0,-4.0,-1.1
-4.0,-4.0,-1.1
-4.0,-4.0,-1.1
-4.0,-4.0,-1.1
-4.0,-4.0,-1.1
-4.0,-4.0,-1.1
-4.0,-4.0,-1.1
-4.0,-4.0,-1.1
-4.0,-4.0,-1.1
-4.0,-4.0,-1.1
-4.0,-4.0,-1.1
-4.0,-4.0,-1.1
-4.0,-4.0,-1.1
-4.0,-4.0,-1.1
-4.0,-4.0,-1.1
-4.0,-4.0,-1.1
-4.0,-4.0,-1.1
-4.0,-4.0,-1.1
-4.0,-4.0,-1.1
-4.0,-4.0,-1.1
-4.0,-4.0,-1.1
-4.0,-4.0,-1.1
-4.0,-4.0,-1.1
-4.0,-4.0,-1.1
-4.0,-4.0,-1.1
-4.0,-4.0,-1.1
-4.0,-4.0,-1.1
-4.0,-4.0,-1.1
-4.0,-4.0,-1.1
-4.0,-4.0,-1.1
-4.0,-4.0,-1.1
-4.0,-4.0,-1.1
-4.0,-4.0,-1.1
-4.0,-4.0,-1.1
-4.0,-4.0,-1.1
-4.0,-4.0,-1.1
-4.0,-4.0,-1.1
-4.0,-4.0,-1.1
-4.0,-4.0,-1.1
-4.0,-4.0,-1.1
-4.0,-4.0,-1.1
-4.0,-4.0,-1.1
-4.0,-4.0,-1.1
-4.0,-4.0,-1.1
-4.0,-4.0,-1.1
-4.0,-4.0,-1.1
-4.0,-4.0,-1.1
-4.0,-4.0,-1.1
-4.0,-4.0,-1.1
-4.0,-4.0,-1.1
-4.0,-4.0,-1.1
-4.0,-4.0,-1.1
-4.0,-4.0,-1.1
-4.0,-4.0,-1.1
-4.0,-4.0,-1.1
-4.0,-4.0,-1.1
-4.0,-4.0,-1.1
-4.0,-4.0,-1.1
-4.0,-4.0,-1.1
-4.0,-4.0,-1.1
-4.0,-4.0,-1.1
-4.0,-4.0,-1.1
-4.0,-4.0,-1.1
-4.0,-4.0,-1.1
-4.0,-4.0,-1.1
-4.0,-4.0,-1.1
-4.0,-4.0,-1.1
-4.0,-4.0,-1.1
-4.0,-4.0,-1.1
-4.0,-4.0,-1.1
-4.0,-4.0,-1.1
-4.0,-4.0,-1.1
-4.0,-4.0,-1.1
-4.0,-4.0,-1.1
-4.0,-4.0,-1.1
-4.0,-4.0,-1.1
-4.0,-4.0,-1.1
-4.0,-4.0,-1.1
-4.0,-4.0,-1.1
-4.0,-4.0,-1.1
-4.0,-4.0,-1.1
-4.0,-4.0,-1.1
-4.0,-4.0,-1.1
-4.0,-4.0,-1.1
-4.0,-4.0,-1.1
-4.0,-4.0,-1.1
-4.0,-4.0,-1.1
-4.0,-4.0,-1.1
-4.0,-4.0,-1.1
-4.0,-4.0,-1.1
-4.0,-4.0,-1.1
-4.0,-4.0,-1.1
-4.0,-4.0,-1.1
-4.0,-4.0,-1.1
-4.0,-4.0,-1.1
-4.0,-4.0,-1.1
-4.0,-4.0,-1.1
-4.0,-4.0,-1.1
-4.0,-4.0,-1.1
-4.0,-4.0,-1.1
-4.0,-4.0,-1.1
-4.0,-4.0,-1.1
-4.0,-4.0,-1.1
-4.0,-4.0,-1.1
-4.0,-4.0,-1.1
-4.0,-4.0,-1.1
-4.0,-4.0,-1.1
-4.0,-4.0,-1.1
-4.0,-4.0,-1.1
-4.0,-4.0,-1.1
-4.0,-4.0,-1.1
-4.0,-4.0,-1.1
-4.0,-4.0,-1.1
-4.0,-4.0,-1.1
-4.0,-4.0,-1.1
-4.0,-4.0,-1.1
-4.0,-4.0,-1.1
-4.0,-4.0,-1.1
-4.0,-4.0,-1.1
-4.0,-4.0,-1.1
-4.0,-4.0,-1.1
-4.0,-4.0,-1.1
-4.0,-4.0,-1.1
-4.0,-4.0,-1.1
-4.0,-4.0,-1.1
-4.0,-4.0,-1.1
-4.0,-4.0,-1.1
-4.0,-4.0,-1.1
-4.0,-4.0,-1.1
-4.0,-4.0,-1.1
-4.0,-4.0,-1.1
-4.0,-4.0,-1.1
-4.0,-4.0,-1.1
-4.0,-4.0,-1.1
-4.0,-4.0,-1.1
-4.0,-4.0,-1.1
-4.0,-4.0,-1.1
-4.0,-4.0,-1.1
-4.0,-4.0,-1.1
-4.0,-4.0,-1.1
-4.0,-4.0,-1.1
-4.0,-4.0,-1.1
-4.0,-4.0,-1.1
-4.0,-4.0,-1.1
-4.0,-4.0,-1.1
-4.0,-4.0,-1.1
-4.0,-4.0,-1.1
-4.0,-4.0,-1.1
-4.0,-4.0,-1.1
-4.0,-4.0,-1.1
-4.0,-4.0,-1.1
-4.0,-4.0,-1.1
-4.0,-4.0,-1.1
-4.0,-4.0,-1.1
-4.0,-4.0,-1.1
-4.0,-4.0,-1.1
-4.0,-4.0,-1.1
-4.0,-4.0,-1.1
-4.0,-4.0,-1.1
-4.0,-4.0,-1.1
-4.0,-4.0,-1.1
-4.0,-4.0,-1.1
-4.0,-4.0,-1.1
-4.0,-4.0,-1.1
-4.0,-4.0,-1.1
-4.0,-4.0,-1.1
-4.0,-4.0,-1.1
-4.0,-4.0,-1.1
-4.0,-4.0,-1.1
-4.0,-4.0,-1.1
-4.0,-4.0,-1.1
-4.0,-4.0,-1.1
-4.0,-4.0,-1.1
-4.0,-4.0,-1.1
-4.0,-4.0,-1.1
-4.0,-4.0,-1.1
-4.0,-4.0,-1.1
-4.0,-4.0,-1.1
-4.0,-4.0,-1.1
-4.0,-4.0,-1.1
-4.0,-4.0,-1.1
-4.0,-4.0,-1.1
-4.0,-4.0,-1.1
-4.0,-4.0,-1.1
-4.0,-4.0,-1.1
-4.0,-4.0,-1.1
-4.0,-4.0,-1.1
-4.0,-4.0,-1.1
-4.0,-4.0,-1.1
-4.0,-4.0,-1.1
-4.0,-4.0,-1.1
-4.0,-4.0,-1.1
-4.0,-4.0,-1.1
-4.0,-4.0,-1.1
-4.0,-4.0,-1.1
-4.0,-4.0,-1.1
-4.0,-4.0,-1.1
-4.0,-4.0,-1.1
-4.0,-4.0,-1.1
-4.0,-4.0,-1.1
-4.0,-4.0,-1.1
-4.0,-4.0,-1.1
-4.0,-4.0,-1.1
-4.0,-4.0,-1.1
-4.0,-4.0,-1.1
-4.0,-4.0,-1.1
-4.0,-4.0,-1.1
-4.0,-4.0,-1.1
-4.0,-4.0,-1.1
-4.0,-4.0,-1.1
-4.0,-4.0,-1.1
-4.0,-4.0,-1.1
-4.0,-4.0,-1.1
-4.0,-4.0,-1.1
-4.0,-4.0,-1.1
-4.0,-4.0,-1.1
-4.0,-4.0,-1.1
-4.0,-4.0,-1.1
-4.0,-4.0,-1.1
-4.0,-4.0,-1.1
-4.0,-4.0,-1.1
-4.0,-4.0,-1.1
-4.0,-4.0,-1.1
-4.0,-4.0,-1.1
-4.0,-4.0,-1.1
-4.0,-4.0,-1.1
-4.0,-4.0,-1.1
-4.0,-4.0,-1.1
-4.0,-4.0,-1.1
-4.0,-4.0,-1.1
-4.0,-4.0,-1.1
-4.0,-4.0,-1.1
-4.0,-4.0,-1.1
-4.0,-4.0,-1.1
-4.0,-4.0,-1.1
-4.0,-4.0,-1.1
-4.0,-4.0,-1.1
-4.0,-4.0,-1.1
-4.0,-4.0,-1.1
-4.0,-4.0,-1.1
-4.0,-4.0,-1.1
-4.0,-4.0,-1.1
-4.0,-4.0,-1.1
-4.0,-4.0,-1.1
-4.0,-4.0,-1.1
-4.0,-4.0,-1.1
-4.0,-4.0,-1.1
-4.0,-4.0,-1.1
-4.0,-4.0,-1.1
-4.0,-4.0,-1.1
-4.0,-4.0,-1.1
-4.0,-4.0,-1.1
-4.0,-4.0,-1.1
-4.0,-4.0,-1.1
-4.0,-4.0,-1.1
-4.0,-4.0,-1.1
-4.0,-4.0,-1.1
-4.0,-4.0,-1.1
-4.0,-4.0,-1.1
-4.0,-4.0,-1.1
-4.0,-4.0,-1.1
-4.0,-4.0,-1.1
-4.0,-4.0,-1.1
-4.0,-4.0,-1.1
-4.0,-4.0,-1.1
-4.0,-4.0,-1.1
-4.0,-4.0,-1.1
-4.0,-4.0,-1.1
-4.0,-4.0,-1.1
-4.0,-4.0,-1.1
-4.0,-4.0,-1.1
-4.0,-4.0,-1.1
-4.0,-4.0,-1.1
-4.0,-4.0,-1.1
-4.0,-4.0,-1.1
-4.0,-4.0,-1.1
-4.0,-4.0,-1.1
-4.0,-4.0,-1.1
-4.0,-4.0,-1.1
-4.0,-4.0,-1.1
-4.0,-4.0,-1.1
-4.0,-4.0,-1.1
-4.0,-4.0,-1.1
-4.0,-4.0,-1.1
-4.0,-4.0,-1.1
-4.0,-4.0,-1.1
-4.0,-4.0,-1.1
-4.0,-4.0,-1.1
-4.0,-4.0,-1.1
-4.0,-4.0,-1.1
-4.0,-4.0,-1.1
-4.0,-4.0,-1.1
-4.0,-4.0,-1.1
-4.0,-4.0,-1.1
-4.0,-4.0,-1.1
-4.0,-4.0,-1.1
-4.0,-4.0,-1.1
-4.0,-4.0,-1.1
-4.0,-4.0,-1.1
-4.0,-4.0,-1.1
-4.0,-4.0,-1.1
-4.0,-4.0,-1.1
-4.0,-4.0,-1.1
-4.0,-4.0,-1.1
-4.0,-4.0,-1.1
-4.0,-4.0,-1.1
-4.0,-4.0,-1.1
-4.0,-4.0,-1.1
-4.0,-4.0,-1.1
-4.0,-4.0,-1.1
-4.0,-4.0,-1.1
-4.0,-4.0,-1.1
-4.0,-4.0,-1.1
-4.0,-4.0,-1.1
-4.0,-4.0,-1.1
-4.0,-4.0,-1.1
-4.0,-4.0,-1.1
-4.0,-4.0,-1.1
-4.0,-4.0,-1.1
-4.0,-4.0,-1.1
-4.0,-4.0,-1.1
-4.0,-4.0,-1.1
-4.0,-4.0,-1.1
-4.0,-4.0,-1.1
-4.0,-4.0,-1.1
-4.0,-4.0,-1.1
-4.0,-4.0,-1.1
-4.0,-4.0,-1.1
-4.0,-4.0,-1.1
-4.0,-4.0,-1.1
-4.0,-4.0,-1.1
-4.0,-4.0,-1.1
-4.0,-4.0,-1.1
-4.0,-4.0,-1.1
-4.0,-4.0,-1.1
-4.0,-4.0,-1.1
-4.0,-4.0,-1.1
-4.0,-4.0,-1.1
-4.0,-4.0,-1.1
-4.0,-4.0,-1.1
-4.0,-4.0,-1.1
-4.0,-4.0,-1.1
-4.0,-4.0,-1.1
-4.0,-4.0,-1.1
-4.0,-4.0,-1.1
-4.0,-4.0,-1.1
-4.0,-4.0,-1.1
-4.0,-4.0,-1.1
-4.0,-4.0,-1.1
-4.0,-4.0,-1.1
-4.0,-4.0,-1.1
-4.0,-4.0,-1.1
-4.0,-4.0,-1.1
-4.0,-4.0,-1.1
-4.0,-4.0,-1.1
-4.0,-4.0,-1.1
-4.0,-4.0,-1.1
-4.0,-4.0,-1.1
-4.0,-4.0,-1.1
-4.0,-4.0,-1.1
-4.0,-4.0,-1.1
-4.0,-4.0,-1.1
-4.0,-4.0,-1.1
-4.0,-4.0,-1.1
-4.0,-4.0,-1.1
-4.0,-4.0,-1.1
-4.0,-4.0,-1.1
-4.0,-4.0,-1.1
-4.0,-4.0,-1.1
-4.0,-4.0,-1.1
-4.0,-4.0,-1.1
-4.0,-4.0,-1.1
-4.0,-4.0,-1.1
-4.0,-4.0,-1.1
-4.0,-4.0,-1.1
-4.0,-4.0,-1.1
-4.0,-4.0,-1.1
-4.0,-4.0,-1.1
-4.0,-4.0,-1.1
-4.0,-4.0,-1.1
-4.0,-4.0,-1.1
-4.0,-4.0,-1.1
-4.0,-4.0,-1.1
-4.0,-4.0,-1.1
-4.0,-4.0,-1.1
-4.0,-4.0,-1.1
-4.0,-4.0,-1.1
-4.0,-4.0,-1.1
-4.0,-4.0,-1.1
-4.0,-4.0,-1.1
-4.0,-4.0,-1.1
-4.0,-4.0,-1.1
-4.0,-4.0,-1.1
-4.0,-4.0,-1.1
-4.0,-4.0,-1.1
-4.0,-4.0,-1.1
-4.0,-4.0,-1.1
-4.0,-4.0,-1.1
-4.0,-4.0,-1.1
-4.0,-4.0,-1.1
-4.0,-4.0,-1.1
-4.0,-4.0,-1.1
-4.0,-4.0,-1.1
-4.0,-4.0,-1.1
-4.0,-4.0,-1.1
-4.0,-4.0,-1.1
-4.0,-4.0,-1.1
-4.0,-4.0,-1.1
-4.0,-4.0,-1.1
-4.0,-4.0,-1.1
-4.0,-4.0,-1.1
-4.0,-4.0,-1.1
-4.0,-4.0,-1.1
-4.0,-4.0,-1.1
-4.0,-4.0,-1.1
-4.0,-4.0,-1.1
-4.0,-4.0,-1.1
-4.0,-4.0,-1.1
-4.0,-4.0,-1.1
-4.0,-4.0,-1.1
-4.0,-4.0,-1.1
-4.0,-4.0,-1.1
-4.0,-4.0,-1.1
-4.0,-4.0,-1.1
-4.0,-4.0,-1.1
-4.0,-4.0,-1.1
-4.0,-4.0,-1.1
-4.0,-4.0,-1.1
-4.0,-4.0,-1.1
-4.0,-4.0,-1.1
-4.0,-4.0,-1.1
-4.0,-4.0,-1.1
-4.0,-4.0,-1.1
-4.0,-4.0,-1.1
-4.0,-4.0,-1.1
-4.0,-4.0,-1.1
-4.0,-4.0,-1.1
-4.0,-4.0,-1.1
-4.0,-4.0,-1.1
-4.0,-4.0,-1.1
-4.0,-4.0,-1.1
-4.0,-4.0,-1.1
-4.0,-4.0,-1.1
-4.0,-4.0,-1.1
-4.0,-4.0,-1.1
-4.0,-4.0,-1.1
-4.0,-4.0,-1.1
-4.0,-4.0,-1.1
-4.0,-4.0,-1.1
-4.0,-4.0,-1.1
-4.0,-4.0,-1.1
-4.0,-4.0,-1.1
-4.0,-4.0,-1.1
-4.0,-4.0,-1.1
-4.0,-4.0,-1.1
-4.0,-4.0,-1.1
-4.0,-4.0,-1.1
-4.0,-4.0,-1.1
-4.0,-4.0,-1.1
-4.0,-4.0,-1.1
-4.0,-4.0,-1.1
-4.0,-4.0,-1.1
-4.0,-4.0,-1.1
-4.0,-4.0,-1.1
-4.0,-4.0,-1.1
-4.0,-4.0,-1.1
-4.0,-4.0,-1.1
-4.0,-4.0,-1.1
-4.0,-4.0,-1.1
-4.0,-4.0,-1.1
-4.0,-4.0,-1.1
-4.0,-4.0,-1.1
-4.0,-4.0,-1.1
-4.0,-4.0,-1.1
-4.0,-4.0,-1.1
-4.0,-4.0,-1.1
-4.0,-4.0,-1.1
-4.0,-4.0,-1.1
-4.0,-4.0,-1.1
-4.0,-4.0,-1.1
-4.0,-4.0,-1.1
-4.0,-4.0,-1.1
-4.0,-4.0,-1.1
-4.0,-4.0,-1.1
-4.0,-4.0,-1.1
-4.0,-4.0,-1.1
-4.0,-4.0,-1.1
-4.0,-4.0,-1.1
-4.0,-4.0,-1.1
-4.0,-4.0,-1.1
-4.0,-4.0,-1.1
-4.0,-4.0,-1.1
-4.0,-4.0,-1.1
-4.0,-4.0,-1.1
-4.0,-4.0,-1.1
-4.0,-4.0,-1.1
-4.0,-4.0,-1.1
-4.0,-4.0,-1.1
-4.0,-4.0,-1.1
-4.0,-4.0,-1.1
-4.0,-4.0,-1.1
-4.0,-4.0,-1.1
-4.0,-4.0,-1.1
-4.0,-4.0,-1.1
-4.0,-4.0,-1.1
-4.0,-4.0,-1.1
-4.0,-4.0,-1.1
-4.0,-4.0,-1.1
-4.0,-4.0,-1.1
-4.0,-4.0,-1.1
-4.0,-4.0,-1.1
-4.0,-4.0,-1.1
-4.0,-4.0,-1.1
-4.0,-4.0,-1.1
-4.0,-4.0,-1.1
-4.0,-4.0,-1.1
-4.0,-4.0,-1.1
-4.0,-4.0,-1.1
-4.0,-4.0,-1.1
-4.0,-4.0,-1.1
-4.0,-4.0,-1.1
