x,y,z
-0.122512,-0.429966,0.12191
0.121487,-0.487106,0.122438
0.364365,-0.529494,0.124516
-0.364422,-0.375903,0.121721
0.0417758,-0.250493,0.121964
0.288997,-0.295782,0.123295
-0.55684,-0.222506,0.124984
-0.198607,-0.193712,0.124321
0.442982,-0.0875296,0.122375
-0.391602,-0.0388924,0.122046
-0.0419946,-0.000499213,0.119627
0.199392,-0.0609069,0.120987
-0.486845,0.195852,0.123401
-0.241828,0.159472,0.121881
0.13863,0.179603,0.124258
0.385634,0.153754,0.12374
-0.0606417,0.380323,0.12087
0.281439,0.379963,0.124172
-0.30691,0.398933,0.123949
0.109161,0.554219,0.123683
-0.283097,-0.60563,0.171929
-0.0454417,-0.664668,0.162891
0.205799,-0.674722,0.276636
-0.487546,-0.498625,0.292652
0.525402,-0.347355,0.180196
-0.37375,-0.209688,0.301957
0.643418,-0.141761,0.251538
-0.636627,0.0066933,0.170518
-0.214448,-0.0143453,0.292395
-0.0526488,0.192228,0.274531
0.626926,0.150512,0.182828
0.119585,0.382752,0.311345
0.511094,0.373189,0.200693
-0.508315,0.398991,0.260386
-0.167327,0.590409,0.195779
0.289656,0.564266,0.290969
-0.00799019,-0.710849,0.39752
-0.250104,-0.659987,0.408427
-0.255015,-0.425179,0.330419
-0.00668698,-0.476767,0.331907
0.244997,-0.436192,0.326785
0.469183,-0.520545,0.349025
-0.617223,-0.29468,0.351943
-0.0897556,-0.243411,0.343395
0.606544,-0.324961,0.416889
0.174391,-0.206019,0.317647
0.417024,-0.186389,0.348074
-0.670762,-0.0563007,0.4011
-0.445023,0.0491849,0.343125
0.0227451,-0.0242208,0.353285
0.269759,0.0251767,0.336311
0.511571,0.0414659,0.368138
-0.631003,0.197877,0.327256
0.118649,0.177745,0.453016
-0.31728,0.261685,0.334192
0.340073,0.264058,0.336892
0.595869,0.273322,0.400954
-0.338814,0.539777,0.367334
-0.123291,0.411439,0.354806
0.4481,0.464803,0.443034
0.0598753,0.630986,0.348147
0.146035,-0.564638,0.510436
0.380378,-0.589266,0.569551
-0.441104,-0.544241,0.530411
-0.145079,-0.477152,0.535828
-0.590081,-0.354722,0.588524
-0.338347,-0.3267,0.535789
0.0795331,-0.327619,0.505952
0.402233,-0.318799,0.558004
-0.4621,-0.122756,0.51282
-0.218692,-0.114651,0.51218
0.248377,-0.125564,0.53306
0.671872,-0.0963032,0.48988
0.0110313,-0.0590471,0.588669
0.469262,-0.0764345,0.622845
-0.623556,0.12563,0.561438
-0.377636,0.166016,0.552577
-0.136709,0.114428,0.487531
0.361678,0.130922,0.541229
0.650365,0.128781,0.583552
-0.535834,0.350531,0.497016
-0.20128,0.337096,0.572976
0.256475,0.355448,0.546494
-0.331441,0.545091,0.615823
0.0259502,0.441997,0.545845
-0.138411,0.621139,0.485043
0.215373,0.59958,0.536624
-0.0294088,-0.707339,0.640876
-0.264564,-0.655057,0.654132
0.199999,-0.676909,0.722453
-0.503851,-0.482384,0.780335
-0.269534,-0.429851,0.747507
0.0246182,-0.473472,0.699112
0.267864,-0.434454,0.729199
0.513168,-0.466544,0.736518
-0.104775,-0.266385,0.658399
0.629327,-0.267033,0.659529
-0.667886,-0.127075,0.633906
-0.398336,-0.222609,0.751266
0.131607,-0.228596,0.721938
-0.468654,0.00878506,0.715449
-0.223128,0.0414154,0.705547
0.212639,0.0404397,0.710447
0.672893,-0.0441612,0.756041
0.0107505,0.176776,0.672352
0.379253,0.226735,0.768186
-0.0612343,0.390062,0.769929
0.187199,0.37822,0.774666
0.54963,0.348675,0.635167
-0.500325,0.410748,0.728981
0.380022,0.515485,0.698542
-0.127429,0.621627,0.728174
0.118106,0.621329,0.764594
-0.260848,-0.626025,0.894323
-0.0228818,-0.69476,0.886538
0.366724,-0.598493,0.88317
0.1124,-0.486068,0.913991
-0.62853,-0.271429,0.833336
-0.0861694,-0.349541,0.88227
-0.210997,-0.128703,0.886373
0.373677,-0.219611,0.798536
0.640268,-0.233055,0.91102
-0.671892,-0.0206458,0.848291
0.000854515,-0.0198765,0.824258
0.455632,0.0103842,0.855567
-0.623484,0.21246,0.791435
-0.424899,0.132842,0.917405
-0.176222,0.118378,0.934915
0.0512616,0.215102,0.910654
0.625345,0.199546,0.81703
-0.288489,0.300462,0.799725
-0.340668,0.537649,0.865339
0.501615,0.408366,0.886315
0.296584,0.566969,0.927506
0.184903,-0.684494,1.02333
-0.454787,-0.529116,1.01841
-0.108572,-0.48208,1.08338
0.532401,-0.443883,0.981474
-0.596746,-0.332731,1.07177
-0.32533,-0.328864,0.970001
-0.0996289,-0.236645,1.0992
0.302584,-0.354078,0.992026
-0.667754,-0.0929625,1.07509
-0.445673,-0.109922,0.965552
0.102176,-0.211043,0.957602
0.441081,-0.15429,1.03774
-0.000305427,-0.0112257,1.06289
0.22122,0.00542643,0.949308
0.667548,0.0306109,0.991036
-0.646539,0.151583,1.02775
0.402625,0.128497,1.06662
-0.533942,0.365118,0.967469
-0.148581,0.360272,0.995855
0.284245,0.332448,0.99682
0.604775,0.258609,1.05647
0.0690799,0.47328,0.960063
-0.133654,0.619964,0.971711
-0.033589,-0.707705,1.13198
-0.271404,-0.654575,1.13
0.387318,-0.582471,1.12895
0.130872,-0.479433,1.14967
-0.280728,-0.362468,1.21258
0.128248,-0.237645,1.19301
0.334509,-0.363988,1.23514
0.578484,-0.377095,1.21301
-0.447977,-0.182882,1.20334
0.662253,-0.157464,1.14714
-0.456448,0.0579135,1.14875
-0.238475,-0.0389298,1.11855
0.274716,-0.0417551,1.18229
-0.118558,0.18099,1.16751
0.15728,0.167521,1.12595
0.654676,0.0858906,1.23079
-0.564857,0.324676,1.20814
-0.344489,0.268354,1.10455
0.335104,0.278315,1.25295
-0.390253,0.510229,1.10788
0.00375904,0.397747,1.18327
0.469035,0.445077,1.12958
-0.190028,0.608088,1.21121
0.0443431,0.636811,1.13553
0.274587,0.575738,1.17702
-0.0128877,-0.708427,1.3771
-0.20132,-0.560312,1.33737
0.206175,-0.677468,1.26783
-0.439331,-0.54478,1.26471
0.169587,-0.464538,1.38433
0.455475,-0.531766,1.3634
-0.58758,-0.361893,1.31987
-0.0419182,-0.378306,1.29492
-0.665886,-0.136139,1.30977
-0.155755,-0.152242,1.32473
0.241161,-0.159854,1.39158
0.462601,-0.162248,1.28464
0.669465,-0.0954753,1.39948
-0.472597,-0.00944447,1.38065
0.0563373,-0.0262297,1.29682
0.436439,0.0742007,1.3494
-0.659398,0.106347,1.26921
-0.38753,0.213693,1.33997
-0.163191,0.134901,1.40693
0.0572771,0.217471,1.34037
-0.215804,0.376678,1.28691
0.573979,0.30849,1.30874
-0.432908,0.475207,1.35163
0.17215,0.434781,1.35149
0.409519,0.494639,1.37749
-0.00458879,0.634707,1.3724
-0.18949,-0.682614,1.5484
0.286146,-0.646463,1.49882
-0.572303,-0.397412,1.56407
-0.380008,-0.534079,1.50335
-0.0325339,-0.502466,1.50739
-0.219715,-0.349566,1.45874
0.050146,-0.271833,1.49875
0.356107,-0.344567,1.48897
0.603317,-0.328469,1.45226
-0.658485,-0.165164,1.54827
-0.432907,-0.232555,1.45891
0.452632,-0.123371,1.52851
-0.275331,-0.0535196,1.51687
-0.0287395,-0.0394264,1.52149
0.214934,0.0731882,1.46162
-0.662385,0.0810219,1.51245
-0.425951,0.135296,1.57395
0.647125,0.139339,1.47391
-0.580204,0.304986,1.45661
-0.271135,0.322539,1.52746
0.311161,0.299731,1.50041
0.545182,0.354519,1.55633
-0.0462458,0.407315,1.46145
-0.230926,0.573056,1.45273
0.192924,0.609851,1.51591
-0.338168,-0.613185,1.73208
0.0733019,-0.701876,1.60846
-0.13135,-0.448552,1.71609
0.184004,-0.464314,1.62458
0.499887,-0.492639,1.6061
-0.352614,-0.343357,1.66447
0.62083,-0.290389,1.69576
-0.454014,-0.115903,1.67537
-0.148258,-0.210738,1.65084
0.225248,-0.139207,1.63219
0.669651,-0.0514199,1.64264
-0.194152,0.126397,1.6626
0.0265668,0.193113,1.58151
0.213923,0.0979694,1.70527
0.434318,0.111139,1.59472
0.63456,0.182013,1.71785
-0.602912,0.255054,1.699
-0.103,0.372865,1.69866
-0.462529,0.449188,1.61994
0.131729,0.407978,1.63195
0.366893,0.502204,1.65219
-0.264607,0.577638,1.6947
-0.0368679,0.633048,1.61472
-0.1066,-0.694083,1.77944
0.139481,-0.694763,1.8454
0.340676,-0.614359,1.73658
-0.518994,-0.461711,1.79367
0.197535,-0.458844,1.86831
0.504208,-0.478579,1.86697
-0.637907,-0.248044,1.77564
0.0625906,-0.292387,1.74432
0.358337,-0.328012,1.73633
0.240453,-0.100757,1.87314
0.469463,-0.113247,1.77562
-0.669737,-0.00644065,1.73916
-0.199687,0.026669,1.88794
0.0228107,-0.0495796,1.75847
0.670306,-0.021491,1.88949
-0.431517,0.0816561,1.81689
-0.0147582,0.183789,1.83425
0.427821,0.117401,1.83953
-0.331173,0.302239,1.76894
0.2877,0.31582,1.79818
0.522306,0.385474,1.80329
0.0730724,0.413905,1.8702
-0.0816105,0.623462,1.85769
0.160873,0.617245,1.76246
-0.031817,-0.705987,2.01343
-0.265457,-0.653141,1.96413
0.33492,-0.621721,1.97974
-0.463794,-0.522618,2.01927
-0.287462,-0.406044,1.89529
-0.0363686,-0.471263,1.94048
-0.605245,-0.322893,2.00553
0.102458,-0.270103,1.9834
0.353205,-0.297135,1.98333
0.622101,-0.274573,1.94253
-0.579733,-0.0846108,1.95108
-0.355879,-0.16632,1.89566
-0.115096,-0.206356,1.89335
0.470661,-0.0805449,2.02268
0.0236894,-0.0301256,2.00044
-0.642946,0.154673,1.92219
-0.351762,0.223484,2.00207
0.204,0.132676,1.94271
0.622474,0.211787,1.96215
-0.528121,0.375165,1.90435
-0.159545,0.367376,1.93598
0.255176,0.351463,2.04142
0.345876,0.536553,1.9029
-0.320517,0.552817,1.93022
0.120501,0.618239,2.01713
-0.200021,-0.474616,2.11632
0.141834,-0.480461,2.11231
0.51871,-0.44484,2.15183
-0.376602,-0.304017,2.09891
-0.097325,-0.254338,2.13416
0.63884,-0.222251,2.18364
-0.668699,0.0384124,2.14374
-0.435473,-0.0318607,2.14201
-0.194036,-0.0313192,2.12681
0.244596,-0.0432186,2.11306
0.669421,0.0242342,2.13344
-0.0846377,0.18083,2.07694
0.142371,0.174392,2.17121
0.411229,0.155124,2.07899
-0.595297,0.273943,2.13101
-0.230517,0.359575,2.1701
0.605058,0.253333,2.20503
-0.445131,0.465782,2.12004
0.0240607,0.401754,2.1083
0.497804,0.408897,2.04906
-0.143081,0.581578,2.09333
0.3295,0.549198,2.16418
-0.373413,-0.594593,2.22979
-0.148408,-0.691216,2.22453
0.102725,-0.699499,2.21743
0.337542,-0.617308,2.2192
-0.549915,-0.421807,2.22572
-0.0276324,-0.486613,2.29344
0.245703,-0.422257,2.33113
-0.233399,-0.3467,2.3183
0.13297,-0.243002,2.21374
-0.651889,-0.197514,2.21063
-0.431221,-0.203911,2.31402
0.379368,-0.221216,2.22153
0.022002,-0.0274753,2.24415
0.241712,0.0283827,2.34786
0.478377,-0.00110837,2.28589
-0.63849,0.167874,2.35331
-0.392231,0.188719,2.24345
-0.154443,0.136013,2.31248
0.378368,0.227164,2.30585
-0.521798,0.383134,2.34088
-0.0597022,0.391054,2.33732
0.191878,0.385473,2.29053
-0.336374,0.54519,2.32698
-0.107971,0.62897,2.32948
0.132318,0.622272,2.29357
-0.0236683,-0.706761,2.43556
-0.264967,-0.65309,2.43895
0.222614,-0.670723,2.43071
-0.471572,-0.514232,2.43934
0.0863286,-0.484476,2.51272
0.439857,-0.543271,2.42853
-0.615014,-0.308893,2.43264
-0.0215922,-0.269985,2.41351
0.58222,-0.342389,2.39613
-0.213644,-0.10282,2.36298
0.210519,-0.197957,2.43465
0.44504,-0.154086,2.50226
0.667583,-0.108601,2.40217
-0.672108,-0.0675301,2.4168
-0.0177496,-0.0147644,2.47883
-0.418255,0.136916,2.4812
0.0748188,0.198048,2.39879
0.414596,0.0935741,2.51408
0.643812,0.135397,2.41563
-0.280072,0.325909,2.41848
0.284335,0.319076,2.51353
0.542561,0.362356,2.41927
0.356447,0.531098,2.40982
-0.376555,-0.592379,2.65039
-0.148555,-0.691861,2.65063
0.101451,-0.698759,2.64659
0.336799,-0.617819,2.64242
-0.553587,-0.412538,2.64681
-0.157712,-0.453602,2.52864
0.525858,-0.453586,2.64319
-0.360565,-0.314743,2.5256
0.0948281,-0.275807,2.63966
0.315034,-0.376094,2.55817
-0.656104,-0.185023,2.64059
-0.458827,-0.0923149,2.52585
-0.145005,-0.222706,2.62162
0.641751,-0.233659,2.62425
-0.663701,0.0636355,2.62456
-0.239798,2.40826e-05,2.5902
0.256088,-0.0685835,2.63441
0.668692,0.0121306,2.62753
-0.11313,0.206504,2.55802
0.140668,0.149216,2.62368
-0.587933,0.29106,2.56324
-0.326874,0.281366,2.65906
0.0517723,0.389677,2.55126
0.605901,0.251465,2.63133
-0.428528,0.479374,2.54781
-0.185419,0.52407,2.53848
0.459477,0.451969,2.63265
0.039625,0.633855,2.52536
0.252187,0.584285,2.63295
-0.270432,-0.394225,2.74216
-0.0297075,-0.491507,2.73431
0.211716,-0.4476,2.76509
0.395523,-0.246189,2.75037
-0.433224,-0.206628,2.73588
-0.233042,-0.118273,2.83059
-0.440048,0.0459322,2.72918
0.0224457,-0.0532677,2.70712
0.459465,-0.00635525,2.7558
-0.630691,0.192673,2.83322
-0.207592,0.123136,2.80349
0.0220363,0.206933,2.82619
0.375455,0.225318,2.7224
-0.116268,0.385598,2.73001
0.179618,0.383913,2.7562
-0.512011,0.399135,2.76964
-0.317211,0.549564,2.75534
-0.0845494,0.629477,2.74083
-0.269983,-0.651167,2.86291
-0.0268083,-0.703355,2.86324
0.218787,-0.672248,2.8606
-0.477013,-0.508136,2.85959
-0.169893,-0.45193,2.95863
0.0726328,-0.487192,2.96015
0.433893,-0.544544,2.85627
-0.617953,-0.303409,2.85704
-0.369183,-0.306869,2.95179
-0.0447524,-0.272198,2.84449
0.314323,-0.357789,2.96742
0.592593,-0.351476,2.85432
0.183718,-0.174044,2.8534
0.437925,-0.136216,2.96854
0.665071,-0.115013,2.84226
-0.672002,-0.0505903,2.84473
-0.448596,-0.0729547,2.94621
-0.0371568,-0.00882468,2.92718
0.224323,0.0694058,2.83862
-0.408128,0.172299,2.93729
0.428693,0.11154,2.96941
0.64796,0.132485,2.84483
-0.223781,0.336318,2.94179
0.282824,0.310884,2.96181
0.54362,0.357997,2.84665
-0.418424,0.486636,2.97842
0.0108569,0.422539,2.94144
0.362458,0.525296,2.8478
-0.2014,0.60235,2.96553
0.135289,0.619893,2.84956
-0.382326,-0.587378,3.07249
-0.154824,-0.690072,3.07594
0.0956692,-0.700995,3.07529
0.333787,-0.61863,3.0714
-0.557379,-0.408652,3.07167
0.521832,-0.455553,3.06901
0.0775058,-0.26087,3.05886
0.639719,-0.237141,3.06677
-0.654255,-0.17238,3.05953
-0.166609,-0.202321,3.0515
-0.229495,0.0568921,3.06045
0.238652,-0.0211334,3.06331
0.668083,0.00862553,3.05879
-0.665029,0.0796602,3.0518
-0.0187572,0.192835,3.06954
-0.577185,0.310338,3.0468
0.608202,0.250477,3.06102
0.462578,0.449872,3.06158
0.0162907,0.63486,3.06585
0.254695,0.579373,3.06398
-0.0290363,-0.706465,3.28863
-0.27587,-0.647558,3.28596
0.218567,-0.66939,3.28693
-0.479164,-0.504693,3.28571
-0.0530643,-0.489486,3.17314
0.192022,-0.446336,3.1732
0.434683,-0.546637,3.28449
-0.622649,-0.289141,3.27581
-0.279981,-0.388565,3.16925
-0.0577776,-0.26151,3.26511
0.590945,-0.352376,3.28201
-0.429267,-0.192719,3.1621
-0.231816,-0.0870686,3.26342
0.320014,-0.225687,3.17286
0.665513,-0.115723,3.27897
-0.670407,-0.0436797,3.26725
-0.453131,0.0516383,3.16144
0.0111104,-0.0447047,3.15225
0.454256,-0.00582356,3.18402
-0.625249,0.200518,3.26312
-0.151883,0.14794,3.27542
0.0928876,0.169056,3.288
0.30874,0.195282,3.17466
0.648358,0.129956,3.27435
-0.32903,0.266847,3.15239
0.13666,0.375584,3.1518
0.544363,0.354337,3.27548
-0.497576,0.414777,3.2572
-0.114716,0.405843,3.15322
0.367425,0.524196,3.27716
-0.306939,0.558325,3.18674
0.131998,0.592092,3.27754
-0.173379,-0.447047,3.38464
0.0721998,-0.481382,3.38643
-0.374041,-0.301944,3.37799
0.102327,-0.23532,3.44984
0.301375,-0.363411,3.37818
0.439749,-0.15625,3.37611
-0.451162,-0.0693969,3.37692
-0.0198216,-0.0323852,3.37912
0.222803,-0.0431194,3.31153
-0.403844,0.172462,3.37019
0.41495,0.132189,3.38678
-0.239082,0.359991,3.36317
0.25809,0.327048,3.38342
0.0106695,0.395617,3.36433
-0.201902,0.602841,3.40558
-0.383877,-0.587011,3.4998
-0.158309,-0.689211,3.49969
0.0962033,-0.699255,3.50194
0.331581,-0.615974,3.50031
-0.564975,-0.397676,3.4912
-0.0544047,-0.491613,3.59658
0.189368,-0.418266,3.59421
0.522284,-0.4561,3.4975
-0.283527,-0.386143,3.59491
0.392284,-0.271261,3.58832
0.639656,-0.236965,3.49553
-0.654971,-0.165828,3.48344
-0.434241,-0.191346,3.59073
-0.171125,-0.202479,3.47661
-0.45021,0.0551537,3.5904
-0.232205,0.0348127,3.48282
-0.0147137,-0.0325774,3.60682
0.445392,-0.0182311,3.57984
0.670976,0.0101143,3.49144
-0.663943,0.081622,3.47889
-0.0429689,0.192608,3.49435
0.192699,0.108525,3.50691
-0.57581,0.312724,3.47742
-0.328542,0.277067,3.57867
0.364145,0.24714,3.62135
0.608322,0.24816,3.48905
-0.411387,0.494576,3.47629
-0.123234,0.419851,3.57288
0.124658,0.393172,3.58266
0.464879,0.447164,3.49153
0.0217225,0.633727,3.49117
0.259917,0.580863,3.49081
-0.0317403,-0.706708,3.71542
-0.277282,-0.646877,3.71379
0.219542,-0.671281,3.71516
-0.48877,-0.494386,3.70429
0.436927,-0.545209,3.71337
-0.625686,-0.287615,3.70222
-0.0519666,-0.265562,3.68526
0.592045,-0.351057,3.71248
-0.234838,-0.100246,3.69773
0.180788,-0.183569,3.67902
0.662748,-0.112727,3.70766
-0.67199,-0.0430485,3.69533
0.269212,0.0383992,3.73526
-0.626817,0.199764,3.69278
-0.169065,0.137482,3.70109
0.0739346,0.184929,3.71099
0.601333,0.265071,3.73139
-0.500034,0.411765,3.69189
0.448232,0.46108,3.73816
-0.290992,0.567997,3.68041
-0.0209294,0.637345,3.73041
0.223144,0.594434,3.73283
-0.399596,-0.578814,3.91766
-0.15258,-0.660053,3.92811
0.0953452,-0.701235,3.92967
0.335317,-0.618757,3.92832
-0.566553,-0.39472,3.91844
-0.174956,-0.445761,3.80849
0.0789573,-0.489859,3.80508
0.522894,-0.45435,3.92863
-0.373176,-0.300885,3.80564
0.0861855,-0.262592,3.89599
0.306169,-0.35715,3.8045
-0.657489,-0.165694,3.91303
-0.159121,-0.218545,3.9029
0.429349,-0.141866,3.79244
0.639563,-0.233279,3.92526
-0.454654,-0.0692259,3.80599
-0.23981,0.01111,3.91933
0.0490371,-0.0306147,3.82722
0.663805,0.0732246,3.86917
-0.664211,0.0809551,3.90771
-0.401758,0.169413,3.80138
-0.0618537,0.17971,3.92001
0.18216,0.155468,3.93278
0.410893,0.198419,3.86138
-0.574314,0.311969,3.90746
-0.242085,0.355045,3.79707
0.233396,0.358,3.80168
-0.410759,0.494866,3.90502
-0.00664148,0.401289,3.79147
-0.18922,0.605621,3.903
-0.045743,-0.433522,4.01675
0.220976,-0.42789,4.02508
-0.289523,-0.391335,4.02286
0.405438,-0.256383,4.00872
-0.433195,-0.190769,4.01869
0.236418,-0.0805588,3.97673
-0.453692,0.057843,4.02583
0.00704361,-0.0323577,4.05636
0.468698,-0.00356265,3.99082
-0.326485,0.269899,4.01397
0.1929,0.376896,4.04596
0.524739,0.380452,3.98568
-0.108264,0.402612,4.01562
0.340279,0.542396,3.94581
0.088922,0.574345,3.93922
-0.291112,-0.640196,4.13164
-0.032795,-0.693077,4.14424
0.219241,-0.672055,4.14239
-0.491602,-0.493745,4.133
-0.166335,-0.45433,4.23407
0.0815386,-0.485903,4.22026
0.431517,-0.540186,4.14475
-0.625407,-0.286251,4.13198
-0.374675,-0.300473,4.23422
0.377285,-0.298042,4.24706
0.594695,-0.34937,4.14302
-0.109985,-0.230848,4.14493
0.156272,-0.231142,4.1527
0.66543,-0.111784,4.13913
-0.671043,-0.0423141,4.12601
-0.320539,-0.0625091,4.19269
0.202224,0.00635184,4.20708
0.43852,-0.0603199,4.22446
-0.628642,0.200897,4.12226
-0.394347,0.17431,4.23678
-0.17229,0.122874,4.13583
0.0604374,0.194612,4.13837
0.363631,0.191754,4.10456
0.648833,0.131764,4.10844
-0.226105,0.353472,4.22493
0.563084,0.327226,4.22651
-0.499678,0.411531,4.12202
0.0227601,0.426111,4.22368
0.393763,0.500789,4.18631
-0.305,0.560458,4.11471
-0.0686602,0.631602,4.12086
0.175274,0.612006,4.16548
-0.399703,-0.577819,4.34726
-0.174759,-0.680896,4.3473
0.0942199,-0.701829,4.36068
0.329218,-0.621229,4.35975
-0.567975,-0.395281,4.34857
0.223814,-0.40609,4.40748
0.51846,-0.459667,4.36504
0.0216108,-0.274947,4.35234
-0.654987,-0.165364,4.34369
-0.202878,-0.182936,4.36802
0.238433,-0.159452,4.39277
0.609463,-0.22069,4.35517
-0.450695,-0.00709857,4.39454
-0.0364604,-0.0179835,4.28707
0.661084,0.0243749,4.34713
-0.665863,0.0817447,4.33829
-0.0518244,0.228915,4.34872
0.407857,0.152074,4.3469
-0.576675,0.311164,4.33551
0.230448,0.308383,4.27866
-0.420149,0.48645,4.4055
0.247851,0.532922,4.39088
-0.212872,0.598869,4.33486
0.0265166,0.632942,4.36351
-0.0526102,-0.706268,4.56154
-0.293063,-0.639133,4.5637
-0.258441,-0.415529,4.45914
-0.028767,-0.499181,4.43669
-0.422146,-0.236224,4.46799
0.0370761,-0.0804891,4.50392
-0.672551,-0.0411642,4.55412
-0.222671,0.0721649,4.41268
0.453911,-0.0651121,4.4683
-0.628724,0.202304,4.54974
0.168698,0.11637,4.42549
-0.394081,0.236389,4.48059
-0.199563,0.388777,4.4674
0.279492,0.319463,4.51804
0.612034,0.241546,4.45681
0.0479756,0.413494,4.48061
0.47108,0.442005,4.42328
-0.122874,0.617053,4.56201
0.159375,-0.579147,4.57855
-0.474597,-0.471981,4.56677
-0.062086,-0.491279,4.67997
0.411156,-0.510436,4.58291
-0.629745,-0.280283,4.57904
-0.27833,-0.374323,4.70838
-0.0980976,-0.272574,4.57482
0.130403,-0.336397,4.62452
0.363707,-0.265378,4.58124
0.601458,-0.334777,4.5751
-0.441624,-0.194528,4.71107
-0.261047,-0.0929913,4.58735
0.669879,-0.0959867,4.57959
-0.457146,0.0460996,4.63644
-0.0610609,-0.0157286,4.70897
0.252339,-0.0318365,4.60708
0.466348,-0.0683451,4.71817
-0.235613,0.147072,4.64541
-0.00308926,0.192927,4.58505
0.431461,0.141972,4.59368
0.651886,0.119327,4.70501
0.144243,0.385073,4.70972
0.533441,0.367696,4.65282
-0.508133,0.403995,4.62289
-0.10129,0.396514,4.69116
0.352019,0.53339,4.62159
-0.321425,0.55061,4.6932
0.123667,0.622926,4.59222
-0.398961,-0.574752,4.78345
-0.178442,-0.682953,4.78079
0.0693657,-0.704358,4.77528
0.307126,-0.634249,4.77016
-0.566828,-0.39526,4.78469
0.0887171,-0.482748,4.87771
0.551924,-0.418024,4.8031
-0.0756128,-0.237536,4.81986
0.305445,-0.388648,4.78863
-0.663079,-0.157204,4.80144
0.160367,-0.162889,4.79902
0.653326,-0.192089,4.81033
-0.264069,-0.0661019,4.83004
-0.660845,0.0878522,4.76527
-0.130932,0.162909,4.86431
0.136576,0.115668,4.76651
-0.576818,0.308427,4.86155
-0.3423,0.320188,4.78198
0.338866,0.256369,4.78856
0.585793,0.284884,4.87979
0.431246,0.477208,4.85086
-0.0323436,0.634088,4.79
0.215799,0.596391,4.82041
-0.315739,-0.628454,5.01008
-0.0601723,-0.681071,4.99907
0.192074,-0.679635,4.98809
0.426912,-0.55164,4.97232
-0.155932,-0.461698,4.90479
-0.611909,-0.313506,5.01065
-0.381283,-0.36727,4.9402
0.256561,-0.383196,5.0312
-0.469929,-0.125336,4.94415
-0.213324,-0.208398,5.02317
0.42565,-0.21361,4.91673
0.00843828,-0.02687,4.94183
0.312017,0.00748369,4.9011
0.557618,0.0412036,4.92135
-0.653244,0.116426,5.00722
-0.427544,0.11111,4.88488
0.150147,0.168376,5.00217
0.395085,0.210979,5.02312
-0.28939,0.277033,5.01869
0.00593965,0.35688,4.91032
-0.43171,0.477816,4.97257
-0.199308,0.484349,4.89889
0.237594,0.39429,4.97042
0.0682975,0.63053,5.01442
0.324686,-0.623948,5.18827
-0.489069,-0.490374,5.1303
-0.162878,-0.491326,5.14414
0.0844362,-0.526167,5.15537
0.00207503,-0.321359,5.04136
0.409268,-0.238204,5.16258
0.581818,-0.370255,5.04601
-0.667956,-0.1028,5.12149
-0.414964,-0.21756,5.16205
-0.0497383,-0.0843828,5.17227
0.180071,-0.149917,5.06904
0.662403,-0.13685,5.0541
-0.461157,0.0267427,5.13474
-0.23221,0.0364191,5.05038
0.362913,0.00111131,5.14386
-0.0603831,0.191314,5.13026
0.62895,0.192502,5.10524
-0.568089,0.32304,5.11056
0.0391563,0.421109,5.14431
0.48419,0.4277,5.09959
-0.24051,0.592903,5.11159
0.279872,0.574601,5.12868
-0.328834,-0.622687,5.26489
-0.0930379,-0.701561,5.24634
0.138142,-0.690743,5.33867
0.265719,-0.402098,5.2767
0.503752,-0.476208,5.27922
-0.616687,-0.304139,5.25949
-0.2007,-0.284369,5.25768
0.0448424,-0.286204,5.28265
0.631432,-0.262844,5.26687
0.237706,-0.135888,5.31032
-0.268914,-0.0524458,5.27694
0.137195,0.0721665,5.22389
0.669025,0.00281795,5.25919
-0.653727,0.126602,5.25334
-0.383877,0.232577,5.24313
-0.177742,0.16344,5.34861
0.448678,0.198314,5.2683
-0.190301,0.380136,5.22133
0.0433279,0.269495,5.34031
0.242847,0.299245,5.19901
-0.424476,0.4801,5.23751
0.162451,0.516897,5.34048
0.406158,0.498645,5.32512
-0.0293129,0.636211,5.23974
-0.0568803,-0.705618,5.49305
0.352404,-0.601372,5.43405
-0.501202,-0.482454,5.38607
-0.276457,-0.404849,5.45869
-0.0564826,-0.492929,5.36631
0.149771,-0.431468,5.48879
-0.618737,-0.295533,5.50661
0.426557,-0.261956,5.40985
-0.667293,-0.0895731,5.37298
-0.415337,-0.199339,5.40974
-0.105902,-0.224631,5.47341
0.662783,-0.125912,5.47281
-0.461433,0.0439552,5.38072
-0.00861083,-0.00832766,5.40493
0.224872,0.0651833,5.45513
0.447157,-0.0194676,5.37635
-0.653846,0.133849,5.50056
0.65165,0.120999,5.47777
-0.567361,0.326261,5.36955
-0.366129,0.245192,5.49132
-0.167206,0.384312,5.46679
0.285816,0.315226,5.44512
0.556472,0.340761,5.43593
-0.41893,0.488085,5.48709
-0.238786,0.592681,5.35772
-0.0150274,0.635298,5.48637
-0.294852,-0.64075,5.5116
0.172323,-0.684442,5.58556
-0.509498,-0.47437,5.63458
-0.0552724,-0.495223,5.6119
0.528758,-0.449698,5.52598
0.335793,-0.33209,5.63307
-0.659452,-0.0810879,5.62149
-0.310832,-0.230818,5.62922
0.133594,-0.190028,5.52997
0.445615,-0.108609,5.60474
-0.455034,0.0586499,5.6233
-0.237183,-0.019397,5.52078
-0.0240419,-0.0414408,5.64705
-0.0513895,0.186513,5.55554
0.172199,0.215325,5.64381
0.425288,0.141728,5.5795
-0.5597,0.331467,5.61852
0.0641899,0.408756,5.53828
0.414772,0.489591,5.57391
-0.227428,0.59366,5.60659
0.19877,0.60509,5.60804
-0.142572,-0.694447,5.7302
0.0990808,-0.700624,5.82344
0.385144,-0.584529,5.67899
-0.279646,-0.487544,5.70633
0.162134,-0.483158,5.72845
0.530654,-0.445206,5.82434
-0.622594,-0.286943,5.7552
-0.0797074,-0.27465,5.70935
0.154131,-0.244487,5.78166
0.627681,-0.271874,5.67114
-0.453003,-0.114908,5.79136
-0.208789,-0.0856753,5.80221
0.222984,-0.0237457,5.69213
0.440699,0.0332659,5.80692
0.660485,-0.00291011,5.69258
-0.649941,0.141618,5.74814
-0.24142,0.141159,5.70576
-0.0185206,0.183726,5.80026
0.358071,0.265862,5.78491
0.566903,0.325146,5.68075
-0.413233,0.492366,5.73583
-0.112232,0.396956,5.71001
0.128606,0.42685,5.77011
0.348617,0.535465,5.80933
-0.0115096,0.631218,5.73562
-0.328923,-0.621433,5.91234
-0.103413,-0.698557,5.9783
0.319564,-0.627814,5.91519
-0.517502,-0.467277,5.8881
-0.059956,-0.48804,5.85911
0.181239,-0.4363,5.96946
-0.33551,-0.310739,5.86544
-0.117622,-0.264152,5.94874
0.26211,-0.0828173,5.93259
0.446666,-0.212753,5.82894
-0.671613,-0.0715125,5.86917
0.0213138,-0.0504157,5.8882
0.641806,-0.0652306,5.93058
-0.43312,0.118814,5.86288
-0.20086,0.112431,5.94967
0.19033,0.153455,5.91962
0.634011,0.176077,5.86825
-0.554882,0.337137,5.86707
-0.292173,0.321703,5.86008
-0.0463615,0.450761,5.94654
0.518453,0.392416,5.91649
-0.224526,0.595205,5.8555
0.147151,0.61812,5.9268
0.135614,-0.690034,6.07034
-0.494231,-0.470049,6.13638
-0.253813,-0.438549,6.06031
-0.0186857,-0.498544,6.10238
0.485142,-0.501093,6.06355
-0.537219,-0.245073,5.99635
0.357266,-0.280747,6.05019
0.613876,-0.296834,6.00942
-0.345459,-0.0831224,6.00798
0.0976523,-0.223111,6.05228
-0.672551,-0.0722719,6.11561
-0.116181,-0.0651011,6.09222
0.116473,0.0146888,6.10885
0.450894,-0.0515298,6.08929
-0.64454,0.145241,5.99811
-0.388134,0.166998,6.09941
-0.00366368,0.227317,6.05374
0.417514,0.18411,6.01213
0.650651,0.11001,6.10802
-0.553882,0.342719,6.11634
-0.221801,0.350583,6.09249
0.184835,0.386347,6.00409
-0.408654,0.495914,5.98654
0.381559,0.514812,6.07748
-0.219455,0.597374,6.10366
0.0186211,0.632813,6.13803
-0.295333,-0.641965,6.18696
-0.0585175,-0.705395,6.22387
0.2131,-0.452775,6.21522
-0.62003,-0.283113,6.23545
-0.365623,-0.25751,6.18307
-0.105813,-0.287905,6.1916
0.510328,-0.327208,6.24119
0.236985,-0.209053,6.25475
0.662137,-0.13177,6.19159
-0.464035,-0.0356779,6.21618
-0.609363,0.163269,6.27949
-0.171145,0.142137,6.21365
0.230433,0.219623,6.17466
0.444991,0.132626,6.2578
0.556702,0.336722,6.15284
-0.400764,0.494323,6.23916
0.0665629,0.401658,6.21847
0.229789,0.590623,6.25361
-0.280843,-0.645608,6.4395
0.171369,-0.683101,6.31802
0.4246,-0.552764,6.29904
-0.494636,-0.489013,6.38439
-0.26003,-0.43505,6.3172
-0.0104483,-0.462573,6.34748
-0.125873,-0.259822,6.43227
0.335286,-0.346092,6.43559
0.634139,-0.252488,6.44493
-0.461037,-0.198075,6.40507
-0.24111,-0.080623,6.30654
0.00803881,-0.0967897,6.29932
0.458399,-0.102537,6.33385
-0.668986,-0.0631275,6.36423
-0.441581,0.0478343,6.43982
0.229592,0.0248476,6.32844
0.662582,0.0602106,6.35199
-0.202602,0.113235,6.45438
0.0334295,0.188202,6.35456
-0.371623,0.25872,6.32835
-0.148701,0.360997,6.32818
0.238628,0.345241,6.38689
0.581268,0.291037,6.39681
0.435847,0.473534,6.31898
-0.180633,0.607568,6.34635
0.0531804,0.631086,6.41987
-0.0400025,-0.704837,6.47176
0.318223,-0.623017,6.51264
-0.12265,-0.489502,6.56847
0.125405,-0.468446,6.55536
0.513577,-0.469789,6.54934
-0.582352,-0.371094,6.58586
-0.330484,-0.357561,6.54173
-0.647131,-0.133011,6.6009
-0.280947,-0.106587,6.54953
0.118832,-0.231782,6.47279
0.451492,-0.155265,6.57862
0.00393888,-0.00343351,6.52285
0.668814,-0.0313507,6.58201
-0.653668,0.10995,6.54583
0.199213,0.150257,6.53633
0.43574,0.0800545,6.50137
-0.564811,0.327344,6.46241
-0.373045,0.238562,6.57811
-0.325744,0.45653,6.47245
-0.0227429,0.423734,6.52797
0.468286,0.424024,6.57578
-0.1697,0.609327,6.59724
0.284043,0.570459,6.49449
-0.40843,-0.568272,6.63876
-0.122834,-0.687482,6.71916
0.126941,-0.693951,6.65567
0.382029,-0.587675,6.75353
-0.130218,-0.261403,6.67412
0.112525,-0.278504,6.71569
0.349242,-0.351005,6.68913
0.600604,-0.302032,6.70958
-0.435419,-0.211799,6.71214
-0.455453,0.0348574,6.68511
-0.215,0.0779828,6.69729
-0.01569,-0.0573701,6.75906
0.22454,-0.0732257,6.63238
-0.0164309,0.210218,6.64529
0.375574,0.218996,6.69725
0.621606,0.209456,6.62609
-0.602288,0.254794,6.7434
-0.205641,0.375697,6.69177
0.198656,0.377491,6.62549
-0.464385,0.449173,6.67175
0.328713,0.548979,6.74259
0.104888,0.618561,6.66059
-0.336202,-0.619457,6.89875
0.141363,-0.68766,6.90296
-0.529791,-0.448474,6.82591
-0.291626,-0.40477,6.78657
-0.0425118,-0.466074,6.80512
0.207294,-0.449999,6.86681
0.528529,-0.448327,6.90708
-0.646417,-0.221803,6.83269
-0.242807,-0.120342,6.8369
0.19675,-0.111551,6.87714
0.410322,-0.232503,6.90005
0.666107,-0.0895237,6.82261
-0.670879,0.0222876,6.7914
-0.470706,-0.0625128,6.90952
0.414008,-0.00982127,6.78457
-0.363955,0.231596,6.82113
-0.12103,0.223465,6.87262
0.165654,0.115345,6.78065
0.642932,0.153487,6.86574
0.241662,0.345763,6.86571
0.53229,0.370283,6.81493
-0.491877,0.421271,6.91577
0.0187513,0.410875,6.78382
-0.305178,0.560108,6.82746
-0.0693668,0.632531,6.83189
-0.108356,-0.687439,6.96737
0.356008,-0.604776,7.00058
-0.479246,-0.497591,7.08406
-0.204199,-0.421563,7.01808
0.0368492,-0.498406,7.03982
-0.630399,-0.268944,7.07516
-0.40766,-0.28945,6.9722
-0.0179887,-0.258313,6.93801
0.310364,-0.376199,7.08184
0.634589,-0.248417,7.00917
-0.213099,-0.173479,7.07234
-0.673085,-0.0272022,7.03771
-0.279582,0.0702969,6.99116
-0.0182981,-0.0166437,6.99922
0.260184,0.0323236,7.06668
0.554428,-0.00427749,7.0312
-0.530962,0.16698,6.98836
0.0910884,0.203461,6.99674
0.410906,0.184104,6.94309
-0.267833,0.372006,7.00319
-0.023816,0.421184,7.02392
0.397652,0.504149,6.97564
-0.189746,0.604667,7.04391
0.168297,0.603305,6.93003
-0.282698,-0.641038,7.14191
-0.0593963,-0.703411,7.23572
0.171967,-0.683775,7.14791
0.542406,-0.428226,7.15869
-0.340696,-0.32349,7.22273
-0.0462316,-0.315086,7.18477
-0.456775,-0.111343,7.14971
0.151785,-0.186774,7.11025
0.409367,-0.162402,7.15377
-0.646923,0.137053,7.22541
-0.347744,0.216986,7.17866
-0.108072,0.168243,7.13911
0.122337,0.156819,7.2328
0.422012,0.142499,7.21942
-0.546955,0.353261,7.15063
0.279138,0.317121,7.11004
0.601061,0.255315,7.08833
-0.371416,0.523621,7.18843
-0.162365,0.393203,7.2278
0.474828,0.437806,7.20228
0.0321959,0.633036,7.14342
0.270483,0.575481,7.17467
0.179745,-0.681282,7.39718
0.374253,-0.583629,7.25712
-0.416266,-0.534996,7.33047
-0.171495,-0.4921,7.30698
0.139208,-0.469125,7.26532
-0.574145,-0.330051,7.30944
0.10415,-0.236091,7.36677
0.33503,-0.323831,7.32481
-0.6683,-0.104376,7.27378
-0.41293,-0.153431,7.38984
-0.167446,-0.197535,7.37185
0.475801,-0.086757,7.3821
0.645988,-0.212675,7.25436
-0.255797,-0.00608659,7.24286
-0.0121153,-0.0537915,7.24219
0.245294,-0.0462437,7.29926
0.662267,0.0449054,7.25537
-0.441572,0.0928177,7.37119
-0.196682,0.192341,7.36852
-0.566983,0.321475,7.39618
0.280455,0.297554,7.35824
0.594999,0.272556,7.34056
0.0910301,0.412834,7.24311
-0.186706,0.608177,7.34046
0.128369,0.621078,7.37257
-0.28973,-0.606269,7.53348
-0.0582409,-0.687111,7.48519
0.404874,-0.570822,7.50662
0.200239,-0.43553,7.50116
0.563736,-0.400011,7.40642
-0.550563,-0.37766,7.55275
-0.31126,-0.363358,7.48171
-0.048221,-0.385117,7.49162
-0.627601,-0.144676,7.51433
0.650725,-0.195193,7.52108
-0.251116,-0.00343042,7.50454
-0.00237745,0.0186479,7.47696
0.237185,0.00577325,7.54229
0.663101,0.0536103,7.50375
-0.657581,0.105387,7.48244
0.433517,0.141378,7.46978
-0.36599,0.271063,7.52797
0.0295614,0.264945,7.43058
-0.399807,0.500075,7.43354
-0.164375,0.409138,7.47965
0.171966,0.436781,7.53289
0.359105,0.529379,7.40238
-0.0386499,0.633756,7.55452
0.221989,-0.668872,7.6413
-0.189165,-0.413023,7.69367
0.370793,-0.264374,7.56395
0.568198,-0.383532,7.66339
-0.376136,-0.17203,7.63894
-0.128717,-0.184905,7.61685
0.112633,-0.234283,7.61283
-0.668622,0.00413285,7.70863
-0.440574,0.0664955,7.64501
0.465051,-0.0431881,7.62866
-0.126745,0.187761,7.60574
0.118034,0.194022,7.64996
0.365856,0.230272,7.6925
0.622165,0.190555,7.71211
-0.608601,0.243995,7.68382
0.531023,0.365623,7.56335
-0.470483,0.445461,7.66477
-0.0232725,0.41226,7.6777
0.364693,0.526185,7.65591
-0.267066,0.580069,7.62792
-0.00541479,-0.70772,7.72853
-0.238561,-0.645597,7.79267
0.412993,-0.564379,7.7544
-0.447934,-0.533156,7.71778
0.0903141,-0.470076,7.72146
0.0775162,-0.248927,7.85698
0.302686,-0.349599,7.78785
-0.593841,-0.227495,7.74678
-0.235058,-0.210602,7.83967
0.264104,-0.106641,7.76209
0.476633,-0.188583,7.85846
0.671684,-0.0952859,7.74839
-0.434568,-0.057752,7.86158
-0.220923,0.0213613,7.76172
0.03263,-0.0252661,7.71896
0.462089,0.0604628,7.85408
-0.383222,0.183761,7.85437
-0.0424197,0.188675,7.83858
-0.253643,0.353229,7.73159
0.190982,0.376157,7.7964
-0.347086,0.541032,7.85936
0.505373,0.40438,7.81903
-0.0945508,0.624759,7.79788
0.143195,0.615187,7.72223
-0.00902174,-0.70271,7.97789
0.223134,-0.665761,7.89055
-0.551039,-0.394053,7.92355
-0.307306,-0.437218,7.9094
-0.0611609,-0.467093,7.91636
0.183003,-0.438678,7.98593
0.549159,-0.420125,7.90992
-0.668895,-0.0865934,7.93874
-0.00647942,-0.0366679,7.9616
0.315682,-0.074039,8.00351
0.666769,-0.00536871,7.98331
-0.641926,0.158109,7.91546
0.184186,0.096428,7.87572
0.61368,0.235002,7.95903
-0.528049,0.377768,7.89556
-0.250219,0.350078,7.97857
0.353404,0.25852,7.95375
-0.0256117,0.421674,7.92175
0.0884507,0.630645,7.97671
0.314127,0.557448,7.90439
-0.237585,-0.632718,8.04905
0.177378,-0.653735,8.13563
0.393631,-0.563472,8.04329
-0.493707,-0.45522,8.167
-0.249397,-0.405415,8.14988
-0.00134601,-0.452845,8.1569
-0.633576,-0.254716,8.11697
-0.0941098,-0.253072,8.03698
0.383566,-0.306126,8.0586
0.63503,-0.239697,8.05638
-0.390087,-0.232481,8.0329
-0.229967,-0.0807639,8.15699
0.142634,-0.218886,8.09833
-0.64805,0.0601869,8.14365
-0.409998,0.0772644,8.07796
-0.172153,0.12814,8.04136
0.0620776,0.190023,8.08591
0.467678,0.0959295,8.10077
-0.578745,0.302728,8.12474
-0.41805,0.489869,8.0888
-0.0851973,0.397074,8.15913
0.181994,0.405388,8.05039
0.462202,0.44707,8.07061
-0.176582,0.604709,8.03146
-0.271812,-0.591146,8.31392
-0.0558215,-0.688371,8.22169
0.362154,-0.600428,8.29311
0.22535,-0.402816,8.24394
0.533909,-0.437389,8.20761
-0.0599952,-0.244874,8.2845
-0.448708,-0.141395,8.2564
0.197385,-0.172071,8.3389
0.433838,-0.117171,8.2202
0.64272,-0.225088,8.30323
0.00784881,-0.0198463,8.2089
0.24637,0.0475403,8.20403
0.661434,0.0145318,8.23228
-0.426297,0.0942293,8.32483
-0.149765,0.155697,8.28941
-0.337393,0.285759,8.19898
0.332958,0.279517,8.20169
0.58393,0.285784,8.21657
-0.451518,0.460807,8.33146
0.126939,0.410185,8.30418
0.426774,0.479115,8.31603
-0.245481,0.586262,8.26957
-0.00173908,0.6297,8.20877
0.242179,0.593423,8.19385
-0.0933295,-0.689376,8.46713
0.143235,-0.671932,8.38772
-0.479279,-0.439467,8.41919
-0.00216285,-0.455788,8.40428
0.226622,-0.4229,8.49973
-0.635727,-0.239784,8.38293
-0.282356,-0.297119,8.37262
0.409724,-0.303846,8.37949
-0.454847,-0.0799939,8.49874
0.471662,-0.0866643,8.49015
-0.663067,0.0252033,8.38871
-0.228925,-0.0494746,8.40401
0.0141207,-0.0345677,8.4574
0.254497,0.0353128,8.47184
0.0890395,0.172581,8.34426
0.455063,0.116407,8.34759
0.658247,0.0788417,8.4853
-0.599147,0.265265,8.36716
-0.322225,0.283473,8.44729
-0.0976982,0.375126,8.405
0.301715,0.29438,8.44557
0.557231,0.321569,8.46252
-0.074503,0.629229,8.4457
0.173007,0.611397,8.44058
0.27541,-0.647641,8.59684
-0.214651,-0.480399,8.53058
0.00257145,-0.450002,8.65205
0.464675,-0.520013,8.50316
-0.568286,-0.269313,8.62054
-0.319231,-0.253744,8.61666
-0.0838619,-0.249421,8.53414
0.387924,-0.273314,8.63209
0.606831,-0.320355,8.52941
0.154859,-0.192184,8.58624
0.664007,-0.116795,8.65649
-0.66315,-0.0377763,8.62784
-0.186312,-0.0477762,8.64812
-0.623907,0.205745,8.60319
-0.123464,0.162264,8.53631
0.114716,0.206474,8.58582
0.445643,0.143208,8.59562
-0.189548,0.377978,8.63745
-0.495449,0.416135,8.56995
0.0524314,0.443576,8.58411
0.373038,0.519255,8.55452
-0.303431,0.558672,8.50946
-0.1967,-0.643933,8.71547
0.0441329,-0.694668,8.67763
-0.437032,-0.491404,8.67696
-0.198498,-0.404672,8.78669
0.220732,-0.405857,8.75363
0.441988,-0.519492,8.75122
0.584314,-0.318993,8.77792
-0.418847,-0.0376449,8.73968
0.0487673,0.000425021,8.70294
0.317975,-0.0443502,8.70419
-0.374935,0.219007,8.68036
-0.045084,0.225876,8.76778
0.65134,0.116658,8.7348
-0.552994,0.341977,8.79881
0.303719,0.323033,8.68904
0.551207,0.342201,8.71106
-0.360149,0.52508,8.74967
0.390088,0.514236,8.8056
-0.137665,0.615545,8.68485
0.183842,0.612716,8.70078
-0.236123,-0.62605,8.96454
0.00602635,-0.691891,8.92178
0.251407,-0.649031,8.84838
-0.459308,-0.503171,8.92771
0.0242104,-0.44414,8.90168
-0.432522,-0.271253,8.83373
0.367858,-0.254277,8.88354
-0.647431,-0.134007,8.85797
-0.205509,-0.16946,8.86404
0.07787,-0.214912,8.82183
-0.446403,0.0557087,8.96754
0.0474308,-0.00604646,8.95115
0.2978,-0.0147051,8.9597
0.523505,-0.0634979,8.85189
-0.64458,0.114379,8.83304
-0.236255,0.0966246,8.84643
0.185359,0.163213,8.82952
0.435085,0.168357,8.84862
-0.216886,0.359263,8.88419
0.300821,0.34321,8.96469
0.1108,0.411503,8.82312
-0.224499,0.594259,8.9596
0.00937256,0.631914,8.88179
0.203599,-0.669778,9.0914
0.260052,-0.447164,8.99582
0.520649,-0.45625,8.97895
-0.615348,-0.241657,9.08502
-0.25513,-0.390418,9.05241
-0.0612264,-0.240355,9.05719
0.411174,-0.291754,9.12627
-0.37405,-0.169213,9.05305
0.186054,-0.216192,9.05217
0.641234,-0.234852,9.00475
-0.667553,0.0118706,9.06456
-0.17719,-0.0202956,9.05603
0.493771,-0.062184,9.09782
-0.0762298,0.2019,9.01399
0.161675,0.170384,9.07851
0.406907,0.166979,9.09596
0.655539,0.101052,8.98931
-0.588228,0.288079,9.06494
-0.342525,0.256824,9.07109
0.553574,0.339612,8.9891
-0.438347,0.468234,8.97925
-0.156297,0.413311,9.1205
0.0852823,0.419908,9.0699
0.408226,0.498417,9.12605
-0.0434134,0.63448,9.12497
0.234144,0.591262,8.97545
-0.260405,-0.589543,9.21271
-0.00383123,-0.699106,9.23191
0.414475,-0.55611,9.17971
-0.4728,-0.449962,9.17369
-0.00855088,-0.466468,9.14675
0.214629,-0.396522,9.23322
0.624017,-0.284102,9.24689
0.0723674,-0.200005,9.27697
-0.418326,-0.0070214,9.24015
0.0409377,0.0446853,9.25409
0.277236,-0.0122298,9.20912
0.66677,-0.0393155,9.26734
-0.650378,0.129494,9.28618
-0.186744,0.141708,9.24175
0.621752,0.21618,9.20636
0.00939489,0.292554,9.26669
0.261177,0.334012,9.23628
-0.44405,0.463864,9.22628
-0.235801,0.590627,9.2756
0.184673,0.603039,9.21738
0.226224,-0.621267,9.33264
-0.396908,-0.507984,9.40853
0.0515269,-0.457638,9.41098
-0.592505,-0.349846,9.40653
-0.3867,-0.248705,9.28848
-0.161658,-0.368719,9.31671
0.426225,-0.375967,9.36153
-0.636227,-0.120988,9.31372
-0.187396,-0.101689,9.28919
0.447002,-0.130193,9.34659
-0.424703,0.23185,9.31206
0.175177,0.204567,9.4301
0.404292,0.160205,9.34807
-0.214415,0.358151,9.35612
0.555157,0.372364,9.38613
0.130962,0.449706,9.41586
0.363029,0.526105,9.36995
-0.0150432,0.645398,9.37686
-0.20367,-0.664398,9.44911
0.0432769,-0.705119,9.47516
0.422102,-0.591991,9.48253
-0.175184,-0.449602,9.57524
0.591139,-0.409811,9.54075
-0.410383,-0.342466,9.59506
0.00663635,-0.281944,9.58506
0.222377,-0.277831,9.4583
-0.445629,-0.110292,9.49532
-0.218101,-0.214241,9.5029
0.441658,-0.224379,9.59823
0.652364,-0.177641,9.47814
-0.655358,0.0204596,9.52109
-0.289458,0.0765187,9.45809
-0.0052883,-0.0623893,9.47126
0.248252,-0.0304482,9.45559
0.476616,0.0181303,9.54797
-0.0647518,0.181868,9.47608
0.65787,0.152695,9.44545
-0.602397,0.264895,9.49338
-0.362424,0.300318,9.54559
-0.40274,0.535209,9.46289
-0.165665,0.518583,9.53776
0.222404,0.621333,9.57071
-0.115849,-0.719482,9.67876
-0.358524,-0.603552,9.64543
0.22981,-0.70416,9.64396
0.463226,-0.660302,9.72156
-0.609669,-0.445995,9.70828
0.0477313,-0.520105,9.66945
0.281515,-0.447051,9.62654
-0.210397,-0.266633,9.74423
0.731713,-0.262521,9.69652
-0.644471,-0.212544,9.60813
-0.446186,-0.144188,9.74337
0.180338,-0.126041,9.67312
-0.785865,-0.0557673,9.74258
-0.210424,-0.023517,9.67203
0.019448,0.0727892,9.68188
0.717494,0.00503197,9.63357
-0.710449,0.189143,9.71381
-0.439944,0.0920278,9.65781
-0.174269,0.229515,9.71382
0.265593,0.110078,9.66266
0.491607,0.146959,9.75965
0.0146489,0.368039,9.62162
0.262911,0.35327,9.60924
0.608446,0.322295,9.62241
-0.555198,0.456107,9.64648
0.448931,0.519289,9.6038
-0.308882,0.638395,9.70243
-0.00891152,0.6835,9.63606
-0.150098,-0.857784,9.89351
0.301796,-0.780046,9.87233
-0.516597,-0.649466,9.83955
-0.270473,-0.638623,9.88946
0.0401022,-0.675316,9.87427
-0.734941,-0.543173,9.90861
-0.384028,-0.424809,9.82826
-0.100134,-0.456405,9.86303
0.249336,-0.537731,9.85583
0.63274,-0.481913,9.77293
-0.771069,-0.292104,9.82255
0.117949,-0.327737,9.81776
0.408405,-0.347849,9.81419
-0.0269684,-0.122126,9.82949
0.391,-0.0805237,9.79865
-0.594549,0.0141438,9.88659
-0.345848,0.0362457,9.88163
0.165459,0.0274219,9.88912
0.677889,-0.0721708,9.86257
-0.0648078,0.117766,9.91367
0.747675,0.198641,9.78505
-0.509384,0.245309,9.85489
0.116846,0.257537,9.81852
-0.708533,0.398635,9.85188
-0.341489,0.406255,9.77082
-0.111253,0.510423,9.78364
0.137176,0.500465,9.79383
0.365195,0.41235,9.8263
0.596904,0.491879,9.80411
-0.520831,0.564197,9.87078
0.398031,0.659914,9.81415
-0.140198,0.759542,9.83756
0.159479,0.741428,9.80922
-0.0931958,-1.03508,10.0632
0.0990431,-0.905533,9.95514
-0.361404,-0.829079,10.0233
0.48104,-0.827678,10.0463
-0.591505,-0.700316,10.0735
0.475178,-0.572414,9.95609
-0.521134,-0.457708,10.0353
0.0838025,-0.454456,10.0312
0.324989,-0.401756,10.0614
0.722148,-0.546208,10.001
-0.877591,-0.377918,10.032
-0.0846538,-0.261785,10.0261
0.685125,-0.307173,9.94062
-0.891098,-0.134346,9.98644
-0.565989,-0.224093,9.9556
-0.317499,-0.199187,9.95885
0.220359,-0.188304,9.99551
0.470057,-0.198738,10.004
0.893387,-0.175443,9.96483
0.49786,0.0472467,9.98449
0.851665,0.0686279,9.97164
-0.819506,0.109481,9.94527
0.316823,0.21463,9.96182
-0.851782,0.334527,10.0457
-0.266898,0.258615,9.9549
-0.0456432,0.369742,9.97932
0.552289,0.288865,9.95119
-0.486881,0.404315,10.0548
-0.257019,0.502283,10.0034
0.193609,0.421235,10.0216
0.433376,0.476994,10.0626
0.786812,0.398196,9.93475
-0.785524,0.581026,10.0125
0.00714739,0.612426,9.98514
0.263335,0.659006,10.0278
0.645204,0.602147,10.0205
-0.594324,0.742025,10.0461
-0.35906,0.7269,9.96658
0.0322333,0.862379,9.98474
0.48834,0.805609,10.0477
-0.201939,0.893205,10.0596
-0.327754,-1.05193,10.1464
0.113992,-1.13916,10.1564
0.485808,-1.03635,10.2083
-0.550158,-0.935802,10.1491
0.265507,-0.935421,10.1405
-0.765559,-0.824421,10.2066
-0.158838,-0.815305,10.1697
0.0758493,-0.718467,10.1344
0.722931,-0.78486,10.0852
-0.804502,-0.584229,10.1516
-0.371029,-0.617797,10.1577
-0.128463,-0.580294,10.0896
0.315007,-0.645879,10.137
0.552775,-0.625425,10.2089
0.885269,-0.612911,10.1771
-1.02109,-0.475716,10.2118
1.05982,-0.434553,10.2116
-1.05283,-0.236911,10.1453
-0.673967,-0.30622,10.165
-0.285418,-0.387856,10.1171
0.100262,-0.268189,10.1964
0.560604,-0.387373,10.1392
0.823236,-0.35877,10.1477
0.347223,-0.197171,10.2216
0.685277,-0.113971,10.1146
1.01159,-0.167468,10.189
-1.21821,-0.0643783,10.2214
-0.981015,0.0585108,10.129
-0.710814,-0.0293568,10.1228
-0.460667,-0.0186493,10.0957
-0.209618,0.00761942,10.0884
0.0352019,-0.0361503,10.1028
0.292268,0.0347369,10.1314
-0.628504,0.20156,10.0811
-0.386555,0.209116,10.1683
-0.136697,0.231653,10.1653
0.099299,0.202269,10.0917
0.673676,0.154983,10.1217
1.03769,0.0919322,10.1376
0.447021,0.245385,10.174
0.881371,0.295813,10.1404
1.12206,0.317257,10.2026
-0.942014,0.512322,10.2061
0.00923438,0.492037,10.2027
0.660101,0.405716,10.1771
0.862374,0.544404,10.1292
-0.650301,0.583544,10.2293
-0.408311,0.622595,10.1876
-0.164837,0.672037,10.1634
-0.842003,0.738946,10.1991
0.0733782,0.738157,10.1941
0.705959,0.782261,10.1793
-0.668056,0.915803,10.2173
-0.426581,0.883896,10.1661
0.259141,0.900604,10.0802
0.592248,0.999045,10.2265
-0.266854,1.07296,10.2191
-0.016384,1.05756,10.1348
0.140904,-1.49932,10.3528
-0.777902,-1.4171,10.3855
-0.45331,-1.46948,10.3737
-0.10918,-1.40277,10.3393
0.394619,-1.44153,10.3606
-0.923417,-1.20206,10.3698
-0.589052,-1.26634,10.3138
-0.332964,-1.2608,10.3013
0.0948462,-1.25524,10.3811
0.31999,-1.20781,10.2804
0.561489,-1.24723,10.3319
0.804685,-1.28847,10.3735
-1.18723,-1.03522,10.3871
-0.723735,-1.05743,10.2894
-0.467993,-1.05132,10.3556
-0.110226,-1.14941,10.2847
0.721145,-1.0533,10.2926
0.964349,-1.09877,10.3399
-0.96114,-0.962466,10.3101
0.0495522,-0.925357,10.2728
0.900429,-0.865377,10.2463
1.13615,-0.916828,10.3425
-1.21246,-0.790393,10.348
-0.98625,-0.718001,10.2641
-0.379327,-0.824041,10.2985
0.252186,-0.78086,10.3385
0.498474,-0.827705,10.3446
1.3228,-0.753247,10.3716
-0.220845,-0.627177,10.3656
0.0203989,-0.692961,10.3796
0.735865,-0.684127,10.3669
1.0997,-0.674779,10.2922
-1.45207,-0.424397,10.3758
-1.23323,-0.544226,10.3256
-0.813131,-0.416062,10.3448
-0.585595,-0.513313,10.274
-0.366935,-0.425763,10.3637
-0.0997031,-0.420177,10.2842
0.140284,-0.502837,10.271
0.382119,-0.449203,10.3034
0.688987,-0.436191,10.348
1.27463,-0.501036,10.319
-1.24421,-0.297047,10.3033
1.23367,-0.262267,10.2666
1.45366,-0.314138,10.379
-1.48591,-0.176891,10.3674
-0.841135,-0.165131,10.285
-0.610627,-0.0842682,10.3618
-0.44378,-0.225812,10.234
-0.194876,-0.182311,10.2533
0.575899,-0.214559,10.3264
0.822876,-0.223506,10.3621
-1.40921,0.0585471,10.3399
-0.329953,0.0167566,10.3158
-0.0814991,0.0451812,10.3219
0.149923,-0.0654359,10.3334
0.510651,0.0201728,10.2615
0.839924,0.0138005,10.268
1.22874,-0.0131328,10.2549
1.4571,-0.0288519,10.3655
-1.19425,0.179367,10.2633
-0.814744,0.0809554,10.3226
-0.577233,0.158187,10.3213
0.287671,0.140075,10.3587
0.744064,0.230499,10.3519
0.988944,0.188196,10.3705
1.47934,0.229703,10.3721
-1.38622,0.310799,10.3524
-0.963141,0.271425,10.2605
-0.725836,0.348788,10.2608
-0.275011,0.250614,10.3884
0.00463768,0.283156,10.3643
0.218561,0.357666,10.2598
-1.15953,0.433547,10.3002
-0.48045,0.399032,10.3039
-0.238679,0.449895,10.2457
0.441785,0.432078,10.3409
0.897645,0.424401,10.3515
1.31134,0.411646,10.3302
-1.36083,0.564899,10.368
-0.0592864,0.65801,10.3889
0.264767,0.600944,10.2705
0.507262,0.645123,10.2362
0.725765,0.604947,10.349
1.09994,0.550456,10.2888
1.30514,0.662542,10.3729
-1.07218,0.719848,10.2955
-0.541624,0.760699,10.366
-0.293025,0.745177,10.3744
0.363038,0.840834,10.2982
0.928335,0.731021,10.2781
1.13278,0.842775,10.3615
-1.14855,0.945735,10.3716
-0.897753,0.955397,10.3154
-0.498729,1.00561,10.3802
-0.097895,0.88763,10.2991
0.141283,0.957349,10.3012
0.824527,0.957976,10.3128
-0.689036,1.15498,10.3197
0.356532,1.08121,10.2346
0.942301,1.16769,10.3736
-0.926211,1.1977,10.3844
-0.419302,1.2384,10.3323
-0.102788,1.24537,10.2965
0.145363,1.2081,10.2758
0.445878,1.29102,10.3507
0.695739,1.19304,10.3445
-0.263581,1.43253,10.3644
0.113519,1.4471,10.36
-0.56877,-1.84825,10.5173
-0.245364,-1.8434,10.4905
0.00982651,-1.94001,10.5062
0.261158,-1.95816,10.5352
-0.00891145,-1.6965,10.4266
0.239114,-1.73167,10.4245
0.48254,-1.66255,10.4487
0.717406,-1.73328,10.502
-1.11882,-1.52222,10.4948
-0.890047,-1.62307,10.4725
-0.640635,-1.61792,10.4457
-0.240595,-1.60593,10.4062
0.877279,-1.52297,10.4602
1.12544,-1.5763,10.5158
-1.34443,-1.42187,10.5341
0.639209,-1.47313,10.4046
1.04349,-1.33939,10.4249
1.28405,-1.38756,10.475
-1.15001,-1.27841,10.4411
-0.727497,-1.2262,10.538
-0.449386,-1.23974,10.5243
0.303454,-1.27116,10.5222
1.46933,-1.22447,10.5176
-1.59942,-1.05938,10.5167
-1.3766,-1.17192,10.4765
-0.252253,-1.08559,10.4826
0.000626624,-1.04776,10.4841
0.501164,-1.04467,10.4694
1.203,-1.14945,10.403
1.62382,-1.02709,10.5394
-1.41214,-0.925033,10.4139
-0.818564,-0.98491,10.5219
-0.370712,-0.873895,10.5459
-0.157382,-0.865088,10.4149
0.240628,-1.01631,10.4226
0.706367,-0.89996,10.489
0.953365,-0.932348,10.5252
1.39278,-0.988434,10.4402
-1.63171,-0.814305,10.4705
-1.01084,-0.795017,10.5033
-0.611377,-0.846219,10.4025
1.13515,-0.754608,10.5398
1.55281,-0.796531,10.4647
-1.84833,-0.702939,10.5386
-1.65704,-0.555841,10.4561
-1.42989,-0.674591,10.4076
-0.778006,-0.660109,10.3963
-0.460915,-0.63978,10.4503
0.251095,-0.57587,10.4835
0.512218,-0.578502,10.4746
1.50101,-0.559739,10.4005
1.74301,-0.643462,10.5152
-1.94952,-0.474887,10.5332
-1.01717,-0.545373,10.4611
0.025092,-0.470791,10.5101
0.92099,-0.514894,10.4034
1.69176,-0.404938,10.4513
-1.69733,-0.310022,10.4391
-1.26389,-0.360805,10.5434
-1.02129,-0.295819,10.4145
-0.581729,-0.320908,10.4327
0.206359,-0.298022,10.4234
0.439464,-0.326591,10.5119
1.05343,-0.303753,10.4349
1.92993,-0.268119,10.52
-1.92712,-0.220699,10.5208
-1.26492,-0.104803,10.4641
-0.790154,-0.142536,10.5459
-0.34072,-0.193685,10.4594
-0.0320122,-0.19404,10.4448
0.372869,-0.0878818,10.4442
1.67258,-0.1557,10.438
-1.88056,0.0262665,10.5122
-1.65012,0.0050101,10.4201
-1.02961,-0.0272359,10.3971
-0.207465,0.00419533,10.5372
0.616982,-0.0158901,10.4814
1.03015,-0.054108,10.4119
1.25886,-0.0382852,10.5199
1.88443,-0.0212195,10.5161
-1.53159,0.201648,10.5224
-1.06927,0.21539,10.4804
-0.687209,0.0973177,10.5377
-0.43561,0.116881,10.5228
0.0905368,0.109055,10.5212
0.511544,0.216725,10.4413
1.23628,0.185515,10.4057
1.6829,0.0970808,10.4381
1.94829,0.222948,10.5319
-2.0112,0.239652,10.5445
-1.77336,0.247599,10.465
-0.83168,0.294322,10.4815
-0.584314,0.32362,10.5171
0.293989,0.33399,10.516
1.73835,0.341075,10.4636
-1.82739,0.49254,10.5094
-1.59764,0.422139,10.4269
-1.22968,0.402179,10.5465
-0.983126,0.534664,10.4541
-0.728326,0.521786,10.4582
-0.178343,0.463276,10.488
0.115969,0.49193,10.443
0.664495,0.416377,10.4987
1.11102,0.394974,10.4832
1.53782,0.477255,10.4023
-1.5766,0.671536,10.4503
-1.19659,0.651567,10.5415
-0.434408,0.569562,10.4837
0.406526,0.655119,10.4681
0.970026,0.609479,10.5003
1.75132,0.595565,10.4749
-1.7987,0.755231,10.5315
-1.35923,0.811749,10.3994
-1.00877,0.820363,10.5355
-0.78051,0.77323,10.438
0.167344,0.742474,10.4608
0.580655,0.830534,10.4155
0.81111,0.801859,10.5068
1.53724,0.723438,10.4516
1.79802,0.855752,10.5405
-1.6083,0.92359,10.4942
-0.743683,1.00829,10.5159
-0.260733,0.992531,10.4547
0.361279,0.889178,10.5429
0.995228,0.967706,10.542
1.36097,0.91295,10.4342
1.58747,0.990078,10.5098
-1.38413,1.05588,10.4651
-0.0246432,1.07183,10.4568
0.259086,1.10663,10.4725
0.504746,1.07078,10.4481
0.744113,1.05195,10.5462
1.17696,1.0853,10.4181
1.40594,1.16105,10.4916
-1.3861,1.29747,10.5275
-1.16641,1.19754,10.4562
-0.607873,1.25641,10.5335
-0.236828,1.23457,10.5096
0.000326476,1.30702,10.5367
1.11391,1.3303,10.4508
-1.02231,1.41482,10.4635
-0.772294,1.39311,10.3985
-0.532455,1.45758,10.3928
0.250014,1.34778,10.546
0.628004,1.4529,10.417
0.870267,1.39803,10.4376
1.29309,1.4851,10.53
-0.862469,1.61955,10.4847
-0.366674,1.646,10.4442
-0.0729803,1.60447,10.4141
0.358612,1.51815,10.4022
0.794546,1.62975,10.502
1.0407,1.5641,10.517
-0.621787,1.68208,10.4707
0.176156,1.68454,10.4327
0.539275,1.67735,10.4787
-0.418105,1.8687,10.5457
-0.178315,1.81428,10.5001
0.0606188,1.88851,10.5182
0.35648,1.8445,10.5085
0.103487,-2.14474,10.6265
0.412149,-2.12053,10.6566
-0.937997,-2.06561,10.6924
-0.689164,-2.01675,10.6742
-0.422992,-2.03585,10.5961
-0.177422,-2.08988,10.5765
1.05511,-1.99242,10.6876
-0.841415,-1.85397,10.5568
0.534286,-1.92049,10.5479
0.791019,-1.94748,10.6118
-1.3049,-1.65763,10.6113
-1.07644,-1.76516,10.5724
-0.727415,-1.65583,10.6909
-0.405761,-1.66157,10.5909
-0.156137,-1.65782,10.6365
0.101663,-1.71394,10.6806
0.355722,-1.74661,10.6522
0.960781,-1.75759,10.5669
1.20334,-1.79765,10.6229
-1.56491,-1.55568,10.6621
0.0222359,-1.49071,10.5749
0.270704,-1.5202,10.5733
0.57813,-1.63113,10.6845
0.824445,-1.59177,10.6978
1.37179,-1.60926,10.6152
-0.941982,-1.35725,10.5645
-0.54485,-1.45194,10.6146
-0.298619,-1.43156,10.5786
0.495399,-1.41021,10.6014
0.741922,-1.36644,10.6263
0.998602,-1.40375,10.6639
-1.75972,-1.18321,10.6705
-1.56895,-1.3061,10.5653
-0.0995403,-1.27081,10.5514
0.110143,-1.28249,10.6865
0.575699,-1.19149,10.6937
1.26589,-1.21974,10.681
1.70557,-1.2637,10.6043
-1.26665,-1.12453,10.7022
-1.0307,-1.09806,10.5987
0.322498,-1.06174,10.6597
0.778656,-1.12705,10.5625
1.03557,-1.16156,10.6024
-1.81952,-0.951933,10.5753
-1.2192,-0.89864,10.597
-0.578816,-1.01915,10.582
-0.157343,-0.94153,10.6704
0.540136,-0.944324,10.6991
1.21004,-0.979833,10.6195
1.45315,-0.903638,10.6891
1.80005,-0.86642,10.6134
2.03018,-0.986794,10.6858
-2.0446,-0.817763,10.6568
-1.43919,-0.784606,10.6371
-0.70786,-0.783457,10.6287
-0.0991564,-0.707484,10.5999
0.118786,-0.839528,10.5584
0.36789,-0.827824,10.5614
0.641504,-0.719561,10.6558
2.00893,-0.731711,10.6747
-2.13165,-0.569342,10.6751
-1.65126,-0.656352,10.6942
-1.22743,-0.648491,10.562
-0.898253,-0.626401,10.6661
-0.472674,-0.701505,10.6985
0.137527,-0.626758,10.6999
0.880697,-0.694442,10.5717
1.32091,-0.586994,10.5733
1.54847,-0.652889,10.6762
-1.44323,-0.528647,10.6102
-1.08088,-0.457501,10.691
-0.657069,-0.537372,10.5808
-0.287367,-0.542087,10.6061
0.299042,-0.432256,10.6946
0.72968,-0.495783,10.5886
1.08607,-0.505126,10.596
1.51652,-0.408824,10.6321
1.94886,-0.51047,10.5751
-1.75497,-0.373305,10.673
-1.50956,-0.28668,10.6088
-0.853493,-0.382377,10.5967
-0.435736,-0.341046,10.6381
-0.179426,-0.316543,10.605
0.0636308,-0.304492,10.6957
0.672982,-0.251944,10.5605
0.90814,-0.338803,10.6681
1.27324,-0.339404,10.5484
1.72112,-0.265422,10.6736
2.14564,-0.325104,10.6344
-1.71861,-0.127404,10.6249
-1.06566,-0.145674,10.6181
-0.52984,-0.100589,10.6002
0.186613,-0.102995,10.6116
0.472086,-0.10618,10.6718
0.868561,-0.100528,10.5985
1.09956,-0.178947,10.6518
1.47127,-0.161218,10.5958
-2.08934,-0.0483996,10.6324
-1.48825,-0.0289483,10.6114
-0.926788,0.0616142,10.6164
1.67196,-0.0160419,10.6612
2.09751,-0.075866,10.6533
-2.22681,0.176941,10.6765
-1.71429,0.120252,10.6832
-1.29556,0.124464,10.5598
0.340894,0.100148,10.6035
0.831995,0.144885,10.5705
1.07965,0.120492,10.5999
1.45123,0.107072,10.5847
1.73565,0.224012,10.6896
2.12819,0.170489,10.6971
-1.66612,0.364841,10.665
-0.353015,0.338893,10.6143
-0.115844,0.23732,10.5815
0.0899423,0.355038,10.6609
0.609143,0.244907,10.6705
0.891167,0.387868,10.5959
1.27254,0.277589,10.634
1.52196,0.349533,10.6462
-1.43551,0.53267,10.6046
-0.984784,0.395812,10.6599
-0.696425,0.471958,10.702
0.469794,0.455375,10.6495
1.3438,0.506188,10.5626
1.73692,0.488728,10.6979
1.96336,0.48986,10.5782
-1.99848,0.626781,10.6312
-1.66254,0.6135,10.684
-0.858886,0.648751,10.6406
-0.616208,0.692167,10.6046
-0.262256,0.66429,10.6407
-0.00202224,0.616073,10.6277
0.240832,0.556342,10.6464
0.621832,0.651989,10.5917
-1.47642,0.780077,10.6517
-0.420455,0.841261,10.5689
-0.099178,0.836996,10.5634
1.17598,0.727405,10.5762
1.43842,0.809957,10.6635
1.9758,0.72819,10.6616
-1.24763,0.888051,10.6087
0.122738,0.942323,10.607
0.54168,0.991145,10.6797
1.23574,0.965608,10.6442
-1.8174,1.06057,10.6142
-1.27904,1.12952,10.6808
-0.991095,1.06303,10.5848
-0.42981,1.09649,10.6102
-0.0993307,1.13631,10.6918
1.08127,1.16946,10.6637
-1.79927,1.30281,10.6923
-1.60497,1.1768,10.5482
-1.10835,1.31135,10.6721
-0.86525,1.28915,10.6105
0.146643,1.17667,10.6938
0.394297,1.19298,10.6835
0.609427,1.25978,10.5764
0.848895,1.25744,10.6425
1.3054,1.27757,10.6986
1.71039,1.18189,10.6117
-1.58094,1.41953,10.6332
-0.414226,1.46092,10.613
-0.165251,1.48011,10.6102
0.465841,1.46116,10.6185
1.5101,1.37064,10.58
-1.24325,1.50062,10.5562
-0.957387,1.51112,10.6915
-0.684846,1.49613,10.6242
0.0856277,1.53071,10.6079
0.703111,1.49023,10.6881
1.47023,1.62426,10.6836
-1.4127,1.64813,10.6657
-1.08585,1.69785,10.5864
-0.287404,1.68462,10.6846
-0.0355978,1.73299,10.6902
0.301902,1.64808,10.6515
0.963324,1.79225,10.593
1.21384,1.7228,10.61
-0.907083,1.8674,10.6268
-0.66327,1.89974,10.5828
0.692427,1.85472,10.5768
1.14295,1.9523,10.6953
-0.7849,2.09258,10.6944
-0.492222,2.09086,10.6623
-0.24396,2.03962,10.6181
0.00945709,2.10021,10.6826
0.251112,2.05031,10.6026
0.525415,2.03413,10.6313
0.826711,2.04282,10.6848
0.204131,-2.34307,10.7403
-0.494917,-2.22636,10.7598
-0.206112,-2.26376,10.7618
0.618604,-2.12834,10.7985
-1.22602,-1.90032,10.7207
-0.961254,-1.81431,10.8116
-0.523534,-1.81518,10.7659
-0.27651,-1.85445,10.7495
-0.0122751,-1.90155,10.8228
0.235629,-1.94843,10.7969
0.499531,-1.88298,10.8036
0.898528,-1.86175,10.8496
1.47721,-1.82327,10.7544
-1.5004,-1.77704,10.7822
-1.22695,-1.58856,10.8551
-1.00024,-1.55887,10.7136
-0.325669,-1.58722,10.8178
0.146546,-1.49101,10.8203
0.397873,-1.57494,10.8497
1.04524,-1.62478,10.8066
-1.79355,-1.4286,10.7105
-1.40441,-1.35346,10.8477
-1.1593,-1.35143,10.7162
-0.756402,-1.40535,10.7397
-0.104696,-1.41889,10.7893
1.23352,-1.44869,10.7811
1.48647,-1.37703,10.7157
1.75041,-1.47718,10.7872
-0.945463,-1.24659,10.7932
-0.568921,-1.23598,10.7462
-0.334476,-1.3094,10.7948
0.355241,-1.31579,10.8016
1.93502,-1.30361,10.7656
-1.9948,-1.06868,10.7331
-1.51494,-1.1282,10.7649
-1.08558,-1.02006,10.8468
-0.760467,-1.07261,10.7677
-0.367912,-1.07492,10.7053
-0.122592,-1.16833,10.7788
0.0799349,-1.03018,10.7207
0.803107,-1.14242,10.8231
1.5447,-1.12242,10.7926
1.79248,-1.07506,10.7794
-1.87216,-0.879374,10.8445
-1.63795,-0.902576,10.7462
-1.3413,-0.914004,10.8337
-0.922297,-0.865638,10.7358
-0.574474,-0.902507,10.8085
0.787465,-0.911678,10.7248
1.03295,-0.946163,10.7932
-1.15246,-0.739841,10.7898
-0.00499355,-0.803183,10.8236
0.241083,-0.862064,10.8122
1.25588,-0.760249,10.7767
1.67129,-0.832077,10.8454
-1.83408,-0.57712,10.8489
-1.41365,-0.655128,10.8506
-0.255942,-0.696276,10.8288
0.394275,-0.66741,10.7506
1.01819,-0.673689,10.7973
-1.56346,-0.43834,10.8323
-1.30607,-0.417014,10.7992
-0.807063,-0.465238,10.8346
-0.557715,-0.494356,10.8092
-0.314553,-0.451358,10.8451
-0.0813905,-0.504951,10.7473
0.818315,-0.522038,10.8223
1.09463,-0.435229,10.8452
1.3411,-0.492766,10.8488
1.74092,-0.499785,10.7594
2.15103,-0.531454,10.7792
-2.08971,-0.287121,10.7111
-0.628259,-0.254047,10.7882
-0.135315,-0.265572,10.8451
0.547234,-0.390768,10.7295
1.29259,-0.247811,10.8008
1.55591,-0.289343,10.8574
1.94651,-0.320942,10.8104
-1.86428,-0.195103,10.834
-1.55934,-0.175521,10.8383
-1.29924,-0.173394,10.7045
-0.87655,-0.222177,10.7886
-0.310087,-0.136935,10.718
0.275399,-0.208365,10.8209
0.727936,-0.233185,10.8158
-1.35939,0.0773909,10.8035
-0.733455,-0.0170785,10.7562
-0.496686,-0.0121051,10.8417
-0.0364223,-0.0450786,10.7185
0.693238,0.0186647,10.7389
0.945753,0.041726,10.8091
1.22275,0.0510248,10.7935
1.46356,-0.055058,10.839
1.9143,0.053144,10.8122
-1.95031,0.114506,10.8057
-1.11467,0.185771,10.7289
-0.536986,0.214912,10.7455
-0.295736,0.131864,10.7392
-0.066596,0.210428,10.8294
0.16582,0.0963361,10.7889
0.466937,0.0919702,10.826
1.44361,0.204502,10.8334
-1.39815,0.310123,10.7189
-0.792407,0.24374,10.7263
0.314038,0.295456,10.7622
0.776815,0.360219,10.8155
1.0494,0.296105,10.7979
1.94486,0.382203,10.8055
-2.17082,0.456306,10.7535
-1.9281,0.398595,10.751
-1.48305,0.505198,10.8492
-1.19155,0.532699,10.7735
-0.89447,0.532326,10.8594
-0.456511,0.542144,10.7445
-0.154322,0.434056,10.7343
0.0511701,0.539289,10.8569
1.13512,0.512003,10.7047
2.17418,0.539605,10.8181
-0.707254,0.705842,10.835
0.81947,0.591117,10.7303
1.25499,0.6936,10.8556
1.48382,0.572859,10.7593
-1.29837,0.756198,10.8255
-1.05438,0.744694,10.7705
-0.412997,0.774643,10.8192
-0.12161,0.761138,10.8235
0.14886,0.754717,10.7689
0.401058,0.728682,10.7295
0.714764,0.826072,10.746
0.972388,0.790745,10.7147
1.67854,0.732335,10.7184
-1.95213,0.867924,10.7165
-1.70257,0.865534,10.7388
-1.49602,1.01957,10.7324
-1.10214,0.993945,10.7975
-0.861433,0.914327,10.7392
-0.601876,0.911324,10.7295
-0.257424,0.94556,10.7245
0.0222546,0.978728,10.8429
0.306306,0.977028,10.7727
1.09516,0.976688,10.849
1.68317,0.976869,10.8124
1.92489,0.981833,10.7155
-1.94973,1.15156,10.8332
-0.711989,1.13507,10.7301
0.867115,1.02953,10.7644
1.45867,1.06253,10.735
-1.56318,1.23392,10.8412
-0.948941,1.19022,10.8248
-0.548945,1.31876,10.7722
-0.303832,1.26887,10.7498
-1.35518,1.39232,10.7553
-0.785493,1.38297,10.828
-0.0130845,1.37714,10.7777
0.251422,1.41084,10.7874
0.528418,1.39134,10.8507
1.71436,1.41067,10.7233
-1.66071,1.63703,10.7411
-1.18124,1.59403,10.7889
0.144494,1.63022,10.8476
0.944576,1.50303,10.7431
1.19352,1.50607,10.7639
-1.02223,1.78222,10.8335
-0.791018,1.68514,10.7714
-0.536902,1.71566,10.7046
0.526948,1.6859,10.7538
0.790123,1.71383,10.7584
1.07253,1.72139,10.8116
-1.44496,1.84634,10.848
-1.22685,1.86306,10.7137
-0.660582,1.89988,10.8309
-0.114687,1.96016,10.852
0.177016,1.8554,10.7405
0.412619,1.91026,10.8142
-1.00478,2.1188,10.8289
-0.18273,2.24709,10.7488
0.203436,2.12875,10.8356
0.406452,2.26388,10.733
0.656853,2.21072,10.831
-0.619035,2.27953,10.8049
-0.227611,-2.02211,11.0101
-0.730283,-1.90863,10.9098
1.20223,-1.83886,10.9506
-0.0588403,-1.67124,10.9491
-0.846478,-1.61997,10.9189
-0.587026,-1.54558,10.8704
0.70359,-1.60228,10.9206
-1.06797,-1.38923,10.9621
-0.477466,-1.37124,11.0176
0.605387,-1.37628,10.8619
0.86442,-1.41168,10.8783
-0.736343,-1.27407,10.9519
1.0525,-1.23854,10.8782
1.36147,-1.2674,10.9716
-1.63667,-1.03852,10.9828
-0.51288,-1.08891,10.9727
-0.0367249,-1.07523,11.0098
0.173154,-1.17405,10.9044
0.461993,-1.09743,10.9014
-0.746375,-0.943986,10.9895
-0.269302,-0.965266,10.9215
0.679572,-0.984678,10.9716
1.28189,-1.01507,10.8784
-1.63655,-0.729078,10.942
-1.00188,-0.816913,10.9789
-0.767026,-0.712805,10.8821
0.478561,-0.83994,10.9172
0.80563,-0.762135,10.9267
1.43646,-0.81569,10.9668
2.02044,-0.784648,10.9396
-1.02526,-0.562166,10.9142
-0.502945,-0.702465,10.9499
-0.0328919,-0.580245,10.9885
0.210168,-0.628958,10.9471
0.592869,-0.602041,10.8987
1.20438,-0.64095,11.0023
1.60396,-0.597702,10.9559
0.408087,-0.397257,10.9354
-1.72535,-0.389563,11.0146
-1.11058,-0.272513,10.8672
-0.656843,-0.373434,11.0178
0.141958,-0.38515,10.9417
2.29838,-0.355144,10.8877
-1.34077,-0.217168,10.9533
-0.749622,-0.0987882,10.9983
-0.432909,-0.232315,10.9464
0.062028,-0.13891,10.9481
0.532343,-0.127851,10.9308
0.982669,-0.198611,10.8808
1.76992,-0.131148,10.9074
2.18467,-0.129218,10.8926
-0.957854,0.00456378,10.8695
-0.194319,-0.0123579,10.9161
0.295622,-0.0115671,10.9769
0.767697,-0.0611056,10.992
-1.16482,0.0994032,10.9801
-0.720853,0.17223,10.9798
0.653337,0.161169,10.9899
1.16999,0.171376,11.0135
1.66863,0.119884,10.9227
-1.57843,0.242734,10.8855
-1.25606,0.34021,10.9347
-0.961509,0.275748,10.9192
-0.351384,0.345902,10.8643
-0.101675,0.391271,11.0083
0.158142,0.33472,10.9637
0.526661,0.359791,10.8756
-1.71895,0.458335,10.9311
-0.648522,0.42999,10.9474
0.336148,0.526102,10.8756
1.02053,0.493487,10.9592
1.27938,0.392671,10.881
1.63325,0.430777,10.955
-1.86448,0.685816,10.8658
-0.27102,0.57852,10.915
0.572069,0.621699,10.8739
0.807654,0.64409,10.9749
1.83722,0.62583,10.8953
-1.53692,0.74954,10.9028
-1.13178,0.828098,10.9975
0.0566094,0.746559,11.0002
1.05084,0.771465,10.9866
1.4817,0.821632,10.9409
-1.61255,0.995627,10.9746
-1.32342,1.01545,10.9228
-0.897435,0.930257,10.9848
-0.655512,0.996691,10.9562
-0.251226,0.931972,10.9818
0.220818,0.933938,11.004
0.51273,0.881557,10.9029
0.870652,0.964119,11.0163
1.948,0.909635,10.9882
-0.436602,1.09061,10.8689
0.647878,1.0926,10.8819
1.30188,1.08753,10.9654
-1.1937,1.26937,10.9036
-0.648853,1.25328,10.992
-0.0402423,1.19975,10.9541
0.278337,1.1972,10.9113
0.769999,1.32574,10.8701
1.01684,1.28566,10.887
1.48373,1.27085,10.8866
-0.361828,1.48449,10.8619
-1.45335,1.57349,10.9169
-0.6069,1.55098,10.8804
-0.131529,1.5817,10.8636
-0.340972,1.73241,10.921
1.36715,1.72747,10.8892
-0.454253,2.01991,10.9108
0.340103,2.54263,10.8994
-0.24693,-1.22292,11.0357
1.11687,-0.88107,11.0316
-0.263393,-0.711814,11.1351
0.0792639,-0.803024,11.1217
-0.826021,-0.554823,11.0715
0.405764,-0.690073,11.1088
-1.43403,-0.429235,11.0511
0.917815,-0.40817,11.0351
1.25926,-0.405371,11.085
-0.90079,-0.315061,11.0281
0.300423,-0.240177,11.0988
0.6355,-0.343853,11.0213
-1.05933,-0.121402,11.0612
-0.156102,-0.0421106,11.1644
-0.458384,0.16361,11.0203
0.0378002,0.0951816,11.0264
0.402795,0.220063,11.0553
0.895856,0.177738,11.0462
2.1146,0.128835,11.0395
-1.07248,0.502442,11.0398
0.754301,0.393153,11.064
-1.33027,0.596154,11.0255
-0.790401,0.634415,11.0655
-0.531558,0.647752,11.0237
0.367714,0.714279,11.0354
0.67346,0.840352,11.1226
-0.344331,1.23445,11.0706
0.0615793,1.44964,11.1019
-0.8158,1.52853,11.0288
-0.30297,2.42439,11.9126
-4.0,-4.0,-1.1
-4.0,-4.0,-1.1
-4.0,-4.0,-1.1
-4.0,-4.0,-1.1
-4.0,-4.0,-1.1
-4.0,-4.0,-1.1
-4.0,-4.0,-1.1
-4.0,-4.0,-1.1
-4.0,-4.0,-1.1
-4.0,-4.0,-1.1
-4.0,-4.0,-1.1
-4.0,-4.0,-1.1
-4.0,-4.0,-1.1
-4.0,-4.0,-1.1
-4.0,-4.0,-1.1
-4.0,-4.0,-1.1
-4.0,-4.0,-1.1
-4.0,-4.0,-1.1
-4.0,-4.0,-1.1
-4.0,-4.0,-1.1
-4.0,-4.0,-1.1
-4.0,-4.0,-1.1
-4.0,-4.0,-1.1
-4.0,-4.0,-1.1
-4.0,-4.0,-1.1
-4.0,-4.0,-1.1
-4.0,-4.0,-1.1
-4.0,-4.0,-1.1
-4.0,-4.0,-1.1
-4.0,-4.0,-1.1
-4.0,-4.0,-1.1
-4.0,-4.0,-1.1
-4.0,-4.0,-1.1
-4.0,-4.0,-1.1
-4.0,-4.0,-1.1
-4.0,-4.0,-1.1
-4.0,-4.0,-1.1
-4.0,-4.0,-1.1
-4.0,-4.0,-1.1
-4.0,-4.0,-1.1
-4.0,-4.0,-1.1
-4.0,-4.0,-1.1
-4.0,-4.0,-1.1
-4.0,-4.0,-1.1
-4.0,-4.0,-1.1
-4.0,-4.0,-1.1
-4.0,-4.0,-1.1
-4.0,-4.0,-1.1
-4.0,-4.0,-1.1
-4.0,-4.0,-1.1
-4.0,-4.0,-1.1
-4.0,-4.0,-1.1
-4.0,-4.0,-1.1
-4.0,-4.0,-1.1
-4.0,-4.0,-1.1
-4.0,-4.0,-1.1
-4.0,-4.0,-1.1
-4.0,-4.0,-1.1
-4.0,-4.0,-1.1
-4.0,-4.0,-1.1
-4.0,-4.0,-1.1
-4.0,-4.0,-1.1
-4.0,-4.0,-1.1
-4.0,-4.0,-1.1
-4.0,-4.0,-1.1
-4.0,-4.0,-1.1
-4.0,-4.0,-1.1
-4.0,-4.0,-1.1
-4.0,-4.0,-1.1
-4.0,-4.0,-1.1
-4.0,-4.0,-1.1
-4.0,-4.0,-1.1
-4.0,-4.0,-1.1
-4.0,-4.0,-1.1
-4.0,-4.0,-1.1
-4.0,-4.0,-1.1
-4.0,-4.0,-1.1
-4.0,-4.0,-1.1
-4.0,-4.0,-1.1
-4.0,-4.0,-1.1
-4.0,-4.0,-1.1
-4.0,-4.0,-1.1
-4.0,-4.0,-1.1
-4.0,-4.0,-1.1
-4.0,-4.0,-1.1
-4.0,-4.0,-1.1
-4.0,-4.0,-1.1
-4.0,-4.0,-1.1
-4.0,-4.0,-1.1
-4.0,-4.0,-1.1
-4.0,-4.0,-1.1
-4.0,-4.0,-1.1
-4.0,-4.0,-1.1
-4.0,-4.0,-1.1
-4.0,-4.0,-1.1
-4.0,-4.0,-1.1
-4.0,-4.0,-1.1
-4.0,-4.0,-1.1
-4.0,-4.0,-1.1
-4.0,-4.0,-1.1
-4.0,-4.0,-1.1
-4.0,-4.0,-1.1
-4.0,-4.0,-1.1
-4.0,-4.0,-1.1
-4.0,-4.0,-1.1
-4.0,-4.0,-1.1
-4.0,-4.0,-1.1
-4.0,-4.0,-1.1
-4.0,-4.0,-1.1
-4.0,-4.0,-1.1
-4.0,-4.0,-1.1
-4.0,-4.0,-1.1
-4.0,-4.0,-1.1
-4.0,-4.0,-1.1
-4.0,-4.0,-1.1
-4.0,-4.0,-1.1
-4.0,-4.0,-1.1
-4.0,-4.0,-1.1
-4.0,-4.0,-1.1
-4.0,-4.0,-1.1
-4.0,-4.0,-1.1
-4.0,-4.0,-1.1
-4.0,-4.0,-1.1
-4.0,-4.0,-1.1
-4.0,-4.0,-1.1
-4.0,-4.0,-1.1
-4.0,-4.0,-1.1
-4.0,-4.0,-1.1
-4.0,-4.0,-1.1
-4.0,-4.0,-1.1
-4.0,-4.0,-1.1
-4.0,-4.0,-1.1
-4.0,-4.0,-1.1
-4.0,-4.0,-1.1
-4.0,-4.0,-1.1
-4.0,-4.0,-1.1
-4.0,-4.0,-1.1
-4.0,-4.0,-1.1
-4.0,-4.0,-1.1
-4.0,-4.0,-1.1
-4.0,-4.0,-1.1
-4.0,-4.0,-1.1
-4.0,-4.0,-1.1
-4.0,-4.0,-1.1
-4.0,-4.0,-1.1
-4.0,-4.0,-1.1
-4.0,-4.0,-1.1
-4.0,-4.0,-1.1
-4.0,-4.0,-1.1
-4.0,-4.0,-1.1
-4.0,-4.0,-1.1
-4.0,-4.0,-1.1
-4.0,-4.0,-1.1
-4.0,-4.0,-1.1
-4.0,-4.0,-1.1
-4.0,-4.0,-1.1
-4.0,-4.0,-1.1
-4.0,-4.0,-1.1
-4.0,-4.0,-1.1
-4.0,-4.0,-1.1
-4.0,-4.0,-1.1
-4.0,-4.0,-1.1
-4.0,-4.0,-1.1
-4.0,-4.0,-1.1
-4.0,-4.0,-1.1
-4.0,-4.0,-1.1
-4.0,-4.0,-1.1
-4.0,-4.0,-1.1
-4.0,-4.0,-1.1
-4.0,-4.0,-1.1
-4.0,-4.0,-1.1
-4.0,-4.0,-1.1
-4.0,-4.0,-1.1
-4.0,-4.0,-1.1
-4.0,-4.0,-1.1
-4.0,-4.0,-1.1
-4.0,-4.0,-1.1
-4.0,-4.0,-1.1
-4.0,-4.0,-1.1
-4.0,-4.0,-1.1
-4.0,-4.0,-1.1
-4.0,-4.0,-1.1
-4.0,-4.0,-1.1
-4.0,-4.0,-1.1
-4.0,-4.0,-1.1
-4.0,-4.0,-1.1
-4.0,-4.0,-1.1
-4.0,-4.0,-1.1
-4.0,-4.0,-1.1
-4.0,-4.0,-1.1
-4.0,-4.0,-1.1
-4.0,-4.0,-1.1
-4.0,-4.0,-1.1
-4.0,-4.0,-1.1
-4.0,-4.0,-1.1
-4.0,-4.0,-1.1
-4.0,-4.0,-1.1
-4.0,-4.0,-1.1
-4.0,-4.0,-1.1
-4.0,-4.0,-1.1
-4.0,-4.0,-1.1
-4.0,-4.0,-1.1
-4.0,-4.0,-1.1
-4.0,-4.0,-1.1
-4.0,-4.0,-1.1
-4.0,-4.0,-1.1
-4.0,-4.0,-1.1
-4.0,-4.0,-1.1
-4.0,-4.0,-1.1
-4.0,-4.0,-1.1
-4.0,-4.0,-1.1
-4.0,-4.0,-1.1
-4.0,-4.0,-1.1
-4.0,-4.0,-1.1
-4.0,-4.0,-1.1
-4.0,-4.0,-1.1
-4.0,-4.0,-1.1
-4.0,-4.0,-1.1
-4.0,-4.0,-1.1
-4.0,-4.0,-1.1
-4.0,-4.0,-1.1
-4.0,-4.0,-1.1
-4.0,-4.0,-1.1
-4.0,-4.0,-1.1
-4.0,-4.0,-1.1
-4.0,-4.0,-1.1
-4.0,-4.0,-1.1
-4.0,-4.0,-1.1
-4.0,-4.0,-1.1
-4.0,-4.0,-1.1
-4.0,-4.0,-1.1
-4.0,-4.0,-1.1
-4.0,-4.0,-1.1
-4.0,-4.0,-1.1
-4.0,-4.0,-1.1
-4.0,-4.0,-1.1
-4.0,-4.0,-1.1
-4.0,-4.0,-1.1
-4.0,-4.0,-1.1
-4.0,-4.0,-1.1
-4.0,-4.0,-1.1
-4.0,-4.0,-1.1
-4.0,-4.0,-1.1
-4.0,-4.0,-1.1
-4.0,-4.0,-1.1
-4.0,-4.0,-1.1
-4.0,-4.0,-1.1
-4.0,-4.0,-1.1
-4.0,-4.0,-1.1
-4.0,-4.0,-1.1
-4.0,-4.0,-1.1
-4.0,-4.0,-1.1
-4.0,-4.0,-1.1
-4.0,-4.0,-1.1
-4.0,-4.0,-1.1
-4.0,-4.0,-1.1
-4.0,-4.0,-1.1
-4.0,-4.0,-1.1
-4.0,-4.0,-1.1
-4.0,-4.0,-1.1
-4.0,-4.0,-1.1
-4.0,-4.0,-1.1
-4.0,-4.0,-1.1
-4.0,-4.0,-1.1
-4.0,-4.0,-1.1
-4.0,-4.0,-1.1
-4.0,-4.0,-1.1
-4.0,-4.0,-1.1
-4.0,-4.0,-1.1
-4.0,-4.0,-1.1
-4.0,-4.0,-1.1
-4.0,-4.0,-1.1
-4.0,-4.0,-1.1
-4.0,-4.0,-1.1
-4.0,-4.0,-1.1
-4.0,-4.0,-1.1
-4.0,-4.0,-1.1
-4.0,-4.0,-1.1
-4.0,-4.0,-1.1
-4.0,-4.0,-1.1
-4.0,-4.0,-1.1
-4.0,-4.0,-1.1
-4.0,-4.0,-1.1
-4.0,-4.0,-1.1
-4.0,-4.0,-1.1
-4.0,-4.0,-1.1
-4.0,-4.0,-1.1
-4.0,-4.0,-1.1
-4.0,-4.0,-1.1
-4.0,-4.0,-1.1
-4.0,-4.0,-1.1
-4.0,-4.0,-1.1
-4.0,-4.0,-1.1
-4.0,-4.0,-1.1
-4.0,-4.0,-1.1
-4.0,-4.0,-1.1
-4.0,-4.0,-1.1
-4.0,-4.0,-1.1
-4.0,-4.0,-1.1
-4.0,-4.0,-1.1
-4.0,-4.0,-1.1
-4.0,-4.0,-1.1
-4.0,-4.0,-1.1
-4.0,-4.0,-1.1
-4.0,-4.0,-1.1
-4.0,-4.0,-1.1
-4.0,-4.0,-1.1
-4.0,-4.0,-1.1
-4.0,-4.0,-1.1
-4.0,-4.0,-1.1
-4.0,-4.0,-1.1
-4.0,-4.0,-1.1
-4.0,-4.0,-1.1
-4.0,-4.0,-1.1
-4.0,-4.0,-1.1
-4.0,-4.0,-1.1
-4.0,-4.0,-1.1
-4.0,-4.0,-1.1
-4.0,-4.0,-1.1
-4.0,-4.0,-1.1
-4.0,-4.0,-1.1
-4.0,-4.0,-1.1
-4.0,-4.0,-1.1
-4.0,-4.0,-1.1
-4.0,-4.0,-1.1
-4.0,-4.0,-1.1
-4.0,-4.0,-1.1
-4.0,-4.0,-1.1
-4.0,-4.0,-1.1
-4.0,-4.0,-1.1
-4.0,-4.0,-1.1
-4.0,-4.0,-1.1
-4.0,-4.0,-1.1
-4.0,-4.0,-1.1
-4.0,-4.0,-1.1
-4.0,-4.0,-1.1
-4.0,-4.0,-1.1
-4.0,-4.0,-1.1
-4.0,-4.0,-1.1
-4.0,-4.0,-1.1
-4.0,-4.0,-1.1
-4.0,-4.0,-1.1
-4.0,-4.0,-1.1
-4.0,-4.0,-1.1
-4.0,-4.0,-1.1
-4.0,-4.0,-1.1
-4.0,-4.0,-1.1
-4.0,-4.0,-1.1
-4.0,-4.0,-1.1
-4.0,-4.0,-1.1
-4.0,-4.0,-1.1
-4.0,-4.0,-1.1
-4.0,-4.0,-1.1
-4.0,-4.0,-1.1
-4.0,-4.0,-1.1
-4.0,-4.0,-1.1
-4.0,-4.0,-1.1
-4.0,-4.0,-1.1
-4.0,-4.0,-1.1
-4.0,-4.0,-1.1
-4.0,-4.0,-1.1
-4.0,-4.0,-1.1
-4.0,-4.0,-1.1
-4.0,-4.0,-1.1
-4.0,-4.0,-1.1
-4.0,-4.0,-1.1
-4.0,-4.0,-1.1
-4.0,-4.0,-1.1
-4.0,-4.0,-1.1
-4.0,-4.0,-1.1
-4.0,-4.0,-1.1
-4.0,-4.0,-1.1
-4.0,-4.0,-1.1
-4.0,-4.0,-1.1
-4.0,-4.0,-1.1
-4.0,-4.0,-1.1
-4.0,-4.0,-1.1
-4.0,-4.0,-1.1
-4.0,-4.0,-1.1
-4.0,-4.0,-1.1
-4.0,-4.0,-1.1
-4.0,-4.0,-1.1
-4.0,-4.0,-1.1
-4.0,-4.0,-1.1
-4.0,-4.0,-1.1
-4.0,-4.0,-1.1
-4.0,-4.0,-1.1
-4.0,-4.0,-1.1
-4.0,-4.0,-1.1
-4.0,-4.0,-1.1
-4.0,-4.0,-1.1
-4.0,-4.0,-1.1
-4.0,-4.0,-1.1
-4.0,-4.0,-1.1
-4.0,-4.0,-1.1
-4.0,-4.0,-1.1
-4.0,-4.0,-1.1
-4.0,-4.0,-1.1
-4.0,-4.0,-1.1
-4.0,-4.0,-1.1
-4.0,-4.0,-1.1
-4.0,-4.0,-1.1
-4.0,-4.0,-1.1
-4.0,-4.0,-1.1
-4.0,-4.0,-1.1
-4.0,-4.0,-1.1
-4.0,-4.0,-1.1
-4.0,-4.0,-1.1
-4.0,-4.0,-1.1
-4.0,-4.0,-1.1
-4.0,-4.0,-1.1
-4.0,-4.0,-1.1
-4.0,-4.0,-1.1
-4.0,-4.0,-1.1
-4.0,-4.0,-1.1
-4.0,-4.0,-1.1
-4.0,-4.0,-1.1
-4.0,-4.0,-1.1
-4.0,-4.0,-1.1
-4.0,-4.0,-1.1
-4.0,-4.0,-1.1
-4.0,-4.0,-1.1
-4.0,-4.0,-1.1
-4.0,-4.0,-1.1
-4.0,-4.0,-1.1
-4.0,-4.0,-1.1
-4.0,-4.0,-1.1
-4.0,-4.0,-1.1
-4.0,-4.0,-1.1
-4.0,-4.0,-1.1
-4.0,-4.0,-1.1
-4.0,-4.0,-1.1
-4.0,-4.0,-1.1
-4.0,-4.0,-1.1
-4.0,-4.0,-1.1
-4.0,-4.0,-1.1
-4.0,-4.0,-1.1
-4.0,-4.0,-1.1
-4.0,-4.0,-1.1
-4.0,-4.0,-1.1
-4.0,-4.0,-1.1
-4.0,-4.0,-1.1
-4.0,-4.0,-1.1
-4.0,-4.0,-1.1
-4.0,-4.0,-1.1
-4.0,-4.0,-1.1
-4.0,-4.0,-1.1
-4.0,-4.0,-1.1
-4.0,-4.0,-1.1
-4.0,-4.0,-1.1
-4.0,-4.0,-1.1
-4.0,-4.0,-1.1
-4.0,-4.0,-1.1
-4.0,-4.0,-1.1
-4.0,-4.0,-1.1
-4.0,-4.0,-1.1
-4.0,-4.0,-1.1
-4.0,-4.0,-1.1
-4.0,-4.0,-1.1
-4.0,-4.0,-1.1
-4.0,-4.0,-1.1
-4.0,-4.0,-1.1
-4.0,-4.0,-1.1
-4.0,-4.0,-1.1
-4.0,-4.0,-1.1
-4.0,-4.0,-1.1
-4.0,-4.0,-1.1
-4.0,-4.0,-1.1
-4.0,-4.0,-1.1
-4.0,-4.0,-1.1
-4.0,-4.0,-1.1
-4.0,-4.0,-1.1
-4.0,-4.0,-1.1
-4.0,-4.0,-1.1
-4.0,-4.0,-1.1
-4.0,-4.0,-1.1
-4.0,-4.0,-1.1
-4.0,-4.0,-1.1
-4.0,-4.0,-1.1
-4.0,-4.0,-1.1
-4.0,-4.0,-1.1
-4.0,-4.0,-1.1
-4.0,-4.0,-1.1
-4.0,-4.0,-1.1
-4.0,-4.0,-1.1
-4.0,-4.0,-1.1
-4.0,-4.0,-1.1
-4.0,-4.0,-1.1
-4.0,-4.0,-1.1
-4.0,-4.0,-1.1
-4.0,-4.0,-1.1
-4.0,-4.0,-1.1
-4.0,-4.0,-1.1
-4.0,-4.0,-1.1
-4.0,-4.0,-1.1
-4.0,-4.0,-1.1
-4.0,-4.0,-1.1
-4.0,-4.0,-1.1
-4.0,-4.0,-1.1
-4.0,-4.0,-1.1
-4.0,-4.0,-1.1
-4.0,-4.0,-1.1
-4.0,-4.0,-1.1
-4.0,-4.0,-1.1
-4.0,-4.0,-1.1
-4.0,-4.0,-1.1
-4.0,-4.0,-1.1
-4.0,-4.0,-1.1
-4.0,-4.0,-1.1
-4.0,-4.0,-1.1
-4.0,-4.0,-1.1
-4.0,-4.0,-1.1
-4.0,-4.0,-1.1
-4.0,-4.0,-1.1
-4.0,-4.0,-1.1
-4.0,-4.0,-1.1
-4.0,-4.0,-1.1
-4.0,-4.0,-1.1
-4.0,-4.0,-1.1
-4.0,-4.0,-1.1
-4.0,-4.0,-1.1
-4.0,-4.0,-1.1
-4.0,-4.0,-1.1
-4.0,-4.0,-1.1
-4.0,-4.0,-1.1
-4.0,-4.0,-1.1
-4.0,-4.0,-1.1
-4.0,-4.0,-1.1
-4.0,-4.0,-1.1
-4.0,-4.0,-1.1
-4.0,-4.0,-1.1
-4.0,-4.0,-1.1
-4.0,-4.0,-1.1
-4.0,-4.0,-1.1
-4.0,-4.0,-1.1
-4.0,-4.0,-1.1
-4.0,-4.0,-1.1
-4.0,-4.0,-1.1
-4.0,-4.0,-1.1
-4.0,-4.0,-1.1
-4.0,-4.0,-1.1
-4.0,-4.0,-1.1
-4.0,-4.0,-1.1
-4.0,-4.0,-1.1
-4.0,-4.0,-1.1
-4.0,-4.0,-1.1
-4.0,-4.0,-1.1
-4.0,-4.0,-1.1
-4.0,-4.0,-1.1
-4.0,-4.0,-1.1
-4.0,-4.0,-1.1
-4.0,-4.0,-1.1
-4.0,-4.0,-1.1
-4.0,-4.0,-1.1
-4.0,-4.0,-1.1
-4.0,-4.0,-1.1
-4.0,-4.0,-1.1
-4.0,-4.0,-1.1
-4.0,-4.0,-1.1
-4.0,-4.0,-1.1
-4.0,-4.0,-1.1
-4.0,-4.0,-1.1
-4.0,-4.0,-1.1
-4.0,-4.0,-1.1
-4.0,-4.0,-1.1
-4.0,-4.0,-1.1
-4.0,-4.0,-1.1
-4.0,-4.0,-1.1
-4.0,-4.0,-1.1
-4.0,-4.0,-1.1
-4.0,-4.0,-1.1
-4.0,-4.0,-1.1
-4.0,-4.0,-1.1
-4.0,-4.0,-1.1
-4.0,-4.0,-1.1
-4.0,-4.0,-1.1
-4.0,-4.0,-1.1
-4.0,-4.0,-1.1
-4.0,-4.0,-1.1
-4.0,-4.0,-1.1
-4.0,-4.0,-1.1
-4.0,-4.0,-1.1
-4.0,-4.0,-1.1
-4.0,-4.0,-1.1
-4.0,-4.0,-1.1
-4.0,-4.0,-1.1
-4.0,-4.0,-1.1
-4.0,-4.0,-1.1
-4.0,-4.0,-1.1
-4.0,-4.0,-1.1
-4.0,-4.0,-1.1
-4.0,-4.0,-1.1
-4.0,-4.0,-1.1
-4.0,-4.0,-1.1
-4.0,-4.0,-1.1
-4.0,-4.0,-1.1
-4.0,-4.0,-1.1
-4.0,-4.0,-1.1
-4.0,-4.0,-1.1
-4.0,-4.0,-1.1
-4.0,-4.0,-1.1
-4.0,-4.0,-1.1
-4.0,-4.0,-1.1
-4.0,-4.0,-1.1
-4.0,-4.0,-1.1
-4.0,-4.0,-1.1
-4.0,-4.0,-1.1
-4.0,-4.0,-1.1
-4.0,-4.0,-1.1
-4.0,-4.0,-1.1
-4.0,-4.0,-1.1
-4.0,-4.0,-1.1
-4.0,-4.0,-1.1
-4.0,-4.0,-1.1
-4.0,-4.0,-1.1
-4.0,-4.0,-1.1
-4.0,-4.0,-1.1
-4.0,-4.0,-1.1
-4.0,-4.0,-1.1
-4.0,-4.0,-1.1
-4.0,-4.0,-1.1
-4.0,-4.0,-1.1
-4.0,-4.0,-1.1
-4.0,-4.0,-1.1
-4.0,-4.0,-1.1
-4.0,-4.0,-1.1
-4.0,-4.0,-1.1
-4.0,-4.0,-1.1
-4.0,-4.0,-1.1
-4.0,-4.0,-1.1
-4.0,-4.0,-1.1
-4.0,-4.0,-1.1
-4.0,-4.0,-1.1
-4.0,-4.0,-1.1
-4.0,-4.0,-1.1
-4.0,-4.0,-1.1
-4.0,-4.0,-1.1
-4.0,-4.0,-1.1
-4.0,-4.0,-1.1
-4.0,-4.0,-1.1
-4.0,-4.0,-1.1
-4.0,-4.0,-1.1
-4.0,-4.0,-1.1
-4.0,-4.0,-1.1
-4.0,-4.0,-1.1
-4.0,-4.0,-1.1
-4.0,-4.0,-1.1
-4.0,-4.0,-1.1
-4.0,-4.0,-1.1
-4.0,-4.0,-1.1
-4.0,-4.0,-1.1
-4.0,-4.0,-1.1
-4.0,-4.0,-1.1
-4.0,-4.0,-1.1
-4.0,-4.0,-1.1
-4.0,-4.0,-1.1
-4.0,-4.0,-1.1
-4.0,-4.0,-1.1
-4.0,-4.0,-1.1
-4.0,-4.0,-1.1
-4.0,-4.0,-1.1
-4.0,-4.0,-1.1
-4.0,-4.0,-1.1
-4.0,-4.0,-1.1
-4.0,-4.0,-1.1
-4.0,-4.0,-1.1
-4.0,-4.0,-1.1
-4.0,-4.0,-1.1
-4.0,-4.0,-1.1
-4.0,-4.0,-1.1
-4.0,-4.0,-1.1
-4.0,-4.0,-1.1
-4.0,-4.0,-1.1
-4.0,-4.0,-1.1
-4.0,-4.0,-1.1
-4.0,-4.0,-1.1
-4.0,-4.0,-1.1
-4.0,-4.0,-1.1
-4.0,-4.0,-1.1
-4.0,-4.0,-1.1
-4.0,-4.0,-1.1
-4.0,-4.0,-1.1
-4.0,-4.0,-1.1
-4.0,-4.0,-1.1
-4.0,-4.0,-1.1
-4.0,-4.0,-1.1
-4.0,-4.0,-1.1
-4.0,-4.0,-1.1
-4.0,-4.0,-1.1
-4.0,-4.0,-1.1
-4.0,-4.0,-1.1
-4.0,-4.0,-1.1
-4.0,-4.0,-1.1
-4.0,-4.0,-1.1
-4.0,-4.0,-1.1
-4.0,-4.0,-1.1
-4.0,-4.0,-1.1
-4.0,-4.0,-1.1
-4.0,-4.0,-1.1
-4.0,-4.0,-1.1
-4.0,-4.0,-1.1
-4.0,-4.0,-1.1
-4.0,-4.0,-1.1
-4.0,-4.0,-1.1
-4.0,-4.0,-1.1
-4.0,-4.0,-1.1
-4.0,-4.0,-1.1
-4.0,-4.0,-1.1
-4.0,-4.0,-1.1
-4.0,-4.0,-1.1
-4.0,-4.0,-1.1
-4.0,-4.0,-1.1
-4.0,-4.0,-1.1
-4.0,-4.0,-1.1
-4.0,-4.0,-1.1
-4.0,-4.0,-1.1
-4.0,-4.0,-1.1
-4.0,-4.0,-1.1
-4.0,-4.0,-1.1
-4.0,-4.0,-1.1
-4.0,-4.0,-1.1
-4.0,-4.0,-1.1
-4.0,-4.0,-1.1
-4.0,-4.0,-1.1
-4.0,-4.0,-1.1
-4.0,-4.0,-1.1
-4.0,-4.0,-1.1
-4.0,-4.0,-1.1
-4.0,-4.0,-1.1
-4.0,-4.0,-1.1
-4.0,-4.0,-1.1
-4.0,-4.0,-1.1
-4.0,-4.0,-1.1
-4.0,-4.0,-1.1
-4.0,-4.0,-1.1
-4.0,-4.0,-1.1
-4.0,-4.0,-1.1
-4.0,-4.0,-1.1
-4.0,-4.0,-1.1
-4.0,-4.0,-1.1
-4.0,-4.0,-1.1
-4.0,-4.0,-1.1
-4.0,-4.0,-1.1
-4.0,-4.0,-1.1
-4.0,-4.0,-1.1
-4.0,-4.0,-1.1
-4.0,-4.0,-1.1
-4.0,-4.0,-1.1
-4.0,-4.0,-1.1
-4.0,-4.0,-1.1
-4.0,-4.0,-1.1
-4.0,-4.0,-1.1
-4.0,-4.0,-1.1
-4.0,-4.0,-1.1
-4.0,-4.0,-1.1
-4.0,-4.0,-1.1
-4.0,-4.0,-1.1
-4.0,-4.0,-1.1
-4.0,-4.0,-1.1
-4.0,-4.0,-1.1
-4.0,-4.0,-1.1
-4.0,-4.0,-1.1
-4.0,-4.0,-1.1
-4.0,-4.0,-1.1
-4.0,-4.0,-1.1
-4.0,-4.0,-1.1
-4.0,-4.0,-1.1
-4.0,-4.0,-1.1
-4.0,-4.0,-1.1
-4.0,-4.0,-1.1
-4.0,-4.0,-1.1
-4.0,-4.0,-1.1
-4.0,-4.0,-1.1
-4.0,-4.0,-1.1
-4.0,-4.0,-1.1
-4.0,-4.0,-1.1
-4.0,-4.0,-1.1
-4.0,-4.0,-1.1
-4.0,-4.0,-1.1
-4.0,-4.0,-1.1
-4.0,-4.0,-1.1
-4.0,-4.0,-1.1
-4.0,-4.0,-1.1
-4.0,-4.0,-1.1
-4.0,-4.0,-1.1
-4.0,-4.0,-1.1
-4.0,-4.0,-1.1
-4.0,-4.0,-1.1
-4.0,-4.0,-1.1
-4.0,-4.0,-1.1
-4.0,-4.0,-1.1
-4.0,-4.0,-1.1
-4.0,-4.0,-1.1
-4.0,-4.0,-1.1
-4.0,-4.0,-1.1
-4.0,-4.0,-1.1
-4.0,-4.0,-1.1
-4.0,-4.0,-1.1
-4.0,-4.0,-1.1
-4.0,-4.0,-1.1
-4.0,-4.0,-1.1
-4.0,-4.0,-1.1
-4.0,-4.0,-1.1
-4.0,-4.0,-1.1
-4.0,-4.0,-1.1
-4.0,-4.0,-1.1
-4.0,-4.0,-1.1
-4.0,-4.0,-1.1
-4.0,-4.0,-1.1
-4.0,-4.0,-1.1
-4.0,-4.0,-1.1
-4.0,-4.0,-1.1
-4.0,-4.0,-1.1
-4.0,-4.0,-1.1
-4.0,-4.0,-1.1
-4.0,-4.0,-1.1
-4.0,-4.0,-1.1
-4.0,-4.0,-1.1
-4.0,-4.0,-1.1
-4.0,-4.0,-1.1
-4.0,-4.0,-1.1
-4.0,-4.0,-1.1
-4.0,-4.0,-1.1
-4.0,-4.0,-1.1
-4.0,-4.0,-1.1
-4.0,-4.0,-1.1
-4.0,-4.0,-1.1
-4.0,-4.0,-1.1
-4.0,-4.0,-1.1
-4.0,-4.0,-1.1
-4.0,-4.0,-1.1
-4.0,-4.0,-1.1
-4.0,-4.0,-1.1
-4.0,-4.0,-1.1
-4.0,-4.0,-1.1
-4.0,-4.0,-1.1
-4.0,-4.0,-1.1
-4.0,-4.0,-1.1
-4.0,-4.0,-1.1
-4.0,-4.0,-1.1
-4.0,-4.0,-1.1
-4.0,-4.0,-1.1
-4.0,-4.0,-1.1
-4.0,-4.0,-1.1
-4.0,-4.0,-1.1
-4.0,-4.0,-1.1
-4.0,-4.0,-1.1
-4.0,-4.0,-1.1
-4.0,-4.0,-1.1
-4.0,-4.0,-1.1
-4.0,-4.0,-1.1
-4.0,-4.0,-1.1
-4.0,-4.0,-1.1
-4.0,-4.0,-1.1
-4.0,-4.0,-1.1
-4.0,-4.0,-1.1
-4.0,-4.0,-1.1
-4.0,-4.0,-1.1
-4.0,-4.0,-1.1
-4.0,-4.0,-1.1
-4.0,-4.0,-1.1
-4.0,-4.0,-1.1
-4.0,-4.0,-1.1
-4.0,-4.0,-1.1
-4.0,-4.0,-1.1
-4.0,-4.0,-1.1
-4.0,-4.0,-1.1
-4.0,-4.0,-1.1
-4.0,-4.0,-1.1
-4.0,-4.0,-1.1
-4.0,-4.0,-1.1
-4.0,-4.0,-1.1
-4.0,-4.0,-1.1
-4.0,-4.0,-1.1
-4.0,-4.0,-1.1
-4.0,-4.0,-1.1
-4.0,-4.0,-1.1
-4.0,-4.0,-1.1
-4.0,-4.0,-1.1
-4.0,-4.0,-1.1
-4.0,-4.0,-1.1
-4.0,-4.0,-1.1
-4.0,-4.0,-1.1
-4.0,-4.0,-1.1
-4.0,-4.0,-1.1
-4.0,-4.0,-1.1
-4.0,-4.0,-1.1
-4.0,-4.0,-1.1
-4.0,-4.0,-1.1
-4.0,-4.0,-1.1
-4.0,-4.0,-1.1
-4.0,-4.0,-1.1
-4.0,-4.0,-1.1
-4.0,-4.0,-1.1
-4.0,-4.0,-1.1
-4.0,-4.0,-1.1
-4.0,-4.0,-1.1
-4.0,-4.0,-1.1
-4.0,-4.0,-1.1
-4.0,-4.0,-1.1
-4.0,-4.0,-1.1
-4.0,-4.0,-1.1
-4.0,-4.0,-1.1
-4.0,-4.0,-1.1
-4.0,-4.0,-1.1
-4.0,-4.0,-1.1
-4.0,-4.0,-1.1
-4.0,-4.0,-1.1
-4.0,-4.0,-1.1
-4.0,-4.0,-1.1
-4.0,-4.0,-1.1
-4.0,-4.0,-1.1
-4.0,-4.0,-1.1
-4.0,-4.0,-1.1
-4.0,-4.0,-1.1
-4.0,-4.0,-1.1
-4.0,-4.0,-1.1
-4.0,-4.0,-1.1
-4.0,-4.0,-1.1
-4.0,-4.0,-1.1
-4.0,-4.0,-1.1
-4.0,-4.0,-1.1
-4.0,-4.0,-1.1
-4.0,-4.0,-1.1
-4.0,-4.0,-1.1
-4.0,-4.0,-1.1
-4.0,-4.0,-1.1
-4.0,-4.0,-1.1
-4.0,-4.0,-1.1
-4.0,-4.0,-1.1
-4.0,-4.0,-1.1
-4.0,-4.0,-1.1
-4.0,-4.0,-1.1
-4.0,-4.0,-1.1
-4.0,-4.0,-1.1
-4.0,-4.0,-1.1
-4.0,-4.0,-1.1
-4.0,-4.0,-1.1
-4.0,-4.0,-1.1
-4.0,-4.0,-1.1
-4.0,-4.0,-1.1
-4.0,-4.0,-1.1
-4.0,-4.0,-1.1
-4.0,-4.0,-1.1
-4.0,-4.0,-1.1
-4.0,-4.0,-1.1
-4.0,-4.0,-1.1
-4.0,-4.0,-1.1
-4.0,-4.0,-1.1
-4.0,-4.0,-1.1
-4.0,-4.0,-1.1
-4.0,-4.0,-1.1
-4.0,-4.0,-1.1
-4.0,-4.0,-1.1
-4.0,-4.0,-1.1
-4.0,-4.0,-1.1
-4.0,-4.0,-1.1
-4.0,-4.0,-1.1
-4.0,-4.0,-1.1
-4.0,-4.0,-1.1
-4.0,-4.0,-1.1
-4.0,-4.0,-1.1
-4.0,-4.0,-1.1
-4.0,-4.0,-1.1
-4.0,-4.0,-1.1
-4.0,-4.0,-1.1
-4.0,-4.0,-1.1
-4.0,-4.0,-1.1
-4.0,-4.0,-1.1
-4.0,-4.0,-1.1
-4.0,-4.0,-1.1
-4.0,-4.0,-1.1
-4.0,-4.0,-1.1
-4.0,-4.0,-1.1
-4.0,-4.0,-1.1
-4.0,-4.0,-1.1
-4.0,-4.0,-1.1
-4.0,-4.0,-1.1
-4.0,-4.0,-1.1
-4.0,-4.0,-1.1
-4.0,-4.0,-1.1
-4.0,-4.0,-1.1
-4.0,-4.0,-1.1
-4.0,-4.0,-1.1
-4.0,-4.0,-1.1
-4.0,-4.0,-1.1
-4.0,-4.0,-1.1
-4.0,-4.0,-1.1
-4.0,-4.0,-1.1
-4.0,-4.0,-1.1
-4.0,-4.0,-1.1
-4.0,-4.0,-1.1
-4.0,-4.0,-1.1
-4.0,-4.0,-1.1
-4.0,-4.0,-1.1
-4.0,-4.0,-1.1
-4.0,-4.0,-1.1
-4.0,-4.0,-1.1
-4.0,-4.0,-1.1
-4.0,-4.0,-1.1
-4.0,-4.0,-1.1
-4.0,-4.0,-1.1
-4.0,-4.0,-1.1
-4.0,-4.0,-1.1
-4.0,-4.0,-1.1
-4.0,-4.0,-1.1
-4.0,-4.0,-1.1
-4.0,-4.0,-1.1
-4.0,-4.0,-1.1
-4.0,-4.0,-1.1
-4.0,-4.0,-1.1
-4.0,-4.0,-1.1
-4.0,-4.0,-1.1
-4.0,-4.0,-1.1
-4.0,-4.0,-1.1
-4.0,-4.0,-1.1
-4.0,-4.0,-1.1
-4.0,-4.0,-1.1
-4.0,-4.0,-1.1
-4.0,-4.0,-1.1
-4.0,-4.0,-1.1
-4.0,-4.0,-1.1
-4.0,-4.0,-1.1
-4.0,-4.0,-1.1
-4.0,-4.0,-1.1
-4.0,-4.0,-1.1
-4.0,-4.0,-1.1
-4.0,-4.0,-1.1
-4.0,-4.0,-1.1
-4.0,-4.0,-1.1
-4.0,-4.0,-1.1
-4.0,-4.0,-1.1
-4.0,-4.0,-1.1
-4.0,-4.0,-1.1
-4.0,-4.0,-1.1
-4.0,-4.0,-1.1
-4.0,-4.0,-1.1
-4.0,-4.0,-1.1
-4.0,-4.0,-1.1
-4.0,-4.0,-1.1
-4.0,-4.0,-1.1
-4.0,-4.0,-1.1
-4.0,-4.0,-1.1
-4.0,-4.0,-1.1
-4.0,-4.0,-1.1
-4.0,-4.0,-1.1
-4.0,-4.0,-1.1
-4.0,-4.0,-1.1
-4.0,-4.0,-1.1
-4.0,-4.0,-1.1
-4.0,-4.0,-1.1
-4.0,-4.0,-1.1
-4.0,-4.0,-1.1
-4.0,-4.0,-1.1
-4.0,-4.0,-1.1
-4.0,-4.0,-1.1
-4.0,-4.0,-1.1
-4.0,-4.0,-1.1
-4.0,-4.0,-1.1
-4.0,-4.0,-1.1
-4.0,-4.0,-1.1
-4.0,-4.0,-1.1
-4.0,-4.0,-1.1
-4.0,-4.0,-1.1
-4.0,-4.0,-1.1
-4.0,-4.0,-1.1
-4.0,-4.0,-1.1
-4.0,-4.0,-1.1
-4.0,-4.0,-1.1
-4.0,-4.0,-1.1
-4.0,-4.0,-1.1
-4.0,-4.0,-1.1
-4.0,-4.0,-1.1
-4.0,-4.0,-1.1
-4.0,-4.0,-1.1
-4.0,-4.0,-1.1
-4.0,-4.0,-1.1
-4.0,-4.0,-1.1
-4.0,-4.0,-1.1
-4.0,-4.0,-1.1
-4.0,-4.0,-1.1
-4.0,-4.0,-1.1
-4.0,-4.0,-1.1
-4.0,-4.0,-1.1
-4.0,-4.0,-1.1
-4.0,-4.0,-1.1
-4.0,-4.0,-1.1
-4.0,-4.0,-1.1
-4.0,-4.0,-1.1
-4.0,-4.0,-1.1
-4.0,-4.0,-1.1
-4.0,-4.0,-1.1
-4.0,-4.0,-1.1
-4.0,-4.0,-1.1
-4.0,-4.0,-1.1
-4.0,-4.0,-1.1
-4.0,-4.0,-1.1
-4.0,-4.0,-1.1
-4.0,-4.0,-1.1
-4.0,-4.0,-1.1
-4.0,-4.0,-1.1
-4.0,-4.0,-1.1
-4.0,-4.0,-1.1
-4.0,-4.0,-1.1
-4.0,-4.0,-1.1
-4.0,-4.0,-1.1
-4.0,-4.0,-1.1
-4.0,-4.0,-1.1
-4.0,-4.0,-1.1
-4.0,-4.0,-1.1
-4.0,-4.0,-1.1
-4.0,-4.0,-1.1
-4.0,-4.0,-1.1
-4.0,-4.0,-1.1
-4.0,-4.0,-1.1
-4.0,-4.0,-1.1
-4.0,-4.0,-1.1
-4.0,-4.0,-1.1
-4.0,-4.0,-1.1
-4.0,-4.0,-1.1
-4.0,-4.0,-1.1
-4.0,-4.0,-1.1
-4.0,-4.0,-1.1
-4.0,-4.0,-1.1
-4.0,-4.0,-1.1
-4.0,-4.0,-1.1
-4.0,-4.0,-1.1
-4.0,-4.0,-1.1
-4.0,-4.0,-1.1
-4.0,-4.0,-1.1
-4.0,-4.0,-1.1
-4.0,-4.0,-1.1
-4.0,-4.0,-1.1
-4.0,-4.0,-1.1
-4.0,-4.0,-1.1
-4.0,-4.0,-1.1
-4.0,-4.0,-1.1
-4.0,-4.0,-1.1
-4.0,-4.0,-1.1
-4.0,-4.0,-1.1
-4.0,-4.0,-1.1
-4.0,-4.0,-1.1
-4.0,-4.0,-1.1
-4.0,-4.0,-1.1
-4.0,-4.0,-1.1
-4.0,-4.0,-1.1
-4.0,-4.0,-1.1
-4.0,-4.0,-1.1
-4.0,-4.0,-1.1
-4.0,-4.0,-1.1
-4.0,-4.0,-1.1
-4.0,-4.0,-1.1
-4.0,-4.0,-1.1
-4.0,-4.0,-1.1
-4.0,-4.0,-1.1
-4.0,-4.0,-1.1
-4.0,-4.0,-1.1
-4.0,-4.0,-1.1
-4.0,-4.0,-1.1
-4.0,-4.0,-1.1
-4.0,-4.0,-1.1
-4.0,-4.0,-1.1
-4.0,-4.0,-1.1
-4.0,-4.0,-1.1
-4.0,-4.0,-1.1
-4.0,-4.0,-1.1
-4.0,-4.0,-1.1
-4.0,-4.0,-1.1
-4.0,-4.0,-1.1
-4.0,-4.0,-1.1
-4.0,-4.0,-1.1
-4.0,-4.0,-1.1
-4.0,-4.0,-1.1
-4.0,-4.0,-1.1
-4.0,-4.0,-1.1
-4.0,-4.0,-1.1
-4.0,-4.0,-1.1
-4.0,-4.0,-1.1
-4.0,-4.0,-1.1
-4.0,-4.0,-1.1
-4.0,-4.0,-1.1
-4.0,-4.0,-1.1
-4.0,-4.0,-1.1
-4.0,-4.0,-1.1
-4.0,-4.0,-1.1
-4.0,-4.0,-1.1
-4.0,-4.0,-1.1
-4.0,-4.0,-1.1
-4.0,-4.0,-1.1
-4.0,-4.0,-1.1
-4.0,-4.0,-1.1
-4.0,-4.0,-1.1
-4.0,-4.0,-1.1
-4.0,-4.0,-1.1
-4.0,-4.0,-1.1
-4.0,-4.0,-1.1
-4.0,-4.0,-1.1
-4.0,-4.0,-1.1
-4.0,-4.0,-1.1
-4.0,-4.0,-1.1
-4.0,-4.0,-1.1
-4.0,-4.0,-1.1
-4.0,-4.0,-1.1
-4.0,-4.0,-1.1
-4.0,-4.0,-1.1
-4.0,-4.0,-1.1
-4.0,-4.0,-1.1
-4.0,-4.0,-1.1
-4.0,-4.0,-1.1
-4.0,-4.0,-1.1
-4.0,-4.0,-1.1
-4.0,-4.0,-1.1
-4.0,-4.0,-1.1
-4.0,-4.0,-1.1
-4.0,-4.0,-1.1
-4.0,-4.0,-1.1
-4.0,-4.0,-1.1
-4.0,-4.0,-1.1
-4.0,-4.0,-1.1
-4.0,-4.0,-1.1
-4.0,-4.0,-1.1
-4.0,-4.0,-1.1
-4.0,-4.0,-1.1
-4.0,-4.0,-1.1
-4.0,-4.0,-1.1
-4.0,-4.0,-1.1
-4.0,-4.0,-1.1
-4.0,-4.0,-1.1
-4.0,-4.0,-1.1
-4.0,-4.0,-1.1
-4.0,-4.0,-1.1
-4.0,-4.0,-1.1
-4.0,-4.0,-1.1
-4.0,-4.0,-1.1
-4.0,-4.0,-1.1
-4.0,-4.0,-1.1
-4.0,-4.0,-1.1
-4.0,-4.0,-1.1
-4.0,-4.0,-1.1
-4.0,-4.0,-1.1
-4.0,-4.0,-1.1
-4.0,-4.0,-1.1
-4.0,-4.0,-1.1
-4.0,-4.0,-1.1
-4.0,-4.0,-1.1
-4.0,-4.0,-1.1
-4.0,-4.0,-1.1
-4.0,-4.0,-1.1
-4.0,-4.0,-1.1
-4.0,-4.0,-1.1
-4.0,-4.0,-1.1
-4.0,-4.0,-1.1
-4.0,-4.0,-1.1
-4.0,-4.0,-1.1
-4.0,-4.0,-1.1
-4.0,-4.0,-1.1
-4.0,-4.0,-1.1
-4.0,-4.0,-1.1
-4.0,-4.0,-1.1
-4.0,-4.0,-1.1
-4.0,-4.0,-1.1
-4.0,-4.0,-1.1
-4.0,-4.0,-1.1
-4.0,-4.0,-1.1
-4.0,-4.0,-1.1
-4.0,-4.0,-1.1
-4.0,-4.0,-1.1
-4.0,-4.0,-1.1
-4.0,-4.0,-1.1
-4.0,-4.0,-1.1
-4.0,-4.0,-1.1
-4.0,-4.0,-1.1
-4.0,-4.0,-1.1
-4.0,-4.0,-1.1
-4.0,-4.0,-1.1
-4.0,-4.0,-1.1
-4.0,-4.0,-1.1
-4.0,-4.0,-1.1
-4.0,-4.0,-1.1
-4.0,-4.0,-1.1
-4.0,-4.0,-1.1
-4.0,-4.0,-1.1
-4.0,-4.0,-1.1
-4.0,-4.0,-1.1
-4.0,-4.0,-1.1
-4.0,-4.0,-1.1
-4.0,-4.0,-1.1
-4.0,-4.0,-1.1
-4.0,-4.0,-1.1
-4.0,-4.0,-1.1
-4.0,-4.0,-1.1
-4.0,-4.0,-1.1
-4.0,-4.0,-1.1
-4.0,-4.0,-1.1
-4.0,-4.0,-1.1
-4.0,-4.0,-1.1
-4.0,-4.0,-1.1
-4.0,-4.0,-1.1
-4.0,-4.0,-1.1
-4.0,-4.0,-1.1
-4.0,-4.0,-1.1
-4.0,-4.0,-1.1
-4.0,-4.0,-1.1
-4.0,-4.0,-1.1
-4.0,-4.0,-1.1
-4.0,-4.0,-1.1
-4.0,-4.0,-1.1
-4.0,-4.0,-1.1
-4.0,-4.0,-1.1
-4.0,-4.0,-1.1
-4.0,-4.0,-1.1
-4.0,-4.0,-1.1
-4.0,-4.0,-1.1
-4.0,-4.0,-1.1
-4.0,-4.0,-1.1
-4.0,-4.0,-1.1
-4.0,-4.0,-1.1
-4.0,-4.0,-1.1
-4.0,-4.0,-1.1
-4.0,-4.0,-1.1
-4.0,-4.0,-1.1
-4.0,-4.0,-1.1
-4.0,-4.0,-1.1
-4.0,-4.0,-1.1
-4.0,-4.0,-1.1
-4.0,-4.0,-1.1
-4.0,-4.0,-1.1
-4.0,-4.0,-1.1
-4.0,-4.0,-1.1
-4.0,-4.0,-1.1
-4.0,-4.0,-1.1
-4.0,-4.0,-1.1
-4.0,-4.0,-1.1
-4.0,-4.0,-1.1
-4.0,-4.0,-1.1
-4.0,-4.0,-1.1
-4.0,-4.0,-1.1
-4.0,-4.0,-1.1
-4.0,-4.0,-1.1
-4.0,-4.0,-1.1
-4.0,-4.0,-1.1
-4.0,-4.0,-1.1
-4.0,-4.0,-1.1
-4.0,-4.0,-1.1
-4.0,-4.0,-1.1
-4.0,-4.0,-1.1
-4.0,-4.0,-1.1
-4.0,-4.0,-1.1
-4.0,-4.0,-1.1
-4.0,-4.0,-1.1
-4.0,-4.0,-1.1
-4.0,-4.0,-1.1
-4.0,-4.0,-1.1
-4.0,-4.0,-1.1
-4.0,-4.0,-1.1
-4.0,-4.0,-1.1
-4.0,-4.0,-1.1
-4.0,-4.0,-1.1
-4.0,-4.0,-1.1
-4.0,-4.0,-1.1
-4.0,-4.0,-1.1
-4.0,-4.0,-1.1
-4.0,-4.0,-1.1
-4.0,-4.0,-1.1
-4.0,-4.0,-1.1
-4.0,-4.0,-1.1
-4.0,-4.0,-1.1
-4.0,-4.0,-1.1
-4.0,-4.0,-1.1
-4.0,-4.0,-1.1
-4.0,-4.0,-1.1
-4.0,-4.0,-1.1
-4.0,-4.0,-1.1
-4.0,-4.0,-1.1
-4.0,-4.0,-1.1
-4.0,-4.0,-1.1
-4.0,-4.0,-1.1
-4.0,-4.0,-1.1
-4.0,-4.0,-1.1
-4.0,-4.0,-1.1
-4.0,-4.0,-1.1
-4.0,-4.0,-1.1
-4.0,-4.0,-1.1
-4.0,-4.0,-1.1
-4.0,-4.0,-1.1
-4.0,-4.0,-1.1
-4.0,-4.0,-1.1
-4.0,-4.0,-1.1
-4.0,-4.0,-1.1
-4.0,-4.0,-1.1
-4.0,-4.0,-1.1
-4.0,-4.0,-1.1
-4.0,-4.0,-1.1
-4.0,-4.0,-1.1
-4.0,-4.0,-1.1
-4.0,-4.0,-1.1
-4.0,-4.0,-1.1
-4.0,-4.0,-1.1
-4.0,-4.0,-1.1
-4.0,-4.0,-1.1
-4.0,-4.0,-1.1
-4.0,-4.0,-1.1
-4.0,-4.0,-1.1
-4.0,-4.0,-1.1
-4.0,-4.0,-1.1
-4.0,-4.0,-1.1
-4.0,-4.0,-1.1
-4.0,-4.0,-1.1
-4.0,-4.0,-1.1
-4.0,-4.0,-1.1
-4.0,-4.0,-1.1
-4.0,-4.0,-1.1
-4.0,-4.0,-1.1
-4.0,-4.0,-1.1
-4.0,-4.0,-1.1
-4.0,-4.0,-1.1
-4.0,-4.0,-1.1
-4.0,-4.0,-1.1
-4.0,-4.0,-1.1
-4.0,-4.0,-1.1
-4.0,-4.0,-1.1
-4.0,-4.0,-1.1
-4.0,-4.0,-1.1
-4.0,-4.0,-1.1
-4.0,-4.0,-1.1
-4.0,-4.0,-1.1
-4.0,-4.0,-1.1
-4.0,-4.0,-1.1
-4.0,-4.0,-1.1
-4.0,-4.0,-1.1
-4.0,-4.0,-1.1
-4.0,-4.0,-1.1
-4.0,-4.0,-1.1
-4.0,-4.0,-1.1
-4.0,-4.0,-1.1
-4.0,-4.0,-1.1
-4.0,-4.0,-1.1
-4.0,-4.0,-1.1
-4.0,-4.0,-1.1
-4.0,-4.0,-1.1
-4.0,-4.0,-1.1
-4.0,-4.0,-1.1
-4.0,-4.0,-1.1
-4.0,-4.0,-1.1
-4.0,-4.0,-1.1
-4.0,-4.0,-1.1
-4.0,-4.0,-1.1
-4.0,-4.0,-1.1
-4.0,-4.0,-1.1
-4.0,-4.0,-1.1
-4.0,-4.0,-1.1
-4.0,-4.0,-1.1
-4.0,-4.0,-1.1
-4.0,-4.0,-1.1
-4.0,-4.0,-1.1
-4.0,-4.0,-1.1
-4.0,-4.0,-1.1
-4.0,-4.0,-1.1
-4.0,-4.0,-1.1
-4.0,-4.0,-1.1
-4.0,-4.0,-1.1
-4.0,-4.0,-1.1
-4.0,-4.0,-1.1
-4.0,-4.0,-1.1
-4.0,-4.0,-1.1
-4.0,-4.0,-1.1
-4.0,-4.0,-1.1
-4.0,-4.0,-1.1
-4.0,-4.0,-1.1
-4.0,-4.0,-1.1
-4.0,-4.0,-1.1
-4.0,-4.0,-1.1
-4.0,-4.0,-1.1
-4.0,-4.0,-1.1
-4.0,-4.0,-1.1
-4.0,-4.0,-1.1
-4.0,-4.0,-1.1
-4.0,-4.0,-1.1
-4.0,-4.0,-1.1
-4.0,-4.0,-1.1
-4.0,-4.0,-1.1
-4.0,-4.0,-1.1
-4.0,-4.0,-1.1
-4.0,-4.0,-1.1
-4.0,-4.0,-1.1
-4.0,-4.0,-1.1
-4.0,-4.0,-1.1
-4.0,-4.0,-1.1
-4.0,-4.0,-1.1
-4.0,-4.0,-1.1
-4.0,-4.0,-1.1
-4.0,-4.0,-1.1
-4.0,-4.0,-1.1
-4.0,-4.0,-1.1
-4.0,-4.0,-1.1
-4.0,-4.0,-1.1
-4.0,-4.0,-1.1
-4.0,-4.0,-1.1
-4.0,-4.0,-1.1
-4.0,-4.0,-1.1
-4.0,-4.0,-1.1
-4.0,-4.0,-1.1
-4.0,-4.0,-1.1
-4.0,-4.0,-1.1
-4.0,-4.0,-1.1
-4.0,-4.0,-1.1
-4.0,-4.0,-1.1
-4.0,-4.0,-1.1
-4.0,-4.0,-1.1
-4.0,-4.0,-1.1
-4.0,-4.0,-1.1
-4.0,-4.0,-1.1
-4.0,-4.0,-1.1
-4.0,-4.0,-1.1
-4.0,-4.0,-1.1
-4.0,-4.0,-1.1
-4.0,-4.0,-1.1
-4.0,-4.0,-1.1
-4.0,-4.0,-1.1
-4.0,-4.0,-1.1
-4.0,-4.0,-1.1
-4.0,-4.0,-1.1
-4.0,-4.0,-1.1
-4.0,-4.0,-1.1
-4.0,-4.0,-1.1
-4.0,-4.0,-1.1
-4.0,-4.0,-1.1
-4.0,-4.0,-1.1
-4.0,-4.0,-1.1
-4.0,-4.0,-1.1
-4.0,-4.0,-1.1
-4.0,-4.0,-1.1
-4.0,-4.0,-1.1
-4.0,-4.0,-1.1
-4.0,-4.0,-1.1
-4.0,-4.0,-1.1
-4.0,-4.0,-1.1
-4.0,-4.0,-1.1
-4.0,-4.0,-1.1
-4.0,-4.0,-1.1
-4.0,-4.0,-1.1
-4.0,-4.0,-1.1
-4.0,-4.0,-1.1
-4.0,-4.0,-1.1
-4.0,-4.0,-1.1
-4.0,-4.0,-1.1
-4.0,-4.0,-1.1
-4.0,-4.0,-1.1
-4.0,-4.0,-1.1
-4.0,-4.0,-1.1
-4.0,-4.0,-1.1
-4.0,-4.0,-1.1
-4.0,-4.0,-1.1
-4.0,-4.0,-1.1
-4.0,-4.0,-1.1
-4.0,-4.0,-1.1
-4.0,-4.0,-1.1
-4.0,-4.0,-1.1
-4.0,-4.0,-1.1
-4.0,-4.0,-1.1
-4.0,-4.0,-1.1
-4.0,-4.0,-1.1
-4.0,-4.0,-1.1
-4.0,-4.0,-1.1
-4.0,-4.0,-1.1
-4.0,-4.0,-1.1
-4.0,-4.0,-1.1
-4.0,-4.0,-1.1
-4.0,-4.0,-1.1
-4.0,-4.0,-1.1
-4.0,-4.0,-1.1
-4.0,-4.0,-1.1
-4.0,-4.0,-1.1
-4.0,-4.0,-1.1
-4.0,-4.0,-1.1
-4.0,-4.0,-1.1
-4.0,-4.0,-1.1
-4.0,-4.0,-1.1
-4.0,-4.0,-1.1
-4.0,-4.0,-1.1
-4.0,-4.0,-1.1
-4.0,-4.0,-1.1
-4.0,-4.0,-1.1
-4.0,-4.0,-1.1
-4.0,-4.0,-1.1
-4.0,-4.0,-1.1
-4.0,-4.0,-1.1
-4.0,-4.0,-1.1
-4.0,-4.0,-1.1
-4.0,-4.0,-1.1
-4.0,-4.0,-1.1
-4.0,-4.0,-1.1
-4.0,-4.0,-1.1
-4.0,-4.0,-1.1
-4.0,-4.0,-1.1
-4.0,-4.0,-1.1
-4.0,-4.0,-1.1
-4.0,-4.0,-1.1
-4.0,-4.0,-1.1
-4.0,-4.0,-1.1
-4.0,-4.0,-1.1
-4.0,-4.0,-1.1
-4.0,-4.0,-1.1
-4.0,-4.0,-1.1
-4.0,-4.0,-1.1
-4.0,-4.0,-1.1
-4.0,-4.0,-1.1
-4.0,-4.0,-1.1
-4.0,-4.0,-1.1
-4.0,-4.0,-1.1
-4.0,-4.0,-1.1
-4.0,-4.0,-1.1
-4.0,-4.0,-1.1
-4.0,-4.0,-1.1
-4.0,-4.0,-1.1
-4.0,-4.0,-1.1
-4.0,-4.0,-1.1
-4.0,-4.0,-1.1
-4.0,-4.0,-1.1
-4.0,-4.0,-1.1
-4.0,-4.0,-1.1
-4.0,-4.0,-1.1
-4.0,-4.0,-1.1
-4.0,-4.0,-1.1
-4.0,-4.0,-1.1
-4.0,-4.0,-1.1
-4.0,-4.0,-1.1
-4.0,-4.0,-1.1
-4.0,-4.0,-1.1
-4.0,-4.0,-1.1
-4.0,-4.0,-1.1
-4.0,-4.0,-1.1
-4.0,-4.0,-1.1
-4.0,-4.0,-1.1
-4.0,-4.0,-1.1
-4.0,-4.0,-1.1
-4.0,-4.0,-1.1
-4.0,-4.0,-1.1
-4.0,-4.0,-1.1
-4.0,-4.0,-1.1
-4.0,-4.0,-1.1
-4.0,-4.0,-1.1
-4.0,-4.0,-1.1
-4.0,-4.0,-1.1
-4.0,-4.0,-1.1
-4.0,-4.0,-1.1
-4.0,-4.0,-1.1
-4.0,-4.0,-1.1
-4.0,-4.0,-1.1
-4.0,-4.0,-1.1
-4.0,-4.0,-1.1
-4.0,-4.0,-1.1
-4.0,-4.0,-1.1
-4.0,-4.0,-1.1
-4.0,-4.0,-1.1
-4.0,-4.0,-1.1
-4.0,-4.0,-1.1
-4.0,-4.0,-1.1
-4.0,-4.0,-1.1
-4.0,-4.0,-1.1
-4.0,-4.0,-1.1
-4.0,-4.0,-1.1
-4.0,-4.0,-1.1
-4.0,-4.0,-1.1
-4.0,-4.0,-1.1
-4.0,-4.0,-1.1
-4.0,-4.0,-1.1
-4.0,-4.0,-1.1
-4.0,-4.0,-1.1
-4.0,-4.0,-1.1
-4.0,-4.0,-1.1
-4.0,-4.0,-1.1
-4.0,-4.0,-1.1
-4.0,-4.0,-1.1
-4.0,-4.0,-1.1
-4.0,-4.0,-1.1
-4.0,-4.0,-1.1
-4.0,-4.0,-1.1
-4.0,-4.0,-1.1
-4.0,-4.0,-1.1
-4.0,-4.0,-1.1
-4.0,-4.0,-1.1
-4.0,-4.0,-1.1
-4.0,-4.0,-1.1
-4.0,-4.0,-1.1
-4.0,-4.0,-1.1
-4.0,-4.0,-1.1
-4.0,-4.0,-1.1
-4.0,-4.0,-1.1
-4.0,-4.0,-1.1
-4.0,-4.0,-1.1
-4.0,-4.0,-1.1
-4.0,-4.0,-1.1
-4.0,-4.0,-1.1
-4.0,-4.0,-1.1
-4.0,-4.0,-1.1
-4.0,-4.0,-1.1
-4.0,-4.0,-1.1
-4.0,-4.0,-1.1
-4.0,-4.0,-1.1
-4.0,-4.0,-1.1
-4.0,-4.0,-1.1
-4.0,-4.0,-1.1
-4.0,-4.0,-1.1
-4.0,-4.0,-1.1
-4.0,-4.0,-1.1
-4.0,-4.0,-1.1
-4.0,-4.0,-1.1
-4.0,-4.0,-1.1
-4.0,-4.0,-1.1
-4.0,-4.0,-1.1
-4.0,-4.0,-1.1
-4.0,-4.0,-1.1
-4.0,-4.0,-1.1
-4.0,-4.0,-1.1
-4.0,-4.0,-1.1
-4.0,-4.0,-1.1
-4.0,-4.0,-1.1
-4.0,-4.0,-1.1
-4.0,-4.0,-1.1
-4.0,-4.0,-1.1
-4.0,-4.0,-1.1
-4.0,-4.0,-1.1
-4.0,-4.0,-1.1
-4.0,-4.0,-1.1
-4.0,-4.0,-1.1
-4.0,-4.0,-1.1
-4.0,-4.0,-1.1
-4.0,-4.0,-1.1
-4.0,-4.0,-1.1
-4.0,-4.0,-1.1
-4.0,-4.0,-1.1
-4.0,-4.0,-1.1
-4.0,-4.0,-1.1
-4.0,-4.0,-1.1
-4.0,-4.0,-1.1
-4.0,-4.0,-1.1
-4.0,-4.0,-1.1
-4.0,-4.0,-1.1
-4.0,-4.0,-1.1
-4.0,-4.0,-1.1
-4.0,-4.0,-1.1
-4.0,-4.0,-1.1
-4.0,-4.0,-1.1
-4.0,-4.0,-1.1
-4.0,-4.0,-1.1
-4.0,-4.0,-1.1
-4.0,-4.0,-1.1
-4.0,-4.0,-1.1
-4.0,-4.0,-1.1
-4.0,-4.0,-1.1
-4.0,-4.0,-1.1
-4.0,-4.0,-1.1
-4.0,-4.0,-1.1
-4.0,-4.0,-1.1
-4.0,-4.0,-1.1
-4.0,-4.0,-1.1
-4.0,-4.0,-1.1
-4.0,-4.0,-1.1
-4.0,-4.0,-1.1
-4.0,-4.0,-1.1
-4.0,-4.0,-1.1
-4.0,-4.0,-1.1
-4.0,-4.0,-1.1
-4.0,-4.0,-1.1
-4.0,-4.0,-1.1
-4.0,-4.0,-1.1
-4.0,-4.0,-1.1
-4.0,-4.0,-1.1
-4.0,-4.0,-1.1
-4.0,-4.0,-1.1
-4.0,-4.0,-1.1
-4.0,-4.0,-1.1
-4.0,-4.0,-1.1
-4.0,-4.0,-1.1
-4.0,-4.0,-1.1
-4.0,-4.0,-1.1
-4.0,-4.0,-1.1
-4.0,-4.0,-1.1
-4.0,-4.0,-1.1
-4.0,-4.0,-1.1
-4.0,-4.0,-1.1
-4.0,-4.0,-1.1
-4.0,-4.0,-1.1
-4.0,-4.0,-1.1
-4.0,-4.0,-1.1
-4.0,-4.0,-1.1
-4.0,-4.0,-1.1
-4.0,-4.0,-1.1
-4.0,-4.0,-1.1
-4.0,-4.0,-1.1
-4.0,-4.0,-1.1
-4.0,-4.0,-1.1
-4.0,-4.0,-1.1
-4.0,-4.0,-1.1
-4.0,-4.0,-1.1
-4.0,-4.0,-1.1
-4.0,-4.0,-1.1
-4.0,-4.0,-1.1
-4.0,-4.0,-1.1
-4.0,-4.0,-1.1
-4.0,-4.0,-1.1
-4.0,-4.0,-1.1
-4.0,-4.0,-1.1
-4.0,-4.0,-1.1
-4.0,-4.0,-1.1
-4.0,-4.0,-1.1
-4.0,-4.0,-1.1
-4.0,-4.0,-1.1
-4.0,-4.0,-1.1
-4.0,-4.0,-1.1
-4.0,-4.0,-1.1
-4.0,-4.0,-1.1
-4.0,-4.0,-1.1
-4.0,-4.0,-1.1
-4.0,-4.0,-1.1
-4.0,-4.0,-1.1
-4.0,-4.0,-1.1
-4.0,-4.0,-1.1
-4.0,-4.0,-1.1
-4.0,-4.0,-1.1
-4.0,-4.0,-1.1
-4.0,-4.0,-1.1
-4.0,-4.0,-1.1
-4.0,-4.0,-1.1
-4.0,-4.0,-1.1
-4.0,-4.0,-1.1
-4.0,-4.0,-1.1
-4.0,-4.0,-1.1
-4.0,-4.0,-1.1
-4.0,-4.0,-1.1
-4.0,-4.0,-1.1
-4.0,-4.0,-1.1
-4.0,-4.0,-1.1
-4.0,-4.0,-1.1
-4.0,-4.0,-1.1
-4.0,-4.0,-1.1
-4.0,-4.0,-1.1
-4.0,-4.0,-1.1
-4.0,-4.0,-1.1
-4.0,-4.0,-1.1
-4.0,-4.0,-1.1
-4.0,-4.0,-1.1
-4.0,-4.0,-1.1
-4.0,-4.0,-1.1
-4.0,-4.0,-1.1
-4.0,-4.0,-1.1
-4.0,-4.0,-1.1
-4.0,-4.0,-1.1
-4.0,-4.0,-1.1
-4.0,-4.0,-1.1
-4.0,-4.0,-1.1
-4.0,-4.0,-1.1
-4.0,-4.0,-1.1
-4.0,-4.0,-1.1
-4.0,-4.0,-1.1
-4.0,-4.0,-1.1
-4.0,-4.0,-1.1
-4.0,-4.0,-1.1
-4.0,-4.0,-1.1
-4.0,-4.0,-1.1
-4.0,-4.0,-1.1
-4.0,-4.0,-1.1
-4.0,-4.0,-1.1
-4.0,-4.0,-1.1
-4.0,-4.0,-1.1
-4.0,-4.0,-1.1
-4.0,-4.0,-1.1
-4.0,-4.0,-1.1
-4.0,-4.0,-1.1
-4.0,-4.0,-1.1
-4.0,-4.0,-1.1
-4.0,-4.0,-1.1
-4.0,-4.0,-1.1
-4.0,-4.0,-1.1
-4.0,-4.0,-1.1
-4.0,-4.0,-1.1
-4.0,-4.0,-1.1
-4.0,-4.0,-1.1
-4.0,-4.0,-1.1
-4.0,-4.0,-1.1
-4.0,-4.0,-1.1
-4.0,-4.0,-1.1
-4.0,-4.0,-1.1
-4.0,-4.0,-1.1
-4.0,-4.0,-1.1
-4.0,-4.0,-1.1
-4.0,-4.0,-1.1
-4.0,-4.0,-1.1
-4.0,-4.0,-1.1
-4.0,-4.0,-1.1
-4.0,-4.0,-1.1
-4.0,-4.0,-1.1
-4.0,-4.0,-1.1
-4.0,-4.0,-1.1
-4.0,-4.0,-1.1
-4.0,-4.0,-1.1
-4.0,-4.0,-1.1
-4.0,-4.0,-1.1
-4.0,-4.0,-1.1
-4.0,-4.0,-1.1
-4.0,-4.0,-1.1
-4.0,-4.0,-1.1
-4.0,-4.0,-1.1
-4.0,-4.0,-1.1
-4.0,-4.0,-1.1
-4.0,-4.0,-1.1
-4.0,-4.0,-1.1
-4.0,-4.0,-1.1
-4.0,-4.0,-1.1
-4.0,-4.0,-1.1
-4.0,-4.0,-1.1
-4.0,-4.0,-1.1
-4.0,-4.0,-1.1
-4.0,-4.0,-1.1
-4.0,-4.0,-1.1
-4.0,-4.0,-1.1
-4.0,-4.0,-1.1
-4.0,-4.0,-1.1
-4.0,-4.0,-1.1
-4.0,-4.0,-1.1
-4.0,-4.0,-1.1
-4.0,-4.0,-1.1
-4.0,-4.0,-1.1
-4.0,-4.0,-1.1
-4.0,-4.0,-1.1
-4.0,-4.0,-1.1
-4.0,-4.0,-1.1
-4.0,-4.0,-1.1
-4.0,-4.0,-1.1
-4.0,-4.0,-1.1
-4.0,-4.0,-1.1
-4.0,-4.0,-1.1
-4.0,-4.0,-1.1
-4.0,-4.0,-1.1
-4.0,-4.0,-1.1
-4.0,-4.0,-1.1
-4.0,-4.0,-1.1
-4.0,-4.0,-1.1
-4.0,-4.0,-1.1
-4.0,-4.0,-1.1
-4.0,-4.0,-1.1
-4.0,-4.0,-1.1
-4.0,-4.0,-1.1
-4.0,-4.0,-1.1
-4.0,-4.0,-1.1
-4.0,-4.0,-1.1
-4.0,-4.0,-1.1
-4.0,-4.0,-1.1
-4.0,-4.0,-1.1
-4.0,-4.0,-1.1
-4.0,-4.0,-1.1
-4.0,-4.0,-1.1
-4.0,-4.0,-1.1
-4.0,-4.0,-1.1
-4.0,-4.0,-1.1
-4.0,-4.0,-1.1
-4.0,-4.0,-1.1
-4.0,-4.0,-1.1
-4.0,-4.0,-1.1
-4.0,-4.0,-1.1
-4.0,-4.0,-1.1
-4.0,-4.0,-1.1
-4.0,-4.0,-1.1
-4.0,-4.0,-1.1
-4.0,-4.0,-1.1
-4.0,-4.0,-1.1
-4.0,-4.0,-1.1
-4.0,-4.0,-1.1
-4.0,-4.0,-1.1
-4.0,-4.0,-1.1
-4.0,-4.0,-1.1
-4.0,-4.0,-1.1
-4.0,-4.0,-1.1
-4.0,-4.0,-1.1
-4.0,-4.0,-1.1
-4.0,-4.0,-1.1
-4.0,-4.0,-1.1
-4.0,-4.0,-1.1
-4.0,-4.0,-1.1
-4.0,-4.0,-1.1
-4.0,-4.0,-1.1
-4.0,-4.0,-1.1
-4.0,-4.0,-1.1
-4.0,-4.0,-1.1
-4.0,-4.0,-1.1
-4.0,-4.0,-1.1
-4.0,-4.0,-1.1
-4.0,-4.0,-1.1
-4.0,-4.0,-1.1
-4.0,-4.0,-1.1
-4.0,-4.0,-1.1
-4.0,-4.0,-1.1
-4.0,-4.0,-1.1
-4.0,-4.0,-1.1
-4.0,-4.0,-1.1
-4.0,-4.0,-1.1
-4.0,-4.0,-1.1
-4.0,-4.0,-1.1
-4.0,-4.0,-1.1
-4.0,-4.0,-1.1
-4.0,-4.0,-1.1
-4.0,-4.0,-1.1
-4.0,-4.0,-1.1
-4.0,-4.0,-1.1
-4.0,-4.0,-1.1
-4.0,-4.0,-1.1
-4.0,-4.0,-1.1
-4.0,-4.0,-1.1
-4.0,-4.0,-1.1
-4.0,-4.0,-1.1
-4.0,-4.0,-1.1
-4.0,-4.0,-1.1
-4.0,-4.0,-1.1
-4.0,-4.0,-1.1
-4.0,-4.0,-1.1
-4.0,-4.0,-1.1
-4.0,-4.0,-1.1
-4.0,-4.0,-1.1
-4.0,-4.0,-1.1
-4.0,-4.0,-1.1
-4.0,-4.0,-1.1
-4.0,-4.0,-1.1
-4.0,-4.0,-1.1
-4.0,-4.0,-1.1
-4.0,-4.0,-1.1
-4.0,-4.0,-1.1
-4.0,-4.0,-1.1
-4.0,-4.0,-1.1
-4.0,-4.0,-1.1
-4.0,-4.0,-1.1
-4.0,-4.0,-1.1
-4.0,-4.0,-1.1
-4.0,-4.0,-1.1
-4.0,-4.0,-1.1
-4.0,-4.0,-1.1
-4.0,-4.0,-1.1
-4.0,-4.0,-1.1
-4.0,-4.0,-1.1
-4.0,-4.0,-1.1
-4.0,-4.0,-1.1
-4.0,-4.0,-1.1
-4.0,-4.0,-1.1
-4.0,-4.0,-1.1
-4.0,-4.0,-1.1
-4.0,-4.0,-1.1
-4.0,-4.0,-1.1
-4.0,-4.0,-1.1
-4.0,-4.0,-1.1
-4.0,-4.0,-1.1
-4.0,-4.0,-1.1
-4.0,-4.0,-1.1
-4.0,-4.0,-1.1
-4.0,-4.0,-1.1
-4.0,-4.0,-1.1
-4.0,-4.0,-1.1
-4.0,-4.0,-1.1
-4.0,-4.0,-1.1
-4.0,-4.0,-1.1
-4.0,-4.0,-1.1
-4.0,-4.0,-1.1
-4.0,-4.0,-1.1
-4.0,-4.0,-1.1
-4.0,-4.0,-1.1
-4.0,-4.0,-1.1
-4.0,-4.0,-1.1
-4.0,-4.0,-1.1
-4.0,-4.0,-1.1
-4.0,-4.0,-1.1
-4.0,-4.0,-1.1
-4.0,-4.0,-1.1
-4.0,-4.0,-1.1
-4.0,-4.0,-1.1
-4.0,-4.0,-1.1
-4.0,-4.0,-1.1
-4.0,-4.0,-1.1
-4.0,-4.0,-1.1
-4.0,-4.0,-1.1
-4.0,-4.0,-1.1
-4.0,-4.0,-1.1
-4.0,-4.0,-1.1
-4.0,-4.0,-1.1
-4.0,-4.0,-1.1
-4.0,-4.0,-1.1
-4.0,-4.0,-1.1
-4.0,-4.0,-1.1
-4.0,-4.0,-1.1
-4.0,-4.0,-1.1
-4.0,-4.0,-1.1
-4.0,-4.0,-1.1
-4.0,-4.0,-1.1
-4.0,-4.0,-1.1
-4.0,-4.0,-1.1
-4.0,-4.0,-1.1
-4.0,-4.0,-1.1
-4.0,-4.0,-1.1
-4.0,-4.0,-1.1
-4.0,-4.0,-1.1
-4.0,-4.0,-1.1
-4.0,-4.0,-1.1
-4.0,-4.0,-1.1
-4.0,-4.0,-1.1
-4.0,-4.0,-1.1
-4.0,-4.0,-1.1
-4.0,-4.0,-1.1
-4.0,-4.0,-1.1
-4.0,-4.0,-1.1
-4.0,-4.0,-1.1
-4.0,-4.0,-1.1
-4.0,-4.0,-1.1
-4.0,-4.0,-1.1
-4.0,-4.0,-1.1
-4.0,-4.0,-1.1
-4.0,-4.0,-1.1
-4.0,-4.0,-1.1
-4.0,-4.0,-1.1
-4.0,-4.0,-1.1
-4.0,-4.0,-1.1
-4.0,-4.0,-1.1
-4.0,-4.0,-1.1
-4.0,-4.0,-1.1
-4.0,-4.0,-1.1
-4.0,-4.0,-1.1
-4.0,-4.0,-1.1
-4.0,-4.0,-1.1
-4.0,-4.0,-1.1
-4.0,-4.0,-1.1
-4.0,-4.0,-1.1
-4.0,-4.0,-1.1
-4.0,-4.0,-1.1
-4.0,-4.0,-1.1
-4.0,-4.0,-1.1
-4.0,-4.0,-1.1
-4.0,-4.0,-1.1
-4.0,-4.0,-1.1
-4.0,-4.0,-1.1
-4.0,-4.0,-1.1
-4.0,-4.0,-1.1
-4.0,-4.0,-1.1
-4.0,-4.0,-1.1
-4.0,-4.0,-1.1
-4.0,-4.0,-1.1
-4.0,-4.0,-1.1
-4.0,-4.0,-1.1
-4.0,-4.0,-1.1
-4.0,-4.0,-1.1
-4.0,-4.0,-1.1
-4.0,-4.0,-1.1
-4.0,-4.0,-1.1
-4.0,-4.0,-1.1
-4.0,-4.0,-1.1
-4.0,-4.0,-1.1
-4.0,-4.0,-1.1
-4.0,-4.0,-1.1
-4.0,-4.0,-1.1
-4.0,-4.0,-1.1
-4.0,-4.0,-1.1
-4.0,-4.0,-1.1
-4.0,-4.0,-1.1
-4.0,-4.0,-1.1
-4.0,-4.0,-1.1
-4.0,-4.0,-1.1
-4.0,-4.0,-1.1
-4.0,-4.0,-1.1
-4.0,-4.0,-1.1
-4.0,-4.0,-1.1
-4.0,-4.0,-1.1
-4.0,-4.0,-1.1
-4.0,-4.0,-1.1
-4.0,-4.0,-1.1
-4.0,-4.0,-1.1
-4.0,-4.0,-1.1
-4.0,-4.0,-1.1
-4.0,-4.0,-1.1
-4.0,-4.0,-1.1
-4.0,-4.0,-1.1
-4.0,-4.0,-1.1
-4.0,-4.0,-1.1
-4.0,-4.0,-1.1
-4.0,-4.0,-1.1
-4.0,-4.0,-1.1
-4.0,-4.0,-1.1
-4.0,-4.0,-1.1
-4.0,-4.0,-1.1
-4.0,-4.0,-1.1
-4.0,-4.0,-1.1
-4.0,-4.0,-1.1
-4.0,-4.0,-1.1
-4.0,-4.0,-1.1
-4.0,-4.0,-1.1
-4.0,-4.0,-1.1
-4.0,-4.0,-1.1
-4.0,-4.0,-1.1
-4.0,-4.0,-1.1
-4.0,-4.0,-1.1
-4.0,-4.0,-1.1
-4.0,-4.0,-1.1
-4.0,-4.0,-1.1
-4.0,-4.0,-1.1
-4.0,-4.0,-1.1
-4.0,-4.0,-1.1
-4.0,-4.0,-1.1
-4.0,-4.0,-1.1
-4.0,-4.0,-1.1
-4.0,-4.0,-1.1
-4.0,-4.0,-1.1
-4.0,-4.0,-1.1
-4.0,-4.0,-1.1
-4.0,-4.0,-1.1
-4.0,-4.0,-1.1
-4.0,-4.0,-1.1
-4.0,-4.0,-1.1
-4.0,-4.0,-1.1
-4.0,-4.0,-1.1
-4.0,-4.0,-1.1
-4.0,-4.0,-1.1
-4.0,-4.0,-1.1
-4.0,-4.0,-1.1
-4.0,-4.0,-1.1
-4.0,-4.0,-1.1
-4.0,-4.0,-1.1
-4.0,-4.0,-1.1
-4.0,-4.0,-1.1
-4.0,-4.0,-1.1
-4.0,-4.0,-1.1
-4.0,-4.0,-1.1
-4.0,-4.0,-1.1
-4.0,-4.0,-1.1
-4.0,-4.0,-1.1
-4.0,-4.0,-1.1
-4.0,-4.0,-1.1
-4.0,-4.0,-1.1
-4.0,-4.0,-1.1
-4.0,-4.0,-1.1
-4.0,-4.0,-1.1
-4.0,-4.0,-1.1
-4.0,-4.0,-1.1
-4.0,-4.0,-1.1
-4.0,-4.0,-1.1
-4.0,-4.0,-1.1
-4.0,-4.0,-1.1
-4.0,-4.0,-1.1
-4.0,-4.0,-1.1
-4.0,-4.0,-1.1
-4.0,-4.0,-1.1
-4.0,-4.0,-1.1
-4.0,-4.0,-1.1
-4.0,-4.0,-1.1
-4.0,-4.0,-1.1
-4.0,-4.0,-1.1
-4.0,-4.0,-1.1
-4.0,-4.0,-1.1
-4.0,-4.0,-1.1
-4.0,-4.0,-1.1
-4.0,-4.0,-1.1
-4.0,-4.0,-1.1
-4.0,-4.0,-1.1
-4.0,-4.0,-1.1
-4.0,-4.0,-1.1
-4.0,-4.0,-1.1
-4.0,-4.0,-1.1
-4.0,-4.0,-1.1
-4.0,-4.0,-1.1
-4.0,-4.0,-1.1
-4.0,-4.0,-1.1
-4.0,-4.0,-1.1
-4.0,-4.0,-1.1
-4.0,-4.0,-1.1
-4.0,-4.0,-1.1
-4.0,-4.0,-1.1
-4.0,-4.0,-1.1
-4.0,-4.0,-1.1
-4.0,-4.0,-1.1
-4.0,-4.0,-1.1
-4.0,-4.0,-1.1
-4.0,-4.0,-1.1
-4.0,-4.0,-1.1
-4.0,-4.0,-1.1
-4.0,-4.0,-1.1
-4.0,-4.0,-1.1
-4.0,-4.0,-1.1
-4.0,-4.0,-1.1
-4.0,-4.0,-1.1
-4.0,-4.0,-1.1
-4.0,-4.0,-1.1
-4.0,-4.0,-1.1
-4.0,-4.0,-1.1
-4.0,-4.0,-1.1
-4.0,-4.0,-1.1
-4.0,-4.0,-1.1
-4.0,-4.0,-1.1
-4.0,-4.0,-1.1
-4.0,-4.0,-1.1
-4.0,-4.0,-1.1
-4.0,-4.0,-1.1
-4.0,-4.0,-1.1
-4.0,-4.0,-1.1
-4.0,-4.0,-1.1
-4.0,-4.0,-1.1
-4.0,-4.0,-1.1
-4.0,-4.0,-1.1
-4.0,-4.0,-1.1
-4.0,-4.0,-1.1
-4.0,-4.0,-1.1
-4.0,-4.0,-1.1
-4.0,-4.0,-1.1
-4.0,-4.0,-1.1
-4.0,-4.0,-1.1
-4.0,-4.0,-1.1
-4.0,-4.0,-1.1
-4.0,-4.0,-1.1
-4.0,-4.0,-1.1
-4.0,-4.0,-1.1
-4.0,-4.0,-1.1
-4.0,-4.0,-1.1
-4.0,-4.0,-1.1
-4.0,-4.0,-1.1
-4.0,-4.0,-1.1
-4.0,-4.0,-1.1
-4.0,-4.0,-1.1
-4.0,-4.0,-1.1
-4.0,-4.0,-1.1
-4.0,-4.0,-1.1
-4.0,-4.0,-1.1
-4.0,-4.0,-1.1
-4.0,-4.0,-1.1
-4.0,-4.0,-1.1
-4.0,-4.0,-1.1
-4.0,-4.0,-1.1
-4.0,-4.0,-1.1
-4.0,-4.0,-1.1
-4.0,-4.0,-1.1
-4.0,-4.0,-1.1
-4.0,-4.0,-1.1
-4.0,-4.0,-1.1
-4.0,-4.0,-1.1
-4.0,-4.0,-1.1
-4.0,-4.0,-1.1
-4.0,-4.0,-1.1
-4.0,-4.0,-1.1
-4.0,-4.0,-1.1
-4.0,-4.0,-1.1
-4.0,-4.0,-1.1
-4.0,-4.0,-1.1
-4.0,-4.0,-1.1
-4.0,-4.0,-1.1
-4.0,-4.0,-1.1
-4.0,-4.0,-1.1
-4.0,-4.0,-1.1
-4.0,-4.0,-1.1
-4.0,-4.0,-1.1
-4.0,-4.0,-1.1
-4.0,-4.0,-1.1
-4.0,-4.0,-1.1
-4.0,-4.0,-1.1
-4.0,-4.0,-1.1
-4.0,-4.0,-1.1
-4.0,-4.0,-1.1
-4.0,-4.0,-1.1
-4.0,-4.0,-1.1
-4.0,-4.0,-1.1
-4.0,-4.0,-1.1
-4.0,-4.0,-1.1
-4.0,-4.0,-1.1
-4.0,-4.0,-1.1
-4.0,-4.0,-1.1
-4.0,-4.0,-1.1
-4.0,-4.0,-1.1
-4.0,-4.0,-1.1
-4.0,-4.0,-1.1
-4.0,-4.0,-1.1
-4.0,-4.0,-1.1
-4.0,-4.0,-1.1
-4.0,-4.0,-1.1
-4.0,-4.0,-1.1
-4.0,-4.0,-1.1
-4.0,-4.0,-1.1
-4.0,-4.0,-1.1
-4.0,-4.0,-1.1
-4.0,-4.0,-1.1
-4.0,-4.0,-1.1
-4.0,-4.0,-1.1
-4.0,-4.0,-1.1
-4.0,-4.0,-1.1
-4.0,-4.0,-1.1
-4.0,-4.0,-1.1
-4.0,-4.0,-1.1
-4.0,-4.0,-1.1
-4.0,-4.0,-1.1
-4.0,-4.0,-1.1
-4.0,-4.0,-1.1
-4.0,-4.0,-1.1
-4.0,-4.0,-1.1
-4.0,-4.0,-1.1
-4.0,-4.0,-1.1
-4.0,-4.0,-1.1
-4.0,-4.0,-1.1
-4.0,-4.0,-1.1
-4.0,-4.0,-1.1
-4.0,-4.0,-1.1
-4.0,-4.0,-1.1
-4.0,-4.0,-1.1
-4.0,-4.0,-1.1
-4.0,-4.0,-1.1
-4.0,-4.0,-1.1
-4.0,-4.0,-1.1
-4.0,-4.0,-1.1
-4.0,-4.0,-1.1
-4.0,-4.0,-1.1
-4.0,-4.0,-1.1
-4.0,-4.0,-1.1
-4.0,-4.0,-1.1
-4.0,-4.0,-1.1
-4.0,-4.0,-1.1
-4.0,-4.0,-1.1
-4.0,-4.0,-1.1
-4.0,-4.0,-1.1
-4.0,-4.0,-1.1
-4.0,-4.0,-1.1
-4.0,-4.0,-1.1
-4.0,-4.0,-1.1
-4.0,-4.0,-1.1
-4.0,-4.0,-1.1
-4.0,-4.0,-1.1
-4.0,-4.0,-1.1
-4.0,-4.0,-1.1
-4.0,-4.0,-1.1
-4.0,-4.0,-1.1
-4.0,-4.0,-1.1
-4.0,-4.0,-1.1
-4.0,-4.0,-1.1
-4.0,-4.0,-1.1
-4.0,-4.0,-1.1
-4.0,-4.0,-1.1
-4.0,-4.0,-1.1
-4.0,-4.0,-1.1
-4.0,-4.0,-1.1
-4.0,-4.0,-1.1
-4.0,-4.0,-1.1
-4.0,-4.0,-1.1
-4.0,-4.0,-1.1
-4.0,-4.0,-1.1
-4.0,-4.0,-1.1
-4.0,-4.0,-1.1
-4.0,-4.0,-1.1
-4.0,-4.0,-1.1
-4.0,-4.0,-1.1
-4.0,-4.0,-1.1
-4.0,-4.0,-1.1
-4.0,-4.0,-1.1
-4.0,-4.0,-1.1
-4.0,-4.0,-1.1
-4.0,-4.0,-1.1
-4.0,-4.0,-1.1
-4.0,-4.0,-1.1
-4.0,-4.0,-1.1
-4.0,-4.0,-1.1
-4.0,-4.0,-1.1
-4.0,-4.0,-1.1
-4.0,-4.0,-1.1
-4.0,-4.0,-1.1
-4.0,-4.0,-1.1
-4.0,-4.0,-1.1
-4.0,-4.0,-1.1
-4.0,-4.0,-1.1
-4.0,-4.0,-1.1
-4.0,-4.0,-1.1
-4.0,-4.0,-1.1
-4.0,-4.0,-1.1
-4.0,-4.0,-1.1
-4.0,-4.0,-1.1
-4.0,-4.0,-1.1
-4.0,-4.0,-1.1
-4.0,-4.0,-1.1
-4.0,-4.0,-1.1
-4.0,-4.0,-1.1
-4.0,-4.0,-1.1
-4.0,-4.0,-1.1
-4.0,-4.0,-1.1
-4.0,-4.0,-1.1
-4.0,-4.0,-1.1
-4.0,-4.0,-1.1
-4.0,-4.0,-1.1
-4.0,-4.0,-1.1
-4.0,-4.0,-1.1
-4.0,-4.0,-1.1
-4.0,-4.0,-1.1
-4.0,-4.0,-1.1
-4.0,-4.0,-1.1
-4.0,-4.0,-1.1
-4.0,-4.0,-1.1
-4.0,-4.0,-1.1
-4.0,-4.0,-1.1
-4.0,-4.0,-1.1
-4.0,-4.0,-1.1
-4.0,-4.0,-1.1
-4.0,-4.0,-1.1
-4.0,-4.0,-1.1
-4.0,-4.0,-1.1
-4.0,-4.0,-1.1
-4.0,-4.0,-1.1
-4.0,-4.0,-1.1
-4.0,-4.0,-1.1
-4.0,-4.0,-1.1
-4.0,-4.0,-1.1
-4.0,-4.0,-1.1
-4.0,-4.0,-1.1
-4.0,-4.0,-1.1
-4.0,-4.0,-1.1
-4.0,-4.0,-1.1
-4.0,-4.0,-1.1
-4.0,-4.0,-1.1
-4.0,-4.0,-1.1
-4.0,-4.0,-1.1
-4.0,-4.0,-1.1
-4.0,-4.0,-1.1
-4.0,-4.0,-1.1
-4.0,-4.0,-1.1
-4.0,-4.0,-1.1
-4.0,-4.0,-1.1
-4.0,-4.0,-1.1
-4.0,-4.0,-1.1
-4.0,-4.0,-1.1
-4.0,-4.0,-1.1
-4.0,-4.0,-1.1
-4.0,-4.0,-1.1
-4.0,-4.0,-1.1
-4.0,-4.0,-1.1
-4.0,-4.0,-1.1
-4.0,-4.0,-1.1
-4.0,-4.0,-1.1
-4.0,-4.0,-1.1
-4.0,-4.0,-1.1
-4.0,-4.0,-1.1
-4.0,-4.0,-1.1
-4.0,-4.0,-1.1
-4.0,-4.0,-1.1
-4.0,-4.0,-1.1
-4.0,-4.0,-1.1
-4.0,-4.0,-1.1
-4.0,-4.0,-1.1
-4.0,-4.0,-1.1
-4.0,-4.0,-1.1
-4.0,-4.0,-1.1
-4.0,-4.0,-1.1
-4.0,-4.0,-1.1
-4.0,-4.0,-1.1
-4.0,-4.0,-1.1
-4.0,-4.0,-1.1
-4.0,-4.0,-1.1
-4.0,-4.0,-1.1
-4.0,-4.0,-1.1
-4.0,-4.0,-1.1
-4.0,-4.0,-1.1
-4.0,-4.0,-1.1
-4.0,-4.0,-1.1
-4.0,-4.0,-1.1
-4.0,-4.0,-1.1
-4.0,-4.0,-1.1
-4.0,-4.0,-1.1
-4.0,-4.0,-1.1
-4.0,-4.0,-1.1
-4.0,-4.0,-1.1
-4.0,-4.0,-1.1
-4.0,-4.0,-1.1
-4.0,-4.0,-1.1
-4.0,-4.0,-1.1
-4.0,-4.0,-1.1
-4.0,-4.0,-1.1
-4.0,-4.0,-1.1
-4.0,-4.0,-1.1
-4.0,-4.0,-1.1
-4.0,-4.0,-1.1
-4.0,-4.0,-1.1
-4.0,-4.0,-1.1
-4.0,-4.0,-1.1
-4.0,-4.0,-1.1
-4.0,-4.0,-1.1
-4.0,-4.0,-1.1
-4.0,-4.0,-1.1
-4.0,-4.0,-1.1
-4.0,-4.0,-1.1
-4.0,-4.0,-1.1
-4.0,-4.0,-1.1
-4.0,-4.0,-1.1
-4.0,-4.0,-1.1
-4.0,-4.0,-1.1
-4.0,-4.0,-1.1
-4.0,-4.0,-1.1
-4.0,-4.0,-1.1
-4.0,-4.0,-1.1
-4.0,-4.0,-1.1
-4.0,-4.0,-1.1
-4.0,-4.0,-1.1
-4.0,-4.0,-1.1
-4.0,-4.0,-1.1
-4.0,-4.0,-1.1
-4.0,-4.0,-1.1
-4.0,-4.0,-1.1
-4.0,-4.0,-1.1
-4.0,-4.0,-1.1
-4.0,-4.0,-1.1
-4.0,-4.0,-1.1
-4.0,-4.0,-1.1
-4.0,-4.0,-1.1
-4.0,-4.0,-1.1
-4.0,-4.0,-1.1
-4.0,-4.0,-1.1
-4.0,-4.0,-1.1
-4.0,-4.0,-1.1
-4.0,-4.0,-1.1
-4.0,-4.0,-1.1
-4.0,-4.0,-1.1
-4.0,-4.0,-1.1
-4.0,-4.0,-1.1
-4.0,-4.0,-1.1
-4.0,-4.0,-1.1
-4.0,-4.0,-1.1
-4.0,-4.0,-1.1
-4.0,-4.0,-1.1
-4.0,-4.0,-1.1
-4.0,-4.0,-1.1
-4.0,-4.0,-1.1
-4.0,-4.0,-1.1
-4.0,-4.0,-1.1
-4.0,-4.0,-1.1
-4.0,-4.0,-1.1
-4.0,-4.0,-1.1
-4.0,-4.0,-1.1
-4.0,-4.0,-1.1
-4.0,-4.0,-1.1
-4.0,-4.0,-1.1
-4.0,-4.0,-1.1
-4.0,-4.0,-1.1
-4.0,-4.0,-1.1
-4.0,-4.0,-1.1
-4.0,-4.0,-1.1
-4.0,-4.0,-1.1
-4.0,-4.0,-1.1
-4.0,-4.0,-1.1
-4.0,-4.0,-1.1
-4.0,-4.0,-1.1
-4.0,-4.0,-1.1
-4.0,-4.0,-1.1
-4.0,-4.0,-1.1
-4.0,-4.0,-1.1
-4.0,-4.0,-1.1
-4.0,-4.0,-1.1
-4.0,-4.0,-1.1
-4.0,-4.0,-1.1
-4.0,-4.0,-1.1
-4.0,-4.0,-1.1
-4.0,-4.0,-1.1
-4.0,-4.0,-1.1
-4.0,-4.0,-1.1
-4.0,-4.0,-1.1
-4.0,-4.0,-1.1
-4.0,-4.0,-1.1
-4.0,-4.0,-1.1
-4.0,-4.0,-1.1
-4.0,-4.0,-1.1
-4.0,-4.0,-1.1
-4.0,-4.0,-1.1
-4.0,-4.0,-1.1
-4.0,-4.0,-1.1
-4.0,-4.0,-1.1
-4.0,-4.0,-1.1
-4.0,-4.0,-1.1
-4.0,-4.0,-1.1
-4.0,-4.0,-1.1
-4.0,-4.0,-1.1
-4.0,-4.0,-1.1
-4.0,-4.0,-1.1
-4.0,-4.0,-1.1
-4.0,-4.0,-1.1
-4.0,-4.0,-1.1
-4.0,-4.0,-1.1
-4.0,-4.0,-1.1
-4.0,-4.0,-1.1
-4.0,-4.0,-1.1
-4.0,-4.0,-1.1
-4.0,-4.0,-1.1
-4.0,-4.0,-1.1
-4.0,-4.0,-1.1
-4.0,-4.0,-1.1
-4.0,-4.0,-1.1
-4.0,-4.0,-1.1
-4.0,-4.0,-1.1
-4.0,-4.0,-1.1
-4.0,-4.0,-1.1
-4.0,-4.0,-1.1
-4.0,-4.0,-1.1
-4.0,-4.0,-1.1
-4.0,-4.0,-1.1
-4.0,-4.0,-1.1
-4.0,-4.0,-1.1
-4.0,-4.0,-1.1
-4.0,-4.0,-1.1
-4.0,-4.0,-1.1
-4.0,-4.0,-1.1
-4.0,-4.0,-1.1
-4.0,-4.0,-1.1
-4.0,-4.0,-1.1
-4.0,-4.0,-1.1
-4.0,-4.0,-1.1
-4.0,-4.0,-1.1
-4.0,-4.0,-1.1
-4.0,-4.0,-1.1
-4.0,-4.0,-1.1
-4.0,-4.0,-1.1
-4.0,-4.0,-1.1
-4.0,-4.0,-1.1
-4.0,-4.0,-1.1
-4.0,-4.0,-1.1
-4.0,-4.0,-1.1
-4.0,-4.0,-1.1
-4.0,-4.0,-1.1
-4.0,-4.0,-1.1
-4.0,-4.0,-1.1
-4.0,-4.0,-1.1
-4.0,-4.0,-1.1
-4.0,-4.0,-1.1
-4.0,-4.0,-1.1
-4.0,-4.0,-1.1
-4.0,-4.0,-1.1
-4.0,-4.0,-1.1
-4.0,-4.0,-1.1
-4.0,-4.0,-1.1
-4.0,-4.0,-1.1
-4.0,-4.0,-1.1
-4.0,-4.0,-1.1
-4.0,-4.0,-1.1
-4.0,-4.0,-1.1
-4.0,-4.0,-1.1
-4.0,-4.0,-1.1
-4.0,-4.0,-1.1
-4.0,-4.0,-1.1
-4.0,-4.0,-1.1
-4.0,-4.0,-1.1
-4.0,-4.0,-1.1
-4.0,-4.0,-1.1
-4.0,-4.0,-1.1
-4.0,-4.0,-1.1
-4.0,-4.0,-1.1
-4.0,-4.0,-1.1
-4.0,-4.0,-1.1
-4.0,-4.0,-1.1
-4.0,-4.0,-1.1
-4.0,-4.0,-1.1
-4.0,-4.0,-1.1
-4.0,-4.0,-1.1
-4.0,-4.0,-1.1
-4.0,-4.0,-1.1
-4.0,-4.0,-1.1
-4.0,-4.0,-1.1
-4.0,-4.0,-1.1
-4.0,-4.0,-1.1
-4.0,-4.0,-1.1
-4.0,-4.0,-1.1
-4.0,-4.0,-1.1
-4.0,-4.0,-1.1
-4.0,-4.0,-1.1
-4.0,-4.0,-1.1
-4.0,-4.0,-1.1
-4.0,-4.0,-1.1
-4.0,-4.0,-1.1
-4.0,-4.0,-1.1
-4.0,-4.0,-1.1
-4.0,-4.0,-1.1
-4.0,-4.0,-1.1
-4.0,-4.0,-1.1
-4.0,-4.0,-1.1
-4.0,-4.0,-1.1
-4.0,-4.0,-1.1
-4.0,-4.0,-1.1
-4.0,-4.0,-1.1
-4.0,-4.0,-1.1
-4.0,-4.0,-1.1
-4.0,-4.0,-1.1
-4.0,-4.0,-1.1
-4.0,-4.0,-1.1
-4.0,-4.0,-1.1
-4.0,-4.0,-1.1
-4.0,-4.0,-1.1
-4.0,-4.0,-1.1
-4.0,-4.0,-1.1
-4.0,-4.0,-1.1
-4.0,-4.0,-1.1
-4.0,-4.0,-1.1
-4.0,-4.0,-1.1
-4.0,-4.0,-1.1
-4.0,-4.0,-1.1
-4.0,-4.0,-1.1
-4.0,-4.0,-1.1
-4.0,-4.0,-1.1
-4.0,-4.0,-1.1
-4.0,-4.0,-1.1
-4.0,-4.0,-1.1
-4.0,-4.0,-1.1
-4.0,-4.0,-1.1
-4.0,-4.0,-1.1
-4.0,-4.0,-1.1
-4.0,-4.0,-1.1
-4.0,-4.0,-1.1
-4.0,-4.0,-1.1
-4.0,-4.0,-1.1
-4.0,-4.0,-1.1
-4.0,-4.0,-1.1
-4.0,-4.0,-1.1
-4.0,-4.0,-1.1
-4.0,-4.0,-1.1
-4.0,-4.0,-1.1
-4.0,-4.0,-1.1
-4.0,-4.0,-1.1
-4.0,-4.0,-1.1
-4.0,-4.0,-1.1
-4.0,-4.0,-1.1
-4.0,-4.0,-1.1
-4.0,-4.0,-1.1
-4.0,-4.0,-1.1
-4.0,-4.0,-1.1
-4.0,-4.0,-1.1
-4.0,-4.0,-1.1
-4.0,-4.0,-1.1
-4.0,-4.0,-1.1
-4.0,-4.0,-1.1
-4.0,-4.0,-1.1
-4.0,-4.0,-1.1
-4.0,-4.0,-1.1
-4.0,-4.0,-1.1
-4.0,-4.0,-1.1
-4.0,-4.0,-1.1
-4.0,-4.0,-1.1
-4.0,-4.0,-1.1
-4.0,-4.0,-1.1
-4.0,-4.0,-1.1
-4.0,-4.0,-1.1
-4.0,-4.0,-1.1
-4.0,-4.0,-1.1
-4.0,-4.0,-1.1
-4.0,-4.0,-1.1
-4.0,-4.0,-1.1
-4.0,-4.0,-1.1
-4.0,-4.0,-1.1
-4.0,-4.0,-1.1
-4.0,-4.0,-1.1
-4.0,-4.0,-1.1
-4.0,-4.0,-1.1
-4.0,-4.0,-1.1
-4.0,-4.0,-1.1
-4.0,-4.0,-1.1
-4.0,-4.0,-1.1
-4.0,-4.0,-1.1
-4.0,-4.0,-1.1
-4.0,-4.0,-1.1
-4.0,-4.0,-1.1
-4.0,-4.0,-1.1
-4.0,-4.0,-1.1
-4.0,-4.0,-1.1
-4.0,-4.0,-1.1
-4.0,-4.0,-1.1
-4.0,-4.0,-1.1
-4.0,-4.0,-1.1
-4.0,-4.0,-1.1
-4.0,-4.0,-1.1
-4.0,-4.0,-1.1
-4.0,-4.0,-1.1
-4.0,-4.0,-1.1
-4.0,-4.0,-1.1
-4.0,-4.0,-1.1
-4.0,-4.0,-1.1
-4.0,-4.0,-1.1
-4.0,-4.0,-1.1
-4.0,-4.0,-1.1
-4.0,-4.0,-1.1
-4.0,-4.0,-1.1
-4.0,-4.0,-1.1
-4.0,-4.0,-1.1
-4.0,-4.0,-1.1
-4.0,-4.0,-1.1
-4.0,-4.0,-1.1
-4.0,-4.0,-1.1
-4.0,-4.0,-1.1
-4.0,-4.0,-1.1
-4.0,-4.0,-1.1
-4.0,-4.0,-1.1
-4.0,-4.0,-1.1
-4.0,-4.0,-1.1
-4.0,-4.0,-1.1
-4.0,-4.0,-1.1
-4.0,-4.0,-1.1
-4.0,-4.0,-1.1
-4.0,-4.0,-1.1
-4.0,-4.0,-1.1
-4.0,-4.0,-1.1
-4.0,-4.0,-1.1
-4.0,-4.0,-1.1
-4.0,-4.0,-1.1
-4.0,-4.0,-1.1
-4.0,-4.0,-1.1
-4.0,-4.0,-1.1
-4.0,-4.0,-1.1
-4.0,-4.0,-1.1
-4.0,-4.0,-1.1
-4.0,-4.0,-1.1
-4.0,-4.0,-1.1
-4.0,-4.0,-1.1
-4.0,-4.0,-1.1
-4.0,-4.0,-1.1
-4.0,-4.0,-1.1
-4.0,-4.0,-1.1
-4.0,-4.0,-1.1
-4.0,-4.0,-1.1
-4.0,-4.0,-1.1
-4.0,-4.0,-1.1
-4.0,-4.0,-1.1
-4.0,-4.0,-1.1
-4.0,-4.0,-1.1
-4.0,-4.0,-1.1
-4.0,-4.0,-1.1
-4.0,-4.0,-1.1
-4.0,-4.0,-1.1
-4.0,-4.0,-1.1
-4.0,-4.0,-1.1
-4.0,-4.0,-1.1
-4.0,-4.0,-1.1
-4.0,-4.0,-1.1
-4.0,-4.0,-1.1
-4.0,-4.0,-1.1
-4.0,-4.0,-1.1
-4.0,-4.0,-1.1
-4.0,-4.0,-1.1
-4.0,-4.0,-1.1
-4.0,-4.0,-1.1
-4.0,-4.0,-1.1
-4.0,-4.0,-1.1
-4.0,-4.0,-1.1
-4.0,-4.0,-1.1
-4.0,-4.0,-1.1
-4.0,-4.0,-1.1
-4.0,-4.0,-1.1
-4.0,-4.0,-1.1
-4.0,-4.0,-1.1
-4.0,-4.0,-1.1
-4.0,-4.0,-1.1
-4.0,-4.0,-1.1
-4.0,-4.0,-1.1
-4.0,-4.0,-1.1
-4.0,-4.0,-1.1
-4.0,-4.0,-1.1
-4.0,-4.0,-1.1
-4.0,-4.0,-1.1
-4.0,-4.0,-1.1
-4.0,-4.0,-1.1
-4.0,-4.0,-1.1
-4.0,-4.0,-1.1
-4.0,-4.0,-1.1
-4.0,-4.0,-1.1
-4.0,-4.0,-1.1
-4.0,-4.0,-1.1
-4.0,-4.0,-1.1
-4.0,-4.0,-1.1
-4.0,-4.0,-1.1
-4.0,-4.0,-1.1
-4.0,-4.0,-1.1
-4.0,-4.0,-1.1
-4.0,-4.0,-1.1
-4.0,-4.0,-1.1
-4.0,-4.0,-1.1
-4.0,-4.0,-1.1
-4.0,-4.0,-1.1
-4.0,-4.0,-1.1
-4.0,-4.0,-1.1
-4.0,-4.0,-1.1
-4.0,-4.0,-1.1
-4.0,-4.0,-1.1
-4.0,-4.0,-1.1
-4.0,-4.0,-1.1
-4.0,-4.0,-1.1
-4.0,-4.0,-1.1
-4.0,-4.0,-1.1
-4.0,-4.0,-1.1
-4.0,-4.0,-1.1
-4.0,-4.0,-1.1
-4.0,-4.0,-1.1
-4.0,-4.0,-1.1
-4.0,-4.0,-1.1
-4.0,-4.0,-1.1
-4.0,-4.0,-1.1
-4.0,-4.0,-1.1
-4.0,-4.0,-1.1
-4.0,-4.0,-1.1
-4.0,-4.0,-1.1
-4.0,-4.0,-1.1
-4.0,-4.0,-1.1
-4.0,-4.0,-1.1
-4.0,-4.0,-1.1
-4.0,-4.0,-1.1
-4.0,-4.0,-1.1
-4.0,-4.0,-1.1
-4.0,-4.0,-1.1
-4.0,-4.0,-1.1
-4.0,-4.0,-1.1
-4.0,-4.0,-1.1
-4.0,-4.0,-1.1
-4.0,-4.0,-1.1
-4.0,-4.0,-1.1
-4.0,-4.0,-1.1
-4.0,-4.0,-1.1
-4.0,-4.0,-1.1
-4.0,-4.0,-1.1
-4.0,-4.0,-1.1
-4.0,-4.0,-1.1
-4.0,-4.0,-1.1
-4.0,-4.0,-1.1
-4.0,-4.0,-1.1
-4.0,-4.0,-1.1
-4.0,-4.0,-1.1
-4.0,-4.0,-1.1
-4.0,-4.0,-1.1
-4.0,-4.0,-1.1
-4.0,-4.0,-1.1
-4.0,-4.0,-1.1
-4.0,-4.0,-1.1
-4.0,-4.0,-1.1
-4.0,-4.0,-1.1
-4.0,-4.0,-1.1
-4.0,-4.0,-1.1
-4.0,-4.0,-1.1
-4.0,-4.0,-1.1
-4.0,-4.0,-1.1
-4.0,-4.0,-1.1
-4.0,-4.0,-1.1
-4.0,-4.0,-1.1
-4.0,-4.0,-1.1
-4.0,-4.0,-1.1
-4.0,-4.0,-1.1
-4.0,-4.0,-1.1
-4.0,-4.0,-1.1
-4.0,-4.0,-1.1
-4.0,-4.0,-1.1
-4.0,-4.0,-1.1
-4.0,-4.0,-1.1
-4.0,-4.0,-1.1
-4.0,-4.0,-1.1
-4.0,-4.0,-1.1
-4.0,-4.0,-1.1
-4.0,-4.0,-1.1
-4.0,-4.0,-1.1
-4.0,-4.0,-1.1
-4.0,-4.0,-1.1
-4.0,-4.0,-1.1
-4.0,-4.0,-1.1
-4.0,-4.0,-1.1
-4.0,-4.0,-1.1
-4.0,-4.0,-1.1
-4.0,-4.0,-1.1
-4.0,-4.0,-1.1
-4.0,-4.0,-1.1
-4.0,-4.0,-1.1
-4.0,-4.0,-1.1
-4.0,-4.0,-1.1
-4.0,-4.0,-1.1
-4.0,-4.0,-1.1
-4.0,-4.0,-1.1
-4.0,-4.0,-1.1
-4.0,-4.0,-1.1
-4.0,-4.0,-1.1
-4.0,-4.0,-1.1
-4.0,-4.0,-1.1
-4.0,-4.0,-1.1
-4.0,-4.0,-1.1
-4.0,-4.0,-1.1
-4.0,-4.0,-1.1
-4.0,-4.0,-1.1
-4.0,-4.0,-1.1
-4.0,-4.0,-1.1
-4.0,-4.0,-1.1
-4.0,-4.0,-1.1
-4.0,-4.0,-1.1
-4.0,-4.0,-1.1
-4.0,-4.0,-1.1
-4.0,-4.0,-1.1
-4.0,-4.0,-1.1
-4.0,-4.0,-1.1
-4.0,-4.0,-1.1
-4.0,-4.0,-1.1
-4.0,-4.0,-1.1
-4.0,-4.0,-1.1
-4.0,-4.0,-1.1
-4.0,-4.0,-1.1
-4.0,-4.0,-1.1
-4.0,-4.0,-1.1
-4.0,-4.0,-1.1
-4.0,-4.0,-1.1
-4.0,-4.0,-1.1
-4.0,-4.0,-1.1
-4.0,-4.0,-1.1
-4.0,-4.0,-1.1
-4.0,-4.0,-1.1
-4.0,-4.0,-1.1
-4.0,-4.0,-1.1
-4.0,-4.0,-1.1
-4.0,-4.0,-1.1
-4.0,-4.0,-1.1
-4.0,-4.0,-1.1
-4.0,-4.0,-1.1
-4.0,-4.0,-1.1
-4.0,-4.0,-1.1
-4.0,-4.0,-1.1
-4.0,-4.0,-1.1
-4.0,-4.0,-1.1
-4.0,-4.0,-1.1
-4.0,-4.0,-1.1
-4.0,-4.0,-1.1
-4.0,-4.0,-1.1
-4.0,-4.0,-1.1
-4.0,-4.0,-1.1
-4.0,-4.0,-1.1
-4.0,-4.0,-1.1
-4.0,-4.0,-1.1
-4.0,-4.0,-1.1
-4.0,-4.0,-1.1
-4.0,-4.0,-1.1
-4.0,-4.0,-1.1
-4.0,-4.0,-1.1
-4.0,-4.0,-1.1
-4.0,-4.0,-1.1
-4.0,-4.0,-1.1
-4.0,-4.0,-1.1
-4.0,-4.0,-1.1
-4.0,-4.0,-1.1
-4.0,-4.0,-1.1
-4.0,-4.0,-1.1
-4.0,-4.0,-1.1
-4.0,-4.0,-1.1
-4.0,-4.0,-1.1
-4.0,-4.0,-1.1
-4.0,-4.0,-1.1
-4.0,-4.0,-1.1
-4.0,-4.0,-1.1
-4.0,-4.0,-1.1
-4.0,-4.0,-1.1
-4.0,-4.0,-1.1
-4.0,-4.0,-1.1
-4.0,-4.0,-1.1
-4.0,-4.0,-1.1
-4.0,-4.0,-1.1
-4.0,-4.0,-1.1
-4.0,-4.0,-1.1
-4.0,-4.0,-1.1
-4.0,-4.0,-1.1
-4.0,-4.0,-1.1
-4.0,-4.0,-1.1
-4.0,-4.0,-1.1
-4.0,-4.0,-1.1
-4.0,-4.0,-1.1
-4.0,-4.0,-1.1
-4.0,-4.0,-1.1
-4.0,-4.0,-1.1
-4.0,-4.0,-1.1
-4.0,-4.0,-1.1
-4.0,-4.0,-1.1
-4.0,-4.0,-1.1
-4.0,-4.0,-1.1
-4.0,-4.0,-1.1
-4.0,-4.0,-1.1
-4.0,-4.0,-1.1
-4.0,-4.0,-1.1
-4.0,-4.0,-1.1
-4.0,-4.0,-1.1
-4.0,-4.0,-1.1
-4.0,-4.0,-1.1
-4.0,-4.0,-1.1
-4.0,-4.0,-1.1
-4.0,-4.0,-1.1
-4.0,-4.0,-1.1
-4.0,-4.0,-1.1
-4.0,-4.0,-1.1
-4.0,-4.0,-1.1
-4.0,-4.0,-1.1
-4.0,-4.0,-1.1
-4.0,-4.0,-1.1
-4.0,-4.0,-1.1
-4.0,-4.0,-1.1
-4.0,-4.0,-1.1
-4.0,-4.0,-1.1
-4.0,-4.0,-1.1
-4.0,-4.0,-1.1
-4.0,-4.0,-1.1
-4.0,-4.0,-1.1
-4.0,-4.0,-1.1
-4.0,-4.0,-1.1
-4.0,-4.0,-1.1
-4.0,-4.0,-1.1
-4.0,-4.0,-1.1
-4.0,-4.0,-1.1
-4.0,-4.0,-1.1
-4.0,-4.0,-1.1
-4.0,-4.0,-1.1
-4.0,-4.0,-1.1
-4.0,-4.0,-1.1
-4.0,-4.0,-1.1
-4.0,-4.0,-1.1
-4.0,-4.0,-1.1
-4.0,-4.0,-1.1
-4.0,-4.0,-1.1
-4.0,-4.0,-1.1
-4.0,-4.0,-1.1
-4.0,-4.0,-1.1
-4.0,-4.0,-1.1
-4.0,-4.0,-1.1
-4.0,-4.0,-1.1
-4.0,-4.0,-1.1
-4.0,-4.0,-1.1
-4.0,-4.0,-1.1
-4.0,-4.0,-1.1
-4.0,-4.0,-1.1
-4.0,-4.0,-1.1
-4.0,-4.0,-1.1
-4.0,-4.0,-1.1
-4.0,-4.0,-1.1
-4.0,-4.0,-1.1
-4.0,-4.0,-1.1
-4.0,-4.0,-1.1
-4.0,-4.0,-1.1
-4.0,-4.0,-1.1
-4.0,-4.0,-1.1
-4.0,-4.0,-1.1
-4.0,-4.0,-1.1
-4.0,-4.0,-1.1
-4.0,-4.0,-1.1
-4.0,-4.0,-1.1
-4.0,-4.0,-1.1
-4.0,-4.0,-1.1
-4.0,-4.0,-1.1
-4.0,-4.0,-1.1
-4.0,-4.0,-1.1
-4.0,-4.0,-1.1
-4.0,-4.0,-1.1
-4.0,-4.0,-1.1
-4.0,-4.0,-1.1
-4.0,-4.0,-1.1
-4.0,-4.0,-1.1
-4.0,-4.0,-1.1
-4.0,-4.0,-1.1
-4.0,-4.0,-1.1
-4.0,-4.0,-1.1
-4.0,-4.0,-1.1
-4.0,-4.0,-1.1
-4.0,-4.0,-1.1
-4.0,-4.0,-1.1
-4.0,-4.0,-1.1
-4.0,-4.0,-1.1
-4.0,-4.0,-1.1
-4.0,-4.0,-1.1
-4.0,-4.0,-1.1
-4.0,-4.0,-1.1
-4.0,-4.0,-1.1
-4.0,-4.0,-1.1
-4.0,-4.0,-1.1
-4.0,-4.0,-1.1
-4.0,-4.0,-1.1
-4.0,-4.0,-1.1
-4.0,-4.0,-1.1
-4.0,-4.0,-1.1
-4.0,-4.0,-1.1
-4.0,-4.0,-1.1
-4.0,-4.0,-1.1
-4.0,-4.0,-1.1
-4.0,-4.0,-1.1
-4.0,-4.0,-1.1
-4.0,-4.0,-1.1
-4.0,-4.0,-1.1
-4.0,-4.0,-1.1
-4.0,-4.0,-1.1
-4.0,-4.0,-1.1
-4.0,-4.0,-1.1
-4.0,-4.0,-1.1
-4.0,-4.0,-1.1
-4.0,-4.0,-1.1
-4.0,-4.0,-1.1
-4.0,-4.0,-1.1
-4.0,-4.0,-1.1
-4.0,-4.0,-1.1
-4.0,-4.0,-1.1
-4.0,-4.0,-1.1
-4.0,-4.0,-1.1
-4.0,-4.0,-1.1
-4.0,-4.0,-1.1
-4.0,-4.0,-1.1
-4.0,-4.0,-1.1
-4.0,-4.0,-1.1
-4.0,-4.0,-1.1
-4.0,-4.0,-1.1
-4.0,-4.0,-1.1
-4.0,-4.0,-1.1
-4.0,-4.0,-1.1
-4.0,-4.0,-1.1
-4.0,-4.0,-1.1
-4.0,-4.0,-1.1
-4.0,-4.0,-1.1
-4.0,-4.0,-1.1
-4.0,-4.0,-1.1
-4.0,-4.0,-1.1
-4.0,-4.0,-1.1
-4.0,-4.0,-1.1
-4.0,-4.0,-1.1
-4.0,-4.0,-1.1
-4.0,-4.0,-1.1
-4.0,-4.0,-1.1
-4.0,-4.0,-1.1
-4.0,-4.0,-1.1
-4.0,-4.0,-1.1
-4.0,-4.0,-1.1
-4.0,-4.0,-1.1
-4.0,-4.0,-1.1
-4.0,-4.0,-1.1
-4.0,-4.0,-1.1
-4.0,-4.0,-1.1
-4.0,-4.0,-1.1
-4.0,-4.0,-1.1
-4.0,-4.0,-1.1
-4.0,-4.0,-1.1
-4.0,-4.0,-1.1
-4.0,-4.0,-1.1
-4.0,-4.0,-1.1
-4.0,-4.0,-1.1
-4.0,-4.0,-1.1
-4.0,-4.0,-1.1
-4.0,-4.0,-1.1
-4.0,-4.0,-1.1
-4.0,-4.0,-1.1
-4.0,-4.0,-1.1
-4.0,-4.0,-1.1
-4.0,-4.0,-1.1
-4.0,-4.0,-1.1
-4.0,-4.0,-1.1
-4.0,-4.0,-1.1
-4.0,-4.0,-1.1
-4.0,-4.0,-1.1
-4.0,-4.0,-1.1
-4.0,-4.0,-1.1
-4.0,-4.0,-1.1
-4.0,-4.0,-1.1
-4.0,-4.0,-1.1
-4.0,-4.0,-1.1
-4.0,-4.0,-1.1
-4.0,-4.0,-1.1
-4.0,-4.0,-1.1
-4.0,-4.0,-1.1
-4.0,-4.0,-1.1
-4.0,-4.0,-1.1
-4.0,-4.0,-1.1
-4.0,-4.0,-1.1
-4.0,-4.0,-1.1
-4.0,-4.0,-1.1
-4.0,-4.0,-1.1
-4.0,-4.0,-1.1
-4.0,-4.0,-1.1
-4.0,-4.0,-1.1
-4.0,-4.0,-1.1
-4.0,-4.0,-1.1
-4.0,-4.0,-1.1
-4.0,-4.0,-1.1
-4.0,-4.0,-1.1
-4.0,-4.0,-1.1
-4.0,-4.0,-1.1
-4.0,-4.0,-1.1
-4.0,-4.0,-1.1
-4.0,-4.0,-1.1
-4.0,-4.0,-1.1
-4.0,-4.0,-1.1
-4.0,-4.0,-1.1
-4.0,-4.0,-1.1
-4.0,-4.0,-1.1
-4.0,-4.0,-1.1
-4.0,-4.0,-1.1
-4.0,-4.0,-1.1
-4.0,-4.0,-1.1
-4.0,-4.0,-1.1
-4.0,-4.0,-1.1
-4.0,-4.0,-1.1
-4.0,-4.0,-1.1
-4.0,-4.0,-1.1
-4.0,-4.0,-1.1
-4.0,-4.0,-1.1
-4.0,-4.0,-1.1
-4.0,-4.0,-1.1
-4.0,-4.0,-1.1
-4.0,-4.0,-1.1
-4.0,-4.0,-1.1
-4.0,-4.0,-1.1
-4.0,-4.0,-1.1
-4.0,-4.0,-1.1
-4.0,-4.0,-1.1
-4.0,-4.0,-1.1
-4.0,-4.0,-1.1
-4.0,-4.0,-1.1
-4.0,-4.0,-1.1
-4.0,-4.0,-1.1
-4.0,-4.0,-1.1
-4.0,-4.0,-1.1
-4.0,-4.0,-1.1
-4.0,-4.0,-1.1
-4.0,-4.0,-1.1
-4.0,-4.0,-1.1
-4.0,-4.0,-1.1
-4.0,-4.0,-1.1
-4.0,-4.0,-1.1
-4.0,-4.0,-1.1
-4.0,-4.0,-1.1
-4.0,-4.0,-1.1
-4.0,-4.0,-1.1
-4.0,-4.0,-1.1
-4.0,-4.0,-1.1
-4.0,-4.0,-1.1
-4.0,-4.0,-1.1
-4.0,-4.0,-1.1
-4.0,-4.0,-1.1
-4.0,-4.0,-1.1
-4.0,-4.0,-1.1
-4.0,-4.0,-1.1
-4.0,-4.0,-1.1
-4.0,-4.0,-1.1
-4.0,-4.0,-1.1
-4.0,-4.0,-1.1
-4.0,-4.0,-1.1
-4.0,-4.0,-1.1
-4.0,-4.0,-1.1
-4.0,-4.0,-1.1
-4.0,-4.0,-1.1
-4.0,-4.0,-1.1
-4.0,-4.0,-1.1
-4.0,-4.0,-1.1
-4.0,-4.0,-1.1
-4.0,-4.0,-1.1
-4.0,-4.0,-1.1
-4.0,-4.0,-1.1
-4.0,-4.0,-1.1
-4.0,-4.0,-1.1
-4.0,-4.0,-1.1
-4.0,-4.0,-1.1
-4.0,-4.0,-1.1
-4.0,-4.0,-1.1
-4.0,-4.0,-1.1
-4.0,-4.0,-1.1
-4.0,-4.0,-1.1
-4.0,-4.0,-1.1
-4.0,-4.0,-1.1
-4.0,-4.0,-1.1
-4.0,-4.0,-1.1
-4.0,-4.0,-1.1
-4.0,-4.0,-1.1
-4.0,-4.0,-1.1
-4.0,-4.0,-1.1
-4.0,-4.0,-1.1
-4.0,-4.0,-1.1
-4.0,-4.0,-1.1
-4.0,-4.0,-1.1
-4.0,-4.0,-1.1
-4.0,-4.0,-1.1
-4.0,-4.0,-1.1
-4.0,-4.0,-1.1
-4.0,-4.0,-1.1
-4.0,-4.0,-1.1
-4.0,-4.0,-1.1
-4.0,-4.0,-1.1
-4.0,-4.0,-1.1
-4.0,-4.0,-1.1
-4.0,-4.0,-1.1
-4.0,-4.0,-1.1
-4.0,-4.0,-1.1
-4.0,-4.0,-1.1
-4.0,-4.0,-1.1
-4.0,-4.0,-1.1
-4.0,-4.0,-1.1
-4.0,-4.0,-1.1
-4.0,-4.0,-1.1
-4.0,-4.0,-1.1
-4.0,-4.0,-1.1
-4.0,-4.0,-1.1
-4.0,-4.0,-1.1
-4.0,-4.0,-1.1
-4.0,-4.0,-1.1
-4.0,-4.0,-1.1
-4.0,-4.0,-1.1
-4.0,-4.0,-1.1
-4.0,-4.0,-1.1
-4.0,-4.0,-1.1
-4.0,-4.0,-1.1
-4.0,-4.0,-1.1
-4.0,-4.0,-1.1
-4.0,-4.0,-1.1
-4.0,-4.0,-1.1
-4.0,-4.0,-1.1
-4.0,-4.0,-1.1
-4.0,-4.0,-1.1
-4.0,-4.0,-1.1
-4.0,-4.0,-1.1
-4.0,-4.0,-1.1
-4.0,-4.0,-1.1
-4.0,-4.0,-1.1
-4.0,-4.0,-1.1
-4.0,-4.0,-1.1
-4.0,-4.0,-1.1
-4.0,-4.0,-1.1
-4.0,-4.0,-1.1
-4.0,-4.0,-1.1
-4.0,-4.0,-1.1
-4.0,-4.0,-1.1
-4.0,-4.0,-1.1
-4.0,-4.0,-1.1
-4.0,-4.0,-1.1
-4.0,-4.0,-1.1
-4.0,-4.0,-1.1
-4.0,-4.0,-1.1
-4.0,-4.0,-1.1
-4.0,-4.0,-1.1
-4.0,-4.0,-1.1
-4.0,-4.0,-1.1
-4.0,-4.0,-1.1
-4.0,-4.0,-1.1
-4.0,-4.0,-1.1
-4.0,-4.0,-1.1
-4.0,-4.0,-1.1
-4.0,-4.0,-1.1
-4.0,-4.0,-1.1
-4.0,-4.0,-1.1
-4.0,-4.0,-1.1
-4.0,-4.0,-1.1
-4.0,-4.0,-1.1
-4.0,-4.0,-1.1
-4.0,-4.0,-1.1
-4.0,-4.0,-1.1
-4.0,-4.0,-1.1
-4.0,-4.0,-1.1
-4.0,-4.0,-1.1
-4.0,-4.0,-1.1
-4.0,-4.0,-1.1
-4.0,-4.0,-1.1
-4.0,-4.0,-1.1
-4.0,-4.0,-1.1
-4.0,-4.0,-1.1
-4.0,-4.0,-1.1
-4.0,-4.0,-1.1
-4.0,-4.0,-1.1
-4.0,-4.0,-1.1
-4.0,-4.0,-1.1
-4.0,-4.0,-1.1
-4.0,-4.0,-1.1
-4.0,-4.0,-1.1
-4.0,-4.0,-1.1
-4.0,-4.0,-1.1
-4.0,-4.0,-1.1
-4.0,-4.0,-1.1
-4.0,-4.0,-1.1
-4.0,-4.0,-1.1
-4.0,-4.0,-1.1
-4.0,-4.0,-1.1
-4.0,-4.0,-1.1
-4.0,-4.0,-1.1
-4.0,-4.0,-1.1
-4.0,-4.0,-1.1
-4.0,-4.0,-1.1
-4.0,-4.0,-1.1
-4.0,-4.0,-1.1
-4.0,-4.0,-1.1
-4.0,-4.0,-1.1
-4.0,-4.0,-1.1
-4.0,-4.0,-1.1
-4.0,-4.0,-1.1
-4.0,-4.0,-1.1
-4.0,-4.0,-1.1
-4.0,-4.0,-1.1
-4.0,-4.0,-1.1
-4.0,-4.0,-1.1
-4.0,-4.0,-1.1
-4.0,-4.0,-1.1
-4.0,-4.0,-1.1
-4.0,-4.0,-1.1
-4.0,-4.0,-1.1
-4.0,-4.0,-1.1
-4.0,-4.0,-1.1
-4.0,-4.0,-1.1
-4.0,-4.0,-1.1
-4.0,-4.0,-1.1
-4.0,-4.0,-1.1
-4.0,-4.0,-1.1
-4.0,-4.0,-1.1
-4.0,-4.0,-1.1
-4.0,-4.0,-1.1
-4.0,-4.0,-1.1
-4.0,-4.0,-1.1
-4.0,-4.0,-1.1
-4.0,-4.0,-1.1
-4.0,-4.0,-1.1
-4.0,-4.0,-1.1
-4.0,-4.0,-1.1
-4.0,-4.0,-1.1
-4.0,-4.0,-1.1
-4.0,-4.0,-1.1
-4.0,-4.0,-1.1
-4.0,-4.0,-1.1
-4.0,-4.0,-1.1
-4.0,-4.0,-1.1
-4.0,-4.0,-1.1
-4.0,-4.0,-1.1
-4.0,-4.0,-1.1
-4.0,-4.0,-1.1
-4.0,-4.0,-1.1
-4.0,-4.0,-1.1
-4.0,-4.0,-1.1
-4.0,-4.0,-1.1
-4.0,-4.0,-1.1
-4.0,-4.0,-1.1
-4.0,-4.0,-1.1
-4.0,-4.0,-1.1
-4.0,-4.0,-1.1
-4.0,-4.0,-1.1
-4.0,-4.0,-1.1
-4.0,-4.0,-1.1
-4.0,-4.0,-1.1
-4.0,-4.0,-1.1
-4.0,-4.0,-1.1
-4.0,-4.0,-1.1
-4.0,-4.0,-1.1
-4.0,-4.0,-1.1
-4.0,-4.0,-1.1
-4.0,-4.0,-1.1
-4.0,-4.0,-1.1
-4.0,-4.0,-1.1
-4.0,-4.0,-1.1
-4.0,-4.0,-1.1
-4.0,-4.0,-1.1
-4.0,-4.0,-1.1
-4.0,-4.0,-1.1
-4.0,-4.0,-1.1
-4.0,-4.0,-1.1
-4.0,-4.0,-1.1
-4.0,-4.0,-1.1
-4.0,-4.0,-1.1
-4.0,-4.0,-1.1
-4.0,-4.0,-1.1
-4.0,-4.0,-1.1
-4.0,-4.0,-1.1
-4.0,-4.0,-1.1
-4.0,-4.0,-1.1
-4.0,-4.0,-1.1
-4.0,-4.0,-1.1
-4.0,-4.0,-1.1
-4.0,-4.0,-1.1
-4.0,-4.0,-1.1
-4.0,-4.0,-1.1
-4.0,-4.0,-1.1
-4.0,-4.0,-1.1
-4.0,-4.0,-1.1
-4.0,-4.0,-1.1
-4.0,-4.0,-1.1
-4.0,-4.0,-1.1
-4.0,-4.0,-1.1
-4.0,-4.0,-1.1
-4.0,-4.0,-1.1
-4.0,-4.0,-1.1
-4.0,-4.0,-1.1
-4.0,-4.0,-1.1
-4.0,-4.0,-1.1
-4.0,-4.0,-1.1
-4.0,-4.0,-1.1
-4.0,-4.0,-1.1
-4.0,-4.0,-1.1
-4.0,-4.0,-1.1
-4.0,-4.0,-1.1
-4.0,-4.0,-1.1
-4.0,-4.0,-1.1
-4.0,-4.0,-1.1
-4.0,-4.0,-1.1
-4.0,-4.0,-1.1
-4.0,-4.0,-1.1
-4.0,-4.0,-1.1
-4.0,-4.0,-1.1
-4.0,-4.0,-1.1
-4.0,-4.0,-1.1
-4.0,-4.0,-1.1
-4.0,-4.0,-1.1
-4.0,-4.0,-1.1
-4.0,-4.0,-1.1
-4.0,-4.0,-1.1
-4.0,-4.0,-1.1
-4.0,-4.0,-1.1
-4.0,-4.0,-1.1
-4.0,-4.0,-1.1
-4.0,-4.0,-1.1
-4.0,-4.0,-1.1
-4.0,-4.0,-1.1
-4.0,-4.0,-1.1
-4.0,-4.0,-1.1
-4.0,-4.0,-1.1
-4.0,-4.0,-1.1
-4.0,-4.0,-1.1
-4.0,-4.0,-1.1
-4.0,-4.0,-1.1
-4.0,-4.0,-1.1
-4.0,-4.0,-1.1
-4.0,-4.0,-1.1
-4.0,-4.0,-1.1
-4.0,-4.0,-1.1
-4.0,-4.0,-1.1
-4.0,-4.0,-1.1
-4.0,-4.0,-1.1
-4.0,-4.0,-1.1
-4.0,-4.0,-1.1
-4.0,-4.0,-1.1
-4.0,-4.0,-1.1
-4.0,-4.0,-1.1
-4.0,-4.0,-1.1
-4.0,-4.0,-1.1
-4.0,-4.0,-1.1
-4.0,-4.0,-1.1
-4.0,-4.0,-1.1
-4.0,-4.0,-1.1
-4.0,-4.0,-1.1
-4.0,-4.0,-1.1
-4.0,-4.0,-1.1
-4.0,-4.0,-1.1
-4.0,-4.0,-1.1
-4.0,-4.0,-1.1
-4.0,-4.0,-1.1
-4.0,-4.0,-1.1
-4.0,-4.0,-1.1
-4.0,-4.0,-1.1
-4.0,-4.0,-1.1
-4.0,-4.0,-1.1
-4.0,-4.0,-1.1
-4.0,-4.0,-1.1
-4.0,-4.0,-1.1
-4.0,-4.0,-1.1
-4.0,-4.0,-1.1
-4.0,-4.0,-1.1
-4.0,-4.0,-1.1
-4.0,-4.0,-1.1
-4.0,-4.0,-1.1
-4.0,-4.0,-1.1
-4.0,-4.0,-1.1
-4.0,-4.0,-1.1
-4.0,-4.0,-1.1
-4.0,-4.0,-1.1
-4.0,-4.0,-1.1
-4.0,-4.0,-1.1
-4.0,-4.0,-1.1
-4.0,-4.0,-1.1
-4.0,-4.0,-1.1
-4.0,-4.0,-1.1
-4.0,-4.0,-1.1
-4.0,-4.0,-1.1
-4.0,-4.0,-1.1
-4.0,-4.0,-1.1
-4.0,-4.0,-1.1
-4.0,-4.0,-1.1
-4.0,-4.0,-1.1
-4.0,-4.0,-1.1
-4.0,-4.0,-1.1
-4.0,-4.0,-1.1
-4.0,-4.0,-1.1
-4.0,-4.0,-1.1
-4.0,-4.0,-1.1
-4.0,-4.0,-1.1
-4.0,-4.0,-1.1
-4.0,-4.0,-1.1
-4.0,-4.0,-1.1
-4.0,-4.0,-1.1
-4.0,-4.0,-1.1
-4.0,-4.0,-1.1
-4.0,-4.0,-1.1
-4.0,-4.0,-1.1
-4.0,-4.0,-1.1
-4.0,-4.0,-1.1
-4.0,-4.0,-1.1
-4.0,-4.0,-1.1
-4.0,-4.0,-1.1
-4.0,-4.0,-1.1
-4.0,-4.0,-1.1
-4.0,-4.0,-1.1
-4.0,-4.0,-1.1
-4.0,-4.0,-1.1
-4.0,-4.0,-1.1
-4.0,-4.0,-1.1
-4.0,-4.0,-1.1
-4.0,-4.0,-1.1
-4.0,-4.0,-1.1
-4.0,-4.0,-1.1
-4.0,-4.0,-1.1
-4.0,-4.0,-1.1
-4.0,-4.0,-1.1
-4.0,-4.0,-1.1
-4.0,-4.0,-1.1
-4.0,-4.0,-1.1
-4.0,-4.0,-1.1
-4.0,-4.0,-1.1
-4.0,-4.0,-1.1
-4.0,-4.0,-1.1
-4.0,-4.0,-1.1
-4.0,-4.0,-1.1
-4.0,-4.0,-1.1
-4.0,-4.0,-1.1
-4.0,-4.0,-1.1
-4.0,-4.0,-1.1
-4.0,-4.0,-1.1
-4.0,-4.0,-1.1
-4.0,-4.0,-1.1
-4.0,-4.0,-1.1
-4.0,-4.0,-1.1
-4.0,-4.0,-1.1
-4.0,-4.0,-1.1
-4.0,-4.0,-1.1
-4.0,-4.0,-1.1
-4.0,-4.0,-1.1
-4.0,-4.0,-1.1
-4.0,-4.0,-1.1
-4.0,-4.0,-1.1
-4.0,-4.0,-1.1
-4.0,-4.0,-1.1
-4.0,-4.0,-1.1
-4.0,-4.0,-1.1
-4.0,-4.0,-1.1
-4.0,-4.0,-1.1
-4.0,-4.0,-1.1
-4.0,-4.0,-1.1
-4.0,-4.0,-1.1
-4.0,-4.0,-1.1
-4.0,-4.0,-1.1
-4.0,-4.0,-1.1
-4.0,-4.0,-1.1
-4.0,-4.0,-1.1
-4.0,-4.0,-1.1
-4.0,-4.0,-1.1
-4.0,-4.0,-1.1
-4.0,-4.0,-1.1
-4.0,-4.0,-1.1
-4.0,-4.0,-1.1
-4.0,-4.0,-1.1
-4.0,-4.0,-1.1
-4.0,-4.0,-1.1
-4.0,-4.0,-1.1
-4.0,-4.0,-1.1
-4.0,-4.0,-1.1
-4.0,-4.0,-1.1
-4.0,-4.0,-1.1
-4.0,-4.0,-1.1
-4.0,-4.0,-1.1
-4.0,-4.0,-1.1
-4.0,-4.0,-1.1
-4.0,-4.0,-1.1
-4.0,-4.0,-1.1
-4.0,-4.0,-1.1
-4.0,-4.0,-1.1
-4.0,-4.0,-1.1
-4.0,-4.0,-1.1
-4.0,-4.0,-1.1
-4.0,-4.0,-1.1
-4.0,-4.0,-1.1
-4.0,-4.0,-1.1
-4.0,-4.0,-1.1
-4.0,-4.0,-1.1
-4.0,-4.0,-1.1
-4.0,-4.0,-1.1
-4.0,-4.0,-1.1
-4.0,-4.0,-1.1
-4.0,-4.0,-1.1
-4.0,-4.0,-1.1
-4.0,-4.0,-1.1
-4.0,-4.0,-1.1
-4.0,-4.0,-1.1
-4.0,-4.0,-1.1
-4.0,-4.0,-1.1
-4.0,-4.0,-1.1
-4.0,-4.0,-1.1
-4.0,-4.0,-1.1
-4.0,-4.0,-1.1
-4.0,-4.0,-1.1
-4.0,-4.0,-1.1
-4.0,-4.0,-1.1
-4.0,-4.0,-1.1
-4.0,-4.0,-1.1
-4.0,-4.0,-1.1
-4.0,-4.0,-1.1
-4.0,-4.0,-1.1
-4.0,-4.0,-1.1
-4.0,-4.0,-1.1
-4.0,-4.0,-1.1
-4.0,-4.0,-1.1
-4.0,-4.0,-1.1
-4.0,-4.0,-1.1
-4.0,-4.0,-1.1
-4.0,-4.0,-1.1
-4.0,-4.0,-1.1
-4.0,-4.0,-1.1
-4.0,-4.0,-1.1
-4.0,-4.0,-1.1
-4.0,-4.0,-1.1
-4.0,-4.0,-1.1
-4.0,-4.0,-1.1
-4.0,-4.0,-1.1
-4.0,-4.0,-1.1
-4.0,-4.0,-1.1
-4.0,-4.0,-1.1
-4.0,-4.0,-1.1
-4.0,-4.0,-1.1
-4.0,-4.0,-1.1
-4.0,-4.0,-1.1
-4.0,-4.0,-1.1
-4.0,-4.0,-1.1
-4.0,-4.0,-1.1
-4.0,-4.0,-1.1
-4.0,-4.0,-1.1
-4.0,-4.0,-1.1
-4.0,-4.0,-1.1
-4.0,-4.0,-1.1
-4.0,-4.0,-1.1
-4.0,-4.0,-1.1
-4.0,-4.0,-1.1
-4.0,-4.0,-1.1
-4.0,-4.0,-1.1
-4.0,-4.0,-1.1
-4.0,-4.0,-1.1
-4.0,-4.0,-1.1
-4.0,-4.0,-1.1
-4.0,-4.0,-1.1
-4.0,-4.0,-1.1
-4.0,-4.0,-1.1
-4.0,-4.0,-1.1
-4.0,-4.0,-1.1
-4.0,-4.0,-1.1
-4.0,-4.0,-1.1
-4.0,-4.0,-1.1
-4.0,-4.0,-1.1
-4.0,-4.0,-1.1
-4.0,-4.0,-1.1
-4.0,-4.0,-1.1
-4.0,-4.0,-1.1
-4.0,-4.0,-1.1
-4.0,-4.0,-1.1
-4.0,-4.0,-1.1
-4.0,-4.0,-1.1
-4.0,-4.0,-1.1
-4.0,-4.0,-1.1
-4.0,-4.0,-1.1
-4.0,-4.0,-1.1
-4.0,-4.0,-1.1
-4.0,-4.0,-1.1
-4.0,-4.0,-1.1
-4.0,-4.0,-1.1
-4.0,-4.0,-1.1
-4.0,-4.0,-1.1
-4.0,-4.0,-1.1
-4.0,-4.0,-1.1
-4.0,-4.0,-1.1
-4.0,-4.0,-1.1
-4.0,-4.0,-1.1
-4.0,-4.0,-1.1
-4.0,-4.0,-1.1
-4.0,-4.0,-1.1
-4.0,-4.0,-1.1
-4.0,-4.0,-1.1
-4.0,-4.0,-1.1
-4.0,-4.0,-1.1
-4.0,-4.0,-1.1
-4.0,-4.0,-1.1
-4.0,-4.0,-1.1
-4.0,-4.0,-1.1
-4.0,-4.0,-1.1
-4.0,-4.0,-1.1
-4.0,-4.0,-1.1
-4.0,-4.0,-1.1
-4.0,-4.0,-1.1
-4.0,-4.0,-1.1
-4.0,-4.0,-1.1
-4.0,-4.0,-1.1
-4.0,-4.0,-1.1
-4.0,-4.0,-1.1
-4.0,-4.0,-1.1
-4.0,-4.0,-1.1
-4.0,-4.0,-1.1
-4.0,-4.0,-1.1
-4.0,-4.0,-1.1
-4.0,-4.0,-1.1
-4.0,-4.0,-1.1
-4.0,-4.0,-1.1
-4.0,-4.0,-1.1
-4.0,-4.0,-1.1
-4.0,-4.0,-1.1
-4.0,-4.0,-1.1
-4.0,-4.0,-1.1
-4.0,-4.0,-1.1
-4.0,-4.0,-1.1
-4.0,-4.0,-1.1
-4.0,-4.0,-1.1
-4.0,-4.0,-1.1
-4.0,-4.0,-1.1
-4.0,-4.0,-1.1
-4.0,-4.0,-1.1
-4.0,-4.0,-1.1
-4.0,-4.0,-1.1
-4.0,-4.0,-1.1
-4.0,-4.0,-1.1
-4.0,-4.0,-1.1
-4.0,-4.0,-1.1
-4.0,-4.0,-1.1
-4.0,-4.0,-1.1
-4.0,-4.0,-1.1
-4.0,-4.0,-1.1
-4.0,-4.0,-1.1
-4.0,-4.0,-1.1
-4.0,-4.0,-1.1
-4.0,-4.0,-1.1
-4.0,-4.0,-1.1
-4.0,-4.0,-1.1
-4.0,-4.0,-1.1
-4.0,-4.0,-1.1
-4.0,-4.0,-1.1
-4.0,-4.0,-1.1
-4.0,-4.0,-1.1
-4.0,-4.0,-1.1
-4.0,-4.0,-1.1
-4.0,-4.0,-1.1
-4.0,-4.0,-1.1
-4.0,-4.0,-1.1
-4.0,-4.0,-1.1
-4.0,-4.0,-1.1
-4.0,-4.0,-1.1
-4.0,-4.0,-1.1
-4.0,-4.0,-1.1
-4.0,-4.0,-1.1
-4.0,-4.0,-1.1
-4.0,-4.0,-1.1
-4.0,-4.0,-1.1
-4.0,-4.0,-1.1
-4.0,-4.0,-1.1
-4.0,-4.0,-1.1
-4.0,-4.0,-1.1
-4.0,-4.0,-1.1
-4.0,-4.0,-1.1
-4.0,-4.0,-1.1
-4.0,-4.0,-1.1
-4.0,-4.0,-1.1
-4.0,-4.0,-1.1
-4.0,-4.0,-1.1
-4.0,-4.0,-1.1
-4.0,-4.0,-1.1
-4.0,-4.0,-1.1
-4.0,-4.0,-1.1
-4.0,-4.0,-1.1
-4.0,-4.0,-1.1
-4.0,-4.0,-1.1
-4.0,-4.0,-1.1
-4.0,-4.0,-1.1
-4.0,-4.0,-1.1
-4.0,-4.0,-1.1
-4.0,-4.0,-1.1
-4.0,-4.0,-1.1
-4.0,-4.0,-1.1
-4.0,-4.0,-1.1
-4.0,-4.0,-1.1
-4.0,-4.0,-1.1
-4.0,-4.0,-1.1
-4.0,-4.0,-1.1
-4.0,-4.0,-1.1
-4.0,-4.0,-1.1
-4.0,-4.0,-1.1
-4.0,-4.0,-1.1
-4.0,-4.0,-1.1
-4.0,-4.0,-1.1
-4.0,-4.0,-1.1
-4.0,-4.0,-1.1
-4.0,-4.0,-1.1
-4.0,-4.0,-1.1
-4.0,-4.0,-1.1
-4.0,-4.0,-1.1
-4.0,-4.0,-1.1
-4.0,-4.0,-1.1
-4.0,-4.0,-1.1
-4.0,-4.0,-1.1
-4.0,-4.0,-1.1
-4.0,-4.0,-1.1
-4.0,-4.0,-1.1
-4.0,-4.0,-1.1
-4.0,-4.0,-1.1
-4.0,-4.0,-1.1
-4.0,-4.0,-1.1
-4.0,-4.0,-1.1
-4.0,-4.0,-1.1
-4.0,-4.0,-1.1
-4.0,-4.0,-1.1
-4.0,-4.0,-1.1
-4.0,-4.0,-1.1
-4.0,-4.0,-1.1
-4.0,-4.0,-1.1
-4.0,-4.0,-1.1
-4.0,-4.0,-1.1
-4.0,-4.0,-1.1
-4.0,-4.0,-1.1
-4.0,-4.0,-1.1
-4.0,-4.0,-1.1
-4.0,-4.0,-1.1
-4.0,-4.0,-1.1
-4.0,-4.0,-1.1
-4.0,-4.0,-1.1
-4.0,-4.0,-1.1
-4.0,-4.0,-1.1
-4.0,-4.0,-1.1
-4.0,-4.0,-1.1
-4.0,-4.0,-1.1
-4.0,-4.0,-1.1
-4.0,-4.0,-1.1
-4.0,-4.0,-1.1
-4.0,-4.0,-1.1
-4.0,-4.0,-1.1
-4.0,-4.0,-1.1
-4.0,-4.0,-1.1
-4.0,-4.0,-1.1
-4.0,-4.0,-1.1
-4.0,-4.0,-1.1
-4.0,-4.0,-1.1
-4.0,-4.0,-1.1
-4.0,-4.0,-1.1
-4.0,-4.0,-1.1
-4.0,-4.0,-1.1
-4.0,-4.0,-1.1
-4.0,-4.0,-1.1
-4.0,-4.0,-1.1
-4.0,-4.0,-1.1
-4.0,-4.0,-1.1
-4.0,-4.0,-1.1
-4.0,-4.0,-1.1
-4.0,-4.0,-1.1
-4.0,-4.0,-1.1
-4.0,-4.0,-1.1
-4.0,-4.0,-1.1
-4.0,-4.0,-1.1
-4.0,-4.0,-1.1
-4.0,-4.0,-1.1
-4.0,-4.0,-1.1
-4.0,-4.0,-1.1
-4.0,-4.0,-1.1
-4.0,-4.0,-1.1
-4.0,-4.0,-1.1
-4.0,-4.0,-1.1
-4.0,-4.0,-1.1
-4.0,-4.0,-1.1
-4.0,-4.0,-1.1
-4.0,-4.0,-1.1
-4.0,-4.0,-1.1
-4.0,-4.0,-1.1
-4.0,-4.0,-1.1
-4.0,-4.0,-1.1
-4.0,-4.0,-1.1
-4.0,-4.0,-1.1
-4.0,-4.0,-1.1
-4.0,-4.0,-1.1
-4.0,-4.0,-1.1
-4.0,-4.0,-1.1
-4.0,-4.0,-1.1
-4.0,-4.0,-1.1
-4.0,-4.0,-1.1
-4.0,-4.0,-1.1
-4.0,-4.0,-1.1
-4.0,-4.0,-1.1
-4.0,-4.0,-1.1
-4.0,-4.0,-1.1
-4.0,-4.0,-1.1
-4.0,-4.0,-1.1
-4.0,-4.0,-1.1
-4.0,-4.0,-1.1
-4.0,-4.0,-1.1
-4.0,-4.0,-1.1
-4.0,-4.0,-1.1
-4.0,-4.0,-1.1
-4.0,-4.0,-1.1
-4.0,-4.0,-1.1
-4.0,-4.0,-1.1
-4.0,-4.0,-1.1
-4.0,-4.0,-1.1
-4.0,-4.0,-1.1
-4.0,-4.0,-1.1
-4.0,-4.0,-1.1
-4.0,-4.0,-1.1
-4.0,-4.0,-1.1
-4.0,-4.0,-1.1
-4.0,-4.0,-1.1
-4.0,-4.0,-1.1
-4.0,-4.0,-1.1
-4.0,-4.0,-1.1
-4.0,-4.0,-1.1
-4.0,-4.0,-1.1
-4.0,-4.0,-1.1
-4.0,-4.0,-1.1
-4.0,-4.0,-1.1
-4.0,-4.0,-1.1
-4.0,-4.0,-1.1
-4.0,-4.0,-1.1
-4.0,-4.0,-1.1
-4.0,-4.0,-1.1
-4.0,-4.0,-1.1
-4.0,-4.0,-1.1
-4.0,-4.0,-1.1
-4.0,-4.0,-1.1
-4.0,-4.0,-1.1
-4.0,-4.0,-1.1
-4.0,-4.0,-1.1
-4.0,-4.0,-1.1
-4.0,-4.0,-1.1
-4.0,-4.0,-1.1
-4.0,-4.0,-1.1
-4.0,-4.0,-1.1
-4.0,-4.0,-1.1
-4.0,-4.0,-1.1
-4.0,-4.0,-1.1
-4.0,-4.0,-1.1
-4.0,-4.0,-1.1
-4.0,-4.0,-1.1
-4.0,-4.0,-1.1
-4.0,-4.0,-1.1
-4.0,-4.0,-1.1
-4.0,-4.0,-1.1
-4.0,-4.0,-1.1
-4.0,-4.0,-1.1
-4.0,-4.0,-1.1
-4.0,-4.0,-1.1
-4.0,-4.0,-1.1
-4.0,-4.0,-1.1
-4.0,-4.0,-1.1
-4.0,-4.0,-1.1
-4.0,-4.0,-1.1
-4.0,-4.0,-1.1
-4.0,-4.0,-1.1
-4.0,-4.0,-1.1
-4.0,-4.0,-1.1
-4.0,-4.0,-1.1
-4.0,-4.0,-1.1
-4.0,-4.0,-1.1
-4.0,-4.0,-1.1
-4.0,-4.0,-1.1
-4.0,-4.0,-1.1
-4.0,-4.0,-1.1
-4.0,-4.0,-1.1
-4.0,-4.0,-1.1
-4.0,-4.0,-1.1
-4.0,-4.0,-1.1
-4.0,-4.0,-1.1
-4.0,-4.0,-1.1
-4.0,-4.0,-1.1
-4.0,-4.0,-1.1
-4.0,-4.0,-1.1
-4.0,-4.0,-1.1
-4.0,-4.0,-1.1
-4.0,-4.0,-1.1
-4.0,-4.0,-1.1
-4.0,-4.0,-1.1
-4.0,-4.0,-1.1
-4.0,-4.0,-1.1
-4.0,-4.0,-1.1
-4.0,-4.0,-1.1
-4.0,-4.0,-1.1
-4.0,-4.0,-1.1
-4.0,-4.0,-1.1
-4.0,-4.0,-1.1
-4.0,-4.0,-1.1
-4.0,-4.0,-1.1
-4.0,-4.0,-1.1
-4.0,-4.0,-1.1
-4.0,-4.0,-1.1
-4.0,-4.0,-1.1
-4.0,-4.0,-1.1
-4.0,-4.0,-1.1
-4.0,-4.0,-1.1
-4.0,-4.0,-1.1
-4.0,-4.0,-1.1
-4.0,-4.0,-1.1
-4.0,-4.0,-1.1
-4.0,-4.0,-1.1
-4.0,-4.0,-1.1
-4.0,-4.0,-1.1
-4.0,-4.0,-1.1
-4.0,-4.0,-1.1
-4.0,-4.0,-1.1
-4.0,-4.0,-1.1
-4.0,-4.0,-1.1
-4.0,-4.0,-1.1
-4.0,-4.0,-1.1
-4.0,-4.0,-1.1
-4.0,-4.0,-1.1
-4.0,-4.0,-1.1
-4.0,-4.0,-1.1
-4.0,-4.0,-1.1
-4.0,-4.0,-1.1
-4.0,-4.0,-1.1
-4.0,-4.0,-1.1
-4.0,-4.0,-1.1
-4.0,-4.0,-1.1
-4.0,-4.0,-1.1
-4.0,-4.0,-1.1
-4.0,-4.0,-1.1
-4.0,-4.0,-1.1
-4.0,-4.0,-1.1
-4.0,-4.0,-1.1
-4.0,-4.0,-1.1
-4.0,-4.0,-1.1
-4.0,-4.0,-1.1
-4.0,-4.0,-1.1
-4.0,-4.0,-1.1
-4.0,-4.0,-1.1
-4.0,-4.0,-1.1
-4.0,-4.0,-1.1
-4.0,-4.0,-1.1
-4.0,-4.0,-1.1
-4.0,-4.0,-1.1
-4.0,-4.0,-1.1
-4.0,-4.0,-1.1
-4.0,-4.0,-1.1
-4.0,-4.0,-1.1
-4.0,-4.0,-1.1
-4.0,-4.0,-1.1
-4.0,-4.0,-1.1
-4.0,-4.0,-1.1
-4.0,-4.0,-1.1
-4.0,-4.0,-1.1
-4.0,-4.0,-1.1
-4.0,-4.0,-1.1
-4.0,-4.0,-1.1
-4.0,-4.0,-1.1
-4.0,-4.0,-1.1
-4.0,-4.0,-1.1
-4.0,-4.0,-1.1
-4.0,-4.0,-1.1
-4.0,-4.0,-1.1
-4.0,-4.0,-1.1
-4.0,-4.0,-1.1
-4.0,-4.0,-1.1
-4.0,-4.0,-1.1
-4.0,-4.0,-1.1
-4.0,-4.0,-1.1
-4.0,-4.0,-1.1
-4.0,-4.0,-1.1
-4.0,-4.0,-1.1
-4.0,-4.0,-1.1
-4.0,-4.0,-1.1
-4.0,-4.0,-1.1
-4.0,-4.0,-1.1
-4.0,-4.0,-1.1
-4.0,-4.0,-1.1
-4.0,-4.0,-1.1
-4.0,-4.0,-1.1
-4.0,-4.0,-1.1
-4.0,-4.0,-1.1
-4.0,-4.0,-1.1
-4.0,-4.0,-1.1
-4.0,-4.0,-1.1
-4.0,-4.0,-1.1
-4.0,-4.0,-1.1
-4.0,-4.0,-1.1
-4.0,-4.0,-1.1
-4.0,-4.0,-1.1
-4.0,-4.0,-1.1
-4.0,-4.0,-1.1
-4.0,-4.0,-1.1
-4.0,-4.0,-1.1
-4.0,-4.0,-1.1
-4.0,-4.0,-1.1
-4.0,-4.0,-1.1
-4.0,-4.0,-1.1
-4.0,-4.0,-1.1
-4.0,-4.0,-1.1
-4.0,-4.0,-1.1
-4.0,-4.0,-1.1
-4.0,-4.0,-1.1
-4.0,-4.0,-1.1
-4.0,-4.0,-1.1
-4.0,-4.0,-1.1
-4.0,-4.0,-1.1
-4.0,-4.0,-1.1
-4.0,-4.0,-1.1
-4.0,-4.0,-1.1
-4.0,-4.0,-1.1
-4.0,-4.0,-1.1
-4.0,-4.0,-1.1
-4.0,-4.0,-1.1
-4.0,-4.0,-1.1
-4.0,-4.0,-1.1
-4.0,-4.0,-1.1
-4.0,-4.0,-1.1
-4.0,-4.0,-1.1
-4.0,-4.0,-1.1
-4.0,-4.0,-1.1
-4.0,-4.0,-1.1
-4.0,-4.0,-1.1
-4.0,-4.0,-1.1
-4.0,-4.0,-1.1
-4.0,-4.0,-1.1
-4.0,-4.0,-1.1
-4.0,-4.0,-1.1
-4.0,-4.0,-1.1
-4.0,-4.0,-1.1
-4.0,-4.0,-1.1
-4.0,-4.0,-1.1
-4.0,-4.0,-1.1
-4.0,-4.0,-1.1
-4.0,-4.0,-1.1
-4.0,-4.0,-1.1
-4.0,-4.0,-1.1
-4.0,-4.0,-1.1
-4.0,-4.0,-1.1
-4.0,-4.0,-1.1
-4.0,-4.0,-1.1
-4.0,-4.0,-1.1
-4.0,-4.0,-1.1
-4.0,-4.0,-1.1
-4.0,-4.0,-1.1
-4.0,-4.0,-1.1
-4.0,-4.0,-1.1
-4.0,-4.0,-1.1
-4.0,-4.0,-1.1
-4.0,-4.0,-1.1
-4.0,-4.0,-1.1
-4.0,-4.0,-1.1
-4.0,-4.0,-1.1
-4.0,-4.0,-1.1
-4.0,-4.0,-1.1
-4.0,-4.0,-1.1
-4.0,-4.0,-1.1
-4.0,-4.0,-1.1
-4.0,-4.0,-1.1
-4.0,-4.0,-1.1
-4.0,-4.0,-1.1
-4.0,-4.0,-1.1
-4.0,-4.0,-1.1
-4.0,-4.0,-1.1
-4.0,-4.0,-1.1
-4.0,-4.0,-1.1
-4.0,-4.0,-1.1
-4.0,-4.0,-1.1
-4.0,-4.0,-1.1
-4.0,-4.0,-1.1
-4.0,-4.0,-1.1
-4.0,-4.0,-1.1
-4.0,-4.0,-1.1
-4.0,-4.0,-1.1
-4.0,-4.0,-1.1
-4.0,-4.0,-1.1
-4.0,-4.0,-1.1
-4.0,-4.0,-1.1
-4.0,-4.0,-1.1
-4.0,-4.0,-1.1
-4.0,-4.0,-1.1
-4.0,-4.0,-1.1
-4.0,-4.0,-1.1
-4.0,-4.0,-1.1
-4.0,-4.0,-1.1
-4.0,-4.0,-1.1
-4.0,-4.0,-1.1
-4.0,-4.0,-1.1
-4.0,-4.0,-1.1
-4.0,-4.0,-1.1
-4.0,-4.0,-1.1
-4.0,-4.0,-1.1
-4.0,-4.0,-1.1
-4.0,-4.0,-1.1
-4.0,-4.0,-1.1
-4.0,-4.0,-1.1
-4.0,-4.0,-1.1
-4.0,-4.0,-1.1
-4.0,-4.0,-1.1
-4.0,-4.0,-1.1
-4.0,-4.0,-1.1
-4.0,-4.0,-1.1
-4.0,-4.0,-1.1
-4.0,-4.0,-1.1
-4.0,-4.0,-1.1
-4.0,-4.0,-1.1
-4.0,-4.0,-1.1
-4.0,-4.0,-1.1
-4.0,-4.0,-1.1
-4.0,-4.0,-1.1
-4.0,-4.0,-1.1
-4.0,-4.0,-1.1
-4.0,-4.0,-1.1
-4.0,-4.0,-1.1
-4.0,-4.0,-1.1
-4.0,-4.0,-1.1
-4.0,-4.0,-1.1
-4.0,-4.0,-1.1
-4.0,-4.0,-1.1
-4.0,-4.0,-1.1
-4.0,-4.0,-1.1
-4.0,-4.0,-1.1
-4.0,-4.0,-1.1
-4.0,-4.0,-1.1
-4.0,-4.0,-1.1
-4.0,-4.0,-1.1
-4.0,-4.0,-1.1
-4.0,-4.0,-1.1
-4.0,-4.0,-1.1
-4.0,-4.0,-1.1
-4.0,-4.0,-1.1
-4.0,-4.0,-1.1
-4.0,-4.0,-1.1
-4.0,-4.0,-1.1
-4.0,-4.0,-1.1
-4.0,-4.0,-1.1
-4.0,-4.0,-1.1
-4.0,-4.0,-1.1
-4.0,-4.0,-1.1
-4.0,-4.0,-1.1
-4.0,-4.0,-1.1
-4.0,-4.0,-1.1
-4.0,-4.0,-1.1
-4.0,-4.0,-1.1
-4.0,-4.0,-1.1
-4.0,-4.0,-1.1
-4.0,-4.0,-1.1
-4.0,-4.0,-1.1
-4.0,-4.0,-1.1
-4.0,-4.0,-1.1
-4.0,-4.0,-1.1
-4.0,-4.0,-1.1
-4.0,-4.0,-1.1
-4.0,-4.0,-1.1
-4.0,-4.0,-1.1
-4.0,-4.0,-1.1
-4.0,-4.0,-1.1
-4.0,-4.0,-1.1
-4.0,-4.0,-1.1
-4.0,-4.0,-1.1
-4.0,-4.0,-1.1
-4.0,-4.0,-1.1
-4.0,-4.0,-1.1
-4.0,-4.0,-1.1
-4.0,-4.0,-1.1
-4.0,-4.0,-1.1
-4.0,-4.0,-1.1
-4.0,-4.0,-1.1
-4.0,-4.0,-1.1
-4.0,-4.0,-1.1
-4.0,-4.0,-1.1
-4.0,-4.0,-1.1
-4.0,-4.0,-1.1
-4.0,-4.0,-1.1
-4.0,-4.0,-1.1
-4.0,-4.0,-1.1
-4.0,-4.0,-1.1
-4.0,-4.0,-1.1
-4.0,-4.0,-1.1
-4.0,-4.0,-1.1
-4.0,-4.0,-1.1
-4.0,-4.0,-1.1
-4.0,-4.0,-1.1
-4.0,-4.0,-1.1
-4.0,-4.0,-1.1
-4.0,-4.0,-1.1
-4.0,-4.0,-1.1
-4.0,-4.0,-1.1
-4.0,-4.0,-1.1
-4.0,-4.0,-1.1
-4.0,-4.0,-1.1
-4.0,-4.0,-1.1
-4.0,-4.0,-1.1
-4.0,-4.0,-1.1
-4.0,-4.0,-1.1
-4.0,-4.0,-1.1
-4.0,-4.0,-1.1
-4.0,-4.0,-1.1
-4.0,-4.0,-1.1
-4.0,-4.0,-1.1
-4.0,-4.0,-1.1
-4.0,-4.0,-1.1
-4.0,-4.0,-1.1
-4.0,-4.0,-1.1
-4.0,-4.0,-1.1
-4.0,-4.0,-1.1
-4.0,-4.0,-1.1
-4.0,-4.0,-1.1
-4.0,-4.0,-1.1
-4.0,-4.0,-1.1
-4.0,-4.0,-1.1
-4.0,-4.0,-1.1
-4.0,-4.0,-1.1
-4.0,-4.0,-1.1
-4.0,-4.0,-1.1
-4.0,-4.0,-1.1
-4.0,-4.0,-1.1
-4.0,-4.0,-1.1
-4.0,-4.0,-1.1
-4.0,-4.0,-1.1
-4.0,-4.0,-1.1
-4.0,-4.0,-1.1
-4.0,-4.0,-1.1
-4.0,-4.0,-1.1
-4.0,-4.0,-1.1
-4.0,-4.0,-1.1
-4.0,-4.0,-1.1
-4.0,-4.0,-1.1
-4.0,-4.0,-1.1
-4.0,-4.0,-1.1
-4.0,-4.0,-1.1
-4.0,-4.0,-1.1
-4.0,-4.0,-1.1
-4.0,-4.0,-1.1
-4.0,-4.0,-1.1
-4.0,-4.0,-1.1
-4.0,-4.0,-1.1
-4.0,-4.0,-1.1
-4.0,-4.0,-1.1
-4.0,-4.0,-1.1
-4.0,-4.0,-1.1
-4.0,-4.0,-1.1
-4.0,-4.0,-1.1
-4.0,-4.0,-1.1
-4.0,-4.0,-1.1
-4.0,-4.0,-1.1
-4.0,-4.0,-1.1
-4.0,-4.0,-1.1
-4.0,-4.0,-1.1
-4.0,-4.0,-1.1
-4.0,-4.0,-1.1
-4.0,-4.0,-1.1
-4.0,-4.0,-1.1
-4.0,-4.0,-1.1
-4.0,-4.0,-1.1
-4.0,-4.0,-1.1
-4.0,-4.0,-1.1
-4.0,-4.0,-1.1
-4.0,-4.0,-1.1
-4.0,-4.0,-1.1
-4.0,-4.0,-1.1
-4.0,-4.0,-1.1
-4.0,-4.0,-1.1
-4.0,-4.0,-1.1
-4.0,-4.0,-1.1
-4.0,-4.0,-1.1
-4.0,-4.0,-1.1
-4.0,-4.0,-1.1
-4.0,-4.0,-1.1
-4.0,-4.0,-1.1
-4.0,-4.0,-1.1
-4.0,-4.0,-1.1
-4.0,-4.0,-1.1
-4.0,-4.0,-1.1
-4.0,-4.0,-1.1
-4.0,-4.0,-1.1
-4.0,-4.0,-1.1
-4.0,-4.0,-1.1
-4.0,-4.0,-1.1
-4.0,-4.0,-1.1
-4.0,-4.0,-1.1
-4.0,-4.0,-1.1
-4.0,-4.0,-1.1
-4.0,-4.0,-1.1
-4.0,-4.0,-1.1
-4.0,-4.0,-1.1
-4.0,-4.0,-1.1
-4.0,-4.0,-1.1
-4.0,-4.0,-1.1
-4.0,-4.0,-1.1
-4.0,-4.0,-1.1
-4.0,-4.0,-1.1
-4.0,-4.0,-1.1
-4.0,-4.0,-1.1
-4.0,-4.0,-1.1
-4.0,-4.0,-1.1
-4.0,-4.0,-1.1
-4.0,-4.0,-1.1
-4.0,-4.0,-1.1
-4.0,-4.0,-1.1
-4.0,-4.0,-1.1
-4.0,-4.0,-1.1
-4.0,-4.0,-1.1
-4.0,-4.0,-1.1
-4.0,-4.0,-1.1
-4.0,-4.0,-1.1
-4.0,-4.0,-1.1
-4.0,-4.0,-1.1
-4.0,-4.0,-1.1
-4.0,-4.0,-1.1
-4.0,-4.0,-1.1
-4.0,-4.0,-1.1
-4.0,-4.0,-1.1
-4.0,-4.0,-1.1
-4.0,-4.0,-1.1
-4.0,-4.0,-1.1
-4.0,-4.0,-1.1
-4.0,-4.0,-1.1
-4.0,-4.0,-1.1
-4.0,-4.0,-1.1
-4.0,-4.0,-1.1
-4.0,-4.0,-1.1
-4.0,-4.0,-1.1
-4.0,-4.0,-1.1
-4.0,-4.0,-1.1
-4.0,-4.0,-1.1
-4.0,-4.0,-1.1
-4.0,-4.0,-1.1
-4.0,-4.0,-1.1
-4.0,-4.0,-1.1
-4.0,-4.0,-1.1
-4.0,-4.0,-1.1
-4.0,-4.0,-1.1
-4.0,-4.0,-1.1
-4.0,-4.0,-1.1
-4.0,-4.0,-1.1
-4.0,-4.0,-1.1
-4.0,-4.0,-1.1
-4.0,-4.0,-1.1
-4.0,-4.0,-1.1
-4.0,-4.0,-1.1
-4.0,-4.0,-1.1
-4.0,-4.0,-1.1
-4.0,-4.0,-1.1
-4.0,-4.0,-1.1
-4.0,-4.0,-1.1
-4.0,-4.0,-1.1
-4.0,-4.0,-1.1
-4.0,-4.0,-1.1
-4.0,-4.0,-1.1
-4.0,-4.0,-1.1
-4.0,-4.0,-1.1
-4.0,-4.0,-1.1
-4.0,-4.0,-1.1
-4.0,-4.0,-1.1
-4.0,-4.0,-1.1
-4.0,-4.0,-1.1
-4.0,-4.0,-1.1
-4.0,-4.0,-1.1
-4.0,-4.0,-1.1
-4.0,-4.0,-1.1
-4.0,-4.0,-1.1
-4.0,-4.0,-1.1
-4.0,-4.0,-1.1
-4.0,-4.0,-1.1
-4.0,-4.0,-1.1
-4.0,-4.0,-1.1
-4.0,-4.0,-1.1
-4.0,-4.0,-1.1
-4.0,-4.0,-1.1
-4.0,-4.0,-1.1
-4.0,-4.0,-1.1
-4.0,-4.0,-1.1
-4.0,-4.0,-1.1
-4.0,-4.0,-1.1
-4.0,-4.0,-1.1
-4.0,-4.0,-1.1
-4.0,-4.0,-1.1
-4.0,-4.0,-1.1
-4.0,-4.0,-1.1
-4.0,-4.0,-1.1
-4.0,-4.0,-1.1
-4.0,-4.0,-1.1
-4.0,-4.0,-1.1
-4.0,-4.0,-1.1
-4.0,-4.0,-1.1
-4.0,-4.0,-1.1
-4.0,-4.0,-1.1
-4.0,-4.0,-1.1
-4.0,-4.0,-1.1
-4.0,-4.0,-1.1
-4.0,-4.0,-1.1
-4.0,-4.0,-1.1
-4.0,-4.0,-1.1
-4.0,-4.0,-1.1
-4.0,-4.0,-1.1
-4.0,-4.0,-1.1
-4.0,-4.0,-1.1
-4.0,-4.0,-1.1
-4.0,-4.0,-1.1
-4.0,-4.0,-1.1
-4.0,-4.0,-1.1
-4.0,-4.0,-1.1
-4.0,-4.0,-1.1
-4.0,-4.0,-1.1
-4.0,-4.0,-1.1
-4.0,-4.0,-1.1
-4.0,-4.0,-1.1
-4.0,-4.0,-1.1
-4.0,-4.0,-1.1
-4.0,-4.0,-1.1
-4.0,-4.0,-1.1
-4.0,-4.0,-1.1
-4.0,-4.0,-1.1
-4.0,-4.0,-1.1
-4.0,-4.0,-1.1
-4.0,-4.0,-1.1
-4.0,-4.0,-1.1
-4.0,-4.0,-1.1
-4.0,-4.0,-1.1
-4.0,-4.0,-1.1
-4.0,-4.0,-1.1
-4.0,-4.0,-1.1
-4.0,-4.0,-1.1
-4.0,-4.0,-1.1
-4.0,-4.0,-1.1
-4.0,-4.0,-1.1
-4.0,-4.0,-1.1
-4.0,-4.0,-1.1
-4.0,-4.0,-1.1
-4.0,-4.0,-1.1
-4.0,-4.0,-1.1
-4.0,-4.0,-1.1
-4.0,-4.0,-1.1
-4.0,-4.0,-1.1
-4.0,-4.0,-1.1
-4.0,-4.0,-1.1
-4.0,-4.0,-1.1
-4.0,-4.0,-1.1
-4.0,-4.0,-1.1
-4.0,-4.0,-1.1
-4.0,-4.0,-1.1
-4.0,-4.0,-1.1
-4.0,-4.0,-1.1
-4.0,-4.0,-1.1
-4.0,-4.0,-1.1
-4.0,-4.0,-1.1
-4.0,-4.0,-1.1
-4.0,-4.0,-1.1
-4.0,-4.0,-1.1
-4.0,-4.0,-1.1
-4.0,-4.0,-1.1
-4.0,-4.0,-1.1
-4.0,-4.0,-1.1
-4.0,-4.0,-1.1
-4.0,-4.0,-1.1
-4.0,-4.0,-1.1
-4.0,-4.0,-1.1
-4.0,-4.0,-1.1
-4.0,-4.0,-1.1
-4.0,-4.0,-1.1
-4.0,-4.0,-1.1
-4.0,-4.0,-1.1
-4.0,-4.0,-1.1
-4.0,-4.0,-1.1
-4.0,-4.0,-1.1
-4.0,-4.0,-1.1
-4.0,-4.0,-1.1
-4.0,-4.0,-1.1
-4.0,-4.0,-1.1
-4.0,-4.0,-1.1
-4.0,-4.0,-1.1
