x,y,z
0.120476,-0.447965,0.121562
0.364818,-0.490206,0.123733
-0.365867,-0.333869,0.120764
-0.124544,-0.389521,0.121301
0.290419,-0.254169,0.122825
-0.557304,-0.179205,0.1247
-0.200347,-0.150635,0.123541
0.0402203,-0.211386,0.12134
-0.393608,0.00727424,0.121729
-0.041765,0.0412947,0.119412
0.198317,-0.0224156,0.119611
0.442919,-0.0463002,0.122145
-0.237656,0.201677,0.120473
0.138979,0.216512,0.123818
0.386881,0.195112,0.122667
-0.482557,0.241095,0.123439
-0.307013,0.442618,0.125143
-0.0625774,0.414955,0.121849
0.279106,0.419382,0.124358
0.105914,0.592433,0.124585
-0.284511,-0.565436,0.169767
-0.0465923,-0.62758,0.162073
0.212639,-0.634931,0.259354
-0.492724,-0.455774,0.291369
0.526235,-0.309339,0.179586
-0.376489,-0.165208,0.299367
0.17301,-0.163533,0.31575
0.644213,-0.101958,0.249326
-0.634814,0.0526117,0.169743
-0.214774,0.0293057,0.29169
-0.0500319,0.233205,0.276061
0.626315,0.187797,0.181843
-0.506764,0.439434,0.264236
0.511409,0.412136,0.202386
-0.160434,0.627186,0.19963
0.290563,0.601293,0.292224
-0.252198,-0.622137,0.403186
-0.00855732,-0.672972,0.392163
-0.00708247,-0.435997,0.328671
0.246729,-0.393379,0.325011
0.469798,-0.483442,0.347243
-0.622504,-0.247623,0.349631
-0.257859,-0.383094,0.327794
0.606686,-0.287662,0.412977
-0.0899114,-0.201594,0.340355
0.416013,-0.146448,0.345277
-0.67021,-0.00862067,0.400448
0.0223091,0.0175778,0.352936
0.265195,0.0687515,0.331596
-0.443566,0.091154,0.345757
0.114947,0.21707,0.460354
0.50889,0.0798116,0.3642
-0.628747,0.239728,0.333401
-0.314023,0.301991,0.333401
0.337372,0.303593,0.336604
0.598473,0.306617,0.398448
-0.119423,0.449288,0.36426
0.120972,0.421529,0.317737
0.450701,0.497705,0.440677
-0.335472,0.577481,0.369421
0.0606376,0.668704,0.34793
0.379673,-0.553803,0.563846
-0.442122,-0.505368,0.527265
-0.145925,-0.437668,0.529356
0.145774,-0.526189,0.503624
-0.591493,-0.315193,0.582123
-0.337997,-0.2854,0.531712
0.0804386,-0.286857,0.501907
0.404506,-0.277529,0.553506
-0.463368,-0.0828477,0.51229
-0.220212,-0.0700998,0.509781
0.0108997,-0.0118759,0.587144
0.244629,-0.0761718,0.529641
0.469245,-0.0380631,0.616612
0.671544,-0.0586542,0.484753
-0.646832,0.170225,0.569777
-0.37659,0.220208,0.557398
-0.146617,0.16289,0.485963
0.360424,0.166622,0.538738
0.650551,0.161069,0.580057
-0.192146,0.382158,0.590623
0.260516,0.390501,0.552604
0.55219,0.381241,0.630373
-0.531934,0.405944,0.5039
0.0299503,0.480354,0.561548
-0.321566,0.588856,0.625038
-0.135803,0.659027,0.4837
0.220161,0.633592,0.5313
-0.262517,-0.618955,0.647348
-0.0255742,-0.671076,0.632079
0.201019,-0.640265,0.71437
-0.499506,-0.449301,0.764032
0.0203222,-0.433814,0.690654
0.263659,-0.396583,0.714065
0.514701,-0.428672,0.72242
-0.264724,-0.390326,0.739941
-0.669498,-0.0865269,0.631924
-0.394463,-0.178442,0.74394
-0.104017,-0.222313,0.650996
0.132569,-0.185123,0.717177
0.372033,-0.184612,0.782927
0.630027,-0.229929,0.651664
-0.469283,0.0550792,0.710598
0.672794,-0.00965549,0.74942
-0.223408,0.0957516,0.711366
-0.00651082,0.221182,0.674741
0.202567,0.0912758,0.709168
0.382411,0.257565,0.76649
-0.489439,0.458428,0.73807
0.196182,0.417039,0.78275
-0.105065,0.662185,0.721443
0.135332,0.656255,0.782755
0.383913,0.551415,0.692561
-0.24835,-0.591382,0.88389
-0.014436,-0.670699,0.875261
0.369296,-0.559235,0.868025
0.112,-0.446597,0.899828
-0.624617,-0.241151,0.818285
-0.0840787,-0.303417,0.873664
0.641924,-0.188729,0.915846
-0.669901,0.0287433,0.843503
-0.219199,-0.0780959,0.889569
-0.00328719,0.0165446,0.822825
0.455758,0.0382991,0.851718
-0.420586,0.174504,0.91619
-0.169443,0.16687,0.942763
-0.61724,0.262957,0.794779
-0.282251,0.347283,0.81556
0.0679349,0.240506,0.903658
0.626755,0.237414,0.812887
-0.0511356,0.432959,0.79369
0.503528,0.443416,0.877214
-0.32444,0.584335,0.874855
0.313633,0.590956,0.945089
0.190265,-0.645877,1.01102
-0.447227,-0.499974,0.996179
-0.106018,-0.443289,1.068
0.53488,-0.405589,0.964583
-0.594279,-0.307415,1.05393
-0.334508,-0.284381,0.95977
0.304602,-0.318285,0.972434
-0.0984104,-0.19466,1.08737
0.107703,-0.16668,0.952731
0.435367,-0.118692,1.04205
-0.67055,-0.0301732,1.07392
-0.45901,-0.0680509,0.954729
0.00143974,0.0305802,1.06174
0.225107,0.0525742,0.950469
0.667638,0.0636826,0.980657
-0.639627,0.208296,1.02928
0.423206,0.141888,1.07137
0.308126,0.345119,0.992986
0.604271,0.295423,1.04844
-0.521365,0.420201,0.977385
-0.149141,0.429318,1.02087
0.09373,0.468609,0.993097
-0.105939,0.662503,0.961304
-0.262276,-0.621569,1.11915
-0.0241756,-0.671513,1.12094
0.210372,-0.637358,1.25223
-0.438514,-0.508755,1.23882
0.134027,-0.43685,1.13144
0.392243,-0.543782,1.11058
-0.279003,-0.322513,1.19872
0.336546,-0.321262,1.21177
0.582937,-0.333286,1.19073
-0.44884,-0.145778,1.19083
0.124468,-0.193889,1.1901
0.661308,-0.107912,1.14953
-0.236226,0.00599154,1.12143
0.271192,0.00156207,1.18631
-0.457734,0.0969887,1.14461
-0.109176,0.235241,1.17274
0.152586,0.211244,1.1294
0.660277,0.129206,1.21933
-0.559869,0.367967,1.21584
-0.340887,0.307089,1.10498
0.331268,0.329282,1.24874
0.00114195,0.456578,1.21611
0.468078,0.484463,1.11786
-0.383286,0.550157,1.13754
-0.165227,0.64938,1.19969
0.0714017,0.672431,1.12429
0.284501,0.607682,1.21364
-0.00842986,-0.67196,1.36073
-0.202932,-0.518917,1.32564
0.171143,-0.422714,1.3634
0.462038,-0.491663,1.33701
-0.585478,-0.328289,1.29972
-0.0429017,-0.341025,1.27926
-0.66616,-0.100836,1.2972
-0.147945,-0.118594,1.31502
0.238015,-0.118305,1.38843
0.458901,-0.123709,1.28865
-0.47426,0.0273582,1.3747
0.0534294,0.0200991,1.29565
0.670505,-0.0564469,1.3847
-0.659399,0.145881,1.26955
-0.160484,0.183993,1.41062
0.44166,0.120795,1.32439
-0.385031,0.248508,1.34056
0.0616068,0.259051,1.35154
0.572359,0.346447,1.30375
-0.435453,0.510941,1.37985
-0.227008,0.426063,1.28737
0.178178,0.467749,1.38072
0.421066,0.520482,1.39865
0.0174029,0.669281,1.36535
-0.186533,-0.64683,1.53014
0.296076,-0.603336,1.47632
-0.400495,-0.535642,1.47799
-0.0268096,-0.466888,1.48874
-0.566848,-0.365851,1.53999
-0.211075,-0.309075,1.45649
0.359268,-0.30948,1.45669
0.606177,-0.286629,1.4316
-0.657878,-0.138346,1.52917
-0.426213,-0.198675,1.43346
0.0451856,-0.232537,1.48393
0.461013,-0.107455,1.53533
-0.27088,-0.0169816,1.49854
-0.0255357,0.00117431,1.52162
-0.662758,0.106331,1.51335
-0.420795,0.174203,1.57439
0.23022,0.114711,1.44354
0.649774,0.172169,1.46328
-0.584881,0.331256,1.45988
-0.276028,0.370623,1.52573
0.312439,0.33057,1.53067
0.552726,0.380261,1.55316
-0.0540364,0.451065,1.45866
-0.225797,0.630272,1.44044
0.199174,0.646346,1.53275
-0.32756,-0.559882,1.71244
0.0852298,-0.665191,1.58644
0.350094,-0.569612,1.71415
-0.122964,-0.417916,1.69489
0.189656,-0.421324,1.60185
0.503943,-0.45329,1.57847
-0.35923,-0.291111,1.65165
0.0596749,-0.252669,1.72637
0.371214,-0.282808,1.70018
0.618397,-0.25977,1.6759
-0.152932,-0.165312,1.65173
0.222533,-0.0967852,1.62562
-0.460152,-0.0602178,1.64474
0.671535,-0.0225897,1.63056
-0.196618,0.126829,1.6791
0.00527076,0.234723,1.59046
0.216264,0.145067,1.68288
0.440127,0.130488,1.5767
0.637547,0.20805,1.70735
-0.607113,0.279461,1.70313
-0.47232,0.477383,1.62474
-0.108722,0.426268,1.69839
0.122082,0.445832,1.62917
0.39079,0.545142,1.64413
-0.272924,0.61227,1.68452
-0.0416823,0.658625,1.60612
-0.0954766,-0.661962,1.75428
0.151513,-0.653058,1.82101
-0.525327,-0.419914,1.76853
0.214614,-0.403511,1.84179
0.514853,-0.428446,1.83822
-0.279303,-0.372863,1.86802
-0.638934,-0.201697,1.75876
-0.387418,-0.153075,1.85748
0.479688,-0.0813333,1.77766
-0.670908,0.0424869,1.74822
0.0344754,-0.00774473,1.75736
0.25291,-0.0657266,1.86652
0.672192,0.0185557,1.87988
-0.446031,0.115366,1.81475
-0.0339042,0.212464,1.84543
0.424551,0.152966,1.82092
-0.323196,0.321426,1.76242
0.292006,0.357769,1.78196
-0.510223,0.436516,1.87092
0.0741389,0.436042,1.86916
0.529546,0.413357,1.79631
-0.0924726,0.655765,1.85037
0.142923,0.654666,1.77136
-0.255083,-0.622188,1.93862
-0.0207939,-0.671111,1.98539
0.347944,-0.574927,1.95255
-0.457011,-0.491182,1.98387
-0.0140751,-0.438854,1.91151
-0.601507,-0.294105,1.97415
0.337026,-0.269394,2.00975
-0.144249,-0.163237,1.901
0.0892332,-0.221682,1.95948
0.631414,-0.223492,1.91699
-0.583947,-0.0478909,1.96059
-0.227708,0.0715035,1.91612
0.00171243,0.0157579,1.99466
0.474202,-0.0637296,2.02663
-0.640445,0.197295,1.93935
0.198083,0.168315,1.92279
-0.372502,0.265927,2.00022
0.260283,0.38342,2.02599
0.622304,0.247481,1.94913
-0.163113,0.402896,1.93168
0.501056,0.445036,2.03896
-0.319925,0.589469,1.92814
0.127768,0.657256,2.01603
0.345396,0.573975,1.89181
-0.364756,-0.564379,2.18997
-0.13772,-0.657323,2.1939
0.112154,-0.660244,2.18807
0.346027,-0.577099,2.19032
-0.544436,-0.392937,2.18869
-0.18168,-0.441417,2.08265
0.168176,-0.442418,2.07945
0.515463,-0.425599,2.08775
-0.36058,-0.271512,2.07294
-0.649362,-0.167789,2.17653
-0.103862,-0.216838,2.14131
0.136101,-0.214043,2.18886
0.633303,-0.218198,2.16059
-0.670063,0.0754773,2.15476
-0.432216,0.0361048,2.13617
-0.192778,0.0108028,2.14867
0.24685,-0.0110061,2.10465
0.669605,0.0457268,2.12578
-0.0913845,0.231264,2.09717
0.149406,0.207774,2.15632
0.409415,0.17526,2.06164
-0.596206,0.305845,2.15293
0.608914,0.280136,2.18735
-0.457463,0.493491,2.10702
-0.233251,0.426666,2.15989
0.00846005,0.459241,2.10315
-0.145224,0.653977,2.09361
0.328992,0.586431,2.14195
-0.00633082,-0.454139,2.2574
-0.256054,-0.345871,2.29131
0.248577,-0.388368,2.30466
-0.427047,-0.166904,2.27793
0.398692,-0.200435,2.2413
0.0347929,0.00290376,2.23299
0.241315,0.0693079,2.34232
0.469911,0.0368722,2.26912
0.668981,-0.0752644,2.35644
-0.161134,0.177001,2.33037
-0.379354,0.248015,2.24871
0.376052,0.264879,2.28433
-0.522339,0.418619,2.35993
-0.0703627,0.42529,2.33081
0.189599,0.425118,2.26979
-0.335466,0.579563,2.3316
-0.102998,0.66497,2.33827
0.128472,0.660423,2.26381
-0.258079,-0.620315,2.40279
-0.0141443,-0.671157,2.40233
0.230586,-0.632089,2.40076
-0.461098,-0.478467,2.39998
-0.150511,-0.421982,2.50138
0.0929468,-0.448164,2.48566
0.443987,-0.503269,2.39916
-0.610239,-0.279312,2.39509
-0.3538,-0.282529,2.50529
-0.0166721,-0.240966,2.3824
0.594371,-0.309748,2.38664
-0.215658,-0.0915294,2.3733
0.217133,-0.162424,2.40767
0.450843,-0.105073,2.47317
-0.669119,-0.0397675,2.38438
-0.450841,-0.059097,2.49436
-0.0175344,0.0226582,2.46099
-0.640701,0.202029,2.36995
-0.422821,0.178227,2.48277
0.422742,0.14236,2.49664
0.649478,0.166505,2.39714
-0.274528,0.367482,2.44495
0.070984,0.239581,2.38037
0.279085,0.35868,2.4907
0.546386,0.393303,2.39666
0.366122,0.562976,2.38585
-0.371842,-0.558684,2.61258
-0.141743,-0.655242,2.61469
0.106021,-0.660921,2.6147
0.34052,-0.578144,2.6108
0.52722,-0.416844,2.61393
-0.550157,-0.384106,2.61041
0.102745,-0.237803,2.61368
0.314201,-0.342547,2.53177
-0.651204,-0.156762,2.60375
-0.139228,-0.189891,2.58911
0.638993,-0.200003,2.60586
-0.24055,0.0356733,2.58403
0.255328,-0.0331346,2.6102
0.669772,0.0427904,2.60707
-0.664426,0.0918351,2.59253
-0.0982638,0.233905,2.56267
0.144824,0.185372,2.60049
-0.587518,0.327356,2.5859
-0.345317,0.311141,2.6744
0.608781,0.282487,2.61002
-0.43018,0.516496,2.56587
0.046711,0.430541,2.53778
0.465571,0.482991,2.61181
-0.215299,0.633577,2.55594
0.0301611,0.671904,2.548
0.261534,0.61876,2.6044
-0.265251,-0.616614,2.82504
-0.0222627,-0.670989,2.82835
0.222502,-0.6347,2.82674
-0.470046,-0.475655,2.82425
-0.0207449,-0.455162,2.70819
0.221095,-0.407599,2.74185
0.435609,-0.507758,2.82688
-0.61412,-0.272785,2.81992
-0.256521,-0.365624,2.71849
-0.0277085,-0.241542,2.83226
0.591936,-0.316278,2.82564
-0.423876,-0.168744,2.71207
-0.213251,-0.0848232,2.79795
0.195494,-0.138424,2.82514
0.406771,-0.202468,2.71235
0.665425,-0.0821788,2.8226
-0.668584,-0.0301235,2.81268
0.0205345,-0.020219,2.68542
0.457991,0.0389259,2.72712
-0.634668,0.214322,2.80611
-0.44838,0.0792248,2.70953
-0.205474,0.157526,2.79901
0.218263,0.106093,2.81448
0.650187,0.164343,2.82337
0.0174526,0.252516,2.79621
0.369497,0.26873,2.70391
0.547535,0.387443,2.82531
-0.516467,0.429811,2.80532
-0.132604,0.432923,2.70446
0.182212,0.4258,2.73328
-0.323419,0.582909,2.77743
-0.0902252,0.666127,2.76713
0.146059,0.654364,2.82328
0.371023,0.558028,2.82599
-0.15251,-0.429451,2.93336
0.0938596,-0.434865,2.94188
-0.35521,-0.273904,2.92549
0.326489,-0.312501,2.94117
0.444916,-0.0938362,2.9362
-0.448362,-0.0428092,2.9249
-0.0217588,0.0313524,2.90579
-0.411947,0.202397,2.92098
0.421713,0.159045,2.94095
-0.241257,0.38412,2.91819
0.274907,0.360419,2.94497
0.0314652,0.453245,2.93388
-0.376161,-0.554353,3.03787
-0.14851,-0.654176,3.04013
0.100117,-0.663393,3.04139
0.333473,-0.58266,3.03968
-0.0341913,-0.452711,3.14756
0.521809,-0.421255,3.04086
-0.552299,-0.377843,3.03577
-0.259221,-0.349454,3.14019
-0.652132,-0.150012,3.03005
-0.420848,-0.162544,3.13757
-0.156996,-0.147963,3.02716
0.101661,-0.207821,3.04213
0.639804,-0.204078,3.03854
0.0207817,0.00807391,3.13161
0.241762,0.00185854,3.03268
0.669344,0.0406369,3.03606
-0.664673,0.0981788,3.02401
-0.447386,0.084405,3.13802
-0.221416,0.0939364,3.03677
-0.585226,0.332817,3.02609
-0.328782,0.303083,3.13345
-0.0180653,0.237448,3.04272
0.610767,0.280341,3.03899
-0.425463,0.518191,3.01742
-0.123993,0.446413,3.12941
0.468433,0.480525,3.03996
-0.21314,0.635257,2.99263
0.0227782,0.671496,3.03869
0.26319,0.617076,3.03875
-0.267904,-0.613167,3.25252
-0.0260543,-0.671479,3.25434
0.218629,-0.633151,3.25533
-0.472982,-0.47276,3.25067
0.221054,-0.393707,3.15161
0.432678,-0.510264,3.25469
-0.614793,-0.267626,3.24707
0.589748,-0.319282,3.25346
-0.0506726,-0.222324,3.23649
0.390892,-0.203808,3.1541
0.664696,-0.0840908,3.25245
-0.669325,-0.0246126,3.24166
-0.227108,-0.0463918,3.24155
0.216692,-0.0587248,3.2713
0.455102,0.0354963,3.1537
-0.633278,0.220898,3.24008
-0.144112,0.18752,3.25147
0.103734,0.205662,3.25654
0.651301,0.160721,3.2518
0.324053,0.245337,3.1528
0.548591,0.385358,3.25494
-0.508398,0.437923,3.23857
0.151747,0.425867,3.15024
-0.306777,0.594159,3.22091
0.145116,0.653702,3.2524
0.3727,0.556112,3.25264
-0.156392,-0.41432,3.35584
0.0943094,-0.443096,3.35868
-0.555379,-0.375325,3.46314
-0.361691,-0.274036,3.3508
0.319847,-0.316866,3.36325
-0.653001,-0.147049,3.45845
-0.162982,-0.165347,3.44928
0.0983147,-0.20604,3.43158
0.445379,-0.0808021,3.36801
-0.447938,-0.0401375,3.35225
-0.0120776,0.00500764,3.35576
-0.664072,0.100682,3.45471
-0.400978,0.203896,3.34905
0.196231,0.100578,3.4615
0.416469,0.167853,3.36442
-0.582108,0.335546,3.45461
0.262389,0.363913,3.3649
-0.421331,0.521951,3.4543
-0.238263,0.393435,3.34958
0.00151438,0.452624,3.34478
-0.205903,0.638999,3.44368
-0.378123,-0.55381,3.46519
-0.150553,-0.65381,3.46691
0.0972741,-0.664403,3.46898
0.331075,-0.582066,3.46929
-0.0400363,-0.457994,3.56826
0.519806,-0.422111,3.46928
-0.268613,-0.355938,3.5672
0.207338,-0.3877,3.57283
-0.427947,-0.163945,3.56316
0.405167,-0.213175,3.5694
0.637724,-0.205446,3.46749
-0.221092,0.0770855,3.46489
-0.00173611,0.00284778,3.58504
0.452906,0.0515439,3.57718
0.669557,0.0383236,3.46682
-0.446076,0.0848825,3.56645
-0.0268259,0.233031,3.46457
-0.328999,0.304958,3.56287
0.354118,0.281055,3.58205
0.612629,0.276297,3.46792
-0.121067,0.440714,3.56415
0.125847,0.439977,3.558
0.47106,0.474419,3.47519
0.0353724,0.667583,3.47013
0.272292,0.615312,3.46547
-0.268588,-0.615986,3.67868
-0.0258035,-0.672235,3.68174
0.218213,-0.634043,3.68451
-0.473776,-0.471076,3.67679
0.432523,-0.510119,3.6835
-0.615448,-0.26761,3.67616
-0.364581,-0.271661,3.77732
0.59089,-0.319478,3.68326
-0.0418804,-0.231883,3.65316
0.186063,-0.146447,3.65195
0.438331,-0.0836247,3.77889
0.665331,-0.0819709,3.68138
-0.669313,-0.0229786,3.67051
-0.228317,-0.0702998,3.66654
-0.632447,0.22294,3.66898
-0.402502,0.204948,3.77788
-0.171396,0.164512,3.69274
0.246519,0.0813848,3.70343
-0.235548,0.387687,3.77836
0.0633764,0.241079,3.69301
0.604499,0.295888,3.71192
-0.507853,0.438307,3.67006
0.237892,0.396777,3.77152
0.454841,0.494889,3.72199
-0.312313,0.592919,3.667
-0.0773316,0.669113,3.68498
0.176316,0.646078,3.69156
-0.379952,-0.553612,3.89062
-0.151467,-0.652391,3.89512
0.095964,-0.664116,3.89815
0.331798,-0.584381,3.89752
-0.164132,-0.419976,3.78168
0.0866502,-0.446474,3.78151
0.519348,-0.421038,3.89822
-0.554622,-0.375723,3.89118
0.321222,-0.311336,3.77968
-0.653348,-0.145721,3.88604
-0.149735,-0.189441,3.86856
0.0959228,-0.216207,3.8682
0.638255,-0.203286,3.89588
-0.447792,-0.0391798,3.78036
-0.209823,0.0404893,3.93531
0.02808,0.0276127,3.812
0.241163,-0.0307396,3.92643
-0.66455,0.102917,3.88372
0.175266,0.206529,3.91345
0.402756,0.223464,3.82282
0.66272,0.099225,3.85032
-0.580847,0.338003,3.88397
-0.0684005,0.23972,3.90218
-0.415619,0.524821,3.88379
0.000339416,0.460218,3.78086
0.542225,0.393971,3.93256
-0.195161,0.64041,3.89506
0.0541618,0.667343,3.90639
0.308025,0.596891,3.89732
-0.281414,-0.356092,3.99516
-0.0368541,-0.382863,3.98775
0.22967,-0.38436,3.99635
-0.424572,-0.156272,3.99843
0.405674,-0.20722,3.98667
0.015042,0.0143744,4.04139
0.462939,0.0507765,3.98333
-0.446151,0.0893384,3.99178
0.651158,0.163435,4.09076
-0.328855,0.306864,3.99314
0.364956,0.262648,4.0656
-0.124442,0.4426,4.0246
0.130846,0.441113,3.99003
-0.27385,-0.612585,4.10595
-0.0297248,-0.669613,4.11182
0.217946,-0.637592,4.11283
-0.476126,-0.468674,4.10608
-0.155739,-0.418979,4.20034
0.0866294,-0.449286,4.18512
0.4326,-0.511141,4.11227
-0.616616,-0.265091,4.10181
-0.359202,-0.277231,4.21542
0.358114,-0.295657,4.20666
0.58969,-0.318126,4.11311
-0.120421,-0.181882,4.11068
0.156207,-0.178712,4.10731
0.666685,-0.0811903,4.10659
-0.66652,-0.0225838,4.09919
-0.301431,-0.0168156,4.15879
0.228312,0.0508469,4.16226
0.439761,-0.0655079,4.19116
-0.628932,0.222644,4.0974
-0.405353,0.201982,4.20809
-0.162549,0.185862,4.13177
0.0784815,0.241567,4.13543
0.558339,0.37153,4.18009
-0.508538,0.438619,4.09877
-0.254084,0.393982,4.22977
0.0310452,0.466951,4.21299
0.391563,0.545336,4.12643
-0.315851,0.59122,4.102
-0.0788395,0.667625,4.11573
0.168322,0.650928,4.12775
-0.384895,-0.550446,4.31975
-0.159325,-0.650048,4.32162
0.0968808,-0.663542,4.32703
0.333141,-0.583509,4.32687
0.524531,-0.419701,4.33238
-0.557889,-0.372873,4.32378
0.0199701,-0.243579,4.30378
0.210988,-0.379311,4.37903
-0.648836,-0.143717,4.31537
-0.196386,-0.140053,4.34123
0.235637,-0.12589,4.33682
0.639516,-0.199285,4.32466
-0.448155,0.011098,4.35788
-0.00743854,0.0510739,4.26958
0.66803,0.0465623,4.32016
-0.666074,0.10393,4.31052
-0.226182,0.107843,4.36098
0.186094,0.155648,4.38265
0.419467,0.165182,4.28848
-0.583466,0.337581,4.31153
-0.0615859,0.281512,4.3379
0.258715,0.379954,4.2553
0.612736,0.270385,4.40798
-0.42511,0.517787,4.37309
0.473968,0.474279,4.38802
-0.213683,0.635129,4.32012
0.0320935,0.670764,4.33883
0.271306,0.611228,4.35286
-0.281564,-0.60692,4.53895
-0.0401136,-0.671108,4.53303
0.181171,-0.556999,4.54503
-0.483489,-0.460413,4.54566
-0.018028,-0.461173,4.41075
0.433968,-0.507969,4.54547
-0.623227,-0.254263,4.56268
-0.24895,-0.379327,4.42263
0.356336,-0.26001,4.53101
0.59696,-0.30763,4.54366
-0.416698,-0.209917,4.44676
-0.107108,-0.235025,4.55305
-0.67022,-0.0175316,4.52583
-0.259335,-0.0401676,4.55138
0.0360255,-0.0613346,4.47055
0.255145,-0.0193226,4.55779
0.459838,-0.0638814,4.42863
0.669801,-0.0635116,4.55424
-0.629923,0.225101,4.52488
0.0264578,0.233327,4.56224
0.430547,0.154978,4.53744
-0.39305,0.267417,4.44723
0.284334,0.348814,4.49926
-0.21103,0.435079,4.4686
0.0628666,0.454012,4.45803
-0.110256,0.660352,4.54042
0.135848,0.657541,4.56603
-0.061002,-0.454776,4.65163
-0.291534,-0.339214,4.67605
0.122436,-0.302213,4.5935
-0.437994,-0.141754,4.68196
0.453992,-0.0876107,4.67376
-0.0526877,0.0268175,4.67496
-0.441135,0.103588,4.63475
-0.214735,0.200165,4.60359
0.650695,0.167986,4.64246
-0.51418,0.431558,4.58847
-0.0972956,0.421203,4.68434
0.148319,0.416823,4.69413
0.542732,0.393358,4.61287
-0.327329,0.585414,4.62844
0.362642,0.563919,4.59043
-0.16231,-0.652856,4.75245
0.0826449,-0.666193,4.74572
0.317444,-0.594288,4.74655
-0.386228,-0.548527,4.76035
-0.155189,-0.412541,4.87057
0.0917472,-0.441995,4.84524
-0.557587,-0.370605,4.76941
0.304399,-0.350279,4.7535
0.554476,-0.375098,4.77904
-0.659604,-0.139248,4.77967
-0.0664997,-0.193954,4.79158
0.17631,-0.135494,4.76676
0.657392,-0.148498,4.78842
-0.257078,-0.0209932,4.79555
0.539146,0.0690623,4.83711
-0.66406,0.10624,4.73688
-0.408699,0.169193,4.87216
-0.0663289,0.221452,4.82856
0.16578,0.125977,4.73138
-0.584997,0.330893,4.80951
-0.332495,0.367316,4.74503
0.355201,0.285683,4.73334
0.595025,0.309909,4.8415
0.443492,0.50317,4.81674
-0.21925,0.564674,4.84798
-0.0125456,0.669852,4.765
0.230592,0.628902,4.792
-0.287484,-0.606638,4.97997
-0.0460304,-0.667608,4.97519
0.201002,-0.640484,4.95992
0.433401,-0.510138,4.94839
-0.612607,-0.268204,4.98896
-0.378655,-0.331644,4.93517
0.0046864,-0.284576,5.01284
0.258277,-0.344195,4.99897
0.584999,-0.330135,5.02677
-0.20919,-0.161539,4.99196
0.427261,-0.193749,4.89429
0.617182,-0.0844149,5.02504
-0.467664,-0.0691529,4.91359
0.0240365,0.00394869,4.90725
0.309406,0.0213613,4.90279
-0.65207,0.155158,4.9744
-0.224571,0.0855902,5.01214
0.154735,0.202727,4.96145
0.652153,0.160899,5.03082
-0.235943,0.334405,4.97185
0.398971,0.240406,4.9714
-0.444865,0.501445,4.92442
-0.0107301,0.448945,4.91412
0.237334,0.423306,4.92535
0.0855849,0.665725,4.99006
0.331021,-0.583255,5.16086
-0.497612,-0.447251,5.11953
-0.145273,-0.456719,5.1093
0.0992748,-0.489887,5.1281
-0.415685,-0.176037,5.12795
0.180595,-0.117611,5.05756
0.412816,-0.194265,5.13729
-0.666934,-0.0558402,5.10407
-0.0421869,-0.0509063,5.13685
0.427277,0.0485174,5.12019
-0.452765,0.0821256,5.10353
-0.040888,0.215002,5.10319
0.167042,0.108063,5.1851
-0.566946,0.35831,5.08481
-0.352748,0.291888,5.18762
0.299208,0.321353,5.18253
-0.138612,0.424666,5.18267
0.103348,0.463157,5.13171
0.502827,0.445052,5.0611
-0.212755,0.636134,5.08334
0.306525,0.598532,5.08015
-0.321477,-0.586854,5.22737
-0.0833768,-0.666266,5.2236
0.148997,-0.651827,5.31401
-0.0567771,-0.449476,5.33732
0.510684,-0.432632,5.24165
-0.615929,-0.262866,5.23793
-0.199998,-0.24915,5.22282
0.0532899,-0.245724,5.25379
0.2729,-0.359641,5.24738
0.245552,-0.0959186,5.29269
0.634798,-0.21786,5.24296
-0.667311,-0.0476808,5.35257
-0.262217,-0.0120154,5.2359
0.669492,0.0290098,5.24055
-0.652455,0.164273,5.22057
-0.454253,0.0860119,5.34608
-0.166103,0.202104,5.31522
-0.559678,0.366142,5.33262
0.0674303,0.297031,5.30957
0.531748,0.246919,5.22391
-0.408323,0.531183,5.19647
0.419599,0.52125,5.28647
-0.223686,0.633297,5.33032
-0.00488573,0.669333,5.2194
0.207246,0.636518,5.34618
-0.283959,-0.608156,5.47387
-0.0429915,-0.671265,5.46943
0.366868,-0.556803,5.40368
-0.502009,-0.442573,5.36896
0.159015,-0.416214,5.45407
0.539611,-0.401308,5.49845
-0.619404,-0.253345,5.48509
-0.272794,-0.366798,5.42707
-0.415779,-0.158942,5.37536
-0.101343,-0.182121,5.43592
0.138611,-0.172385,5.50519
0.430461,-0.219011,5.38429
0.663157,-0.0969961,5.45621
-0.231584,0.0261611,5.4801
0.00395468,0.0295471,5.36601
0.455993,0.0287512,5.36355
-0.651205,0.171544,5.46808
0.229142,0.108388,5.42513
0.653194,0.150354,5.48013
-0.355132,0.289383,5.45193
0.304377,0.346715,5.4276
0.557617,0.373626,5.42844
-0.413117,0.5288,5.45212
-0.148253,0.423134,5.42899
0.0878343,0.445636,5.50342
-0.00851581,0.670828,5.46667
0.187597,-0.645224,5.56091
-0.514347,-0.432478,5.62005
-0.0495387,-0.455506,5.58202
0.396548,-0.539129,5.64811
0.339326,-0.295217,5.60239
-0.297735,-0.18686,5.59177
-0.667919,-0.0393164,5.60171
-0.00591588,0.00231408,5.61205
0.236513,0.00921534,5.6606
0.455202,-0.0768799,5.58555
-0.447511,0.104857,5.58467
-0.233697,0.194454,5.66362
-0.0366133,0.224948,5.51994
0.421544,0.170223,5.56363
-0.556621,0.370089,5.58141
0.182737,0.248079,5.61819
0.583692,0.32939,5.66679
0.414254,0.527692,5.55558
-0.225158,0.631711,5.57878
0.199258,0.64167,5.60113
-0.134664,-0.656819,5.70117
0.103008,-0.661727,5.79536
-0.276961,-0.45527,5.66956
0.166458,-0.442939,5.69684
0.525972,-0.413139,5.82016
-0.624845,-0.24543,5.73897
-0.333482,-0.26976,5.82368
0.626307,-0.240826,5.66941
-0.0609503,-0.229717,5.67023
0.167313,-0.205154,5.76582
0.428132,-0.184974,5.80628
-0.454219,-0.0716688,5.74451
-0.199821,-0.0341682,5.75845
0.446832,0.0636597,5.78761
0.669076,0.00667412,5.6827
-0.646028,0.181103,5.716
-0.423842,0.163093,5.8219
-0.0117932,0.227075,5.76733
0.364631,0.298273,5.76549
-0.41296,0.52945,5.70195
-0.104158,0.437843,5.67254
0.131144,0.45107,5.74697
-0.0200205,0.669282,5.71523
0.362993,0.561736,5.79525
-0.324224,-0.587973,5.87732
-0.0951051,-0.661967,5.94783
0.330583,-0.583554,5.88129
-0.516982,-0.429053,5.86838
-0.0568712,-0.445113,5.82814
0.1887,-0.389686,5.93126
-0.529133,-0.201671,5.96486
-0.108566,-0.213071,5.90547
-0.670442,-0.0259597,5.85006
-0.34276,-0.0376442,5.95912
0.027467,-0.00789667,5.85735
0.266309,-0.037365,5.91791
0.667961,-0.051835,5.92394
-0.642601,0.187221,5.97727
-0.195486,0.15742,5.91566
0.192934,0.196245,5.89882
0.644382,0.187558,5.85898
-0.552904,0.375613,5.83999
-0.28317,0.369209,5.82926
-0.412282,0.527262,5.97837
-0.0385556,0.501048,5.92716
0.197756,0.429508,5.97997
0.532519,0.410246,5.8941
-0.232033,0.629229,5.8385
0.155118,0.653764,5.89127
-0.270473,-0.614395,6.12131
0.156901,-0.650938,6.04345
-0.456222,-0.445963,6.11017
-0.23368,-0.400569,6.00578
-0.00193792,-0.46309,6.06787
0.471147,-0.47734,6.05587
0.364463,-0.25237,6.03545
0.610691,-0.276927,6.01148
-0.344074,-0.215768,6.13019
0.100968,-0.181336,6.0257
-0.672726,-0.0468703,6.09426
-0.117283,-0.0247552,6.05864
0.111779,0.0597012,6.08377
0.464517,-0.0266342,6.06517
-0.386716,0.207669,6.06053
0.424954,0.207568,5.98989
0.65753,0.125203,6.09863
-0.553872,0.37644,6.11901
-0.222102,0.39203,6.06636
-0.005286,0.273299,6.02092
0.565125,0.360438,6.13171
0.402242,0.537841,6.06099
-0.215123,0.63532,6.08612
0.0276675,0.670235,6.10253
-0.0394209,-0.670105,6.19424
0.189251,-0.642888,6.29074
-0.256427,-0.400013,6.26775
0.228409,-0.417399,6.17236
0.412423,-0.53024,6.2912
-0.613581,-0.267794,6.19515
-0.098564,-0.254064,6.14951
0.4957,-0.303493,6.23824
0.232848,-0.175,6.23151
0.6594,-0.119805,6.19922
-0.451985,0.00201642,6.17423
-0.232735,-0.0381171,6.27898
0.0128686,-0.0669073,6.26518
-0.647969,0.167605,6.2263
-0.169487,0.181515,6.18138
0.45277,0.164227,6.23379
-0.368448,0.285337,6.29425
0.239967,0.258746,6.14949
-0.394712,0.535135,6.22749
0.0639922,0.442264,6.18663
0.238804,0.624699,6.22494
-0.259377,-0.620298,6.37384
-0.0267067,-0.670855,6.4401
-0.4706,-0.477733,6.36111
0.0251502,-0.433255,6.31405
0.308398,-0.335121,6.39921
-0.448417,-0.170667,6.35156
-0.12245,-0.231563,6.38962
0.11521,-0.189951,6.45274
0.632689,-0.223645,6.42902
-0.667096,-0.0524835,6.34329
-0.438847,0.0729487,6.40375
0.235083,0.0612709,6.29867
0.443947,-0.0710739,6.30951
-0.198697,0.160609,6.42504
0.0426805,0.222643,6.30266
0.664349,0.084363,6.34267
-0.572215,0.35258,6.41648
0.588502,0.318637,6.37281
-0.147893,0.397437,6.30258
0.231153,0.393007,6.35681
0.441746,0.503674,6.3045
-0.186727,0.641491,6.33298
0.0549171,0.667576,6.38602
0.308531,-0.596651,6.5049
-0.391848,-0.544963,6.58864
-0.111617,-0.448376,6.52042
0.13321,-0.426963,6.54855
0.504783,-0.442701,6.50454
-0.583094,-0.330411,6.52799
-0.325244,-0.327654,6.4963
-0.661433,-0.101168,6.58791
-0.286104,-0.0849832,6.51798
0.447525,-0.120257,6.55153
0.00592759,0.032753,6.48564
0.226582,-0.0244792,6.60142
0.670937,-0.0187629,6.56699
-0.65687,0.13573,6.50703
0.192296,0.196264,6.49828
0.427631,0.115739,6.47535
0.624196,0.223704,6.59518
-0.388382,0.260257,6.55317
-0.0326323,0.250518,6.59773
-0.321114,0.475646,6.45837
-0.0454614,0.480822,6.51326
0.181619,0.422371,6.59562
0.483761,0.463496,6.54752
-0.210883,0.636939,6.60876
0.284732,0.607693,6.46816
-0.173686,-0.646381,6.6546
0.110941,-0.656895,6.64205
-0.522198,-0.421204,6.76222
-0.0145209,-0.466043,6.7498
0.399447,-0.538999,6.72841
-0.270549,-0.381873,6.73267
0.340007,-0.318658,6.64373
0.599351,-0.285069,6.6703
-0.434375,-0.201956,6.68139
-0.113875,-0.225553,6.63045
0.119848,-0.227848,6.69729
-0.461455,0.0418869,6.64414
-0.0117257,-0.0181928,6.72297
0.450034,0.0471337,6.73518
-0.22194,0.103588,6.66257
0.153055,0.167791,6.74032
-0.603072,0.287305,6.6983
0.365874,0.269247,6.66039
-0.460736,0.487899,6.66136
-0.229662,0.399265,6.68333
0.00111495,0.437362,6.76101
0.103025,0.661556,6.63115
0.333805,0.581708,6.71131
-0.318968,-0.589932,6.84994
-0.083223,-0.663846,6.88622
0.177065,-0.64935,6.87722
0.212217,-0.408501,6.83755
-0.395021,-0.273467,6.918
0.548977,-0.382647,6.8945
-0.641369,-0.196239,6.81942
-0.233057,-0.100243,6.80222
-0.0250523,-0.233831,6.89684
0.417982,-0.178691,6.83621
0.663658,-0.0872016,6.8046
-0.667441,0.0605172,6.77787
-0.460673,-0.0383326,6.87441
0.203635,-0.0510234,6.84511
-0.101175,0.22357,6.83624
0.405438,0.227106,6.90174
0.651936,0.159197,6.83059
-0.379876,0.238606,6.79988
0.553416,0.381038,6.77524
-0.518097,0.422459,6.89567
0.2351,0.393629,6.83439
-0.312808,0.591431,6.83399
-0.0714052,0.66752,6.81281
0.166988,0.647946,6.88514
0.383548,-0.551723,6.97397
-0.461882,-0.485901,7.02625
-0.191552,-0.409582,6.96809
0.0435826,-0.485868,7.00423
-0.605767,-0.283469,7.05006
0.326447,-0.324973,7.04255
-0.21294,-0.159941,7.04056
0.157238,-0.148323,7.06725
0.640922,-0.19076,7.02795
-0.668982,-0.0358307,7.00849
-0.0146308,0.00634795,6.96507
0.272809,0.0730612,7.04415
0.513929,0.0170468,6.97463
-0.556604,0.183105,6.96498
-0.266934,0.0864245,6.96043
-0.247239,0.384062,6.95334
0.102997,0.238337,6.96962
0.288653,0.359526,7.07511
0.614481,0.267903,7.05131
-0.394422,0.541259,7.07785
0.0101914,0.473192,7.00548
0.422943,0.519588,6.93633
-0.169857,0.64288,7.03991
-0.26027,-0.618148,7.0888
-0.0348343,-0.67055,7.17887
0.203923,-0.640264,7.12083
0.143908,-0.435321,7.23861
-0.341242,-0.319289,7.18308
-0.0314303,-0.294317,7.13775
0.545177,-0.38793,7.14436
-0.657229,-0.127693,7.23989
-0.445326,-0.103425,7.11216
0.43088,-0.13022,7.15036
-0.249195,0.0228269,7.19747
-0.00596913,-0.0275203,7.20675
0.667893,0.0611212,7.1802
-0.657168,0.137223,7.18734
-0.0978774,0.196083,7.10197
0.126682,0.187436,7.20971
0.432952,0.122869,7.22225
-0.56132,0.365175,7.1357
-0.345492,0.244384,7.13485
-0.158498,0.422113,7.18266
0.112036,0.441192,7.22873
0.495945,0.452873,7.16803
0.0484684,0.668604,7.15834
0.288016,0.604348,7.12839
0.135581,-0.654155,7.36013
-0.394834,-0.540089,7.2871
-0.157368,-0.470104,7.25936
0.388999,-0.545195,7.25686
-0.565647,-0.355897,7.2857
0.338299,-0.297372,7.30738
0.560584,-0.368064,7.39423
-0.415102,-0.148436,7.354
-0.16894,-0.184143,7.31017
0.0947613,-0.214744,7.33785
0.649551,-0.168557,7.27496
0.23792,-0.0258085,7.26919
0.455697,-0.0627033,7.38603
-0.449047,0.1035,7.31656
-0.190502,0.222085,7.32798
-0.599849,0.296009,7.37169
0.309188,0.316224,7.31687
0.611185,0.276377,7.30239
-0.383466,0.427811,7.30018
0.41903,0.523865,7.39416
-0.181168,0.643398,7.28881
0.197891,0.640895,7.35846
-0.326809,-0.584811,7.52578
-0.115047,-0.660083,7.41521
-0.519822,-0.424225,7.52156
0.195159,-0.408551,7.47868
0.408033,-0.530929,7.50442
-0.299937,-0.357148,7.42845
-0.0519411,-0.373005,7.46226
-0.636101,-0.208185,7.47461
0.335512,-0.21201,7.54018
0.646851,-0.171775,7.52443
-0.667647,0.0436322,7.42125
-0.458508,0.0358147,7.55465
-0.241205,0.0103607,7.44424
0.00903046,0.0366957,7.44063
0.24644,0.023246,7.51207
0.66628,0.0640302,7.42986
0.44273,0.170651,7.46585
-0.373506,0.261826,7.49171
0.0325601,0.297147,7.41061
0.555716,0.376405,7.54241
-0.454168,0.492814,7.53088
-0.168632,0.441744,7.43129
0.217309,0.432472,7.51283
-0.0200184,0.668728,7.47754
-0.0488832,-0.668085,7.65604
0.200642,-0.635458,7.59972
-0.20733,-0.407819,7.65431
0.053178,-0.442032,7.67772
-0.608773,-0.275549,7.71317
0.517337,-0.351629,7.63989
-0.401764,-0.203768,7.59547
-0.15412,-0.176939,7.57762
0.0910724,-0.209302,7.58536
-0.669323,-0.0403214,7.65647
0.0241321,0.00915779,7.68439
0.460055,-0.0154603,7.62987
-0.630458,0.210507,7.60358
-0.130742,0.195818,7.56682
0.136628,0.220047,7.6184
0.647316,0.172482,7.65419
-0.245949,0.39049,7.66265
0.373385,0.236316,7.69384
-0.00689754,0.442231,7.6189
0.398817,0.538623,7.64837
-0.247677,0.625005,7.57339
0.174586,0.646677,7.63245
-0.26005,-0.617677,7.77936
0.173156,-0.647288,7.84733
0.381337,-0.55231,7.7506
-0.46732,-0.479753,7.75928
0.0415999,-0.242609,7.82641
0.268396,-0.333675,7.743
-0.258792,-0.210655,7.79876
0.246382,-0.0873547,7.73674
0.459918,-0.174622,7.82564
-0.448959,-0.0500033,7.78583
-0.220218,0.0210368,7.71991
0.472138,0.0781802,7.85895
0.668202,-0.0655894,7.7494
-0.656378,0.131735,7.83851
-0.394998,0.19668,7.73148
-0.04654,0.220953,7.7974
0.177486,0.125175,7.84243
-0.537399,0.39783,7.74573
-0.0708509,0.458779,7.85892
0.196361,0.415577,7.75866
0.542119,0.392292,7.79165
-0.360281,0.566861,7.78979
-0.0564086,0.669135,7.7247
-0.0458349,-0.669369,7.96321
0.368927,-0.555845,8.00002
-0.0974421,-0.444217,7.87425
0.164857,-0.420457,7.94911
0.531621,-0.405549,7.88414
-0.571082,-0.351123,7.94654
-0.327971,-0.391175,7.94956
-0.128704,-0.237084,8.00879
0.365762,-0.28279,8.02835
-0.661299,-0.111154,7.89684
-0.422499,-0.164271,8.00398
-0.00682737,-0.0208586,7.92722
0.292841,-0.0479523,7.97827
0.669266,-0.00526186,7.99057
-0.442134,0.117486,7.96967
-0.192982,0.135781,7.97832
-0.581343,0.324595,7.97873
-0.295976,0.348401,7.90121
0.331811,0.296619,7.93097
0.626177,0.239978,7.97164
-0.42639,0.517185,8.02588
0.133528,0.432163,7.99842
0.48273,0.466876,8.02593
-0.200892,0.637014,7.96783
0.0905253,0.665423,7.92442
0.322844,0.58769,7.88118
-0.273688,-0.612126,8.04594
0.160806,-0.648996,8.10227
-0.468932,-0.478797,8.13597
-0.0199993,-0.445004,8.11139
0.50938,-0.433266,8.16651
-0.247753,-0.375273,8.18202
0.623731,-0.243464,8.04935
-0.639508,-0.196297,8.13029
0.112235,-0.198305,8.06177
0.43699,-0.0930899,8.17458
-0.663152,0.0712767,8.0803
-0.2443,-0.053054,8.13049
-0.00584411,0.000412749,8.17269
0.046559,0.202442,8.03885
0.437032,0.142878,8.09511
-0.374884,0.295172,8.13078
-0.131125,0.3707,8.08566
0.259634,0.303759,8.16914
-0.0271955,0.669378,8.14423
0.245448,0.622185,8.1151
-0.310023,-0.592559,8.2918
-0.0845868,-0.663963,8.20869
0.342893,-0.575144,8.28907
0.210104,-0.388864,8.1904
0.399233,-0.277786,8.33618
-0.413757,-0.200145,8.25083
-0.0532947,-0.232535,8.2455
0.179809,-0.166425,8.30029
0.6536,-0.152309,8.27964
-0.670371,0.0131843,8.32285
-0.451437,0.0587983,8.21245
0.233897,0.0560496,8.20343
-0.182043,0.169355,8.22457
0.0580588,0.209428,8.29218
0.411308,0.199196,8.33549
0.663044,0.089446,8.22045
-0.608437,0.275742,8.22062
0.584272,0.324809,8.2029
-0.46908,0.47791,8.27001
-0.210827,0.398942,8.32066
0.0521917,0.451512,8.23361
0.40072,0.488637,8.25996
-0.268991,0.612885,8.20548
-0.124648,-0.659007,8.45316
0.116023,-0.65547,8.35666
-0.500648,-0.443847,8.38133
-0.0276221,-0.450946,8.36028
0.202608,-0.394073,8.43702
0.479958,-0.470231,8.46987
-0.236153,-0.278375,8.408
0.615956,-0.263216,8.49879
-0.627305,-0.228381,8.37736
-0.471106,-0.0373255,8.4636
-0.238153,-0.0306842,8.37591
0.00659326,-0.0274537,8.41772
0.246594,0.0317079,8.44904
0.482798,-0.0459363,8.42708
-0.633456,0.218093,8.46087
-0.134782,0.180254,8.4679
0.649415,0.16461,8.45727
-0.398562,0.242688,8.37322
0.222215,0.382479,8.40191
0.543575,0.390277,8.43987
-0.0144773,0.425507,8.47286
-0.318379,0.585632,8.44771
-0.088325,0.661626,8.38623
0.162564,0.64828,8.34808
0.368363,0.559117,8.49658
0.056479,-0.667436,8.62446
0.282418,-0.607246,8.53624
-0.504499,-0.441278,8.64712
-0.297004,-0.492681,8.51987
-0.05898,-0.44705,8.60709
0.382505,-0.271581,8.58518
-0.631841,-0.227254,8.62682
-0.384627,-0.228107,8.59907
-0.0891971,-0.201126,8.59135
0.154238,-0.178194,8.54857
-0.669591,0.0179259,8.60444
-0.224007,0.00500274,8.62008
0.665035,-0.0398393,8.59938
-0.4402,0.207093,8.61632
0.101375,0.213666,8.53748
0.431995,0.147779,8.57653
-0.25755,0.373836,8.56562
0.289865,0.348277,8.63966
-0.500067,0.426434,8.51242
-0.135657,0.587191,8.62001
0.155677,0.650141,8.59676
-0.190349,-0.640308,8.69248
0.244163,-0.622342,8.78231
0.179395,-0.40205,8.68398
0.436852,-0.47764,8.71587
-0.262463,-0.390101,8.74392
0.626119,-0.237764,8.74651
-0.259241,-0.150237,8.81234
0.0611659,-0.202575,8.78875
-0.451151,-0.0204232,8.71882
0.0247769,0.00929058,8.66222
0.288159,-0.0229285,8.6868
-0.63961,0.161673,8.80622
-0.292563,0.150204,8.80709
-0.0770083,0.231638,8.71071
0.159644,0.184788,8.77638
0.641539,0.189137,8.70589
-0.543901,0.386569,8.75519
-0.236934,0.391749,8.81483
0.0687521,0.442623,8.7077
0.526002,0.413636,8.68744
-0.374102,0.556734,8.68853
0.0286491,0.667056,8.81018
0.34311,0.57414,8.7436
-0.227075,-0.629785,8.93803
0.0101794,-0.669042,8.86991
-0.437047,-0.507859,8.87823
-0.0422405,-0.425415,8.8552
0.195591,-0.428204,8.93049
-0.484475,-0.266747,8.82376
0.545223,-0.386734,8.92957
-0.663296,-0.0858679,8.83125
0.30688,-0.234492,8.81936
-0.466748,0.0513801,8.95682
0.00837119,0.0175753,8.91048
0.256681,0.0144452,8.92967
0.480131,-0.0561599,8.83944
-0.111945,0.230886,8.95801
0.405159,0.181458,8.8198
0.665116,0.0803046,8.93387
0.584208,0.326752,8.91384
-0.423379,0.519209,8.93038
0.0100058,0.460186,8.94988
0.245656,0.392709,8.88314
-0.212225,0.63337,8.86216
0.226263,0.630538,8.9567
0.163548,-0.648273,9.06595
-0.505916,-0.438643,9.10948
0.0116167,-0.433438,9.09886
0.389591,-0.545009,9.04357
-0.626614,-0.236576,9.02658
-0.25141,-0.387641,8.99301
-0.382625,-0.179214,9.03243
-0.0885882,-0.198899,8.98835
0.159553,-0.196339,9.01669
0.411109,-0.210401,9.04515
0.649232,-0.166156,8.98443
-0.671154,0.00101598,9.08992
-0.224072,0.0107243,8.99963
0.459186,0.0331249,9.07192
0.12762,0.2069,9.02178
-0.623348,0.241539,9.04227
-0.381775,0.282707,8.997
0.383627,0.268858,9.05051
-0.216323,0.460122,9.05594
0.20237,0.420364,9.12705
0.435998,0.508283,9.01181
-0.0731792,0.664676,9.06718
-0.315736,-0.589654,9.16721
-0.0761603,-0.664771,9.13375
0.298189,-0.587577,9.27564
-0.413496,-0.264247,9.26452
-0.187764,-0.366221,9.23306
0.259114,-0.369584,9.16276
0.609547,-0.278301,9.20373
-0.645682,-0.173046,9.26701
-0.218573,-0.119159,9.21037
0.0118079,-0.213095,9.21637
0.440794,-0.108304,9.2761
-0.440793,-0.00489693,9.20074
-0.0141051,0.0389696,9.15838
0.229091,-0.0162559,9.17564
0.670286,-0.0244128,9.18884
-0.220261,0.177982,9.18387
0.163431,0.216412,9.26709
0.422901,0.173321,9.2756
0.626695,0.221042,9.13579
-0.45961,0.242092,9.22998
-0.0295051,0.338177,9.16702
-0.459671,0.485978,9.17533
-0.24906,0.623258,9.25173
0.143818,0.653417,9.19027
0.362083,0.56169,9.26857
-0.17574,-0.656077,9.3625
0.0735541,-0.66378,9.35777
-0.451845,-0.493553,9.35323
0.0882153,-0.417143,9.33613
0.432492,-0.388331,9.34086
0.223434,-0.207435,9.34778
0.649132,-0.137251,9.4105
-0.642656,0.0688354,9.32818
-0.281735,0.0459231,9.38665
-0.020163,-0.0431286,9.39612
0.219074,0.0291764,9.42079
-0.0611795,0.201956,9.37494
0.650538,0.185875,9.3817
-0.219828,0.386332,9.32091
0.313681,0.352771,9.41045
0.0917801,0.461157,9.34652
0.546091,0.39541,9.29465
-0.425203,0.549381,9.41863
-0.0298506,0.680396,9.36494
-0.339382,-0.608629,9.54379
0.405313,-0.581294,9.50609
-0.166953,-0.432564,9.47232
0.0497041,-0.515491,9.56113
0.573184,-0.400616,9.54643
-0.616905,-0.329758,9.45894
-0.386387,-0.345468,9.5506
0.0100875,-0.2612,9.51383
0.256057,-0.382532,9.52055
-0.486601,-0.117868,9.45245
-0.220067,-0.189981,9.44841
0.428024,-0.202725,9.50671
-0.696608,0.0324302,9.58318
0.472472,0.0395114,9.47828
0.700607,0.0416807,9.57909
-0.431808,0.087418,9.58164
0.0457139,0.111002,9.5814
0.281708,0.191196,9.59767
-0.649431,0.257588,9.4905
-0.407025,0.305406,9.46416
-0.000830567,0.363092,9.55604
0.589772,0.370207,9.53904
0.415553,0.547692,9.52554
-0.192278,0.558538,9.5069
0.190422,0.646147,9.48055
0.133521,-0.738358,9.63134
-0.114021,-0.698023,9.60344
0.506378,-0.60578,9.73316
-0.578848,-0.434179,9.68276
-0.344278,-0.479883,9.7565
0.265552,-0.542486,9.71119
-0.178251,-0.283954,9.67566
0.117278,-0.341141,9.7248
0.408745,-0.338345,9.72081
-0.683255,-0.203015,9.66223
-0.387537,-0.135426,9.68546
0.000134669,-0.118486,9.7421
0.208143,-0.140822,9.60607
0.669556,-0.195877,9.65239
-0.174963,-0.0034741,9.60703
0.41941,-0.0511751,9.70498
-0.724014,0.216229,9.74984
0.51625,0.17832,9.67962
0.751363,0.21354,9.7533
-0.478175,0.255549,9.75961
-0.213211,0.242876,9.60785
-0.599317,0.444868,9.64658
-0.350583,0.445281,9.66151
-0.117402,0.492041,9.73523
0.12345,0.53238,9.69142
0.335457,0.405086,9.71299
0.542324,0.540406,9.74214
-0.282203,0.680804,9.70531
0.324662,0.690046,9.70797
-0.0412653,0.711056,9.63485
-0.264983,-0.741616,9.79733
-0.0177052,-0.739811,9.82993
0.275602,-0.758167,9.83594
-0.49585,-0.691285,9.87656
-0.695484,-0.529047,9.88234
-0.0962744,-0.506911,9.76311
0.107606,-0.535706,9.90444
0.650657,-0.407961,9.78322
-0.79362,-0.299848,9.86392
-0.549221,-0.250875,9.86539
-0.303071,-0.273307,9.89086
-0.0551151,-0.302736,9.90104
0.808374,-0.256816,9.90466
0.263818,-0.183309,9.84929
0.549518,-0.197285,9.87162
-0.802942,-0.0322632,9.7998
-0.556593,0.0202156,9.78831
-0.312545,0.0732817,9.80032
0.18857,0.0423403,9.7745
0.549945,0.0517955,9.89126
0.774312,-0.0295001,9.80658
-0.066845,0.118943,9.80434
0.342071,0.219232,9.87783
-0.249716,0.310223,9.84534
0.117158,0.282461,9.76075
0.565368,0.328844,9.87199
-0.712934,0.482968,9.86563
-0.484959,0.586554,9.8169
-0.12605,0.809046,9.85126
0.119379,0.787977,9.81081
-0.29884,-0.892,10.0129
-0.0542555,-0.93472,9.98534
0.123529,-0.767057,10.0336
0.370663,-0.750431,10.0668
-0.12078,-0.705339,10.0553
0.58393,-0.676546,9.95989
-0.889502,-0.412817,10.0643
-0.470003,-0.462395,9.96997
-0.222011,-0.491312,9.97813
0.343365,-0.45504,9.93168
0.701619,-0.464814,10.0206
0.157932,-0.319436,10.0301
-0.910661,-0.131641,10.0066
-0.666722,-0.0797318,10.0034
0.0798376,-0.0827277,9.98335
0.388678,-0.225253,10.061
0.988993,-0.160755,10.0489
-0.418691,-0.0692621,9.97497
-0.165378,-0.0717745,9.94056
0.315894,0.0060556,10.0025
0.765134,-0.0512083,10.055
-0.848515,0.151116,9.97945
-0.603036,0.191657,9.96622
-0.363497,0.166676,10.0279
-0.116966,0.148267,10.0483
0.122617,0.162737,9.98246
0.728634,0.189934,10.0004
0.95595,0.108929,10.0646
-0.451727,0.39096,9.96703
-0.0282617,0.358454,9.94826
-0.864789,0.426938,10.0559
0.198206,0.459248,9.91759
0.427707,0.481786,10.0126
0.789401,0.421306,9.92748
-0.636004,0.692083,9.98532
-0.264152,0.550533,9.92709
-0.00417388,0.605337,9.92746
0.29557,0.685983,9.95522
0.637086,0.612253,9.97919
-0.392918,0.759201,9.97223
0.493706,0.822056,10.0224
-0.0169477,0.947896,10.0281
0.229521,0.909427,10.0445
-0.436324,-1.04727,10.1523
-0.188434,-1.07493,10.1421
0.0584307,-1.11075,10.1451
-0.0287208,-0.892358,10.2299
0.256985,-0.972431,10.0827
0.547635,-0.908574,10.1448
-0.550323,-0.829849,10.1074
-0.849284,-0.652195,10.1218
-0.608894,-0.58841,10.1332
-0.365452,-0.663711,10.0875
0.222982,-0.55748,10.125
0.558467,-0.668719,10.211
0.786516,-0.681849,10.1103
-0.290248,-0.466467,10.2194
-0.0141779,-0.479752,10.1153
0.475016,-0.444138,10.1436
0.92179,-0.473034,10.1378
-0.653527,-0.331544,10.0774
-0.4091,-0.272123,10.1178
-0.15974,-0.275431,10.1257
0.629096,-0.248937,10.1229
1.10997,-0.30986,10.2087
-1.07326,-0.233833,10.1665
-0.829346,-0.229052,10.2219
0.211601,-0.111549,10.1956
-1.05497,0.0225135,10.1395
-0.808421,0.0169932,10.1857
-0.539685,0.0580311,10.1677
-0.266238,-0.0543601,10.172
-0.0206924,-0.0211905,10.2034
0.529711,-0.0177031,10.1294
1.15502,-0.0282069,10.1971
0.0621235,0.221739,10.2173
0.498392,0.226832,10.0894
-1.01571,0.266686,10.1729
-0.728491,0.253575,10.1732
-0.482153,0.298138,10.2036
-0.231265,0.367951,10.0936
0.267333,0.318481,10.1116
0.962462,0.356568,10.0953
-0.629509,0.479515,10.1162
0.0418456,0.483902,10.152
0.651942,0.418257,10.1355
-0.850564,0.669972,10.1114
-0.394733,0.561894,10.1399
0.270457,0.579995,10.1794
0.515358,0.626478,10.1963
0.844614,0.577753,10.1141
-0.169512,0.721873,10.0811
0.0757285,0.731266,10.1278
0.705414,0.782439,10.1533
-0.52575,0.89952,10.1303
-0.281959,0.944005,10.0979
0.570021,0.988783,10.1918
-0.129801,1.12041,10.1877
0.33555,1.07405,10.1994
0.11029,1.17984,10.2225
-0.152636,-1.49451,10.3743
-0.677876,-1.41036,10.382
-0.428986,-1.43135,10.3712
0.280606,-1.48303,10.3687
-0.573037,-1.19889,10.3002
-0.323919,-1.21753,10.2962
-0.0794092,-1.26736,10.2989
0.190123,-1.26288,10.2929
0.474918,-1.32525,10.3487
0.907836,-1.17969,10.3666
-0.827879,-1.16318,10.3423
-0.166461,-1.03104,10.3866
0.429722,-1.09667,10.2586
0.672361,-1.11574,10.3139
-1.07115,-1.01319,10.3598
-0.683084,-0.978912,10.2567
0.203457,-1.01553,10.3243
0.689429,-0.868631,10.3465
0.925985,-0.929951,10.2939
1.19271,-0.965212,10.3745
-0.980481,-0.795195,10.2787
-0.734185,-0.743833,10.3234
-0.269988,-0.833138,10.2537
0.185128,-0.771766,10.2747
0.415319,-0.838941,10.3444
1.28022,-0.729777,10.3594
-1.19913,-0.683494,10.3266
-0.475917,-0.703503,10.31
-0.101957,-0.650104,10.2978
0.35231,-0.597419,10.335
0.844734,-0.673109,10.3529
1.07415,-0.620619,10.2694
-1.39957,-0.534976,10.3733
-1.02134,-0.522021,10.2472
-0.772029,-0.46674,10.2778
-0.527838,-0.410103,10.2884
0.0965889,-0.50365,10.3377
0.71044,-0.479325,10.2702
0.965998,-0.423803,10.3784
1.27256,-0.472945,10.3059
-1.28298,-0.320335,10.3206
-0.992861,-0.318139,10.3881
-0.359101,-0.236608,10.359
0.036359,-0.268148,10.2799
0.2713,-0.347679,10.2508
0.851804,-0.25448,10.2351
1.39232,-0.257606,10.3475
-1.46518,-0.151585,10.36
-1.24703,-0.08034,10.2614
-0.589197,-0.169969,10.2571
0.451431,-0.182526,10.299
0.682393,-0.088655,10.3135
-0.970356,-0.0713456,10.3548
-0.65932,0.0322703,10.3855
-0.404369,0.00870849,10.3715
0.142479,0.0488773,10.3787
0.918635,-0.0175722,10.2762
1.37556,-0.00822245,10.34
-1.45019,0.0976295,10.349
-1.22418,0.168291,10.2689
-0.893626,0.166828,10.3664
-0.264112,0.18092,10.2558
0.336777,0.102045,10.2325
0.58176,0.146132,10.3107
0.808871,0.21793,10.2352
1.05528,0.191285,10.2783
1.30011,0.228522,10.3125
-0.112594,0.372128,10.3134
0.671564,0.369273,10.3792
1.52992,0.293754,10.3875
-1.30331,0.446402,10.3369
-1.03568,0.514479,10.2406
-0.794524,0.495809,10.3025
-0.534689,0.496264,10.346
0.19118,0.401022,10.3344
0.442237,0.399519,10.2702
0.917087,0.449721,10.3223
1.15246,0.418521,10.2449
1.36397,0.49812,10.3516
-1.21978,0.682398,10.3337
-0.630016,0.698655,10.2351
-0.0869258,0.637422,10.301
0.148171,0.694581,10.3641
0.724809,0.608561,10.3312
1.16877,0.65279,10.3303
-0.995102,0.780558,10.2823
-0.348336,0.772107,10.2663
0.352214,0.810404,10.2382
0.569448,0.805631,10.3617
0.943782,0.744515,10.2714
-1.15956,0.949433,10.3652
-0.747498,0.918284,10.2503
-0.527312,0.905067,10.3792
-0.303128,1.00725,10.3384
-0.101541,0.882943,10.2591
0.141046,0.937948,10.2765
1.02412,0.968542,10.3512
-0.935225,1.05666,10.3402
-0.545061,1.13953,10.2945
0.791917,1.03974,10.294
-0.746801,1.27616,10.3528
-0.323114,1.25444,10.3096
-0.0694293,1.32895,10.3114
0.383862,1.28147,10.3293
0.659282,1.24476,10.345
0.911477,1.24191,10.3795
-0.537031,1.42508,10.3734
0.150681,1.45368,10.3552
-0.0703572,1.56679,10.3884
-0.835821,-1.83775,10.5452
-0.585943,-1.85891,10.534
-0.253488,-1.81661,10.4944
-0.00743552,-1.85994,10.4918
0.23352,-1.93789,10.5321
-0.448204,-1.6659,10.4551
0.314081,-1.71935,10.4421
0.54263,-1.79583,10.5084
0.960333,-1.65396,10.5272
-0.94483,-1.62119,10.4848
-0.696735,-1.64478,10.4665
0.0818478,-1.63334,10.4071
0.489985,-1.5242,10.4989
0.71836,-1.62172,10.4735
-1.14403,-1.47061,10.4937
-0.923091,-1.38089,10.4194
0.0611787,-1.39092,10.464
0.721328,-1.34846,10.3902
0.954775,-1.41744,10.4461
1.1983,-1.44822,10.4921
-1.45968,-1.19692,10.5046
-1.21587,-1.20593,10.4441
-0.453031,-1.2297,10.5169
-0.203655,-1.24273,10.5142
0.296224,-1.28303,10.5181
1.15049,-1.21585,10.4143
1.51547,-1.30854,10.5392
-0.986422,-1.16876,10.5355
-0.632608,-1.04917,10.4912
0.0443195,-1.13786,10.4727
0.495687,-1.11347,10.4989
0.737962,-1.03663,10.5412
1.38829,-1.10954,10.4583
-1.58327,-0.980815,10.4809
-1.31355,-0.975795,10.4079
-0.848028,-0.933617,10.4392
-0.412391,-0.984471,10.3924
0.0455384,-0.886851,10.4682
0.282396,-0.910421,10.5433
1.00426,-1.0178,10.5303
1.37379,-0.874371,10.5404
1.62033,-0.870724,10.5009
-1.77583,-0.830046,10.5308
-1.46012,-0.773713,10.4158
-0.432282,-0.784868,10.5419
-0.188936,-0.803912,10.4881
1.04406,-0.782195,10.4572
-1.64983,-0.615596,10.4544
-1.02037,-0.688989,10.5008
-0.622787,-0.56599,10.4585
-0.297711,-0.58476,10.4389
-0.0542588,-0.564643,10.5275
0.171666,-0.674042,10.504
0.614423,-0.655208,10.4539
1.14046,-0.55528,10.5008
1.47778,-0.580689,10.3991
1.70857,-0.608171,10.4908
-1.84049,-0.444686,10.4953
-1.16351,-0.481672,10.4694
-0.862973,-0.495369,10.5082
-0.445479,-0.402502,10.5243
0.274777,-0.417892,10.4904
0.504183,-0.408313,10.3914
0.801882,-0.515843,10.5422
-1.61372,-0.370467,10.4221
-1.40472,-0.309446,10.5438
-0.153901,-0.370913,10.405
0.0515296,-0.315567,10.5353
0.721897,-0.29839,10.4438
1.16905,-0.298126,10.4513
1.81244,-0.36132,10.4936
-1.95631,-0.226601,10.5316
-1.73153,-0.151108,10.4493
-1.17626,-0.212107,10.5195
-0.787341,-0.199719,10.4664
-0.544533,-0.155007,10.5045
-0.152918,-0.101936,10.399
0.233292,-0.176864,10.435
0.452393,-0.219147,10.5461
0.945202,-0.187569,10.4571
1.62561,-0.205172,10.4195
1.84922,-0.11333,10.4888
-2.00206,0.0187178,10.5441
-1.16648,0.0323917,10.47
0.412983,0.00962615,10.4535
1.15287,-0.0487588,10.446
1.66252,0.0414564,10.4286
-1.6834,0.14285,10.4267
-0.086107,0.137499,10.4246
0.801778,0.106371,10.4585
1.03739,0.15819,10.5252
1.45343,0.1144,10.5431
1.98299,0.165142,10.5381
-1.83759,0.330195,10.4883
-1.51951,0.333817,10.3921
-1.30762,0.245922,10.4913
-1.09061,0.332013,10.4019
-0.867409,0.371962,10.5067
-0.644891,0.280667,10.407
-0.38922,0.301317,10.4352
0.0994135,0.270235,10.5263
0.353975,0.252067,10.4513
0.861654,0.335445,10.5374
1.33395,0.333362,10.537
1.76527,0.265937,10.4673
-1.65,0.538255,10.4518
-0.291561,0.527403,10.3925
0.0178961,0.502379,10.4828
0.499105,0.438883,10.5458
1.09806,0.3976,10.4873
1.69447,0.50487,10.4514
1.92524,0.448769,10.5291
-1.02021,0.615721,10.4685
-0.472844,0.689095,10.4912
0.377725,0.60416,10.4035
0.938556,0.630338,10.4937
1.85338,0.687752,10.5124
-1.8073,0.717976,10.5249
-1.48044,0.718589,10.4208
-0.795968,0.715868,10.4207
-0.202616,0.791311,10.4683
0.800058,0.844596,10.4495
1.12617,0.812992,10.5174
1.38166,0.760609,10.4046
1.62321,0.774696,10.4688
-1.6358,0.900276,10.4937
-1.40159,0.955995,10.4265
-0.964567,0.87656,10.5108
0.0317298,0.873996,10.4923
0.286277,0.875479,10.47
1.26343,0.996164,10.4176
-1.66967,1.14357,10.541
-0.713158,1.05222,10.4582
-0.0287756,1.10337,10.4151
0.228525,1.11555,10.4328
0.471008,1.06016,10.4094
0.752752,1.10736,10.5314
1.59651,1.02132,10.5081
-1.42985,1.19511,10.4933
-1.10692,1.21828,10.4231
-0.475388,1.23002,10.5168
-0.196375,1.25523,10.5245
0.0472119,1.31059,10.5317
1.15708,1.22292,10.4326
1.39904,1.19363,10.4896
-1.22761,1.41982,10.5087
-0.942884,1.41004,10.4341
-0.296549,1.47021,10.4328
0.327522,1.42079,10.5288
0.542875,1.46207,10.3955
0.790162,1.4545,10.4307
1.24839,1.45368,10.5005
-0.664027,1.62984,10.4401
0.370048,1.647,10.4301
0.973646,1.6262,10.5154
-0.864445,1.75077,10.5278
-0.420946,1.68648,10.4466
0.140518,1.74522,10.438
0.662935,1.66403,10.4801
-0.627431,1.85688,10.538
-0.252867,1.85979,10.5104
0.0197435,1.94895,10.5333
0.339318,1.88345,10.5068
-0.458815,-2.20719,10.6969
0.16821,-2.25787,10.6963
-1.04407,-1.96131,10.6747
-0.668218,-2.06634,10.6474
-0.307281,-2.04685,10.58
0.0188544,-2.08424,10.5981
0.462364,-2.02095,10.6036
0.75645,-1.90128,10.5848
1.06138,-1.9429,10.6533
-1.13892,-1.74955,10.5764
-0.40792,-1.69886,10.6995
0.134443,-1.75211,10.6667
0.402705,-1.67577,10.6774
1.19376,-1.71318,10.5946
-1.40571,-1.63917,10.6325
-0.794592,-1.4907,10.6366
-0.302082,-1.50207,10.5744
-0.0961591,-1.64365,10.5818
0.217,-1.52425,10.6067
1.39538,-1.56534,10.5914
1.62122,-1.4929,10.6703
-1.6012,-1.40765,10.6226
-1.35201,-1.39605,10.6103
-1.00887,-1.37042,10.6812
-0.550385,-1.4789,10.5852
-0.0886903,-1.40737,10.6631
0.784921,-1.47902,10.6679
1.32848,-1.34438,10.7012
-0.753782,-1.25561,10.5624
0.611458,-1.30496,10.6101
0.854862,-1.24869,10.6006
1.08121,-1.32251,10.6751
-1.89223,-1.02737,10.6323
-1.69264,-1.17516,10.593
-1.29036,-1.08115,10.6473
-0.818432,-1.03675,10.6648
-0.154337,-1.0281,10.6359
0.0912842,-1.05034,10.7019
0.334774,-1.10577,10.6901
1.2109,-1.11274,10.6338
1.49585,-1.05557,10.6773
1.70563,-1.15195,10.5805
1.94827,-1.09069,10.6599
-1.14016,-0.897125,10.5698
-0.619685,-0.881387,10.6757
-0.404501,-1.01622,10.6399
0.548296,-0.874841,10.5528
1.15598,-0.869651,10.6625
-2.14735,-0.731869,10.7037
-0.782421,-0.725438,10.5678
-0.012097,-0.822459,10.7023
0.793866,-0.79469,10.5648
1.69234,-0.737529,10.7038
1.88154,-0.858764,10.5943
-1.95138,-0.656433,10.5679
-1.74371,-0.577001,10.6833
-1.27775,-0.688693,10.5636
-1.1083,-0.564416,10.6986
-0.370499,-0.584626,10.6779
0.402455,-0.613408,10.5794
0.65493,-0.639369,10.7023
0.974835,-0.65186,10.6604
1.30093,-0.665919,10.6572
1.9593,-0.579968,10.5825
2.18097,-0.563379,10.6971
-2.08334,-0.451285,10.6224
-1.47214,-0.539825,10.6127
-0.204931,-0.399815,10.6478
0.59147,-0.410411,10.6255
1.3296,-0.423321,10.5961
1.57527,-0.407657,10.5561
1.76133,-0.487768,10.7037
-1.64123,-0.348698,10.6694
-0.990452,-0.326597,10.641
-0.675965,-0.367959,10.6137
0.997881,-0.369504,10.6201
2.04523,-0.332454,10.5795
-2.16921,-0.219159,10.662
-0.7128,-0.08411,10.675
-0.294874,-0.173472,10.5918
0.210536,-0.188345,10.6834
0.783946,-0.228879,10.6757
1.15323,-0.169224,10.6648
1.38771,-0.12604,10.5598
1.64917,-0.110366,10.6493
2.08236,-0.0839144,10.574
-1.77319,0.0480604,10.6397
-1.54721,-0.0210592,10.557
-1.31751,-0.0527961,10.6499
-0.952215,-0.0706977,10.6038
-0.463922,-0.0176061,10.697
0.0264804,-0.0643153,10.5685
0.23014,0.075053,10.6111
0.463794,0.0486434,10.6953
0.643297,-0.0588029,10.5584
0.93982,-0.0329758,10.6531
1.23329,0.0682179,10.6517
-1.96424,0.226737,10.6774
-1.01428,0.18858,10.5916
-0.769438,0.140594,10.5815
-0.53207,0.209518,10.6183
-0.289872,0.113645,10.567
-0.0648248,0.148457,10.6729
0.593415,0.207507,10.5526
0.790638,0.161404,10.7019
1.67277,0.137815,10.6605
2.19698,0.130784,10.6639
-2.21113,0.277621,10.6644
-1.62558,0.298137,10.6156
-0.172584,0.339808,10.5536
0.374356,0.285184,10.6978
1.56832,0.362778,10.625
2.13208,0.373364,10.6472
-2.04288,0.443771,10.5743
-1.79414,0.507303,10.659
-1.40902,0.397829,10.6901
-1.11955,0.445292,10.6226
-0.653028,0.485835,10.5658
-0.40707,0.479127,10.6095
0.251466,0.464783,10.5684
0.987001,0.484659,10.6932
1.75236,0.536782,10.6923
-1.31593,0.580556,10.5479
-0.845791,0.622572,10.6472
-0.181098,0.585661,10.6089
0.134246,0.68096,10.6131
0.670425,0.666582,10.5678
1.23263,0.592678,10.566
1.48194,0.586716,10.5535
2.07006,0.640597,10.6274
-2.01231,0.709362,10.6673
-1.42629,0.777917,10.6573
-1.1966,0.79935,10.5611
-0.650864,0.837161,10.5851
-0.336641,0.781973,10.6786
-0.0720126,0.789535,10.7035
0.433089,0.731081,10.6115
-1.86328,0.949943,10.6045
-1.52448,1.00635,10.6909
-0.396456,0.999006,10.5699
-0.150307,1.00807,10.6111
0.590855,0.923538,10.5809
0.92944,0.866135,10.6618
1.39579,0.917123,10.614
1.82179,0.930054,10.5665
2.04862,0.89776,10.6856
-1.15956,1.04501,10.5961
-0.916861,1.10815,10.5917
0.0920755,1.06872,10.6368
0.371927,1.08885,10.6368
0.998776,1.08727,10.5696
1.22492,1.17072,10.6673
-1.75506,1.31751,10.6988
-1.27844,1.24815,10.6845
-1.04208,1.31781,10.6436
-0.676417,1.19066,10.6629
0.52384,1.26859,10.5527
0.78279,1.32763,10.6456
1.70253,1.223,10.6107
-1.54048,1.39501,10.5942
-0.712245,1.41474,10.5578
-0.120958,1.47533,10.6159
1.0129,1.38326,10.5589
1.52012,1.39231,10.5808
-1.60887,1.61254,10.6965
-1.36427,1.60775,10.6197
-0.99963,1.56357,10.6229
-0.483378,1.50332,10.6045
0.119398,1.54554,10.587
0.530264,1.52329,10.6382
0.790302,1.58302,10.6794
1.4783,1.62905,10.6571
-1.09584,1.79439,10.6105
-0.676179,1.66366,10.6881
-0.291003,1.65391,10.6574
-0.0602171,1.71859,10.5866
0.30429,1.69539,10.6672
0.539214,1.78167,10.6624
1.24567,1.69186,10.5881
0.816391,1.82633,10.5916
1.06132,1.8636,10.6211
-0.903334,1.99482,10.6938
-0.654387,2.08097,10.648
-0.411476,2.02896,10.6036
-0.169066,2.08786,10.6176
0.2155,2.08751,10.6042
0.604522,2.01724,10.609
0.84342,2.06423,10.6626
0.0415926,2.23846,10.7006
0.401058,2.22645,10.7018
0.103195,-2.43857,10.857
-0.556719,-2.40492,10.8285
-0.222642,-2.38141,10.8156
0.386662,-2.13603,10.8228
-0.16048,-2.10207,10.7752
0.1883,-1.98522,10.7733
0.717491,-2.1164,10.7222
-0.821953,-1.91834,10.7812
-0.469925,-1.9427,10.7386
-0.132872,-1.86215,10.7075
-1.63608,-1.67509,10.732
-1.27551,-1.79657,10.7803
-0.943889,-1.6972,10.7232
-0.690947,-1.71219,10.7068
0.657707,-1.7038,10.712
0.902593,-1.77214,10.7423
1.22862,-1.8004,10.828
1.51001,-1.73128,10.7395
-1.18109,-1.54512,10.7292
-0.577792,-1.52249,10.8296
-0.220279,-1.56883,10.8013
0.0539298,-1.5583,10.8023
1.06047,-1.5627,10.7414
1.77057,-1.60443,10.8384
0.403139,-1.39633,10.7134
-1.83226,-1.20187,10.8005
-1.4994,-1.2186,10.7501
-1.21718,-1.27728,10.7838
-0.815946,-1.24715,10.8043
-0.572612,-1.27901,10.7331
-0.325341,-1.23877,10.7324
-0.0872093,-1.20091,10.8037
0.131539,-1.29742,10.7054
0.769057,-1.18327,10.8256
1.60295,-1.25424,10.7863
1.84412,-1.31586,10.7083
2.07782,-1.25314,10.8042
-1.06137,-1.0561,10.7457
-0.64549,-1.06577,10.8427
0.576183,-1.05533,10.7305
-1.72797,-0.871925,10.7721
-1.50335,-0.970645,10.7176
0.405477,-0.874792,10.7575
0.923319,-0.913763,10.7425
1.2321,-1.00488,10.8583
1.72693,-0.978583,10.76
2.13154,-0.895198,10.7195
-1.52116,-0.727089,10.7707
-1.29281,-0.842638,10.76
-0.967488,-0.79681,10.7199
-0.757137,-0.76977,10.8519
-0.478149,-0.755846,10.8394
-0.266437,-0.823132,10.7248
1.4992,-0.848726,10.8177
-1.9266,-0.695557,10.8169
-1.31164,-0.605721,10.8378
-0.863227,-0.569347,10.7468
-0.618395,-0.597645,10.7061
-0.135648,-0.612859,10.7587
0.224512,-0.702786,10.7462
0.44077,-0.606998,10.8266
1.51253,-0.562883,10.7413
1.96774,-0.704408,10.8102
-1.52793,-0.480484,10.849
0.100996,-0.489004,10.7081
0.359689,-0.394103,10.7239
0.837293,-0.467779,10.7849
1.16072,-0.487019,10.7688
-1.87955,-0.369409,10.7413
-1.23273,-0.348841,10.7209
-0.813146,-0.320873,10.817
-0.481236,-0.264601,10.731
0.979554,-0.23719,10.8313
1.36252,-0.251198,10.7743
1.60434,-0.312951,10.7881
1.85208,-0.243111,10.71
2.08135,-0.278217,10.8219
-1.93394,-0.110644,10.7517
-1.68007,-0.131419,10.7864
-1.44865,-0.225037,10.7748
-1.00703,-0.163287,10.8294
-0.0541134,-0.224411,10.7424
0.472006,-0.181574,10.7922
2.2726,-0.0923363,10.7484
-2.16854,0.0224733,10.731
-1.17354,0.0226901,10.8397
-0.22555,-0.0150141,10.7719
0.0899476,-0.00353261,10.8024
0.672742,-0.0332703,10.8052
1.45459,-0.0161769,10.7747
1.8882,0.00680005,10.7065
-1.69804,0.190317,10.8327
-1.45097,0.148737,10.713
-0.914607,0.0847559,10.7959
-0.667821,0.122147,10.8091
-0.349544,0.21066,10.7892
0.584519,0.233952,10.8229
1.00672,0.136394,10.8249
1.40053,0.227181,10.759
2.05522,0.233562,10.8424
-1.2187,0.239886,10.7252
-0.773517,0.337212,10.7356
-0.536009,0.381178,10.7998
-0.163115,0.379473,10.8001
0.141486,0.242542,10.7773
1.1566,0.300007,10.7098
1.84891,0.304856,10.7192
-2.04956,0.411471,10.8226
-1.2257,0.454006,10.8529
-0.966389,0.473209,10.818
0.0572766,0.472482,10.7276
0.7487,0.416702,10.7447
1.36309,0.473162,10.7421
1.96754,0.517194,10.8213
-2.21293,0.567972,10.7109
-1.56855,0.586391,10.7321
-1.27081,0.699193,10.8364
-0.732282,0.550381,10.8592
-0.546475,0.652119,10.7268
-0.314976,0.577173,10.82
0.301251,0.605493,10.7826
0.546078,0.562443,10.7578
0.825917,0.662458,10.7631
1.08822,0.70201,10.7619
1.55352,0.613209,10.823
2.2734,0.685846,10.7695
-1.68223,0.809746,10.7222
-1.07946,0.8483,10.7761
0.577002,0.80665,10.8013
1.33755,0.72106,10.7573
1.60879,0.8302,10.7118
1.84616,0.760997,10.7508
-2.04174,0.922242,10.7997
-1.30081,0.962391,10.7932
-0.842929,0.911021,10.7263
-0.513308,0.927774,10.7786
-0.0423546,0.999561,10.8363
0.263037,0.879447,10.7187
0.76862,0.965359,10.8247
1.17414,0.93448,10.7305
1.46547,0.987535,10.8431
-1.80752,1.07419,10.8428
-1.11083,1.12855,10.8265
-0.312381,1.1717,10.7295
0.603759,1.13621,10.7484
1.01069,1.10154,10.8188
1.7434,1.03826,10.7773
1.97764,1.13383,10.7652
-1.98052,1.2946,10.8043
-1.47141,1.21662,10.8429
-0.880605,1.22472,10.8099
-0.502125,1.3264,10.7797
-0.0693427,1.23045,10.7381
0.218242,1.27202,10.7092
0.449541,1.32996,10.7833
1.13018,1.32007,10.844
1.51937,1.24813,10.7845
-1.44046,1.47255,10.8158
-1.19856,1.47782,10.7541
-0.822065,1.47265,10.7745
-0.286123,1.44997,10.8019
0.667399,1.43763,10.8411
1.32733,1.43212,10.7367
1.75919,1.44887,10.7612
-0.00506474,1.59928,10.7995
0.237255,1.50057,10.8083
-1.17701,1.72092,10.8346
-0.901615,1.7546,10.7782
0.908321,1.73776,10.8362
1.16594,1.76638,10.8261
-0.696557,1.89227,10.8122
-0.471905,1.81112,10.735
-0.184686,1.86059,10.7506
0.106397,1.83143,10.7361
0.715243,1.90517,10.8112
-1.23848,1.96177,10.7342
-0.35949,2.01154,10.847
0.390537,1.96782,10.7382
-0.769887,2.26665,10.766
-0.303508,2.26888,10.7249
0.771949,2.21921,10.8474
0.288667,2.43285,10.829
0.564154,-2.33983,10.8691
-0.0512249,-2.24759,10.9496
0.774662,-1.97156,10.9369
-0.287954,-1.93213,10.9121
-0.801888,-1.71171,10.9305
-0.549142,-1.77918,10.9103
-0.0809734,-1.74769,10.9235
0.273158,-1.75972,10.8746
0.956386,-1.75635,11.0156
-1.11302,-1.52328,10.9746
0.540426,-1.52519,10.8777
0.798664,-1.59629,10.8882
-0.888574,-1.48547,10.8681
0.0331668,-1.36083,10.9546
-1.36966,-1.18798,10.9613
-1.02505,-1.25102,10.9413
-0.455558,-1.2562,10.9558
0.291778,-1.26285,10.8939
0.541227,-1.27061,10.8798
0.936379,-1.31312,10.9584
1.18115,-1.30419,10.9032
-1.62794,-1.07452,10.9088
0.0809826,-1.116,10.9683
0.425565,-1.05427,10.9303
-0.376841,-0.980435,10.8857
-0.123242,-0.964479,10.8756
0.19182,-0.909576,10.8822
0.802283,-0.971367,10.9535
2.09697,-0.872892,11.0054
-0.215991,-0.743073,10.9562
0.376963,-0.782864,10.9919
0.621061,-0.820543,10.8711
0.845197,-0.710679,10.8655
1.09366,-0.734501,10.8639
-1.70507,-0.682905,10.9342
-1.02641,-0.654537,10.9167
0.0324439,-0.705681,10.9188
1.3341,-0.686347,10.9113
1.71415,-0.599128,10.9221
-1.03978,-0.405961,10.8791
-0.692315,-0.510411,10.9279
-0.309671,-0.509991,10.9085
-0.0782409,-0.416009,10.901
0.216958,-0.536512,10.9326
0.602807,-0.421072,10.8749
1.33859,-0.438037,10.9385
-0.49879,-0.355602,10.9631
-0.270073,-0.25498,10.8642
0.143062,-0.30055,10.8961
0.382956,-0.338673,10.9664
0.827588,-0.341486,11.0002
1.17654,-0.255098,10.9912
-0.783276,-0.0917842,10.9146
-0.533863,-0.108407,10.9191
-0.0810662,-0.100027,10.9575
0.291528,-0.106467,10.9479
0.623793,-0.196269,10.9902
1.74088,-0.0996587,10.8828
-1.41445,-0.0114291,10.9012
-0.285844,0.0638571,11.0012
0.87832,-0.0400663,10.947
1.18245,-0.0345286,10.8737
-1.92494,0.102972,10.8911
-0.502747,0.186969,10.9852
-0.0775572,0.176372,10.9208
0.334695,0.133225,10.8919
1.37327,0.113365,10.9796
1.62009,0.125601,10.9044
2.40949,0.0786393,10.9627
-1.36676,0.242272,10.9289
-1.05671,0.260067,10.9145
-0.722443,0.305928,10.9782
-0.345699,0.381126,10.9719
0.813782,0.256698,10.9317
1.07463,0.351207,10.9402
1.61073,0.376064,10.8783
0.14191,0.524022,10.957
0.38059,0.408887,10.9149
0.624767,0.439129,10.9605
0.873122,0.499042,10.9462
-1.76809,0.637783,10.8814
-0.924573,0.702827,10.9074
-0.512518,0.607505,10.9703
-0.0890364,0.612531,10.9206
0.457772,0.66405,10.9684
1.21436,0.55911,10.9238
-0.693031,0.79517,10.8905
-0.233206,0.848853,10.8958
0.109198,0.756837,10.8725
0.734111,0.738235,10.9829
0.962857,0.844461,10.925
-0.939307,0.988855,10.9432
0.429152,0.998562,10.8626
1.6752,0.898971,10.9775
-0.704414,1.05852,10.8731
-0.388895,1.0298,10.9699
0.192611,1.07927,10.866
-0.691667,1.32067,10.9425
-0.289318,1.25879,10.9626
0.535341,1.20313,10.9809
0.800125,1.22706,10.8736
-1.01963,1.42366,10.9196
0.0476284,1.3717,10.9077
-0.611297,1.55483,10.9036
0.488883,1.66661,10.8798
-1.00777,1.93539,10.9235
-0.984868,2.17751,10.862
-0.56241,2.36149,10.8683
0.653702,-0.798684,11.1178
-0.77093,-0.686535,11.0871
-0.525111,-0.558229,11.1074
0.722584,-0.572866,11.0344
0.966534,-0.543551,11.0934
-0.725695,-0.294334,11.0496
-0.200543,-0.319858,11.0965
-1.61825,0.0543945,11.0327
-1.00419,0.0346943,11.0238
-0.653829,0.0214691,11.0959
0.111399,0.0353309,11.0483
0.646169,0.0924173,11.0195
0.123798,0.283722,11.0232
-0.0359656,0.857846,11.049
1.12023,1.37675,11.0895
1.15972,-2.60978,11.8017
-0.456747,-2.54338,11.8052
-0.165798,-2.55909,11.7982
1.61669,-2.32348,11.7648
0.782077,-1.62984,11.801
1.58248,-1.24536,11.7716
-2.23771,-1.16967,11.7614
0.189863,-0.97618,11.7947
-0.16711,-0.61776,11.7756
-1.69968,-0.529225,11.7786
-0.508384,-0.414275,11.7595
1.26159,-0.462108,11.8028
2.20263,-0.471396,11.7496
-2.86631,-0.0222907,11.8034
1.66181,0.0748053,11.7501
-1.64038,0.103724,11.7679
-1.94345,0.413238,11.7671
1.84819,0.522125,11.8047
-0.0695564,0.965151,11.7715
0.460217,0.864125,11.7968
-2.43819,1.35427,11.7686
-0.81922,1.37784,11.7728
-1.40966,1.78267,11.772
-0.576072,1.95153,11.7993
-1.46425,2.41669,11.7695
0.548842,2.39206,11.7867
0.861225,2.6009,11.7717
0.0851288,2.75905,11.766
-1.13254,-2.59121,11.8612
0.0658959,-2.48732,11.96
0.451094,-2.46412,11.8716
-1.62694,-1.89972,11.8207
0.57858,-1.8094,11.871
0.0513063,-1.69481,11.8176
-1.45127,-1.53415,11.878
-0.954697,-1.59378,11.831
0.526474,-1.5495,11.9124
1.73419,-1.5038,11.9324
-1.21492,-1.12039,11.9326
2.01659,-1.16572,11.9621
-1.48194,-0.940106,11.939
-0.568743,-0.870497,11.9
0.422271,-0.895123,11.9569
-2.3762,-0.771259,11.847
0.903508,-0.745911,11.8564
2.5414,-0.718778,11.8737
-1.20275,-0.575615,11.946
1.69569,-0.590265,11.8291
-1.43407,-0.411761,11.8874
0.447644,-0.452823,11.8278
-1.08278,-0.330009,11.8937
0.901047,-0.104031,11.898
0.405913,0.183355,11.9481
-1.57932,0.387546,11.8686
2.2298,0.322582,11.9417
-2.49144,0.445029,11.9261
0.0785762,0.629587,11.8539
2.73783,0.672791,11.9225
-2.33541,0.804882,11.9513
-0.899583,0.713846,11.9266
0.954649,0.777736,11.8251
-0.282308,1.24326,11.8962
0.0846812,1.23719,11.8081
1.27919,1.31431,11.9205
2.53224,1.31359,11.8929
-1.37934,1.39534,11.8657
-2.25754,1.5542,11.8815
0.66874,1.51564,11.8427
1.1821,1.61061,11.8902
1.64155,1.61239,11.8195
-1.02304,1.75126,11.8764
0.287844,1.80195,11.818
1.41452,1.89406,11.836
-0.114835,1.96796,11.9096
0.902242,1.9876,11.9613
-0.67816,2.16966,11.8807
0.341082,2.56093,11.8977
-1.07689,2.63053,11.8063
-0.448573,2.83081,11.8398
-0.715216,-2.63546,12.0344
-0.504571,-2.3181,12.0066
0.643521,-2.33452,12.024
-1.00721,-2.13103,11.9824
0.0180753,-2.2092,12.1015
0.305809,-2.27133,12.0265
1.0066,-2.15779,12.1089
1.5985,-2.01287,11.9766
-0.172536,-1.8208,11.9908
1.20795,-1.93682,12.0927
-2.15563,-1.6748,11.9804
-0.324597,-1.50628,12.0649
1.92767,-1.64409,12.0421
-2.43335,-1.37134,12.0821
-1.92606,-1.34278,12.0945
1.39469,-1.42489,12.0687
-1.66903,-1.32815,12.0196
0.297657,-1.27568,11.9667
1.11089,-1.24818,12.0571
2.56314,-1.25426,11.9818
-1.66506,-0.726608,12.0736
0.725374,-0.632357,12.1108
2.41718,-0.434224,12.1207
-2.6025,-0.254673,11.981
2.05342,-0.162198,12.0943
2.40578,-0.13865,11.9749
0.683639,-0.0765248,12.0476
1.32231,-0.00298232,12.0617
2.5418,0.0744793,12.0107
-0.999222,0.0801953,12.0447
1.52759,0.279048,12.0996
0.460199,0.572843,12.0101
1.86284,0.686013,12.0376
2.2009,0.579991,12.0811
-2.55568,0.758493,12.1175
0.0500268,0.800256,12.0758
0.717247,0.762766,12.0269
1.35912,0.767772,12.0954
0.863626,0.968387,11.9666
-2.3311,1.15153,11.9773
1.85038,1.31469,12.0842
0.478814,1.42749,12.0623
-1.47535,1.74844,12.1178
-0.13841,1.73665,12.0981
-1.08014,2.02832,12.0946
-0.1812,2.56595,12.0683
-0.199714,-2.60116,12.2365
0.106939,-2.67151,12.1266
-1.08684,-2.45445,12.1337
0.688135,-2.5162,12.2284
1.04049,-2.56441,12.1398
-1.58626,-2.33485,12.2401
1.27969,-2.21668,12.23
-0.849766,-2.01713,12.1511
0.417924,-1.95858,12.1578
1.35825,-1.83219,12.2758
-1.0793,-1.75189,12.1244
2.08617,-1.78651,12.2112
1.46146,-1.22102,12.2612
2.21758,-1.20817,12.2315
-0.89826,-1.05003,12.193
-0.0496877,-1.10108,12.2115
-1.21026,-0.892604,12.1257
1.917,-0.937926,12.2624
0.111339,-0.722318,12.1229
1.25693,-0.713748,12.1461
2.00912,-0.666627,12.1274
-1.43872,-0.546663,12.2396
-1.86424,-0.306419,12.1357
-0.120686,-0.362821,12.1568
1.62538,-0.183596,12.2762
2.49324,-0.182525,12.2714
-2.13089,0.0520158,12.2385
0.951032,0.00309824,12.1597
-2.44932,0.213013,12.1765
-0.625085,0.199101,12.2694
0.0325036,0.288706,12.2636
2.0895,0.288693,12.155
-1.64393,0.496468,12.1908
-1.37012,0.450053,12.1458
-0.928848,0.852036,12.2092
-0.339452,0.837404,12.2523
0.963218,0.810275,12.2725
-1.92307,0.914159,12.2585
-1.60677,0.999834,12.2294
0.51377,0.939854,12.1855
2.44476,1.03839,12.1986
-1.75776,1.30935,12.2748
1.22278,1.3072,12.2
-0.60144,1.59244,12.1832
-1.72918,1.68777,12.2669
1.0386,1.74523,12.1809
1.69546,1.67026,12.1885
1.53019,1.8991,12.1892
-0.784913,1.97443,12.2571
1.32778,2.07973,12.1386
-1.62812,2.23503,12.1884
0.138645,2.20112,12.2419
-0.599965,2.39567,12.173
-1.10974,2.54204,12.1669
0.724854,2.62379,12.1293
-0.717393,2.77766,12.1614
0.260771,2.78266,12.2487
-0.505671,-2.80606,12.3843
-0.660219,-2.29342,12.4037
0.229416,-2.2106,12.3051
1.67275,-2.1467,12.29
-1.96393,-1.80541,12.3188
-0.49955,-1.94357,12.2998
-0.132194,-1.78935,12.3551
1.04982,-1.73115,12.4012
1.44252,-1.54837,12.3891
1.75489,-1.60621,12.3648
-1.7722,-1.38808,12.4005
-0.92898,-1.36524,12.3554
0.578607,-1.34488,12.3864
1.12231,-1.37559,12.3133
0.0995247,-1.28776,12.4131
-1.84073,-1.12819,12.3478
2.64312,-1.10891,12.3901
-1.57405,-0.985396,12.3481
2.18511,-0.907578,12.2919
0.640044,-0.781199,12.3161
2.58887,-0.806188,12.3237
-0.770422,-0.489885,12.3746
-0.353083,-0.25891,12.3767
2.28117,-0.319961,12.3293
-1.49011,-0.232499,12.3208
0.533343,-0.110051,12.3091
-1.06278,-0.0618516,12.3533
0.26132,0.00704293,12.3088
-0.366616,0.29301,12.4301
0.168886,0.472573,12.3887
-1.11986,0.590022,12.3754
1.90174,0.557893,12.3774
1.28201,0.714261,12.4128
1.84892,0.828841,12.2861
-2.48105,0.943449,12.3944
0.402385,0.889545,12.4151
1.40341,1.13837,12.4142
2.03957,1.10481,12.3867
-2.25006,1.28295,12.3803
-1.22335,1.18691,12.2799
-0.948459,1.25796,12.3579
0.23498,1.304,12.3274
0.0700633,1.55354,12.2861
-1.04767,1.74204,12.3914
-0.629631,1.79203,12.4203
0.696603,1.80344,12.3642
1.94036,1.69634,12.2955
0.971139,1.93982,12.4159
-1.55601,2.08833,12.3826
0.374253,2.07511,12.3491
0.617365,2.05155,12.2882
1.93503,1.99121,12.2824
-0.268689,2.14724,12.4355
0.0851111,2.46246,12.388
0.433895,2.47496,12.4111
1.16257,-2.60863,12.529
-0.567772,-2.53866,12.4551
0.467163,-2.39301,12.4767
1.03978,-2.36444,12.5367
1.42355,-2.33802,12.5483
-0.367122,-2.227,12.5705
1.6142,-2.17095,12.5405
-1.52449,-2.03315,12.5552
-0.781575,-1.93069,12.5439
-2.09316,-1.73577,12.5634
-1.79507,-1.68829,12.558
0.487553,-1.70364,12.5516
0.782069,-1.77362,12.4949
-0.411351,-1.57799,12.4917
2.02515,-1.36272,12.5394
-2.38515,-1.23848,12.5302
-0.608395,-1.28881,12.5777
0.86956,-1.30382,12.467
1.1948,-1.02215,12.4679
-1.16957,-0.880782,12.475
-0.931455,-0.957537,12.4601
-0.357766,-0.96966,12.5852
0.107398,-0.957539,12.4478
0.409414,-0.9811,12.4492
-2.60289,-0.776887,12.5523
1.99983,-0.83223,12.4789
2.31292,-0.725493,12.4413
-2.20662,-0.633021,12.5291
-1.00747,-0.59089,12.5781
0.54331,-0.584833,12.482
1.32513,-0.562694,12.5269
0.241655,-0.497369,12.4828
-2.06559,-0.374923,12.4615
-1.66075,-0.293514,12.5828
-1.12669,-0.287805,12.5544
-2.66176,-0.187851,12.52
-2.02094,-0.000435176,12.4666
1.81531,-0.047547,12.5622
-2.80454,0.126652,12.4413
1.0046,0.234822,12.4539
1.97062,0.192344,12.4834
-1.67214,0.381905,12.4645
2.28586,0.382618,12.458
2.75959,0.378349,12.581
-2.58638,0.676434,12.5352
-0.579003,0.688933,12.5732
0.58658,0.646439,12.4743
-2.21903,0.776754,12.5744
2.32158,0.717483,12.4957
-0.0117208,1.00773,12.5534
-1.8356,1.08376,12.4674
-1.37365,1.08341,12.5675
-0.380845,1.14374,12.5416
1.78933,1.20621,12.4699
-0.637867,1.37578,12.5205
2.33446,1.34616,12.55
-0.216237,1.70208,12.5779
1.67548,1.7542,12.5399
-1.76201,1.83702,12.555
-0.574994,2.07407,12.5404
-1.44427,2.18831,12.5873
-0.786677,2.3136,12.4878
1.11146,2.39178,12.4454
-0.639226,2.52601,12.4466
1.40492,2.49318,12.5327
0.680231,2.6406,12.4373
-0.0704894,-2.7157,12.7415
-1.14466,-2.36014,12.6499
0.194074,-2.19949,12.7121
1.90944,-1.96351,12.7264
-0.260358,-1.82858,12.6862
-2.17419,-1.5337,12.7045
1.05197,-1.51049,12.6845
-1.14746,-1.33592,12.7
2.3418,-1.33664,12.6794
0.480801,-1.18564,12.6129
-1.56727,-1.156,12.6364
-0.835432,-1.10031,12.6812
1.86594,-1.10317,12.6692
-1.37055,-0.809358,12.682
2.72239,-0.860054,12.6593
-0.642614,-0.417729,12.7341
1.80351,-0.485922,12.6761
1.29373,-0.275645,12.7388
1.49257,-0.370265,12.5977
2.39826,-0.366325,12.7092
-2.22301,-0.0810856,12.7206
-0.732563,-0.186764,12.6487
-1.65217,-0.0193268,12.7106
-1.36229,0.00922301,12.6291
-0.176353,0.0324414,12.745
0.105669,-0.0186164,12.6804
2.59071,0.120962,12.6316
1.35589,0.360152,12.6615
2.15626,0.339804,12.6702
-2.79309,0.482248,12.6906
-1.9231,0.471531,12.6329
-0.706468,0.397991,12.6435
0.781127,0.402634,12.6564
2.55968,0.511875,12.6617
0.601576,0.689308,12.722
1.4705,0.638607,12.6535
-1.56894,0.769275,12.7227
-0.235926,0.790684,12.6379
1.04034,0.928495,12.7323
2.63967,0.883511,12.7118
-2.31004,1.15946,12.6845
1.33166,1.15161,12.6623
-2.53601,1.32761,12.7208
-1.92698,1.31762,12.7198
0.737977,1.17695,12.6009
-2.16044,1.45719,12.651
-0.768872,1.56643,12.6221
0.499884,1.5493,12.7069
2.40338,1.56965,12.686
1.95643,1.79276,12.5973
-1.37896,1.82561,12.6413
-0.908399,2.54246,12.6518
0.352855,2.43322,12.7197
-0.362546,2.68634,12.7463
0.0326438,2.64385,12.7023
-0.568502,-2.81636,12.8448
-0.884429,-2.60574,12.8177
-0.116168,-2.43937,12.8828
0.78527,-1.9742,12.8965
1.15333,-1.99599,12.8077
-0.67162,-1.92459,12.8548
-1.86897,-1.75681,12.7891
0.646419,-1.62758,12.7901
2.37892,-1.55403,12.7975
-0.64874,-1.37803,12.8389
0.0359805,-1.27522,12.7889
-2.3373,-1.0396,12.8713
0.237338,-1.06209,12.8723
-1.98637,-0.913931,12.9077
0.999526,-0.972128,12.8496
1.62141,-0.950712,12.8155
-2.35549,-0.792568,12.7766
2.1769,-0.861471,12.7552
0.953855,-0.56408,12.8814
-2.36119,-0.475192,12.8499
2.08517,-0.511615,12.7692
-0.328452,-0.290637,12.7589
-0.00430698,-0.387381,12.7704
2.76599,-0.0896381,12.8495
-0.565483,-0.0678648,12.8216
2.14233,0.0678028,12.9042
-2.49502,0.255209,12.7755
-1.67357,0.3084,12.7664
-1.0399,0.358387,12.8275
0.54051,0.34768,12.8523
1.51297,0.416584,12.8899
-2.64314,0.680042,12.8532
-1.98021,0.635415,12.8329
0.129983,0.628633,12.8438
-1.3269,0.83819,12.8552
-0.973481,0.707879,12.7827
-0.072054,0.988122,12.809
0.239961,1.01811,12.7782
-1.82096,1.05953,12.8791
-0.528284,1.12306,12.7892
-0.275518,1.3676,12.7511
2.07636,1.37011,12.8022
-0.964494,1.74353,12.8942
0.438138,1.77744,12.8144
0.679819,1.71676,12.8806
0.920079,1.76993,12.756
-1.67669,1.81278,12.8048
2.141,1.85633,12.8098
-1.42036,1.96308,12.9011
0.0475984,1.98699,12.8162
1.63801,2.00306,12.8793
-0.708147,2.17192,12.8908
1.40919,2.18156,12.8685
0.860876,2.73633,12.9032
0.886264,-2.56324,12.9639
-1.0904,-2.33904,12.97
1.18081,-2.13555,13.0196
-1.40025,-1.98491,12.9331
0.120539,-2.09272,12.9683
1.75772,-2.04345,12.9816
1.26258,-1.78748,13.0354
1.74275,-1.66468,12.9674
0.316556,-1.6397,12.9464
-1.84181,-1.24308,12.9287
-0.928977,-1.31875,13.0226
1.35114,-1.32338,13.0595
-1.31809,-1.05494,12.9312
1.95555,-1.02317,12.9508
-0.831495,-0.937122,13.0195
-0.872889,-0.645109,12.9518
-0.102138,-0.626903,12.9402
0.617571,-0.488385,12.9793
2.73455,-0.396282,12.9647
-0.706864,-0.263125,12.9485
1.21091,-0.279536,13.0441
0.435878,-0.196357,13.0357
2.46076,-0.0903297,13.0376
-1.33623,0.0481834,13.0327
-1.76819,0.0945863,12.9796
-0.902117,0.121711,12.9235
-0.390184,0.180974,12.9366
-0.0353304,0.20132,12.912
0.735061,0.165625,12.9509
2.54253,0.29343,12.9596
2.8292,0.317355,13.0161
-0.0785081,0.51441,12.9641
2.2673,0.512635,13.0534
1.79003,1.0192,12.9863
2.52044,0.963874,13.0369
-0.959533,1.13165,12.9391
0.727259,1.05026,12.9586
-2.54422,1.23768,12.9892
-0.123092,1.19413,13.029
-0.605738,1.36192,13.036
0.549855,1.42047,13.0364
1.61192,1.53364,13.055
0.0422356,1.85422,13.0592
-1.85981,2.18979,12.9831
1.2207,2.33972,12.9636
-0.983729,2.45932,13.0299
-0.378619,2.54286,13.0419
-0.252229,2.78133,12.9937
0.0301532,2.78454,13.0355
0.513903,-2.82846,13.1856
0.174765,-2.72457,13.1896
-0.86157,-2.4147,13.184
-1.4813,-2.2287,13.2204
0.739561,-2.19587,13.1631
-1.89933,-2.08949,13.0887
-0.389958,-2.02631,13.0688
1.48462,-2.02701,13.1301
-1.71297,-1.85423,13.0694
-0.631274,-1.82424,13.1169
-2.30342,-1.51402,13.0805
-1.71295,-1.54614,13.1276
-1.31953,-1.37371,13.1674
-0.554135,-1.35158,13.1183
1.74776,-1.35872,13.1251
0.300867,-1.33088,13.0914
-2.49009,-0.863916,13.2068
-0.0364649,-0.866064,13.1554
1.12556,-0.734686,13.1865
1.60571,-0.816438,13.1827
-1.1267,-0.417316,13.2108
0.339119,-0.421957,13.2059
1.29086,-0.517276,13.1965
1.65036,-0.410536,13.1841
-2.00882,-0.244183,13.1323
-2.80028,-0.222766,13.1134
-1.66789,-0.211695,13.1472
-0.331304,-0.225254,13.1988
0.20099,0.0446338,13.2035
0.53692,0.0192865,13.1977
2.26549,0.0317757,13.1509
-0.662209,0.250969,13.1391
0.174235,0.360928,13.1832
0.771129,0.370924,13.1837
2.08201,0.31201,13.0977
-1.88847,0.522651,13.2218
-0.567229,0.58048,13.1866
-1.2373,0.717209,13.1916
0.613365,0.828935,13.0778
2.0492,0.855717,13.138
-2.24222,0.964961,13.1721
-0.0431439,0.881073,13.2216
-0.607185,1.03743,13.1294
0.49022,1.13488,13.0688
1.17065,1.06098,13.0985
-1.50394,1.25484,13.1391
0.903271,1.26734,13.1818
-2.18508,1.34194,13.1289
-1.05483,1.48581,13.1341
-0.106653,1.48223,13.0759
2.07172,1.36194,13.2159
-1.68562,1.86815,13.1401
0.765864,1.88136,13.1322
-1.95014,1.96597,13.1339
1.9668,2.06949,13.0959
-1.29933,2.19909,13.1479
-0.887287,-2.62817,13.3306
-0.831567,-2.13874,13.2581
1.03801,-2.17408,13.2376
-1.8904,-1.97201,13.3251
0.274405,-2.07233,13.3384
0.897728,-1.87776,13.3721
-1.81185,-1.71605,13.3142
-1.56481,-1.77638,13.3277
-1.03182,-1.77389,13.2708
1.55961,-1.71213,13.2355
1.65779,-1.49685,13.3787
-1.74543,-1.37797,13.3783
0.470077,-1.4201,13.3329
-2.15204,-1.32372,13.2333
-0.317446,-1.31978,13.3213
-0.945387,-1.12022,13.354
0.950249,-1.16699,13.317
2.55066,-1.03276,13.3359
-1.8043,-0.893178,13.3043
-1.59688,-0.726102,13.3239
-2.68928,-0.652925,13.2664
-0.409155,-0.663995,13.2413
-2.16305,-0.406241,13.2803
-1.7236,-0.490846,13.2983
0.919588,-0.476916,13.3623
-2.63821,-0.347327,13.359
2.40398,-0.355182,13.351
-1.45511,-0.0942319,13.2455
-1.00958,0.0239343,13.2558
-1.76496,0.238489,13.2649
-0.346983,0.259562,13.3547
1.55902,0.521594,13.3372
2.17449,0.591566,13.3481
-1.82062,0.810033,13.2317
0.393452,0.747929,13.3474
0.730098,0.750788,13.3711
-2.61456,1.01924,13.3432
1.24561,0.885011,13.3104
2.3348,0.953907,13.278
2.59504,0.894645,13.2716
-2.02802,1.02388,13.3158
-0.308705,1.58899,13.2319
1.64334,1.54224,13.3288
2.24166,1.64612,13.2897
-0.691395,1.72395,13.3067
1.17497,1.66933,13.3048
-1.32968,2.02954,13.3343
-0.61176,2.15805,13.2591
0.435319,2.41472,13.2504
0.812661,2.39794,13.2324
0.825887,2.69104,13.313
0.90839,-2.68098,13.4859
-0.684146,-2.43752,13.4558
0.542478,-2.56711,13.4066
0.912341,-2.28329,13.5233
0.659608,-1.97235,13.4428
-1.22175,-1.94666,13.3972
-1.07037,-1.65855,13.5296
1.74095,-1.79993,13.4192
0.822063,-1.59179,13.4778
-0.639814,-1.35405,13.4001
1.38648,-1.42579,13.5241
1.14409,-1.32226,13.4784
-2.58435,-1.08736,13.4578
0.624331,-0.873875,13.5169
1.12126,-0.928857,13.47
2.08301,-0.92494,13.3873
-2.40369,-0.734303,13.4049
-0.543033,-0.763205,13.5327
2.28543,-0.811756,13.5337
-1.91353,-0.622199,13.4737
-1.01568,-0.586857,13.4679
2.62137,-0.579725,13.4037
-0.711874,-0.466907,13.4695
0.084936,-0.480836,13.4169
1.85634,-0.498318,13.5087
-0.456613,-0.294836,13.4715
-0.754341,-0.217367,13.4764
0.0813847,-0.168109,13.4186
1.69786,-0.123126,13.438
2.01808,-0.143475,13.4287
-2.41256,0.104991,13.4158
-1.47081,0.156404,13.4645
-1.04776,0.293853,13.5152
1.40515,0.322056,13.5172
2.57859,0.334187,13.4672
0.768275,0.397378,13.4891
1.74609,0.47842,13.5221
-2.73954,0.623342,13.3811
-2.03519,0.576951,13.5337
-0.20095,0.630484,13.4
-0.978814,1.07709,13.4425
2.33446,1.27131,13.5363
0.145737,1.39802,13.4163
-1.54605,1.50333,13.398
-0.124138,1.60866,13.4809
-1.76595,1.71183,13.459
-0.296199,1.77786,13.404
1.86861,1.66684,13.4454
0.588086,1.95495,13.504
1.75403,1.991,13.5267
-1.56243,2.18699,13.48
-0.878426,2.29052,13.4824
-0.230478,2.3562,13.4432
0.219688,2.3023,13.5138
0.0929701,2.54826,13.4601
-0.0455274,2.82172,13.4796
-0.966186,-2.69061,13.6098
-0.135101,-2.64777,13.5662
-1.5145,-2.20688,13.5944
-0.650572,-2.15975,13.6486
1.69809,-2.24222,13.6541
1.29827,-1.96592,13.5544
-1.6819,-1.68996,13.5531
-0.693741,-1.71208,13.6625
0.341189,-1.64282,13.6481
0.196265,-1.37401,13.6156
-0.852575,-1.22301,13.5958
2.59599,-1.12768,13.6527
-2.16344,-0.952404,13.5989
-1.90141,-0.970617,13.5462
0.819246,-0.924549,13.6771
-1.23417,-0.686443,13.5989
2.43431,-0.585059,13.5833
2.25512,-0.167379,13.5536
-2.50039,-0.0638468,13.5873
-0.220621,0.016472,13.5464
0.6608,0.0593159,13.5849
1.50009,-0.0242089,13.6837
2.11555,0.0321923,13.6513
-0.19347,0.349555,13.6084
1.10063,0.359196,13.6305
2.41902,0.534484,13.6615
-1.43329,0.70226,13.5617
2.64715,0.615871,13.5957
-2.50248,0.754025,13.5732
-1.84026,0.762242,13.6261
1.69577,0.848628,13.5718
-1.04915,0.880768,13.6594
0.773308,0.983212,13.5425
-1.40792,1.08924,13.5781
-0.157727,1.07676,13.6407
2.02316,1.32522,13.6079
-1.94517,1.48087,13.6348
-1.02056,1.38733,13.5514
0.387781,1.43017,13.5665
1.56337,1.59154,13.5929
-0.386867,1.92033,13.6056
0.946522,2.20164,13.6392
-0.721338,2.48045,13.5967
1.51808,2.43976,13.6638
-0.834847,2.73321,13.6659
1.169,-2.61027,13.7028
-0.3475,-2.43499,13.7172
1.13475,-2.28362,13.7118
1.44104,-2.40678,13.7285
-0.447074,-1.96733,13.7026
0.44898,-1.99553,13.7232
1.71667,-1.87842,13.8128
1.20154,-1.72456,13.7598
2.23041,-1.49894,13.7561
0.771741,-1.35114,13.7893
-2.41907,-1.28046,13.7578
-1.18066,-1.33293,13.834
-0.266388,-1.17835,13.8455
0.213411,-1.19835,13.8249
-1.73685,-1.17121,13.8413
-1.29523,-0.9049,13.8001
-0.146419,-0.8717,13.7906
2.32219,-0.929169,13.8503
-1.58939,-0.850285,13.7516
-0.953578,-0.777806,13.8277
-0.548391,-0.80887,13.7834
2.76167,-0.632521,13.7342
-2.00989,-0.266605,13.7069
-1.70288,-0.321223,13.7259
1.0931,-0.341207,13.792
1.36905,-0.366913,13.7667
-0.037855,-0.229467,13.8005
0.868562,-0.0749004,13.6985
-2.1416,0.103955,13.7054
-0.531195,0.202136,13.7699
-2.52428,0.379923,13.8042
-1.24303,0.391352,13.8511
0.0189436,0.385271,13.7513
0.802541,0.308524,13.8021
1.87102,0.285325,13.8487
2.10093,0.369208,13.7592
-2.06875,0.577696,13.7928
-1.49433,0.786543,13.8352
-0.0588612,0.719416,13.7353
-0.354443,0.881502,13.8286
0.454154,0.971465,13.8311
1.38341,0.941824,13.74
2.53364,0.893989,13.7561
2.20379,1.03857,13.7372
2.53508,1.15603,13.827
-0.284807,1.25492,13.8319
-0.842782,1.36451,13.7566
-0.33798,1.57264,13.842
2.34269,1.58048,13.7176
-2.18078,1.6551,13.7956
-1.80629,1.73329,13.8239
0.376383,1.86108,13.6965
1.59623,1.89143,13.7817
0.713399,2.08956,13.7707
-1.49211,2.12955,13.7725
-0.591047,2.26592,13.7701
-0.385005,-2.77446,13.9457
-0.0947694,-2.78874,13.9103
0.408958,-2.64844,13.9791
-0.693054,-2.15829,13.9131
1.28363,-1.98301,13.8829
1.90873,-1.99228,13.9616
-1.83578,-1.93016,13.9978
-1.21568,-1.86663,13.8702
-0.57523,-1.88733,13.957
-0.210738,-1.87199,13.884
0.281917,-1.82521,13.9741
1.02304,-1.8395,13.8922
-1.67226,-1.67778,13.9331
-0.836526,-1.49356,13.9941
-0.595561,-1.60137,14.0017
-1.44163,-1.48572,13.8996
1.88949,-1.28936,13.9732
2.58278,-1.21332,13.9739
-2.48117,-1.05411,13.9365
-2.17808,-1.03233,13.9347
0.72357,-0.957362,13.93
1.49253,-0.981286,13.8886
-2.74283,-0.718183,13.8765
0.915291,-0.710673,13.9868
-2.49864,-0.669976,13.9797
-1.72396,-0.570385,13.8899
-1.39303,-0.629995,13.9593
2.13444,-0.461148,13.8657
-0.896428,-0.260515,13.8892
2.50465,-0.289421,13.9737
-1.34695,-0.156974,13.9915
-2.48896,0.0504308,13.9185
-1.86958,0.0522263,14.0075
-1.61075,0.0532906,13.9511
-0.219913,-0.0755819,13.971
0.220622,-0.0109779,13.8705
-2.75919,0.232851,13.8871
-1.77817,0.337817,13.9682
-0.866047,0.346733,13.8939
0.455542,0.297113,13.9168
-1.03203,0.694809,13.9512
-0.780705,0.686601,13.9758
0.636553,0.551648,13.8985
2.71247,0.554502,13.8837
-2.41394,0.830105,13.9071
-1.18552,0.91258,13.9935
-0.706436,0.937917,13.9079
-0.080978,1.00217,13.8846
1.06782,0.929716,13.995
-2.1501,1.21424,13.9635
0.367423,1.28064,13.9669
1.22993,1.46341,13.9308
2.00283,1.64156,13.9674
1.19568,1.79471,14.0066
2.29665,1.7151,13.9823
0.589162,2.04818,14.0064
-0.401847,2.16527,13.9433
0.114373,2.27308,13.9768
1.22714,2.53403,13.859
-0.89086,-2.67983,14.1325
-0.476735,-2.48814,14.0478
1.18007,-2.51313,14.0667
0.203702,-2.37425,14.1364
-1.19677,-2.18505,14.0194
-0.323906,-1.89338,14.1337
-0.985767,-1.78665,14.0278
-1.38238,-1.63242,14.1232
-1.19634,-0.903432,14.1354
0.120249,-0.97055,14.1105
1.82204,-0.970192,14.1175
-1.7354,-0.802058,14.0252
-0.30706,-0.749565,14.1534
0.019239,-0.649977,14.0385
1.66321,-0.443269,14.1092
1.39118,-0.381868,14.0974
-2.1459,-0.113414,14.05
-0.662946,-0.13412,14.0481
1.24341,-0.0387978,14.0866
0.304878,0.0800824,14.0959
-0.170265,0.360686,14.1443
-0.698255,0.429224,14.1083
-2.71847,0.639498,14.1456
-1.52397,0.668772,14.147
-0.780677,1.16642,14.1351
1.81468,1.27636,14.0299
1.5755,1.47843,14.0731
1.05108,1.58375,14.1427
0.902231,1.79865,14.0372
1.87754,1.78367,14.1573
-1.73059,1.91789,14.1387
-0.914138,2.08281,14.0577
-0.617123,2.01142,14.0911
-0.0309406,1.98179,14.0625
1.37135,2.29308,14.0304
1.06685,2.51049,14.0645
0.440332,2.65936,14.0431
-1.17143,-2.27963,14.2758
-1.57019,-2.17968,14.2031
0.299402,-1.95619,14.2915
0.671752,-1.85837,14.2732
1.70561,-1.87766,14.2178
0.895596,-1.722,14.3095
2.09509,-1.74984,14.3181
-2.20882,-1.58886,14.1789
0.205532,-1.61741,14.1817
1.64886,-1.61813,14.1786
-1.86788,-1.38751,14.2235
-1.61941,-1.48032,14.2928
-2.3491,-1.31075,14.2034
0.279806,-1.29684,14.1685
1.59176,-1.2704,14.2899
2.03408,-1.19222,14.2943
2.30111,-1.18688,14.1946
-2.1199,-1.09584,14.2183
-1.45981,-1.08692,14.1953
-0.541619,-0.985161,14.3236
-2.63467,-0.848451,14.1686
-0.754731,-0.770621,14.2084
0.657191,-0.58891,14.2186
-2.8085,-0.396845,14.2347
-2.4415,-0.304735,14.2831
-1.96242,-0.35364,14.3138
-0.640461,-0.23619,14.3044
-0.358794,-0.246902,14.2792
0.466934,-0.239403,14.3014
0.877472,-0.329377,14.2024
2.58212,-0.236904,14.3028
-1.59292,-0.171942,14.213
-0.15137,-0.0816112,14.3035
2.24727,-0.115175,14.2501
-0.474801,0.0179814,14.2302
1.90671,0.0347615,14.2416
2.46005,0.0747442,14.2368
-2.37793,0.135074,14.2178
0.111038,0.223616,14.2811
-1.21948,0.270381,14.2731
2.7321,0.332142,14.2787
-2.52142,0.508854,14.2744
-1.19768,0.538123,14.2428
0.164603,0.486004,14.2579
0.947846,0.454579,14.1772
2.43437,0.509209,14.2585
-1.9659,1.15394,14.2525
0.76225,1.14358,14.2382
1.23026,1.03792,14.2725
1.76433,1.07791,14.3119
-2.58671,1.22891,14.2281
-0.116309,1.20178,14.2696
2.27948,1.20462,14.1797
-1.1016,1.4838,14.2071
2.03745,1.35777,14.1738
-1.55605,1.53164,14.2412
-0.135564,1.58304,14.1797
1.53448,1.93896,14.2061
-1.42105,2.34417,14.3217
-0.176925,2.42662,14.2406
0.0337267,2.84466,14.2639
0.614225,-2.72658,14.3326
-0.369279,-2.47954,14.3448
-0.891195,-2.3121,14.4163
0.770615,-2.27676,14.3704
-1.86863,-2.07684,14.4324
1.32825,-2.09468,14.4558
-2.09352,-1.8355,14.4712
-0.34925,-1.8398,14.3799
-0.114338,-1.67094,14.3976
0.645351,-1.58562,14.3796
0.426879,-1.4421,14.424
-1.719,-1.27539,14.4164
-0.277098,-1.1915,14.3783
-0.0504034,-1.13008,14.4737
0.829945,-1.12046,14.3256
-2.48045,-0.908036,14.4455
-1.65686,-0.916971,14.3579
0.0559944,-0.902677,14.474
2.01911,-0.871633,14.3541
0.916361,-0.717411,14.3573
-1.79644,-0.685985,14.452
1.81135,-0.688486,14.4276
2.29758,-0.584607,14.3823
-1.3409,-0.483938,14.3505
1.24838,-0.432888,14.3483
2.07697,-0.399672,14.4805
-1.24735,-0.209054,14.3344
0.972086,-0.145147,14.3828
1.22127,-0.186554,14.4206
1.51615,-0.0669688,14.3515
2.76135,-0.0252024,14.3354
-1.82566,0.175785,14.332
-1.51258,0.140802,14.3512
1.78462,0.172946,14.4738
-1.64429,0.366777,14.3352
0.339884,0.437832,14.4434
-1.42687,0.63168,14.4431
0.903228,0.557422,14.4169
-0.796765,0.76627,14.4741
-1.93664,0.904411,14.3416
-1.6771,1.01116,14.4266
-0.0766941,1.00259,14.4263
0.208182,0.920481,14.3841
2.45689,0.915837,14.3614
-2.35253,1.04757,14.3524
-0.798178,1.02222,14.3833
1.48766,1.15716,14.3296
0.247828,1.23713,14.3685
0.608397,1.32746,14.4363
-0.516124,1.50024,14.4274
2.3077,1.49274,14.3969
-1.35362,1.72728,14.3287
-0.510396,1.76834,14.3936
-2.14364,1.87437,14.4234
-1.60172,1.90151,14.4523
0.300351,2.00111,14.4104
0.936883,2.19209,14.3574
1.91397,2.12391,14.4423
1.58662,2.28671,14.4618
-0.823427,2.66618,14.3949
0.145914,-1.61773,14.4902
2.49747,-1.05797,14.4846
0.521516,-0.887324,14.4984
-0.365899,0.329668,14.49
1.17776,0.533156,14.4964
-1.08479,2.01504,14.4954
-4.0,-4.0,-1.1
-4.0,-4.0,-1.1
-4.0,-4.0,-1.1
-4.0,-4.0,-1.1
-4.0,-4.0,-1.1
-4.0,-4.0,-1.1
-4.0,-4.0,-1.1
-4.0,-4.0,-1.1
-4.0,-4.0,-1.1
-4.0,-4.0,-1.1
-4.0,-4.0,-1.1
-4.0,-4.0,-1.1
-4.0,-4.0,-1.1
-4.0,-4.0,-1.1
-4.0,-4.0,-1.1
-4.0,-4.0,-1.1
-4.0,-4.0,-1.1
-4.0,-4.0,-1.1
-4.0,-4.0,-1.1
-4.0,-4.0,-1.1
-4.0,-4.0,-1.1
-4.0,-4.0,-1.1
-4.0,-4.0,-1.1
-4.0,-4.0,-1.1
-4.0,-4.0,-1.1
-4.0,-4.0,-1.1
-4.0,-4.0,-1.1
-4.0,-4.0,-1.1
-4.0,-4.0,-1.1
-4.0,-4.0,-1.1
-4.0,-4.0,-1.1
-4.0,-4.0,-1.1
-4.0,-4.0,-1.1
-4.0,-4.0,-1.1
-4.0,-4.0,-1.1
-4.0,-4.0,-1.1
-4.0,-4.0,-1.1
-4.0,-4.0,-1.1
-4.0,-4.0,-1.1
-4.0,-4.0,-1.1
-4.0,-4.0,-1.1
-4.0,-4.0,-1.1
-4.0,-4.0,-1.1
-4.0,-4.0,-1.1
-4.0,-4.0,-1.1
-4.0,-4.0,-1.1
-4.0,-4.0,-1.1
-4.0,-4.0,-1.1
-4.0,-4.0,-1.1
-4.0,-4.0,-1.1
-4.0,-4.0,-1.1
-4.0,-4.0,-1.1
-4.0,-4.0,-1.1
-4.0,-4.0,-1.1
-4.0,-4.0,-1.1
-4.0,-4.0,-1.1
-4.0,-4.0,-1.1
-4.0,-4.0,-1.1
-4.0,-4.0,-1.1
-4.0,-4.0,-1.1
-4.0,-4.0,-1.1
-4.0,-4.0,-1.1
-4.0,-4.0,-1.1
-4.0,-4.0,-1.1
-4.0,-4.0,-1.1
-4.0,-4.0,-1.1
-4.0,-4.0,-1.1
-4.0,-4.0,-1.1
-4.0,-4.0,-1.1
-4.0,-4.0,-1.1
-4.0,-4.0,-1.1
-4.0,-4.0,-1.1
-4.0,-4.0,-1.1
-4.0,-4.0,-1.1
-4.0,-4.0,-1.1
-4.0,-4.0,-1.1
-4.0,-4.0,-1.1
-4.0,-4.0,-1.1
-4.0,-4.0,-1.1
-4.0,-4.0,-1.1
-4.0,-4.0,-1.1
-4.0,-4.0,-1.1
-4.0,-4.0,-1.1
-4.0,-4.0,-1.1
-4.0,-4.0,-1.1
-4.0,-4.0,-1.1
-4.0,-4.0,-1.1
-4.0,-4.0,-1.1
-4.0,-4.0,-1.1
-4.0,-4.0,-1.1
-4.0,-4.0,-1.1
-4.0,-4.0,-1.1
-4.0,-4.0,-1.1
-4.0,-4.0,-1.1
-4.0,-4.0,-1.1
-4.0,-4.0,-1.1
-4.0,-4.0,-1.1
-4.0,-4.0,-1.1
-4.0,-4.0,-1.1
-4.0,-4.0,-1.1
-4.0,-4.0,-1.1
-4.0,-4.0,-1.1
-4.0,-4.0,-1.1
-4.0,-4.0,-1.1
-4.0,-4.0,-1.1
-4.0,-4.0,-1.1
-4.0,-4.0,-1.1
-4.0,-4.0,-1.1
-4.0,-4.0,-1.1
-4.0,-4.0,-1.1
-4.0,-4.0,-1.1
-4.0,-4.0,-1.1
-4.0,-4.0,-1.1
-4.0,-4.0,-1.1
-4.0,-4.0,-1.1
-4.0,-4.0,-1.1
-4.0,-4.0,-1.1
-4.0,-4.0,-1.1
-4.0,-4.0,-1.1
-4.0,-4.0,-1.1
-4.0,-4.0,-1.1
-4.0,-4.0,-1.1
-4.0,-4.0,-1.1
-4.0,-4.0,-1.1
-4.0,-4.0,-1.1
-4.0,-4.0,-1.1
-4.0,-4.0,-1.1
-4.0,-4.0,-1.1
-4.0,-4.0,-1.1
-4.0,-4.0,-1.1
-4.0,-4.0,-1.1
-4.0,-4.0,-1.1
-4.0,-4.0,-1.1
-4.0,-4.0,-1.1
-4.0,-4.0,-1.1
-4.0,-4.0,-1.1
-4.0,-4.0,-1.1
-4.0,-4.0,-1.1
-4.0,-4.0,-1.1
-4.0,-4.0,-1.1
-4.0,-4.0,-1.1
-4.0,-4.0,-1.1
-4.0,-4.0,-1.1
-4.0,-4.0,-1.1
-4.0,-4.0,-1.1
-4.0,-4.0,-1.1
-4.0,-4.0,-1.1
-4.0,-4.0,-1.1
-4.0,-4.0,-1.1
-4.0,-4.0,-1.1
-4.0,-4.0,-1.1
-4.0,-4.0,-1.1
-4.0,-4.0,-1.1
-4.0,-4.0,-1.1
-4.0,-4.0,-1.1
-4.0,-4.0,-1.1
-4.0,-4.0,-1.1
-4.0,-4.0,-1.1
-4.0,-4.0,-1.1
-4.0,-4.0,-1.1
-4.0,-4.0,-1.1
-4.0,-4.0,-1.1
-4.0,-4.0,-1.1
-4.0,-4.0,-1.1
-4.0,-4.0,-1.1
-4.0,-4.0,-1.1
-4.0,-4.0,-1.1
-4.0,-4.0,-1.1
-4.0,-4.0,-1.1
-4.0,-4.0,-1.1
-4.0,-4.0,-1.1
-4.0,-4.0,-1.1
-4.0,-4.0,-1.1
-4.0,-4.0,-1.1
-4.0,-4.0,-1.1
-4.0,-4.0,-1.1
-4.0,-4.0,-1.1
-4.0,-4.0,-1.1
-4.0,-4.0,-1.1
-4.0,-4.0,-1.1
-4.0,-4.0,-1.1
-4.0,-4.0,-1.1
-4.0,-4.0,-1.1
-4.0,-4.0,-1.1
-4.0,-4.0,-1.1
-4.0,-4.0,-1.1
-4.0,-4.0,-1.1
-4.0,-4.0,-1.1
-4.0,-4.0,-1.1
-4.0,-4.0,-1.1
-4.0,-4.0,-1.1
-4.0,-4.0,-1.1
-4.0,-4.0,-1.1
-4.0,-4.0,-1.1
-4.0,-4.0,-1.1
-4.0,-4.0,-1.1
-4.0,-4.0,-1.1
-4.0,-4.0,-1.1
-4.0,-4.0,-1.1
-4.0,-4.0,-1.1
-4.0,-4.0,-1.1
-4.0,-4.0,-1.1
-4.0,-4.0,-1.1
-4.0,-4.0,-1.1
-4.0,-4.0,-1.1
-4.0,-4.0,-1.1
-4.0,-4.0,-1.1
-4.0,-4.0,-1.1
-4.0,-4.0,-1.1
-4.0,-4.0,-1.1
-4.0,-4.0,-1.1
-4.0,-4.0,-1.1
-4.0,-4.0,-1.1
-4.0,-4.0,-1.1
-4.0,-4.0,-1.1
-4.0,-4.0,-1.1
-4.0,-4.0,-1.1
-4.0,-4.0,-1.1
-4.0,-4.0,-1.1
-4.0,-4.0,-1.1
-4.0,-4.0,-1.1
-4.0,-4.0,-1.1
-4.0,-4.0,-1.1
-4.0,-4.0,-1.1
-4.0,-4.0,-1.1
-4.0,-4.0,-1.1
-4.0,-4.0,-1.1
-4.0,-4.0,-1.1
-4.0,-4.0,-1.1
-4.0,-4.0,-1.1
-4.0,-4.0,-1.1
-4.0,-4.0,-1.1
-4.0,-4.0,-1.1
-4.0,-4.0,-1.1
-4.0,-4.0,-1.1
-4.0,-4.0,-1.1
-4.0,-4.0,-1.1
-4.0,-4.0,-1.1
-4.0,-4.0,-1.1
-4.0,-4.0,-1.1
-4.0,-4.0,-1.1
-4.0,-4.0,-1.1
-4.0,-4.0,-1.1
-4.0,-4.0,-1.1
-4.0,-4.0,-1.1
-4.0,-4.0,-1.1
-4.0,-4.0,-1.1
-4.0,-4.0,-1.1
-4.0,-4.0,-1.1
-4.0,-4.0,-1.1
-4.0,-4.0,-1.1
-4.0,-4.0,-1.1
-4.0,-4.0,-1.1
-4.0,-4.0,-1.1
-4.0,-4.0,-1.1
-4.0,-4.0,-1.1
-4.0,-4.0,-1.1
-4.0,-4.0,-1.1
-4.0,-4.0,-1.1
-4.0,-4.0,-1.1
-4.0,-4.0,-1.1
-4.0,-4.0,-1.1
-4.0,-4.0,-1.1
-4.0,-4.0,-1.1
-4.0,-4.0,-1.1
-4.0,-4.0,-1.1
-4.0,-4.0,-1.1
-4.0,-4.0,-1.1
-4.0,-4.0,-1.1
-4.0,-4.0,-1.1
-4.0,-4.0,-1.1
-4.0,-4.0,-1.1
-4.0,-4.0,-1.1
-4.0,-4.0,-1.1
-4.0,-4.0,-1.1
-4.0,-4.0,-1.1
-4.0,-4.0,-1.1
-4.0,-4.0,-1.1
-4.0,-4.0,-1.1
-4.0,-4.0,-1.1
-4.0,-4.0,-1.1
-4.0,-4.0,-1.1
-4.0,-4.0,-1.1
-4.0,-4.0,-1.1
-4.0,-4.0,-1.1
-4.0,-4.0,-1.1
-4.0,-4.0,-1.1
-4.0,-4.0,-1.1
-4.0,-4.0,-1.1
-4.0,-4.0,-1.1
-4.0,-4.0,-1.1
-4.0,-4.0,-1.1
-4.0,-4.0,-1.1
-4.0,-4.0,-1.1
-4.0,-4.0,-1.1
-4.0,-4.0,-1.1
-4.0,-4.0,-1.1
-4.0,-4.0,-1.1
-4.0,-4.0,-1.1
-4.0,-4.0,-1.1
-4.0,-4.0,-1.1
-4.0,-4.0,-1.1
-4.0,-4.0,-1.1
-4.0,-4.0,-1.1
-4.0,-4.0,-1.1
-4.0,-4.0,-1.1
-4.0,-4.0,-1.1
-4.0,-4.0,-1.1
-4.0,-4.0,-1.1
-4.0,-4.0,-1.1
-4.0,-4.0,-1.1
-4.0,-4.0,-1.1
-4.0,-4.0,-1.1
-4.0,-4.0,-1.1
-4.0,-4.0,-1.1
-4.0,-4.0,-1.1
-4.0,-4.0,-1.1
-4.0,-4.0,-1.1
-4.0,-4.0,-1.1
-4.0,-4.0,-1.1
-4.0,-4.0,-1.1
-4.0,-4.0,-1.1
-4.0,-4.0,-1.1
-4.0,-4.0,-1.1
-4.0,-4.0,-1.1
-4.0,-4.0,-1.1
-4.0,-4.0,-1.1
-4.0,-4.0,-1.1
-4.0,-4.0,-1.1
-4.0,-4.0,-1.1
-4.0,-4.0,-1.1
-4.0,-4.0,-1.1
-4.0,-4.0,-1.1
-4.0,-4.0,-1.1
-4.0,-4.0,-1.1
-4.0,-4.0,-1.1
-4.0,-4.0,-1.1
-4.0,-4.0,-1.1
-4.0,-4.0,-1.1
-4.0,-4.0,-1.1
-4.0,-4.0,-1.1
-4.0,-4.0,-1.1
-4.0,-4.0,-1.1
-4.0,-4.0,-1.1
-4.0,-4.0,-1.1
-4.0,-4.0,-1.1
-4.0,-4.0,-1.1
-4.0,-4.0,-1.1
-4.0,-4.0,-1.1
-4.0,-4.0,-1.1
-4.0,-4.0,-1.1
-4.0,-4.0,-1.1
-4.0,-4.0,-1.1
-4.0,-4.0,-1.1
-4.0,-4.0,-1.1
-4.0,-4.0,-1.1
-4.0,-4.0,-1.1
-4.0,-4.0,-1.1
-4.0,-4.0,-1.1
-4.0,-4.0,-1.1
-4.0,-4.0,-1.1
-4.0,-4.0,-1.1
-4.0,-4.0,-1.1
-4.0,-4.0,-1.1
-4.0,-4.0,-1.1
-4.0,-4.0,-1.1
-4.0,-4.0,-1.1
-4.0,-4.0,-1.1
-4.0,-4.0,-1.1
-4.0,-4.0,-1.1
-4.0,-4.0,-1.1
-4.0,-4.0,-1.1
-4.0,-4.0,-1.1
-4.0,-4.0,-1.1
-4.0,-4.0,-1.1
-4.0,-4.0,-1.1
-4.0,-4.0,-1.1
-4.0,-4.0,-1.1
-4.0,-4.0,-1.1
-4.0,-4.0,-1.1
-4.0,-4.0,-1.1
-4.0,-4.0,-1.1
-4.0,-4.0,-1.1
-4.0,-4.0,-1.1
-4.0,-4.0,-1.1
-4.0,-4.0,-1.1
-4.0,-4.0,-1.1
-4.0,-4.0,-1.1
-4.0,-4.0,-1.1
-4.0,-4.0,-1.1
-4.0,-4.0,-1.1
-4.0,-4.0,-1.1
-4.0,-4.0,-1.1
-4.0,-4.0,-1.1
-4.0,-4.0,-1.1
-4.0,-4.0,-1.1
-4.0,-4.0,-1.1
-4.0,-4.0,-1.1
-4.0,-4.0,-1.1
-4.0,-4.0,-1.1
-4.0,-4.0,-1.1
-4.0,-4.0,-1.1
-4.0,-4.0,-1.1
-4.0,-4.0,-1.1
-4.0,-4.0,-1.1
-4.0,-4.0,-1.1
-4.0,-4.0,-1.1
-4.0,-4.0,-1.1
-4.0,-4.0,-1.1
-4.0,-4.0,-1.1
-4.0,-4.0,-1.1
-4.0,-4.0,-1.1
-4.0,-4.0,-1.1
-4.0,-4.0,-1.1
-4.0,-4.0,-1.1
-4.0,-4.0,-1.1
-4.0,-4.0,-1.1
-4.0,-4.0,-1.1
-4.0,-4.0,-1.1
-4.0,-4.0,-1.1
-4.0,-4.0,-1.1
-4.0,-4.0,-1.1
-4.0,-4.0,-1.1
-4.0,-4.0,-1.1
-4.0,-4.0,-1.1
-4.0,-4.0,-1.1
-4.0,-4.0,-1.1
-4.0,-4.0,-1.1
-4.0,-4.0,-1.1
-4.0,-4.0,-1.1
-4.0,-4.0,-1.1
-4.0,-4.0,-1.1
-4.0,-4.0,-1.1
-4.0,-4.0,-1.1
-4.0,-4.0,-1.1
-4.0,-4.0,-1.1
-4.0,-4.0,-1.1
-4.0,-4.0,-1.1
-4.0,-4.0,-1.1
-4.0,-4.0,-1.1
-4.0,-4.0,-1.1
-4.0,-4.0,-1.1
-4.0,-4.0,-1.1
-4.0,-4.0,-1.1
-4.0,-4.0,-1.1
-4.0,-4.0,-1.1
-4.0,-4.0,-1.1
-4.0,-4.0,-1.1
-4.0,-4.0,-1.1
-4.0,-4.0,-1.1
-4.0,-4.0,-1.1
-4.0,-4.0,-1.1
-4.0,-4.0,-1.1
-4.0,-4.0,-1.1
-4.0,-4.0,-1.1
-4.0,-4.0,-1.1
-4.0,-4.0,-1.1
-4.0,-4.0,-1.1
-4.0,-4.0,-1.1
-4.0,-4.0,-1.1
-4.0,-4.0,-1.1
-4.0,-4.0,-1.1
-4.0,-4.0,-1.1
-4.0,-4.0,-1.1
-4.0,-4.0,-1.1
-4.0,-4.0,-1.1
-4.0,-4.0,-1.1
-4.0,-4.0,-1.1
-4.0,-4.0,-1.1
-4.0,-4.0,-1.1
-4.0,-4.0,-1.1
-4.0,-4.0,-1.1
-4.0,-4.0,-1.1
-4.0,-4.0,-1.1
-4.0,-4.0,-1.1
-4.0,-4.0,-1.1
-4.0,-4.0,-1.1
-4.0,-4.0,-1.1
-4.0,-4.0,-1.1
-4.0,-4.0,-1.1
-4.0,-4.0,-1.1
-4.0,-4.0,-1.1
-4.0,-4.0,-1.1
-4.0,-4.0,-1.1
-4.0,-4.0,-1.1
-4.0,-4.0,-1.1
-4.0,-4.0,-1.1
-4.0,-4.0,-1.1
-4.0,-4.0,-1.1
-4.0,-4.0,-1.1
-4.0,-4.0,-1.1
-4.0,-4.0,-1.1
-4.0,-4.0,-1.1
-4.0,-4.0,-1.1
-4.0,-4.0,-1.1
-4.0,-4.0,-1.1
-4.0,-4.0,-1.1
-4.0,-4.0,-1.1
-4.0,-4.0,-1.1
-4.0,-4.0,-1.1
-4.0,-4.0,-1.1
-4.0,-4.0,-1.1
-4.0,-4.0,-1.1
-4.0,-4.0,-1.1
-4.0,-4.0,-1.1
-4.0,-4.0,-1.1
-4.0,-4.0,-1.1
-4.0,-4.0,-1.1
-4.0,-4.0,-1.1
-4.0,-4.0,-1.1
-4.0,-4.0,-1.1
-4.0,-4.0,-1.1
-4.0,-4.0,-1.1
-4.0,-4.0,-1.1
-4.0,-4.0,-1.1
-4.0,-4.0,-1.1
-4.0,-4.0,-1.1
-4.0,-4.0,-1.1
-4.0,-4.0,-1.1
-4.0,-4.0,-1.1
-4.0,-4.0,-1.1
-4.0,-4.0,-1.1
-4.0,-4.0,-1.1
-4.0,-4.0,-1.1
-4.0,-4.0,-1.1
-4.0,-4.0,-1.1
-4.0,-4.0,-1.1
-4.0,-4.0,-1.1
-4.0,-4.0,-1.1
-4.0,-4.0,-1.1
-4.0,-4.0,-1.1
-4.0,-4.0,-1.1
-4.0,-4.0,-1.1
-4.0,-4.0,-1.1
-4.0,-4.0,-1.1
-4.0,-4.0,-1.1
-4.0,-4.0,-1.1
-4.0,-4.0,-1.1
-4.0,-4.0,-1.1
-4.0,-4.0,-1.1
-4.0,-4.0,-1.1
-4.0,-4.0,-1.1
-4.0,-4.0,-1.1
-4.0,-4.0,-1.1
-4.0,-4.0,-1.1
-4.0,-4.0,-1.1
-4.0,-4.0,-1.1
-4.0,-4.0,-1.1
-4.0,-4.0,-1.1
-4.0,-4.0,-1.1
-4.0,-4.0,-1.1
-4.0,-4.0,-1.1
-4.0,-4.0,-1.1
-4.0,-4.0,-1.1
-4.0,-4.0,-1.1
-4.0,-4.0,-1.1
-4.0,-4.0,-1.1
-4.0,-4.0,-1.1
-4.0,-4.0,-1.1
-4.0,-4.0,-1.1
-4.0,-4.0,-1.1
-4.0,-4.0,-1.1
-4.0,-4.0,-1.1
-4.0,-4.0,-1.1
-4.0,-4.0,-1.1
-4.0,-4.0,-1.1
-4.0,-4.0,-1.1
-4.0,-4.0,-1.1
-4.0,-4.0,-1.1
-4.0,-4.0,-1.1
-4.0,-4.0,-1.1
-4.0,-4.0,-1.1
-4.0,-4.0,-1.1
-4.0,-4.0,-1.1
-4.0,-4.0,-1.1
-4.0,-4.0,-1.1
-4.0,-4.0,-1.1
-4.0,-4.0,-1.1
-4.0,-4.0,-1.1
-4.0,-4.0,-1.1
-4.0,-4.0,-1.1
-4.0,-4.0,-1.1
-4.0,-4.0,-1.1
-4.0,-4.0,-1.1
-4.0,-4.0,-1.1
-4.0,-4.0,-1.1
-4.0,-4.0,-1.1
-4.0,-4.0,-1.1
-4.0,-4.0,-1.1
-4.0,-4.0,-1.1
-4.0,-4.0,-1.1
-4.0,-4.0,-1.1
-4.0,-4.0,-1.1
-4.0,-4.0,-1.1
-4.0,-4.0,-1.1
-4.0,-4.0,-1.1
-4.0,-4.0,-1.1
-4.0,-4.0,-1.1
-4.0,-4.0,-1.1
-4.0,-4.0,-1.1
-4.0,-4.0,-1.1
-4.0,-4.0,-1.1
-4.0,-4.0,-1.1
-4.0,-4.0,-1.1
-4.0,-4.0,-1.1
-4.0,-4.0,-1.1
-4.0,-4.0,-1.1
-4.0,-4.0,-1.1
-4.0,-4.0,-1.1
-4.0,-4.0,-1.1
-4.0,-4.0,-1.1
-4.0,-4.0,-1.1
-4.0,-4.0,-1.1
-4.0,-4.0,-1.1
-4.0,-4.0,-1.1
-4.0,-4.0,-1.1
-4.0,-4.0,-1.1
-4.0,-4.0,-1.1
-4.0,-4.0,-1.1
-4.0,-4.0,-1.1
-4.0,-4.0,-1.1
-4.0,-4.0,-1.1
-4.0,-4.0,-1.1
-4.0,-4.0,-1.1
-4.0,-4.0,-1.1
-4.0,-4.0,-1.1
-4.0,-4.0,-1.1
-4.0,-4.0,-1.1
-4.0,-4.0,-1.1
-4.0,-4.0,-1.1
-4.0,-4.0,-1.1
-4.0,-4.0,-1.1
-4.0,-4.0,-1.1
-4.0,-4.0,-1.1
-4.0,-4.0,-1.1
-4.0,-4.0,-1.1
-4.0,-4.0,-1.1
-4.0,-4.0,-1.1
-4.0,-4.0,-1.1
-4.0,-4.0,-1.1
-4.0,-4.0,-1.1
-4.0,-4.0,-1.1
-4.0,-4.0,-1.1
-4.0,-4.0,-1.1
-4.0,-4.0,-1.1
-4.0,-4.0,-1.1
-4.0,-4.0,-1.1
-4.0,-4.0,-1.1
-4.0,-4.0,-1.1
-4.0,-4.0,-1.1
-4.0,-4.0,-1.1
-4.0,-4.0,-1.1
-4.0,-4.0,-1.1
-4.0,-4.0,-1.1
-4.0,-4.0,-1.1
-4.0,-4.0,-1.1
-4.0,-4.0,-1.1
-4.0,-4.0,-1.1
-4.0,-4.0,-1.1
-4.0,-4.0,-1.1
-4.0,-4.0,-1.1
-4.0,-4.0,-1.1
-4.0,-4.0,-1.1
-4.0,-4.0,-1.1
-4.0,-4.0,-1.1
-4.0,-4.0,-1.1
-4.0,-4.0,-1.1
-4.0,-4.0,-1.1
-4.0,-4.0,-1.1
-4.0,-4.0,-1.1
-4.0,-4.0,-1.1
-4.0,-4.0,-1.1
-4.0,-4.0,-1.1
-4.0,-4.0,-1.1
-4.0,-4.0,-1.1
-4.0,-4.0,-1.1
-4.0,-4.0,-1.1
-4.0,-4.0,-1.1
-4.0,-4.0,-1.1
-4.0,-4.0,-1.1
-4.0,-4.0,-1.1
-4.0,-4.0,-1.1
-4.0,-4.0,-1.1
-4.0,-4.0,-1.1
-4.0,-4.0,-1.1
-4.0,-4.0,-1.1
-4.0,-4.0,-1.1
-4.0,-4.0,-1.1
-4.0,-4.0,-1.1
-4.0,-4.0,-1.1
-4.0,-4.0,-1.1
-4.0,-4.0,-1.1
-4.0,-4.0,-1.1
-4.0,-4.0,-1.1
-4.0,-4.0,-1.1
-4.0,-4.0,-1.1
-4.0,-4.0,-1.1
-4.0,-4.0,-1.1
-4.0,-4.0,-1.1
-4.0,-4.0,-1.1
-4.0,-4.0,-1.1
-4.0,-4.0,-1.1
-4.0,-4.0,-1.1
-4.0,-4.0,-1.1
-4.0,-4.0,-1.1
-4.0,-4.0,-1.1
-4.0,-4.0,-1.1
-4.0,-4.0,-1.1
-4.0,-4.0,-1.1
-4.0,-4.0,-1.1
-4.0,-4.0,-1.1
-4.0,-4.0,-1.1
-4.0,-4.0,-1.1
-4.0,-4.0,-1.1
-4.0,-4.0,-1.1
-4.0,-4.0,-1.1
-4.0,-4.0,-1.1
-4.0,-4.0,-1.1
-4.0,-4.0,-1.1
-4.0,-4.0,-1.1
-4.0,-4.0,-1.1
-4.0,-4.0,-1.1
-4.0,-4.0,-1.1
-4.0,-4.0,-1.1
-4.0,-4.0,-1.1
-4.0,-4.0,-1.1
-4.0,-4.0,-1.1
-4.0,-4.0,-1.1
-4.0,-4.0,-1.1
-4.0,-4.0,-1.1
-4.0,-4.0,-1.1
-4.0,-4.0,-1.1
-4.0,-4.0,-1.1
-4.0,-4.0,-1.1
-4.0,-4.0,-1.1
-4.0,-4.0,-1.1
-4.0,-4.0,-1.1
-4.0,-4.0,-1.1
-4.0,-4.0,-1.1
-4.0,-4.0,-1.1
-4.0,-4.0,-1.1
-4.0,-4.0,-1.1
-4.0,-4.0,-1.1
-4.0,-4.0,-1.1
-4.0,-4.0,-1.1
-4.0,-4.0,-1.1
-4.0,-4.0,-1.1
-4.0,-4.0,-1.1
-4.0,-4.0,-1.1
-4.0,-4.0,-1.1
-4.0,-4.0,-1.1
-4.0,-4.0,-1.1
-4.0,-4.0,-1.1
-4.0,-4.0,-1.1
-4.0,-4.0,-1.1
-4.0,-4.0,-1.1
-4.0,-4.0,-1.1
-4.0,-4.0,-1.1
-4.0,-4.0,-1.1
-4.0,-4.0,-1.1
-4.0,-4.0,-1.1
-4.0,-4.0,-1.1
-4.0,-4.0,-1.1
-4.0,-4.0,-1.1
-4.0,-4.0,-1.1
-4.0,-4.0,-1.1
-4.0,-4.0,-1.1
-4.0,-4.0,-1.1
-4.0,-4.0,-1.1
-4.0,-4.0,-1.1
-4.0,-4.0,-1.1
-4.0,-4.0,-1.1
-4.0,-4.0,-1.1
-4.0,-4.0,-1.1
-4.0,-4.0,-1.1
-4.0,-4.0,-1.1
-4.0,-4.0,-1.1
-4.0,-4.0,-1.1
-4.0,-4.0,-1.1
-4.0,-4.0,-1.1
-4.0,-4.0,-1.1
-4.0,-4.0,-1.1
-4.0,-4.0,-1.1
-4.0,-4.0,-1.1
-4.0,-4.0,-1.1
-4.0,-4.0,-1.1
-4.0,-4.0,-1.1
-4.0,-4.0,-1.1
-4.0,-4.0,-1.1
-4.0,-4.0,-1.1
-4.0,-4.0,-1.1
-4.0,-4.0,-1.1
-4.0,-4.0,-1.1
-4.0,-4.0,-1.1
-4.0,-4.0,-1.1
-4.0,-4.0,-1.1
-4.0,-4.0,-1.1
-4.0,-4.0,-1.1
-4.0,-4.0,-1.1
-4.0,-4.0,-1.1
-4.0,-4.0,-1.1
-4.0,-4.0,-1.1
-4.0,-4.0,-1.1
-4.0,-4.0,-1.1
-4.0,-4.0,-1.1
-4.0,-4.0,-1.1
-4.0,-4.0,-1.1
-4.0,-4.0,-1.1
-4.0,-4.0,-1.1
-4.0,-4.0,-1.1
-4.0,-4.0,-1.1
-4.0,-4.0,-1.1
-4.0,-4.0,-1.1
-4.0,-4.0,-1.1
-4.0,-4.0,-1.1
-4.0,-4.0,-1.1
-4.0,-4.0,-1.1
-4.0,-4.0,-1.1
-4.0,-4.0,-1.1
-4.0,-4.0,-1.1
-4.0,-4.0,-1.1
-4.0,-4.0,-1.1
-4.0,-4.0,-1.1
-4.0,-4.0,-1.1
-4.0,-4.0,-1.1
-4.0,-4.0,-1.1
-4.0,-4.0,-1.1
-4.0,-4.0,-1.1
-4.0,-4.0,-1.1
-4.0,-4.0,-1.1
-4.0,-4.0,-1.1
-4.0,-4.0,-1.1
-4.0,-4.0,-1.1
-4.0,-4.0,-1.1
-4.0,-4.0,-1.1
-4.0,-4.0,-1.1
-4.0,-4.0,-1.1
-4.0,-4.0,-1.1
-4.0,-4.0,-1.1
-4.0,-4.0,-1.1
-4.0,-4.0,-1.1
-4.0,-4.0,-1.1
-4.0,-4.0,-1.1
-4.0,-4.0,-1.1
-4.0,-4.0,-1.1
-4.0,-4.0,-1.1
-4.0,-4.0,-1.1
-4.0,-4.0,-1.1
-4.0,-4.0,-1.1
-4.0,-4.0,-1.1
-4.0,-4.0,-1.1
-4.0,-4.0,-1.1
-4.0,-4.0,-1.1
-4.0,-4.0,-1.1
-4.0,-4.0,-1.1
-4.0,-4.0,-1.1
-4.0,-4.0,-1.1
-4.0,-4.0,-1.1
-4.0,-4.0,-1.1
-4.0,-4.0,-1.1
-4.0,-4.0,-1.1
-4.0,-4.0,-1.1
-4.0,-4.0,-1.1
-4.0,-4.0,-1.1
-4.0,-4.0,-1.1
-4.0,-4.0,-1.1
-4.0,-4.0,-1.1
-4.0,-4.0,-1.1
-4.0,-4.0,-1.1
-4.0,-4.0,-1.1
-4.0,-4.0,-1.1
-4.0,-4.0,-1.1
-4.0,-4.0,-1.1
-4.0,-4.0,-1.1
-4.0,-4.0,-1.1
-4.0,-4.0,-1.1
-4.0,-4.0,-1.1
-4.0,-4.0,-1.1
-4.0,-4.0,-1.1
-4.0,-4.0,-1.1
-4.0,-4.0,-1.1
-4.0,-4.0,-1.1
-4.0,-4.0,-1.1
-4.0,-4.0,-1.1
-4.0,-4.0,-1.1
-4.0,-4.0,-1.1
-4.0,-4.0,-1.1
-4.0,-4.0,-1.1
-4.0,-4.0,-1.1
-4.0,-4.0,-1.1
-4.0,-4.0,-1.1
-4.0,-4.0,-1.1
-4.0,-4.0,-1.1
-4.0,-4.0,-1.1
-4.0,-4.0,-1.1
-4.0,-4.0,-1.1
-4.0,-4.0,-1.1
-4.0,-4.0,-1.1
-4.0,-4.0,-1.1
-4.0,-4.0,-1.1
-4.0,-4.0,-1.1
-4.0,-4.0,-1.1
-4.0,-4.0,-1.1
-4.0,-4.0,-1.1
-4.0,-4.0,-1.1
-4.0,-4.0,-1.1
-4.0,-4.0,-1.1
-4.0,-4.0,-1.1
-4.0,-4.0,-1.1
-4.0,-4.0,-1.1
-4.0,-4.0,-1.1
-4.0,-4.0,-1.1
-4.0,-4.0,-1.1
-4.0,-4.0,-1.1
-4.0,-4.0,-1.1
-4.0,-4.0,-1.1
-4.0,-4.0,-1.1
-4.0,-4.0,-1.1
-4.0,-4.0,-1.1
-4.0,-4.0,-1.1
-4.0,-4.0,-1.1
-4.0,-4.0,-1.1
-4.0,-4.0,-1.1
-4.0,-4.0,-1.1
-4.0,-4.0,-1.1
-4.0,-4.0,-1.1
-4.0,-4.0,-1.1
-4.0,-4.0,-1.1
-4.0,-4.0,-1.1
-4.0,-4.0,-1.1
-4.0,-4.0,-1.1
-4.0,-4.0,-1.1
-4.0,-4.0,-1.1
-4.0,-4.0,-1.1
-4.0,-4.0,-1.1
-4.0,-4.0,-1.1
-4.0,-4.0,-1.1
-4.0,-4.0,-1.1
-4.0,-4.0,-1.1
-4.0,-4.0,-1.1
-4.0,-4.0,-1.1
-4.0,-4.0,-1.1
-4.0,-4.0,-1.1
-4.0,-4.0,-1.1
-4.0,-4.0,-1.1
-4.0,-4.0,-1.1
-4.0,-4.0,-1.1
-4.0,-4.0,-1.1
-4.0,-4.0,-1.1
-4.0,-4.0,-1.1
-4.0,-4.0,-1.1
-4.0,-4.0,-1.1
-4.0,-4.0,-1.1
-4.0,-4.0,-1.1
-4.0,-4.0,-1.1
-4.0,-4.0,-1.1
-4.0,-4.0,-1.1
-4.0,-4.0,-1.1
-4.0,-4.0,-1.1
-4.0,-4.0,-1.1
-4.0,-4.0,-1.1
-4.0,-4.0,-1.1
-4.0,-4.0,-1.1
-4.0,-4.0,-1.1
-4.0,-4.0,-1.1
-4.0,-4.0,-1.1
-4.0,-4.0,-1.1
-4.0,-4.0,-1.1
-4.0,-4.0,-1.1
-4.0,-4.0,-1.1
-4.0,-4.0,-1.1
-4.0,-4.0,-1.1
-4.0,-4.0,-1.1
-4.0,-4.0,-1.1
-4.0,-4.0,-1.1
-4.0,-4.0,-1.1
-4.0,-4.0,-1.1
-4.0,-4.0,-1.1
-4.0,-4.0,-1.1
-4.0,-4.0,-1.1
-4.0,-4.0,-1.1
-4.0,-4.0,-1.1
-4.0,-4.0,-1.1
-4.0,-4.0,-1.1
-4.0,-4.0,-1.1
-4.0,-4.0,-1.1
-4.0,-4.0,-1.1
-4.0,-4.0,-1.1
-4.0,-4.0,-1.1
-4.0,-4.0,-1.1
-4.0,-4.0,-1.1
-4.0,-4.0,-1.1
-4.0,-4.0,-1.1
-4.0,-4.0,-1.1
-4.0,-4.0,-1.1
-4.0,-4.0,-1.1
-4.0,-4.0,-1.1
-4.0,-4.0,-1.1
-4.0,-4.0,-1.1
-4.0,-4.0,-1.1
-4.0,-4.0,-1.1
-4.0,-4.0,-1.1
-4.0,-4.0,-1.1
-4.0,-4.0,-1.1
-4.0,-4.0,-1.1
-4.0,-4.0,-1.1
-4.0,-4.0,-1.1
-4.0,-4.0,-1.1
-4.0,-4.0,-1.1
-4.0,-4.0,-1.1
-4.0,-4.0,-1.1
-4.0,-4.0,-1.1
-4.0,-4.0,-1.1
-4.0,-4.0,-1.1
-4.0,-4.0,-1.1
-4.0,-4.0,-1.1
-4.0,-4.0,-1.1
-4.0,-4.0,-1.1
-4.0,-4.0,-1.1
-4.0,-4.0,-1.1
-4.0,-4.0,-1.1
-4.0,-4.0,-1.1
-4.0,-4.0,-1.1
-4.0,-4.0,-1.1
-4.0,-4.0,-1.1
-4.0,-4.0,-1.1
-4.0,-4.0,-1.1
-4.0,-4.0,-1.1
-4.0,-4.0,-1.1
-4.0,-4.0,-1.1
-4.0,-4.0,-1.1
-4.0,-4.0,-1.1
-4.0,-4.0,-1.1
-4.0,-4.0,-1.1
-4.0,-4.0,-1.1
-4.0,-4.0,-1.1
-4.0,-4.0,-1.1
-4.0,-4.0,-1.1
-4.0,-4.0,-1.1
-4.0,-4.0,-1.1
-4.0,-4.0,-1.1
-4.0,-4.0,-1.1
-4.0,-4.0,-1.1
-4.0,-4.0,-1.1
-4.0,-4.0,-1.1
-4.0,-4.0,-1.1
-4.0,-4.0,-1.1
-4.0,-4.0,-1.1
-4.0,-4.0,-1.1
-4.0,-4.0,-1.1
-4.0,-4.0,-1.1
-4.0,-4.0,-1.1
-4.0,-4.0,-1.1
-4.0,-4.0,-1.1
-4.0,-4.0,-1.1
-4.0,-4.0,-1.1
-4.0,-4.0,-1.1
-4.0,-4.0,-1.1
-4.0,-4.0,-1.1
-4.0,-4.0,-1.1
-4.0,-4.0,-1.1
-4.0,-4.0,-1.1
-4.0,-4.0,-1.1
-4.0,-4.0,-1.1
-4.0,-4.0,-1.1
-4.0,-4.0,-1.1
-4.0,-4.0,-1.1
-4.0,-4.0,-1.1
-4.0,-4.0,-1.1
-4.0,-4.0,-1.1
-4.0,-4.0,-1.1
-4.0,-4.0,-1.1
-4.0,-4.0,-1.1
-4.0,-4.0,-1.1
-4.0,-4.0,-1.1
-4.0,-4.0,-1.1
-4.0,-4.0,-1.1
-4.0,-4.0,-1.1
-4.0,-4.0,-1.1
-4.0,-4.0,-1.1
-4.0,-4.0,-1.1
-4.0,-4.0,-1.1
-4.0,-4.0,-1.1
-4.0,-4.0,-1.1
-4.0,-4.0,-1.1
-4.0,-4.0,-1.1
-4.0,-4.0,-1.1
-4.0,-4.0,-1.1
-4.0,-4.0,-1.1
-4.0,-4.0,-1.1
-4.0,-4.0,-1.1
-4.0,-4.0,-1.1
-4.0,-4.0,-1.1
-4.0,-4.0,-1.1
-4.0,-4.0,-1.1
-4.0,-4.0,-1.1
-4.0,-4.0,-1.1
-4.0,-4.0,-1.1
-4.0,-4.0,-1.1
-4.0,-4.0,-1.1
-4.0,-4.0,-1.1
-4.0,-4.0,-1.1
-4.0,-4.0,-1.1
-4.0,-4.0,-1.1
-4.0,-4.0,-1.1
-4.0,-4.0,-1.1
-4.0,-4.0,-1.1
-4.0,-4.0,-1.1
-4.0,-4.0,-1.1
-4.0,-4.0,-1.1
-4.0,-4.0,-1.1
-4.0,-4.0,-1.1
-4.0,-4.0,-1.1
-4.0,-4.0,-1.1
-4.0,-4.0,-1.1
-4.0,-4.0,-1.1
-4.0,-4.0,-1.1
-4.0,-4.0,-1.1
-4.0,-4.0,-1.1
-4.0,-4.0,-1.1
-4.0,-4.0,-1.1
-4.0,-4.0,-1.1
-4.0,-4.0,-1.1
-4.0,-4.0,-1.1
-4.0,-4.0,-1.1
-4.0,-4.0,-1.1
-4.0,-4.0,-1.1
-4.0,-4.0,-1.1
-4.0,-4.0,-1.1
-4.0,-4.0,-1.1
-4.0,-4.0,-1.1
-4.0,-4.0,-1.1
-4.0,-4.0,-1.1
-4.0,-4.0,-1.1
-4.0,-4.0,-1.1
-4.0,-4.0,-1.1
-4.0,-4.0,-1.1
-4.0,-4.0,-1.1
-4.0,-4.0,-1.1
-4.0,-4.0,-1.1
-4.0,-4.0,-1.1
-4.0,-4.0,-1.1
-4.0,-4.0,-1.1
-4.0,-4.0,-1.1
-4.0,-4.0,-1.1
-4.0,-4.0,-1.1
-4.0,-4.0,-1.1
-4.0,-4.0,-1.1
-4.0,-4.0,-1.1
-4.0,-4.0,-1.1
-4.0,-4.0,-1.1
-4.0,-4.0,-1.1
-4.0,-4.0,-1.1
-4.0,-4.0,-1.1
-4.0,-4.0,-1.1
-4.0,-4.0,-1.1
-4.0,-4.0,-1.1
-4.0,-4.0,-1.1
-4.0,-4.0,-1.1
-4.0,-4.0,-1.1
-4.0,-4.0,-1.1
-4.0,-4.0,-1.1
-4.0,-4.0,-1.1
-4.0,-4.0,-1.1
-4.0,-4.0,-1.1
-4.0,-4.0,-1.1
-4.0,-4.0,-1.1
-4.0,-4.0,-1.1
-4.0,-4.0,-1.1
-4.0,-4.0,-1.1
-4.0,-4.0,-1.1
-4.0,-4.0,-1.1
-4.0,-4.0,-1.1
-4.0,-4.0,-1.1
-4.0,-4.0,-1.1
-4.0,-4.0,-1.1
-4.0,-4.0,-1.1
-4.0,-4.0,-1.1
-4.0,-4.0,-1.1
-4.0,-4.0,-1.1
-4.0,-4.0,-1.1
-4.0,-4.0,-1.1
-4.0,-4.0,-1.1
-4.0,-4.0,-1.1
-4.0,-4.0,-1.1
-4.0,-4.0,-1.1
-4.0,-4.0,-1.1
-4.0,-4.0,-1.1
-4.0,-4.0,-1.1
-4.0,-4.0,-1.1
-4.0,-4.0,-1.1
-4.0,-4.0,-1.1
-4.0,-4.0,-1.1
-4.0,-4.0,-1.1
-4.0,-4.0,-1.1
-4.0,-4.0,-1.1
-4.0,-4.0,-1.1
-4.0,-4.0,-1.1
-4.0,-4.0,-1.1
-4.0,-4.0,-1.1
-4.0,-4.0,-1.1
-4.0,-4.0,-1.1
-4.0,-4.0,-1.1
-4.0,-4.0,-1.1
-4.0,-4.0,-1.1
-4.0,-4.0,-1.1
-4.0,-4.0,-1.1
-4.0,-4.0,-1.1
-4.0,-4.0,-1.1
-4.0,-4.0,-1.1
-4.0,-4.0,-1.1
-4.0,-4.0,-1.1
-4.0,-4.0,-1.1
-4.0,-4.0,-1.1
-4.0,-4.0,-1.1
-4.0,-4.0,-1.1
-4.0,-4.0,-1.1
-4.0,-4.0,-1.1
-4.0,-4.0,-1.1
-4.0,-4.0,-1.1
-4.0,-4.0,-1.1
-4.0,-4.0,-1.1
-4.0,-4.0,-1.1
-4.0,-4.0,-1.1
-4.0,-4.0,-1.1
-4.0,-4.0,-1.1
-4.0,-4.0,-1.1
-4.0,-4.0,-1.1
-4.0,-4.0,-1.1
-4.0,-4.0,-1.1
-4.0,-4.0,-1.1
-4.0,-4.0,-1.1
-4.0,-4.0,-1.1
-4.0,-4.0,-1.1
-4.0,-4.0,-1.1
-4.0,-4.0,-1.1
-4.0,-4.0,-1.1
-4.0,-4.0,-1.1
-4.0,-4.0,-1.1
-4.0,-4.0,-1.1
-4.0,-4.0,-1.1
-4.0,-4.0,-1.1
-4.0,-4.0,-1.1
-4.0,-4.0,-1.1
-4.0,-4.0,-1.1
-4.0,-4.0,-1.1
-4.0,-4.0,-1.1
-4.0,-4.0,-1.1
-4.0,-4.0,-1.1
-4.0,-4.0,-1.1
-4.0,-4.0,-1.1
-4.0,-4.0,-1.1
-4.0,-4.0,-1.1
-4.0,-4.0,-1.1
-4.0,-4.0,-1.1
-4.0,-4.0,-1.1
-4.0,-4.0,-1.1
-4.0,-4.0,-1.1
-4.0,-4.0,-1.1
-4.0,-4.0,-1.1
-4.0,-4.0,-1.1
-4.0,-4.0,-1.1
-4.0,-4.0,-1.1
-4.0,-4.0,-1.1
-4.0,-4.0,-1.1
-4.0,-4.0,-1.1
-4.0,-4.0,-1.1
-4.0,-4.0,-1.1
-4.0,-4.0,-1.1
-4.0,-4.0,-1.1
-4.0,-4.0,-1.1
-4.0,-4.0,-1.1
-4.0,-4.0,-1.1
-4.0,-4.0,-1.1
-4.0,-4.0,-1.1
-4.0,-4.0,-1.1
-4.0,-4.0,-1.1
-4.0,-4.0,-1.1
-4.0,-4.0,-1.1
-4.0,-4.0,-1.1
-4.0,-4.0,-1.1
-4.0,-4.0,-1.1
-4.0,-4.0,-1.1
-4.0,-4.0,-1.1
-4.0,-4.0,-1.1
-4.0,-4.0,-1.1
-4.0,-4.0,-1.1
-4.0,-4.0,-1.1
-4.0,-4.0,-1.1
-4.0,-4.0,-1.1
-4.0,-4.0,-1.1
-4.0,-4.0,-1.1
-4.0,-4.0,-1.1
-4.0,-4.0,-1.1
-4.0,-4.0,-1.1
-4.0,-4.0,-1.1
-4.0,-4.0,-1.1
-4.0,-4.0,-1.1
-4.0,-4.0,-1.1
-4.0,-4.0,-1.1
-4.0,-4.0,-1.1
-4.0,-4.0,-1.1
-4.0,-4.0,-1.1
-4.0,-4.0,-1.1
-4.0,-4.0,-1.1
-4.0,-4.0,-1.1
-4.0,-4.0,-1.1
-4.0,-4.0,-1.1
-4.0,-4.0,-1.1
-4.0,-4.0,-1.1
-4.0,-4.0,-1.1
-4.0,-4.0,-1.1
-4.0,-4.0,-1.1
-4.0,-4.0,-1.1
-4.0,-4.0,-1.1
-4.0,-4.0,-1.1
-4.0,-4.0,-1.1
-4.0,-4.0,-1.1
-4.0,-4.0,-1.1
-4.0,-4.0,-1.1
-4.0,-4.0,-1.1
-4.0,-4.0,-1.1
-4.0,-4.0,-1.1
-4.0,-4.0,-1.1
-4.0,-4.0,-1.1
-4.0,-4.0,-1.1
-4.0,-4.0,-1.1
-4.0,-4.0,-1.1
-4.0,-4.0,-1.1
-4.0,-4.0,-1.1
-4.0,-4.0,-1.1
-4.0,-4.0,-1.1
-4.0,-4.0,-1.1
-4.0,-4.0,-1.1
-4.0,-4.0,-1.1
-4.0,-4.0,-1.1
-4.0,-4.0,-1.1
-4.0,-4.0,-1.1
-4.0,-4.0,-1.1
-4.0,-4.0,-1.1
-4.0,-4.0,-1.1
-4.0,-4.0,-1.1
-4.0,-4.0,-1.1
-4.0,-4.0,-1.1
-4.0,-4.0,-1.1
-4.0,-4.0,-1.1
-4.0,-4.0,-1.1
-4.0,-4.0,-1.1
-4.0,-4.0,-1.1
-4.0,-4.0,-1.1
-4.0,-4.0,-1.1
-4.0,-4.0,-1.1
-4.0,-4.0,-1.1
-4.0,-4.0,-1.1
-4.0,-4.0,-1.1
-4.0,-4.0,-1.1
-4.0,-4.0,-1.1
-4.0,-4.0,-1.1
-4.0,-4.0,-1.1
-4.0,-4.0,-1.1
-4.0,-4.0,-1.1
-4.0,-4.0,-1.1
-4.0,-4.0,-1.1
-4.0,-4.0,-1.1
-4.0,-4.0,-1.1
-4.0,-4.0,-1.1
-4.0,-4.0,-1.1
-4.0,-4.0,-1.1
-4.0,-4.0,-1.1
-4.0,-4.0,-1.1
-4.0,-4.0,-1.1
-4.0,-4.0,-1.1
-4.0,-4.0,-1.1
-4.0,-4.0,-1.1
-4.0,-4.0,-1.1
-4.0,-4.0,-1.1
-4.0,-4.0,-1.1
-4.0,-4.0,-1.1
-4.0,-4.0,-1.1
-4.0,-4.0,-1.1
-4.0,-4.0,-1.1
-4.0,-4.0,-1.1
-4.0,-4.0,-1.1
-4.0,-4.0,-1.1
-4.0,-4.0,-1.1
-4.0,-4.0,-1.1
-4.0,-4.0,-1.1
-4.0,-4.0,-1.1
-4.0,-4.0,-1.1
-4.0,-4.0,-1.1
-4.0,-4.0,-1.1
-4.0,-4.0,-1.1
-4.0,-4.0,-1.1
-4.0,-4.0,-1.1
-4.0,-4.0,-1.1
-4.0,-4.0,-1.1
-4.0,-4.0,-1.1
-4.0,-4.0,-1.1
-4.0,-4.0,-1.1
-4.0,-4.0,-1.1
-4.0,-4.0,-1.1
-4.0,-4.0,-1.1
-4.0,-4.0,-1.1
-4.0,-4.0,-1.1
-4.0,-4.0,-1.1
-4.0,-4.0,-1.1
-4.0,-4.0,-1.1
-4.0,-4.0,-1.1
-4.0,-4.0,-1.1
-4.0,-4.0,-1.1
-4.0,-4.0,-1.1
-4.0,-4.0,-1.1
-4.0,-4.0,-1.1
-4.0,-4.0,-1.1
-4.0,-4.0,-1.1
-4.0,-4.0,-1.1
-4.0,-4.0,-1.1
-4.0,-4.0,-1.1
-4.0,-4.0,-1.1
-4.0,-4.0,-1.1
-4.0,-4.0,-1.1
-4.0,-4.0,-1.1
-4.0,-4.0,-1.1
-4.0,-4.0,-1.1
-4.0,-4.0,-1.1
-4.0,-4.0,-1.1
-4.0,-4.0,-1.1
-4.0,-4.0,-1.1
-4.0,-4.0,-1.1
-4.0,-4.0,-1.1
-4.0,-4.0,-1.1
-4.0,-4.0,-1.1
-4.0,-4.0,-1.1
-4.0,-4.0,-1.1
-4.0,-4.0,-1.1
-4.0,-4.0,-1.1
-4.0,-4.0,-1.1
-4.0,-4.0,-1.1
-4.0,-4.0,-1.1
-4.0,-4.0,-1.1
-4.0,-4.0,-1.1
-4.0,-4.0,-1.1
-4.0,-4.0,-1.1
-4.0,-4.0,-1.1
-4.0,-4.0,-1.1
-4.0,-4.0,-1.1
-4.0,-4.0,-1.1
-4.0,-4.0,-1.1
-4.0,-4.0,-1.1
-4.0,-4.0,-1.1
-4.0,-4.0,-1.1
-4.0,-4.0,-1.1
-4.0,-4.0,-1.1
-4.0,-4.0,-1.1
-4.0,-4.0,-1.1
-4.0,-4.0,-1.1
-4.0,-4.0,-1.1
-4.0,-4.0,-1.1
-4.0,-4.0,-1.1
-4.0,-4.0,-1.1
-4.0,-4.0,-1.1
-4.0,-4.0,-1.1
-4.0,-4.0,-1.1
-4.0,-4.0,-1.1
-4.0,-4.0,-1.1
-4.0,-4.0,-1.1
-4.0,-4.0,-1.1
-4.0,-4.0,-1.1
-4.0,-4.0,-1.1
-4.0,-4.0,-1.1
-4.0,-4.0,-1.1
-4.0,-4.0,-1.1
-4.0,-4.0,-1.1
-4.0,-4.0,-1.1
-4.0,-4.0,-1.1
-4.0,-4.0,-1.1
-4.0,-4.0,-1.1
-4.0,-4.0,-1.1
-4.0,-4.0,-1.1
-4.0,-4.0,-1.1
-4.0,-4.0,-1.1
-4.0,-4.0,-1.1
-4.0,-4.0,-1.1
-4.0,-4.0,-1.1
-4.0,-4.0,-1.1
-4.0,-4.0,-1.1
-4.0,-4.0,-1.1
-4.0,-4.0,-1.1
-4.0,-4.0,-1.1
-4.0,-4.0,-1.1
-4.0,-4.0,-1.1
-4.0,-4.0,-1.1
-4.0,-4.0,-1.1
-4.0,-4.0,-1.1
-4.0,-4.0,-1.1
-4.0,-4.0,-1.1
-4.0,-4.0,-1.1
-4.0,-4.0,-1.1
-4.0,-4.0,-1.1
-4.0,-4.0,-1.1
-4.0,-4.0,-1.1
-4.0,-4.0,-1.1
-4.0,-4.0,-1.1
-4.0,-4.0,-1.1
-4.0,-4.0,-1.1
-4.0,-4.0,-1.1
-4.0,-4.0,-1.1
-4.0,-4.0,-1.1
-4.0,-4.0,-1.1
-4.0,-4.0,-1.1
-4.0,-4.0,-1.1
-4.0,-4.0,-1.1
-4.0,-4.0,-1.1
-4.0,-4.0,-1.1
-4.0,-4.0,-1.1
-4.0,-4.0,-1.1
-4.0,-4.0,-1.1
-4.0,-4.0,-1.1
-4.0,-4.0,-1.1
-4.0,-4.0,-1.1
-4.0,-4.0,-1.1
-4.0,-4.0,-1.1
-4.0,-4.0,-1.1
-4.0,-4.0,-1.1
-4.0,-4.0,-1.1
-4.0,-4.0,-1.1
-4.0,-4.0,-1.1
-4.0,-4.0,-1.1
-4.0,-4.0,-1.1
-4.0,-4.0,-1.1
-4.0,-4.0,-1.1
-4.0,-4.0,-1.1
-4.0,-4.0,-1.1
-4.0,-4.0,-1.1
-4.0,-4.0,-1.1
-4.0,-4.0,-1.1
-4.0,-4.0,-1.1
-4.0,-4.0,-1.1
-4.0,-4.0,-1.1
-4.0,-4.0,-1.1
-4.0,-4.0,-1.1
-4.0,-4.0,-1.1
-4.0,-4.0,-1.1
-4.0,-4.0,-1.1
-4.0,-4.0,-1.1
-4.0,-4.0,-1.1
-4.0,-4.0,-1.1
-4.0,-4.0,-1.1
-4.0,-4.0,-1.1
-4.0,-4.0,-1.1
-4.0,-4.0,-1.1
-4.0,-4.0,-1.1
-4.0,-4.0,-1.1
-4.0,-4.0,-1.1
-4.0,-4.0,-1.1
-4.0,-4.0,-1.1
-4.0,-4.0,-1.1
-4.0,-4.0,-1.1
-4.0,-4.0,-1.1
-4.0,-4.0,-1.1
-4.0,-4.0,-1.1
-4.0,-4.0,-1.1
-4.0,-4.0,-1.1
-4.0,-4.0,-1.1
-4.0,-4.0,-1.1
-4.0,-4.0,-1.1
-4.0,-4.0,-1.1
-4.0,-4.0,-1.1
-4.0,-4.0,-1.1
-4.0,-4.0,-1.1
-4.0,-4.0,-1.1
-4.0,-4.0,-1.1
-4.0,-4.0,-1.1
-4.0,-4.0,-1.1
-4.0,-4.0,-1.1
-4.0,-4.0,-1.1
-4.0,-4.0,-1.1
-4.0,-4.0,-1.1
-4.0,-4.0,-1.1
-4.0,-4.0,-1.1
-4.0,-4.0,-1.1
-4.0,-4.0,-1.1
-4.0,-4.0,-1.1
-4.0,-4.0,-1.1
-4.0,-4.0,-1.1
-4.0,-4.0,-1.1
-4.0,-4.0,-1.1
-4.0,-4.0,-1.1
-4.0,-4.0,-1.1
-4.0,-4.0,-1.1
-4.0,-4.0,-1.1
-4.0,-4.0,-1.1
-4.0,-4.0,-1.1
-4.0,-4.0,-1.1
-4.0,-4.0,-1.1
-4.0,-4.0,-1.1
-4.0,-4.0,-1.1
-4.0,-4.0,-1.1
-4.0,-4.0,-1.1
-4.0,-4.0,-1.1
-4.0,-4.0,-1.1
-4.0,-4.0,-1.1
-4.0,-4.0,-1.1
-4.0,-4.0,-1.1
-4.0,-4.0,-1.1
-4.0,-4.0,-1.1
-4.0,-4.0,-1.1
-4.0,-4.0,-1.1
-4.0,-4.0,-1.1
-4.0,-4.0,-1.1
-4.0,-4.0,-1.1
-4.0,-4.0,-1.1
-4.0,-4.0,-1.1
-4.0,-4.0,-1.1
-4.0,-4.0,-1.1
-4.0,-4.0,-1.1
-4.0,-4.0,-1.1
-4.0,-4.0,-1.1
-4.0,-4.0,-1.1
-4.0,-4.0,-1.1
-4.0,-4.0,-1.1
-4.0,-4.0,-1.1
-4.0,-4.0,-1.1
-4.0,-4.0,-1.1
-4.0,-4.0,-1.1
-4.0,-4.0,-1.1
-4.0,-4.0,-1.1
-4.0,-4.0,-1.1
-4.0,-4.0,-1.1
-4.0,-4.0,-1.1
-4.0,-4.0,-1.1
-4.0,-4.0,-1.1
-4.0,-4.0,-1.1
-4.0,-4.0,-1.1
-4.0,-4.0,-1.1
-4.0,-4.0,-1.1
-4.0,-4.0,-1.1
-4.0,-4.0,-1.1
-4.0,-4.0,-1.1
-4.0,-4.0,-1.1
-4.0,-4.0,-1.1
-4.0,-4.0,-1.1
-4.0,-4.0,-1.1
-4.0,-4.0,-1.1
-4.0,-4.0,-1.1
-4.0,-4.0,-1.1
-4.0,-4.0,-1.1
-4.0,-4.0,-1.1
-4.0,-4.0,-1.1
-4.0,-4.0,-1.1
-4.0,-4.0,-1.1
-4.0,-4.0,-1.1
-4.0,-4.0,-1.1
-4.0,-4.0,-1.1
-4.0,-4.0,-1.1
-4.0,-4.0,-1.1
-4.0,-4.0,-1.1
-4.0,-4.0,-1.1
-4.0,-4.0,-1.1
-4.0,-4.0,-1.1
-4.0,-4.0,-1.1
-4.0,-4.0,-1.1
-4.0,-4.0,-1.1
-4.0,-4.0,-1.1
-4.0,-4.0,-1.1
-4.0,-4.0,-1.1
-4.0,-4.0,-1.1
-4.0,-4.0,-1.1
-4.0,-4.0,-1.1
-4.0,-4.0,-1.1
-4.0,-4.0,-1.1
-4.0,-4.0,-1.1
-4.0,-4.0,-1.1
-4.0,-4.0,-1.1
-4.0,-4.0,-1.1
-4.0,-4.0,-1.1
-4.0,-4.0,-1.1
-4.0,-4.0,-1.1
-4.0,-4.0,-1.1
-4.0,-4.0,-1.1
-4.0,-4.0,-1.1
-4.0,-4.0,-1.1
-4.0,-4.0,-1.1
-4.0,-4.0,-1.1
-4.0,-4.0,-1.1
-4.0,-4.0,-1.1
-4.0,-4.0,-1.1
-4.0,-4.0,-1.1
-4.0,-4.0,-1.1
-4.0,-4.0,-1.1
-4.0,-4.0,-1.1
-4.0,-4.0,-1.1
-4.0,-4.0,-1.1
-4.0,-4.0,-1.1
-4.0,-4.0,-1.1
-4.0,-4.0,-1.1
-4.0,-4.0,-1.1
-4.0,-4.0,-1.1
-4.0,-4.0,-1.1
-4.0,-4.0,-1.1
-4.0,-4.0,-1.1
-4.0,-4.0,-1.1
-4.0,-4.0,-1.1
-4.0,-4.0,-1.1
-4.0,-4.0,-1.1
-4.0,-4.0,-1.1
-4.0,-4.0,-1.1
-4.0,-4.0,-1.1
-4.0,-4.0,-1.1
-4.0,-4.0,-1.1
-4.0,-4.0,-1.1
-4.0,-4.0,-1.1
-4.0,-4.0,-1.1
-4.0,-4.0,-1.1
-4.0,-4.0,-1.1
-4.0,-4.0,-1.1
-4.0,-4.0,-1.1
-4.0,-4.0,-1.1
-4.0,-4.0,-1.1
-4.0,-4.0,-1.1
-4.0,-4.0,-1.1
-4.0,-4.0,-1.1
-4.0,-4.0,-1.1
-4.0,-4.0,-1.1
-4.0,-4.0,-1.1
-4.0,-4.0,-1.1
-4.0,-4.0,-1.1
-4.0,-4.0,-1.1
-4.0,-4.0,-1.1
-4.0,-4.0,-1.1
-4.0,-4.0,-1.1
-4.0,-4.0,-1.1
-4.0,-4.0,-1.1
-4.0,-4.0,-1.1
-4.0,-4.0,-1.1
-4.0,-4.0,-1.1
-4.0,-4.0,-1.1
-4.0,-4.0,-1.1
-4.0,-4.0,-1.1
-4.0,-4.0,-1.1
-4.0,-4.0,-1.1
-4.0,-4.0,-1.1
-4.0,-4.0,-1.1
-4.0,-4.0,-1.1
-4.0,-4.0,-1.1
-4.0,-4.0,-1.1
-4.0,-4.0,-1.1
-4.0,-4.0,-1.1
-4.0,-4.0,-1.1
-4.0,-4.0,-1.1
-4.0,-4.0,-1.1
-4.0,-4.0,-1.1
-4.0,-4.0,-1.1
-4.0,-4.0,-1.1
-4.0,-4.0,-1.1
-4.0,-4.0,-1.1
-4.0,-4.0,-1.1
-4.0,-4.0,-1.1
-4.0,-4.0,-1.1
-4.0,-4.0,-1.1
-4.0,-4.0,-1.1
-4.0,-4.0,-1.1
-4.0,-4.0,-1.1
-4.0,-4.0,-1.1
-4.0,-4.0,-1.1
-4.0,-4.0,-1.1
-4.0,-4.0,-1.1
-4.0,-4.0,-1.1
-4.0,-4.0,-1.1
-4.0,-4.0,-1.1
-4.0,-4.0,-1.1
-4.0,-4.0,-1.1
-4.0,-4.0,-1.1
-4.0,-4.0,-1.1
-4.0,-4.0,-1.1
-4.0,-4.0,-1.1
-4.0,-4.0,-1.1
-4.0,-4.0,-1.1
-4.0,-4.0,-1.1
-4.0,-4.0,-1.1
-4.0,-4.0,-1.1
-4.0,-4.0,-1.1
-4.0,-4.0,-1.1
-4.0,-4.0,-1.1
-4.0,-4.0,-1.1
-4.0,-4.0,-1.1
-4.0,-4.0,-1.1
-4.0,-4.0,-1.1
-4.0,-4.0,-1.1
-4.0,-4.0,-1.1
-4.0,-4.0,-1.1
-4.0,-4.0,-1.1
-4.0,-4.0,-1.1
-4.0,-4.0,-1.1
-4.0,-4.0,-1.1
-4.0,-4.0,-1.1
-4.0,-4.0,-1.1
-4.0,-4.0,-1.1
-4.0,-4.0,-1.1
-4.0,-4.0,-1.1
-4.0,-4.0,-1.1
-4.0,-4.0,-1.1
-4.0,-4.0,-1.1
-4.0,-4.0,-1.1
-4.0,-4.0,-1.1
-4.0,-4.0,-1.1
-4.0,-4.0,-1.1
-4.0,-4.0,-1.1
-4.0,-4.0,-1.1
-4.0,-4.0,-1.1
-4.0,-4.0,-1.1
-4.0,-4.0,-1.1
-4.0,-4.0,-1.1
-4.0,-4.0,-1.1
-4.0,-4.0,-1.1
-4.0,-4.0,-1.1
-4.0,-4.0,-1.1
-4.0,-4.0,-1.1
-4.0,-4.0,-1.1
-4.0,-4.0,-1.1
-4.0,-4.0,-1.1
-4.0,-4.0,-1.1
-4.0,-4.0,-1.1
-4.0,-4.0,-1.1
-4.0,-4.0,-1.1
-4.0,-4.0,-1.1
-4.0,-4.0,-1.1
-4.0,-4.0,-1.1
-4.0,-4.0,-1.1
-4.0,-4.0,-1.1
-4.0,-4.0,-1.1
-4.0,-4.0,-1.1
-4.0,-4.0,-1.1
-4.0,-4.0,-1.1
-4.0,-4.0,-1.1
-4.0,-4.0,-1.1
-4.0,-4.0,-1.1
-4.0,-4.0,-1.1
-4.0,-4.0,-1.1
-4.0,-4.0,-1.1
-4.0,-4.0,-1.1
-4.0,-4.0,-1.1
-4.0,-4.0,-1.1
-4.0,-4.0,-1.1
-4.0,-4.0,-1.1
-4.0,-4.0,-1.1
-4.0,-4.0,-1.1
-4.0,-4.0,-1.1
-4.0,-4.0,-1.1
-4.0,-4.0,-1.1
-4.0,-4.0,-1.1
-4.0,-4.0,-1.1
-4.0,-4.0,-1.1
-4.0,-4.0,-1.1
-4.0,-4.0,-1.1
-4.0,-4.0,-1.1
-4.0,-4.0,-1.1
-4.0,-4.0,-1.1
-4.0,-4.0,-1.1
-4.0,-4.0,-1.1
-4.0,-4.0,-1.1
-4.0,-4.0,-1.1
-4.0,-4.0,-1.1
-4.0,-4.0,-1.1
-4.0,-4.0,-1.1
-4.0,-4.0,-1.1
-4.0,-4.0,-1.1
-4.0,-4.0,-1.1
-4.0,-4.0,-1.1
-4.0,-4.0,-1.1
-4.0,-4.0,-1.1
-4.0,-4.0,-1.1
-4.0,-4.0,-1.1
-4.0,-4.0,-1.1
-4.0,-4.0,-1.1
-4.0,-4.0,-1.1
-4.0,-4.0,-1.1
-4.0,-4.0,-1.1
-4.0,-4.0,-1.1
-4.0,-4.0,-1.1
-4.0,-4.0,-1.1
-4.0,-4.0,-1.1
-4.0,-4.0,-1.1
-4.0,-4.0,-1.1
-4.0,-4.0,-1.1
-4.0,-4.0,-1.1
-4.0,-4.0,-1.1
-4.0,-4.0,-1.1
-4.0,-4.0,-1.1
-4.0,-4.0,-1.1
-4.0,-4.0,-1.1
-4.0,-4.0,-1.1
-4.0,-4.0,-1.1
-4.0,-4.0,-1.1
-4.0,-4.0,-1.1
-4.0,-4.0,-1.1
-4.0,-4.0,-1.1
-4.0,-4.0,-1.1
-4.0,-4.0,-1.1
-4.0,-4.0,-1.1
-4.0,-4.0,-1.1
-4.0,-4.0,-1.1
-4.0,-4.0,-1.1
-4.0,-4.0,-1.1
-4.0,-4.0,-1.1
-4.0,-4.0,-1.1
-4.0,-4.0,-1.1
-4.0,-4.0,-1.1
-4.0,-4.0,-1.1
-4.0,-4.0,-1.1
-4.0,-4.0,-1.1
-4.0,-4.0,-1.1
-4.0,-4.0,-1.1
-4.0,-4.0,-1.1
-4.0,-4.0,-1.1
-4.0,-4.0,-1.1
-4.0,-4.0,-1.1
-4.0,-4.0,-1.1
-4.0,-4.0,-1.1
-4.0,-4.0,-1.1
-4.0,-4.0,-1.1
-4.0,-4.0,-1.1
-4.0,-4.0,-1.1
-4.0,-4.0,-1.1
-4.0,-4.0,-1.1
-4.0,-4.0,-1.1
-4.0,-4.0,-1.1
-4.0,-4.0,-1.1
-4.0,-4.0,-1.1
-4.0,-4.0,-1.1
-4.0,-4.0,-1.1
-4.0,-4.0,-1.1
-4.0,-4.0,-1.1
-4.0,-4.0,-1.1
-4.0,-4.0,-1.1
-4.0,-4.0,-1.1
-4.0,-4.0,-1.1
-4.0,-4.0,-1.1
-4.0,-4.0,-1.1
-4.0,-4.0,-1.1
-4.0,-4.0,-1.1
-4.0,-4.0,-1.1
-4.0,-4.0,-1.1
-4.0,-4.0,-1.1
-4.0,-4.0,-1.1
-4.0,-4.0,-1.1
-4.0,-4.0,-1.1
-4.0,-4.0,-1.1
-4.0,-4.0,-1.1
-4.0,-4.0,-1.1
-4.0,-4.0,-1.1
-4.0,-4.0,-1.1
-4.0,-4.0,-1.1
-4.0,-4.0,-1.1
-4.0,-4.0,-1.1
-4.0,-4.0,-1.1
-4.0,-4.0,-1.1
-4.0,-4.0,-1.1
-4.0,-4.0,-1.1
-4.0,-4.0,-1.1
-4.0,-4.0,-1.1
-4.0,-4.0,-1.1
-4.0,-4.0,-1.1
-4.0,-4.0,-1.1
-4.0,-4.0,-1.1
-4.0,-4.0,-1.1
-4.0,-4.0,-1.1
-4.0,-4.0,-1.1
-4.0,-4.0,-1.1
-4.0,-4.0,-1.1
-4.0,-4.0,-1.1
-4.0,-4.0,-1.1
-4.0,-4.0,-1.1
-4.0,-4.0,-1.1
-4.0,-4.0,-1.1
-4.0,-4.0,-1.1
-4.0,-4.0,-1.1
-4.0,-4.0,-1.1
-4.0,-4.0,-1.1
-4.0,-4.0,-1.1
-4.0,-4.0,-1.1
-4.0,-4.0,-1.1
-4.0,-4.0,-1.1
-4.0,-4.0,-1.1
-4.0,-4.0,-1.1
-4.0,-4.0,-1.1
-4.0,-4.0,-1.1
-4.0,-4.0,-1.1
-4.0,-4.0,-1.1
-4.0,-4.0,-1.1
-4.0,-4.0,-1.1
-4.0,-4.0,-1.1
-4.0,-4.0,-1.1
-4.0,-4.0,-1.1
-4.0,-4.0,-1.1
-4.0,-4.0,-1.1
-4.0,-4.0,-1.1
-4.0,-4.0,-1.1
-4.0,-4.0,-1.1
-4.0,-4.0,-1.1
-4.0,-4.0,-1.1
-4.0,-4.0,-1.1
-4.0,-4.0,-1.1
-4.0,-4.0,-1.1
-4.0,-4.0,-1.1
-4.0,-4.0,-1.1
-4.0,-4.0,-1.1
-4.0,-4.0,-1.1
-4.0,-4.0,-1.1
-4.0,-4.0,-1.1
-4.0,-4.0,-1.1
-4.0,-4.0,-1.1
-4.0,-4.0,-1.1
-4.0,-4.0,-1.1
-4.0,-4.0,-1.1
-4.0,-4.0,-1.1
-4.0,-4.0,-1.1
-4.0,-4.0,-1.1
-4.0,-4.0,-1.1
-4.0,-4.0,-1.1
-4.0,-4.0,-1.1
-4.0,-4.0,-1.1
-4.0,-4.0,-1.1
-4.0,-4.0,-1.1
-4.0,-4.0,-1.1
-4.0,-4.0,-1.1
-4.0,-4.0,-1.1
-4.0,-4.0,-1.1
-4.0,-4.0,-1.1
-4.0,-4.0,-1.1
-4.0,-4.0,-1.1
-4.0,-4.0,-1.1
-4.0,-4.0,-1.1
-4.0,-4.0,-1.1
-4.0,-4.0,-1.1
-4.0,-4.0,-1.1
-4.0,-4.0,-1.1
-4.0,-4.0,-1.1
-4.0,-4.0,-1.1
-4.0,-4.0,-1.1
-4.0,-4.0,-1.1
-4.0,-4.0,-1.1
-4.0,-4.0,-1.1
-4.0,-4.0,-1.1
-4.0,-4.0,-1.1
-4.0,-4.0,-1.1
-4.0,-4.0,-1.1
-4.0,-4.0,-1.1
-4.0,-4.0,-1.1
-4.0,-4.0,-1.1
-4.0,-4.0,-1.1
-4.0,-4.0,-1.1
-4.0,-4.0,-1.1
-4.0,-4.0,-1.1
-4.0,-4.0,-1.1
-4.0,-4.0,-1.1
-4.0,-4.0,-1.1
-4.0,-4.0,-1.1
-4.0,-4.0,-1.1
-4.0,-4.0,-1.1
-4.0,-4.0,-1.1
-4.0,-4.0,-1.1
-4.0,-4.0,-1.1
-4.0,-4.0,-1.1
-4.0,-4.0,-1.1
-4.0,-4.0,-1.1
-4.0,-4.0,-1.1
-4.0,-4.0,-1.1
-4.0,-4.0,-1.1
-4.0,-4.0,-1.1
-4.0,-4.0,-1.1
-4.0,-4.0,-1.1
-4.0,-4.0,-1.1
-4.0,-4.0,-1.1
-4.0,-4.0,-1.1
-4.0,-4.0,-1.1
-4.0,-4.0,-1.1
-4.0,-4.0,-1.1
-4.0,-4.0,-1.1
-4.0,-4.0,-1.1
-4.0,-4.0,-1.1
-4.0,-4.0,-1.1
-4.0,-4.0,-1.1
-4.0,-4.0,-1.1
-4.0,-4.0,-1.1
-4.0,-4.0,-1.1
-4.0,-4.0,-1.1
-4.0,-4.0,-1.1
-4.0,-4.0,-1.1
-4.0,-4.0,-1.1
-4.0,-4.0,-1.1
-4.0,-4.0,-1.1
-4.0,-4.0,-1.1
-4.0,-4.0,-1.1
-4.0,-4.0,-1.1
-4.0,-4.0,-1.1
-4.0,-4.0,-1.1
-4.0,-4.0,-1.1
-4.0,-4.0,-1.1
-4.0,-4.0,-1.1
-4.0,-4.0,-1.1
-4.0,-4.0,-1.1
-4.0,-4.0,-1.1
-4.0,-4.0,-1.1
-4.0,-4.0,-1.1
-4.0,-4.0,-1.1
-4.0,-4.0,-1.1
-4.0,-4.0,-1.1
-4.0,-4.0,-1.1
-4.0,-4.0,-1.1
-4.0,-4.0,-1.1
-4.0,-4.0,-1.1
-4.0,-4.0,-1.1
-4.0,-4.0,-1.1
-4.0,-4.0,-1.1
-4.0,-4.0,-1.1
-4.0,-4.0,-1.1
-4.0,-4.0,-1.1
-4.0,-4.0,-1.1
-4.0,-4.0,-1.1
-4.0,-4.0,-1.1
-4.0,-4.0,-1.1
-4.0,-4.0,-1.1
-4.0,-4.0,-1.1
-4.0,-4.0,-1.1
-4.0,-4.0,-1.1
-4.0,-4.0,-1.1
-4.0,-4.0,-1.1
-4.0,-4.0,-1.1
-4.0,-4.0,-1.1
-4.0,-4.0,-1.1
-4.0,-4.0,-1.1
-4.0,-4.0,-1.1
-4.0,-4.0,-1.1
-4.0,-4.0,-1.1
-4.0,-4.0,-1.1
-4.0,-4.0,-1.1
-4.0,-4.0,-1.1
-4.0,-4.0,-1.1
-4.0,-4.0,-1.1
-4.0,-4.0,-1.1
-4.0,-4.0,-1.1
-4.0,-4.0,-1.1
-4.0,-4.0,-1.1
-4.0,-4.0,-1.1
-4.0,-4.0,-1.1
-4.0,-4.0,-1.1
-4.0,-4.0,-1.1
-4.0,-4.0,-1.1
-4.0,-4.0,-1.1
-4.0,-4.0,-1.1
-4.0,-4.0,-1.1
-4.0,-4.0,-1.1
-4.0,-4.0,-1.1
-4.0,-4.0,-1.1
-4.0,-4.0,-1.1
-4.0,-4.0,-1.1
-4.0,-4.0,-1.1
-4.0,-4.0,-1.1
-4.0,-4.0,-1.1
-4.0,-4.0,-1.1
-4.0,-4.0,-1.1
-4.0,-4.0,-1.1
-4.0,-4.0,-1.1
-4.0,-4.0,-1.1
-4.0,-4.0,-1.1
-4.0,-4.0,-1.1
-4.0,-4.0,-1.1
-4.0,-4.0,-1.1
-4.0,-4.0,-1.1
-4.0,-4.0,-1.1
-4.0,-4.0,-1.1
-4.0,-4.0,-1.1
-4.0,-4.0,-1.1
-4.0,-4.0,-1.1
-4.0,-4.0,-1.1
-4.0,-4.0,-1.1
-4.0,-4.0,-1.1
-4.0,-4.0,-1.1
-4.0,-4.0,-1.1
-4.0,-4.0,-1.1
-4.0,-4.0,-1.1
-4.0,-4.0,-1.1
-4.0,-4.0,-1.1
-4.0,-4.0,-1.1
-4.0,-4.0,-1.1
-4.0,-4.0,-1.1
-4.0,-4.0,-1.1
-4.0,-4.0,-1.1
-4.0,-4.0,-1.1
-4.0,-4.0,-1.1
-4.0,-4.0,-1.1
-4.0,-4.0,-1.1
-4.0,-4.0,-1.1
-4.0,-4.0,-1.1
-4.0,-4.0,-1.1
-4.0,-4.0,-1.1
-4.0,-4.0,-1.1
-4.0,-4.0,-1.1
-4.0,-4.0,-1.1
-4.0,-4.0,-1.1
-4.0,-4.0,-1.1
-4.0,-4.0,-1.1
-4.0,-4.0,-1.1
-4.0,-4.0,-1.1
-4.0,-4.0,-1.1
-4.0,-4.0,-1.1
-4.0,-4.0,-1.1
-4.0,-4.0,-1.1
-4.0,-4.0,-1.1
-4.0,-4.0,-1.1
-4.0,-4.0,-1.1
-4.0,-4.0,-1.1
-4.0,-4.0,-1.1
-4.0,-4.0,-1.1
-4.0,-4.0,-1.1
-4.0,-4.0,-1.1
-4.0,-4.0,-1.1
-4.0,-4.0,-1.1
-4.0,-4.0,-1.1
-4.0,-4.0,-1.1
-4.0,-4.0,-1.1
-4.0,-4.0,-1.1
-4.0,-4.0,-1.1
-4.0,-4.0,-1.1
-4.0,-4.0,-1.1
-4.0,-4.0,-1.1
-4.0,-4.0,-1.1
-4.0,-4.0,-1.1
-4.0,-4.0,-1.1
-4.0,-4.0,-1.1
-4.0,-4.0,-1.1
-4.0,-4.0,-1.1
-4.0,-4.0,-1.1
-4.0,-4.0,-1.1
-4.0,-4.0,-1.1
-4.0,-4.0,-1.1
-4.0,-4.0,-1.1
-4.0,-4.0,-1.1
-4.0,-4.0,-1.1
-4.0,-4.0,-1.1
-4.0,-4.0,-1.1
-4.0,-4.0,-1.1
-4.0,-4.0,-1.1
-4.0,-4.0,-1.1
-4.0,-4.0,-1.1
-4.0,-4.0,-1.1
-4.0,-4.0,-1.1
-4.0,-4.0,-1.1
-4.0,-4.0,-1.1
-4.0,-4.0,-1.1
-4.0,-4.0,-1.1
-4.0,-4.0,-1.1
-4.0,-4.0,-1.1
-4.0,-4.0,-1.1
-4.0,-4.0,-1.1
-4.0,-4.0,-1.1
-4.0,-4.0,-1.1
-4.0,-4.0,-1.1
-4.0,-4.0,-1.1
-4.0,-4.0,-1.1
-4.0,-4.0,-1.1
-4.0,-4.0,-1.1
-4.0,-4.0,-1.1
-4.0,-4.0,-1.1
-4.0,-4.0,-1.1
-4.0,-4.0,-1.1
-4.0,-4.0,-1.1
-4.0,-4.0,-1.1
-4.0,-4.0,-1.1
-4.0,-4.0,-1.1
-4.0,-4.0,-1.1
-4.0,-4.0,-1.1
-4.0,-4.0,-1.1
-4.0,-4.0,-1.1
-4.0,-4.0,-1.1
-4.0,-4.0,-1.1
-4.0,-4.0,-1.1
-4.0,-4.0,-1.1
-4.0,-4.0,-1.1
-4.0,-4.0,-1.1
-4.0,-4.0,-1.1
-4.0,-4.0,-1.1
-4.0,-4.0,-1.1
-4.0,-4.0,-1.1
-4.0,-4.0,-1.1
-4.0,-4.0,-1.1
-4.0,-4.0,-1.1
-4.0,-4.0,-1.1
-4.0,-4.0,-1.1
-4.0,-4.0,-1.1
-4.0,-4.0,-1.1
-4.0,-4.0,-1.1
-4.0,-4.0,-1.1
-4.0,-4.0,-1.1
-4.0,-4.0,-1.1
-4.0,-4.0,-1.1
-4.0,-4.0,-1.1
-4.0,-4.0,-1.1
-4.0,-4.0,-1.1
-4.0,-4.0,-1.1
-4.0,-4.0,-1.1
-4.0,-4.0,-1.1
-4.0,-4.0,-1.1
-4.0,-4.0,-1.1
-4.0,-4.0,-1.1
-4.0,-4.0,-1.1
-4.0,-4.0,-1.1
-4.0,-4.0,-1.1
-4.0,-4.0,-1.1
-4.0,-4.0,-1.1
-4.0,-4.0,-1.1
-4.0,-4.0,-1.1
-4.0,-4.0,-1.1
-4.0,-4.0,-1.1
-4.0,-4.0,-1.1
-4.0,-4.0,-1.1
-4.0,-4.0,-1.1
-4.0,-4.0,-1.1
-4.0,-4.0,-1.1
-4.0,-4.0,-1.1
-4.0,-4.0,-1.1
-4.0,-4.0,-1.1
-4.0,-4.0,-1.1
-4.0,-4.0,-1.1
-4.0,-4.0,-1.1
-4.0,-4.0,-1.1
-4.0,-4.0,-1.1
-4.0,-4.0,-1.1
-4.0,-4.0,-1.1
-4.0,-4.0,-1.1
-4.0,-4.0,-1.1
-4.0,-4.0,-1.1
-4.0,-4.0,-1.1
-4.0,-4.0,-1.1
-4.0,-4.0,-1.1
-4.0,-4.0,-1.1
-4.0,-4.0,-1.1
-4.0,-4.0,-1.1
-4.0,-4.0,-1.1
-4.0,-4.0,-1.1
-4.0,-4.0,-1.1
-4.0,-4.0,-1.1
-4.0,-4.0,-1.1
-4.0,-4.0,-1.1
-4.0,-4.0,-1.1
-4.0,-4.0,-1.1
-4.0,-4.0,-1.1
-4.0,-4.0,-1.1
-4.0,-4.0,-1.1
-4.0,-4.0,-1.1
-4.0,-4.0,-1.1
-4.0,-4.0,-1.1
-4.0,-4.0,-1.1
-4.0,-4.0,-1.1
-4.0,-4.0,-1.1
-4.0,-4.0,-1.1
-4.0,-4.0,-1.1
-4.0,-4.0,-1.1
-4.0,-4.0,-1.1
-4.0,-4.0,-1.1
-4.0,-4.0,-1.1
-4.0,-4.0,-1.1
-4.0,-4.0,-1.1
-4.0,-4.0,-1.1
-4.0,-4.0,-1.1
-4.0,-4.0,-1.1
-4.0,-4.0,-1.1
-4.0,-4.0,-1.1
-4.0,-4.0,-1.1
-4.0,-4.0,-1.1
-4.0,-4.0,-1.1
-4.0,-4.0,-1.1
-4.0,-4.0,-1.1
-4.0,-4.0,-1.1
-4.0,-4.0,-1.1
-4.0,-4.0,-1.1
-4.0,-4.0,-1.1
-4.0,-4.0,-1.1
-4.0,-4.0,-1.1
-4.0,-4.0,-1.1
-4.0,-4.0,-1.1
-4.0,-4.0,-1.1
-4.0,-4.0,-1.1
-4.0,-4.0,-1.1
-4.0,-4.0,-1.1
-4.0,-4.0,-1.1
-4.0,-4.0,-1.1
-4.0,-4.0,-1.1
-4.0,-4.0,-1.1
-4.0,-4.0,-1.1
-4.0,-4.0,-1.1
-4.0,-4.0,-1.1
-4.0,-4.0,-1.1
-4.0,-4.0,-1.1
-4.0,-4.0,-1.1
-4.0,-4.0,-1.1
-4.0,-4.0,-1.1
-4.0,-4.0,-1.1
-4.0,-4.0,-1.1
-4.0,-4.0,-1.1
-4.0,-4.0,-1.1
-4.0,-4.0,-1.1
-4.0,-4.0,-1.1
-4.0,-4.0,-1.1
-4.0,-4.0,-1.1
-4.0,-4.0,-1.1
-4.0,-4.0,-1.1
-4.0,-4.0,-1.1
-4.0,-4.0,-1.1
-4.0,-4.0,-1.1
-4.0,-4.0,-1.1
-4.0,-4.0,-1.1
-4.0,-4.0,-1.1
-4.0,-4.0,-1.1
-4.0,-4.0,-1.1
-4.0,-4.0,-1.1
-4.0,-4.0,-1.1
-4.0,-4.0,-1.1
-4.0,-4.0,-1.1
-4.0,-4.0,-1.1
-4.0,-4.0,-1.1
-4.0,-4.0,-1.1
-4.0,-4.0,-1.1
-4.0,-4.0,-1.1
-4.0,-4.0,-1.1
-4.0,-4.0,-1.1
-4.0,-4.0,-1.1
-4.0,-4.0,-1.1
-4.0,-4.0,-1.1
-4.0,-4.0,-1.1
-4.0,-4.0,-1.1
-4.0,-4.0,-1.1
-4.0,-4.0,-1.1
-4.0,-4.0,-1.1
-4.0,-4.0,-1.1
-4.0,-4.0,-1.1
-4.0,-4.0,-1.1
-4.0,-4.0,-1.1
-4.0,-4.0,-1.1
-4.0,-4.0,-1.1
-4.0,-4.0,-1.1
-4.0,-4.0,-1.1
-4.0,-4.0,-1.1
-4.0,-4.0,-1.1
-4.0,-4.0,-1.1
-4.0,-4.0,-1.1
-4.0,-4.0,-1.1
-4.0,-4.0,-1.1
-4.0,-4.0,-1.1
-4.0,-4.0,-1.1
-4.0,-4.0,-1.1
-4.0,-4.0,-1.1
-4.0,-4.0,-1.1
-4.0,-4.0,-1.1
-4.0,-4.0,-1.1
-4.0,-4.0,-1.1
-4.0,-4.0,-1.1
-4.0,-4.0,-1.1
-4.0,-4.0,-1.1
-4.0,-4.0,-1.1
-4.0,-4.0,-1.1
-4.0,-4.0,-1.1
-4.0,-4.0,-1.1
-4.0,-4.0,-1.1
-4.0,-4.0,-1.1
-4.0,-4.0,-1.1
-4.0,-4.0,-1.1
-4.0,-4.0,-1.1
-4.0,-4.0,-1.1
-4.0,-4.0,-1.1
-4.0,-4.0,-1.1
-4.0,-4.0,-1.1
-4.0,-4.0,-1.1
-4.0,-4.0,-1.1
-4.0,-4.0,-1.1
-4.0,-4.0,-1.1
-4.0,-4.0,-1.1
-4.0,-4.0,-1.1
-4.0,-4.0,-1.1
-4.0,-4.0,-1.1
-4.0,-4.0,-1.1
-4.0,-4.0,-1.1
-4.0,-4.0,-1.1
-4.0,-4.0,-1.1
-4.0,-4.0,-1.1
-4.0,-4.0,-1.1
-4.0,-4.0,-1.1
-4.0,-4.0,-1.1
-4.0,-4.0,-1.1
-4.0,-4.0,-1.1
-4.0,-4.0,-1.1
-4.0,-4.0,-1.1
-4.0,-4.0,-1.1
-4.0,-4.0,-1.1
-4.0,-4.0,-1.1
-4.0,-4.0,-1.1
-4.0,-4.0,-1.1
-4.0,-4.0,-1.1
-4.0,-4.0,-1.1
-4.0,-4.0,-1.1
-4.0,-4.0,-1.1
-4.0,-4.0,-1.1
-4.0,-4.0,-1.1
-4.0,-4.0,-1.1
-4.0,-4.0,-1.1
-4.0,-4.0,-1.1
-4.0,-4.0,-1.1
-4.0,-4.0,-1.1
-4.0,-4.0,-1.1
-4.0,-4.0,-1.1
-4.0,-4.0,-1.1
-4.0,-4.0,-1.1
-4.0,-4.0,-1.1
-4.0,-4.0,-1.1
-4.0,-4.0,-1.1
-4.0,-4.0,-1.1
-4.0,-4.0,-1.1
-4.0,-4.0,-1.1
-4.0,-4.0,-1.1
-4.0,-4.0,-1.1
-4.0,-4.0,-1.1
-4.0,-4.0,-1.1
-4.0,-4.0,-1.1
-4.0,-4.0,-1.1
-4.0,-4.0,-1.1
-4.0,-4.0,-1.1
-4.0,-4.0,-1.1
-4.0,-4.0,-1.1
-4.0,-4.0,-1.1
-4.0,-4.0,-1.1
-4.0,-4.0,-1.1
-4.0,-4.0,-1.1
-4.0,-4.0,-1.1
-4.0,-4.0,-1.1
-4.0,-4.0,-1.1
-4.0,-4.0,-1.1
-4.0,-4.0,-1.1
-4.0,-4.0,-1.1
-4.0,-4.0,-1.1
-4.0,-4.0,-1.1
-4.0,-4.0,-1.1
-4.0,-4.0,-1.1
-4.0,-4.0,-1.1
-4.0,-4.0,-1.1
-4.0,-4.0,-1.1
-4.0,-4.0,-1.1
-4.0,-4.0,-1.1
-4.0,-4.0,-1.1
-4.0,-4.0,-1.1
-4.0,-4.0,-1.1
-4.0,-4.0,-1.1
-4.0,-4.0,-1.1
-4.0,-4.0,-1.1
-4.0,-4.0,-1.1
-4.0,-4.0,-1.1
-4.0,-4.0,-1.1
-4.0,-4.0,-1.1
-4.0,-4.0,-1.1
-4.0,-4.0,-1.1
-4.0,-4.0,-1.1
-4.0,-4.0,-1.1
-4.0,-4.0,-1.1
-4.0,-4.0,-1.1
-4.0,-4.0,-1.1
-4.0,-4.0,-1.1
-4.0,-4.0,-1.1
-4.0,-4.0,-1.1
-4.0,-4.0,-1.1
-4.0,-4.0,-1.1
-4.0,-4.0,-1.1
-4.0,-4.0,-1.1
-4.0,-4.0,-1.1
-4.0,-4.0,-1.1
-4.0,-4.0,-1.1
-4.0,-4.0,-1.1
-4.0,-4.0,-1.1
-4.0,-4.0,-1.1
-4.0,-4.0,-1.1
-4.0,-4.0,-1.1
-4.0,-4.0,-1.1
-4.0,-4.0,-1.1
-4.0,-4.0,-1.1
-4.0,-4.0,-1.1
-4.0,-4.0,-1.1
-4.0,-4.0,-1.1
-4.0,-4.0,-1.1
-4.0,-4.0,-1.1
-4.0,-4.0,-1.1
-4.0,-4.0,-1.1
-4.0,-4.0,-1.1
-4.0,-4.0,-1.1
-4.0,-4.0,-1.1
-4.0,-4.0,-1.1
-4.0,-4.0,-1.1
-4.0,-4.0,-1.1
-4.0,-4.0,-1.1
-4.0,-4.0,-1.1
-4.0,-4.0,-1.1
-4.0,-4.0,-1.1
-4.0,-4.0,-1.1
-4.0,-4.0,-1.1
-4.0,-4.0,-1.1
-4.0,-4.0,-1.1
-4.0,-4.0,-1.1
-4.0,-4.0,-1.1
-4.0,-4.0,-1.1
-4.0,-4.0,-1.1
-4.0,-4.0,-1.1
-4.0,-4.0,-1.1
-4.0,-4.0,-1.1
-4.0,-4.0,-1.1
-4.0,-4.0,-1.1
-4.0,-4.0,-1.1
-4.0,-4.0,-1.1
-4.0,-4.0,-1.1
-4.0,-4.0,-1.1
-4.0,-4.0,-1.1
-4.0,-4.0,-1.1
-4.0,-4.0,-1.1
-4.0,-4.0,-1.1
-4.0,-4.0,-1.1
-4.0,-4.0,-1.1
-4.0,-4.0,-1.1
-4.0,-4.0,-1.1
-4.0,-4.0,-1.1
-4.0,-4.0,-1.1
-4.0,-4.0,-1.1
-4.0,-4.0,-1.1
-4.0,-4.0,-1.1
-4.0,-4.0,-1.1
-4.0,-4.0,-1.1
-4.0,-4.0,-1.1
-4.0,-4.0,-1.1
-4.0,-4.0,-1.1
-4.0,-4.0,-1.1
-4.0,-4.0,-1.1
-4.0,-4.0,-1.1
-4.0,-4.0,-1.1
-4.0,-4.0,-1.1
-4.0,-4.0,-1.1
-4.0,-4.0,-1.1
-4.0,-4.0,-1.1
-4.0,-4.0,-1.1
-4.0,-4.0,-1.1
-4.0,-4.0,-1.1
-4.0,-4.0,-1.1
-4.0,-4.0,-1.1
-4.0,-4.0,-1.1
-4.0,-4.0,-1.1
-4.0,-4.0,-1.1
-4.0,-4.0,-1.1
-4.0,-4.0,-1.1
-4.0,-4.0,-1.1
-4.0,-4.0,-1.1
-4.0,-4.0,-1.1
-4.0,-4.0,-1.1
-4.0,-4.0,-1.1
-4.0,-4.0,-1.1
-4.0,-4.0,-1.1
-4.0,-4.0,-1.1
-4.0,-4.0,-1.1
-4.0,-4.0,-1.1
-4.0,-4.0,-1.1
-4.0,-4.0,-1.1
-4.0,-4.0,-1.1
-4.0,-4.0,-1.1
-4.0,-4.0,-1.1
-4.0,-4.0,-1.1
-4.0,-4.0,-1.1
-4.0,-4.0,-1.1
-4.0,-4.0,-1.1
-4.0,-4.0,-1.1
-4.0,-4.0,-1.1
-4.0,-4.0,-1.1
-4.0,-4.0,-1.1
-4.0,-4.0,-1.1
-4.0,-4.0,-1.1
-4.0,-4.0,-1.1
-4.0,-4.0,-1.1
-4.0,-4.0,-1.1
-4.0,-4.0,-1.1
-4.0,-4.0,-1.1
-4.0,-4.0,-1.1
-4.0,-4.0,-1.1
-4.0,-4.0,-1.1
-4.0,-4.0,-1.1
-4.0,-4.0,-1.1
-4.0,-4.0,-1.1
-4.0,-4.0,-1.1
-4.0,-4.0,-1.1
-4.0,-4.0,-1.1
-4.0,-4.0,-1.1
-4.0,-4.0,-1.1
-4.0,-4.0,-1.1
-4.0,-4.0,-1.1
-4.0,-4.0,-1.1
-4.0,-4.0,-1.1
-4.0,-4.0,-1.1
-4.0,-4.0,-1.1
-4.0,-4.0,-1.1
-4.0,-4.0,-1.1
-4.0,-4.0,-1.1
-4.0,-4.0,-1.1
-4.0,-4.0,-1.1
-4.0,-4.0,-1.1
-4.0,-4.0,-1.1
-4.0,-4.0,-1.1
-4.0,-4.0,-1.1
-4.0,-4.0,-1.1
-4.0,-4.0,-1.1
-4.0,-4.0,-1.1
-4.0,-4.0,-1.1
-4.0,-4.0,-1.1
-4.0,-4.0,-1.1
-4.0,-4.0,-1.1
-4.0,-4.0,-1.1
-4.0,-4.0,-1.1
-4.0,-4.0,-1.1
-4.0,-4.0,-1.1
-4.0,-4.0,-1.1
-4.0,-4.0,-1.1
-4.0,-4.0,-1.1
-4.0,-4.0,-1.1
-4.0,-4.0,-1.1
-4.0,-4.0,-1.1
-4.0,-4.0,-1.1
-4.0,-4.0,-1.1
-4.0,-4.0,-1.1
-4.0,-4.0,-1.1
-4.0,-4.0,-1.1
-4.0,-4.0,-1.1
-4.0,-4.0,-1.1
-4.0,-4.0,-1.1
-4.0,-4.0,-1.1
-4.0,-4.0,-1.1
-4.0,-4.0,-1.1
-4.0,-4.0,-1.1
-4.0,-4.0,-1.1
-4.0,-4.0,-1.1
-4.0,-4.0,-1.1
-4.0,-4.0,-1.1
-4.0,-4.0,-1.1
-4.0,-4.0,-1.1
-4.0,-4.0,-1.1
-4.0,-4.0,-1.1
-4.0,-4.0,-1.1
-4.0,-4.0,-1.1
-4.0,-4.0,-1.1
-4.0,-4.0,-1.1
-4.0,-4.0,-1.1
-4.0,-4.0,-1.1
-4.0,-4.0,-1.1
-4.0,-4.0,-1.1
-4.0,-4.0,-1.1
-4.0,-4.0,-1.1
-4.0,-4.0,-1.1
-4.0,-4.0,-1.1
-4.0,-4.0,-1.1
-4.0,-4.0,-1.1
-4.0,-4.0,-1.1
-4.0,-4.0,-1.1
-4.0,-4.0,-1.1
-4.0,-4.0,-1.1
-4.0,-4.0,-1.1
-4.0,-4.0,-1.1
-4.0,-4.0,-1.1
-4.0,-4.0,-1.1
-4.0,-4.0,-1.1
-4.0,-4.0,-1.1
-4.0,-4.0,-1.1
-4.0,-4.0,-1.1
-4.0,-4.0,-1.1
-4.0,-4.0,-1.1
-4.0,-4.0,-1.1
-4.0,-4.0,-1.1
-4.0,-4.0,-1.1
-4.0,-4.0,-1.1
-4.0,-4.0,-1.1
-4.0,-4.0,-1.1
-4.0,-4.0,-1.1
-4.0,-4.0,-1.1
-4.0,-4.0,-1.1
-4.0,-4.0,-1.1
-4.0,-4.0,-1.1
-4.0,-4.0,-1.1
-4.0,-4.0,-1.1
-4.0,-4.0,-1.1
-4.0,-4.0,-1.1
-4.0,-4.0,-1.1
-4.0,-4.0,-1.1
-4.0,-4.0,-1.1
-4.0,-4.0,-1.1
-4.0,-4.0,-1.1
-4.0,-4.0,-1.1
-4.0,-4.0,-1.1
-4.0,-4.0,-1.1
-4.0,-4.0,-1.1
-4.0,-4.0,-1.1
-4.0,-4.0,-1.1
-4.0,-4.0,-1.1
-4.0,-4.0,-1.1
-4.0,-4.0,-1.1
-4.0,-4.0,-1.1
-4.0,-4.0,-1.1
-4.0,-4.0,-1.1
-4.0,-4.0,-1.1
-4.0,-4.0,-1.1
-4.0,-4.0,-1.1
-4.0,-4.0,-1.1
-4.0,-4.0,-1.1
-4.0,-4.0,-1.1
-4.0,-4.0,-1.1
-4.0,-4.0,-1.1
-4.0,-4.0,-1.1
-4.0,-4.0,-1.1
-4.0,-4.0,-1.1
-4.0,-4.0,-1.1
-4.0,-4.0,-1.1
-4.0,-4.0,-1.1
-4.0,-4.0,-1.1
-4.0,-4.0,-1.1
-4.0,-4.0,-1.1
-4.0,-4.0,-1.1
-4.0,-4.0,-1.1
-4.0,-4.0,-1.1
-4.0,-4.0,-1.1
-4.0,-4.0,-1.1
-4.0,-4.0,-1.1
-4.0,-4.0,-1.1
-4.0,-4.0,-1.1
-4.0,-4.0,-1.1
-4.0,-4.0,-1.1
-4.0,-4.0,-1.1
-4.0,-4.0,-1.1
-4.0,-4.0,-1.1
-4.0,-4.0,-1.1
-4.0,-4.0,-1.1
-4.0,-4.0,-1.1
-4.0,-4.0,-1.1
-4.0,-4.0,-1.1
-4.0,-4.0,-1.1
-4.0,-4.0,-1.1
-4.0,-4.0,-1.1
-4.0,-4.0,-1.1
-4.0,-4.0,-1.1
-4.0,-4.0,-1.1
-4.0,-4.0,-1.1
-4.0,-4.0,-1.1
-4.0,-4.0,-1.1
-4.0,-4.0,-1.1
-4.0,-4.0,-1.1
-4.0,-4.0,-1.1
-4.0,-4.0,-1.1
-4.0,-4.0,-1.1
-4.0,-4.0,-1.1
-4.0,-4.0,-1.1
-4.0,-4.0,-1.1
-4.0,-4.0,-1.1
-4.0,-4.0,-1.1
-4.0,-4.0,-1.1
-4.0,-4.0,-1.1
-4.0,-4.0,-1.1
-4.0,-4.0,-1.1
-4.0,-4.0,-1.1
-4.0,-4.0,-1.1
-4.0,-4.0,-1.1
-4.0,-4.0,-1.1
-4.0,-4.0,-1.1
-4.0,-4.0,-1.1
-4.0,-4.0,-1.1
-4.0,-4.0,-1.1
-4.0,-4.0,-1.1
-4.0,-4.0,-1.1
-4.0,-4.0,-1.1
-4.0,-4.0,-1.1
-4.0,-4.0,-1.1
-4.0,-4.0,-1.1
-4.0,-4.0,-1.1
-4.0,-4.0,-1.1
-4.0,-4.0,-1.1
-4.0,-4.0,-1.1
-4.0,-4.0,-1.1
-4.0,-4.0,-1.1
-4.0,-4.0,-1.1
-4.0,-4.0,-1.1
-4.0,-4.0,-1.1
-4.0,-4.0,-1.1
-4.0,-4.0,-1.1
-4.0,-4.0,-1.1
-4.0,-4.0,-1.1
-4.0,-4.0,-1.1
-4.0,-4.0,-1.1
-4.0,-4.0,-1.1
-4.0,-4.0,-1.1
-4.0,-4.0,-1.1
-4.0,-4.0,-1.1
-4.0,-4.0,-1.1
-4.0,-4.0,-1.1
-4.0,-4.0,-1.1
-4.0,-4.0,-1.1
-4.0,-4.0,-1.1
-4.0,-4.0,-1.1
-4.0,-4.0,-1.1
-4.0,-4.0,-1.1
-4.0,-4.0,-1.1
-4.0,-4.0,-1.1
-4.0,-4.0,-1.1
-4.0,-4.0,-1.1
-4.0,-4.0,-1.1
-4.0,-4.0,-1.1
-4.0,-4.0,-1.1
-4.0,-4.0,-1.1
-4.0,-4.0,-1.1
-4.0,-4.0,-1.1
-4.0,-4.0,-1.1
-4.0,-4.0,-1.1
-4.0,-4.0,-1.1
-4.0,-4.0,-1.1
-4.0,-4.0,-1.1
-4.0,-4.0,-1.1
-4.0,-4.0,-1.1
-4.0,-4.0,-1.1
-4.0,-4.0,-1.1
-4.0,-4.0,-1.1
-4.0,-4.0,-1.1
-4.0,-4.0,-1.1
-4.0,-4.0,-1.1
-4.0,-4.0,-1.1
-4.0,-4.0,-1.1
-4.0,-4.0,-1.1
-4.0,-4.0,-1.1
-4.0,-4.0,-1.1
-4.0,-4.0,-1.1
-4.0,-4.0,-1.1
-4.0,-4.0,-1.1
-4.0,-4.0,-1.1
-4.0,-4.0,-1.1
-4.0,-4.0,-1.1
-4.0,-4.0,-1.1
-4.0,-4.0,-1.1
-4.0,-4.0,-1.1
-4.0,-4.0,-1.1
-4.0,-4.0,-1.1
-4.0,-4.0,-1.1
-4.0,-4.0,-1.1
-4.0,-4.0,-1.1
-4.0,-4.0,-1.1
-4.0,-4.0,-1.1
-4.0,-4.0,-1.1
-4.0,-4.0,-1.1
-4.0,-4.0,-1.1
-4.0,-4.0,-1.1
-4.0,-4.0,-1.1
-4.0,-4.0,-1.1
-4.0,-4.0,-1.1
-4.0,-4.0,-1.1
-4.0,-4.0,-1.1
-4.0,-4.0,-1.1
-4.0,-4.0,-1.1
-4.0,-4.0,-1.1
-4.0,-4.0,-1.1
-4.0,-4.0,-1.1
-4.0,-4.0,-1.1
-4.0,-4.0,-1.1
-4.0,-4.0,-1.1
-4.0,-4.0,-1.1
-4.0,-4.0,-1.1
-4.0,-4.0,-1.1
-4.0,-4.0,-1.1
-4.0,-4.0,-1.1
-4.0,-4.0,-1.1
-4.0,-4.0,-1.1
-4.0,-4.0,-1.1
-4.0,-4.0,-1.1
-4.0,-4.0,-1.1
-4.0,-4.0,-1.1
-4.0,-4.0,-1.1
-4.0,-4.0,-1.1
-4.0,-4.0,-1.1
-4.0,-4.0,-1.1
-4.0,-4.0,-1.1
-4.0,-4.0,-1.1
-4.0,-4.0,-1.1
-4.0,-4.0,-1.1
-4.0,-4.0,-1.1
-4.0,-4.0,-1.1
-4.0,-4.0,-1.1
-4.0,-4.0,-1.1
-4.0,-4.0,-1.1
-4.0,-4.0,-1.1
-4.0,-4.0,-1.1
-4.0,-4.0,-1.1
-4.0,-4.0,-1.1
-4.0,-4.0,-1.1
-4.0,-4.0,-1.1
-4.0,-4.0,-1.1
-4.0,-4.0,-1.1
-4.0,-4.0,-1.1
-4.0,-4.0,-1.1
-4.0,-4.0,-1.1
-4.0,-4.0,-1.1
-4.0,-4.0,-1.1
-4.0,-4.0,-1.1
-4.0,-4.0,-1.1
-4.0,-4.0,-1.1
-4.0,-4.0,-1.1
-4.0,-4.0,-1.1
-4.0,-4.0,-1.1
-4.0,-4.0,-1.1
-4.0,-4.0,-1.1
-4.0,-4.0,-1.1
-4.0,-4.0,-1.1
-4.0,-4.0,-1.1
-4.0,-4.0,-1.1
-4.0,-4.0,-1.1
-4.0,-4.0,-1.1
-4.0,-4.0,-1.1
-4.0,-4.0,-1.1
-4.0,-4.0,-1.1
-4.0,-4.0,-1.1
-4.0,-4.0,-1.1
-4.0,-4.0,-1.1
-4.0,-4.0,-1.1
-4.0,-4.0,-1.1
-4.0,-4.0,-1.1
-4.0,-4.0,-1.1
-4.0,-4.0,-1.1
-4.0,-4.0,-1.1
-4.0,-4.0,-1.1
-4.0,-4.0,-1.1
-4.0,-4.0,-1.1
-4.0,-4.0,-1.1
-4.0,-4.0,-1.1
-4.0,-4.0,-1.1
-4.0,-4.0,-1.1
-4.0,-4.0,-1.1
-4.0,-4.0,-1.1
-4.0,-4.0,-1.1
-4.0,-4.0,-1.1
-4.0,-4.0,-1.1
-4.0,-4.0,-1.1
-4.0,-4.0,-1.1
-4.0,-4.0,-1.1
-4.0,-4.0,-1.1
-4.0,-4.0,-1.1
-4.0,-4.0,-1.1
-4.0,-4.0,-1.1
-4.0,-4.0,-1.1
-4.0,-4.0,-1.1
-4.0,-4.0,-1.1
-4.0,-4.0,-1.1
-4.0,-4.0,-1.1
-4.0,-4.0,-1.1
-4.0,-4.0,-1.1
-4.0,-4.0,-1.1
-4.0,-4.0,-1.1
-4.0,-4.0,-1.1
-4.0,-4.0,-1.1
-4.0,-4.0,-1.1
-4.0,-4.0,-1.1
-4.0,-4.0,-1.1
-4.0,-4.0,-1.1
-4.0,-4.0,-1.1
-4.0,-4.0,-1.1
-4.0,-4.0,-1.1
-4.0,-4.0,-1.1
-4.0,-4.0,-1.1
-4.0,-4.0,-1.1
-4.0,-4.0,-1.1
-4.0,-4.0,-1.1
-4.0,-4.0,-1.1
-4.0,-4.0,-1.1
-4.0,-4.0,-1.1
-4.0,-4.0,-1.1
-4.0,-4.0,-1.1
-4.0,-4.0,-1.1
-4.0,-4.0,-1.1
-4.0,-4.0,-1.1
-4.0,-4.0,-1.1
-4.0,-4.0,-1.1
-4.0,-4.0,-1.1
-4.0,-4.0,-1.1
-4.0,-4.0,-1.1
-4.0,-4.0,-1.1
-4.0,-4.0,-1.1
-4.0,-4.0,-1.1
-4.0,-4.0,-1.1
-4.0,-4.0,-1.1
-4.0,-4.0,-1.1
-4.0,-4.0,-1.1
-4.0,-4.0,-1.1
-4.0,-4.0,-1.1
-4.0,-4.0,-1.1
-4.0,-4.0,-1.1
-4.0,-4.0,-1.1
-4.0,-4.0,-1.1
-4.0,-4.0,-1.1
-4.0,-4.0,-1.1
-4.0,-4.0,-1.1
-4.0,-4.0,-1.1
-4.0,-4.0,-1.1
-4.0,-4.0,-1.1
-4.0,-4.0,-1.1
-4.0,-4.0,-1.1
-4.0,-4.0,-1.1
-4.0,-4.0,-1.1
-4.0,-4.0,-1.1
-4.0,-4.0,-1.1
-4.0,-4.0,-1.1
-4.0,-4.0,-1.1
-4.0,-4.0,-1.1
-4.0,-4.0,-1.1
-4.0,-4.0,-1.1
-4.0,-4.0,-1.1
-4.0,-4.0,-1.1
-4.0,-4.0,-1.1
-4.0,-4.0,-1.1
-4.0,-4.0,-1.1
-4.0,-4.0,-1.1
-4.0,-4.0,-1.1
-4.0,-4.0,-1.1
-4.0,-4.0,-1.1
-4.0,-4.0,-1.1
-4.0,-4.0,-1.1
-4.0,-4.0,-1.1
-4.0,-4.0,-1.1
-4.0,-4.0,-1.1
-4.0,-4.0,-1.1
-4.0,-4.0,-1.1
-4.0,-4.0,-1.1
-4.0,-4.0,-1.1
-4.0,-4.0,-1.1
-4.0,-4.0,-1.1
-4.0,-4.0,-1.1
-4.0,-4.0,-1.1
-4.0,-4.0,-1.1
-4.0,-4.0,-1.1
-4.0,-4.0,-1.1
-4.0,-4.0,-1.1
-4.0,-4.0,-1.1
-4.0,-4.0,-1.1
-4.0,-4.0,-1.1
-4.0,-4.0,-1.1
-4.0,-4.0,-1.1
-4.0,-4.0,-1.1
-4.0,-4.0,-1.1
-4.0,-4.0,-1.1
-4.0,-4.0,-1.1
-4.0,-4.0,-1.1
-4.0,-4.0,-1.1
-4.0,-4.0,-1.1
-4.0,-4.0,-1.1
-4.0,-4.0,-1.1
-4.0,-4.0,-1.1
-4.0,-4.0,-1.1
-4.0,-4.0,-1.1
-4.0,-4.0,-1.1
-4.0,-4.0,-1.1
-4.0,-4.0,-1.1
-4.0,-4.0,-1.1
-4.0,-4.0,-1.1
-4.0,-4.0,-1.1
-4.0,-4.0,-1.1
-4.0,-4.0,-1.1
-4.0,-4.0,-1.1
-4.0,-4.0,-1.1
-4.0,-4.0,-1.1
-4.0,-4.0,-1.1
-4.0,-4.0,-1.1
-4.0,-4.0,-1.1
-4.0,-4.0,-1.1
-4.0,-4.0,-1.1
-4.0,-4.0,-1.1
-4.0,-4.0,-1.1
-4.0,-4.0,-1.1
-4.0,-4.0,-1.1
-4.0,-4.0,-1.1
-4.0,-4.0,-1.1
-4.0,-4.0,-1.1
-4.0,-4.0,-1.1
-4.0,-4.0,-1.1
-4.0,-4.0,-1.1
-4.0,-4.0,-1.1
-4.0,-4.0,-1.1
-4.0,-4.0,-1.1
-4.0,-4.0,-1.1
-4.0,-4.0,-1.1
-4.0,-4.0,-1.1
-4.0,-4.0,-1.1
-4.0,-4.0,-1.1
-4.0,-4.0,-1.1
-4.0,-4.0,-1.1
-4.0,-4.0,-1.1
-4.0,-4.0,-1.1
-4.0,-4.0,-1.1
-4.0,-4.0,-1.1
-4.0,-4.0,-1.1
-4.0,-4.0,-1.1
-4.0,-4.0,-1.1
-4.0,-4.0,-1.1
-4.0,-4.0,-1.1
-4.0,-4.0,-1.1
-4.0,-4.0,-1.1
-4.0,-4.0,-1.1
-4.0,-4.0,-1.1
-4.0,-4.0,-1.1
-4.0,-4.0,-1.1
-4.0,-4.0,-1.1
-4.0,-4.0,-1.1
-4.0,-4.0,-1.1
-4.0,-4.0,-1.1
-4.0,-4.0,-1.1
-4.0,-4.0,-1.1
-4.0,-4.0,-1.1
-4.0,-4.0,-1.1
-4.0,-4.0,-1.1
-4.0,-4.0,-1.1
-4.0,-4.0,-1.1
-4.0,-4.0,-1.1
-4.0,-4.0,-1.1
-4.0,-4.0,-1.1
-4.0,-4.0,-1.1
-4.0,-4.0,-1.1
-4.0,-4.0,-1.1
-4.0,-4.0,-1.1
-4.0,-4.0,-1.1
-4.0,-4.0,-1.1
-4.0,-4.0,-1.1
-4.0,-4.0,-1.1
-4.0,-4.0,-1.1
-4.0,-4.0,-1.1
-4.0,-4.0,-1.1
-4.0,-4.0,-1.1
-4.0,-4.0,-1.1
-4.0,-4.0,-1.1
-4.0,-4.0,-1.1
-4.0,-4.0,-1.1
-4.0,-4.0,-1.1
-4.0,-4.0,-1.1
-4.0,-4.0,-1.1
-4.0,-4.0,-1.1
-4.0,-4.0,-1.1
-4.0,-4.0,-1.1
-4.0,-4.0,-1.1
-4.0,-4.0,-1.1
-4.0,-4.0,-1.1
-4.0,-4.0,-1.1
-4.0,-4.0,-1.1
-4.0,-4.0,-1.1
-4.0,-4.0,-1.1
-4.0,-4.0,-1.1
-4.0,-4.0,-1.1
-4.0,-4.0,-1.1
-4.0,-4.0,-1.1
-4.0,-4.0,-1.1
-4.0,-4.0,-1.1
-4.0,-4.0,-1.1
-4.0,-4.0,-1.1
-4.0,-4.0,-1.1
-4.0,-4.0,-1.1
-4.0,-4.0,-1.1
-4.0,-4.0,-1.1
-4.0,-4.0,-1.1
-4.0,-4.0,-1.1
-4.0,-4.0,-1.1
-4.0,-4.0,-1.1
-4.0,-4.0,-1.1
-4.0,-4.0,-1.1
-4.0,-4.0,-1.1
-4.0,-4.0,-1.1
-4.0,-4.0,-1.1
-4.0,-4.0,-1.1
-4.0,-4.0,-1.1
-4.0,-4.0,-1.1
-4.0,-4.0,-1.1
-4.0,-4.0,-1.1
-4.0,-4.0,-1.1
-4.0,-4.0,-1.1
-4.0,-4.0,-1.1
-4.0,-4.0,-1.1
-4.0,-4.0,-1.1
-4.0,-4.0,-1.1
-4.0,-4.0,-1.1
-4.0,-4.0,-1.1
-4.0,-4.0,-1.1
-4.0,-4.0,-1.1
-4.0,-4.0,-1.1
-4.0,-4.0,-1.1
-4.0,-4.0,-1.1
-4.0,-4.0,-1.1
-4.0,-4.0,-1.1
-4.0,-4.0,-1.1
-4.0,-4.0,-1.1
-4.0,-4.0,-1.1
-4.0,-4.0,-1.1
-4.0,-4.0,-1.1
-4.0,-4.0,-1.1
-4.0,-4.0,-1.1
-4.0,-4.0,-1.1
-4.0,-4.0,-1.1
-4.0,-4.0,-1.1
-4.0,-4.0,-1.1
-4.0,-4.0,-1.1
-4.0,-4.0,-1.1
-4.0,-4.0,-1.1
-4.0,-4.0,-1.1
-4.0,-4.0,-1.1
-4.0,-4.0,-1.1
-4.0,-4.0,-1.1
-4.0,-4.0,-1.1
-4.0,-4.0,-1.1
-4.0,-4.0,-1.1
-4.0,-4.0,-1.1
-4.0,-4.0,-1.1
-4.0,-4.0,-1.1
-4.0,-4.0,-1.1
-4.0,-4.0,-1.1
-4.0,-4.0,-1.1
-4.0,-4.0,-1.1
-4.0,-4.0,-1.1
-4.0,-4.0,-1.1
-4.0,-4.0,-1.1
-4.0,-4.0,-1.1
-4.0,-4.0,-1.1
-4.0,-4.0,-1.1
-4.0,-4.0,-1.1
-4.0,-4.0,-1.1
-4.0,-4.0,-1.1
-4.0,-4.0,-1.1
-4.0,-4.0,-1.1
-4.0,-4.0,-1.1
-4.0,-4.0,-1.1
-4.0,-4.0,-1.1
-4.0,-4.0,-1.1
-4.0,-4.0,-1.1
-4.0,-4.0,-1.1
-4.0,-4.0,-1.1
-4.0,-4.0,-1.1
-4.0,-4.0,-1.1
-4.0,-4.0,-1.1
-4.0,-4.0,-1.1
-4.0,-4.0,-1.1
-4.0,-4.0,-1.1
-4.0,-4.0,-1.1
-4.0,-4.0,-1.1
-4.0,-4.0,-1.1
-4.0,-4.0,-1.1
-4.0,-4.0,-1.1
-4.0,-4.0,-1.1
-4.0,-4.0,-1.1
-4.0,-4.0,-1.1
-4.0,-4.0,-1.1
-4.0,-4.0,-1.1
-4.0,-4.0,-1.1
-4.0,-4.0,-1.1
-4.0,-4.0,-1.1
-4.0,-4.0,-1.1
-4.0,-4.0,-1.1
-4.0,-4.0,-1.1
-4.0,-4.0,-1.1
-4.0,-4.0,-1.1
-4.0,-4.0,-1.1
-4.0,-4.0,-1.1
-4.0,-4.0,-1.1
-4.0,-4.0,-1.1
-4.0,-4.0,-1.1
-4.0,-4.0,-1.1
-4.0,-4.0,-1.1
-4.0,-4.0,-1.1
-4.0,-4.0,-1.1
-4.0,-4.0,-1.1
-4.0,-4.0,-1.1
-4.0,-4.0,-1.1
-4.0,-4.0,-1.1
-4.0,-4.0,-1.1
-4.0,-4.0,-1.1
-4.0,-4.0,-1.1
-4.0,-4.0,-1.1
-4.0,-4.0,-1.1
-4.0,-4.0,-1.1
-4.0,-4.0,-1.1
-4.0,-4.0,-1.1
-4.0,-4.0,-1.1
-4.0,-4.0,-1.1
-4.0,-4.0,-1.1
-4.0,-4.0,-1.1
-4.0,-4.0,-1.1
-4.0,-4.0,-1.1
-4.0,-4.0,-1.1
-4.0,-4.0,-1.1
-4.0,-4.0,-1.1
-4.0,-4.0,-1.1
-4.0,-4.0,-1.1
-4.0,-4.0,-1.1
-4.0,-4.0,-1.1
-4.0,-4.0,-1.1
-4.0,-4.0,-1.1
-4.0,-4.0,-1.1
-4.0,-4.0,-1.1
-4.0,-4.0,-1.1
-4.0,-4.0,-1.1
-4.0,-4.0,-1.1
-4.0,-4.0,-1.1
-4.0,-4.0,-1.1
-4.0,-4.0,-1.1
-4.0,-4.0,-1.1
-4.0,-4.0,-1.1
-4.0,-4.0,-1.1
-4.0,-4.0,-1.1
-4.0,-4.0,-1.1
-4.0,-4.0,-1.1
-4.0,-4.0,-1.1
-4.0,-4.0,-1.1
-4.0,-4.0,-1.1
-4.0,-4.0,-1.1
-4.0,-4.0,-1.1
-4.0,-4.0,-1.1
-4.0,-4.0,-1.1
-4.0,-4.0,-1.1
-4.0,-4.0,-1.1
-4.0,-4.0,-1.1
-4.0,-4.0,-1.1
-4.0,-4.0,-1.1
-4.0,-4.0,-1.1
-4.0,-4.0,-1.1
-4.0,-4.0,-1.1
-4.0,-4.0,-1.1
-4.0,-4.0,-1.1
-4.0,-4.0,-1.1
-4.0,-4.0,-1.1
-4.0,-4.0,-1.1
-4.0,-4.0,-1.1
-4.0,-4.0,-1.1
-4.0,-4.0,-1.1
-4.0,-4.0,-1.1
-4.0,-4.0,-1.1
-4.0,-4.0,-1.1
-4.0,-4.0,-1.1
-4.0,-4.0,-1.1
-4.0,-4.0,-1.1
-4.0,-4.0,-1.1
-4.0,-4.0,-1.1
-4.0,-4.0,-1.1
-4.0,-4.0,-1.1
-4.0,-4.0,-1.1
-4.0,-4.0,-1.1
-4.0,-4.0,-1.1
-4.0,-4.0,-1.1
-4.0,-4.0,-1.1
-4.0,-4.0,-1.1
-4.0,-4.0,-1.1
-4.0,-4.0,-1.1
-4.0,-4.0,-1.1
-4.0,-4.0,-1.1
-4.0,-4.0,-1.1
-4.0,-4.0,-1.1
-4.0,-4.0,-1.1
-4.0,-4.0,-1.1
-4.0,-4.0,-1.1
-4.0,-4.0,-1.1
-4.0,-4.0,-1.1
-4.0,-4.0,-1.1
-4.0,-4.0,-1.1
-4.0,-4.0,-1.1
-4.0,-4.0,-1.1
-4.0,-4.0,-1.1
-4.0,-4.0,-1.1
-4.0,-4.0,-1.1
-4.0,-4.0,-1.1
-4.0,-4.0,-1.1
-4.0,-4.0,-1.1
-4.0,-4.0,-1.1
-4.0,-4.0,-1.1
-4.0,-4.0,-1.1
-4.0,-4.0,-1.1
-4.0,-4.0,-1.1
-4.0,-4.0,-1.1
-4.0,-4.0,-1.1
-4.0,-4.0,-1.1
-4.0,-4.0,-1.1
-4.0,-4.0,-1.1
-4.0,-4.0,-1.1
-4.0,-4.0,-1.1
-4.0,-4.0,-1.1
-4.0,-4.0,-1.1
-4.0,-4.0,-1.1
-4.0,-4.0,-1.1
-4.0,-4.0,-1.1
-4.0,-4.0,-1.1
-4.0,-4.0,-1.1
-4.0,-4.0,-1.1
-4.0,-4.0,-1.1
-4.0,-4.0,-1.1
-4.0,-4.0,-1.1
-4.0,-4.0,-1.1
-4.0,-4.0,-1.1
-4.0,-4.0,-1.1
-4.0,-4.0,-1.1
-4.0,-4.0,-1.1
-4.0,-4.0,-1.1
-4.0,-4.0,-1.1
-4.0,-4.0,-1.1
-4.0,-4.0,-1.1
-4.0,-4.0,-1.1
-4.0,-4.0,-1.1
-4.0,-4.0,-1.1
-4.0,-4.0,-1.1
-4.0,-4.0,-1.1
-4.0,-4.0,-1.1
-4.0,-4.0,-1.1
-4.0,-4.0,-1.1
-4.0,-4.0,-1.1
-4.0,-4.0,-1.1
-4.0,-4.0,-1.1
-4.0,-4.0,-1.1
-4.0,-4.0,-1.1
-4.0,-4.0,-1.1
-4.0,-4.0,-1.1
-4.0,-4.0,-1.1
-4.0,-4.0,-1.1
-4.0,-4.0,-1.1
-4.0,-4.0,-1.1
-4.0,-4.0,-1.1
-4.0,-4.0,-1.1
-4.0,-4.0,-1.1
-4.0,-4.0,-1.1
-4.0,-4.0,-1.1
-4.0,-4.0,-1.1
-4.0,-4.0,-1.1
-4.0,-4.0,-1.1
-4.0,-4.0,-1.1
-4.0,-4.0,-1.1
-4.0,-4.0,-1.1
-4.0,-4.0,-1.1
-4.0,-4.0,-1.1
-4.0,-4.0,-1.1
-4.0,-4.0,-1.1
-4.0,-4.0,-1.1
-4.0,-4.0,-1.1
-4.0,-4.0,-1.1
-4.0,-4.0,-1.1
-4.0,-4.0,-1.1
-4.0,-4.0,-1.1
-4.0,-4.0,-1.1
-4.0,-4.0,-1.1
-4.0,-4.0,-1.1
-4.0,-4.0,-1.1
-4.0,-4.0,-1.1
-4.0,-4.0,-1.1
-4.0,-4.0,-1.1
-4.0,-4.0,-1.1
-4.0,-4.0,-1.1
-4.0,-4.0,-1.1
-4.0,-4.0,-1.1
-4.0,-4.0,-1.1
-4.0,-4.0,-1.1
-4.0,-4.0,-1.1
-4.0,-4.0,-1.1
-4.0,-4.0,-1.1
-4.0,-4.0,-1.1
-4.0,-4.0,-1.1
-4.0,-4.0,-1.1
-4.0,-4.0,-1.1
-4.0,-4.0,-1.1
-4.0,-4.0,-1.1
-4.0,-4.0,-1.1
-4.0,-4.0,-1.1
-4.0,-4.0,-1.1
-4.0,-4.0,-1.1
-4.0,-4.0,-1.1
-4.0,-4.0,-1.1
-4.0,-4.0,-1.1
-4.0,-4.0,-1.1
-4.0,-4.0,-1.1
-4.0,-4.0,-1.1
-4.0,-4.0,-1.1
-4.0,-4.0,-1.1
-4.0,-4.0,-1.1
-4.0,-4.0,-1.1
-4.0,-4.0,-1.1
-4.0,-4.0,-1.1
-4.0,-4.0,-1.1
-4.0,-4.0,-1.1
-4.0,-4.0,-1.1
-4.0,-4.0,-1.1
-4.0,-4.0,-1.1
-4.0,-4.0,-1.1
-4.0,-4.0,-1.1
-4.0,-4.0,-1.1
-4.0,-4.0,-1.1
-4.0,-4.0,-1.1
-4.0,-4.0,-1.1
-4.0,-4.0,-1.1
-4.0,-4.0,-1.1
-4.0,-4.0,-1.1
-4.0,-4.0,-1.1
-4.0,-4.0,-1.1
-4.0,-4.0,-1.1
-4.0,-4.0,-1.1
-4.0,-4.0,-1.1
-4.0,-4.0,-1.1
-4.0,-4.0,-1.1
-4.0,-4.0,-1.1
-4.0,-4.0,-1.1
-4.0,-4.0,-1.1
-4.0,-4.0,-1.1
-4.0,-4.0,-1.1
-4.0,-4.0,-1.1
-4.0,-4.0,-1.1
-4.0,-4.0,-1.1
-4.0,-4.0,-1.1
-4.0,-4.0,-1.1
-4.0,-4.0,-1.1
-4.0,-4.0,-1.1
-4.0,-4.0,-1.1
-4.0,-4.0,-1.1
-4.0,-4.0,-1.1
-4.0,-4.0,-1.1
-4.0,-4.0,-1.1
-4.0,-4.0,-1.1
-4.0,-4.0,-1.1
-4.0,-4.0,-1.1
-4.0,-4.0,-1.1
-4.0,-4.0,-1.1
-4.0,-4.0,-1.1
-4.0,-4.0,-1.1
-4.0,-4.0,-1.1
-4.0,-4.0,-1.1
-4.0,-4.0,-1.1
-4.0,-4.0,-1.1
-4.0,-4.0,-1.1
-4.0,-4.0,-1.1
-4.0,-4.0,-1.1
-4.0,-4.0,-1.1
-4.0,-4.0,-1.1
-4.0,-4.0,-1.1
-4.0,-4.0,-1.1
-4.0,-4.0,-1.1
-4.0,-4.0,-1.1
-4.0,-4.0,-1.1
-4.0,-4.0,-1.1
-4.0,-4.0,-1.1
-4.0,-4.0,-1.1
-4.0,-4.0,-1.1
-4.0,-4.0,-1.1
-4.0,-4.0,-1.1
-4.0,-4.0,-1.1
-4.0,-4.0,-1.1
-4.0,-4.0,-1.1
-4.0,-4.0,-1.1
-4.0,-4.0,-1.1
-4.0,-4.0,-1.1
-4.0,-4.0,-1.1
-4.0,-4.0,-1.1
-4.0,-4.0,-1.1
-4.0,-4.0,-1.1
-4.0,-4.0,-1.1
-4.0,-4.0,-1.1
-4.0,-4.0,-1.1
-4.0,-4.0,-1.1
-4.0,-4.0,-1.1
-4.0,-4.0,-1.1
-4.0,-4.0,-1.1
-4.0,-4.0,-1.1
-4.0,-4.0,-1.1
-4.0,-4.0,-1.1
-4.0,-4.0,-1.1
-4.0,-4.0,-1.1
-4.0,-4.0,-1.1
-4.0,-4.0,-1.1
-4.0,-4.0,-1.1
-4.0,-4.0,-1.1
-4.0,-4.0,-1.1
-4.0,-4.0,-1.1
-4.0,-4.0,-1.1
-4.0,-4.0,-1.1
-4.0,-4.0,-1.1
-4.0,-4.0,-1.1
-4.0,-4.0,-1.1
-4.0,-4.0,-1.1
-4.0,-4.0,-1.1
-4.0,-4.0,-1.1
-4.0,-4.0,-1.1
-4.0,-4.0,-1.1
-4.0,-4.0,-1.1
-4.0,-4.0,-1.1
-4.0,-4.0,-1.1
-4.0,-4.0,-1.1
-4.0,-4.0,-1.1
-4.0,-4.0,-1.1
-4.0,-4.0,-1.1
-4.0,-4.0,-1.1
-4.0,-4.0,-1.1
-4.0,-4.0,-1.1
-4.0,-4.0,-1.1
-4.0,-4.0,-1.1
-4.0,-4.0,-1.1
-4.0,-4.0,-1.1
-4.0,-4.0,-1.1
-4.0,-4.0,-1.1
-4.0,-4.0,-1.1
-4.0,-4.0,-1.1
-4.0,-4.0,-1.1
-4.0,-4.0,-1.1
-4.0,-4.0,-1.1
-4.0,-4.0,-1.1
-4.0,-4.0,-1.1
-4.0,-4.0,-1.1
-4.0,-4.0,-1.1
-4.0,-4.0,-1.1
-4.0,-4.0,-1.1
-4.0,-4.0,-1.1
-4.0,-4.0,-1.1
-4.0,-4.0,-1.1
-4.0,-4.0,-1.1
-4.0,-4.0,-1.1
-4.0,-4.0,-1.1
-4.0,-4.0,-1.1
-4.0,-4.0,-1.1
-4.0,-4.0,-1.1
-4.0,-4.0,-1.1
-4.0,-4.0,-1.1
-4.0,-4.0,-1.1
-4.0,-4.0,-1.1
-4.0,-4.0,-1.1
-4.0,-4.0,-1.1
-4.0,-4.0,-1.1
-4.0,-4.0,-1.1
-4.0,-4.0,-1.1
-4.0,-4.0,-1.1
-4.0,-4.0,-1.1
-4.0,-4.0,-1.1
-4.0,-4.0,-1.1
-4.0,-4.0,-1.1
-4.0,-4.0,-1.1
-4.0,-4.0,-1.1
-4.0,-4.0,-1.1
-4.0,-4.0,-1.1
-4.0,-4.0,-1.1
-4.0,-4.0,-1.1
-4.0,-4.0,-1.1
-4.0,-4.0,-1.1
-4.0,-4.0,-1.1
-4.0,-4.0,-1.1
-4.0,-4.0,-1.1
-4.0,-4.0,-1.1
-4.0,-4.0,-1.1
-4.0,-4.0,-1.1
-4.0,-4.0,-1.1
-4.0,-4.0,-1.1
-4.0,-4.0,-1.1
-4.0,-4.0,-1.1
-4.0,-4.0,-1.1
-4.0,-4.0,-1.1
-4.0,-4.0,-1.1
-4.0,-4.0,-1.1
-4.0,-4.0,-1.1
-4.0,-4.0,-1.1
-4.0,-4.0,-1.1
-4.0,-4.0,-1.1
-4.0,-4.0,-1.1
-4.0,-4.0,-1.1
-4.0,-4.0,-1.1
-4.0,-4.0,-1.1
-4.0,-4.0,-1.1
-4.0,-4.0,-1.1
-4.0,-4.0,-1.1
-4.0,-4.0,-1.1
-4.0,-4.0,-1.1
-4.0,-4.0,-1.1
-4.0,-4.0,-1.1
-4.0,-4.0,-1.1
-4.0,-4.0,-1.1
-4.0,-4.0,-1.1
-4.0,-4.0,-1.1
-4.0,-4.0,-1.1
-4.0,-4.0,-1.1
-4.0,-4.0,-1.1
-4.0,-4.0,-1.1
-4.0,-4.0,-1.1
-4.0,-4.0,-1.1
-4.0,-4.0,-1.1
-4.0,-4.0,-1.1
-4.0,-4.0,-1.1
-4.0,-4.0,-1.1
-4.0,-4.0,-1.1
-4.0,-4.0,-1.1
-4.0,-4.0,-1.1
-4.0,-4.0,-1.1
-4.0,-4.0,-1.1
-4.0,-4.0,-1.1
-4.0,-4.0,-1.1
-4.0,-4.0,-1.1
-4.0,-4.0,-1.1
-4.0,-4.0,-1.1
-4.0,-4.0,-1.1
-4.0,-4.0,-1.1
-4.0,-4.0,-1.1
-4.0,-4.0,-1.1
-4.0,-4.0,-1.1
-4.0,-4.0,-1.1
-4.0,-4.0,-1.1
-4.0,-4.0,-1.1
-4.0,-4.0,-1.1
-4.0,-4.0,-1.1
-4.0,-4.0,-1.1
-4.0,-4.0,-1.1
-4.0,-4.0,-1.1
-4.0,-4.0,-1.1
-4.0,-4.0,-1.1
-4.0,-4.0,-1.1
-4.0,-4.0,-1.1
-4.0,-4.0,-1.1
-4.0,-4.0,-1.1
-4.0,-4.0,-1.1
-4.0,-4.0,-1.1
-4.0,-4.0,-1.1
-4.0,-4.0,-1.1
-4.0,-4.0,-1.1
-4.0,-4.0,-1.1
-4.0,-4.0,-1.1
-4.0,-4.0,-1.1
-4.0,-4.0,-1.1
-4.0,-4.0,-1.1
-4.0,-4.0,-1.1
-4.0,-4.0,-1.1
-4.0,-4.0,-1.1
-4.0,-4.0,-1.1
-4.0,-4.0,-1.1
-4.0,-4.0,-1.1
-4.0,-4.0,-1.1
-4.0,-4.0,-1.1
-4.0,-4.0,-1.1
-4.0,-4.0,-1.1
-4.0,-4.0,-1.1
-4.0,-4.0,-1.1
-4.0,-4.0,-1.1
-4.0,-4.0,-1.1
-4.0,-4.0,-1.1
-4.0,-4.0,-1.1
-4.0,-4.0,-1.1
-4.0,-4.0,-1.1
-4.0,-4.0,-1.1
-4.0,-4.0,-1.1
-4.0,-4.0,-1.1
-4.0,-4.0,-1.1
-4.0,-4.0,-1.1
-4.0,-4.0,-1.1
-4.0,-4.0,-1.1
-4.0,-4.0,-1.1
-4.0,-4.0,-1.1
-4.0,-4.0,-1.1
-4.0,-4.0,-1.1
-4.0,-4.0,-1.1
-4.0,-4.0,-1.1
-4.0,-4.0,-1.1
-4.0,-4.0,-1.1
-4.0,-4.0,-1.1
-4.0,-4.0,-1.1
-4.0,-4.0,-1.1
-4.0,-4.0,-1.1
-4.0,-4.0,-1.1
-4.0,-4.0,-1.1
-4.0,-4.0,-1.1
-4.0,-4.0,-1.1
-4.0,-4.0,-1.1
-4.0,-4.0,-1.1
-4.0,-4.0,-1.1
-4.0,-4.0,-1.1
-4.0,-4.0,-1.1
-4.0,-4.0,-1.1
-4.0,-4.0,-1.1
-4.0,-4.0,-1.1
-4.0,-4.0,-1.1
-4.0,-4.0,-1.1
-4.0,-4.0,-1.1
-4.0,-4.0,-1.1
-4.0,-4.0,-1.1
-4.0,-4.0,-1.1
-4.0,-4.0,-1.1
-4.0,-4.0,-1.1
-4.0,-4.0,-1.1
-4.0,-4.0,-1.1
-4.0,-4.0,-1.1
-4.0,-4.0,-1.1
-4.0,-4.0,-1.1
-4.0,-4.0,-1.1
-4.0,-4.0,-1.1
-4.0,-4.0,-1.1
-4.0,-4.0,-1.1
-4.0,-4.0,-1.1
-4.0,-4.0,-1.1
-4.0,-4.0,-1.1
-4.0,-4.0,-1.1
-4.0,-4.0,-1.1
