x,y,z
-0.018021,-0.10658,0.119663
0.0213348,-0.106383,0.119613
-0.0552391,-0.0939065,0.11966
0.0580739,-0.0924768,0.119719
-0.0354943,-0.0597101,0.119602
0.0218671,-0.0633335,0.119447
0.0874482,-0.0663972,0.119537
-0.0985772,-0.0440294,0.119582
-0.00511725,-0.0346422,0.119683
0.0333033,-0.0257673,0.119662
-0.0765433,-0.0104926,0.119375
-0.037357,-0.0120428,0.119597
0.0692454,-0.00985365,0.119549
0.108423,-0.0111005,0.120075
-0.107225,0.0184134,0.119572
-0.0568467,0.0235627,0.119493
-0.00699817,0.0127901,0.11952
0.0371128,0.0133864,0.119648
0.0670402,0.0393796,0.119404
0.104614,0.0280682,0.119526
-0.0939435,0.0552364,0.119624
-0.0333491,0.0644471,0.11965
0.0055032,0.0700201,0.119631
-0.0687356,0.0850908,0.119465
0.0764198,0.0774593,0.120337
-0.0338997,0.103864,0.119531
0.00541021,0.109286,0.119601
0.043748,0.0992535,0.11964
-0.00741956,-0.073115,0.143522
0.0551853,-0.0530561,0.137727
-0.0640986,-0.0418554,0.139624
-0.108141,-0.0134162,0.142241
-0.00749274,0.0427151,0.144744
0.0404948,0.063112,0.135911
-0.0371194,-0.103183,0.153917
0.00182999,-0.109971,0.153427
-0.0756351,-0.0782875,0.149414
0.0303956,-0.0831979,0.151886
0.0691488,-0.0848201,0.157258
-0.0409338,-0.0648619,0.162083
0.0923679,-0.053222,0.155972
-0.0979705,-0.0473973,0.158611
0.018437,-0.0458657,0.155303
-0.0716753,-0.00658988,0.15775
-0.03541,-0.0217771,0.157488
0.0113818,-0.00804755,0.147039
0.0500075,-0.00350594,0.152943
0.0889369,-0.00921601,0.154227
-0.0364859,0.0172677,0.152588
-0.101619,0.0373384,0.153596
0.0280372,0.0291845,0.154456
0.0671262,0.0312982,0.157356
0.106013,0.026864,0.158529
-0.0850195,0.0690018,0.170085
-0.059464,0.0519202,0.146078
-0.0294032,0.0670356,0.166138
0.00939399,0.0723072,0.165582
0.0902304,0.0627623,0.154134
-0.0539657,0.0947764,0.154132
0.0616215,0.0906837,0.154341
-0.0141743,0.10395,0.153225
0.0251073,0.106206,0.153483
-0.0150983,-0.107793,0.188638
0.0293023,-0.105623,0.184112
-0.0608559,-0.0911652,0.183516
0.00493472,-0.0750409,0.180715
-0.0892236,-0.0647414,0.192413
0.0436181,-0.0680251,0.1855
0.0821663,-0.0717965,0.191983
-0.105595,-0.0291694,0.192793
-0.0633382,-0.0380032,0.179888
-0.0166109,-0.0422827,0.185152
0.0616211,-0.0354244,0.172769
0.105829,-0.029212,0.183633
-0.00908302,-0.00366988,0.180285
0.0275567,-0.0177344,0.181354
-0.109266,0.0061152,0.176096
0.0693827,0.0201706,0.194546
0.108799,0.00873895,0.193229
-0.101461,0.0408188,0.192698
-0.0682847,0.028201,0.175782
-0.00590816,0.0380221,0.183797
0.030388,0.0263087,0.19357
0.0984507,0.0465977,0.191571
0.0449651,0.0585103,0.174646
0.0756093,0.0784007,0.189005
-0.0344407,0.104664,0.186656
0.00480467,0.109454,0.187014
0.0430153,0.100276,0.187961
-0.0417294,-0.101076,0.216439
-0.00797334,-0.0808434,0.217449
0.0544308,-0.0945432,0.212267
-0.0430373,-0.0634761,0.205013
-0.0699734,-0.0382222,0.218622
0.0170188,-0.0467522,0.204904
0.0544106,-0.047745,0.217464
0.0981176,-0.0470026,0.217894
-0.0752052,-0.00444931,0.196467
0.0400732,-0.00561143,0.216582
0.075486,-0.0171492,0.204718
-0.109342,0.00594897,0.215257
-0.0375753,0.0171391,0.197536
-0.000587897,0.0138021,0.214376
-0.0709869,0.0300251,0.214851
-0.0864714,0.0674121,0.217303
-0.0546229,0.0600504,0.195441
-0.0178975,0.073039,0.202985
0.0212128,0.0714209,0.203063
0.0546531,0.0520605,0.212123
-0.0570244,0.093246,0.216582
0.0187465,-0.107533,0.229135
-0.0737052,-0.0803837,0.224431
0.0785781,-0.0755259,0.236606
-0.0470846,-0.0578528,0.243714
0.0269434,-0.0699968,0.234591
-0.10567,-0.0292555,0.232153
-0.0114954,-0.0248333,0.220058
0.0231786,-0.0314677,0.240375
-0.0767084,-0.0028798,0.235288
0.0748432,-0.0227819,0.243512
0.108615,-0.0104468,0.227493
-0.0378625,0.000729807,0.233198
0.0695778,0.0144741,0.233138
-0.103028,0.0377974,0.237123
0.0310033,0.0286096,0.232797
0.10565,0.0288608,0.226881
-0.0395997,0.0626766,0.233905
-0.00181309,0.0498084,0.230023
0.0319326,0.0669088,0.24046
0.0893609,0.0646393,0.225215
0.0597512,0.0915751,0.222512
-0.0175328,0.107438,0.221946
0.0230412,0.106107,0.221543
-0.0167789,-0.107602,0.245777
0.0148383,-0.108053,0.26887
-0.0530232,-0.0952154,0.25418
0.0493949,-0.0972035,0.251646
-0.0917854,-0.0599706,0.25239
-0.00815951,-0.0539778,0.246226
0.0541159,-0.052855,0.257102
-0.0682165,-0.030102,0.261869
0.105522,-0.0311035,0.266274
-0.0288595,-0.0244802,0.262056
0.000647172,-0.000941491,0.250791
0.0402573,-0.000603493,0.257344
-0.109872,0.00335181,0.254956
0.10885,0.00971237,0.261124
-0.0650731,0.0392569,0.252442
-0.0266106,0.0316493,0.254272
0.0114789,0.0341008,0.266523
0.0594133,0.0432518,0.257417
0.0981914,0.047526,0.260711
-7.31355e-05,0.0715354,0.262733
-0.0747215,0.0790953,0.253012
0.0741892,0.0798917,0.258095
-0.0419258,0.100857,0.252135
0.00307415,0.1099,0.255193
0.0413656,0.101367,0.255887
-0.0423903,-0.100924,0.291496
-0.0749869,-0.0789516,0.28244
-0.0141442,-0.0806365,0.274126
0.0460277,-0.0985772,0.290826
0.0766555,-0.0773839,0.27807
-0.0452691,-0.0531577,0.283459
0.0233536,-0.0700547,0.273613
-0.105444,-0.0304736,0.274465
-0.00774231,-0.0430851,0.289639
0.0281615,-0.0309375,0.279319
0.0697595,-0.0272749,0.282235
-0.107525,0.0189545,0.290865
-0.0746437,0.00704365,0.273119
-0.0397802,0.00070376,0.290266
-0.000155933,0.0045022,0.289702
0.0727192,0.0111269,0.275837
-0.0619144,0.0428641,0.291462
-0.0231391,0.0362875,0.292849
-0.0958764,0.0519601,0.273006
-0.0374582,0.0669459,0.272799
0.03448,0.0636149,0.279278
0.0869385,0.0673919,0.293132
-0.0645358,0.0893602,0.28993
0.0572885,0.0931042,0.291092
-0.0216791,0.106964,0.285394
0.0204859,0.107067,0.290386
-0.00208138,-0.109863,0.304368
0.01474,-0.0744344,0.311547
-0.093876,-0.0557706,0.308118
-0.0244582,-0.0716607,0.310837
0.0502102,-0.0568627,0.299038
0.0962932,-0.0506717,0.2993
-0.0706532,-0.0249154,0.300687
-0.0346885,-0.0301123,0.315243
0.030467,-0.0289573,0.318569
-0.107615,-0.0171691,0.311405
0.106195,-0.00669706,0.297129
-0.0751818,0.0124284,0.311991
0.0402443,0.00221086,0.296593
0.0735292,0.00844331,0.3165
0.0194189,0.0338775,0.307134
0.0593488,0.0401534,0.298064
0.105106,0.0326391,0.29649
-0.0890899,0.0649314,0.309314
0.0053431,0.070474,0.303849
-0.0309857,0.0807862,0.312949
-0.0322565,-0.105258,0.32923
0.0326709,-0.105283,0.327703
-0.0663008,-0.088023,0.319661
0.0696197,-0.0845637,0.318953
-0.065015,-0.0519266,0.334608
0.0419756,-0.0620995,0.337049
0.0920877,-0.0588802,0.338436
-0.00282199,-0.0458455,0.331706
0.0700824,-0.0304881,0.321335
-0.0725636,-0.0140124,0.340604
-0.00541888,-0.00661338,0.327013
0.106826,-0.0227604,0.333045
-0.0387899,0.0142733,0.327205
0.0380907,0.00696012,0.335613
0.107729,0.0165584,0.334061
-0.104967,0.0337344,0.327298
-0.0114481,0.0444373,0.329153
0.057902,0.0434252,0.336838
-0.0499848,0.0517942,0.331276
0.0951335,0.0535187,0.329048
-0.065249,0.0888767,0.329269
0.00774006,0.0760353,0.342538
0.0674217,0.0867712,0.328591
-0.00493122,0.109627,0.320918
0.032698,0.10508,0.331551
0.00056264,-0.110167,0.350295
-0.0687848,-0.0855096,0.358864
0.0577439,-0.093054,0.35548
-0.0270907,-0.0708982,0.34978
0.011031,-0.0731865,0.358555
-0.102475,-0.0389927,0.345779
0.057708,-0.0332223,0.358468
-0.109221,-0.000157868,0.346847
-0.0343705,-0.0159932,0.35199
0.0174629,-0.0219123,0.355087
-0.0715611,0.0243607,0.349054
-0.00485213,0.00960102,0.362831
0.0730875,0.00288922,0.355436
-0.104942,0.0339628,0.367205
-0.0149962,0.0476571,0.36798
0.0200008,0.0380209,0.351674
0.102174,0.0398068,0.365341
-0.0892847,0.0646429,0.348556
0.0418781,0.0692955,0.361682
0.0812272,0.0730332,0.362795
-0.0302272,0.0803252,0.352244
-0.000215991,0.110261,0.360117
-0.0355261,-0.104285,0.368413
0.0289243,-0.105863,0.379004
-0.0919259,-0.0597152,0.377544
-0.0290763,-0.0735698,0.392145
0.043595,-0.0644474,0.378499
0.0833129,-0.070881,0.375584
-0.0510618,-0.0486314,0.371063
-0.0121286,-0.0419104,0.371597
0.102506,-0.0370664,0.369431
-0.0781264,-0.0212159,0.378753
0.0415676,-0.00553497,0.381144
-0.110295,8.18231e-05,0.386179
-0.0734255,0.0197899,0.387916
-0.0341193,0.0194181,0.38723
0.109975,0.00155608,0.370381
0.0104929,0.0304219,0.392479
0.0519336,0.0314788,0.373468
-0.0891995,0.0647713,0.38787
-0.0539932,0.0513291,0.371542
-0.065001,0.0889383,0.368515
0.00861288,0.0757083,0.381738
-0.0321307,0.105385,0.382504
0.0346906,0.104636,0.377285
-0.00689739,-0.10903,0.394949
-0.0674023,-0.0846092,0.398196
0.0585695,-0.0927235,0.401313
0.010762,-0.0739925,0.398002
0.0418245,-0.0596584,0.417498
0.0860251,-0.0682269,0.415212
-0.104741,-0.0341626,0.404692
-0.0660275,-0.0457258,0.407012
-0.014325,-0.0422376,0.410828
0.0201851,-0.0360765,0.393234
0.0681246,-0.0392168,0.395789
0.104834,-0.0343179,0.408571
-0.0730782,-0.00810885,0.415439
-0.04089,-0.0185166,0.39415
-0.00403351,-0.00560485,0.399132
0.0782274,-0.00125709,0.394215
0.044198,0.0206336,0.410272
0.106648,0.0243747,0.402277
-0.104961,0.0339773,0.40648
-0.0584853,0.042802,0.416071
-0.0301522,0.0690427,0.397287
0.0390268,0.0581886,0.399319
0.0781838,0.0506418,0.395222
-0.0640099,0.0875557,0.407776
0.0656054,0.088424,0.395485
0.00301992,0.110019,0.400013
-0.0384417,-0.102873,0.417672
-0.00330292,-0.10976,0.434115
0.0355482,-0.104263,0.431073
-0.0875556,-0.0669527,0.43147
-0.0402611,-0.0652856,0.42914
-0.00173149,-0.0704563,0.435181
0.0163005,-0.0348586,0.434294
-0.0369718,-0.000146707,0.428743
0.04869,-0.0167416,0.421375
0.108994,-0.0068322,0.436139
-0.110232,4.79195e-05,0.425499
0.00109671,0.00417893,0.437513
0.0784538,0.0173276,0.428828
-0.0203363,0.0346045,0.420727
0.0172138,0.041239,0.429689
-0.0893957,0.0644251,0.427181
-0.0338222,0.0679856,0.436366
0.0552952,0.0498986,0.434055
0.0938485,0.0565884,0.430563
0.00112175,0.0757556,0.420191
0.0347676,0.0961447,0.418706
-0.031382,0.104504,0.421851
0.00342753,0.10998,0.439406
-0.0287239,-0.105754,0.463882
-0.0621619,-0.0909585,0.449351
0.0678408,-0.0865053,0.444924
0.0322522,-0.0729996,0.454796
-0.104798,-0.0340801,0.444017
-0.0654895,-0.0359403,0.445139
-0.0200329,-0.0365407,0.449299
0.0622343,-0.047763,0.448954
0.100935,-0.0416145,0.45272
-0.110255,-0.00113196,0.464841
-0.044126,-0.0103491,0.46608
0.0750964,-0.0111625,0.455635
-0.0748985,0.00876752,0.450707
0.0384956,0.0105156,0.447814
-0.105104,0.0333566,0.445803
-0.044295,0.0334003,0.451891
-0.00613103,0.0366638,0.460986
0.0324042,0.0450583,0.465645
0.0684542,0.0294366,0.464913
0.106214,0.0277627,0.454344
-0.0901138,0.0632571,0.466457
-0.0653115,0.088703,0.44704
-0.00249209,0.0763242,0.459299
0.069564,0.0849096,0.444583
-0.0325014,0.10523,0.461195
0.0370934,0.102399,0.458349
0.0163891,-0.107959,0.468146
-0.0570748,-0.0935176,0.488304
-0.00319995,-0.0743727,0.474324
0.0521035,-0.0961145,0.479701
-0.0856409,-0.0688937,0.471937
-0.0420557,-0.0630278,0.468293
0.0849103,-0.0691408,0.475858
-0.103936,-0.0359042,0.483141
-0.0647511,-0.0367188,0.486792
-0.0110941,-0.0378491,0.48757
0.025214,-0.0385178,0.472376
0.0652574,-0.0342799,0.485791
0.000393233,-0.00188611,0.476403
0.0388943,-0.00365272,0.484436
0.109466,-0.00743217,0.475443
-0.0735003,0.00191309,0.489234
-0.0311656,0.0205814,0.486684
-0.104837,0.0320209,0.485339
-0.0654984,0.0403088,0.48681
-0.0365421,0.0643792,0.475334
0.0916402,0.0609267,0.4695
-0.0664384,0.0875171,0.486301
0.066367,0.0874651,0.483729
0.00240065,0.110185,0.47875
-0.00929106,-0.10884,0.49797
0.0282276,-0.106152,0.509568
-0.0801519,-0.0709684,0.510864
-0.028641,-0.0712221,0.504203
0.0293915,-0.0688668,0.497062
0.023045,-0.0318929,0.51105
0.10241,-0.0389633,0.497933
-0.109945,-0.00326166,0.504137
-0.038657,-0.0134892,0.504939
0.110203,-0.00143366,0.514333
0.0764339,0.00376244,0.493586
0.0178176,0.0270613,0.497345
0.0597815,0.0394733,0.501919
0.105403,0.0314993,0.493415
-0.0901473,0.0631223,0.507336
-0.0431222,0.0584237,0.513583
0.0297577,0.0647986,0.499458
0.0895484,0.0643027,0.508556
-0.00740068,0.077457,0.498265
-0.0353579,0.104502,0.503303
0.034958,0.104439,0.500174
-0.0289762,-0.105941,0.531931
0.0312172,-0.0770592,0.535923
0.0635504,-0.0899547,0.516846
-0.00769233,-0.0736682,0.537272
0.056236,-0.0513952,0.519936
0.0869736,-0.0671265,0.538743
-0.102454,-0.0391582,0.522199
-0.0522244,-0.0459905,0.522953
-0.0127434,-0.0362117,0.526827
0.105235,-0.0324379,0.537934
-0.0733822,-0.0129539,0.525446
0.0712049,-0.0157759,0.527262
-0.0383916,0.0211996,0.525301
-0.00396741,0.000797565,0.51687
0.0359081,0.00332729,0.522973
0.0675767,0.0222841,0.536639
-0.105965,0.0300099,0.524627
-0.0702875,0.041337,0.536309
-0.0066333,0.0459788,0.521611
0.0337309,0.041647,0.531285
0.105241,0.0329821,0.53269
0.0561682,0.0737911,0.527056
-0.0658489,0.0881469,0.525582
-0.0227574,0.0838325,0.535541
0.000570038,0.110315,0.518293
0.0331379,0.10502,0.53974
0.00850662,-0.109279,0.543494
-0.0545485,-0.0789081,0.544349
0.0615108,-0.0913608,0.556133
-0.0901827,-0.0635904,0.550304
-0.0306553,-0.051514,0.560185
0.0134744,-0.0532362,0.563309
-0.0657497,-0.0338776,0.557833
0.0390677,-0.0277483,0.546716
-0.109266,-0.006338,0.543367
-0.0354762,-0.0113596,0.546987
0.00292162,-0.0160087,0.556711
-0.0745922,0.00881942,0.558036
-0.00921347,0.0209471,0.551658
0.0300767,0.0150599,0.560095
0.10974,0.00196426,0.556478
-0.102147,0.038787,0.562813
-0.0819143,0.0721691,0.557735
-0.0352584,0.0503086,0.551674
0.013194,0.0717205,0.545941
0.088859,0.06532,0.547813
-0.050302,0.0964044,0.560703
0.0623114,0.0906787,0.561937
-0.00360246,0.110053,0.557606
-0.0395721,-0.102394,0.572143
0.0310684,-0.105757,0.576496
-0.0724941,-0.0823505,0.579978
-0.00344032,-0.0870432,0.574122
0.0519784,-0.0560573,0.570515
0.0892771,-0.0646591,0.578634
-0.104865,-0.0337114,0.571315
0.105942,-0.0291225,0.580322
-0.0253729,-0.0205988,0.583875
0.0314803,-0.0169151,0.583795
0.0716044,-0.0157337,0.566535
-0.10979,0.00478636,0.58112
-0.0400598,0.0149801,0.575832
0.00147801,0.00857844,0.587319
0.0674725,0.0222104,0.576004
-0.0614521,0.0477759,0.580844
0.0103,0.045386,0.575558
0.103349,0.0376708,0.571731
0.0473588,0.0544944,0.565903
0.0843542,0.0693818,0.586612
-0.0146145,0.0757903,0.573417
0.0246665,0.0916384,0.577894
-0.0341026,-0.104788,0.611054
0.00453272,-0.109709,0.605307
0.0630854,-0.0891549,0.595347
-0.0932245,-0.0577202,0.602621
-0.0482107,-0.0555608,0.595178
-0.00897348,-0.0545405,0.595607
0.0263462,-0.0718085,0.595735
-0.0727804,-0.0249031,0.595285
0.0698766,-0.0367181,0.599717
-0.10761,-0.0189926,0.61241
-0.0744422,0.0143305,0.596879
-0.0385605,0.0101772,0.614875
0.0360766,0.0226374,0.599637
0.0730554,0.00303011,0.609914
0.109361,0.00695192,0.595524
-0.0237307,0.0447061,0.595624
0.10082,0.0422527,0.610743
-0.0955757,0.0534985,0.59951
0.0335818,0.0617857,0.602736
-0.0696912,0.0842468,0.593072
-0.00234306,0.0757083,0.610822
0.0566991,0.09356,0.600695
-0.0304992,0.105739,0.593327
0.0222892,0.107176,0.613986
0.0395549,-0.10263,0.623815
-0.0683191,-0.0857734,0.618971
0.00969084,-0.0775713,0.63085
-0.0285689,-0.069015,0.626532
0.0490592,-0.0593518,0.625377
0.0868646,-0.0672554,0.617777
-0.0909455,-0.0416638,0.639923
-0.033105,-0.0302469,0.621187
0.0151416,-0.0395533,0.622751
0.0692233,-0.0279937,0.638021
0.104004,-0.027178,0.619592
-0.0663432,-0.0120538,0.631723
-0.00327392,-0.00479896,0.623849
0.03824,-0.00792813,0.624335
-0.107601,0.0204457,0.617193
0.108666,0.0119107,0.634571
-0.0710944,0.0268429,0.633878
0.00640177,0.0384293,0.620058
0.0635198,0.0389307,0.622893
-0.0870341,0.0672602,0.635434
-0.0526764,0.05801,0.618625
-0.0513156,0.0966553,0.625488
0.0510808,0.0961675,0.639481
0.0805368,0.0742945,0.625402
-0.0140713,0.108669,0.628877
-0.0108721,-0.108755,0.642749
0.0242724,-0.104298,0.659998
-0.0797333,-0.0752275,0.657134
-0.0475089,-0.0967749,0.650526
-0.0133955,-0.0748672,0.662619
0.0677207,-0.086917,0.646386
0.0267523,-0.063775,0.663509
0.0944092,-0.054243,0.654067
-0.0530471,-0.0470426,0.650656
-0.0101634,-0.0357262,0.65264
0.0272435,-0.0247729,0.658172
-0.103178,-0.00333128,0.648256
0.108019,-0.0181263,0.66179
-0.0406726,0.00247953,0.657763
-0.00156446,0.00276969,0.662243
0.0718979,0.0103018,0.648586
-0.103998,0.0364391,0.653087
-0.0203322,0.0349264,0.648718
0.0338929,0.0252483,0.644862
0.097848,0.0485202,0.649494
-0.0542399,0.0523773,0.658491
-0.0248252,0.0736386,0.643262
0.0267002,0.0653047,0.641331
-0.0622252,0.0906165,0.662788
0.0761766,0.0787255,0.664255
0.0164666,0.108243,0.653518
-0.00797419,-0.109183,0.681955
0.0526505,-0.0961813,0.686047
-0.0426173,-0.0619013,0.685583
0.0632277,-0.0592297,0.677555
-0.097764,-0.0490797,0.680332
0.000942209,-0.0475886,0.688433
-0.108773,-0.0118381,0.686693
-0.0742173,-0.0196279,0.669366
-0.0306381,-0.0244409,0.684641
0.0640761,-0.0199115,0.676126
-0.0729951,0.0195127,0.672407
0.0368771,0.00809865,0.680975
0.107639,0.0193219,0.67391
0.0116404,0.0376375,0.67478
0.0552483,0.0460564,0.670427
-0.0890819,0.0649352,0.675785
-0.0338598,0.0735994,0.684544
0.095365,0.054222,0.688366
0.00301682,0.0757814,0.670979
-0.0232064,0.107263,0.667141
0.0456281,0.0991928,0.678319
-0.0442943,-0.100279,0.694096
-0.0767779,-0.0782402,0.696338
-0.0131127,-0.0792777,0.706924
0.0778257,-0.0769143,0.709538
0.0332818,-0.0659867,0.702267
-0.0645056,-0.0345625,0.704297
0.0326489,-0.0267805,0.698737
0.0985375,-0.0467195,0.692421
0.00378526,-0.000159305,0.700948
0.0941365,-0.00814624,0.698531
-0.0802397,0.00386223,0.708784
-0.0434099,0.010714,0.696817
0.0698599,0.0227611,0.698511
-0.10665,0.0271947,0.691239
-0.0600608,0.0470898,0.69717
-0.0183913,0.0408748,0.699932
0.0183293,0.0342286,0.713393
0.0324261,0.0662509,0.695352
-0.0675981,0.0864305,0.701538
-0.00371522,0.0760608,0.709695
0.0714842,0.082857,0.703069
-0.0288991,0.106105,0.706138
0.0079285,0.1094,0.691923
-0.0237638,-0.106733,0.732979
0.0125277,-0.108831,0.71549
-0.0599474,-0.091734,0.729251
0.0489539,-0.0981468,0.725829
-0.0958749,-0.0528204,0.719506
-0.0391336,-0.0561191,0.725194
0.00925623,-0.0722363,0.738522
0.00315462,-0.0317678,0.724401
0.0669673,-0.0381444,0.71417
0.105806,-0.0297966,0.72916
-0.108096,-0.0163673,0.727826
-0.0349222,-0.0170192,0.723438
0.0326263,-0.000163947,0.727714
0.0749386,-0.00435574,0.732642
-0.10741,0.0228794,0.730329
-0.0440998,0.0217538,0.734597
-0.00759493,0.00746569,0.737678
-0.00963794,0.0475683,0.737663
0.0536199,0.0484974,0.723405
0.106709,0.0252631,0.715115
-0.0939754,0.0566196,0.714693
-0.0398019,0.0683486,0.72324
0.024426,0.0718925,0.73677
0.0923516,0.059854,0.72723
0.00154556,0.110225,0.730756
0.0385512,0.10274,0.716843
0.0155835,-0.108471,0.754698
0.0655174,-0.0886998,0.760262
-0.0839558,-0.0708449,0.752405
-0.0245347,-0.0707645,0.758632
0.0469992,-0.0611385,0.739023
0.0902289,-0.0627,0.744084
-0.10313,-0.037473,0.760667
-0.0677508,-0.0361316,0.743402
-0.0140813,-0.0315686,0.759783
0.0279362,-0.0299581,0.754932
0.0670291,-0.0332143,0.758223
-0.0776911,0.00168225,0.748007
0.0508102,0.00528544,0.762167
0.109684,0.00400577,0.749087
-0.07637,0.0409886,0.746213
0.0229559,0.0312296,0.752355
0.0778106,0.0309877,0.749625
-0.0416503,0.0535992,0.759651
0.0509887,0.0571574,0.761667
-0.0742857,0.0797534,0.739734
-0.00948213,0.0822939,0.756209
0.0672397,0.086999,0.741936
-0.0410673,0.102005,0.743416
0.0349511,0.104574,0.75598
-0.0196973,-0.107394,0.77209
0.039075,-0.102849,0.785736
-0.056596,-0.0941856,0.768407
0.00939169,-0.0770466,0.777593
0.0453362,-0.059595,0.778289
0.0885349,-0.0654492,0.783313
-0.0667925,-0.0491873,0.780444
0.105068,-0.0330148,0.768348
-0.0840791,-0.0105151,0.784967
-0.0480647,-0.0142763,0.769539
0.0803818,-0.00722637,0.784924
-0.10363,0.0220896,0.76947
-0.0646848,0.0232835,0.779373
-0.0266831,0.0187553,0.770144
0.00940393,0.000129838,0.772288
-0.00252782,0.0492092,0.776377
0.106037,0.0300511,0.778371
-0.0919281,0.0600801,0.776918
0.0892594,0.0647986,0.766156
-0.0651489,0.0889388,0.776891
0.0629974,0.090465,0.780912
-0.02985,0.105875,0.780911
0.00907005,0.109514,0.785144
-0.0405208,-0.101617,0.80495
0.00434973,-0.109711,0.803126
-0.0740384,-0.0812091,0.802131
0.030121,-0.0744546,0.811381
0.0673258,-0.0872656,0.808292
-0.0290464,-0.0495792,0.791448
-0.100601,-0.0431426,0.799529
0.00877303,-0.0388756,0.790983
0.0655846,-0.0478038,0.809917
0.103524,-0.0375927,0.807387
-0.0541921,-0.0244099,0.808275
-0.0197233,-0.00912066,0.797058
0.0167887,-0.00264314,0.810745
0.0441275,-0.0217227,0.789882
-0.109309,0.0105352,0.806638
0.109747,0.00342643,0.808857
-0.0305292,0.0272222,0.808347
0.0293183,0.029106,0.791136
0.0682623,0.0341885,0.788441
-0.0435152,0.0634835,0.797606
0.0288464,0.068459,0.79205
0.0856913,0.069132,0.805113
-0.0788507,0.0754201,0.811225
-0.00762599,0.0785661,0.802741
0.0390104,0.102549,0.809688
-0.0174823,-0.107765,0.836239
-0.0108099,-0.0753511,0.814934
-0.0908026,-0.0624363,0.832398
-0.0459553,-0.0586531,0.825798
0.0865952,-0.0675741,0.836577
-0.011947,-0.0363923,0.824366
0.0303675,-0.0371539,0.823839
-0.100503,-0.0222047,0.832828
0.0792336,-0.0173547,0.830763
-0.0735404,0.00677194,0.82239
0.0543205,0.00833962,0.814524
-0.100326,0.0448597,0.823609
-0.0611275,0.0438583,0.826672
0.00558843,0.0348637,0.82201
0.102703,0.0390738,0.824003
-0.0283137,0.0660954,0.833824
0.0197383,0.0716198,0.830137
0.0527004,0.0530134,0.819315
-0.0473837,0.098679,0.815384
0.0663155,0.0877827,0.833857
0.00196999,0.110236,0.823972
0.0218175,-0.107596,0.838304
-0.0580421,-0.093579,0.83926
-0.025539,-0.0744152,0.855526
0.0568173,-0.0914576,0.846155
0.0124687,-0.0701698,0.846244
-0.0662905,-0.0381434,0.852543
0.0117418,-0.0325273,0.858139
0.058513,-0.0440163,0.850906
0.103222,-0.0382228,0.856868
-0.0761307,-0.000692735,0.862261
-0.0430652,-0.00805514,0.842291
0.0402814,-0.00747489,0.847729
0.110249,-0.000502625,0.848067
-0.108975,0.0138115,0.846189
-0.00474287,0.000496546,0.843422
0.0725771,0.0240162,0.845624
-0.0819509,0.039049,0.859623
-0.0311747,0.0293338,0.847619
0.0342377,0.032333,0.848891
0.000432591,0.050439,0.857794
0.0861317,0.0686281,0.861935
-0.0672072,0.0758278,0.848829
-0.00229746,0.0897082,0.857225
-0.0391443,0.103021,0.853618
0.0329125,0.105034,0.848496
-0.00992723,-0.108834,0.874847
0.0292791,-0.106209,0.876923
-0.0792597,-0.0761213,0.867446
-0.0478983,-0.0987039,0.87692
0.079165,-0.0755783,0.874373
-0.0485758,-0.0605554,0.886549
0.000601139,-0.0612187,0.882653
0.0391086,-0.0681442,0.875134
-0.102366,-0.0392544,0.868255
-0.0269005,-0.0361563,0.864565
0.0396219,-0.0282049,0.885548
-0.110224,-0.00297754,0.88178
0.0742001,-0.00787819,0.868635
0.109417,-0.0113627,0.88589
-0.0249768,0.00108418,0.877138
0.0156319,0.00178245,0.876997
-0.0505848,0.0305698,0.8818
0.0609741,0.0430058,0.878076
0.104821,0.0342228,0.865712
-0.0856566,0.0689052,0.884979
-0.0341497,0.0651795,0.872745
0.0338535,0.0691741,0.866738
0.0619289,0.0911218,0.883312
0.020335,0.10671,0.885761
0.00691223,-0.109479,0.911113
-0.0666551,-0.0876738,0.909729
-0.0227951,-0.0847978,0.903734
0.0244526,-0.0742649,0.911108
0.057297,-0.0937564,0.901577
-0.0926463,-0.0595573,0.900546
0.0607747,-0.0547471,0.905394
-0.0214811,-0.0462541,0.911543
0.0980915,-0.04795,0.89499
-0.0551077,-0.0218038,0.887979
-0.0043832,-0.011008,0.90837
0.076113,-0.017556,0.906737
-0.0774537,0.00799909,0.90062
0.0487015,0.00993394,0.896682
0.0869474,0.0190436,0.897247
-0.104565,0.0350065,0.891494
-0.0152951,0.0322493,0.899158
0.0220976,0.0387442,0.888716
-0.000116154,0.0711022,0.891764
0.0368348,0.0708851,0.905944
0.0936144,0.057801,0.899035
-0.0557356,0.0942493,0.888203
-0.0189558,0.108275,0.887677
-0.0359027,-0.104006,0.935467
0.0379102,-0.10318,0.934511
0.0763578,-0.0786184,0.932517
-0.0459418,-0.0659732,0.935184
-0.10648,-0.0252515,0.914022
-0.0692594,-0.0360975,0.921819
0.0234297,-0.0360619,0.92056
0.100629,-0.043219,0.933988
0.0488473,-0.00606183,0.932631
0.109382,-0.0047205,0.924689
-0.109044,0.0128518,0.923648
-0.0403195,0.00453653,0.913227
0.0192678,0.0174393,0.921684
-0.0617306,0.039327,0.918478
0.0618353,0.0416802,0.917397
0.104815,0.034158,0.928877
-0.0976108,0.0504072,0.930178
-0.0327976,0.0654072,0.912919
0.00630688,0.0542256,0.926684
-0.0716127,0.0783479,0.920525
-0.00150063,0.0950143,0.922997
0.0709537,0.0836415,0.920871
-0.0401107,0.102658,0.923326
0.0366086,0.103824,0.927429
0.000206626,-0.110155,0.949898
-0.0871093,-0.0669886,0.938797
-0.00558463,-0.0730045,0.937064
0.0312637,-0.0661121,0.94897
-0.0349805,-0.0271852,0.94319
0.00308507,-0.0394787,0.955788
0.0619125,-0.0418311,0.942536
-0.108492,-0.014534,0.951851
-0.00424294,-0.00189793,0.94664
-0.0714522,0.00736926,0.939513
0.0735222,0.0202893,0.948308
-0.10011,0.0249031,0.960033
-0.0248225,0.0315178,0.937348
0.0141028,0.0316828,0.95799
-0.0540863,0.0507793,0.955308
-0.0194101,0.0691471,0.952436
0.040658,0.0602002,0.94491
0.0896624,0.0640972,0.949453
-0.0595667,0.0914151,0.955652
0.0161119,0.0893668,0.957742
0.059386,0.0924585,0.957446
-0.0196296,0.108283,0.956461
-0.0351888,-0.104304,0.974812
-0.0692095,-0.0855108,0.968563
0.0596716,-0.0923079,0.965433
-0.0242422,-0.0641581,0.970557
0.0125466,-0.0731773,0.982863
0.0537528,-0.0542649,0.97895
0.0897967,-0.0637031,0.966379
-0.0985856,-0.0474382,0.970979
-0.0594708,-0.0469422,0.966835
-0.0292822,-0.0268834,0.982159
-0.0756067,-0.0116965,0.973702
0.0292004,-0.00742156,0.966666
0.0699567,-0.0133319,0.968476
0.108649,-0.0168776,0.962126
-0.0403436,0.00602018,0.963597
-0.00369738,0.00281013,0.985695
0.107443,0.0220012,0.968207
-0.0680392,0.0263274,0.982806
-0.0202474,0.037364,0.976327
0.0476993,0.0255807,0.977539
0.0801934,0.0469521,0.983591
-0.089407,0.0643945,0.966063
0.038013,0.0645443,0.983924
0.000783297,-0.110115,0.989702
0.0387849,-0.102939,0.997063
0.0748882,-0.08021,0.999638
-0.0852968,-0.0692979,1.00087
-0.0459992,-0.06994,1.00284
-0.0109366,-0.0525299,1.00677
-0.104681,-0.0342642,1.00757
-0.0654948,-0.034948,1.00383
0.0218581,-0.0358736,0.992832
0.061084,-0.0259793,1.00526
0.101758,-0.0412538,0.996408
-0.110261,-0.000291009,0.988495
0.110107,-0.00287228,0.998893
-0.0369684,0.0139339,1.00355
0.0326283,0.00118793,1.00491
0.0736616,0.011281,1.00344
-0.101945,0.0416256,0.99563
0.0149973,0.0354905,0.997154
-0.0809772,0.0736054,1.00498
-0.0454196,0.063534,0.991499
-0.00117349,0.0699961,0.987305
0.0708501,0.0837321,0.994062
-0.0404955,0.102515,0.989333
-0.00170036,0.110126,0.991443
0.0370144,0.103625,0.988516
-0.032826,-0.105358,1.01408
-0.0673849,-0.087055,1.03109
0.00962955,-0.0863765,1.01984
0.0581266,-0.0932478,1.03276
0.0407071,-0.0626728,1.01511
0.091482,-0.0604961,1.02937
-0.110288,-0.000954803,1.02783
-0.0286366,-0.0203644,1.02097
0.013482,-0.0235519,1.02926
0.0921818,-0.0211439,1.02886
-0.0737849,0.00230929,1.01346
-0.0031087,0.0117546,1.02401
-0.103656,0.037228,1.03471
-0.063287,0.0413113,1.0189
-0.0183759,0.0468068,1.01465
0.0506672,0.0416625,1.01334
0.104845,0.0340671,1.01144
0.0213398,0.0672833,1.01948
0.0822669,0.0630637,1.02555
-0.0540987,0.0951722,1.02553
-0.015073,0.0855673,1.02066
0.0566914,0.0938308,1.02937
0.0202227,0.107651,1.02404
-0.00956981,-0.109099,1.04563
0.0271086,-0.0994813,1.05615
-0.0938618,-0.057509,1.03744
-0.0249903,-0.0740388,1.03659
0.0205573,-0.0576123,1.04854
-0.0554229,-0.0492137,1.0391
-0.0142248,-0.0395473,1.05219
0.0598103,-0.0406787,1.04175
-0.0805372,-0.0196109,1.04558
-0.0433275,-0.0134549,1.05682
-0.0736038,0.0186021,1.05202
-0.0360583,0.0241848,1.04159
0.0320957,0.0182714,1.04036
0.0696555,0.00722072,1.04428
0.108773,0.0114222,1.04339
0.00292511,0.0436818,1.0476
0.0589566,0.0449625,1.05166
0.0993016,0.0470438,1.05721
-0.084432,0.0702811,1.04404
-0.0393819,0.0633965,1.04351
0.0297456,0.0706338,1.05779
-0.0268046,0.106604,1.05176
-0.0448197,-0.100019,1.06062
-0.0782888,-0.0773626,1.06765
-0.00344047,-0.0794563,1.07082
0.0779849,-0.0768449,1.06253
-0.0390933,-0.0628398,1.07222
0.0482081,-0.0551823,1.07646
-0.10213,-0.0397682,1.07159
0.0119046,-0.0380656,1.0816
0.102196,-0.0405846,1.06159
-0.110261,-0.00149981,1.06719
-0.0743716,-0.00706689,1.08238
-0.00134533,-0.0032532,1.06036
0.0361102,-0.0153776,1.0604
0.0727893,-0.0178182,1.07449
-0.0446671,0.0186141,1.07959
0.0687291,0.0208571,1.08119
0.107961,0.0178629,1.08221
-0.100424,0.0373071,1.07394
-0.00820305,0.032832,1.08376
0.0306216,0.0301529,1.07786
-0.0638073,0.0522228,1.07229
-0.0601741,0.0917379,1.06641
-0.00968086,0.0750125,1.06781
0.075649,0.0794409,1.06073
0.011085,0.108242,1.06232
0.0458536,0.0992597,1.07947
-0.0265468,-0.106479,1.09488
0.0126041,-0.108839,1.09153
-0.0622043,-0.0909277,1.10092
0.0529045,-0.0964079,1.08572
-0.0164889,-0.0636623,1.10444
0.0218665,-0.0716735,1.10062
0.0922033,-0.0592723,1.09476
-0.0985242,-0.0248808,1.10786
-0.0684761,-0.0449422,1.09135
-0.0285495,-0.0291937,1.08973
0.0629159,-0.036409,1.10778
0.00233802,-0.00403596,1.09954
0.04162,-0.00273022,1.09727
0.108048,-0.0195821,1.09436
-0.109044,0.0128426,1.10383
-0.0732455,0.0291948,1.1045
-0.0891078,0.0648973,1.09965
-0.0333582,0.0606293,1.09578
0.0151946,0.0622324,1.09551
0.0536792,0.0605957,1.0874
0.0924932,0.0595923,1.09389
-0.0570194,0.0935196,1.10561
-0.0232387,0.10744,1.09095
0.0146616,0.108796,1.10152
0.0377046,-0.10338,1.12136
-0.00359185,-0.0976849,1.12563
0.0716988,-0.0836598,1.11788
-0.0510092,-0.0603691,1.12308
0.0963395,-0.0516436,1.13316
-0.0134914,-0.0287486,1.1261
0.0249635,-0.0316299,1.11818
-0.0555192,-0.0167296,1.11556
0.0787207,-0.000676448,1.1126
0.109194,-0.0144328,1.13338
-0.0289884,0.0201294,1.11566
-0.101695,0.0420763,1.12915
-0.00486089,0.0469607,1.1314
0.0262954,0.0277516,1.11691
0.0659645,0.0374548,1.11678
0.10542,0.0320273,1.11885
-0.0593175,0.0595396,1.12536
0.0889074,0.0652109,1.13269
-0.0134204,0.0839392,1.12096
0.0301144,0.0792787,1.12771
0.0650235,0.0889302,1.11227
0.00634715,-0.0611488,1.13641
0.0456961,-0.060114,1.13574
-0.0603974,0.0146919,1.13877
0.000624254,0.0061757,1.13753
0.0471663,0.00044409,1.13611
0.0818552,0.0180971,1.14714
0.0426374,0.0472854,1.14693
0.00887799,0.109885,1.14044
-0.118124,-0.09362,1.30814
-0.146383,0.164405,1.39055
0.131092,0.256587,1.39582
-0.268786,0.105231,1.53195
-0.322594,0.310481,1.68225
0.291627,0.307865,1.74825
0.260142,-0.315456,1.8266
