x,y,z
-0.0415394,-0.125039,0.121577
0.0314051,-0.129402,0.121579
-0.0769168,-0.100425,0.121574
-0.0126177,-0.0929126,0.121642
0.0302109,-0.0861271,0.121696
0.0818212,-0.0926499,0.121602
-0.0922657,-0.0561979,0.121641
-0.0451725,-0.0605785,0.121483
0.0603866,-0.0550964,0.121555
0.103589,-0.0552644,0.121638
-0.000612578,-0.0513717,0.121634
-0.102214,-0.0128193,0.121517
-0.0595883,-0.0198156,0.121649
-0.0171923,-0.0113955,0.121627
0.0320267,-0.0223648,0.12164
0.105884,-0.0120921,0.12164
-0.0458069,0.0211955,0.121637
0.0150422,0.017455,0.121621
0.0744911,0.0176007,0.121595
-0.0887264,0.0348165,0.121173
-0.0134922,0.0499867,0.12163
-0.0550958,0.0634857,0.121563
0.0219453,0.0783603,0.121601
0.0604518,0.0585422,0.12164
-0.0055365,-0.133607,0.143627
0.0600193,-0.115738,0.15087
-0.0451571,-0.0929274,0.150207
0.0694101,-0.019205,0.143832
-0.0311485,-0.129569,0.178279
0.0259392,-0.130389,0.172956
0.00737744,-0.0934679,0.160045
0.0461729,-0.084376,0.177033
0.0883833,-0.0883083,0.168351
-0.0919527,-0.0811756,0.156977
-0.0249073,-0.0559055,0.159176
-0.0672988,-0.045729,0.155465
0.0300435,-0.0530602,0.15207
0.0632303,-0.0444747,0.178458
0.104696,-0.0483892,0.166706
-0.106924,-0.0180716,0.163954
-0.0313964,-0.017686,0.178291
0.00695037,-0.016852,0.157133
0.104871,-0.00528537,0.164462
-0.0496857,0.0190393,0.164683
-0.00712976,0.0240473,0.158541
0.044767,0.0243335,0.152208
-0.0916699,0.0291676,0.162968
0.0890077,0.0344299,0.158672
-0.0623122,0.0618754,0.164037
-0.0238701,0.0781079,0.152804
0.0177021,0.0790066,0.164591
0.0581635,0.0640204,0.164519
-0.0688192,-0.108689,0.182699
-0.0251665,-0.0879123,0.188312
0.0144097,-0.0913724,0.205515
0.0720953,-0.105319,0.204685
-0.0628894,-0.0670617,0.192989
-0.103874,-0.0538397,0.187896
0.00661109,-0.052477,0.188234
0.107975,-0.0279107,0.204693
-0.0732661,-0.0236742,0.192129
0.0260068,-0.0146206,0.195955
-0.102648,0.00774418,0.198223
0.0643046,3.87263e-06,0.182204
0.09925,0.0144536,0.203108
-0.0791789,0.0457576,0.200274
-0.0334385,0.0475322,0.192897
0.0230645,0.0280667,0.189359
0.0746475,0.0500207,0.202008
-0.00685244,0.0809013,0.200054
0.0385321,0.0738751,0.202192
-0.0479662,-0.121739,0.218328
-0.0065497,-0.133511,0.213696
0.0362939,-0.127507,0.214676
-0.0829133,-0.0946263,0.221145
-0.103405,-0.0575337,0.230699
-0.0401721,-0.0803328,0.228202
0.0555971,-0.0661858,0.21512
0.0977634,-0.0699474,0.206373
-0.0626344,-0.043363,0.229209
-0.0220429,-0.0362914,0.216203
0.0192179,-0.047407,0.22905
0.0668664,-0.0245002,0.217827
-0.0591857,0.0100081,0.215063
-0.0100917,0.00648682,0.207209
0.0542355,0.0167962,0.220832
0.0133776,0.0368811,0.230522
-0.0656249,-0.111976,0.256873
-0.0265653,-0.130415,0.254951
0.0165767,-0.131924,0.252914
0.0572167,-0.117351,0.25095
-0.00277562,-0.0940419,0.245091
0.0885363,-0.0881651,0.244991
0.0373231,-0.0791254,0.252061
-0.0187861,-0.0500799,0.257088
0.0635956,-0.0450093,0.255827
0.104824,-0.0481778,0.243114
-0.106462,-0.0146478,0.234303
-0.021717,-0.00593542,0.247024
0.0209926,-0.0050993,0.237856
0.0645234,-0.00186005,0.258604
0.104921,-0.00501022,0.241303
-0.0932005,0.0264063,0.236121
-0.0296297,0.0349544,0.234115
0.0888036,0.0350495,0.240082
-0.0654828,0.0596071,0.238294
-0.0264956,0.0778337,0.238399
0.0166606,0.079305,0.239154
0.0572771,0.0645813,0.240118
-0.0281913,-0.0862362,0.27918
0.0141619,-0.0913873,0.286338
-0.0927571,-0.0796158,0.266064
-0.0580445,-0.0553026,0.274421
0.0993558,-0.0670694,0.282066
-0.106375,-0.038768,0.269596
0.0211375,-0.0424578,0.271837
-0.0667208,-0.0149385,0.26156
0.00742555,-0.00201666,0.2788
0.108105,-0.0249089,0.279558
-0.10334,0.00536974,0.272392
-0.0447962,0.0208117,0.272077
0.0980606,0.0170449,0.278385
-0.0821064,0.0429496,0.274435
-0.00522533,0.0383506,0.2696
0.0372461,0.0309085,0.266065
0.0728497,0.0520164,0.278533
-0.0476943,0.0691753,0.276159
-0.00615897,0.0811356,0.276295
0.0365233,0.0752291,0.277413
-0.0449201,-0.12339,0.29354
-0.00312707,-0.134195,0.291396
0.0393425,-0.12642,0.289295
-0.0791941,-0.0985729,0.302259
0.0752174,-0.102465,0.287252
-0.101741,-0.0618838,0.305396
0.0509252,-0.0670025,0.291306
-0.0663137,-0.0327,0.310418
-0.00959952,-0.0533577,0.300309
0.0289621,-0.0340782,0.313454
0.0678304,-0.027402,0.295171
-0.107207,-0.018742,0.307775
-0.0319709,-0.0186223,0.287104
-0.0687303,0.0103736,0.30672
0.0548354,0.0133572,0.301488
-0.0250105,0.0349054,0.30788
0.0197002,0.0383803,0.304964
-0.0682085,0.0569192,0.312729
-0.0617176,-0.114874,0.338069
-0.0226386,-0.131184,0.329921
0.0204457,-0.131385,0.327876
0.0606062,-0.115663,0.325768
-0.0909582,-0.083317,0.341057
-0.00967718,-0.0906618,0.322313
0.0335591,-0.0819968,0.327982
0.0905143,-0.08463,0.323503
-0.0477965,-0.0715669,0.314837
0.0645268,-0.0510347,0.331281
0.105511,-0.0444464,0.318454
-0.0273457,-0.0266222,0.329358
0.0668246,-0.00823475,0.337035
0.104482,-0.00130362,0.317047
0.00496313,0.00133413,0.32181
0.0406086,0.0259744,0.340767
0.0867341,0.0380888,0.317098
-0.0301091,0.0773842,0.314484
0.0130014,0.0799412,0.315038
0.0540564,0.0663612,0.315951
0.000509077,-0.134595,0.36638
0.0425929,-0.124849,0.364455
-0.0309904,-0.0852132,0.359483
0.0116795,-0.0929848,0.363635
0.0778204,-0.0999277,0.362197
0.048048,-0.0689518,0.36706
0.101188,-0.0637104,0.359779
-0.105881,-0.0423955,0.34374
-0.0612122,-0.054391,0.352199
0.00337277,-0.0543267,0.34189
-0.0628662,-0.011464,0.348795
-0.0109318,-0.000563975,0.361932
0.027904,-0.0174907,0.353341
0.107657,-0.0212731,0.355327
-0.104181,0.000793113,0.346022
-0.0415559,0.0259478,0.346789
0.0964411,0.0204,0.35538
-0.0854382,0.0397677,0.348398
-0.000514243,0.0392691,0.343291
-0.0511868,0.067798,0.350868
-0.0098892,0.0806359,0.352443
0.0331315,0.0767591,0.353149
0.0701895,0.0546808,0.35436
-0.0409729,-0.125468,0.37434
-0.0766474,-0.101385,0.377427
-0.100085,-0.0651844,0.379817
0.0109484,-0.0551186,0.384449
-0.0672015,-0.0342346,0.390653
-0.0275266,-0.0385725,0.373937
0.069695,-0.031984,0.373129
-0.107962,-0.022655,0.382116
-0.0971208,0.0190855,0.384437
-0.049725,0.00512032,0.386503
0.057223,0.00927693,0.377107
0.104019,0.00241973,0.39403
-0.0662778,0.0490015,0.38685
-0.0198549,0.0362215,0.382822
0.0235448,0.0364508,0.379154
0.0841648,0.0407112,0.392809
-0.0334475,0.0767914,0.389083
0.00948941,0.0805607,0.391039
0.0508243,0.0681328,0.391667
-0.0586036,-0.116471,0.413626
-0.0184018,-0.131993,0.410468
0.0244372,-0.130803,0.405118
0.0639031,-0.113812,0.40068
-0.0894948,-0.0862843,0.415935
-0.0105376,-0.0906403,0.400704
0.0319347,-0.0855459,0.406843
-0.0499537,-0.073442,0.396464
0.0922779,-0.0813755,0.398536
-0.105431,-0.0461329,0.418229
-0.0245407,-0.0448369,0.41658
0.0609987,-0.0536395,0.409589
0.10622,-0.0406009,0.39597
-0.104863,-0.0030353,0.420605
-0.0106095,-0.0036952,0.405062
0.0293641,-0.0179282,0.396478
0.0682941,-0.0112565,0.414009
-0.0368137,0.0264361,0.421858
0.0438757,0.0244305,0.415411
0.0041645,0.041423,0.418401
0.00491675,-0.133946,0.446694
0.0464158,-0.123056,0.441539
-0.0362451,-0.0864711,0.435392
0.00650758,-0.0888691,0.441611
0.0806907,-0.0971719,0.437119
0.0463552,-0.0725043,0.445928
0.102871,-0.0601622,0.434738
-0.0646768,-0.0525779,0.431248
0.0175515,-0.0469337,0.426341
0.0696788,-0.0362136,0.449361
-0.0615683,-0.00972618,0.425893
-0.0229179,-0.012692,0.445513
0.0197251,-0.00468272,0.43642
0.107106,-0.0172453,0.432607
0.0946919,0.0240872,0.431335
-0.0874984,0.0370162,0.422633
-0.0549428,0.0658459,0.425029
-0.0140408,0.0798642,0.427482
0.0290969,0.0774794,0.42943
0.067441,0.0575895,0.430162
-0.0376005,-0.127267,0.449859
-0.0739678,-0.104047,0.452075
-0.0983864,-0.0685415,0.454416
-0.0555641,-0.0693069,0.470144
0.0942464,-0.0777575,0.47334
-0.0663374,-0.027585,0.466412
-0.0121504,-0.0529611,0.457156
0.0259444,-0.0349226,0.467045
0.106964,-0.0365341,0.47137
-0.108358,-0.0265133,0.456676
-0.0987134,0.0160798,0.458826
-0.0534644,0.0133936,0.461602
0.0041786,0.00130384,0.476232
0.0604011,0.00767828,0.45205
0.10324,0.00646258,0.469921
-0.073984,0.0514771,0.461128
-0.0169109,0.0364152,0.458956
0.0261256,0.0339423,0.454906
0.081269,0.0436351,0.468686
-0.0372921,0.0743887,0.463591
0.00537516,0.0811808,0.466015
0.0471109,0.070121,0.468058
-0.0552554,-0.118226,0.488262
-0.0144128,-0.132785,0.486063
0.0285788,-0.130189,0.482574
0.0669374,-0.110958,0.477605
-0.0877734,-0.0897704,0.49054
-0.0186858,-0.0909546,0.47664
0.0251053,-0.0870737,0.480722
0.000311745,-0.0558445,0.498452
0.0576677,-0.0580243,0.485089
-0.104919,-0.0498737,0.492799
-0.105518,-0.00667529,0.494985
-0.0630655,-0.00545601,0.503416
-0.028168,-0.0255075,0.486496
0.0686792,-0.015699,0.487482
-0.0344995,0.0266602,0.498147
0.0481995,0.0232172,0.490553
-0.0897443,0.0336002,0.497305
0.00666947,0.0401722,0.495024
-0.0585928,0.0636659,0.499678
-0.0182142,0.0790718,0.502185
-0.0341125,-0.128847,0.524341
0.00744868,-0.110814,0.52056
0.0502082,-0.121247,0.518807
-0.071335,-0.106837,0.526695
0.0836384,-0.0941789,0.51376
-0.0966838,-0.0719471,0.528973
-0.033314,-0.0782918,0.515275
0.0439453,-0.0783911,0.520656
0.103901,-0.0562124,0.509815
-0.0642089,-0.0490545,0.507429
-0.0279673,-0.0367128,0.528147
0.0662604,-0.0397676,0.523317
0.0299028,-0.0218526,0.508147
0.106531,-0.0130542,0.508416
-0.00624738,3.67265e-07,0.518124
0.0626568,0.00324826,0.526098
0.0299815,0.0313027,0.530386
0.0928158,0.0279685,0.507319
0.0249997,0.0782096,0.504431
0.0645187,0.0607067,0.506509
0.032303,-0.129636,0.557323
-0.0195851,-0.0915319,0.554096
0.0233585,-0.0873479,0.557571
0.0698245,-0.108187,0.554952
-0.0555041,-0.0652301,0.550033
0.096176,-0.0742547,0.550026
-0.108012,-0.0302572,0.531193
0.0153683,-0.0494297,0.538469
0.10754,-0.0327191,0.54695
-0.0667355,-0.0240617,0.542688
0.0248113,-0.00858061,0.549058
-0.100556,0.0123933,0.533453
-0.0491925,0.0153234,0.538725
0.101889,0.0100923,0.545685
-0.0769937,0.0486179,0.535799
-0.0132822,0.0398795,0.533456
0.0785331,0.0464132,0.544832
-0.0412812,0.0728942,0.538253
0.00149996,0.0814336,0.540634
0.0436654,0.0718893,0.542907
-0.0517824,-0.120011,0.562807
-0.0107184,-0.133415,0.560284
-0.0853177,-0.0927163,0.565148
0.0567576,-0.0599481,0.560276
-0.104275,-0.0537289,0.567394
-0.0173887,-0.050009,0.567795
0.0230715,-0.0420848,0.58059
-0.106263,-0.0105826,0.569617
-0.063661,-0.00176758,0.579686
-0.0184594,-0.00767251,0.558835
0.0682473,-0.0182652,0.563185
0.106014,-0.00912442,0.584212
0.0505806,0.0211556,0.567056
-0.0917423,0.0301281,0.571949
-0.033552,0.0291907,0.576607
0.0092574,0.0363255,0.570208
0.091059,0.0314204,0.583449
-0.0625569,0.0619977,0.574351
-0.0222445,0.0786539,0.576666
0.0209083,0.0780363,0.579195
0.0613386,0.0627825,0.581347
-0.0686202,-0.109654,0.601259
-0.0302209,-0.130095,0.598791
0.0128946,-0.132909,0.596332
0.0538639,-0.11954,0.593516
9.18165e-05,-0.0919087,0.593647
0.0864811,-0.0911978,0.59104
-0.0948905,-0.0754389,0.603636
-0.0408398,-0.0788363,0.589648
0.041055,-0.0783312,0.59605
-0.107551,-0.0341593,0.605838
-0.0666953,-0.0443338,0.586518
0.0647199,-0.0422835,0.598967
0.104693,-0.0522438,0.586248
-0.02977,-0.0210776,0.598317
0.0105644,-0.00187583,0.590519
-0.102289,0.0087438,0.608033
0.0637084,0.000759991,0.602846
-0.0681359,0.0351963,0.607947
-0.0086871,0.0387898,0.610688
0.0337272,0.0318054,0.605608
-0.0481866,-0.121946,0.637247
-0.00673664,-0.134053,0.634849
0.036098,-0.128248,0.632396
-0.0225107,-0.0879392,0.630319
0.0207093,-0.0879534,0.632903
0.0727053,-0.10539,0.629752
-0.0594087,-0.0624642,0.625113
0.0562015,-0.0632982,0.635709
0.0981464,-0.0705385,0.627156
-0.00442566,-0.0531579,0.612147
0.0301352,-0.02875,0.62111
0.108012,-0.0287273,0.622728
-0.0690365,-0.0203418,0.622488
-0.0376408,0.0107472,0.626466
0.00467694,0.00418901,0.632975
0.100279,0.0137607,0.621895
0.0756238,0.0492121,0.61988
-0.0448348,0.0712817,0.612727
-0.00277091,0.0814157,0.615285
0.0396668,0.0732107,0.617886
-0.0826118,-0.095835,0.639807
0.0887444,-0.087954,0.665926
-0.103438,-0.0574912,0.642054
-0.0643771,-0.0405186,0.662058
-0.0281795,-0.03063,0.6405
0.00604317,-0.0533393,0.654111
0.105376,-0.0481524,0.663431
-0.106551,-0.0144159,0.64427
0.0278736,-0.0170625,0.662687
0.0687475,-0.021868,0.639368
0.105464,-0.00506793,0.660534
-0.0935296,0.0268115,0.646346
-0.0612105,0.00260164,0.661791
0.0518648,0.0178469,0.642349
-0.0157221,0.0363683,0.653594
0.0890522,0.0348488,0.658458
-0.0655226,0.0596478,0.64889
-0.0266042,0.0784001,0.651291
0.0149969,0.0668313,0.65299
0.0580334,0.0648675,0.656182
-0.0652536,-0.11263,0.675757
-0.0262562,-0.13107,0.673377
0.0169022,-0.132232,0.67095
0.0575629,-0.117761,0.668372
-0.0020629,-0.0933965,0.669243
-0.0857919,-0.0748547,0.677455
-0.0421329,-0.0771973,0.667338
0.0389305,-0.0790137,0.672025
-0.107163,-0.0375979,0.680754
-0.0229291,-0.0423564,0.684209
0.0607333,-0.0414168,0.677046
-0.0115962,-0.00229653,0.672566
-0.103369,0.00530793,0.682588
-0.038631,0.026923,0.689568
0.0605875,0.00293389,0.682492
-0.082776,0.0431553,0.68498
0.0277764,0.0304795,0.675986
-0.0485637,0.0694438,0.687505
-0.00679589,0.0804694,0.689718
0.0359999,0.0745105,0.69221
-0.0445776,-0.123962,0.711936
-0.00266155,-0.134364,0.709495
0.0398487,-0.126587,0.707084
-0.0794591,-0.098308,0.714006
-0.0236847,-0.0866387,0.706062
0.0194346,-0.0878918,0.709527
0.0756823,-0.102584,0.704532
-0.102053,-0.0615218,0.716409
-0.0568918,-0.058863,0.705189
0.0560259,-0.0650159,0.712922
0.10005,-0.0669985,0.702038
0.0212001,-0.0462925,0.69401
-0.107778,-0.0187709,0.719744
-0.0700366,-0.0181965,0.69868
-0.0263232,-0.0102512,0.713026
0.0190414,-0.00408407,0.703235
0.067997,-0.023541,0.715969
0.108071,-0.0245983,0.699613
0.0479669,0.0247241,0.717676
0.0985543,0.0174449,0.697043
0.00590342,0.035995,0.712909
0.0729921,0.0522104,0.694741
0.0208895,-0.131617,0.745662
0.0610211,-0.115625,0.743126
-0.00442717,-0.0926697,0.745212
0.090835,-0.0844128,0.740671
-0.0443968,-0.076233,0.742617
-0.0732456,-0.0401647,0.740615
-0.00926118,-0.0503358,0.72449
0.0289633,-0.0325757,0.734295
0.106146,-0.0440968,0.738199
0.104913,-0.000967146,0.735758
-0.0956706,0.0227548,0.721343
-0.0610288,0.00136575,0.736168
0.00265862,0.000602179,0.743307
-0.0329252,0.0339856,0.731876
0.0868105,0.0382251,0.733301
-0.0688712,0.0566566,0.723649
-0.0306959,0.0769072,0.72622
0.0124958,0.0786767,0.728397
0.053785,0.0660941,0.730949
-0.0624381,-0.114773,0.750217
-0.0223069,-0.131879,0.748148
-0.0886181,-0.0804854,0.752916
0.0368636,-0.0802418,0.748547
0.00653075,-0.053974,0.764639
0.0653504,-0.0478392,0.751956
-0.107863,-0.0189467,0.763005
-0.0314051,-0.0263884,0.752864
0.0643252,-0.00413602,0.754495
0.107627,-0.0204908,0.774343
-0.0472852,0.0228768,0.77115
0.0966933,0.0212359,0.771987
-0.0858578,0.0391495,0.760113
-0.00645713,0.0368586,0.765978
0.0352713,0.0277501,0.758928
-0.0519225,0.0659411,0.762361
-0.0110259,0.0798792,0.764722
0.0319912,0.0756723,0.76712
0.0700574,0.055204,0.769527
-0.0409083,-0.12589,0.78667
0.00147587,-0.13459,0.784239
0.0436183,-0.125003,0.781851
-0.0768124,-0.101813,0.788914
-0.027152,-0.0849971,0.781162
0.0153697,-0.0923396,0.784065
0.0785672,-0.0996945,0.779275
-0.103849,-0.0558954,0.785111
-0.0613098,-0.0585824,0.778339
0.0507448,-0.0676113,0.787566
0.101667,-0.0632387,0.776774
-0.0239674,-0.0428094,0.79319
0.0681694,-0.028064,0.790369
-0.0666107,-0.015579,0.77557
-0.012999,-0.00210801,0.783576
0.0288114,-0.0183733,0.775179
-0.100366,0.0129057,0.791295
0.0533304,0.0123392,0.795115
-0.0716739,0.0529153,0.7986
0.0184503,0.0372212,0.80137
-0.0343394,0.0746203,0.800964
-0.0582494,-0.1169,0.825215
-0.0180367,-0.132691,0.822816
0.0643271,-0.113477,0.817985
-0.0895699,-0.087173,0.82759
-0.00887443,-0.090639,0.819834
0.0335851,-0.0836751,0.823907
-0.0495848,-0.0748583,0.816693
0.0928593,-0.081075,0.815526
-0.103318,-0.04632,0.827514
-0.061503,-0.0331246,0.814655
0.0170438,-0.0478067,0.806168
0.0629434,-0.0519549,0.826041
0.106718,-0.0401677,0.813001
-0.0258543,-0.0100263,0.824138
0.0170745,-0.00484989,0.814604
-0.0614639,0.0101369,0.81002
0.104209,0.00299005,0.81052
-0.0243193,0.0328335,0.806467
0.0839622,0.0411432,0.808233
0.00856919,0.0795462,0.80334
0.050206,0.0680727,0.805775
-0.0331174,-0.0855454,0.855231
0.0812838,-0.0968594,0.854085
0.103073,-0.0595883,0.851659
-0.0605939,-0.0523745,0.853264
-0.0160505,-0.0507853,0.834907
0.029155,-0.0331546,0.845058
-0.105276,-0.00340157,0.831067
-0.0672221,-0.0097131,0.850615
0.067552,-0.00920202,0.829839
0.107174,-0.0165919,0.849251
-0.0411764,0.0244743,0.845453
0.0413944,0.024728,0.83584
0.0949351,0.0248204,0.846795
-0.0884581,0.0361879,0.834766
0.000924344,0.0395365,0.840997
-0.0562361,0.0649526,0.837223
-0.0155756,0.0795167,0.83981
0.0273271,0.0742273,0.842011
0.067467,0.0581901,0.844453
-0.0371908,-0.12802,0.861336
0.00550983,-0.134205,0.858991
0.0472274,-0.123328,0.856488
-0.073789,-0.10499,0.863749
-0.0981402,-0.0693667,0.866112
0.00599003,-0.0584995,0.871168
0.0453578,-0.0752421,0.864719
-0.108282,-0.0274029,0.867045
0.0684642,-0.0387438,0.86751
-0.0300439,-0.0253091,0.867531
0.00385792,-0.000353973,0.857477
-0.0995227,0.0147439,0.870726
0.0621621,0.00573312,0.870054
-0.0756437,0.0506827,0.873482
-0.0174541,0.0344092,0.880231
0.0270579,0.0310491,0.876187
-0.0388806,0.0732943,0.876053
0.0040647,0.0778324,0.878373
0.0464575,0.0695199,0.880575
-0.0545515,-0.118804,0.899909
-0.0141162,-0.133464,0.89758
0.0288685,-0.13004,0.895119
0.0675415,-0.110941,0.892636
-0.0871655,-0.0906283,0.902316
-0.0126985,-0.0906799,0.892964
-0.0507376,-0.0700744,0.891542
0.0580655,-0.0599531,0.904435
0.0948993,-0.0775391,0.890219
-0.104769,-0.0512449,0.904817
-0.0691526,-0.0309291,0.889959
-0.0180256,-0.0448465,0.904237
0.107145,-0.0362058,0.887852
-0.106223,-0.00811028,0.90689
-0.00763713,-0.00316678,0.899251
0.0295219,-0.0262251,0.88777
0.067986,-0.0179232,0.905774
-0.0537057,0.0108418,0.886239
0.103152,0.00673902,0.885479
-0.0910309,0.0322763,0.909535
0.0812239,0.0439265,0.883143
0.00954375,-0.133613,0.933687
0.0509937,-0.121527,0.931268
-0.0343471,-0.0857353,0.930149
0.0841058,-0.0939143,0.928757
0.017053,-0.0684296,0.914979
0.104139,-0.0556895,0.926402
-0.0609677,-0.0514855,0.92926
0.0135164,-0.0274091,0.928152
-0.0674774,-0.00874859,0.927154
0.106771,-0.0125754,0.924098
-0.040128,0.0248045,0.924901
0.0316947,0.00884331,0.913028
0.000637362,0.0383207,0.919389
0.0929027,0.0282843,0.92177
-0.0606454,0.062977,0.912177
-0.0195622,0.0763812,0.914653
0.0236371,0.0752194,0.916931
0.0643468,0.0607093,0.919332
-0.0704962,-0.107927,0.938558
0.00430195,-0.0931228,0.948074
-0.0963577,-0.0734622,0.940988
0.0462494,-0.0805538,0.944697
-0.108046,-0.0319779,0.943521
-0.0206398,-0.0483231,0.947128
0.0575602,-0.0388084,0.942271
0.107598,-0.0322923,0.962623
-0.0186872,-0.00511519,0.947667
-0.101432,0.0106365,0.945765
-0.0559214,0.0121829,0.963261
0.0629111,0.00423285,0.942594
0.101777,0.010463,0.960396
-0.0789929,0.0474761,0.948239
-0.0159342,0.0352351,0.963106
0.0289933,0.029858,0.951072
0.0785651,0.0468559,0.958134
-0.0424894,0.070456,0.9509
8.70803e-05,0.0775827,0.953404
0.0427432,0.0709069,0.955564
-0.0510219,-0.120865,0.974887
-0.00995268,-0.133801,0.972217
0.0329383,-0.129521,0.969811
-0.084563,-0.0937708,0.97739
-0.0190333,-0.0936443,0.98528
0.0240907,-0.090662,0.986396
0.0704895,-0.108189,0.967513
-0.103924,-0.0553226,0.97976
-0.0506687,-0.0679074,0.971067
0.058801,-0.0650305,0.983259
0.0968807,-0.0740804,0.964964
-0.0697447,-0.0294427,0.965516
-0.0313013,-0.0312616,0.985378
0.0187397,-0.0534918,0.964117
-0.10712,-0.0123426,0.982118
0.0292568,-0.0111817,0.964956
0.0693402,-0.0230911,0.980939
-0.00417284,0.00222099,0.988984
0.0507134,0.0191063,0.987089
-0.0931153,0.0284736,0.984483
-0.0639928,0.0603168,0.987152
-0.0231221,0.074224,0.989821
-0.0674239,-0.110716,1.01377
-0.0292119,-0.130346,1.01096
0.0137689,-0.132949,1.00842
0.0547398,-0.119536,1.00639
0.0869384,-0.0909172,1.00407
-0.0947162,-0.0774232,1.01614
-0.00350828,-0.0582212,1.00455
-0.0664196,-0.0467486,1.00527
0.0328525,-0.0351916,1.00075
0.105183,-0.0518928,1.00113
-0.0653161,-0.00351001,1.00249
0.106344,-0.00879217,0.998898
-0.0359605,0.0287205,1.00171
0.0164964,0.0350837,1.00823
0.0910014,0.0315566,0.996698
0.0200464,0.0757439,0.992158
0.0612695,0.062877,0.994522
0.0366873,-0.127927,1.0448
-5.63314e-06,-0.0964197,1.027
0.0411142,-0.0830606,1.02526
0.0734046,-0.105286,1.04356
-0.0391662,-0.0789811,1.0214
0.0988312,-0.0704807,1.04259
-0.107782,-0.0362588,1.01845
0.0268534,-0.0459424,1.04212
0.0665311,-0.0478001,1.02493
0.10799,-0.0286106,1.03747
-0.0673669,-0.0261779,1.04316
-0.0277154,-0.0153244,1.02548
0.0146202,-0.00638436,1.0275
0.0640109,-0.00474945,1.02069
-0.103088,0.00666678,1.02091
-0.0547989,0.0152495,1.04072
0.100381,0.0138754,1.03526
-0.0819618,0.0442423,1.02327
-0.0120837,0.0285468,1.04018
0.0761539,0.0495318,1.03317
-0.0461618,0.0681554,1.02604
-0.00385986,0.0763538,1.02889
0.0390421,0.0715275,1.03122
-0.047404,-0.122811,1.05033
-0.00595342,-0.134138,1.04717
-0.0818912,-0.0970451,1.05295
-0.020718,-0.0916803,1.06468
0.0225703,-0.0920897,1.06471
-0.103034,-0.0595324,1.0547
-0.0545606,-0.0643514,1.0591
0.0592489,-0.0605263,1.06643
-0.0156246,-0.0519282,1.0455
-0.107831,-0.0167474,1.05697
-0.0271982,-0.0177886,1.06911
0.0192766,-0.0137338,1.06992
0.0621697,-0.0176089,1.06222
-0.0951416,0.0243694,1.05999
0.0400821,0.0232586,1.04651
-0.0678063,0.0576933,1.06205
-0.0279317,0.0739856,1.06499
0.0151422,0.0733462,1.06807
0.0563995,0.0610576,1.07112
-0.0650529,-0.112784,1.08956
-0.0262424,-0.131095,1.08731
0.0166894,-0.132446,1.08387
0.0572439,-0.118079,1.08161
0.0885104,-0.0886156,1.08079
-0.0928786,-0.0799194,1.09163
0.00586634,-0.0571063,1.08374
-0.107776,-0.0370385,1.09586
-0.0654686,-0.0456971,1.09642
0.0414347,-0.037521,1.09874
0.10576,-0.049021,1.07959
-0.066831,-0.00505898,1.08074
0.106062,-0.00615895,1.0744
-0.0351135,0.0245864,1.07838
0.0497127,0.0146036,1.08826
0.00843742,0.0273239,1.0786
0.0897388,0.0337267,1.07228
0.000606213,-0.134614,1.12411
0.0425743,-0.124913,1.12288
0.00027046,-0.0967386,1.10299
0.0425738,-0.0834376,1.10269
0.078088,-0.100354,1.1211
-0.0399874,-0.0800998,1.10165
0.0775385,-0.0583542,1.111
-0.0221653,-0.0444536,1.11784
-0.0561081,-0.0122564,1.12249
-0.0053282,-0.00687116,1.10473
0.0781933,-0.0124924,1.10788
-0.103398,0.00580329,1.10033
-0.0297244,0.0237322,1.12309
0.0218768,0.0239406,1.12013
-0.0743399,0.0376412,1.10164
0.0815324,0.0354109,1.11474
-0.0384777,0.0630386,1.1057
0.00415151,0.068503,1.11022
0.0466332,0.0609261,1.11334
-0.0424971,-0.125761,1.12731
-0.077428,-0.100322,1.12911
-0.0252928,-0.0893466,1.1417
0.0166855,-0.0995822,1.14692
-0.1013,-0.0633275,1.13065
-0.0585591,-0.0624064,1.13595
0.0171453,-0.0590642,1.1278
0.0526926,-0.0755629,1.14565
0.0971721,-0.0728919,1.14872
0.0643375,-0.0333462,1.14378
0.107308,-0.0344969,1.13163
-0.106214,-0.0202858,1.13551
-0.015403,-0.0110156,1.1466
0.0254939,-0.0169734,1.13335
-0.091875,0.020305,1.13933
0.0782372,0.00745779,1.14779
-0.0607086,0.0504522,1.14077
0.0641137,0.0481122,1.15231
-0.0205107,0.0682318,1.14572
0.0223948,0.0648669,1.14931
-0.0566348,-0.114774,1.16659
-0.0141835,-0.125036,1.16358
0.0305711,-0.132378,1.17416
0.0695449,-0.110267,1.16428
-0.0908236,-0.0866329,1.16795
-0.0494797,-0.0729829,1.17691
-0.104425,-0.0455489,1.17048
-0.0586835,-0.0287006,1.16274
-0.013016,-0.0521887,1.16117
0.0301278,-0.0468321,1.16898
-0.106591,-0.00076563,1.17429
0.106656,-0.0134932,1.17272
-0.0467293,0.0149009,1.1619
0.0371741,0.0151893,1.15965
-0.0817664,0.0369816,1.17811
-0.00355381,0.0304083,1.16022
-0.0806407,-0.110728,1.20229
-0.00231966,-0.134492,1.204
0.0717368,-0.120161,1.20735
-0.0306553,-0.101851,1.20273
0.0049545,-0.0828621,1.18607
0.0479471,-0.0841973,1.19076
0.0960709,-0.0864442,1.19595
-0.107934,-0.074603,1.20596
-0.0753231,-0.0411571,1.20211
-0.0284466,-0.0279193,1.19361
0.00982272,-0.0425972,1.20732
0.0740945,-0.0502782,1.18243
0.113855,-0.0472043,1.19938
0.00767663,-0.00674659,1.18284
0.0482781,-0.0145786,1.19611
-0.0649738,0.000588557,1.19827
-0.02279,0.0176905,1.20146
0.0692817,0.0228836,1.18745
0.109196,0.0161741,1.20512
-0.039498,0.0529574,1.18163
0.018062,0.0322441,1.1991
0.00189702,0.0718182,1.18681
0.0493583,0.0664162,1.1886
-0.0459025,-0.139616,1.21453
0.0375188,-0.144226,1.21831
0.0259222,-0.103017,1.22264
-0.0413387,-0.0598707,1.22152
0.0513263,-0.0524453,1.22022
-0.116297,-0.0266087,1.20832
0.08583,-0.0195065,1.21749
0.132853,-0.0255324,1.23191
-0.103741,0.0217489,1.21183
0.00982143,0.00183385,1.22901
-0.0570523,0.0377457,1.21877
-0.0122221,0.0489507,1.23039
0.0456126,0.0284196,1.23296
0.0811083,0.0516008,1.22061
-0.0947389,0.0600449,1.23312
-0.0432111,0.08056,1.22045
0.0337275,0.0698542,1.22969
-0.00172969,0.0945342,1.22708
-0.0544296,-0.165056,1.25031
0.0254212,-0.172071,1.24956
-0.0140971,-0.161722,1.23538
0.0741258,-0.146364,1.24262
-0.0834967,-0.135053,1.23889
-0.0169295,-0.117004,1.2412
0.104764,-0.115362,1.23878
-0.109495,-0.100277,1.24143
-0.0616164,-0.0965865,1.23793
0.068912,-0.0879365,1.23792
0.142982,-0.093173,1.26015
-0.0885403,-0.0575182,1.24061
-0.00247688,-0.0728343,1.23572
0.114838,-0.0716544,1.23543
-0.135011,-0.0518541,1.23894
-0.0150326,-0.0301482,1.24422
0.0244936,-0.0462682,1.25687
0.0803486,-0.0408727,1.25471
-0.149055,-0.0102441,1.25085
-0.105183,-0.013745,1.24824
-0.0585718,-0.0235864,1.24143
0.0488811,-0.0138306,1.24141
-0.0787958,0.0233324,1.25389
-0.031778,0.0109021,1.24426
0.0863417,0.0150783,1.2452
0.129774,0.0185117,1.24504
-0.123885,0.0290157,1.24971
0.114461,0.0594427,1.2502
-0.0708902,0.0983481,1.24906
0.0713767,0.0902318,1.24469
-0.0304806,0.114088,1.25384
0.0305993,0.113958,1.25324
0.0182084,-0.203127,1.27924
-0.0645364,-0.188843,1.28498
-0.0192531,-0.182787,1.27278
-0.0975254,-0.15959,1.27203
-0.0289658,-0.141054,1.27529
0.0549344,-0.160669,1.27903
0.112347,-0.15755,1.27336
-0.113059,-0.116184,1.28722
0.0210399,-0.131753,1.26631
0.0612249,-0.116046,1.27059
0.105586,-0.116589,1.28555
0.146969,-0.130961,1.28143
-0.141648,-0.0848229,1.26639
-0.0620485,-0.10711,1.28009
-0.0124626,-0.088554,1.28148
0.0274918,-0.0890326,1.26297
-0.0941927,-0.0777374,1.27922
-0.0429946,-0.0591067,1.26536
0.0954799,-0.0757248,1.27547
-0.166361,-0.0463796,1.26956
-0.125527,-0.0403196,1.28486
-0.0766924,-0.0359672,1.28622
-0.00758202,-0.042706,1.28752
0.128797,-0.0485022,1.26995
0.176359,-0.0442887,1.27988
-0.0402989,-0.0129325,1.28056
0.105516,-0.0112005,1.2739
0.15097,-0.0091391,1.27056
-0.170249,0.0224442,1.27853
-0.13009,0.00589715,1.28615
0.00167857,0.00454729,1.27373
0.0447736,0.0180007,1.2758
-0.0489782,0.029983,1.28595
0.0156905,0.0493489,1.26396
0.0753036,0.0519382,1.26763
0.162342,0.0346569,1.2761
-0.145425,0.0595714,1.27197
-0.072276,0.0695609,1.2877
-0.0346466,0.0662288,1.2662
0.0455564,0.0808416,1.28124
0.143266,0.0778015,1.28429
-0.109359,0.0842825,1.26704
-0.000230299,0.0909452,1.27596
0.104058,0.0949161,1.27539
-0.0602258,0.135393,1.27876
0.0689521,0.120637,1.27614
0.000305582,0.137095,1.2752
-0.0277767,-0.218466,1.29561
-0.103298,-0.198262,1.30156
0.0548035,-0.213754,1.29934
0.0933134,-0.192618,1.29391
-0.0347872,-0.171868,1.31146
0.14236,-0.177711,1.31072
-0.139979,-0.154648,1.29645
0.00997477,-0.16043,1.29692
-0.163906,-0.117859,1.29349
-0.0602222,-0.135811,1.31285
-0.0143623,-0.129487,1.31529
0.0727923,-0.133321,1.30865
0.184505,-0.124755,1.31037
0.0270676,-0.108122,1.30166
0.0650822,-0.0877006,1.30397
0.178045,-0.0867807,1.29062
-0.183703,-0.0778304,1.29446
-0.14267,-0.0742077,1.30855
-0.0592584,-0.0713886,1.30417
0.0296003,-0.0636198,1.29789
0.135782,-0.0779058,1.30222
0.0770262,-0.0391331,1.29834
-0.182705,-0.0154721,1.29648
0.0354895,-0.0212315,1.29407
0.127512,-0.00520661,1.31169
-0.199628,0.0217965,1.31379
-0.0839776,0.00590474,1.29566
0.0823722,0.0213529,1.29817
0.171322,0.00456851,1.30827
-0.106324,0.0427767,1.29127
-0.00300586,0.0387081,1.30263
0.0455599,0.0498042,1.31327
0.122856,0.0378446,1.2949
-0.183428,0.0621048,1.30803
-0.034859,0.067354,1.31147
0.0887907,0.0674334,1.31263
-0.154699,0.095449,1.29969
0.160869,0.107494,1.31298
-0.133076,0.129445,1.31588
-0.0978881,0.117316,1.29319
-0.0277696,0.111014,1.30428
0.028653,0.115347,1.30731
0.120962,0.123966,1.30598
-0.0301569,0.158753,1.30457
0.0447712,0.154641,1.29219
0.085743,0.149186,1.3072
0.011048,0.175433,1.31471
0.00039143,-0.260363,1.33896
0.0473834,-0.247804,1.3307
-0.0997823,-0.236028,1.33329
-0.0452754,-0.24428,1.32534
0.0106568,-0.223419,1.31674
0.0867818,-0.228354,1.32686
0.129115,-0.214553,1.32951
-0.138503,-0.188096,1.32401
-0.0759816,-0.177335,1.3274
0.0136619,-0.183957,1.33452
0.0523546,-0.17031,1.32114
0.0951827,-0.164799,1.33865
-0.177565,-0.156027,1.32365
-0.103014,-0.14323,1.33372
0.125171,-0.137319,1.31852
-0.199404,-0.109385,1.32045
-0.144045,-0.118785,1.33181
-0.0875471,-0.101358,1.32575
-0.044424,-0.0990462,1.33391
0.0989724,-0.102473,1.3268
0.158558,-0.0986826,1.33264
0.208821,-0.0824764,1.32119
-0.227336,-0.0775665,1.33633
-0.182793,-0.0737548,1.3391
-0.101734,-0.057786,1.32114
-0.017542,-0.066846,1.32236
0.0246526,-0.0662173,1.34132
-0.208706,-0.0413237,1.32035
-0.154185,-0.0338015,1.32653
-0.0461411,-0.0323114,1.31876
0.00690652,-0.0278853,1.32755
0.103685,-0.0373859,1.33417
0.149324,-0.0424943,1.32914
0.190861,-0.0346306,1.31989
0.231822,-0.0374246,1.33577
-0.231586,-0.00290967,1.33478
-0.112816,-0.0142949,1.3208
-0.152653,0.00681531,1.34272
-0.0643735,0.01154,1.33393
-0.0223585,0.00481517,1.32365
0.0254044,0.0139235,1.32639
0.0919147,0.00497772,1.33733
0.214331,0.00631818,1.31847
-0.142003,0.0411772,1.31749
-0.107343,0.0287238,1.3406
0.144343,0.028807,1.33397
0.18191,0.0492505,1.31926
0.221975,0.0475543,1.34291
-0.212903,0.0618869,1.34059
-0.108859,0.079703,1.31654
-0.0726464,0.0550998,1.32928
0.00635253,0.0790134,1.32003
0.135067,0.0738059,1.32856
-0.186577,0.0986866,1.33291
-0.144188,0.094188,1.34192
-0.0658797,0.0980773,1.32186
0.0698616,0.106166,1.31875
-0.0026662,0.135663,1.33198
-0.0774662,0.142386,1.32213
-0.114754,0.1661,1.33712
-0.0629643,0.186253,1.33251
0.0602627,0.180811,1.32577
-0.0225113,0.202742,1.33866
-0.175068,-0.194821,1.34576
-0.0644192,-0.1922,1.36708
-0.0203894,-0.210031,1.34696
0.102936,-0.201463,1.3626
0.154911,-0.197871,1.3633
-0.112956,-0.187937,1.36641
-0.0317263,-0.149871,1.34996
0.0125035,-0.147782,1.36212
0.161107,-0.142861,1.34396
-0.228076,-0.131258,1.36565
-0.0635517,-0.117528,1.368
0.116648,-0.127043,1.3601
-0.254718,-0.0919624,1.36811
-0.105924,-0.0898104,1.36406
-0.00137586,-0.100938,1.34597
0.0522496,-0.102045,1.34556
0.228555,-0.094563,1.35838
-0.138473,-0.0554748,1.36447
-0.0666447,-0.0575579,1.34878
0.125937,-0.0750388,1.34874
0.179924,-0.0648967,1.35005
-0.0976953,-0.0297219,1.36085
-0.0259052,-0.0301793,1.35849
0.0649524,-0.0448894,1.35588
-0.188965,-0.0155592,1.35067
0.0519839,-0.00155222,1.36147
0.130022,-0.00717708,1.35687
0.172957,-0.00498773,1.35271
-0.00227646,0.00976644,1.36223
-0.211524,0.0279165,1.36725
-0.0333281,0.0493859,1.35092
0.0140701,0.0515245,1.35283
0.0606554,0.0404124,1.35346
-0.170649,0.0570986,1.35157
-0.106196,0.0796813,1.36428
0.0998632,0.0585809,1.35422
-0.0582646,0.0835694,1.36239
-0.0122945,0.0922899,1.35782
0.0286138,0.107686,1.35111
0.0644605,0.0835664,1.35615
0.104997,0.103128,1.34436
-0.104591,0.119762,1.34753
-0.0427254,0.12492,1.35187
0.145168,0.127681,1.34898
0.189213,0.123817,1.35611
-0.151325,0.144756,1.35342
0.0276498,0.159129,1.36082
0.0660342,0.13833,1.34758
0.108912,0.157951,1.34685
-0.0823264,0.167353,1.36766
-0.0377195,0.164983,1.36871
0.078242,0.189417,1.36624
0.173072,0.167912,1.3617
0.0268691,0.208877,1.35085
-0.106158,-0.284881,1.39255
-0.0373028,-0.267785,1.39619
-0.133511,-0.22745,1.37904
-0.0842532,-0.238652,1.37338
0.01873,-0.221235,1.37793
0.0565775,-0.198834,1.39409
-0.168785,-0.184654,1.38736
-0.140015,-0.152896,1.39561
-0.0989655,-0.147684,1.37776
-0.0175829,-0.163528,1.39081
0.194745,-0.146409,1.37116
-0.192608,-0.125358,1.39021
-0.0111744,-0.110812,1.38792
0.062582,-0.132458,1.37708
0.142956,-0.116857,1.39275
-0.155375,-0.0937271,1.37933
-0.074031,-0.0828244,1.39322
0.092149,-0.0850985,1.37353
-0.218867,-0.0693674,1.3778
-0.0313726,-0.0750819,1.37042
0.0166509,-0.077173,1.38266
0.285325,-0.0611176,1.39258
-0.0722575,-0.037504,1.39613
0.0211396,-0.0310757,1.37163
0.130205,-0.0475678,1.38599
0.201374,-0.0345476,1.37339
-0.271373,-0.0204529,1.39608
-0.22979,-0.0268816,1.37281
-0.140155,-0.0127378,1.37946
-0.0565492,-0.000586702,1.37525
0.0914959,-0.0166715,1.3752
-0.102132,0.0112381,1.38954
0.0778957,0.0245477,1.38987
0.217254,0.0143212,1.37028
-0.138138,0.0441573,1.38426
-0.0754204,0.042359,1.37082
0.0337537,0.0280621,1.38899
0.12302,0.0317791,1.38902
0.167385,0.0339606,1.37134
-0.233186,0.0710358,1.39181
-0.0290709,0.0686176,1.39168
0.0392899,0.0716925,1.38961
0.25052,0.0549215,1.37916
-0.186079,0.0912752,1.37933
0.139933,0.0891647,1.37123
0.18421,0.0884115,1.38458
-0.195742,0.133745,1.37046
-0.0852282,0.126618,1.38898
-0.00821582,0.133415,1.37968
0.0529991,0.128163,1.38904
0.10005,0.13134,1.38066
-0.123397,0.152144,1.39017
-0.173265,0.189477,1.38029
0.128825,0.186073,1.37452
-0.114514,0.195729,1.37286
-0.0512183,0.206578,1.37413
-0.00712035,0.199501,1.38559
0.0289139,0.237805,1.39259
-0.0169485,0.246381,1.3789
0.076243,-0.237226,1.40556
-0.201157,-0.181916,1.41727
-0.109232,-0.180041,1.40969
0.108988,-0.166904,1.41295
0.0257101,-0.160761,1.40802
-0.110392,-0.112177,1.40983
0.085991,-0.110325,1.41277
0.0269378,-0.103021,1.41721
0.125421,-0.0818382,1.42203
-0.115028,-0.0621632,1.40102
0.0676885,-0.0688484,1.41555
-0.186636,-0.0458389,1.40626
0.0549474,-0.0299165,1.40036
0.17092,-0.0394121,1.41916
0.235366,-0.0366443,1.40693
-0.0231717,-0.00922793,1.40329
0.143103,-0.00849529,1.40004
-0.175038,0.0227489,1.40972
-0.280632,0.0313003,1.40828
-0.0424843,0.0292269,1.40716
-0.109952,0.0696152,1.40846
0.00382402,0.0557381,1.41676
-0.134361,0.104311,1.40039
-0.0670548,0.0917859,1.40787
0.00342372,0.0973071,1.40246
0.0765412,0.0926632,1.39782
0.226645,0.0895839,1.41119
0.153934,0.135989,1.40067
-0.241396,0.14357,1.40386
-0.193704,0.14329,1.41702
-0.0400262,0.138982,1.41459
0.0476297,0.162125,1.41696
-0.0547937,0.179961,1.40984
0.00486984,0.167967,1.41937
0.0861978,0.185111,1.41353
-0.0828267,0.212923,1.40368
0.157263,0.212214,1.4036
0.0956971,0.237003,1.41946
-0.0524167,0.259968,1.40717
0.0580458,-0.293446,1.43178
-0.0617913,-0.217547,1.43529
-0.0175576,-0.182605,1.43177
-0.140148,-0.159702,1.44371
-0.0856649,-0.129028,1.448
-0.147921,-0.0577383,1.44577
-0.0424982,-0.0775717,1.4275
0.262072,-0.0766888,1.43809
-0.0407619,-0.0308919,1.44393
0.000636827,-0.0418449,1.42649
-0.110487,-0.0257451,1.42551
-0.227184,0.0141941,1.44217
-0.0775383,0.0093948,1.42673
0.0160405,0.0153056,1.4402
0.105023,0.0131647,1.42813
0.148742,0.00412377,1.45035
-0.11784,0.0316899,1.43702
0.165295,0.0538574,1.44437
-0.262808,0.0553402,1.44007
-0.155716,0.058401,1.44579
-0.0675057,0.0631416,1.44183
0.0493453,0.0561671,1.43322
0.0978988,0.0614858,1.43182
-0.0319815,0.0890161,1.43506
0.0343035,0.106564,1.43392
-0.100178,0.113272,1.42723
0.108603,0.112696,1.42755
0.190214,0.114201,1.44602
-0.145586,0.147148,1.4295
0.202439,0.161071,1.43719
-0.218642,0.19084,1.43811
-0.0833634,0.168518,1.44599
-0.126705,0.200779,1.42422
-0.00937645,0.206661,1.43358
0.175119,0.242457,1.43703
0.170274,-0.183442,1.46887
-0.162507,-0.106049,1.47608
-0.0993767,-0.089825,1.47422
-0.225115,-0.0616411,1.46107
0.0225632,-0.0596747,1.46357
0.0996154,-0.0568318,1.4564
0.154263,-0.0783814,1.46593
-0.163743,0.00931976,1.45946
0.193017,0.0114161,1.45824
-0.0259958,0.0289244,1.45156
-0.103984,0.0647266,1.46712
-0.209361,0.118616,1.45892
-0.0181372,0.117835,1.46694
-0.0286573,0.171424,1.45733
-0.6,-0.6,-1.5
-0.6,-0.6,-1.5
-0.6,-0.6,-1.5
-0.6,-0.6,-1.5
-0.6,-0.6,-1.5
-0.6,-0.6,-1.5
-0.6,-0.6,-1.5
-0.6,-0.6,-1.5
-0.6,-0.6,-1.5
-0.6,-0.6,-1.5
-0.6,-0.6,-1.5
-0.6,-0.6,-1.5
-0.6,-0.6,-1.5
-0.6,-0.6,-1.5
-0.6,-0.6,-1.5
-0.6,-0.6,-1.5
-0.6,-0.6,-1.5
-0.6,-0.6,-1.5
-0.6,-0.6,-1.5
-0.6,-0.6,-1.5
-0.6,-0.6,-1.5
-0.6,-0.6,-1.5
-0.6,-0.6,-1.5
-0.6,-0.6,-1.5
-0.6,-0.6,-1.5
-0.6,-0.6,-1.5
-0.6,-0.6,-1.5
-0.6,-0.6,-1.5
-0.6,-0.6,-1.5
-0.6,-0.6,-1.5
-0.6,-0.6,-1.5
-0.6,-0.6,-1.5
-0.6,-0.6,-1.5
-0.6,-0.6,-1.5
-0.6,-0.6,-1.5
-0.6,-0.6,-1.5
-0.6,-0.6,-1.5
-0.6,-0.6,-1.5
-0.6,-0.6,-1.5
-0.6,-0.6,-1.5
-0.6,-0.6,-1.5
-0.6,-0.6,-1.5
-0.6,-0.6,-1.5
-0.6,-0.6,-1.5
-0.6,-0.6,-1.5
-0.6,-0.6,-1.5
-0.6,-0.6,-1.5
-0.6,-0.6,-1.5
-0.6,-0.6,-1.5
-0.6,-0.6,-1.5
-0.6,-0.6,-1.5
-0.6,-0.6,-1.5
-0.6,-0.6,-1.5
-0.6,-0.6,-1.5
-0.6,-0.6,-1.5
-0.6,-0.6,-1.5
-0.6,-0.6,-1.5
-0.6,-0.6,-1.5
-0.6,-0.6,-1.5
-0.6,-0.6,-1.5
-0.6,-0.6,-1.5
-0.6,-0.6,-1.5
-0.6,-0.6,-1.5
-0.6,-0.6,-1.5
-0.6,-0.6,-1.5
-0.6,-0.6,-1.5
-0.6,-0.6,-1.5
-0.6,-0.6,-1.5
-0.6,-0.6,-1.5
-0.6,-0.6,-1.5
-0.6,-0.6,-1.5
-0.6,-0.6,-1.5
-0.6,-0.6,-1.5
-0.6,-0.6,-1.5
-0.6,-0.6,-1.5
-0.6,-0.6,-1.5
-0.6,-0.6,-1.5
-0.6,-0.6,-1.5
-0.6,-0.6,-1.5
-0.6,-0.6,-1.5
-0.6,-0.6,-1.5
-0.6,-0.6,-1.5
-0.6,-0.6,-1.5
-0.6,-0.6,-1.5
-0.6,-0.6,-1.5
-0.6,-0.6,-1.5
-0.6,-0.6,-1.5
-0.6,-0.6,-1.5
-0.6,-0.6,-1.5
-0.6,-0.6,-1.5
-0.6,-0.6,-1.5
-0.6,-0.6,-1.5
-0.6,-0.6,-1.5
-0.6,-0.6,-1.5
-0.6,-0.6,-1.5
-0.6,-0.6,-1.5
-0.6,-0.6,-1.5
-0.6,-0.6,-1.5
-0.6,-0.6,-1.5
-0.6,-0.6,-1.5
-0.6,-0.6,-1.5
-0.6,-0.6,-1.5
-0.6,-0.6,-1.5
-0.6,-0.6,-1.5
-0.6,-0.6,-1.5
-0.6,-0.6,-1.5
-0.6,-0.6,-1.5
-0.6,-0.6,-1.5
-0.6,-0.6,-1.5
-0.6,-0.6,-1.5
-0.6,-0.6,-1.5
-0.6,-0.6,-1.5
-0.6,-0.6,-1.5
-0.6,-0.6,-1.5
-0.6,-0.6,-1.5
-0.6,-0.6,-1.5
-0.6,-0.6,-1.5
-0.6,-0.6,-1.5
-0.6,-0.6,-1.5
-0.6,-0.6,-1.5
-0.6,-0.6,-1.5
-0.6,-0.6,-1.5
-0.6,-0.6,-1.5
-0.6,-0.6,-1.5
-0.6,-0.6,-1.5
-0.6,-0.6,-1.5
-0.6,-0.6,-1.5
-0.6,-0.6,-1.5
-0.6,-0.6,-1.5
-0.6,-0.6,-1.5
-0.6,-0.6,-1.5
-0.6,-0.6,-1.5
-0.6,-0.6,-1.5
-0.6,-0.6,-1.5
-0.6,-0.6,-1.5
-0.6,-0.6,-1.5
-0.6,-0.6,-1.5
-0.6,-0.6,-1.5
-0.6,-0.6,-1.5
-0.6,-0.6,-1.5
-0.6,-0.6,-1.5
-0.6,-0.6,-1.5
-0.6,-0.6,-1.5
-0.6,-0.6,-1.5
-0.6,-0.6,-1.5
-0.6,-0.6,-1.5
-0.6,-0.6,-1.5
-0.6,-0.6,-1.5
-0.6,-0.6,-1.5
-0.6,-0.6,-1.5
-0.6,-0.6,-1.5
-0.6,-0.6,-1.5
-0.6,-0.6,-1.5
-0.6,-0.6,-1.5
-0.6,-0.6,-1.5
-0.6,-0.6,-1.5
-0.6,-0.6,-1.5
-0.6,-0.6,-1.5
-0.6,-0.6,-1.5
-0.6,-0.6,-1.5
-0.6,-0.6,-1.5
-0.6,-0.6,-1.5
-0.6,-0.6,-1.5
-0.6,-0.6,-1.5
-0.6,-0.6,-1.5
-0.6,-0.6,-1.5
-0.6,-0.6,-1.5
-0.6,-0.6,-1.5
-0.6,-0.6,-1.5
-0.6,-0.6,-1.5
-0.6,-0.6,-1.5
-0.6,-0.6,-1.5
-0.6,-0.6,-1.5
-0.6,-0.6,-1.5
-0.6,-0.6,-1.5
-0.6,-0.6,-1.5
-0.6,-0.6,-1.5
-0.6,-0.6,-1.5
-0.6,-0.6,-1.5
-0.6,-0.6,-1.5
-0.6,-0.6,-1.5
-0.6,-0.6,-1.5
-0.6,-0.6,-1.5
-0.6,-0.6,-1.5
-0.6,-0.6,-1.5
-0.6,-0.6,-1.5
-0.6,-0.6,-1.5
-0.6,-0.6,-1.5
-0.6,-0.6,-1.5
-0.6,-0.6,-1.5
-0.6,-0.6,-1.5
-0.6,-0.6,-1.5
-0.6,-0.6,-1.5
-0.6,-0.6,-1.5
-0.6,-0.6,-1.5
-0.6,-0.6,-1.5
-0.6,-0.6,-1.5
-0.6,-0.6,-1.5
-0.6,-0.6,-1.5
-0.6,-0.6,-1.5
-0.6,-0.6,-1.5
-0.6,-0.6,-1.5
-0.6,-0.6,-1.5
-0.6,-0.6,-1.5
-0.6,-0.6,-1.5
-0.6,-0.6,-1.5
-0.6,-0.6,-1.5
-0.6,-0.6,-1.5
-0.6,-0.6,-1.5
-0.6,-0.6,-1.5
-0.6,-0.6,-1.5
-0.6,-0.6,-1.5
-0.6,-0.6,-1.5
-0.6,-0.6,-1.5
-0.6,-0.6,-1.5
-0.6,-0.6,-1.5
-0.6,-0.6,-1.5
-0.6,-0.6,-1.5
-0.6,-0.6,-1.5
-0.6,-0.6,-1.5
-0.6,-0.6,-1.5
-0.6,-0.6,-1.5
-0.6,-0.6,-1.5
-0.6,-0.6,-1.5
-0.6,-0.6,-1.5
-0.6,-0.6,-1.5
-0.6,-0.6,-1.5
-0.6,-0.6,-1.5
-0.6,-0.6,-1.5
-0.6,-0.6,-1.5
-0.6,-0.6,-1.5
-0.6,-0.6,-1.5
-0.6,-0.6,-1.5
-0.6,-0.6,-1.5
-0.6,-0.6,-1.5
-0.6,-0.6,-1.5
-0.6,-0.6,-1.5
-0.6,-0.6,-1.5
-0.6,-0.6,-1.5
-0.6,-0.6,-1.5
-0.6,-0.6,-1.5
-0.6,-0.6,-1.5
-0.6,-0.6,-1.5
-0.6,-0.6,-1.5
-0.6,-0.6,-1.5
-0.6,-0.6,-1.5
-0.6,-0.6,-1.5
-0.6,-0.6,-1.5
-0.6,-0.6,-1.5
-0.6,-0.6,-1.5
-0.6,-0.6,-1.5
-0.6,-0.6,-1.5
-0.6,-0.6,-1.5
-0.6,-0.6,-1.5
-0.6,-0.6,-1.5
-0.6,-0.6,-1.5
-0.6,-0.6,-1.5
-0.6,-0.6,-1.5
-0.6,-0.6,-1.5
-0.6,-0.6,-1.5
-0.6,-0.6,-1.5
-0.6,-0.6,-1.5
-0.6,-0.6,-1.5
-0.6,-0.6,-1.5
-0.6,-0.6,-1.5
-0.6,-0.6,-1.5
-0.6,-0.6,-1.5
-0.6,-0.6,-1.5
-0.6,-0.6,-1.5
-0.6,-0.6,-1.5
-0.6,-0.6,-1.5
-0.6,-0.6,-1.5
-0.6,-0.6,-1.5
-0.6,-0.6,-1.5
-0.6,-0.6,-1.5
-0.6,-0.6,-1.5
-0.6,-0.6,-1.5
-0.6,-0.6,-1.5
-0.6,-0.6,-1.5
-0.6,-0.6,-1.5
-0.6,-0.6,-1.5
-0.6,-0.6,-1.5
-0.6,-0.6,-1.5
-0.6,-0.6,-1.5
-0.6,-0.6,-1.5
-0.6,-0.6,-1.5
-0.6,-0.6,-1.5
-0.6,-0.6,-1.5
-0.6,-0.6,-1.5
-0.6,-0.6,-1.5
-0.6,-0.6,-1.5
-0.6,-0.6,-1.5
-0.6,-0.6,-1.5
-0.6,-0.6,-1.5
-0.6,-0.6,-1.5
-0.6,-0.6,-1.5
-0.6,-0.6,-1.5
-0.6,-0.6,-1.5
-0.6,-0.6,-1.5
-0.6,-0.6,-1.5
-0.6,-0.6,-1.5
-0.6,-0.6,-1.5
-0.6,-0.6,-1.5
-0.6,-0.6,-1.5
-0.6,-0.6,-1.5
-0.6,-0.6,-1.5
-0.6,-0.6,-1.5
-0.6,-0.6,-1.5
-0.6,-0.6,-1.5
-0.6,-0.6,-1.5
-0.6,-0.6,-1.5
-0.6,-0.6,-1.5
-0.6,-0.6,-1.5
-0.6,-0.6,-1.5
-0.6,-0.6,-1.5
-0.6,-0.6,-1.5
-0.6,-0.6,-1.5
-0.6,-0.6,-1.5
-0.6,-0.6,-1.5
-0.6,-0.6,-1.5
-0.6,-0.6,-1.5
-0.6,-0.6,-1.5
-0.6,-0.6,-1.5
-0.6,-0.6,-1.5
-0.6,-0.6,-1.5
-0.6,-0.6,-1.5
-0.6,-0.6,-1.5
-0.6,-0.6,-1.5
-0.6,-0.6,-1.5
-0.6,-0.6,-1.5
-0.6,-0.6,-1.5
-0.6,-0.6,-1.5
-0.6,-0.6,-1.5
-0.6,-0.6,-1.5
-0.6,-0.6,-1.5
-0.6,-0.6,-1.5
-0.6,-0.6,-1.5
-0.6,-0.6,-1.5
-0.6,-0.6,-1.5
-0.6,-0.6,-1.5
-0.6,-0.6,-1.5
-0.6,-0.6,-1.5
-0.6,-0.6,-1.5
-0.6,-0.6,-1.5
-0.6,-0.6,-1.5
-0.6,-0.6,-1.5
-0.6,-0.6,-1.5
-0.6,-0.6,-1.5
-0.6,-0.6,-1.5
-0.6,-0.6,-1.5
-0.6,-0.6,-1.5
-0.6,-0.6,-1.5
-0.6,-0.6,-1.5
-0.6,-0.6,-1.5
-0.6,-0.6,-1.5
-0.6,-0.6,-1.5
-0.6,-0.6,-1.5
-0.6,-0.6,-1.5
-0.6,-0.6,-1.5
-0.6,-0.6,-1.5
-0.6,-0.6,-1.5
-0.6,-0.6,-1.5
-0.6,-0.6,-1.5
-0.6,-0.6,-1.5
-0.6,-0.6,-1.5
-0.6,-0.6,-1.5
-0.6,-0.6,-1.5
-0.6,-0.6,-1.5
-0.6,-0.6,-1.5
-0.6,-0.6,-1.5
-0.6,-0.6,-1.5
-0.6,-0.6,-1.5
-0.6,-0.6,-1.5
-0.6,-0.6,-1.5
-0.6,-0.6,-1.5
-0.6,-0.6,-1.5
-0.6,-0.6,-1.5
-0.6,-0.6,-1.5
-0.6,-0.6,-1.5
-0.6,-0.6,-1.5
-0.6,-0.6,-1.5
-0.6,-0.6,-1.5
-0.6,-0.6,-1.5
-0.6,-0.6,-1.5
-0.6,-0.6,-1.5
-0.6,-0.6,-1.5
-0.6,-0.6,-1.5
-0.6,-0.6,-1.5
-0.6,-0.6,-1.5
-0.6,-0.6,-1.5
-0.6,-0.6,-1.5
-0.6,-0.6,-1.5
-0.6,-0.6,-1.5
-0.6,-0.6,-1.5
-0.6,-0.6,-1.5
-0.6,-0.6,-1.5
-0.6,-0.6,-1.5
-0.6,-0.6,-1.5
-0.6,-0.6,-1.5
-0.6,-0.6,-1.5
-0.6,-0.6,-1.5
-0.6,-0.6,-1.5
-0.6,-0.6,-1.5
-0.6,-0.6,-1.5
-0.6,-0.6,-1.5
-0.6,-0.6,-1.5
-0.6,-0.6,-1.5
-0.6,-0.6,-1.5
-0.6,-0.6,-1.5
-0.6,-0.6,-1.5
-0.6,-0.6,-1.5
-0.6,-0.6,-1.5
-0.6,-0.6,-1.5
-0.6,-0.6,-1.5
-0.6,-0.6,-1.5
-0.6,-0.6,-1.5
-0.6,-0.6,-1.5
-0.6,-0.6,-1.5
-0.6,-0.6,-1.5
-0.6,-0.6,-1.5
-0.6,-0.6,-1.5
-0.6,-0.6,-1.5
-0.6,-0.6,-1.5
-0.6,-0.6,-1.5
-0.6,-0.6,-1.5
-0.6,-0.6,-1.5
-0.6,-0.6,-1.5
-0.6,-0.6,-1.5
-0.6,-0.6,-1.5
-0.6,-0.6,-1.5
-0.6,-0.6,-1.5
-0.6,-0.6,-1.5
-0.6,-0.6,-1.5
-0.6,-0.6,-1.5
-0.6,-0.6,-1.5
-0.6,-0.6,-1.5
-0.6,-0.6,-1.5
-0.6,-0.6,-1.5
-0.6,-0.6,-1.5
-0.6,-0.6,-1.5
-0.6,-0.6,-1.5
-0.6,-0.6,-1.5
-0.6,-0.6,-1.5
-0.6,-0.6,-1.5
-0.6,-0.6,-1.5
-0.6,-0.6,-1.5
-0.6,-0.6,-1.5
-0.6,-0.6,-1.5
-0.6,-0.6,-1.5
-0.6,-0.6,-1.5
-0.6,-0.6,-1.5
-0.6,-0.6,-1.5
-0.6,-0.6,-1.5
-0.6,-0.6,-1.5
-0.6,-0.6,-1.5
-0.6,-0.6,-1.5
-0.6,-0.6,-1.5
-0.6,-0.6,-1.5
-0.6,-0.6,-1.5
-0.6,-0.6,-1.5
-0.6,-0.6,-1.5
-0.6,-0.6,-1.5
-0.6,-0.6,-1.5
-0.6,-0.6,-1.5
-0.6,-0.6,-1.5
-0.6,-0.6,-1.5
-0.6,-0.6,-1.5
-0.6,-0.6,-1.5
-0.6,-0.6,-1.5
-0.6,-0.6,-1.5
-0.6,-0.6,-1.5
-0.6,-0.6,-1.5
-0.6,-0.6,-1.5
-0.6,-0.6,-1.5
-0.6,-0.6,-1.5
-0.6,-0.6,-1.5
-0.6,-0.6,-1.5
-0.6,-0.6,-1.5
-0.6,-0.6,-1.5
-0.6,-0.6,-1.5
-0.6,-0.6,-1.5
-0.6,-0.6,-1.5
-0.6,-0.6,-1.5
-0.6,-0.6,-1.5
-0.6,-0.6,-1.5
-0.6,-0.6,-1.5
-0.6,-0.6,-1.5
-0.6,-0.6,-1.5
-0.6,-0.6,-1.5
-0.6,-0.6,-1.5
-0.6,-0.6,-1.5
-0.6,-0.6,-1.5
-0.6,-0.6,-1.5
-0.6,-0.6,-1.5
-0.6,-0.6,-1.5
-0.6,-0.6,-1.5
-0.6,-0.6,-1.5
-0.6,-0.6,-1.5
-0.6,-0.6,-1.5
-0.6,-0.6,-1.5
-0.6,-0.6,-1.5
-0.6,-0.6,-1.5
-0.6,-0.6,-1.5
-0.6,-0.6,-1.5
-0.6,-0.6,-1.5
-0.6,-0.6,-1.5
-0.6,-0.6,-1.5
-0.6,-0.6,-1.5
-0.6,-0.6,-1.5
-0.6,-0.6,-1.5
-0.6,-0.6,-1.5
-0.6,-0.6,-1.5
-0.6,-0.6,-1.5
-0.6,-0.6,-1.5
-0.6,-0.6,-1.5
-0.6,-0.6,-1.5
-0.6,-0.6,-1.5
-0.6,-0.6,-1.5
-0.6,-0.6,-1.5
-0.6,-0.6,-1.5
-0.6,-0.6,-1.5
-0.6,-0.6,-1.5
-0.6,-0.6,-1.5
-0.6,-0.6,-1.5
-0.6,-0.6,-1.5
-0.6,-0.6,-1.5
-0.6,-0.6,-1.5
-0.6,-0.6,-1.5
-0.6,-0.6,-1.5
-0.6,-0.6,-1.5
-0.6,-0.6,-1.5
-0.6,-0.6,-1.5
-0.6,-0.6,-1.5
-0.6,-0.6,-1.5
-0.6,-0.6,-1.5
-0.6,-0.6,-1.5
-0.6,-0.6,-1.5
-0.6,-0.6,-1.5
-0.6,-0.6,-1.5
-0.6,-0.6,-1.5
-0.6,-0.6,-1.5
-0.6,-0.6,-1.5
-0.6,-0.6,-1.5
-0.6,-0.6,-1.5
-0.6,-0.6,-1.5
-0.6,-0.6,-1.5
-0.6,-0.6,-1.5
-0.6,-0.6,-1.5
-0.6,-0.6,-1.5
-0.6,-0.6,-1.5
-0.6,-0.6,-1.5
-0.6,-0.6,-1.5
-0.6,-0.6,-1.5
-0.6,-0.6,-1.5
-0.6,-0.6,-1.5
-0.6,-0.6,-1.5
-0.6,-0.6,-1.5
-0.6,-0.6,-1.5
-0.6,-0.6,-1.5
-0.6,-0.6,-1.5
-0.6,-0.6,-1.5
-0.6,-0.6,-1.5
-0.6,-0.6,-1.5
-0.6,-0.6,-1.5
-0.6,-0.6,-1.5
-0.6,-0.6,-1.5
-0.6,-0.6,-1.5
-0.6,-0.6,-1.5
-0.6,-0.6,-1.5
-0.6,-0.6,-1.5
-0.6,-0.6,-1.5
-0.6,-0.6,-1.5
-0.6,-0.6,-1.5
-0.6,-0.6,-1.5
-0.6,-0.6,-1.5
-0.6,-0.6,-1.5
-0.6,-0.6,-1.5
-0.6,-0.6,-1.5
-0.6,-0.6,-1.5
-0.6,-0.6,-1.5
-0.6,-0.6,-1.5
-0.6,-0.6,-1.5
-0.6,-0.6,-1.5
-0.6,-0.6,-1.5
-0.6,-0.6,-1.5
-0.6,-0.6,-1.5
-0.6,-0.6,-1.5
-0.6,-0.6,-1.5
-0.6,-0.6,-1.5
-0.6,-0.6,-1.5
-0.6,-0.6,-1.5
-0.6,-0.6,-1.5
-0.6,-0.6,-1.5
-0.6,-0.6,-1.5
-0.6,-0.6,-1.5
-0.6,-0.6,-1.5
-0.6,-0.6,-1.5
-0.6,-0.6,-1.5
-0.6,-0.6,-1.5
-0.6,-0.6,-1.5
-0.6,-0.6,-1.5
-0.6,-0.6,-1.5
-0.6,-0.6,-1.5
-0.6,-0.6,-1.5
-0.6,-0.6,-1.5
-0.6,-0.6,-1.5
-0.6,-0.6,-1.5
-0.6,-0.6,-1.5
-0.6,-0.6,-1.5
-0.6,-0.6,-1.5
-0.6,-0.6,-1.5
-0.6,-0.6,-1.5
-0.6,-0.6,-1.5
-0.6,-0.6,-1.5
-0.6,-0.6,-1.5
-0.6,-0.6,-1.5
-0.6,-0.6,-1.5
-0.6,-0.6,-1.5
-0.6,-0.6,-1.5
-0.6,-0.6,-1.5
-0.6,-0.6,-1.5
-0.6,-0.6,-1.5
-0.6,-0.6,-1.5
-0.6,-0.6,-1.5
-0.6,-0.6,-1.5
-0.6,-0.6,-1.5
-0.6,-0.6,-1.5
-0.6,-0.6,-1.5
-0.6,-0.6,-1.5
-0.6,-0.6,-1.5
-0.6,-0.6,-1.5
-0.6,-0.6,-1.5
-0.6,-0.6,-1.5
-0.6,-0.6,-1.5
-0.6,-0.6,-1.5
-0.6,-0.6,-1.5
-0.6,-0.6,-1.5
-0.6,-0.6,-1.5
-0.6,-0.6,-1.5
-0.6,-0.6,-1.5
-0.6,-0.6,-1.5
-0.6,-0.6,-1.5
-0.6,-0.6,-1.5
-0.6,-0.6,-1.5
-0.6,-0.6,-1.5
-0.6,-0.6,-1.5
-0.6,-0.6,-1.5
-0.6,-0.6,-1.5
-0.6,-0.6,-1.5
-0.6,-0.6,-1.5
-0.6,-0.6,-1.5
-0.6,-0.6,-1.5
-0.6,-0.6,-1.5
-0.6,-0.6,-1.5
-0.6,-0.6,-1.5
-0.6,-0.6,-1.5
-0.6,-0.6,-1.5
-0.6,-0.6,-1.5
-0.6,-0.6,-1.5
-0.6,-0.6,-1.5
-0.6,-0.6,-1.5
-0.6,-0.6,-1.5
-0.6,-0.6,-1.5
-0.6,-0.6,-1.5
-0.6,-0.6,-1.5
-0.6,-0.6,-1.5
-0.6,-0.6,-1.5
-0.6,-0.6,-1.5
-0.6,-0.6,-1.5
-0.6,-0.6,-1.5
-0.6,-0.6,-1.5
-0.6,-0.6,-1.5
-0.6,-0.6,-1.5
-0.6,-0.6,-1.5
-0.6,-0.6,-1.5
-0.6,-0.6,-1.5
-0.6,-0.6,-1.5
-0.6,-0.6,-1.5
-0.6,-0.6,-1.5
-0.6,-0.6,-1.5
-0.6,-0.6,-1.5
-0.6,-0.6,-1.5
-0.6,-0.6,-1.5
-0.6,-0.6,-1.5
-0.6,-0.6,-1.5
-0.6,-0.6,-1.5
-0.6,-0.6,-1.5
-0.6,-0.6,-1.5
-0.6,-0.6,-1.5
-0.6,-0.6,-1.5
-0.6,-0.6,-1.5
-0.6,-0.6,-1.5
-0.6,-0.6,-1.5
-0.6,-0.6,-1.5
-0.6,-0.6,-1.5
-0.6,-0.6,-1.5
-0.6,-0.6,-1.5
-0.6,-0.6,-1.5
-0.6,-0.6,-1.5
-0.6,-0.6,-1.5
-0.6,-0.6,-1.5
-0.6,-0.6,-1.5
-0.6,-0.6,-1.5
-0.6,-0.6,-1.5
-0.6,-0.6,-1.5
-0.6,-0.6,-1.5
-0.6,-0.6,-1.5
-0.6,-0.6,-1.5
-0.6,-0.6,-1.5
-0.6,-0.6,-1.5
-0.6,-0.6,-1.5
-0.6,-0.6,-1.5
-0.6,-0.6,-1.5
-0.6,-0.6,-1.5
-0.6,-0.6,-1.5
-0.6,-0.6,-1.5
-0.6,-0.6,-1.5
-0.6,-0.6,-1.5
-0.6,-0.6,-1.5
-0.6,-0.6,-1.5
-0.6,-0.6,-1.5
-0.6,-0.6,-1.5
-0.6,-0.6,-1.5
-0.6,-0.6,-1.5
-0.6,-0.6,-1.5
-0.6,-0.6,-1.5
-0.6,-0.6,-1.5
-0.6,-0.6,-1.5
-0.6,-0.6,-1.5
-0.6,-0.6,-1.5
-0.6,-0.6,-1.5
-0.6,-0.6,-1.5
-0.6,-0.6,-1.5
-0.6,-0.6,-1.5
-0.6,-0.6,-1.5
-0.6,-0.6,-1.5
-0.6,-0.6,-1.5
-0.6,-0.6,-1.5
-0.6,-0.6,-1.5
-0.6,-0.6,-1.5
-0.6,-0.6,-1.5
-0.6,-0.6,-1.5
-0.6,-0.6,-1.5
-0.6,-0.6,-1.5
-0.6,-0.6,-1.5
-0.6,-0.6,-1.5
-0.6,-0.6,-1.5
-0.6,-0.6,-1.5
-0.6,-0.6,-1.5
-0.6,-0.6,-1.5
-0.6,-0.6,-1.5
-0.6,-0.6,-1.5
-0.6,-0.6,-1.5
-0.6,-0.6,-1.5
-0.6,-0.6,-1.5
-0.6,-0.6,-1.5
-0.6,-0.6,-1.5
-0.6,-0.6,-1.5
-0.6,-0.6,-1.5
-0.6,-0.6,-1.5
-0.6,-0.6,-1.5
-0.6,-0.6,-1.5
-0.6,-0.6,-1.5
-0.6,-0.6,-1.5
-0.6,-0.6,-1.5
-0.6,-0.6,-1.5
-0.6,-0.6,-1.5
-0.6,-0.6,-1.5
-0.6,-0.6,-1.5
-0.6,-0.6,-1.5
-0.6,-0.6,-1.5
-0.6,-0.6,-1.5
-0.6,-0.6,-1.5
-0.6,-0.6,-1.5
-0.6,-0.6,-1.5
-0.6,-0.6,-1.5
-0.6,-0.6,-1.5
-0.6,-0.6,-1.5
-0.6,-0.6,-1.5
-0.6,-0.6,-1.5
-0.6,-0.6,-1.5
-0.6,-0.6,-1.5
-0.6,-0.6,-1.5
-0.6,-0.6,-1.5
-0.6,-0.6,-1.5
-0.6,-0.6,-1.5
-0.6,-0.6,-1.5
-0.6,-0.6,-1.5
-0.6,-0.6,-1.5
-0.6,-0.6,-1.5
-0.6,-0.6,-1.5
-0.6,-0.6,-1.5
-0.6,-0.6,-1.5
-0.6,-0.6,-1.5
-0.6,-0.6,-1.5
-0.6,-0.6,-1.5
-0.6,-0.6,-1.5
-0.6,-0.6,-1.5
-0.6,-0.6,-1.5
-0.6,-0.6,-1.5
-0.6,-0.6,-1.5
-0.6,-0.6,-1.5
-0.6,-0.6,-1.5
-0.6,-0.6,-1.5
-0.6,-0.6,-1.5
-0.6,-0.6,-1.5
-0.6,-0.6,-1.5
-0.6,-0.6,-1.5
-0.6,-0.6,-1.5
-0.6,-0.6,-1.5
-0.6,-0.6,-1.5
-0.6,-0.6,-1.5
-0.6,-0.6,-1.5
-0.6,-0.6,-1.5
-0.6,-0.6,-1.5
-0.6,-0.6,-1.5
-0.6,-0.6,-1.5
-0.6,-0.6,-1.5
-0.6,-0.6,-1.5
-0.6,-0.6,-1.5
-0.6,-0.6,-1.5
-0.6,-0.6,-1.5
-0.6,-0.6,-1.5
-0.6,-0.6,-1.5
-0.6,-0.6,-1.5
-0.6,-0.6,-1.5
-0.6,-0.6,-1.5
-0.6,-0.6,-1.5
-0.6,-0.6,-1.5
-0.6,-0.6,-1.5
-0.6,-0.6,-1.5
-0.6,-0.6,-1.5
-0.6,-0.6,-1.5
-0.6,-0.6,-1.5
-0.6,-0.6,-1.5
-0.6,-0.6,-1.5
-0.6,-0.6,-1.5
-0.6,-0.6,-1.5
-0.6,-0.6,-1.5
-0.6,-0.6,-1.5
-0.6,-0.6,-1.5
-0.6,-0.6,-1.5
-0.6,-0.6,-1.5
-0.6,-0.6,-1.5
-0.6,-0.6,-1.5
-0.6,-0.6,-1.5
-0.6,-0.6,-1.5
-0.6,-0.6,-1.5
-0.6,-0.6,-1.5
-0.6,-0.6,-1.5
-0.6,-0.6,-1.5
-0.6,-0.6,-1.5
-0.6,-0.6,-1.5
-0.6,-0.6,-1.5
-0.6,-0.6,-1.5
-0.6,-0.6,-1.5
-0.6,-0.6,-1.5
-0.6,-0.6,-1.5
-0.6,-0.6,-1.5
-0.6,-0.6,-1.5
-0.6,-0.6,-1.5
-0.6,-0.6,-1.5
-0.6,-0.6,-1.5
-0.6,-0.6,-1.5
-0.6,-0.6,-1.5
-0.6,-0.6,-1.5
-0.6,-0.6,-1.5
-0.6,-0.6,-1.5
-0.6,-0.6,-1.5
-0.6,-0.6,-1.5
-0.6,-0.6,-1.5
-0.6,-0.6,-1.5
-0.6,-0.6,-1.5
-0.6,-0.6,-1.5
-0.6,-0.6,-1.5
-0.6,-0.6,-1.5
-0.6,-0.6,-1.5
-0.6,-0.6,-1.5
-0.6,-0.6,-1.5
-0.6,-0.6,-1.5
-0.6,-0.6,-1.5
-0.6,-0.6,-1.5
-0.6,-0.6,-1.5
-0.6,-0.6,-1.5
-0.6,-0.6,-1.5
-0.6,-0.6,-1.5
-0.6,-0.6,-1.5
-0.6,-0.6,-1.5
-0.6,-0.6,-1.5
-0.6,-0.6,-1.5
-0.6,-0.6,-1.5
-0.6,-0.6,-1.5
-0.6,-0.6,-1.5
-0.6,-0.6,-1.5
-0.6,-0.6,-1.5
-0.6,-0.6,-1.5
-0.6,-0.6,-1.5
-0.6,-0.6,-1.5
-0.6,-0.6,-1.5
-0.6,-0.6,-1.5
-0.6,-0.6,-1.5
-0.6,-0.6,-1.5
-0.6,-0.6,-1.5
-0.6,-0.6,-1.5
-0.6,-0.6,-1.5
-0.6,-0.6,-1.5
-0.6,-0.6,-1.5
-0.6,-0.6,-1.5
-0.6,-0.6,-1.5
-0.6,-0.6,-1.5
-0.6,-0.6,-1.5
-0.6,-0.6,-1.5
-0.6,-0.6,-1.5
-0.6,-0.6,-1.5
-0.6,-0.6,-1.5
-0.6,-0.6,-1.5
-0.6,-0.6,-1.5
-0.6,-0.6,-1.5
-0.6,-0.6,-1.5
-0.6,-0.6,-1.5
-0.6,-0.6,-1.5
-0.6,-0.6,-1.5
-0.6,-0.6,-1.5
-0.6,-0.6,-1.5
-0.6,-0.6,-1.5
-0.6,-0.6,-1.5
-0.6,-0.6,-1.5
-0.6,-0.6,-1.5
-0.6,-0.6,-1.5
-0.6,-0.6,-1.5
-0.6,-0.6,-1.5
-0.6,-0.6,-1.5
-0.6,-0.6,-1.5
-0.6,-0.6,-1.5
-0.6,-0.6,-1.5
-0.6,-0.6,-1.5
-0.6,-0.6,-1.5
-0.6,-0.6,-1.5
-0.6,-0.6,-1.5
-0.6,-0.6,-1.5
-0.6,-0.6,-1.5
-0.6,-0.6,-1.5
-0.6,-0.6,-1.5
-0.6,-0.6,-1.5
-0.6,-0.6,-1.5
-0.6,-0.6,-1.5
-0.6,-0.6,-1.5
-0.6,-0.6,-1.5
-0.6,-0.6,-1.5
-0.6,-0.6,-1.5
-0.6,-0.6,-1.5
-0.6,-0.6,-1.5
-0.6,-0.6,-1.5
-0.6,-0.6,-1.5
-0.6,-0.6,-1.5
-0.6,-0.6,-1.5
-0.6,-0.6,-1.5
-0.6,-0.6,-1.5
-0.6,-0.6,-1.5
-0.6,-0.6,-1.5
-0.6,-0.6,-1.5
-0.6,-0.6,-1.5
-0.6,-0.6,-1.5
-0.6,-0.6,-1.5
-0.6,-0.6,-1.5
-0.6,-0.6,-1.5
-0.6,-0.6,-1.5
-0.6,-0.6,-1.5
-0.6,-0.6,-1.5
-0.6,-0.6,-1.5
-0.6,-0.6,-1.5
-0.6,-0.6,-1.5
-0.6,-0.6,-1.5
-0.6,-0.6,-1.5
-0.6,-0.6,-1.5
-0.6,-0.6,-1.5
-0.6,-0.6,-1.5
-0.6,-0.6,-1.5
-0.6,-0.6,-1.5
-0.6,-0.6,-1.5
-0.6,-0.6,-1.5
-0.6,-0.6,-1.5
-0.6,-0.6,-1.5
-0.6,-0.6,-1.5
-0.6,-0.6,-1.5
-0.6,-0.6,-1.5
-0.6,-0.6,-1.5
-0.6,-0.6,-1.5
-0.6,-0.6,-1.5
-0.6,-0.6,-1.5
-0.6,-0.6,-1.5
-0.6,-0.6,-1.5
-0.6,-0.6,-1.5
-0.6,-0.6,-1.5
-0.6,-0.6,-1.5
-0.6,-0.6,-1.5
-0.6,-0.6,-1.5
-0.6,-0.6,-1.5
-0.6,-0.6,-1.5
-0.6,-0.6,-1.5
-0.6,-0.6,-1.5
-0.6,-0.6,-1.5
-0.6,-0.6,-1.5
-0.6,-0.6,-1.5
-0.6,-0.6,-1.5
-0.6,-0.6,-1.5
-0.6,-0.6,-1.5
-0.6,-0.6,-1.5
-0.6,-0.6,-1.5
-0.6,-0.6,-1.5
-0.6,-0.6,-1.5
-0.6,-0.6,-1.5
-0.6,-0.6,-1.5
-0.6,-0.6,-1.5
-0.6,-0.6,-1.5
-0.6,-0.6,-1.5
-0.6,-0.6,-1.5
-0.6,-0.6,-1.5
-0.6,-0.6,-1.5
-0.6,-0.6,-1.5
-0.6,-0.6,-1.5
-0.6,-0.6,-1.5
-0.6,-0.6,-1.5
-0.6,-0.6,-1.5
-0.6,-0.6,-1.5
-0.6,-0.6,-1.5
-0.6,-0.6,-1.5
-0.6,-0.6,-1.5
-0.6,-0.6,-1.5
-0.6,-0.6,-1.5
-0.6,-0.6,-1.5
-0.6,-0.6,-1.5
-0.6,-0.6,-1.5
-0.6,-0.6,-1.5
-0.6,-0.6,-1.5
-0.6,-0.6,-1.5
-0.6,-0.6,-1.5
-0.6,-0.6,-1.5
-0.6,-0.6,-1.5
-0.6,-0.6,-1.5
-0.6,-0.6,-1.5
-0.6,-0.6,-1.5
-0.6,-0.6,-1.5
-0.6,-0.6,-1.5
-0.6,-0.6,-1.5
-0.6,-0.6,-1.5
-0.6,-0.6,-1.5
-0.6,-0.6,-1.5
-0.6,-0.6,-1.5
-0.6,-0.6,-1.5
-0.6,-0.6,-1.5
-0.6,-0.6,-1.5
-0.6,-0.6,-1.5
-0.6,-0.6,-1.5
-0.6,-0.6,-1.5
-0.6,-0.6,-1.5
-0.6,-0.6,-1.5
-0.6,-0.6,-1.5
-0.6,-0.6,-1.5
-0.6,-0.6,-1.5
-0.6,-0.6,-1.5
-0.6,-0.6,-1.5
-0.6,-0.6,-1.5
-0.6,-0.6,-1.5
-0.6,-0.6,-1.5
-0.6,-0.6,-1.5
-0.6,-0.6,-1.5
-0.6,-0.6,-1.5
-0.6,-0.6,-1.5
-0.6,-0.6,-1.5
-0.6,-0.6,-1.5
-0.6,-0.6,-1.5
-0.6,-0.6,-1.5
-0.6,-0.6,-1.5
-0.6,-0.6,-1.5
-0.6,-0.6,-1.5
-0.6,-0.6,-1.5
-0.6,-0.6,-1.5
-0.6,-0.6,-1.5
-0.6,-0.6,-1.5
-0.6,-0.6,-1.5
-0.6,-0.6,-1.5
-0.6,-0.6,-1.5
-0.6,-0.6,-1.5
-0.6,-0.6,-1.5
-0.6,-0.6,-1.5
-0.6,-0.6,-1.5
-0.6,-0.6,-1.5
-0.6,-0.6,-1.5
-0.6,-0.6,-1.5
-0.6,-0.6,-1.5
-0.6,-0.6,-1.5
-0.6,-0.6,-1.5
-0.6,-0.6,-1.5
-0.6,-0.6,-1.5
-0.6,-0.6,-1.5
-0.6,-0.6,-1.5
-0.6,-0.6,-1.5
-0.6,-0.6,-1.5
-0.6,-0.6,-1.5
-0.6,-0.6,-1.5
-0.6,-0.6,-1.5
-0.6,-0.6,-1.5
-0.6,-0.6,-1.5
-0.6,-0.6,-1.5
-0.6,-0.6,-1.5
-0.6,-0.6,-1.5
-0.6,-0.6,-1.5
-0.6,-0.6,-1.5
-0.6,-0.6,-1.5
-0.6,-0.6,-1.5
-0.6,-0.6,-1.5
-0.6,-0.6,-1.5
-0.6,-0.6,-1.5
-0.6,-0.6,-1.5
-0.6,-0.6,-1.5
-0.6,-0.6,-1.5
-0.6,-0.6,-1.5
-0.6,-0.6,-1.5
-0.6,-0.6,-1.5
-0.6,-0.6,-1.5
-0.6,-0.6,-1.5
-0.6,-0.6,-1.5
-0.6,-0.6,-1.5
-0.6,-0.6,-1.5
-0.6,-0.6,-1.5
-0.6,-0.6,-1.5
-0.6,-0.6,-1.5
-0.6,-0.6,-1.5
-0.6,-0.6,-1.5
-0.6,-0.6,-1.5
-0.6,-0.6,-1.5
-0.6,-0.6,-1.5
-0.6,-0.6,-1.5
-0.6,-0.6,-1.5
-0.6,-0.6,-1.5
-0.6,-0.6,-1.5
-0.6,-0.6,-1.5
-0.6,-0.6,-1.5
-0.6,-0.6,-1.5
-0.6,-0.6,-1.5
-0.6,-0.6,-1.5
-0.6,-0.6,-1.5
-0.6,-0.6,-1.5
-0.6,-0.6,-1.5
-0.6,-0.6,-1.5
-0.6,-0.6,-1.5
-0.6,-0.6,-1.5
-0.6,-0.6,-1.5
-0.6,-0.6,-1.5
-0.6,-0.6,-1.5
-0.6,-0.6,-1.5
-0.6,-0.6,-1.5
-0.6,-0.6,-1.5
-0.6,-0.6,-1.5
-0.6,-0.6,-1.5
-0.6,-0.6,-1.5
-0.6,-0.6,-1.5
-0.6,-0.6,-1.5
-0.6,-0.6,-1.5
-0.6,-0.6,-1.5
-0.6,-0.6,-1.5
-0.6,-0.6,-1.5
-0.6,-0.6,-1.5
-0.6,-0.6,-1.5
-0.6,-0.6,-1.5
-0.6,-0.6,-1.5
-0.6,-0.6,-1.5
-0.6,-0.6,-1.5
-0.6,-0.6,-1.5
-0.6,-0.6,-1.5
-0.6,-0.6,-1.5
-0.6,-0.6,-1.5
-0.6,-0.6,-1.5
-0.6,-0.6,-1.5
-0.6,-0.6,-1.5
-0.6,-0.6,-1.5
-0.6,-0.6,-1.5
-0.6,-0.6,-1.5
-0.6,-0.6,-1.5
-0.6,-0.6,-1.5
-0.6,-0.6,-1.5
-0.6,-0.6,-1.5
-0.6,-0.6,-1.5
-0.6,-0.6,-1.5
-0.6,-0.6,-1.5
-0.6,-0.6,-1.5
-0.6,-0.6,-1.5
-0.6,-0.6,-1.5
-0.6,-0.6,-1.5
-0.6,-0.6,-1.5
-0.6,-0.6,-1.5
-0.6,-0.6,-1.5
-0.6,-0.6,-1.5
-0.6,-0.6,-1.5
-0.6,-0.6,-1.5
-0.6,-0.6,-1.5
-0.6,-0.6,-1.5
-0.6,-0.6,-1.5
-0.6,-0.6,-1.5
-0.6,-0.6,-1.5
-0.6,-0.6,-1.5
-0.6,-0.6,-1.5
-0.6,-0.6,-1.5
-0.6,-0.6,-1.5
-0.6,-0.6,-1.5
-0.6,-0.6,-1.5
-0.6,-0.6,-1.5
-0.6,-0.6,-1.5
-0.6,-0.6,-1.5
-0.6,-0.6,-1.5
-0.6,-0.6,-1.5
-0.6,-0.6,-1.5
-0.6,-0.6,-1.5
-0.6,-0.6,-1.5
-0.6,-0.6,-1.5
-0.6,-0.6,-1.5
-0.6,-0.6,-1.5
-0.6,-0.6,-1.5
-0.6,-0.6,-1.5
-0.6,-0.6,-1.5
-0.6,-0.6,-1.5
-0.6,-0.6,-1.5
-0.6,-0.6,-1.5
-0.6,-0.6,-1.5
-0.6,-0.6,-1.5
-0.6,-0.6,-1.5
-0.6,-0.6,-1.5
-0.6,-0.6,-1.5
-0.6,-0.6,-1.5
-0.6,-0.6,-1.5
-0.6,-0.6,-1.5
-0.6,-0.6,-1.5
-0.6,-0.6,-1.5
-0.6,-0.6,-1.5
-0.6,-0.6,-1.5
-0.6,-0.6,-1.5
-0.6,-0.6,-1.5
-0.6,-0.6,-1.5
-0.6,-0.6,-1.5
-0.6,-0.6,-1.5
-0.6,-0.6,-1.5
-0.6,-0.6,-1.5
-0.6,-0.6,-1.5
-0.6,-0.6,-1.5
-0.6,-0.6,-1.5
-0.6,-0.6,-1.5
-0.6,-0.6,-1.5
-0.6,-0.6,-1.5
-0.6,-0.6,-1.5
-0.6,-0.6,-1.5
-0.6,-0.6,-1.5
-0.6,-0.6,-1.5
-0.6,-0.6,-1.5
-0.6,-0.6,-1.5
-0.6,-0.6,-1.5
-0.6,-0.6,-1.5
-0.6,-0.6,-1.5
-0.6,-0.6,-1.5
-0.6,-0.6,-1.5
-0.6,-0.6,-1.5
-0.6,-0.6,-1.5
-0.6,-0.6,-1.5
-0.6,-0.6,-1.5
-0.6,-0.6,-1.5
-0.6,-0.6,-1.5
-0.6,-0.6,-1.5
-0.6,-0.6,-1.5
-0.6,-0.6,-1.5
-0.6,-0.6,-1.5
-0.6,-0.6,-1.5
-0.6,-0.6,-1.5
-0.6,-0.6,-1.5
-0.6,-0.6,-1.5
-0.6,-0.6,-1.5
-0.6,-0.6,-1.5
-0.6,-0.6,-1.5
-0.6,-0.6,-1.5
-0.6,-0.6,-1.5
-0.6,-0.6,-1.5
-0.6,-0.6,-1.5
-0.6,-0.6,-1.5
-0.6,-0.6,-1.5
-0.6,-0.6,-1.5
-0.6,-0.6,-1.5
-0.6,-0.6,-1.5
-0.6,-0.6,-1.5
-0.6,-0.6,-1.5
-0.6,-0.6,-1.5
-0.6,-0.6,-1.5
-0.6,-0.6,-1.5
-0.6,-0.6,-1.5
-0.6,-0.6,-1.5
-0.6,-0.6,-1.5
-0.6,-0.6,-1.5
-0.6,-0.6,-1.5
-0.6,-0.6,-1.5
-0.6,-0.6,-1.5
-0.6,-0.6,-1.5
-0.6,-0.6,-1.5
-0.6,-0.6,-1.5
-0.6,-0.6,-1.5
-0.6,-0.6,-1.5
-0.6,-0.6,-1.5
-0.6,-0.6,-1.5
-0.6,-0.6,-1.5
-0.6,-0.6,-1.5
-0.6,-0.6,-1.5
-0.6,-0.6,-1.5
-0.6,-0.6,-1.5
-0.6,-0.6,-1.5
-0.6,-0.6,-1.5
-0.6,-0.6,-1.5
-0.6,-0.6,-1.5
-0.6,-0.6,-1.5
-0.6,-0.6,-1.5
-0.6,-0.6,-1.5
-0.6,-0.6,-1.5
-0.6,-0.6,-1.5
-0.6,-0.6,-1.5
-0.6,-0.6,-1.5
-0.6,-0.6,-1.5
-0.6,-0.6,-1.5
-0.6,-0.6,-1.5
-0.6,-0.6,-1.5
-0.6,-0.6,-1.5
-0.6,-0.6,-1.5
-0.6,-0.6,-1.5
-0.6,-0.6,-1.5
-0.6,-0.6,-1.5
-0.6,-0.6,-1.5
-0.6,-0.6,-1.5
-0.6,-0.6,-1.5
-0.6,-0.6,-1.5
-0.6,-0.6,-1.5
-0.6,-0.6,-1.5
-0.6,-0.6,-1.5
-0.6,-0.6,-1.5
-0.6,-0.6,-1.5
-0.6,-0.6,-1.5
-0.6,-0.6,-1.5
-0.6,-0.6,-1.5
-0.6,-0.6,-1.5
-0.6,-0.6,-1.5
-0.6,-0.6,-1.5
-0.6,-0.6,-1.5
-0.6,-0.6,-1.5
-0.6,-0.6,-1.5
-0.6,-0.6,-1.5
-0.6,-0.6,-1.5
-0.6,-0.6,-1.5
-0.6,-0.6,-1.5
-0.6,-0.6,-1.5
-0.6,-0.6,-1.5
-0.6,-0.6,-1.5
-0.6,-0.6,-1.5
-0.6,-0.6,-1.5
-0.6,-0.6,-1.5
-0.6,-0.6,-1.5
-0.6,-0.6,-1.5
-0.6,-0.6,-1.5
-0.6,-0.6,-1.5
-0.6,-0.6,-1.5
-0.6,-0.6,-1.5
-0.6,-0.6,-1.5
-0.6,-0.6,-1.5
-0.6,-0.6,-1.5
-0.6,-0.6,-1.5
-0.6,-0.6,-1.5
-0.6,-0.6,-1.5
-0.6,-0.6,-1.5
-0.6,-0.6,-1.5
-0.6,-0.6,-1.5
-0.6,-0.6,-1.5
-0.6,-0.6,-1.5
-0.6,-0.6,-1.5
-0.6,-0.6,-1.5
-0.6,-0.6,-1.5
-0.6,-0.6,-1.5
-0.6,-0.6,-1.5
-0.6,-0.6,-1.5
-0.6,-0.6,-1.5
-0.6,-0.6,-1.5
-0.6,-0.6,-1.5
-0.6,-0.6,-1.5
-0.6,-0.6,-1.5
-0.6,-0.6,-1.5
-0.6,-0.6,-1.5
-0.6,-0.6,-1.5
-0.6,-0.6,-1.5
-0.6,-0.6,-1.5
-0.6,-0.6,-1.5
-0.6,-0.6,-1.5
-0.6,-0.6,-1.5
-0.6,-0.6,-1.5
-0.6,-0.6,-1.5
-0.6,-0.6,-1.5
-0.6,-0.6,-1.5
-0.6,-0.6,-1.5
-0.6,-0.6,-1.5
-0.6,-0.6,-1.5
-0.6,-0.6,-1.5
-0.6,-0.6,-1.5
-0.6,-0.6,-1.5
-0.6,-0.6,-1.5
-0.6,-0.6,-1.5
-0.6,-0.6,-1.5
-0.6,-0.6,-1.5
-0.6,-0.6,-1.5
-0.6,-0.6,-1.5
-0.6,-0.6,-1.5
-0.6,-0.6,-1.5
-0.6,-0.6,-1.5
-0.6,-0.6,-1.5
-0.6,-0.6,-1.5
-0.6,-0.6,-1.5
-0.6,-0.6,-1.5
-0.6,-0.6,-1.5
-0.6,-0.6,-1.5
-0.6,-0.6,-1.5
-0.6,-0.6,-1.5
-0.6,-0.6,-1.5
-0.6,-0.6,-1.5
-0.6,-0.6,-1.5
-0.6,-0.6,-1.5
-0.6,-0.6,-1.5
-0.6,-0.6,-1.5
-0.6,-0.6,-1.5
-0.6,-0.6,-1.5
-0.6,-0.6,-1.5
-0.6,-0.6,-1.5
-0.6,-0.6,-1.5
-0.6,-0.6,-1.5
-0.6,-0.6,-1.5
-0.6,-0.6,-1.5
-0.6,-0.6,-1.5
-0.6,-0.6,-1.5
-0.6,-0.6,-1.5
-0.6,-0.6,-1.5
-0.6,-0.6,-1.5
-0.6,-0.6,-1.5
-0.6,-0.6,-1.5
-0.6,-0.6,-1.5
-0.6,-0.6,-1.5
-0.6,-0.6,-1.5
-0.6,-0.6,-1.5
-0.6,-0.6,-1.5
-0.6,-0.6,-1.5
-0.6,-0.6,-1.5
-0.6,-0.6,-1.5
-0.6,-0.6,-1.5
-0.6,-0.6,-1.5
-0.6,-0.6,-1.5
-0.6,-0.6,-1.5
-0.6,-0.6,-1.5
-0.6,-0.6,-1.5
-0.6,-0.6,-1.5
-0.6,-0.6,-1.5
-0.6,-0.6,-1.5
-0.6,-0.6,-1.5
-0.6,-0.6,-1.5
-0.6,-0.6,-1.5
-0.6,-0.6,-1.5
-0.6,-0.6,-1.5
-0.6,-0.6,-1.5
-0.6,-0.6,-1.5
-0.6,-0.6,-1.5
-0.6,-0.6,-1.5
-0.6,-0.6,-1.5
-0.6,-0.6,-1.5
-0.6,-0.6,-1.5
-0.6,-0.6,-1.5
-0.6,-0.6,-1.5
-0.6,-0.6,-1.5
-0.6,-0.6,-1.5
-0.6,-0.6,-1.5
-0.6,-0.6,-1.5
-0.6,-0.6,-1.5
-0.6,-0.6,-1.5
-0.6,-0.6,-1.5
-0.6,-0.6,-1.5
-0.6,-0.6,-1.5
-0.6,-0.6,-1.5
-0.6,-0.6,-1.5
-0.6,-0.6,-1.5
-0.6,-0.6,-1.5
-0.6,-0.6,-1.5
-0.6,-0.6,-1.5
-0.6,-0.6,-1.5
-0.6,-0.6,-1.5
-0.6,-0.6,-1.5
-0.6,-0.6,-1.5
-0.6,-0.6,-1.5
-0.6,-0.6,-1.5
-0.6,-0.6,-1.5
-0.6,-0.6,-1.5
-0.6,-0.6,-1.5
-0.6,-0.6,-1.5
-0.6,-0.6,-1.5
-0.6,-0.6,-1.5
-0.6,-0.6,-1.5
-0.6,-0.6,-1.5
-0.6,-0.6,-1.5
-0.6,-0.6,-1.5
-0.6,-0.6,-1.5
-0.6,-0.6,-1.5
-0.6,-0.6,-1.5
-0.6,-0.6,-1.5
-0.6,-0.6,-1.5
-0.6,-0.6,-1.5
-0.6,-0.6,-1.5
-0.6,-0.6,-1.5
-0.6,-0.6,-1.5
-0.6,-0.6,-1.5
-0.6,-0.6,-1.5
-0.6,-0.6,-1.5
-0.6,-0.6,-1.5
-0.6,-0.6,-1.5
-0.6,-0.6,-1.5
-0.6,-0.6,-1.5
-0.6,-0.6,-1.5
-0.6,-0.6,-1.5
-0.6,-0.6,-1.5
-0.6,-0.6,-1.5
-0.6,-0.6,-1.5
-0.6,-0.6,-1.5
-0.6,-0.6,-1.5
-0.6,-0.6,-1.5
-0.6,-0.6,-1.5
-0.6,-0.6,-1.5
-0.6,-0.6,-1.5
-0.6,-0.6,-1.5
-0.6,-0.6,-1.5
-0.6,-0.6,-1.5
-0.6,-0.6,-1.5
-0.6,-0.6,-1.5
-0.6,-0.6,-1.5
-0.6,-0.6,-1.5
-0.6,-0.6,-1.5
-0.6,-0.6,-1.5
-0.6,-0.6,-1.5
-0.6,-0.6,-1.5
-0.6,-0.6,-1.5
-0.6,-0.6,-1.5
-0.6,-0.6,-1.5
-0.6,-0.6,-1.5
-0.6,-0.6,-1.5
-0.6,-0.6,-1.5
-0.6,-0.6,-1.5
-0.6,-0.6,-1.5
-0.6,-0.6,-1.5
-0.6,-0.6,-1.5
-0.6,-0.6,-1.5
-0.6,-0.6,-1.5
-0.6,-0.6,-1.5
-0.6,-0.6,-1.5
-0.6,-0.6,-1.5
-0.6,-0.6,-1.5
-0.6,-0.6,-1.5
-0.6,-0.6,-1.5
-0.6,-0.6,-1.5
-0.6,-0.6,-1.5
-0.6,-0.6,-1.5
-0.6,-0.6,-1.5
-0.6,-0.6,-1.5
-0.6,-0.6,-1.5
-0.6,-0.6,-1.5
-0.6,-0.6,-1.5
-0.6,-0.6,-1.5
-0.6,-0.6,-1.5
-0.6,-0.6,-1.5
-0.6,-0.6,-1.5
-0.6,-0.6,-1.5
-0.6,-0.6,-1.5
-0.6,-0.6,-1.5
-0.6,-0.6,-1.5
-0.6,-0.6,-1.5
-0.6,-0.6,-1.5
-0.6,-0.6,-1.5
-0.6,-0.6,-1.5
-0.6,-0.6,-1.5
-0.6,-0.6,-1.5
-0.6,-0.6,-1.5
-0.6,-0.6,-1.5
-0.6,-0.6,-1.5
-0.6,-0.6,-1.5
-0.6,-0.6,-1.5
-0.6,-0.6,-1.5
-0.6,-0.6,-1.5
-0.6,-0.6,-1.5
-0.6,-0.6,-1.5
-0.6,-0.6,-1.5
-0.6,-0.6,-1.5
-0.6,-0.6,-1.5
-0.6,-0.6,-1.5
-0.6,-0.6,-1.5
-0.6,-0.6,-1.5
-0.6,-0.6,-1.5
-0.6,-0.6,-1.5
-0.6,-0.6,-1.5
-0.6,-0.6,-1.5
-0.6,-0.6,-1.5
-0.6,-0.6,-1.5
-0.6,-0.6,-1.5
-0.6,-0.6,-1.5
-0.6,-0.6,-1.5
-0.6,-0.6,-1.5
-0.6,-0.6,-1.5
-0.6,-0.6,-1.5
-0.6,-0.6,-1.5
-0.6,-0.6,-1.5
-0.6,-0.6,-1.5
-0.6,-0.6,-1.5
-0.6,-0.6,-1.5
-0.6,-0.6,-1.5
-0.6,-0.6,-1.5
-0.6,-0.6,-1.5
-0.6,-0.6,-1.5
-0.6,-0.6,-1.5
-0.6,-0.6,-1.5
-0.6,-0.6,-1.5
-0.6,-0.6,-1.5
-0.6,-0.6,-1.5
-0.6,-0.6,-1.5
-0.6,-0.6,-1.5
-0.6,-0.6,-1.5
-0.6,-0.6,-1.5
-0.6,-0.6,-1.5
-0.6,-0.6,-1.5
-0.6,-0.6,-1.5
-0.6,-0.6,-1.5
-0.6,-0.6,-1.5
-0.6,-0.6,-1.5
-0.6,-0.6,-1.5
-0.6,-0.6,-1.5
-0.6,-0.6,-1.5
-0.6,-0.6,-1.5
-0.6,-0.6,-1.5
-0.6,-0.6,-1.5
-0.6,-0.6,-1.5
-0.6,-0.6,-1.5
-0.6,-0.6,-1.5
-0.6,-0.6,-1.5
-0.6,-0.6,-1.5
-0.6,-0.6,-1.5
-0.6,-0.6,-1.5
-0.6,-0.6,-1.5
-0.6,-0.6,-1.5
-0.6,-0.6,-1.5
-0.6,-0.6,-1.5
-0.6,-0.6,-1.5
-0.6,-0.6,-1.5
-0.6,-0.6,-1.5
-0.6,-0.6,-1.5
-0.6,-0.6,-1.5
-0.6,-0.6,-1.5
-0.6,-0.6,-1.5
-0.6,-0.6,-1.5
-0.6,-0.6,-1.5
-0.6,-0.6,-1.5
-0.6,-0.6,-1.5
-0.6,-0.6,-1.5
-0.6,-0.6,-1.5
-0.6,-0.6,-1.5
-0.6,-0.6,-1.5
-0.6,-0.6,-1.5
-0.6,-0.6,-1.5
-0.6,-0.6,-1.5
-0.6,-0.6,-1.5
-0.6,-0.6,-1.5
-0.6,-0.6,-1.5
-0.6,-0.6,-1.5
-0.6,-0.6,-1.5
-0.6,-0.6,-1.5
-0.6,-0.6,-1.5
-0.6,-0.6,-1.5
-0.6,-0.6,-1.5
-0.6,-0.6,-1.5
-0.6,-0.6,-1.5
-0.6,-0.6,-1.5
-0.6,-0.6,-1.5
-0.6,-0.6,-1.5
-0.6,-0.6,-1.5
-0.6,-0.6,-1.5
-0.6,-0.6,-1.5
-0.6,-0.6,-1.5
-0.6,-0.6,-1.5
-0.6,-0.6,-1.5
-0.6,-0.6,-1.5
-0.6,-0.6,-1.5
-0.6,-0.6,-1.5
-0.6,-0.6,-1.5
-0.6,-0.6,-1.5
-0.6,-0.6,-1.5
-0.6,-0.6,-1.5
-0.6,-0.6,-1.5
-0.6,-0.6,-1.5
-0.6,-0.6,-1.5
-0.6,-0.6,-1.5
-0.6,-0.6,-1.5
-0.6,-0.6,-1.5
-0.6,-0.6,-1.5
-0.6,-0.6,-1.5
-0.6,-0.6,-1.5
-0.6,-0.6,-1.5
-0.6,-0.6,-1.5
-0.6,-0.6,-1.5
-0.6,-0.6,-1.5
-0.6,-0.6,-1.5
-0.6,-0.6,-1.5
-0.6,-0.6,-1.5
-0.6,-0.6,-1.5
-0.6,-0.6,-1.5
-0.6,-0.6,-1.5
-0.6,-0.6,-1.5
-0.6,-0.6,-1.5
-0.6,-0.6,-1.5
-0.6,-0.6,-1.5
-0.6,-0.6,-1.5
-0.6,-0.6,-1.5
-0.6,-0.6,-1.5
-0.6,-0.6,-1.5
-0.6,-0.6,-1.5
-0.6,-0.6,-1.5
-0.6,-0.6,-1.5
-0.6,-0.6,-1.5
-0.6,-0.6,-1.5
-0.6,-0.6,-1.5
-0.6,-0.6,-1.5
-0.6,-0.6,-1.5
-0.6,-0.6,-1.5
-0.6,-0.6,-1.5
-0.6,-0.6,-1.5
-0.6,-0.6,-1.5
-0.6,-0.6,-1.5
-0.6,-0.6,-1.5
-0.6,-0.6,-1.5
-0.6,-0.6,-1.5
-0.6,-0.6,-1.5
-0.6,-0.6,-1.5
-0.6,-0.6,-1.5
-0.6,-0.6,-1.5
-0.6,-0.6,-1.5
-0.6,-0.6,-1.5
-0.6,-0.6,-1.5
-0.6,-0.6,-1.5
-0.6,-0.6,-1.5
-0.6,-0.6,-1.5
-0.6,-0.6,-1.5
-0.6,-0.6,-1.5
-0.6,-0.6,-1.5
-0.6,-0.6,-1.5
-0.6,-0.6,-1.5
-0.6,-0.6,-1.5
-0.6,-0.6,-1.5
-0.6,-0.6,-1.5
-0.6,-0.6,-1.5
-0.6,-0.6,-1.5
-0.6,-0.6,-1.5
-0.6,-0.6,-1.5
-0.6,-0.6,-1.5
-0.6,-0.6,-1.5
-0.6,-0.6,-1.5
-0.6,-0.6,-1.5
-0.6,-0.6,-1.5
-0.6,-0.6,-1.5
-0.6,-0.6,-1.5
-0.6,-0.6,-1.5
-0.6,-0.6,-1.5
-0.6,-0.6,-1.5
-0.6,-0.6,-1.5
-0.6,-0.6,-1.5
-0.6,-0.6,-1.5
-0.6,-0.6,-1.5
-0.6,-0.6,-1.5
-0.6,-0.6,-1.5
-0.6,-0.6,-1.5
-0.6,-0.6,-1.5
-0.6,-0.6,-1.5
-0.6,-0.6,-1.5
-0.6,-0.6,-1.5
-0.6,-0.6,-1.5
-0.6,-0.6,-1.5
-0.6,-0.6,-1.5
-0.6,-0.6,-1.5
-0.6,-0.6,-1.5
-0.6,-0.6,-1.5
-0.6,-0.6,-1.5
-0.6,-0.6,-1.5
-0.6,-0.6,-1.5
-0.6,-0.6,-1.5
-0.6,-0.6,-1.5
-0.6,-0.6,-1.5
-0.6,-0.6,-1.5
-0.6,-0.6,-1.5
-0.6,-0.6,-1.5
-0.6,-0.6,-1.5
-0.6,-0.6,-1.5
-0.6,-0.6,-1.5
-0.6,-0.6,-1.5
-0.6,-0.6,-1.5
-0.6,-0.6,-1.5
-0.6,-0.6,-1.5
-0.6,-0.6,-1.5
-0.6,-0.6,-1.5
-0.6,-0.6,-1.5
-0.6,-0.6,-1.5
-0.6,-0.6,-1.5
-0.6,-0.6,-1.5
-0.6,-0.6,-1.5
-0.6,-0.6,-1.5
-0.6,-0.6,-1.5
-0.6,-0.6,-1.5
-0.6,-0.6,-1.5
-0.6,-0.6,-1.5
-0.6,-0.6,-1.5
-0.6,-0.6,-1.5
-0.6,-0.6,-1.5
-0.6,-0.6,-1.5
-0.6,-0.6,-1.5
-0.6,-0.6,-1.5
-0.6,-0.6,-1.5
-0.6,-0.6,-1.5
-0.6,-0.6,-1.5
-0.6,-0.6,-1.5
-0.6,-0.6,-1.5
-0.6,-0.6,-1.5
-0.6,-0.6,-1.5
-0.6,-0.6,-1.5
-0.6,-0.6,-1.5
-0.6,-0.6,-1.5
-0.6,-0.6,-1.5
-0.6,-0.6,-1.5
-0.6,-0.6,-1.5
-0.6,-0.6,-1.5
-0.6,-0.6,-1.5
-0.6,-0.6,-1.5
-0.6,-0.6,-1.5
-0.6,-0.6,-1.5
-0.6,-0.6,-1.5
-0.6,-0.6,-1.5
-0.6,-0.6,-1.5
-0.6,-0.6,-1.5
-0.6,-0.6,-1.5
-0.6,-0.6,-1.5
-0.6,-0.6,-1.5
-0.6,-0.6,-1.5
-0.6,-0.6,-1.5
-0.6,-0.6,-1.5
-0.6,-0.6,-1.5
-0.6,-0.6,-1.5
-0.6,-0.6,-1.5
-0.6,-0.6,-1.5
-0.6,-0.6,-1.5
-0.6,-0.6,-1.5
-0.6,-0.6,-1.5
-0.6,-0.6,-1.5
-0.6,-0.6,-1.5
-0.6,-0.6,-1.5
-0.6,-0.6,-1.5
-0.6,-0.6,-1.5
-0.6,-0.6,-1.5
-0.6,-0.6,-1.5
-0.6,-0.6,-1.5
-0.6,-0.6,-1.5
-0.6,-0.6,-1.5
-0.6,-0.6,-1.5
-0.6,-0.6,-1.5
-0.6,-0.6,-1.5
-0.6,-0.6,-1.5
-0.6,-0.6,-1.5
-0.6,-0.6,-1.5
-0.6,-0.6,-1.5
-0.6,-0.6,-1.5
-0.6,-0.6,-1.5
-0.6,-0.6,-1.5
-0.6,-0.6,-1.5
-0.6,-0.6,-1.5
-0.6,-0.6,-1.5
-0.6,-0.6,-1.5
-0.6,-0.6,-1.5
-0.6,-0.6,-1.5
-0.6,-0.6,-1.5
-0.6,-0.6,-1.5
-0.6,-0.6,-1.5
-0.6,-0.6,-1.5
-0.6,-0.6,-1.5
-0.6,-0.6,-1.5
-0.6,-0.6,-1.5
-0.6,-0.6,-1.5
-0.6,-0.6,-1.5
-0.6,-0.6,-1.5
-0.6,-0.6,-1.5
-0.6,-0.6,-1.5
-0.6,-0.6,-1.5
-0.6,-0.6,-1.5
-0.6,-0.6,-1.5
-0.6,-0.6,-1.5
-0.6,-0.6,-1.5
-0.6,-0.6,-1.5
-0.6,-0.6,-1.5
-0.6,-0.6,-1.5
-0.6,-0.6,-1.5
-0.6,-0.6,-1.5
-0.6,-0.6,-1.5
-0.6,-0.6,-1.5
-0.6,-0.6,-1.5
-0.6,-0.6,-1.5
-0.6,-0.6,-1.5
-0.6,-0.6,-1.5
-0.6,-0.6,-1.5
-0.6,-0.6,-1.5
-0.6,-0.6,-1.5
-0.6,-0.6,-1.5
-0.6,-0.6,-1.5
-0.6,-0.6,-1.5
-0.6,-0.6,-1.5
-0.6,-0.6,-1.5
-0.6,-0.6,-1.5
-0.6,-0.6,-1.5
-0.6,-0.6,-1.5
-0.6,-0.6,-1.5
-0.6,-0.6,-1.5
-0.6,-0.6,-1.5
-0.6,-0.6,-1.5
-0.6,-0.6,-1.5
-0.6,-0.6,-1.5
-0.6,-0.6,-1.5
-0.6,-0.6,-1.5
-0.6,-0.6,-1.5
-0.6,-0.6,-1.5
-0.6,-0.6,-1.5
-0.6,-0.6,-1.5
-0.6,-0.6,-1.5
-0.6,-0.6,-1.5
-0.6,-0.6,-1.5
-0.6,-0.6,-1.5
-0.6,-0.6,-1.5
-0.6,-0.6,-1.5
-0.6,-0.6,-1.5
-0.6,-0.6,-1.5
-0.6,-0.6,-1.5
-0.6,-0.6,-1.5
-0.6,-0.6,-1.5
-0.6,-0.6,-1.5
-0.6,-0.6,-1.5
-0.6,-0.6,-1.5
-0.6,-0.6,-1.5
-0.6,-0.6,-1.5
-0.6,-0.6,-1.5
-0.6,-0.6,-1.5
-0.6,-0.6,-1.5
-0.6,-0.6,-1.5
-0.6,-0.6,-1.5
-0.6,-0.6,-1.5
-0.6,-0.6,-1.5
-0.6,-0.6,-1.5
-0.6,-0.6,-1.5
-0.6,-0.6,-1.5
-0.6,-0.6,-1.5
-0.6,-0.6,-1.5
-0.6,-0.6,-1.5
-0.6,-0.6,-1.5
-0.6,-0.6,-1.5
-0.6,-0.6,-1.5
-0.6,-0.6,-1.5
-0.6,-0.6,-1.5
-0.6,-0.6,-1.5
-0.6,-0.6,-1.5
-0.6,-0.6,-1.5
-0.6,-0.6,-1.5
-0.6,-0.6,-1.5
-0.6,-0.6,-1.5
-0.6,-0.6,-1.5
-0.6,-0.6,-1.5
-0.6,-0.6,-1.5
-0.6,-0.6,-1.5
-0.6,-0.6,-1.5
-0.6,-0.6,-1.5
-0.6,-0.6,-1.5
-0.6,-0.6,-1.5
-0.6,-0.6,-1.5
-0.6,-0.6,-1.5
-0.6,-0.6,-1.5
-0.6,-0.6,-1.5
-0.6,-0.6,-1.5
-0.6,-0.6,-1.5
-0.6,-0.6,-1.5
-0.6,-0.6,-1.5
-0.6,-0.6,-1.5
-0.6,-0.6,-1.5
-0.6,-0.6,-1.5
-0.6,-0.6,-1.5
-0.6,-0.6,-1.5
-0.6,-0.6,-1.5
-0.6,-0.6,-1.5
-0.6,-0.6,-1.5
-0.6,-0.6,-1.5
-0.6,-0.6,-1.5
-0.6,-0.6,-1.5
-0.6,-0.6,-1.5
-0.6,-0.6,-1.5
-0.6,-0.6,-1.5
-0.6,-0.6,-1.5
-0.6,-0.6,-1.5
-0.6,-0.6,-1.5
-0.6,-0.6,-1.5
-0.6,-0.6,-1.5
-0.6,-0.6,-1.5
-0.6,-0.6,-1.5
-0.6,-0.6,-1.5
-0.6,-0.6,-1.5
-0.6,-0.6,-1.5
-0.6,-0.6,-1.5
-0.6,-0.6,-1.5
-0.6,-0.6,-1.5
-0.6,-0.6,-1.5
-0.6,-0.6,-1.5
-0.6,-0.6,-1.5
-0.6,-0.6,-1.5
-0.6,-0.6,-1.5
-0.6,-0.6,-1.5
-0.6,-0.6,-1.5
-0.6,-0.6,-1.5
-0.6,-0.6,-1.5
-0.6,-0.6,-1.5
-0.6,-0.6,-1.5
-0.6,-0.6,-1.5
-0.6,-0.6,-1.5
-0.6,-0.6,-1.5
-0.6,-0.6,-1.5
-0.6,-0.6,-1.5
-0.6,-0.6,-1.5
-0.6,-0.6,-1.5
-0.6,-0.6,-1.5
-0.6,-0.6,-1.5
-0.6,-0.6,-1.5
-0.6,-0.6,-1.5
-0.6,-0.6,-1.5
-0.6,-0.6,-1.5
-0.6,-0.6,-1.5
-0.6,-0.6,-1.5
-0.6,-0.6,-1.5
-0.6,-0.6,-1.5
-0.6,-0.6,-1.5
-0.6,-0.6,-1.5
-0.6,-0.6,-1.5
-0.6,-0.6,-1.5
-0.6,-0.6,-1.5
-0.6,-0.6,-1.5
-0.6,-0.6,-1.5
-0.6,-0.6,-1.5
-0.6,-0.6,-1.5
-0.6,-0.6,-1.5
-0.6,-0.6,-1.5
-0.6,-0.6,-1.5
-0.6,-0.6,-1.5
-0.6,-0.6,-1.5
-0.6,-0.6,-1.5
-0.6,-0.6,-1.5
-0.6,-0.6,-1.5
-0.6,-0.6,-1.5
-0.6,-0.6,-1.5
-0.6,-0.6,-1.5
-0.6,-0.6,-1.5
-0.6,-0.6,-1.5
-0.6,-0.6,-1.5
-0.6,-0.6,-1.5
-0.6,-0.6,-1.5
-0.6,-0.6,-1.5
-0.6,-0.6,-1.5
-0.6,-0.6,-1.5
-0.6,-0.6,-1.5
-0.6,-0.6,-1.5
-0.6,-0.6,-1.5
-0.6,-0.6,-1.5
-0.6,-0.6,-1.5
-0.6,-0.6,-1.5
-0.6,-0.6,-1.5
-0.6,-0.6,-1.5
-0.6,-0.6,-1.5
-0.6,-0.6,-1.5
-0.6,-0.6,-1.5
-0.6,-0.6,-1.5
-0.6,-0.6,-1.5
-0.6,-0.6,-1.5
-0.6,-0.6,-1.5
-0.6,-0.6,-1.5
-0.6,-0.6,-1.5
-0.6,-0.6,-1.5
-0.6,-0.6,-1.5
-0.6,-0.6,-1.5
-0.6,-0.6,-1.5
-0.6,-0.6,-1.5
-0.6,-0.6,-1.5
-0.6,-0.6,-1.5
-0.6,-0.6,-1.5
-0.6,-0.6,-1.5
-0.6,-0.6,-1.5
-0.6,-0.6,-1.5
-0.6,-0.6,-1.5
-0.6,-0.6,-1.5
-0.6,-0.6,-1.5
-0.6,-0.6,-1.5
-0.6,-0.6,-1.5
-0.6,-0.6,-1.5
-0.6,-0.6,-1.5
-0.6,-0.6,-1.5
-0.6,-0.6,-1.5
-0.6,-0.6,-1.5
-0.6,-0.6,-1.5
-0.6,-0.6,-1.5
-0.6,-0.6,-1.5
-0.6,-0.6,-1.5
-0.6,-0.6,-1.5
-0.6,-0.6,-1.5
-0.6,-0.6,-1.5
-0.6,-0.6,-1.5
-0.6,-0.6,-1.5
-0.6,-0.6,-1.5
-0.6,-0.6,-1.5
-0.6,-0.6,-1.5
-0.6,-0.6,-1.5
-0.6,-0.6,-1.5
-0.6,-0.6,-1.5
-0.6,-0.6,-1.5
-0.6,-0.6,-1.5
-0.6,-0.6,-1.5
-0.6,-0.6,-1.5
-0.6,-0.6,-1.5
-0.6,-0.6,-1.5
-0.6,-0.6,-1.5
-0.6,-0.6,-1.5
-0.6,-0.6,-1.5
-0.6,-0.6,-1.5
-0.6,-0.6,-1.5
-0.6,-0.6,-1.5
-0.6,-0.6,-1.5
-0.6,-0.6,-1.5
-0.6,-0.6,-1.5
-0.6,-0.6,-1.5
-0.6,-0.6,-1.5
-0.6,-0.6,-1.5
-0.6,-0.6,-1.5
-0.6,-0.6,-1.5
-0.6,-0.6,-1.5
-0.6,-0.6,-1.5
-0.6,-0.6,-1.5
-0.6,-0.6,-1.5
-0.6,-0.6,-1.5
-0.6,-0.6,-1.5
-0.6,-0.6,-1.5
-0.6,-0.6,-1.5
-0.6,-0.6,-1.5
-0.6,-0.6,-1.5
-0.6,-0.6,-1.5
-0.6,-0.6,-1.5
-0.6,-0.6,-1.5
-0.6,-0.6,-1.5
-0.6,-0.6,-1.5
-0.6,-0.6,-1.5
-0.6,-0.6,-1.5
-0.6,-0.6,-1.5
-0.6,-0.6,-1.5
-0.6,-0.6,-1.5
-0.6,-0.6,-1.5
-0.6,-0.6,-1.5
-0.6,-0.6,-1.5
-0.6,-0.6,-1.5
-0.6,-0.6,-1.5
-0.6,-0.6,-1.5
-0.6,-0.6,-1.5
-0.6,-0.6,-1.5
-0.6,-0.6,-1.5
-0.6,-0.6,-1.5
-0.6,-0.6,-1.5
-0.6,-0.6,-1.5
-0.6,-0.6,-1.5
-0.6,-0.6,-1.5
-0.6,-0.6,-1.5
-0.6,-0.6,-1.5
-0.6,-0.6,-1.5
-0.6,-0.6,-1.5
-0.6,-0.6,-1.5
-0.6,-0.6,-1.5
-0.6,-0.6,-1.5
-0.6,-0.6,-1.5
-0.6,-0.6,-1.5
-0.6,-0.6,-1.5
-0.6,-0.6,-1.5
-0.6,-0.6,-1.5
-0.6,-0.6,-1.5
-0.6,-0.6,-1.5
-0.6,-0.6,-1.5
-0.6,-0.6,-1.5
-0.6,-0.6,-1.5
-0.6,-0.6,-1.5
-0.6,-0.6,-1.5
-0.6,-0.6,-1.5
-0.6,-0.6,-1.5
-0.6,-0.6,-1.5
-0.6,-0.6,-1.5
-0.6,-0.6,-1.5
-0.6,-0.6,-1.5
-0.6,-0.6,-1.5
-0.6,-0.6,-1.5
-0.6,-0.6,-1.5
-0.6,-0.6,-1.5
-0.6,-0.6,-1.5
-0.6,-0.6,-1.5
-0.6,-0.6,-1.5
-0.6,-0.6,-1.5
-0.6,-0.6,-1.5
-0.6,-0.6,-1.5
-0.6,-0.6,-1.5
-0.6,-0.6,-1.5
-0.6,-0.6,-1.5
-0.6,-0.6,-1.5
-0.6,-0.6,-1.5
-0.6,-0.6,-1.5
-0.6,-0.6,-1.5
-0.6,-0.6,-1.5
-0.6,-0.6,-1.5
-0.6,-0.6,-1.5
-0.6,-0.6,-1.5
-0.6,-0.6,-1.5
-0.6,-0.6,-1.5
-0.6,-0.6,-1.5
-0.6,-0.6,-1.5
-0.6,-0.6,-1.5
-0.6,-0.6,-1.5
-0.6,-0.6,-1.5
-0.6,-0.6,-1.5
-0.6,-0.6,-1.5
-0.6,-0.6,-1.5
-0.6,-0.6,-1.5
-0.6,-0.6,-1.5
-0.6,-0.6,-1.5
-0.6,-0.6,-1.5
-0.6,-0.6,-1.5
-0.6,-0.6,-1.5
-0.6,-0.6,-1.5
-0.6,-0.6,-1.5
-0.6,-0.6,-1.5
-0.6,-0.6,-1.5
-0.6,-0.6,-1.5
-0.6,-0.6,-1.5
-0.6,-0.6,-1.5
-0.6,-0.6,-1.5
-0.6,-0.6,-1.5
-0.6,-0.6,-1.5
-0.6,-0.6,-1.5
-0.6,-0.6,-1.5
-0.6,-0.6,-1.5
-0.6,-0.6,-1.5
-0.6,-0.6,-1.5
-0.6,-0.6,-1.5
-0.6,-0.6,-1.5
-0.6,-0.6,-1.5
-0.6,-0.6,-1.5
-0.6,-0.6,-1.5
-0.6,-0.6,-1.5
-0.6,-0.6,-1.5
-0.6,-0.6,-1.5
-0.6,-0.6,-1.5
-0.6,-0.6,-1.5
-0.6,-0.6,-1.5
-0.6,-0.6,-1.5
-0.6,-0.6,-1.5
-0.6,-0.6,-1.5
-0.6,-0.6,-1.5
-0.6,-0.6,-1.5
-0.6,-0.6,-1.5
-0.6,-0.6,-1.5
-0.6,-0.6,-1.5
-0.6,-0.6,-1.5
-0.6,-0.6,-1.5
-0.6,-0.6,-1.5
-0.6,-0.6,-1.5
-0.6,-0.6,-1.5
-0.6,-0.6,-1.5
-0.6,-0.6,-1.5
-0.6,-0.6,-1.5
-0.6,-0.6,-1.5
-0.6,-0.6,-1.5
-0.6,-0.6,-1.5
-0.6,-0.6,-1.5
-0.6,-0.6,-1.5
-0.6,-0.6,-1.5
-0.6,-0.6,-1.5
-0.6,-0.6,-1.5
-0.6,-0.6,-1.5
-0.6,-0.6,-1.5
-0.6,-0.6,-1.5
-0.6,-0.6,-1.5
-0.6,-0.6,-1.5
-0.6,-0.6,-1.5
-0.6,-0.6,-1.5
-0.6,-0.6,-1.5
-0.6,-0.6,-1.5
-0.6,-0.6,-1.5
-0.6,-0.6,-1.5
-0.6,-0.6,-1.5
-0.6,-0.6,-1.5
-0.6,-0.6,-1.5
-0.6,-0.6,-1.5
-0.6,-0.6,-1.5
-0.6,-0.6,-1.5
-0.6,-0.6,-1.5
-0.6,-0.6,-1.5
-0.6,-0.6,-1.5
-0.6,-0.6,-1.5
-0.6,-0.6,-1.5
-0.6,-0.6,-1.5
-0.6,-0.6,-1.5
-0.6,-0.6,-1.5
-0.6,-0.6,-1.5
-0.6,-0.6,-1.5
-0.6,-0.6,-1.5
-0.6,-0.6,-1.5
-0.6,-0.6,-1.5
-0.6,-0.6,-1.5
-0.6,-0.6,-1.5
-0.6,-0.6,-1.5
-0.6,-0.6,-1.5
-0.6,-0.6,-1.5
-0.6,-0.6,-1.5
-0.6,-0.6,-1.5
-0.6,-0.6,-1.5
-0.6,-0.6,-1.5
-0.6,-0.6,-1.5
-0.6,-0.6,-1.5
-0.6,-0.6,-1.5
-0.6,-0.6,-1.5
-0.6,-0.6,-1.5
-0.6,-0.6,-1.5
-0.6,-0.6,-1.5
-0.6,-0.6,-1.5
-0.6,-0.6,-1.5
-0.6,-0.6,-1.5
-0.6,-0.6,-1.5
-0.6,-0.6,-1.5
-0.6,-0.6,-1.5
-0.6,-0.6,-1.5
-0.6,-0.6,-1.5
-0.6,-0.6,-1.5
-0.6,-0.6,-1.5
-0.6,-0.6,-1.5
-0.6,-0.6,-1.5
-0.6,-0.6,-1.5
-0.6,-0.6,-1.5
-0.6,-0.6,-1.5
-0.6,-0.6,-1.5
-0.6,-0.6,-1.5
-0.6,-0.6,-1.5
-0.6,-0.6,-1.5
-0.6,-0.6,-1.5
-0.6,-0.6,-1.5
-0.6,-0.6,-1.5
-0.6,-0.6,-1.5
-0.6,-0.6,-1.5
-0.6,-0.6,-1.5
-0.6,-0.6,-1.5
-0.6,-0.6,-1.5
-0.6,-0.6,-1.5
-0.6,-0.6,-1.5
-0.6,-0.6,-1.5
-0.6,-0.6,-1.5
-0.6,-0.6,-1.5
-0.6,-0.6,-1.5
-0.6,-0.6,-1.5
-0.6,-0.6,-1.5
-0.6,-0.6,-1.5
-0.6,-0.6,-1.5
-0.6,-0.6,-1.5
-0.6,-0.6,-1.5
-0.6,-0.6,-1.5
-0.6,-0.6,-1.5
-0.6,-0.6,-1.5
-0.6,-0.6,-1.5
-0.6,-0.6,-1.5
-0.6,-0.6,-1.5
-0.6,-0.6,-1.5
-0.6,-0.6,-1.5
-0.6,-0.6,-1.5
-0.6,-0.6,-1.5
-0.6,-0.6,-1.5
-0.6,-0.6,-1.5
-0.6,-0.6,-1.5
-0.6,-0.6,-1.5
-0.6,-0.6,-1.5
-0.6,-0.6,-1.5
-0.6,-0.6,-1.5
-0.6,-0.6,-1.5
-0.6,-0.6,-1.5
-0.6,-0.6,-1.5
-0.6,-0.6,-1.5
-0.6,-0.6,-1.5
-0.6,-0.6,-1.5
-0.6,-0.6,-1.5
-0.6,-0.6,-1.5
-0.6,-0.6,-1.5
-0.6,-0.6,-1.5
-0.6,-0.6,-1.5
-0.6,-0.6,-1.5
-0.6,-0.6,-1.5
-0.6,-0.6,-1.5
-0.6,-0.6,-1.5
-0.6,-0.6,-1.5
-0.6,-0.6,-1.5
-0.6,-0.6,-1.5
-0.6,-0.6,-1.5
-0.6,-0.6,-1.5
-0.6,-0.6,-1.5
-0.6,-0.6,-1.5
-0.6,-0.6,-1.5
-0.6,-0.6,-1.5
-0.6,-0.6,-1.5
-0.6,-0.6,-1.5
-0.6,-0.6,-1.5
-0.6,-0.6,-1.5
-0.6,-0.6,-1.5
-0.6,-0.6,-1.5
-0.6,-0.6,-1.5
-0.6,-0.6,-1.5
-0.6,-0.6,-1.5
-0.6,-0.6,-1.5
-0.6,-0.6,-1.5
-0.6,-0.6,-1.5
-0.6,-0.6,-1.5
-0.6,-0.6,-1.5
-0.6,-0.6,-1.5
-0.6,-0.6,-1.5
-0.6,-0.6,-1.5
-0.6,-0.6,-1.5
-0.6,-0.6,-1.5
-0.6,-0.6,-1.5
-0.6,-0.6,-1.5
-0.6,-0.6,-1.5
-0.6,-0.6,-1.5
-0.6,-0.6,-1.5
-0.6,-0.6,-1.5
-0.6,-0.6,-1.5
-0.6,-0.6,-1.5
-0.6,-0.6,-1.5
-0.6,-0.6,-1.5
-0.6,-0.6,-1.5
-0.6,-0.6,-1.5
-0.6,-0.6,-1.5
-0.6,-0.6,-1.5
-0.6,-0.6,-1.5
-0.6,-0.6,-1.5
-0.6,-0.6,-1.5
-0.6,-0.6,-1.5
-0.6,-0.6,-1.5
-0.6,-0.6,-1.5
-0.6,-0.6,-1.5
-0.6,-0.6,-1.5
-0.6,-0.6,-1.5
-0.6,-0.6,-1.5
-0.6,-0.6,-1.5
-0.6,-0.6,-1.5
-0.6,-0.6,-1.5
-0.6,-0.6,-1.5
-0.6,-0.6,-1.5
-0.6,-0.6,-1.5
-0.6,-0.6,-1.5
-0.6,-0.6,-1.5
-0.6,-0.6,-1.5
-0.6,-0.6,-1.5
-0.6,-0.6,-1.5
-0.6,-0.6,-1.5
-0.6,-0.6,-1.5
-0.6,-0.6,-1.5
-0.6,-0.6,-1.5
-0.6,-0.6,-1.5
-0.6,-0.6,-1.5
-0.6,-0.6,-1.5
-0.6,-0.6,-1.5
-0.6,-0.6,-1.5
-0.6,-0.6,-1.5
-0.6,-0.6,-1.5
-0.6,-0.6,-1.5
-0.6,-0.6,-1.5
-0.6,-0.6,-1.5
-0.6,-0.6,-1.5
-0.6,-0.6,-1.5
-0.6,-0.6,-1.5
-0.6,-0.6,-1.5
-0.6,-0.6,-1.5
-0.6,-0.6,-1.5
-0.6,-0.6,-1.5
-0.6,-0.6,-1.5
-0.6,-0.6,-1.5
-0.6,-0.6,-1.5
-0.6,-0.6,-1.5
-0.6,-0.6,-1.5
-0.6,-0.6,-1.5
-0.6,-0.6,-1.5
-0.6,-0.6,-1.5
-0.6,-0.6,-1.5
-0.6,-0.6,-1.5
-0.6,-0.6,-1.5
-0.6,-0.6,-1.5
-0.6,-0.6,-1.5
-0.6,-0.6,-1.5
-0.6,-0.6,-1.5
-0.6,-0.6,-1.5
-0.6,-0.6,-1.5
-0.6,-0.6,-1.5
-0.6,-0.6,-1.5
-0.6,-0.6,-1.5
-0.6,-0.6,-1.5
-0.6,-0.6,-1.5
-0.6,-0.6,-1.5
-0.6,-0.6,-1.5
-0.6,-0.6,-1.5
-0.6,-0.6,-1.5
-0.6,-0.6,-1.5
-0.6,-0.6,-1.5
-0.6,-0.6,-1.5
-0.6,-0.6,-1.5
-0.6,-0.6,-1.5
-0.6,-0.6,-1.5
-0.6,-0.6,-1.5
-0.6,-0.6,-1.5
-0.6,-0.6,-1.5
-0.6,-0.6,-1.5
-0.6,-0.6,-1.5
-0.6,-0.6,-1.5
-0.6,-0.6,-1.5
-0.6,-0.6,-1.5
-0.6,-0.6,-1.5
-0.6,-0.6,-1.5
-0.6,-0.6,-1.5
-0.6,-0.6,-1.5
-0.6,-0.6,-1.5
-0.6,-0.6,-1.5
-0.6,-0.6,-1.5
-0.6,-0.6,-1.5
-0.6,-0.6,-1.5
-0.6,-0.6,-1.5
-0.6,-0.6,-1.5
-0.6,-0.6,-1.5
-0.6,-0.6,-1.5
-0.6,-0.6,-1.5
-0.6,-0.6,-1.5
-0.6,-0.6,-1.5
-0.6,-0.6,-1.5
-0.6,-0.6,-1.5
-0.6,-0.6,-1.5
-0.6,-0.6,-1.5
-0.6,-0.6,-1.5
-0.6,-0.6,-1.5
-0.6,-0.6,-1.5
-0.6,-0.6,-1.5
-0.6,-0.6,-1.5
-0.6,-0.6,-1.5
-0.6,-0.6,-1.5
-0.6,-0.6,-1.5
-0.6,-0.6,-1.5
-0.6,-0.6,-1.5
-0.6,-0.6,-1.5
-0.6,-0.6,-1.5
-0.6,-0.6,-1.5
-0.6,-0.6,-1.5
-0.6,-0.6,-1.5
-0.6,-0.6,-1.5
-0.6,-0.6,-1.5
-0.6,-0.6,-1.5
-0.6,-0.6,-1.5
-0.6,-0.6,-1.5
-0.6,-0.6,-1.5
-0.6,-0.6,-1.5
-0.6,-0.6,-1.5
-0.6,-0.6,-1.5
-0.6,-0.6,-1.5
-0.6,-0.6,-1.5
-0.6,-0.6,-1.5
-0.6,-0.6,-1.5
-0.6,-0.6,-1.5
-0.6,-0.6,-1.5
-0.6,-0.6,-1.5
-0.6,-0.6,-1.5
-0.6,-0.6,-1.5
-0.6,-0.6,-1.5
-0.6,-0.6,-1.5
-0.6,-0.6,-1.5
-0.6,-0.6,-1.5
-0.6,-0.6,-1.5
-0.6,-0.6,-1.5
-0.6,-0.6,-1.5
-0.6,-0.6,-1.5
-0.6,-0.6,-1.5
-0.6,-0.6,-1.5
-0.6,-0.6,-1.5
-0.6,-0.6,-1.5
-0.6,-0.6,-1.5
-0.6,-0.6,-1.5
-0.6,-0.6,-1.5
-0.6,-0.6,-1.5
-0.6,-0.6,-1.5
-0.6,-0.6,-1.5
-0.6,-0.6,-1.5
-0.6,-0.6,-1.5
-0.6,-0.6,-1.5
-0.6,-0.6,-1.5
-0.6,-0.6,-1.5
-0.6,-0.6,-1.5
-0.6,-0.6,-1.5
-0.6,-0.6,-1.5
-0.6,-0.6,-1.5
-0.6,-0.6,-1.5
-0.6,-0.6,-1.5
-0.6,-0.6,-1.5
-0.6,-0.6,-1.5
-0.6,-0.6,-1.5
-0.6,-0.6,-1.5
-0.6,-0.6,-1.5
-0.6,-0.6,-1.5
-0.6,-0.6,-1.5
-0.6,-0.6,-1.5
-0.6,-0.6,-1.5
-0.6,-0.6,-1.5
-0.6,-0.6,-1.5
-0.6,-0.6,-1.5
-0.6,-0.6,-1.5
-0.6,-0.6,-1.5
-0.6,-0.6,-1.5
-0.6,-0.6,-1.5
-0.6,-0.6,-1.5
-0.6,-0.6,-1.5
-0.6,-0.6,-1.5
-0.6,-0.6,-1.5
-0.6,-0.6,-1.5
-0.6,-0.6,-1.5
-0.6,-0.6,-1.5
-0.6,-0.6,-1.5
-0.6,-0.6,-1.5
-0.6,-0.6,-1.5
-0.6,-0.6,-1.5
-0.6,-0.6,-1.5
-0.6,-0.6,-1.5
-0.6,-0.6,-1.5
-0.6,-0.6,-1.5
-0.6,-0.6,-1.5
-0.6,-0.6,-1.5
-0.6,-0.6,-1.5
-0.6,-0.6,-1.5
-0.6,-0.6,-1.5
-0.6,-0.6,-1.5
-0.6,-0.6,-1.5
-0.6,-0.6,-1.5
-0.6,-0.6,-1.5
-0.6,-0.6,-1.5
-0.6,-0.6,-1.5
-0.6,-0.6,-1.5
-0.6,-0.6,-1.5
-0.6,-0.6,-1.5
-0.6,-0.6,-1.5
-0.6,-0.6,-1.5
-0.6,-0.6,-1.5
-0.6,-0.6,-1.5
-0.6,-0.6,-1.5
-0.6,-0.6,-1.5
-0.6,-0.6,-1.5
-0.6,-0.6,-1.5
-0.6,-0.6,-1.5
-0.6,-0.6,-1.5
-0.6,-0.6,-1.5
-0.6,-0.6,-1.5
-0.6,-0.6,-1.5
-0.6,-0.6,-1.5
-0.6,-0.6,-1.5
-0.6,-0.6,-1.5
-0.6,-0.6,-1.5
-0.6,-0.6,-1.5
-0.6,-0.6,-1.5
-0.6,-0.6,-1.5
-0.6,-0.6,-1.5
-0.6,-0.6,-1.5
-0.6,-0.6,-1.5
-0.6,-0.6,-1.5
-0.6,-0.6,-1.5
-0.6,-0.6,-1.5
-0.6,-0.6,-1.5
-0.6,-0.6,-1.5
-0.6,-0.6,-1.5
-0.6,-0.6,-1.5
-0.6,-0.6,-1.5
-0.6,-0.6,-1.5
-0.6,-0.6,-1.5
-0.6,-0.6,-1.5
-0.6,-0.6,-1.5
-0.6,-0.6,-1.5
-0.6,-0.6,-1.5
-0.6,-0.6,-1.5
-0.6,-0.6,-1.5
-0.6,-0.6,-1.5
-0.6,-0.6,-1.5
-0.6,-0.6,-1.5
-0.6,-0.6,-1.5
-0.6,-0.6,-1.5
-0.6,-0.6,-1.5
-0.6,-0.6,-1.5
-0.6,-0.6,-1.5
-0.6,-0.6,-1.5
-0.6,-0.6,-1.5
-0.6,-0.6,-1.5
-0.6,-0.6,-1.5
-0.6,-0.6,-1.5
-0.6,-0.6,-1.5
-0.6,-0.6,-1.5
-0.6,-0.6,-1.5
-0.6,-0.6,-1.5
-0.6,-0.6,-1.5
-0.6,-0.6,-1.5
-0.6,-0.6,-1.5
-0.6,-0.6,-1.5
-0.6,-0.6,-1.5
-0.6,-0.6,-1.5
-0.6,-0.6,-1.5
-0.6,-0.6,-1.5
-0.6,-0.6,-1.5
-0.6,-0.6,-1.5
-0.6,-0.6,-1.5
-0.6,-0.6,-1.5
-0.6,-0.6,-1.5
-0.6,-0.6,-1.5
-0.6,-0.6,-1.5
-0.6,-0.6,-1.5
-0.6,-0.6,-1.5
-0.6,-0.6,-1.5
-0.6,-0.6,-1.5
-0.6,-0.6,-1.5
-0.6,-0.6,-1.5
-0.6,-0.6,-1.5
-0.6,-0.6,-1.5
-0.6,-0.6,-1.5
-0.6,-0.6,-1.5
-0.6,-0.6,-1.5
-0.6,-0.6,-1.5
-0.6,-0.6,-1.5
-0.6,-0.6,-1.5
-0.6,-0.6,-1.5
-0.6,-0.6,-1.5
-0.6,-0.6,-1.5
-0.6,-0.6,-1.5
-0.6,-0.6,-1.5
-0.6,-0.6,-1.5
-0.6,-0.6,-1.5
-0.6,-0.6,-1.5
-0.6,-0.6,-1.5
-0.6,-0.6,-1.5
-0.6,-0.6,-1.5
-0.6,-0.6,-1.5
-0.6,-0.6,-1.5
-0.6,-0.6,-1.5
-0.6,-0.6,-1.5
-0.6,-0.6,-1.5
-0.6,-0.6,-1.5
-0.6,-0.6,-1.5
-0.6,-0.6,-1.5
-0.6,-0.6,-1.5
-0.6,-0.6,-1.5
-0.6,-0.6,-1.5
-0.6,-0.6,-1.5
-0.6,-0.6,-1.5
-0.6,-0.6,-1.5
-0.6,-0.6,-1.5
-0.6,-0.6,-1.5
-0.6,-0.6,-1.5
-0.6,-0.6,-1.5
-0.6,-0.6,-1.5
-0.6,-0.6,-1.5
-0.6,-0.6,-1.5
-0.6,-0.6,-1.5
-0.6,-0.6,-1.5
-0.6,-0.6,-1.5
-0.6,-0.6,-1.5
-0.6,-0.6,-1.5
-0.6,-0.6,-1.5
-0.6,-0.6,-1.5
-0.6,-0.6,-1.5
-0.6,-0.6,-1.5
-0.6,-0.6,-1.5
-0.6,-0.6,-1.5
-0.6,-0.6,-1.5
-0.6,-0.6,-1.5
-0.6,-0.6,-1.5
-0.6,-0.6,-1.5
-0.6,-0.6,-1.5
-0.6,-0.6,-1.5
-0.6,-0.6,-1.5
-0.6,-0.6,-1.5
-0.6,-0.6,-1.5
-0.6,-0.6,-1.5
-0.6,-0.6,-1.5
-0.6,-0.6,-1.5
-0.6,-0.6,-1.5
-0.6,-0.6,-1.5
-0.6,-0.6,-1.5
-0.6,-0.6,-1.5
-0.6,-0.6,-1.5
-0.6,-0.6,-1.5
-0.6,-0.6,-1.5
-0.6,-0.6,-1.5
-0.6,-0.6,-1.5
-0.6,-0.6,-1.5
-0.6,-0.6,-1.5
-0.6,-0.6,-1.5
-0.6,-0.6,-1.5
-0.6,-0.6,-1.5
-0.6,-0.6,-1.5
-0.6,-0.6,-1.5
-0.6,-0.6,-1.5
-0.6,-0.6,-1.5
-0.6,-0.6,-1.5
-0.6,-0.6,-1.5
-0.6,-0.6,-1.5
-0.6,-0.6,-1.5
-0.6,-0.6,-1.5
-0.6,-0.6,-1.5
-0.6,-0.6,-1.5
-0.6,-0.6,-1.5
-0.6,-0.6,-1.5
-0.6,-0.6,-1.5
-0.6,-0.6,-1.5
-0.6,-0.6,-1.5
-0.6,-0.6,-1.5
-0.6,-0.6,-1.5
-0.6,-0.6,-1.5
-0.6,-0.6,-1.5
-0.6,-0.6,-1.5
-0.6,-0.6,-1.5
-0.6,-0.6,-1.5
-0.6,-0.6,-1.5
-0.6,-0.6,-1.5
-0.6,-0.6,-1.5
-0.6,-0.6,-1.5
-0.6,-0.6,-1.5
-0.6,-0.6,-1.5
-0.6,-0.6,-1.5
-0.6,-0.6,-1.5
-0.6,-0.6,-1.5
-0.6,-0.6,-1.5
-0.6,-0.6,-1.5
-0.6,-0.6,-1.5
-0.6,-0.6,-1.5
-0.6,-0.6,-1.5
-0.6,-0.6,-1.5
-0.6,-0.6,-1.5
-0.6,-0.6,-1.5
-0.6,-0.6,-1.5
-0.6,-0.6,-1.5
-0.6,-0.6,-1.5
-0.6,-0.6,-1.5
-0.6,-0.6,-1.5
-0.6,-0.6,-1.5
-0.6,-0.6,-1.5
-0.6,-0.6,-1.5
-0.6,-0.6,-1.5
-0.6,-0.6,-1.5
-0.6,-0.6,-1.5
-0.6,-0.6,-1.5
-0.6,-0.6,-1.5
-0.6,-0.6,-1.5
-0.6,-0.6,-1.5
-0.6,-0.6,-1.5
-0.6,-0.6,-1.5
-0.6,-0.6,-1.5
-0.6,-0.6,-1.5
-0.6,-0.6,-1.5
-0.6,-0.6,-1.5
-0.6,-0.6,-1.5
-0.6,-0.6,-1.5
-0.6,-0.6,-1.5
-0.6,-0.6,-1.5
-0.6,-0.6,-1.5
-0.6,-0.6,-1.5
-0.6,-0.6,-1.5
-0.6,-0.6,-1.5
-0.6,-0.6,-1.5
-0.6,-0.6,-1.5
-0.6,-0.6,-1.5
-0.6,-0.6,-1.5
-0.6,-0.6,-1.5
-0.6,-0.6,-1.5
-0.6,-0.6,-1.5
-0.6,-0.6,-1.5
-0.6,-0.6,-1.5
-0.6,-0.6,-1.5
-0.6,-0.6,-1.5
-0.6,-0.6,-1.5
-0.6,-0.6,-1.5
-0.6,-0.6,-1.5
-0.6,-0.6,-1.5
-0.6,-0.6,-1.5
-0.6,-0.6,-1.5
-0.6,-0.6,-1.5
-0.6,-0.6,-1.5
-0.6,-0.6,-1.5
-0.6,-0.6,-1.5
-0.6,-0.6,-1.5
-0.6,-0.6,-1.5
-0.6,-0.6,-1.5
-0.6,-0.6,-1.5
-0.6,-0.6,-1.5
-0.6,-0.6,-1.5
-0.6,-0.6,-1.5
-0.6,-0.6,-1.5
-0.6,-0.6,-1.5
-0.6,-0.6,-1.5
-0.6,-0.6,-1.5
-0.6,-0.6,-1.5
-0.6,-0.6,-1.5
-0.6,-0.6,-1.5
-0.6,-0.6,-1.5
-0.6,-0.6,-1.5
-0.6,-0.6,-1.5
-0.6,-0.6,-1.5
-0.6,-0.6,-1.5
-0.6,-0.6,-1.5
-0.6,-0.6,-1.5
-0.6,-0.6,-1.5
-0.6,-0.6,-1.5
-0.6,-0.6,-1.5
-0.6,-0.6,-1.5
-0.6,-0.6,-1.5
-0.6,-0.6,-1.5
-0.6,-0.6,-1.5
-0.6,-0.6,-1.5
-0.6,-0.6,-1.5
-0.6,-0.6,-1.5
-0.6,-0.6,-1.5
-0.6,-0.6,-1.5
-0.6,-0.6,-1.5
-0.6,-0.6,-1.5
-0.6,-0.6,-1.5
-0.6,-0.6,-1.5
-0.6,-0.6,-1.5
-0.6,-0.6,-1.5
-0.6,-0.6,-1.5
-0.6,-0.6,-1.5
-0.6,-0.6,-1.5
-0.6,-0.6,-1.5
-0.6,-0.6,-1.5
-0.6,-0.6,-1.5
-0.6,-0.6,-1.5
-0.6,-0.6,-1.5
-0.6,-0.6,-1.5
-0.6,-0.6,-1.5
-0.6,-0.6,-1.5
-0.6,-0.6,-1.5
-0.6,-0.6,-1.5
-0.6,-0.6,-1.5
-0.6,-0.6,-1.5
-0.6,-0.6,-1.5
-0.6,-0.6,-1.5
-0.6,-0.6,-1.5
-0.6,-0.6,-1.5
-0.6,-0.6,-1.5
-0.6,-0.6,-1.5
-0.6,-0.6,-1.5
-0.6,-0.6,-1.5
-0.6,-0.6,-1.5
-0.6,-0.6,-1.5
-0.6,-0.6,-1.5
-0.6,-0.6,-1.5
-0.6,-0.6,-1.5
-0.6,-0.6,-1.5
-0.6,-0.6,-1.5
-0.6,-0.6,-1.5
-0.6,-0.6,-1.5
-0.6,-0.6,-1.5
-0.6,-0.6,-1.5
-0.6,-0.6,-1.5
-0.6,-0.6,-1.5
-0.6,-0.6,-1.5
-0.6,-0.6,-1.5
-0.6,-0.6,-1.5
-0.6,-0.6,-1.5
-0.6,-0.6,-1.5
-0.6,-0.6,-1.5
-0.6,-0.6,-1.5
-0.6,-0.6,-1.5
-0.6,-0.6,-1.5
-0.6,-0.6,-1.5
-0.6,-0.6,-1.5
-0.6,-0.6,-1.5
-0.6,-0.6,-1.5
-0.6,-0.6,-1.5
-0.6,-0.6,-1.5
-0.6,-0.6,-1.5
-0.6,-0.6,-1.5
-0.6,-0.6,-1.5
-0.6,-0.6,-1.5
-0.6,-0.6,-1.5
-0.6,-0.6,-1.5
-0.6,-0.6,-1.5
-0.6,-0.6,-1.5
-0.6,-0.6,-1.5
-0.6,-0.6,-1.5
-0.6,-0.6,-1.5
-0.6,-0.6,-1.5
-0.6,-0.6,-1.5
-0.6,-0.6,-1.5
-0.6,-0.6,-1.5
-0.6,-0.6,-1.5
-0.6,-0.6,-1.5
-0.6,-0.6,-1.5
-0.6,-0.6,-1.5
-0.6,-0.6,-1.5
-0.6,-0.6,-1.5
-0.6,-0.6,-1.5
-0.6,-0.6,-1.5
-0.6,-0.6,-1.5
-0.6,-0.6,-1.5
-0.6,-0.6,-1.5
-0.6,-0.6,-1.5
-0.6,-0.6,-1.5
-0.6,-0.6,-1.5
-0.6,-0.6,-1.5
-0.6,-0.6,-1.5
-0.6,-0.6,-1.5
-0.6,-0.6,-1.5
-0.6,-0.6,-1.5
-0.6,-0.6,-1.5
-0.6,-0.6,-1.5
-0.6,-0.6,-1.5
-0.6,-0.6,-1.5
-0.6,-0.6,-1.5
-0.6,-0.6,-1.5
-0.6,-0.6,-1.5
-0.6,-0.6,-1.5
-0.6,-0.6,-1.5
-0.6,-0.6,-1.5
-0.6,-0.6,-1.5
-0.6,-0.6,-1.5
-0.6,-0.6,-1.5
-0.6,-0.6,-1.5
-0.6,-0.6,-1.5
-0.6,-0.6,-1.5
-0.6,-0.6,-1.5
-0.6,-0.6,-1.5
-0.6,-0.6,-1.5
-0.6,-0.6,-1.5
-0.6,-0.6,-1.5
-0.6,-0.6,-1.5
-0.6,-0.6,-1.5
-0.6,-0.6,-1.5
-0.6,-0.6,-1.5
-0.6,-0.6,-1.5
-0.6,-0.6,-1.5
-0.6,-0.6,-1.5
-0.6,-0.6,-1.5
-0.6,-0.6,-1.5
-0.6,-0.6,-1.5
-0.6,-0.6,-1.5
-0.6,-0.6,-1.5
-0.6,-0.6,-1.5
-0.6,-0.6,-1.5
-0.6,-0.6,-1.5
-0.6,-0.6,-1.5
-0.6,-0.6,-1.5
-0.6,-0.6,-1.5
-0.6,-0.6,-1.5
-0.6,-0.6,-1.5
-0.6,-0.6,-1.5
-0.6,-0.6,-1.5
-0.6,-0.6,-1.5
-0.6,-0.6,-1.5
-0.6,-0.6,-1.5
-0.6,-0.6,-1.5
-0.6,-0.6,-1.5
-0.6,-0.6,-1.5
-0.6,-0.6,-1.5
-0.6,-0.6,-1.5
-0.6,-0.6,-1.5
-0.6,-0.6,-1.5
-0.6,-0.6,-1.5
-0.6,-0.6,-1.5
-0.6,-0.6,-1.5
-0.6,-0.6,-1.5
-0.6,-0.6,-1.5
-0.6,-0.6,-1.5
-0.6,-0.6,-1.5
-0.6,-0.6,-1.5
-0.6,-0.6,-1.5
-0.6,-0.6,-1.5
-0.6,-0.6,-1.5
-0.6,-0.6,-1.5
-0.6,-0.6,-1.5
-0.6,-0.6,-1.5
-0.6,-0.6,-1.5
-0.6,-0.6,-1.5
-0.6,-0.6,-1.5
-0.6,-0.6,-1.5
-0.6,-0.6,-1.5
-0.6,-0.6,-1.5
-0.6,-0.6,-1.5
-0.6,-0.6,-1.5
-0.6,-0.6,-1.5
-0.6,-0.6,-1.5
-0.6,-0.6,-1.5
-0.6,-0.6,-1.5
-0.6,-0.6,-1.5
-0.6,-0.6,-1.5
-0.6,-0.6,-1.5
-0.6,-0.6,-1.5
-0.6,-0.6,-1.5
-0.6,-0.6,-1.5
-0.6,-0.6,-1.5
-0.6,-0.6,-1.5
-0.6,-0.6,-1.5
-0.6,-0.6,-1.5
-0.6,-0.6,-1.5
-0.6,-0.6,-1.5
-0.6,-0.6,-1.5
-0.6,-0.6,-1.5
-0.6,-0.6,-1.5
-0.6,-0.6,-1.5
-0.6,-0.6,-1.5
-0.6,-0.6,-1.5
-0.6,-0.6,-1.5
-0.6,-0.6,-1.5
-0.6,-0.6,-1.5
-0.6,-0.6,-1.5
-0.6,-0.6,-1.5
-0.6,-0.6,-1.5
-0.6,-0.6,-1.5
-0.6,-0.6,-1.5
-0.6,-0.6,-1.5
-0.6,-0.6,-1.5
-0.6,-0.6,-1.5
-0.6,-0.6,-1.5
-0.6,-0.6,-1.5
-0.6,-0.6,-1.5
-0.6,-0.6,-1.5
-0.6,-0.6,-1.5
-0.6,-0.6,-1.5
-0.6,-0.6,-1.5
-0.6,-0.6,-1.5
-0.6,-0.6,-1.5
-0.6,-0.6,-1.5
-0.6,-0.6,-1.5
-0.6,-0.6,-1.5
-0.6,-0.6,-1.5
-0.6,-0.6,-1.5
-0.6,-0.6,-1.5
-0.6,-0.6,-1.5
-0.6,-0.6,-1.5
-0.6,-0.6,-1.5
-0.6,-0.6,-1.5
-0.6,-0.6,-1.5
-0.6,-0.6,-1.5
-0.6,-0.6,-1.5
-0.6,-0.6,-1.5
-0.6,-0.6,-1.5
-0.6,-0.6,-1.5
-0.6,-0.6,-1.5
-0.6,-0.6,-1.5
-0.6,-0.6,-1.5
-0.6,-0.6,-1.5
-0.6,-0.6,-1.5
-0.6,-0.6,-1.5
-0.6,-0.6,-1.5
-0.6,-0.6,-1.5
-0.6,-0.6,-1.5
-0.6,-0.6,-1.5
-0.6,-0.6,-1.5
-0.6,-0.6,-1.5
-0.6,-0.6,-1.5
-0.6,-0.6,-1.5
-0.6,-0.6,-1.5
-0.6,-0.6,-1.5
-0.6,-0.6,-1.5
-0.6,-0.6,-1.5
-0.6,-0.6,-1.5
-0.6,-0.6,-1.5
-0.6,-0.6,-1.5
-0.6,-0.6,-1.5
-0.6,-0.6,-1.5
-0.6,-0.6,-1.5
-0.6,-0.6,-1.5
-0.6,-0.6,-1.5
-0.6,-0.6,-1.5
-0.6,-0.6,-1.5
-0.6,-0.6,-1.5
-0.6,-0.6,-1.5
-0.6,-0.6,-1.5
-0.6,-0.6,-1.5
-0.6,-0.6,-1.5
-0.6,-0.6,-1.5
-0.6,-0.6,-1.5
-0.6,-0.6,-1.5
-0.6,-0.6,-1.5
-0.6,-0.6,-1.5
-0.6,-0.6,-1.5
-0.6,-0.6,-1.5
-0.6,-0.6,-1.5
-0.6,-0.6,-1.5
-0.6,-0.6,-1.5
-0.6,-0.6,-1.5
-0.6,-0.6,-1.5
-0.6,-0.6,-1.5
-0.6,-0.6,-1.5
-0.6,-0.6,-1.5
-0.6,-0.6,-1.5
-0.6,-0.6,-1.5
-0.6,-0.6,-1.5
-0.6,-0.6,-1.5
-0.6,-0.6,-1.5
-0.6,-0.6,-1.5
-0.6,-0.6,-1.5
-0.6,-0.6,-1.5
-0.6,-0.6,-1.5
-0.6,-0.6,-1.5
-0.6,-0.6,-1.5
-0.6,-0.6,-1.5
-0.6,-0.6,-1.5
-0.6,-0.6,-1.5
-0.6,-0.6,-1.5
-0.6,-0.6,-1.5
-0.6,-0.6,-1.5
-0.6,-0.6,-1.5
-0.6,-0.6,-1.5
-0.6,-0.6,-1.5
-0.6,-0.6,-1.5
-0.6,-0.6,-1.5
-0.6,-0.6,-1.5
-0.6,-0.6,-1.5
-0.6,-0.6,-1.5
-0.6,-0.6,-1.5
-0.6,-0.6,-1.5
-0.6,-0.6,-1.5
-0.6,-0.6,-1.5
-0.6,-0.6,-1.5
-0.6,-0.6,-1.5
-0.6,-0.6,-1.5
