x,y,z
0.0467536,-0.265434,0.0309339
-0.136768,-0.227286,0.031246
-0.0717762,-0.2203,0.0305663
-0.00940278,-0.22281,0.0310611
0.117849,-0.219044,0.0302446
-0.187451,-0.189877,0.031246
0.0574974,-0.203884,0.0311911
0.17588,-0.189745,0.031246
-0.228972,-0.141638,0.0308318
-0.125132,-0.144509,0.0309945
-0.0262739,-0.155606,0.0309005
0.0841816,-0.144583,0.0301419
0.216992,-0.140257,0.030808
-0.176022,-0.108733,0.0308887
0.0263711,-0.122012,0.0304035
0.148283,-0.132949,0.0303959
-0.255343,-0.0849264,0.0307721
-0.112541,-0.0820997,0.0301988
-0.0369272,-0.0770031,0.0309397
-0.258871,-0.0223373,0.0306989
-0.194757,-0.0492543,0.0310522
-0.078017,-0.0305614,0.030767
0.0103444,-0.0366708,0.0309793
0.0956433,-0.0424629,0.0306401
0.20709,-0.0557997,0.0306201
0.266771,-0.0337664,0.0305611
-0.193605,0.0131935,0.0308412
-0.133275,-0.00219941,0.030888
0.167862,-0.00823181,0.0301676
-0.255789,0.040222,0.031246
0.0110617,0.0379529,0.0306944
0.071949,0.0573402,0.031246
0.265565,0.0329094,0.0311447
-0.20326,0.0843113,0.0305307
-0.146628,0.0586383,0.0308688
-0.0428696,0.0690145,0.0310381
0.139218,0.0874274,0.0304745
0.212076,0.0651905,0.0312178
-0.166342,0.134396,0.0308872
-0.0618209,0.128295,0.0310119
0.0139527,0.1004,0.031246
0.0732293,0.120274,0.0308764
0.240104,0.120904,0.0308128
-0.228191,0.142505,0.0309928
-0.00774562,0.159479,0.030572
0.138661,0.149804,0.031101
0.206655,0.173205,0.0312452
-0.186669,0.193313,0.0312471
-0.123114,0.179472,0.0312323
-0.061695,0.190778,0.0311443
0.051185,0.178564,0.03037
-0.0978284,0.250943,0.0309468
-0.00777042,0.228402,0.030542
0.107318,0.246469,0.0311479
0.160994,0.215254,0.031747
0.046602,0.259601,0.0308315
0.0146868,-0.18079,0.0699397
0.12098,-0.172259,0.0695013
-0.0724275,-0.122043,0.0550609
0.0573277,-0.0784258,0.0622198
0.149189,-0.0684574,0.0493511
0.253596,-0.0923209,0.047187
-0.0384255,0.0100119,0.0550822
0.0554137,0.000461881,0.051566
0.115398,0.0111688,0.0537994
0.221843,-0.00173367,0.05926
-0.0928067,0.0392831,0.0537616
0.164813,0.0447931,0.0663309
-0.252664,0.0948261,0.0658106
-0.111156,0.101904,0.0587514
0.103899,0.191852,0.0611574
-0.143731,0.227216,0.0658225
-0.0458985,0.265807,0.0618147
-0.0618019,-0.261807,0.0748076
-0.00031746,-0.269681,0.0711744
0.0911408,-0.2541,0.0728279
-0.109016,-0.229465,0.0980629
0.145737,-0.226449,0.0853887
-0.167914,-0.21083,0.0913951
-0.0620686,-0.179284,0.0759215
0.0714069,-0.199782,0.093978
-0.211391,-0.16712,0.0843443
-0.122254,-0.169455,0.0877805
0.213606,-0.164422,0.0873316
-0.243696,-0.113729,0.0843786
-0.127521,-0.107438,0.0839966
-0.0142677,-0.113514,0.0754828
0.0554086,-0.136179,0.0832608
0.111846,-0.110907,0.0753225
0.177762,-0.11432,0.0808906
0.243776,-0.113189,0.104892
-0.187274,-0.0888498,0.0881911
-0.0808112,-0.0663112,0.0813109
0.209122,-0.0626229,0.0917641
-0.263648,-0.0541251,0.0838108
-0.143703,-0.0482915,0.0709791
-0.0216593,-0.0465072,0.0831324
0.0987164,-0.0341394,0.0923445
0.266504,-0.0395113,0.091566
-0.269334,0.00786716,0.0834907
-0.213121,-0.0174823,0.08107
-0.160018,0.0186498,0.0830454
-0.104316,-0.00654094,0.0943042
0.00999937,0.00630239,0.0931743
0.166507,-0.0169801,0.0912345
-0.215202,0.046757,0.0785475
0.116308,0.0454586,0.105115
0.268207,0.0224663,0.0925115
-0.167979,0.0883076,0.0807921
-0.118511,0.0610857,0.106108
-0.0615632,0.0794556,0.0894324
-0.000780318,0.068311,0.083086
0.058373,0.0678583,0.102347
0.204138,0.0722613,0.103404
0.257137,0.0807233,0.0741738
-0.0225299,0.127248,0.0813533
0.0396502,0.124038,0.0832208
0.105632,0.101943,0.0801981
0.175448,0.117928,0.0710904
-0.225196,0.146876,0.0927256
-0.141997,0.152681,0.0844508
-0.0799822,0.157144,0.0827545
0.231381,0.137992,0.0901652
-0.185605,0.19462,0.0985248
-0.0115817,0.194201,0.0812237
0.0493622,0.185099,0.0905773
0.161075,0.177777,0.0820266
-0.0838279,0.21902,0.0820435
0.0740251,0.241867,0.0836288
0.135465,0.233086,0.095856
0.0152805,0.268426,0.0834603
-0.0323674,-0.2671,0.128837
0.0455486,-0.265957,0.112965
0.00542171,-0.219083,0.117492
0.107095,-0.246378,0.132309
0.160393,-0.216495,0.144699
-0.191856,-0.188734,0.145359
-0.0546449,-0.208774,0.129392
-0.230063,-0.140552,0.138638
-0.16785,-0.139523,0.117699
-0.0230156,-0.15657,0.11884
0.036679,-0.167456,0.13272
0.100021,-0.145968,0.12553
0.159125,-0.162734,0.115046
-0.0805381,-0.1333,0.115973
0.0234222,-0.102977,0.123314
0.191302,-0.101246,0.140102
-0.255882,-0.08395,0.137486
-0.135169,-0.0848783,0.141221
-0.0390808,-0.0878905,0.126166
0.0851422,-0.0855769,0.124989
0.144479,-0.0716414,0.111553
-0.268523,-0.0229132,0.137234
-0.174707,-0.0401354,0.123465
-0.0864655,-0.0459608,0.13909
-0.010639,-0.0354591,0.143343
0.0407896,-0.0443632,0.11104
0.203586,-0.0405721,0.14853
-0.221376,0.0166309,0.132567
-0.16187,0.015678,0.145128
-0.0481429,0.00687841,0.116404
0.0683068,0.0101769,0.124188
0.213033,0.0132112,0.11887
-0.0036709,0.0409685,0.142621
-0.262709,0.0597105,0.116244
0.104111,0.0943223,0.141223
0.16033,0.0701136,0.146603
-0.243857,0.112918,0.141237
-0.18293,0.121133,0.130401
-0.120911,0.124181,0.13512
-0.0589424,0.125253,0.131515
0.01088,0.101102,0.134221
0.159427,0.132332,0.129723
0.251275,0.0977861,0.133493
0.00749397,0.162963,0.130553
0.104184,0.155385,0.111854
-0.112097,0.18542,0.128323
-0.0508561,0.194587,0.128678
0.0752381,0.200605,0.143256
0.143546,0.192217,0.14321
0.202394,0.177687,0.128602
-0.103757,0.248308,0.132811
0.0172549,0.224199,0.127205
-0.0328293,0.266889,0.122425
0.0648342,0.261351,0.141682
-0.0888623,-0.254832,0.151203
0.0157644,-0.268441,0.167334
-0.144264,-0.227202,0.149161
0.0547032,-0.221687,0.155446
-0.0141895,-0.213901,0.175999
0.108212,-0.192052,0.166224
-0.116884,-0.171038,0.150026
-0.00155877,-0.149688,0.176704
0.158726,-0.143477,0.172034
0.217699,-0.157343,0.149267
-0.158344,-0.133429,0.177889
-0.0821899,-0.10042,0.168641
0.0603221,-0.123115,0.168881
0.24753,-0.105061,0.166078
-0.195803,-0.0910257,0.151894
-0.00181753,-0.0876684,0.176406
0.0524095,-0.0587312,0.170035
0.148655,-0.0709257,0.173778
-0.217056,-0.0349087,0.167755
-0.157432,-0.0441118,0.182839
0.105898,-0.0297115,0.154226
0.265768,-0.0435571,0.153115
-0.0544373,-0.00861935,0.176273
0.030775,-0.000654649,0.173784
0.159084,0.00274712,0.149551
0.215819,0.0118111,0.180004
-0.267367,0.0299346,0.171549
-0.101372,0.0210479,0.15024
0.052156,0.056341,0.163081
0.110958,0.0377774,0.166547
0.266149,0.0401315,0.151757
-0.207324,0.0681487,0.165019
-0.145164,0.0731713,0.161116
-0.0594047,0.0663754,0.150208
0.213917,0.073958,0.177458
-0.0200516,0.136007,0.178333
0.0596058,0.135983,0.151379
0.235136,0.132154,0.181858
-0.206549,0.173521,0.153427
-0.138817,0.170608,0.18748
-0.0777659,0.164128,0.1759
0.0277075,0.174494,0.187888
0.116749,0.14546,0.174848
-0.160792,0.215892,0.151508
-0.0185892,0.215054,0.177192
0.116899,0.241918,0.169902
-0.0594248,0.262381,0.177708
0.00955328,0.269289,0.169609
-0.0432947,-0.266191,0.192227
0.0409001,-0.266551,0.223363
-0.11891,-0.241367,0.203778
0.0929841,-0.2533,0.192376
0.146958,-0.225188,0.204166
-0.158802,-0.192054,0.198538
-0.0736977,-0.201908,0.188226
-0.028562,-0.178002,0.224894
0.0322902,-0.205902,0.215339
0.194875,-0.185316,0.200261
-0.2129,-0.158162,0.195611
-0.0977268,-0.147472,0.205414
0.0776714,-0.164467,0.211978
0.138568,-0.166642,0.225869
-0.0421605,-0.119225,0.211541
0.112511,-0.113748,0.201076
0.17667,-0.113246,0.221483
0.237562,-0.126361,0.223886
-0.25104,-0.0976922,0.197259
-0.192635,-0.0859887,0.214022
-0.132043,-0.0976101,0.219904
0.0567657,-0.0913148,0.222123
0.261122,-0.0648575,0.210806
-0.267574,-0.0245928,0.202796
-0.199198,-0.0250512,0.225196
-0.0979968,-0.0496873,0.200039
-0.0372769,-0.0550626,0.212716
0.0223686,-0.0391705,0.222202
0.0866871,-0.0313654,0.213635
0.199574,-0.0572709,0.207342
-0.137517,0.0117526,0.201769
0.146918,-0.0183343,0.206776
0.269625,-0.0037303,0.206575
-0.0940014,0.0560547,0.200632
-0.0206291,0.0261901,0.214381
0.041267,0.0441341,0.223094
0.162479,0.0413788,0.201355
0.263572,0.0576206,0.211033
-0.258635,0.0748866,0.213404
-0.169499,0.0642534,0.217772
0.00101145,0.0792423,0.191329
0.134574,0.0916964,0.22618
-0.235994,0.130847,0.199672
-0.175663,0.12038,0.191593
-0.114265,0.114352,0.195967
-0.0566356,0.103336,0.215258
0.0270442,0.124204,0.225223
0.0796646,0.0989516,0.197445
0.173851,0.123805,0.189902
-0.200958,0.179379,0.215146
-0.0966389,0.194406,0.226574
-0.0373804,0.17707,0.221533
0.0802172,0.202723,0.203416
0.141836,0.197192,0.205457
0.199168,0.18104,0.190651
-0.11611,0.242522,0.193229
0.0188405,0.222277,0.226382
0.0611606,0.261965,0.203917
-0.151676,-0.221864,0.252709
-0.0971943,-0.251576,0.260517
-0.0389769,-0.235156,0.245821
0.0983992,-0.216582,0.242238
-0.198981,-0.181329,0.251466
-0.0892134,-0.191367,0.248451
0.162421,-0.214944,0.262711
-0.142982,-0.15528,0.247043
0.0207207,-0.140796,0.233914
0.192132,-0.161246,0.257735
-0.235414,-0.131069,0.247293
0.0876143,-0.128733,0.260435
-0.260841,-0.0659439,0.249519
-0.0784279,-0.0850488,0.248208
-0.00279195,-0.0865753,0.254226
0.122113,-0.0716144,0.245671
0.184206,-0.0713336,0.265444
-0.142238,-0.0407297,0.242883
-0.269196,-0.00530459,0.262211
-0.165728,0.0161095,0.256998
-0.0829337,0.00195836,0.229702
0.0667409,0.0027372,0.26144
0.199154,-0.00299566,0.237117
0.253545,0.00869844,0.265231
-0.220354,0.0324529,0.234943
-0.0610654,0.0543734,0.252664
0.106484,0.0361539,0.228287
0.155799,0.0423161,0.265621
0.209201,0.0580555,0.238105
-0.120778,0.0721025,0.255952
-0.00288346,0.0755367,0.253495
0.0669215,0.0891544,0.257752
-0.100109,0.132583,0.253553
-0.0393359,0.134209,0.265296
0.181613,0.105364,0.264942
0.242651,0.115424,0.24093
-0.224766,0.14158,0.259255
-0.161015,0.144465,0.246677
0.0101983,0.171727,0.261474
0.0837966,0.148793,0.2319
0.143503,0.150086,0.246152
0.0649578,0.20173,0.262868
0.187064,0.19344,0.250605
-0.156716,0.218423,0.233186
-0.109621,0.245109,0.263441
-0.051182,0.236616,0.232965
0.113442,0.244454,0.233128
-0.000457816,0.269823,0.260863
-0.0509489,-0.264716,0.299189
0.00504189,-0.269491,0.273219
0.069825,-0.259598,0.277328
0.121173,-0.236813,0.303205
-0.016105,-0.185415,0.285277
0.0543817,-0.180785,0.267664
0.120047,-0.176002,0.284277
-0.219548,-0.154956,0.303946
-0.056734,-0.141771,0.267134
-0.249558,-0.100579,0.299771
-0.19035,-0.0982851,0.275087
-0.128711,-0.104943,0.280638
0.0345026,-0.122958,0.291808
0.147099,-0.120693,0.27493
0.233231,-0.135986,0.296162
0.102964,-0.0871612,0.302875
0.255619,-0.08577,0.267902
-0.218147,-0.0359662,0.282391
-0.104245,-0.0480517,0.290822
-0.0480322,-0.0347316,0.268469
0.00148876,-0.0465732,0.303879
0.0543997,-0.0564876,0.272962
0.148828,-0.0203901,0.268599
0.208194,-0.0224759,0.29485
-0.110149,0.0165487,0.282402
-0.0513347,0.0170191,0.300649
0.00188465,0.00280929,0.26694
-0.263289,0.0559358,0.27318
-0.20552,0.0368379,0.300481
0.0368336,0.047075,0.29243
0.0991692,0.0470237,0.290967
0.209483,0.0392849,0.297009
-0.191755,0.0897369,0.270281
-0.0747027,0.0928728,0.299005
0.259744,0.0701211,0.279485
-0.140982,0.114832,0.296662
0.00954566,0.117519,0.297061
0.118913,0.108474,0.285735
0.0629968,0.145452,0.288659
0.2207,0.153595,0.28482
-0.187828,0.192284,0.280301
-0.125787,0.184191,0.279548
-0.0437011,0.197123,0.280067
0.113466,0.180794,0.295731
0.116945,0.242446,0.294282
-0.0558429,0.263549,0.288479
0.0600722,0.262313,0.273723
-0.000698369,-0.269727,0.334912
0.0748282,-0.258052,0.339232
-0.0382917,-0.215498,0.335056
0.0290782,-0.222654,0.30615
-0.177441,-0.202559,0.305734
-0.0938371,-0.211526,0.307356
0.137403,-0.177131,0.343736
0.193225,-0.186733,0.314779
-0.129983,-0.160942,0.307854
-0.059315,-0.157266,0.327247
0.00733109,-0.165801,0.339478
0.0745689,-0.172789,0.325686
-0.17406,-0.127396,0.336408
-0.0739621,-0.0993076,0.308671
-0.0142187,-0.102899,0.324046
0.179815,-0.126908,0.326417
-0.203083,-0.0726591,0.330412
-0.141214,-0.0745548,0.332528
0.0497833,-0.0730235,0.332063
0.158036,-0.06481,0.321245
0.218649,-0.079445,0.315966
-0.26605,-0.0418988,0.321967
-0.158879,-0.0217632,0.305408
-0.054885,-0.0407186,0.329354
0.0996985,-0.0253769,0.305733
0.266356,-0.0402517,0.308458
-0.213793,-0.0119703,0.33855
-0.10683,-0.00809132,0.337978
-0.00340437,0.00734701,0.337027
0.161899,0.00793609,0.322041
0.268143,0.0195118,0.324618
-0.267852,0.0205186,0.32446
-0.178202,0.0863173,0.33927
-0.123591,0.0618867,0.321991
-0.0168453,0.0657183,0.31629
0.0685421,0.0925939,0.320483
0.150429,0.0686348,0.321991
0.257462,0.0780638,0.341293
-0.246923,0.106145,0.306349
0.203212,0.101635,0.323215
-0.19503,0.140225,0.313186
-0.14214,0.163294,0.335127
-0.0792742,0.154209,0.308031
-0.0201122,0.163549,0.326258
0.163371,0.146396,0.306985
0.206424,0.173986,0.341849
0.0331849,0.193194,0.315063
0.168519,0.210034,0.307786
-0.151467,0.222617,0.320932
-0.0893622,0.2192,0.316372
0.081857,0.222445,0.340178
-0.0214532,0.268158,0.339522
0.0397629,0.266496,0.332375
-0.083312,-0.256205,0.3511
-0.139189,-0.23126,0.345274
0.127592,-0.236952,0.364597
-0.200779,-0.179276,0.35831
-0.105279,-0.18256,0.360917
0.0440725,-0.209468,0.364854
0.180654,-0.19982,0.381692
0.230871,-0.138905,0.360066
-0.108437,-0.121459,0.355287
-0.00643357,-0.122248,0.381784
0.0517625,-0.127222,0.360371
0.113467,-0.12091,0.354218
-0.254411,-0.0896065,0.360619
-0.0567625,-0.0891651,0.367401
0.10754,-0.0591024,0.357526
0.192349,-0.0816787,0.370317
0.256249,-0.0822873,0.36515
-0.167169,-0.0356184,0.372035
-0.102859,-0.050461,0.382999
-0.00304979,-0.0572798,0.36528
0.159909,-0.0284555,0.371618
0.225891,-0.0276565,0.354133
-0.0488092,-0.00556987,0.379728
0.0543982,-0.012718,0.345677
-0.216655,0.0441075,0.364118
-0.160754,0.0216107,0.349945
-0.0724348,0.0446547,0.351805
-0.0169044,0.0561263,0.376865
0.0407691,0.0475619,0.354725
0.106903,0.0203929,0.346931
0.151831,0.0443565,0.382786
0.208997,0.0411997,0.358393
0.0936248,0.0740644,0.373961
-0.233842,0.134701,0.360269
-0.168953,0.13406,0.382258
-0.10572,0.115062,0.348301
-0.0436027,0.110995,0.349636
0.026312,0.132616,0.354169
0.125189,0.119185,0.347121
0.175875,0.136059,0.378767
0.239288,0.122916,0.379693
0.0802586,0.161388,0.34484
-0.196075,0.184389,0.357134
-0.0899219,0.178825,0.363498
0.139206,0.179418,0.35346
-0.115587,0.242523,0.368073
-0.0545964,0.227823,0.371552
0.00615986,0.215462,0.365675
0.130959,0.236316,0.374886
-0.0340255,-0.266693,0.387443
0.0344075,-0.2673,0.385586
0.0889713,-0.254334,0.411982
-0.0732157,-0.219462,0.399682
-0.165755,-0.212516,0.397533
-0.0123693,-0.207475,0.390838
-0.152032,-0.15266,0.38902
-0.05424,-0.16135,0.389143
0.0322928,-0.162541,0.406894
0.0915121,-0.174945,0.385735
0.174431,-0.138249,0.386445
-0.229815,-0.13649,0.392459
-0.088692,-0.11583,0.413233
0.0848942,-0.118821,0.411969
0.243848,-0.112739,0.418289
-0.208556,-0.073275,0.399788
-0.14918,-0.0910471,0.391916
-0.0273811,-0.0786243,0.420756
0.0557691,-0.0669801,0.393423
0.138935,-0.089396,0.401579
-0.266771,-0.0422159,0.398057
0.261468,-0.0472092,0.416103
-0.215386,-0.00961598,0.400241
0.0192288,0.00315503,0.394102
0.0902119,-0.0151952,0.396747
0.211107,0.00207933,0.406407
0.26933,0.006175,0.385181
-0.268397,0.0197899,0.388534
-0.170979,0.0312618,0.410803
-0.11383,0.0205178,0.391208
0.0653673,0.0380052,0.414795
-0.256588,0.0843731,0.387681
-0.198365,0.0858871,0.406624
-0.13801,0.0779289,0.386305
-0.0772925,0.0882313,0.396894
0.0396364,0.0922221,0.398515
0.197526,0.0830816,0.402524
0.258824,0.0651926,0.402436
-0.019175,0.110932,0.406796
0.0873032,0.131398,0.397914
0.137939,0.0987443,0.409656
-0.214907,0.162127,0.412473
-0.111828,0.13946,0.404987
-0.032788,0.171169,0.386096
0.0353314,0.165804,0.405919
0.214486,0.162595,0.420237
-0.144278,0.190734,0.39112
-0.0771041,0.197577,0.421353
0.0915217,0.193806,0.395865
0.17303,0.206866,0.409151
-0.0702438,0.259649,0.422041
0.00501834,0.269869,0.395446
0.0680176,0.25947,0.387676
-0.0605303,-0.261916,0.443741
0.00153283,-0.269663,0.438262
-0.122143,-0.239565,0.432776
0.0376031,-0.220788,0.425256
0.143808,-0.227836,0.423249
-0.153744,-0.177058,0.446225
-0.0379508,-0.200101,0.446837
0.0907689,-0.196331,0.444236
-0.213733,-0.164673,0.445195
-0.0925225,-0.172913,0.437043
-0.0242897,-0.139671,0.43886
0.142584,-0.1666,0.430065
0.212045,-0.165749,0.427455
-0.250115,-0.0993593,0.438431
-0.178821,-0.113868,0.441449
0.0274156,-0.105898,0.432776
-0.125742,-0.0822584,0.448616
0.097202,-0.0626083,0.439932
-0.254755,-0.0215462,0.455778
-0.144906,-0.0220713,0.427969
0.04553,-0.0279648,0.440791
0.185011,-0.0522375,0.42265
-0.195704,-0.0011864,0.457758
-0.0833551,-0.0159042,0.430634
-0.0222368,-0.0164391,0.434667
0.0976281,0.00306897,0.455541
0.151886,-0.000444645,0.426146
0.262932,0.0122472,0.446885
-0.244436,0.0494358,0.438052
-0.123206,0.0367058,0.449798
-0.0527886,0.037992,0.423909
0.00677289,0.0544494,0.433623
0.149071,0.0554566,0.451641
0.210834,0.0466011,0.449984
0.0773215,0.0874082,0.44895
-0.243016,0.113906,0.440135
-0.1209,0.0982353,0.449532
-0.0660267,0.127011,0.444512
0.0207979,0.111873,0.454482
0.182769,0.119059,0.451002
0.244187,0.112058,0.44092
-0.165846,0.140811,0.444357
-0.0142279,0.16112,0.44369
0.0707888,0.149151,0.454158
0.136052,0.159191,0.425414
-0.177951,0.202229,0.442017
0.0659438,0.210226,0.448988
-0.127769,0.236969,0.429394
0.00788914,0.217111,0.427604
0.121392,0.239815,0.436338
-0.0178462,0.268498,0.453786
0.0431779,0.266622,0.443811
-0.0244099,-0.26826,0.494354
0.0575259,-0.263109,0.465226
-0.148886,-0.223769,0.48734
-0.0871334,-0.21852,0.479749
0.0100989,-0.219171,0.479805
0.115482,-0.243455,0.476137
0.0678349,-0.211774,0.500153
0.179033,-0.201386,0.466542
-0.116919,-0.166174,0.493856
-0.0414961,-0.160379,0.494839
0.0500684,-0.154218,0.464929
0.170508,-0.14083,0.478677
0.232478,-0.13717,0.478971
-0.212901,-0.125317,0.492483
-0.152202,-0.10882,0.497675
-0.0797368,-0.115566,0.474575
0.00381396,-0.117669,0.489994
0.109389,-0.130174,0.467533
-0.258533,-0.0731611,0.495664
-0.206315,-0.0623223,0.463124
-0.0133407,-0.0594302,0.477564
0.0483749,-0.0745778,0.482171
0.150948,-0.0846096,0.46214
0.217459,-0.0787403,0.466832
-0.141978,-0.0371886,0.487475
-0.0819704,-0.0521936,0.480299
0.0976857,-0.040862,0.499634
0.266461,-0.0419064,0.477702
0.0335315,-0.0168771,0.500619
0.149136,0.00659908,0.490426
0.202123,-0.011821,0.465635
-0.26778,0.0222323,0.498419
-0.156755,0.0218957,0.499453
-0.0719963,0.0204881,0.479881
-0.0105952,0.021386,0.482058
0.0493966,0.0368576,0.474674
-0.255837,0.0836156,0.492528
-0.187853,0.0603382,0.462235
-0.0447146,0.0757007,0.472773
0.261195,0.065831,0.478843
-0.0925481,0.119907,0.500392
-0.0314509,0.131612,0.495803
0.126248,0.113729,0.476122
-0.217397,0.158764,0.474442
0.20997,0.168732,0.48221
-0.121332,0.180844,0.462135
-0.0386561,0.212153,0.467974
0.0263252,0.180488,0.486225
0.162875,0.20797,0.470411
-0.132604,0.23478,0.491597
0.0273237,0.241322,0.498119
-0.0760647,0.258179,0.484095
0.0872317,0.255841,0.485925
-0.0770237,-0.257928,0.526245
0.0316757,-0.266991,0.521746
0.0976327,-0.251141,0.537571
-0.195428,-0.184603,0.501486
-0.0326569,-0.214683,0.523869
0.129894,-0.190181,0.502608
0.203898,-0.176546,0.517456
0.0205802,-0.171061,0.516756
0.0818981,-0.15394,0.517375
0.153757,-0.14616,0.538116
-0.0998613,-0.122531,0.533191
0.0601513,-0.100468,0.537658
0.193496,-0.100846,0.520061
-0.197288,-0.0743229,0.52377
-0.109924,-0.0623845,0.534502
-0.0504798,-0.0864877,0.521073
0.0077581,-0.0692815,0.534203
0.118772,-0.0965181,0.51833
0.254251,-0.0911255,0.514921
-0.0424806,-0.0201414,0.515836
0.158096,-0.050205,0.5128
0.218729,-0.0413016,0.516525
-0.222492,-0.0187718,0.5109
-0.10601,-0.00131033,0.525603
0.268016,0.0119969,0.509129
-0.211169,0.0447266,0.518052
-0.0305807,0.0409795,0.537244
0.0947845,0.0197892,0.515248
0.208499,0.0310389,0.510327
-0.141841,0.081911,0.505156
-0.0885619,0.0591523,0.526806
0.010522,0.0756617,0.503344
0.0780378,0.0788195,0.51025
0.150952,0.0687596,0.511384
-0.198445,0.106382,0.500759
0.179804,0.123918,0.512944
0.24113,0.118655,0.502951
-0.149515,0.144673,0.504583
0.0157675,0.142419,0.533851
0.0741087,0.139962,0.514587
0.13449,0.166474,0.508083
-0.180944,0.198552,0.503861
-0.0840854,0.199128,0.508864
-0.0235975,0.189081,0.522401
0.0818537,0.199668,0.507155
0.182604,0.197525,0.532309
0.134617,0.233827,0.519281
-0.025617,0.267254,0.518869
-0.0202827,-0.268198,0.556264
-0.131879,-0.235042,0.546403
0.0193707,-0.217572,0.55767
-0.179646,-0.201117,0.572218
0.108851,-0.187532,0.56114
0.173923,-0.205567,0.563491
-0.179558,-0.140744,0.542884
-0.127922,-0.173453,0.554514
-0.0666761,-0.171618,0.550597
0.0513431,-0.165893,0.569906
-0.242899,-0.114854,0.545815
-0.0185727,-0.133336,0.546179
0.104914,-0.126195,0.570474
0.170046,-0.10177,0.577376
0.233125,-0.135482,0.55323
-0.149179,-0.094135,0.571233
0.225278,-0.0754229,0.56756
-0.266186,-0.0413917,0.548932
-0.20883,-0.0475525,0.578629
-0.167908,-0.0222325,0.540851
-0.038162,-0.0498072,0.569801
0.0603688,-0.0402997,0.549729
0.120273,-0.0269216,0.555866
0.267665,-0.0329164,0.552184
-0.23078,0.00902002,0.56608
-0.0671516,0.00480588,0.573501
0.00401154,-0.00724223,0.55475
0.181386,-0.00924769,0.55282
-0.140132,0.0407295,0.556106
0.0425579,0.0384763,0.541341
0.13689,0.0324302,0.559231
0.239106,0.0209329,0.563664
-0.262665,0.0593826,0.549032
-0.00229364,0.0902673,0.561648
0.0878485,0.0668287,0.573421
0.198151,0.0775875,0.550351
0.257064,0.0806839,0.567259
-0.236564,0.129774,0.542388
-0.167975,0.108709,0.554668
-0.103773,0.107674,0.567752
0.0597221,0.121399,0.571983
0.118929,0.110869,0.543648
-0.12273,0.166623,0.556589
-0.0635243,0.149476,0.546359
0.0880871,0.175816,0.563554
0.161312,0.148526,0.56695
0.221114,0.152985,0.549869
-0.199257,0.176413,0.558561
0.0330902,0.201228,0.545404
-0.151822,0.22181,0.5531
-0.0854,0.249928,0.545244
-0.0176546,0.227084,0.570361
0.0254826,0.268044,0.553877
0.0858385,0.255234,0.550681
-0.0846466,-0.255099,0.587908
0.0514913,-0.264722,0.580879
-0.138666,-0.23136,0.608449
-0.035785,-0.216196,0.586021
0.128019,-0.237746,0.590195
-0.090481,-0.19318,0.603321
0.0428212,-0.212414,0.615186
-0.219686,-0.155699,0.587456
-0.159303,-0.147933,0.601318
-0.0396922,-0.157081,0.60454
0.148744,-0.158851,0.598788
0.209748,-0.169646,0.599664
-0.199316,-0.101246,0.607859
-0.101397,-0.134223,0.617405
-0.0626289,-0.105144,0.579468
0.0237687,-0.11286,0.585961
0.243065,-0.115662,0.61117
-0.257099,-0.0812652,0.596078
-0.0968296,-0.0692472,0.616284
0.0911399,-0.069749,0.594223
-0.267855,-0.0207922,0.607865
-0.160604,-0.0540961,0.617776
-0.12119,-0.0243543,0.581174
0.0322034,-0.0323078,0.604118
0.149245,-0.0509484,0.604852
0.267604,-0.0258869,0.613394
-0.175039,0.00700648,0.594344
-0.0178598,0.00407124,0.611338
0.0772464,0.00713753,0.585582
-0.266707,0.0416941,0.608253
0.0237148,0.0483058,0.599333
0.187507,0.0355351,0.594928
0.266597,0.0361568,0.617447
-0.200821,0.0619098,0.579503
-0.144913,0.079268,0.604172
-0.0553904,0.0631377,0.589947
0.151259,0.0859751,0.589756
0.210008,0.0907747,0.610417
-0.25007,0.0997243,0.594983
-0.0409448,0.122662,0.596953
0.0172449,0.113224,0.615593
0.105543,0.12072,0.614153
-0.221099,0.1521,0.611351
-0.159308,0.145631,0.603694
-0.00132371,0.16956,0.586575
0.0541662,0.166973,0.614954
0.22264,0.151134,0.611438
-0.176046,0.205168,0.608223
-0.0752601,0.198129,0.583606
0.126545,0.179758,0.611358
0.183826,0.197361,0.596517
-0.116148,0.242656,0.599112
0.0554993,0.226895,0.597496
0.135423,0.233318,0.581475
-0.0580712,0.263205,0.599805
0.00244661,0.269606,0.611066
-0.0234296,-0.267862,0.618402
0.0285485,-0.267644,0.652251
0.085824,-0.255218,0.631883
-0.0687094,-0.234315,0.64434
-0.191349,-0.189309,0.63403
-0.131154,-0.184644,0.649218
-0.0127051,-0.207556,0.643184
0.101385,-0.192611,0.622974
0.169613,-0.209673,0.626852
-0.229539,-0.140518,0.647082
0.0278899,-0.161942,0.654825
0.0723528,-0.137946,0.620595
-0.137041,-0.098568,0.652903
-0.00936976,-0.115415,0.638384
0.126024,-0.107436,0.628987
0.18575,-0.123484,0.63328
0.0465577,-0.0835924,0.635383
0.259077,-0.0731032,0.652628
-0.216263,-0.0381329,0.639437
-0.0200652,-0.0555791,0.627997
0.102419,-0.0225399,0.634462
0.210475,-0.0496015,0.621848
-0.163456,-0.00470554,0.654317
-0.0732761,-0.0140283,0.632645
0.0518264,0.0129346,0.642168
0.171538,-0.00466301,0.63932
-0.215743,0.0240687,0.636549
-0.120625,0.0237683,0.619099
-0.0474411,0.0390525,0.653064
0.121335,0.0390709,0.618013
0.213889,0.039617,0.650859
-0.197299,0.0931903,0.633313
-0.0975708,0.0748327,0.643844
0.00835139,0.0669256,0.656194
0.0706017,0.0724376,0.632638
0.163496,0.0763144,0.649397
0.255377,0.0859403,0.652719
-0.144438,0.116497,0.656628
-0.0947299,0.133327,0.623969
-0.0434868,0.10132,0.654467
0.165112,0.133956,0.627187
-0.0163509,0.156213,0.64493
-0.120914,0.188351,0.62771
-0.0345403,0.213398,0.628433
0.0238358,0.208922,0.649838
0.167589,0.192656,0.65668
-0.0842954,0.243258,0.652877
0.104566,0.232565,0.635636
0.0523901,0.264323,0.64716
-0.026874,-0.267641,0.68072
-0.121722,-0.24052,0.675053
0.0331695,-0.215405,0.684517
0.0965157,-0.25148,0.69285
-0.17372,-0.206341,0.6912
0.0876168,-0.185015,0.683274
0.163783,-0.213455,0.688553
-0.172493,-0.146203,0.674809
-0.0698937,-0.170181,0.657662
-0.0189536,-0.166023,0.694938
0.140996,-0.162829,0.660417
0.206281,-0.173904,0.662054
-0.0667319,-0.103607,0.658579
0.0265569,-0.10924,0.687938
0.0887913,-0.121205,0.676962
0.178121,-0.127252,0.694809
0.238685,-0.124358,0.681541
-0.256241,-0.0846137,0.657659
-0.196013,-0.0893965,0.668707
0.166783,-0.0718406,0.659886
-0.268079,-0.0249303,0.670188
-0.115359,-0.0417004,0.669143
-0.0458821,-0.0417546,0.68111
0.0517581,-0.0389278,0.677254
-0.213624,-0.0036171,0.691198
-0.106501,0.0192345,0.679713
-0.00174659,0.000779572,0.671361
0.238136,-0.0152652,0.66659
-0.266228,0.0405139,0.670578
-0.209087,0.0581248,0.688009
-0.153777,0.0555537,0.661017
0.0991176,0.0362312,0.674822
0.157828,0.02966,0.688805
0.0573101,0.076767,0.692916
0.115125,0.0974596,0.682112
-0.247276,0.106518,0.666373
-0.19313,0.117802,0.695287
-0.0965338,0.124756,0.696033
0.0480552,0.131153,0.665426
0.16973,0.126932,0.688799
-0.204392,0.175654,0.666092
-0.142051,0.16568,0.694512
0.104109,0.15774,0.664177
0.230357,0.139534,0.671264
-0.0718391,0.176968,0.662109
-0.0301556,0.212768,0.690557
0.0658667,0.196761,0.694345
-0.158749,0.217775,0.666843
0.134158,0.234098,0.690292
-0.0144731,0.268838,0.670548
0.0416079,-0.266607,0.717918
-0.0972512,-0.251042,0.730807
-0.0540474,-0.216477,0.702331
-0.109784,-0.18952,0.70731
0.201497,-0.178623,0.723704
-0.210048,-0.168975,0.731829
0.0397973,-0.162327,0.716065
0.123705,-0.148015,0.720511
-0.239965,-0.121265,0.705429
-0.181699,-0.110569,0.725301
-0.119417,-0.128808,0.702601
-0.0319416,-0.107366,0.710291
-0.233082,-0.0595053,0.708521
-0.0861052,-0.0772249,0.711058
0.0702553,-0.0929912,0.72812
0.127855,-0.0828676,0.70698
0.216638,-0.0655853,0.696209
-0.168361,-0.0444194,0.701527
0.00473111,-0.0574234,0.713574
0.106505,-0.0203222,0.699128
0.167141,-0.0290351,0.702984
0.26669,-0.0354777,0.718114
-0.269041,0.00716158,0.723208
-0.112497,-0.0150734,0.731514
-0.0487614,0.0132119,0.710346
0.0483097,0.0167298,0.704407
0.211231,0.0125118,0.715179
-0.160072,0.0206494,0.712373
-0.000873896,0.0525235,0.715845
0.266568,0.0393261,0.709162
-0.257792,0.0776142,0.720302
-0.142386,0.0863877,0.71325
-0.0740737,0.0681747,0.700956
0.147177,0.0741119,0.734285
0.198903,0.0732443,0.700543
-0.015922,0.11158,0.7077
0.0814264,0.136073,0.717311
0.251623,0.0995533,0.71346
-0.21073,0.167993,0.727246
-0.051151,0.160855,0.71738
0.0107471,0.167079,0.699382
-0.16631,0.21169,0.728356
0.139509,0.176408,0.711355
0.201139,0.179517,0.70774
-0.108901,0.218188,0.704539
-0.0637874,0.261311,0.70909
0.0196524,0.267795,0.722686
0.0780694,0.257388,0.702998
-0.0424432,-0.266186,0.755519
-0.150606,-0.223027,0.746432
-0.00165375,-0.223776,0.735213
0.133961,-0.234041,0.73906
-0.0974119,-0.188189,0.768176
0.0689977,-0.213705,0.735419
-0.150239,-0.161524,0.745243
-0.049464,-0.154262,0.747623
0.00678833,-0.171393,0.767578
0.065538,-0.140402,0.768281
0.156928,-0.172612,0.766622
0.226722,-0.14459,0.769022
-0.239778,-0.100545,0.764291
-0.102432,-0.12533,0.761071
0.0148231,-0.108696,0.751085
0.118024,-0.102314,0.765466
-0.135548,-0.0712739,0.74617
-0.0500138,-0.0940941,0.769304
0.176835,-0.0939977,0.74666
0.251271,-0.0974755,0.73644
-0.266089,-0.0442784,0.758488
-0.194945,-0.0561271,0.756617
-0.0476736,-0.0392715,0.742172
0.0612348,-0.0328637,0.738985
0.139333,-0.0450517,0.755177
0.204886,-0.0385465,0.750153
-0.21135,0.017462,0.7483
-0.15495,0.00826932,0.773339
-0.0652511,0.0146168,0.77035
0.00270737,-0.00297574,0.741963
0.155533,0.0139837,0.748785
0.269678,0.00796025,0.762866
-0.266164,0.0448482,0.772243
-0.113449,0.0513974,0.755447
0.0516201,0.0534629,0.773311
0.0982841,0.0353456,0.736838
0.200794,0.054582,0.759601
-0.19633,0.0798941,0.744827
-0.0423998,0.0786869,0.753603
0.0954741,0.0947335,0.761065
0.260036,0.0693675,0.767304
-0.23932,0.122794,0.758757
-0.16093,0.135682,0.745854
-0.103862,0.113089,0.756906
0.0343571,0.103678,0.741515
0.144073,0.132871,0.75505
0.20412,0.127228,0.740718
-0.00983386,0.142506,0.761529
-0.117618,0.180003,0.753224
0.0302187,0.189993,0.753061
0.0920901,0.187124,0.750164
0.176418,0.203586,0.75909
-0.0847998,0.233026,0.760679
-0.0207153,0.225322,0.750445
0.0620898,0.24255,0.760746
0.125003,0.238681,0.755999
0.0165815,-0.268306,0.774791
0.0897008,-0.254083,0.778372
-0.112534,-0.244226,0.790583
0.148184,-0.225237,0.798594
-0.188312,-0.191984,0.785499
-0.0404184,-0.209568,0.781887
0.0421084,-0.212336,0.796804
0.0990887,-0.190656,0.784412
-0.220461,-0.142654,0.806058
-0.0684862,-0.149209,0.807136
-0.159373,-0.113673,0.783152
-0.011143,-0.125597,0.804961
0.164673,-0.121319,0.80108
-0.203791,-0.0826068,0.812174
0.0636148,-0.0741109,0.78662
0.134817,-0.0657924,0.81311
0.205394,-0.0752884,0.798526
-0.152837,-0.0476109,0.800992
-0.093452,-0.044785,0.783016
-0.0272614,-0.0256783,0.798814
0.033775,-0.0203814,0.792133
0.0954295,-0.0207528,0.790674
0.259698,-0.0517691,0.777879
-0.26882,-0.0108451,0.810752
-0.206994,-0.0169096,0.803471
0.157367,-0.00785179,0.807242
0.216419,0.0043996,0.792604
-0.212591,0.044884,0.802722
-0.109785,0.0267697,0.812245
-0.00165626,0.0305051,0.794304
0.123328,0.0434406,0.793514
-0.167208,0.0863112,0.799403
-0.0532811,0.0595435,0.811932
0.00828175,0.0918418,0.79581
-0.0568483,0.120123,0.797269
0.183295,0.102963,0.793036
-0.155057,0.146633,0.80657
0.0572639,0.142188,0.782188
0.113235,0.159579,0.801695
0.211114,0.162962,0.791464
-0.191313,0.189452,0.782005
-0.0591317,0.177861,0.774932
0.00480305,0.180655,0.808729
0.0651577,0.198814,0.804872
-0.142889,0.228576,0.783264
-0.0392177,0.22387,0.809403
0.0974232,0.251583,0.810494
0.152159,0.22189,0.813081
0.0108179,0.268825,0.784528
-0.0587326,-0.262568,0.815558
-0.00762908,-0.269243,0.850207
0.0499566,-0.265318,0.82693
-0.126176,-0.237906,0.850654
0.0996179,-0.229669,0.836471
-0.135362,-0.186383,0.817245
-0.0765646,-0.205367,0.832465
-0.0195186,-0.180352,0.833146
0.0660255,-0.176271,0.841748
0.172698,-0.176483,0.82654
-0.166878,-0.13729,0.839254
0.106103,-0.137404,0.815026
0.230502,-0.139186,0.830732
-0.247597,-0.105772,0.848488
-0.106958,-0.0986356,0.81617
0.0472941,-0.119951,0.824656
-0.0510209,-0.0744864,0.828287
0.0105743,-0.0697761,0.820952
0.256435,-0.0831706,0.831623
-0.10753,-0.0350918,0.842138
0.0627379,-0.0444285,0.843907
0.208516,-0.0317849,0.842283
-0.158814,0.00052598,0.839741
-0.059692,0.00502112,0.841442
0.0097324,-0.0116804,0.848037
0.111156,-0.00541301,0.848608
0.268065,-0.0166643,0.828652
-0.265728,0.0465858,0.834178
0.0609898,0.0227738,0.825578
0.191722,0.0504778,0.825056
0.254181,0.0441017,0.824108
-0.107509,0.0890864,0.814803
0.0361207,0.0740049,0.849974
0.14176,0.0861937,0.835201
-0.248198,0.103597,0.817004
-0.0235115,0.102987,0.846708
0.0331295,0.134394,0.838179
0.0834516,0.101965,0.821308
0.246856,0.106327,0.815789
-0.110898,0.140909,0.848606
-0.051603,0.168537,0.836033
0.165172,0.146363,0.832098
0.222892,0.151358,0.851693
-0.190301,0.189767,0.84411
-0.104486,0.191994,0.814248
0.108431,0.198453,0.849639
-0.142418,0.229377,0.845732
0.0415762,0.245795,0.836824
-0.0909202,0.254138,0.82158
-0.0146529,0.269483,0.841447
-0.0734144,-0.258823,0.876076
0.0482803,-0.265445,0.888801
0.0231506,-0.216414,0.860465
0.153918,-0.220632,0.866011
-0.176565,-0.203457,0.861325
-0.0325984,-0.214099,0.887652
-0.218317,-0.157964,0.866521
-0.107465,-0.146607,0.855635
0.0164341,-0.146824,0.871732
0.122418,-0.167407,0.866964
0.207304,-0.173085,0.876804
-0.19584,-0.10461,0.887243
-0.0416943,-0.127971,0.859023
0.140549,-0.108711,0.857041
-0.150676,-0.0781304,0.854564
-0.0892202,-0.0881906,0.874774
0.0169069,-0.0847199,0.880566
0.0785891,-0.0971152,0.873394
0.200057,-0.0912582,0.858137
-0.265466,-0.0474275,0.861028
-0.20208,-0.0430804,0.859778
-0.068547,-0.0319192,0.890012
0.155403,-0.0499034,0.869826
0.263793,-0.052903,0.884697
-0.269079,0.0174959,0.888584
-0.215448,0.0173488,0.857752
-0.110379,0.0176554,0.874975
0.0531738,0.012496,0.885474
0.168833,0.0101176,0.865913
0.268108,0.0191388,0.879636
-0.0157944,0.0431965,0.862831
0.0945276,0.0581678,0.86374
-0.254684,0.0890756,0.877764
-0.199379,0.0773149,0.853044
-0.13914,0.0719215,0.865546
-0.0767555,0.0724794,0.868116
0.195408,0.0973268,0.865116
0.255593,0.0856858,0.874189
-0.168256,0.127901,0.868331
-0.0627774,0.131004,0.884436
-0.227981,0.143038,0.860336
-0.00758353,0.157797,0.877886
0.112422,0.137866,0.862818
-0.142717,0.181551,0.88344
0.0163946,0.21464,0.88411
0.182637,0.198016,0.861766
-0.0980082,0.250921,0.883191
-0.0436687,0.223261,0.870987
0.0917236,0.253831,0.872276
-0.0147711,-0.268616,0.91197
-0.143305,-0.228015,0.90925
0.127714,-0.237219,0.919902
-0.0931902,-0.195404,0.891695
0.0789665,-0.210659,0.891687
0.175448,-0.197205,0.922663
-0.226767,-0.145528,0.926377
-0.157896,-0.152639,0.89859
-0.0298686,-0.15779,0.912228
0.0381861,-0.174417,0.923263
0.0962794,-0.151959,0.921203
-0.0919661,-0.135422,0.914353
0.0478886,-0.112818,0.926382
0.176976,-0.127341,0.903623
0.239843,-0.122494,0.89278
-0.253204,-0.0928677,0.908819
-0.137743,-0.0929065,0.913299
-0.0354647,-0.09618,0.912094
0.124619,-0.0967851,0.915301
0.18696,-0.0683247,0.920198
-0.267014,-0.0344395,0.921906
-0.197514,-0.0529691,0.920795
-0.143525,-0.0331394,0.896734
0.0421899,-0.0416516,0.917838
0.0999653,-0.0431536,0.896489
-0.217021,0.00567388,0.918227
-0.0116415,-0.0142171,0.905699
0.111783,0.017114,0.906481
0.168636,0.0136498,0.929728
0.215549,-0.0163972,0.901434
-0.157384,0.0204001,0.924952
-0.0561417,0.0292289,0.908045
0.0125478,0.0399637,0.924203
0.212773,0.0447602,0.892991
-0.110214,0.0609401,0.919468
-0.0484291,0.0882397,0.926108
0.00677778,0.0965288,0.900036
0.0754588,0.0723871,0.920842
0.150844,0.0631661,0.892179
0.192313,0.091319,0.929019
-0.236085,0.130012,0.92041
-0.176476,0.114013,0.92797
-0.119588,0.130054,0.9092
0.0600849,0.126267,0.893191
0.125723,0.113495,0.918644
0.234798,0.132524,0.909845
0.0287581,0.169378,0.925747
0.125956,0.175387,0.922833
0.171881,0.14637,0.893738
-0.20123,0.178994,0.904388
-0.0838049,0.187396,0.900345
0.0747608,0.20223,0.901146
0.184615,0.195603,0.929621
-0.140711,0.229484,0.923472
0.142405,0.228914,0.897645
-0.0169998,0.268404,0.904107
0.0446493,0.265894,0.910812
-0.0714,-0.259018,0.938532
0.0470981,-0.26569,0.950506
-0.123402,-0.239178,0.966918
-0.00388704,-0.215702,0.943221
-0.187241,-0.192955,0.935751
-0.124605,-0.179489,0.943455
-0.0634718,-0.19764,0.946392
0.0807348,-0.214015,0.953379
0.132441,-0.181291,0.962698
0.218955,-0.156148,0.940697
-0.17642,-0.121824,0.951506
-0.0119159,-0.125843,0.961913
0.180837,-0.112888,0.963419
-0.0851716,-0.0688088,0.936436
0.0842691,-0.0698788,0.953372
0.245708,-0.0801433,0.937822
-0.00781088,-0.0566582,0.951034
0.12519,-0.0230822,0.954929
-0.268589,0.0136593,0.96077
-0.102249,-0.00379923,0.932794
-0.0460311,-0.0078234,0.957145
0.0645878,0.00914542,0.945506
0.216718,-0.00644266,0.962274
0.269277,-0.0143059,0.932369
-0.0714368,0.0481605,0.96632
0.259476,0.0477837,0.934347
-0.260081,0.0703082,0.936881
-0.200304,0.0597179,0.942722
0.134308,0.0622149,0.951937
-0.0973368,0.104959,0.961194
0.0259455,0.114803,0.956028
0.24886,0.102336,0.96268
-0.211756,0.166584,0.964337
-0.153554,0.16928,0.94378
-0.0563,0.151194,0.942029
0.0801843,0.143375,0.948674
0.218372,0.156702,0.964809
-0.0989275,0.192447,0.960163
0.0657519,0.203801,0.96218
0.00844708,0.225395,0.944608
0.09902,0.250321,0.937203
0.142439,0.218988,0.969277
-0.0688959,0.259746,0.937208
-0.00989722,-0.269531,0.973986
-0.0531097,-0.233165,0.996706
0.0715912,-0.248365,1.00466
0.130104,-0.236619,0.989355
-0.170546,-0.20855,0.993886
-0.0981618,-0.191975,0.997834
-0.0242114,-0.179091,0.991238
0.0337522,-0.200812,0.991326
0.189941,-0.190432,0.983898
-0.213377,-0.164127,0.98415
-0.142174,-0.148568,0.995215
-0.073334,-0.140853,0.97265
0.0637732,-0.149056,0.974284
-0.244417,-0.104054,0.969671
0.11984,-0.121935,0.97121
0.240359,-0.119181,0.986272
-0.127752,-0.0916092,0.975135
-0.05102,-0.0838502,0.986168
0.0339929,-0.0905591,0.983076
0.124387,-0.068267,1.00076
-0.266005,-0.0443806,0.983166
-0.205043,-0.0569797,0.981497
-0.102922,-0.035492,0.985645
0.0510893,-0.0315755,0.989518
0.17917,-0.0513414,0.97962
0.265558,-0.0470992,0.986507
-0.209754,0.00668637,0.979829
-0.148038,0.00656846,0.98511
0.00813042,0.011584,0.979125
0.164287,0.00771163,0.992658
0.269282,0.0151264,0.986635
0.104886,0.0241013,0.990352
0.212779,0.0536669,0.976871
-0.262349,0.059452,1.00207
-0.198408,0.0783076,1.00064
-0.145101,0.0667894,0.970829
-0.0140484,0.0709139,0.975216
0.0473639,0.0604161,0.974638
-0.243522,0.114597,0.9799
-0.159227,0.125261,0.987763
-0.061678,0.135282,1.00108
0.112044,0.108503,0.988737
0.186634,0.108702,0.988541
-0.00594122,0.163144,0.976069
0.0800134,0.162778,1.00679
0.14942,0.156769,0.976556
-0.171283,0.185953,1.00728
-0.0431402,0.211101,0.976658
0.0203572,0.211393,1.00397
-0.136633,0.23287,0.986827
-0.079695,0.25677,0.998012
-0.0216096,0.268448,0.978312
0.0466786,0.265677,0.973057
0.0190625,-0.268608,1.02894
-0.122671,-0.239425,1.02939
0.0220491,-0.176406,1.04718
0.0937834,-0.190662,1.00947
0.166318,-0.21157,1.03759
-0.183458,-0.166727,1.03832
0.157461,-0.146859,1.01438
0.217353,-0.158009,1.02951
-0.194016,-0.110933,1.00985
-0.144751,-0.112148,1.04734
-0.0429499,-0.131239,1.02535
0.0158627,-0.115594,1.03672
0.0816514,-0.109067,1.01845
0.247369,-0.106213,1.04694
-0.256997,-0.0807954,1.03274
-0.0955089,-0.0782666,1.02917
0.0488687,-0.0631798,1.04315
0.191869,-0.0951827,1.02118
-0.228646,-0.0257523,1.02925
-0.155662,-0.0577914,1.0189
-0.00340444,-0.0503629,1.01252
0.0962321,-0.0226688,1.03004
0.162639,-0.0355076,1.03777
-0.269591,0.01632,1.04652
-0.172727,-0.00194458,1.04138
-0.0538377,-0.01543,1.01803
-0.00194392,0.00278029,1.04696
0.218798,0.0109943,1.02172
-0.150753,0.0558944,1.03298
-0.0983368,0.0275591,1.0171
0.0518924,0.021622,1.02168
0.264935,0.049566,1.03748
-0.0507916,0.0672558,1.02543
0.0105847,0.0632245,1.03931
0.0929736,0.0644448,1.03925
0.149292,0.0649527,1.01231
0.207321,0.0735304,1.03574
-0.249159,0.102067,1.04516
-0.106483,0.0981694,1.02254
-0.00480059,0.118275,1.01726
0.0555181,0.106917,1.01491
0.237912,0.125645,1.01982
-0.221113,0.152694,1.02376
-0.139888,0.147646,1.04453
-0.0294016,0.171633,1.03887
0.0311774,0.161556,1.04431
0.168877,0.140249,1.03936
-0.0855906,0.198901,1.02087
0.130635,0.191555,1.02411
0.190345,0.190425,1.00897
-0.0339256,0.233428,1.03374
0.0806102,0.233656,1.01428
0.0167488,0.268681,1.02764
-0.0667351,-0.260806,1.05018
0.041614,-0.266316,1.08667
-0.0174624,-0.223794,1.04922
0.11418,-0.243699,1.04932
-0.162483,-0.21483,1.07196
-0.0642313,-0.184071,1.04946
0.0691871,-0.21213,1.07776
0.195551,-0.184906,1.08582
-0.124372,-0.171921,1.04957
-0.0229804,-0.152663,1.08318
0.080039,-0.15612,1.05739
0.14011,-0.159875,1.07381
-0.233605,-0.135266,1.05056
-0.0877855,-0.125422,1.06737
0.0811607,-0.0998697,1.08184
0.135749,-0.10194,1.05176
0.193584,-0.123597,1.07576
-0.201199,-0.0728585,1.05849
-0.0388514,-0.0774092,1.05526
0.212016,-0.0599995,1.06818
-0.266526,-0.0372416,1.07727
-0.114402,-0.0225677,1.04826
0.266631,-0.0377936,1.04799
-0.0621338,-0.00613422,1.07881
0.0531279,-0.00959298,1.07336
0.109533,0.0170765,1.07462
0.228331,-0.00167634,1.08098
-0.215757,0.0441869,1.04837
-0.0883319,0.0525109,1.07295
-0.0276848,0.0455662,1.08436
0.168221,0.0247181,1.05525
-0.131102,0.096797,1.0796
0.157045,0.0872498,1.07017
0.252928,0.0940351,1.07806
-0.187673,0.108799,1.05265
-0.0305743,0.10644,1.07127
0.0320163,0.108566,1.07611
0.106521,0.124173,1.0487
-0.0801402,0.141826,1.0599
0.133234,0.16913,1.08175
-0.192496,0.18792,1.06589
-0.0629255,0.203253,1.08
0.0796573,0.195443,1.06347
0.190854,0.189534,1.07076
-0.146183,0.225689,1.04821
-0.0916407,0.253779,1.05848
0.0193761,0.218868,1.06505
0.122242,0.240497,1.0597
-0.0372606,0.266832,1.08579
0.0640216,0.261417,1.06754
-0.0210399,-0.268688,1.09177
-0.110873,-0.244831,1.09034
-0.0535942,-0.217545,1.10102
0.0954796,-0.252651,1.1163
0.148392,-0.224126,1.09758
0.00660661,-0.203658,1.10295
-0.208628,-0.170746,1.09536
-0.153828,-0.164183,1.12369
-0.0965537,-0.174076,1.10364
0.0375213,-0.149785,1.10127
0.0955587,-0.166923,1.11658
-0.178408,-0.11297,1.0998
-0.115013,-0.115661,1.12248
-0.0539684,-0.106947,1.11482
0.00383899,-0.0983248,1.09483
0.243239,-0.105681,1.10913
-0.252522,-0.0950553,1.09328
-0.20635,-0.0610593,1.11928
-0.0884079,-0.0618013,1.08903
0.158368,-0.0674212,1.09849
-0.150109,-0.0536857,1.08813
-0.0102294,-0.0374618,1.09365
0.046298,-0.0574772,1.11081
0.103251,-0.0427013,1.08802
0.266704,-0.0406408,1.11024
-0.269199,0.00763264,1.12006
-0.213201,-0.00745643,1.08854
-0.1192,0.00693608,1.10217
0.17243,-0.00762586,1.1078
-0.170714,0.0378188,1.08887
0.0422401,0.0488841,1.09105
0.205979,0.0545132,1.0951
0.266396,0.0407484,1.10705
-0.259871,0.0603794,1.08929
-0.207062,0.0875948,1.10806
-0.0690267,0.0918487,1.11728
-0.00317766,0.088004,1.12333
0.114502,0.0659479,1.11056
0.130834,0.123761,1.12412
-0.228746,0.142308,1.08791
-0.167885,0.14233,1.10011
-0.063194,0.154011,1.1184
-0.00526172,0.158432,1.09498
0.0772648,0.147746,1.10326
0.226186,0.146279,1.09665
-0.116448,0.176729,1.09626
0.0443194,0.19832,1.1183
-0.161399,0.215902,1.11167
-0.107783,0.246578,1.11755
-0.0146005,0.217828,1.11626
0.0941751,0.235372,1.11501
0.153887,0.221016,1.10918
0.0229113,0.267744,1.11418
-0.0778311,-0.25728,1.14262
0.0147637,-0.268316,1.14227
-0.148066,-0.224663,1.13519
-0.0263049,-0.220187,1.15699
-0.203876,-0.177028,1.15768
-0.0949699,-0.199645,1.15958
0.0566069,-0.209978,1.13852
0.116317,-0.210328,1.15693
0.178206,-0.201794,1.14755
-0.047518,-0.164155,1.13938
0.0120824,-0.169527,1.15486
0.219449,-0.156168,1.13714
-0.236743,-0.125776,1.14452
0.052589,-0.108723,1.14478
0.113381,-0.109901,1.13395
0.174388,-0.115193,1.13362
-0.152324,-0.0724364,1.14705
-0.0154569,-0.0702628,1.14623
0.258266,-0.0753328,1.16143
-0.264229,-0.0541523,1.13861
-0.102599,-0.0356577,1.14344
0.0954705,-0.0524078,1.14847
0.156046,-0.0503072,1.16103
0.209629,-0.0525163,1.12991
-0.168609,-0.0137167,1.13375
-0.0102001,0.0113286,1.13329
0.0505578,-0.00062651,1.1344
0.111335,0.00881019,1.13602
0.221287,0.014135,1.14007
-0.211048,0.0317497,1.13716
-0.120994,0.0289187,1.16247
-0.068852,0.0308623,1.12819
0.0289851,0.0511224,1.16139
-0.260378,0.067146,1.15107
-0.152104,0.0741007,1.13366
0.0604651,0.0940955,1.12946
0.148139,0.0763588,1.16104
0.252539,0.0951197,1.14023
-0.238384,0.125278,1.14698
-0.177609,0.12468,1.15844
-0.117889,0.12626,1.13287
0.190234,0.105749,1.12626
0.0321602,0.145834,1.14956
0.176155,0.166411,1.12688
0.224982,0.147189,1.16043
-0.203538,0.177081,1.13727
-0.144481,0.177223,1.15647
-0.0676945,0.210282,1.14669
0.116385,0.182258,1.13985
-0.0405836,0.266277,1.14772
-0.0112725,-0.269323,1.19793
0.0685375,-0.260356,1.17213
-0.109739,-0.245884,1.19771
0.025697,-0.21978,1.19136
-0.161632,-0.206729,1.19261
-0.124338,-0.147217,1.17552
-0.0511279,-0.16716,1.20109
0.0705112,-0.160346,1.17314
0.14237,-0.154891,1.16802
0.210784,-0.167557,1.19852
-0.180925,-0.121352,1.17158
-0.051728,-0.111252,1.17617
0.00941613,-0.11666,1.18751
0.0987328,-0.102662,1.19427
0.209898,-0.107709,1.18316
-0.0789111,-0.0593105,1.19489
-0.206565,-0.04579,1.17973
-0.0122221,-0.0225789,1.18513
0.0383652,-0.0544894,1.1716
0.210318,-0.0469562,1.19162
-0.269269,-0.00835294,1.17961
-0.213969,0.0136042,1.19728
-0.156767,-0.010549,1.19494
-0.069552,0.000390202,1.18208
0.0466355,0.00239647,1.1958
0.106879,-0.0151706,1.19627
0.164771,0.0123975,1.16595
0.215155,0.0132764,1.20118
0.26536,-0.014778,1.17351
-0.0189457,0.0366826,1.19715
0.0900633,0.0571265,1.1692
0.265704,0.0469603,1.18141
-0.189963,0.0690375,1.18291
-0.123712,0.0923656,1.1845
-0.0661152,0.0704033,1.17551
-0.00756267,0.0960172,1.18462
0.0525268,0.0967234,1.19953
0.207757,0.066783,1.17158
0.0902373,0.134924,1.16958
0.166418,0.134226,1.17855
0.247261,0.105526,1.20157
-0.214667,0.158446,1.19568
-0.0882926,0.159907,1.17558
-0.0269146,0.152243,1.16829
0.125771,0.175391,1.20112
-0.00738271,0.210178,1.17716
0.0669045,0.192423,1.17604
0.179604,0.200446,1.17917
-0.131381,0.235375,1.17429
0.130138,0.236287,1.16597
0.0122549,0.268995,1.18068
0.0718887,0.258885,1.16753
0.042504,-0.266205,1.2291
-0.0527183,-0.2272,1.21313
0.114747,-0.243757,1.20961
-0.106621,-0.187561,1.21948
0.0578589,-0.20009,1.24119
0.110973,-0.182839,1.21314
0.167647,-0.210916,1.20831
-0.206372,-0.173787,1.21997
0.00760631,-0.168943,1.22094
0.159497,-0.146433,1.22749
-0.239337,-0.123021,1.20652
-0.154039,-0.128483,1.22677
-0.0914049,-0.123953,1.2227
0.0598619,-0.136401,1.22972
0.238692,-0.124985,1.23519
-0.260938,-0.0648141,1.2041
-0.196992,-0.0832905,1.22867
-0.138464,-0.0714871,1.20732
-0.0229755,-0.0740052,1.21669
0.157429,-0.0860993,1.21199
-0.108625,-0.0203868,1.23295
-0.0466847,-0.0201534,1.23626
0.0158676,-0.0283887,1.24019
0.0688871,-0.0566487,1.22423
0.264015,-0.052913,1.22301
-0.251975,-0.0136469,1.23857
0.163083,-0.0131712,1.22268
0.269297,0.00913804,1.23102
-0.266023,0.0458952,1.20921
-0.156256,0.0437403,1.22878
-0.0954135,0.0405477,1.22126
0.0311615,0.0496864,1.23276
0.132157,0.0397662,1.21116
0.231484,0.0579256,1.23917
-0.214579,0.0601535,1.23962
0.185949,0.0964309,1.22351
-0.243837,0.104113,1.20544
-0.113392,0.10862,1.24226
-0.0582938,0.119883,1.21138
0.125133,0.101755,1.21187
-0.154556,0.148132,1.21011
-0.10303,0.170212,1.23536
-0.0131463,0.175308,1.2314
0.0483752,0.154514,1.22248
0.217726,0.157434,1.2215
-0.172302,0.207569,1.21244
-0.0612264,0.205972,1.20771
-0.100165,0.250232,1.22623
0.0334009,0.215006,1.22313
0.139226,0.230807,1.22705
-0.042547,0.266149,1.20987
0.0107699,0.269154,1.24292
0.0771601,0.258083,1.2294
-0.0885323,-0.254778,1.25545
-0.0136017,-0.268605,1.26011
-0.144254,-0.227555,1.24809
0.0909838,-0.253846,1.26605
-0.187551,-0.19273,1.27644
-0.0585224,-0.200667,1.26849
0.138564,-0.207462,1.26296
0.200391,-0.179834,1.26058
-0.131834,-0.165156,1.27182
-0.00350187,-0.16909,1.28184
0.105941,-0.154624,1.26725
-0.201641,-0.132993,1.26626
-0.121634,-0.103958,1.27356
-0.0328122,-0.128019,1.24543
0.144197,-0.105865,1.27248
-0.253272,-0.0928344,1.25935
-0.0713486,-0.0743469,1.25418
0.0244973,-0.0903501,1.2519
0.0834462,-0.0947742,1.27091
0.206854,-0.0727507,1.2476
-0.158312,-0.0461012,1.26
0.0638687,-0.0284426,1.27942
0.123634,-0.0513351,1.25129
0.267813,-0.0285012,1.28071
-0.194988,0.00347536,1.25588
-0.134979,0.0128804,1.27835
0.0836093,0.0179305,1.24314
0.213906,-0.0102925,1.258
-0.266012,0.0439971,1.27117
-0.0731516,0.0197435,1.27544
-0.0116703,0.0211576,1.26575
0.17469,0.0381781,1.25592
-0.0446968,0.0684381,1.2432
0.082477,0.0797683,1.25117
0.145076,0.0972177,1.27068
-0.248798,0.103549,1.26766
-0.178518,0.109233,1.25093
-0.00437054,0.115369,1.24336
0.045767,0.124245,1.2777
0.244126,0.113112,1.26348
-0.218471,0.156756,1.25785
-0.159656,0.174436,1.26615
-0.0543816,0.145341,1.26698
0.100415,0.13934,1.25357
0.161097,0.15294,1.24749
0.0174015,0.203183,1.28193
0.0891491,0.199281,1.24507
0.171925,0.208101,1.2747
-0.137897,0.231919,1.27177
-0.033718,0.228369,1.25825
0.108992,0.246223,1.28057
-0.0543927,-0.26374,1.30688
0.0376017,-0.266533,1.29567
-0.110998,-0.217052,1.29872
-0.00637105,-0.224502,1.30956
0.125665,-0.238325,1.31489
0.0677562,-0.208553,1.30231
-0.170628,-0.149021,1.31795
-0.0753221,-0.144029,1.28789
0.0513478,-0.142664,1.29434
0.156844,-0.16219,1.30175
-0.240103,-0.121358,1.31328
-0.0119459,-0.110712,1.30138
0.107846,-0.123632,1.3204
0.202047,-0.122532,1.28487
-0.175351,-0.0889988,1.30136
-0.0683511,-0.0881302,1.31418
0.0387929,-0.0760231,1.31011
0.117531,-0.060376,1.31259
0.254637,-0.0894339,1.28401
-0.218563,-0.0471724,1.28369
-0.171501,-0.0210819,1.31523
-0.105789,-0.0403089,1.29241
-0.0217761,-0.0514934,1.28409
0.210658,-0.0511926,1.30538
-0.269254,-0.0117255,1.29768
0.0171481,-0.0182369,1.31954
0.10849,0.0112222,1.2994
0.160982,-0.0188463,1.28848
0.228218,0.0071871,1.31588
-0.217885,0.0197083,1.31137
0.0448971,0.0298109,1.29035
0.161296,0.0385811,1.31849
0.26588,0.04714,1.28845
-0.201971,0.078208,1.29897
-0.141184,0.0742273,1.2863
-0.0804682,0.0870218,1.28977
-0.0124496,0.081338,1.29515
0.103091,0.0719913,1.30892
0.200519,0.0800522,1.29307
-0.231775,0.134207,1.31928
-0.16851,0.1296,1.30869
0.172825,0.130855,1.31648
-0.111176,0.145601,1.29132
-0.00482717,0.149513,1.30338
0.128862,0.171187,1.29869
0.213935,0.163376,1.28347
-0.195471,0.184908,1.31618
-0.078738,0.197908,1.28886
0.0747858,0.201287,1.30511
-0.0742662,0.258926,1.29406
-0.012653,0.268641,1.30064
0.050227,0.264633,1.29104
-0.0182195,-0.268316,1.35755
-0.098618,-0.250878,1.34845
0.0367862,-0.239438,1.35177
-0.16432,-0.213341,1.3305
-0.0602873,-0.200387,1.33033
0.0526836,-0.179842,1.35842
0.111477,-0.182935,1.33889
-0.217568,-0.158509,1.35774
-0.112498,-0.165649,1.33273
-0.0591028,-0.138329,1.35013
-0.0070567,-0.172266,1.34378
0.212704,-0.165478,1.32797
-0.12562,-0.105016,1.33499
0.0297848,-0.12291,1.34923
0.229511,-0.106705,1.33852
-0.261416,-0.0648758,1.32697
-0.204176,-0.0616514,1.34851
-0.0144332,-0.0658048,1.34435
0.0791169,-0.0824328,1.35639
0.169525,-0.0913578,1.32747
-0.125591,-0.0427709,1.35105
-0.0656353,-0.0309887,1.33886
0.0760145,-0.0225262,1.33957
0.263895,-0.0551445,1.33613
-0.268918,0.0117544,1.3556
-0.0326926,0.0191368,1.32292
0.136367,-0.0146003,1.35068
-0.104172,0.0407722,1.32437
0.0415802,0.028125,1.353
0.266244,0.0424878,1.35054
-0.258446,0.0755159,1.32417
-0.162382,0.063908,1.34409
-0.0547698,0.073423,1.344
0.0434579,0.0824206,1.32306
0.1442,0.0894098,1.3525
0.207522,0.0634137,1.35239
0.252055,0.0963618,1.32305
-0.116809,0.105351,1.33668
-0.0617859,0.13282,1.32737
-0.00486121,0.10995,1.35108
0.0883507,0.130653,1.32224
0.0407996,0.165855,1.34183
0.226236,0.141173,1.35616
-0.10887,0.177267,1.34437
-0.0292074,0.212635,1.32333
0.104755,0.180196,1.35556
0.191599,0.18856,1.33611
-0.149141,0.22338,1.33225
-0.0817091,0.233165,1.35033
0.0291707,0.228607,1.33754
0.144023,0.227291,1.32695
0.0887583,0.254327,1.33906
-0.142032,-0.229352,1.38748
0.0955505,-0.252223,1.36728
0.158656,-0.217286,1.3628
-0.0864929,-0.203045,1.38593
-0.024941,-0.213613,1.38648
0.200965,-0.179383,1.38743
-0.159874,-0.171512,1.37601
-0.10896,-0.1383,1.38818
0.138768,-0.166274,1.39238
-0.247272,-0.105385,1.37315
-0.177005,-0.112821,1.36836
-0.0283041,-0.103346,1.39174
0.0796745,-0.134253,1.39126
0.133193,-0.106956,1.37447
0.236343,-0.129333,1.39611
-0.0831208,-0.0821928,1.37356
0.02771,-0.0771532,1.39027
0.259115,-0.0715243,1.39556
-0.265701,-0.0472305,1.38619
0.113498,-0.052494,1.39775
0.205982,-0.0564002,1.36684
-0.216014,-0.00993484,1.37948
-0.157337,0.00748669,1.36901
-0.00908671,0.000788492,1.37678
0.0471367,-0.0190518,1.39319
0.193074,0.00442068,1.36646
0.268932,-0.0117803,1.38024
-0.219207,0.0503784,1.3651
-0.0683207,0.020674,1.37336
0.0985773,0.0494558,1.36617
0.154097,0.0439308,1.3937
-0.112464,0.0632352,1.38087
-0.0202166,0.0685711,1.39474
0.0395108,0.0818704,1.38459
0.252108,0.0924247,1.3853
-0.245617,0.109198,1.37481
-0.164534,0.125826,1.3703
-0.0819143,0.117405,1.38684
0.0939314,0.112196,1.38157
-0.210196,0.168204,1.37457
-0.026573,0.16635,1.36499
0.0359599,0.142229,1.39777
0.15529,0.146768,1.37432
0.0573264,0.204621,1.38787
-0.129955,0.236014,1.38992
-0.0148937,0.216815,1.39739
0.105134,0.24728,1.39884
0.158447,0.217884,1.38575
-0.0118673,0.268823,1.36267
0.0467236,0.265783,1.38392
-0.065857,-0.260776,1.39989
0.0222212,-0.267949,1.40513
0.0795285,-0.257068,1.42693
0.136194,-0.232789,1.41868
-0.182184,-0.198716,1.42735
-0.123127,-0.180947,1.43121
0.0258714,-0.208111,1.42241
0.0857167,-0.197935,1.40797
-0.227142,-0.144068,1.41781
-0.0528863,-0.157214,1.40935
0.00974415,-0.15196,1.40062
-0.166019,-0.134235,1.4256
-0.0797399,-0.105568,1.43131
0.121988,-0.117293,1.43392
0.181164,-0.134367,1.42518
-0.206686,-0.0741247,1.40911
-0.138016,-0.0777453,1.4008
0.0650653,-0.0934087,1.43729
0.169573,-0.0746967,1.4135
-0.236099,-0.0260243,1.43598
-0.172229,-0.0202505,1.42286
-0.055383,-0.0337085,1.40028
-0.000778683,-0.0303923,1.43011
0.219469,-0.0208017,1.41623
-0.111325,-0.0067719,1.40807
-0.0382067,0.0192528,1.42796
0.100055,0.0066736,1.41096
0.158495,-0.0137578,1.41608
0.268379,0.0191221,1.43417
-0.263934,0.0548472,1.40817
-0.21043,0.0299688,1.42654
-0.149195,0.0398082,1.42384
0.0238819,0.0323853,1.41913
0.21574,0.043235,1.41085
-0.195005,0.0874706,1.40809
-0.0749228,0.0696696,1.4289
0.0843044,0.0661914,1.42402
0.140913,0.0884736,1.43414
-0.245637,0.109534,1.43691
-0.135022,0.10445,1.42106
-0.0266622,0.127584,1.41396
0.191859,0.0999521,1.40002
0.234024,0.134207,1.43069
-0.181117,0.145234,1.42684
-0.127047,0.164045,1.40198
0.167105,0.143858,1.43655
-0.173848,0.206434,1.42288
-0.0780535,0.202752,1.40468
0.120861,0.179727,1.4153
0.202905,0.177915,1.39985
-0.0596161,0.262246,1.40238
-0.00155337,0.270558,1.42384
-0.0248546,-0.267214,1.44581
0.0333169,-0.267354,1.46687
-0.111481,-0.244622,1.43921
-0.0573322,-0.213818,1.43951
0.0783845,-0.213705,1.47131
0.124308,-0.176484,1.45203
0.181835,-0.198506,1.44352
-0.0784977,-0.164515,1.47085
-0.0139606,-0.165645,1.45665
0.0569687,-0.156698,1.44485
0.219475,-0.156166,1.46883
-0.123499,-0.121684,1.47285
0.24982,-0.100866,1.44959
-0.255777,-0.0853318,1.44517
-0.165591,-0.0795527,1.45528
-0.0485605,-0.0590986,1.45624
0.00331975,-0.0941376,1.44408
0.164674,-0.0942394,1.47211
-0.11001,-0.0521683,1.4495
0.0570869,-0.0335596,1.45266
0.126696,-0.0468401,1.45798
0.210332,-0.0525126,1.46909
0.267065,-0.0410006,1.44906
-0.269419,0.00702472,1.47631
-0.0830271,0.00140536,1.46622
0.00312495,0.0130199,1.47479
0.201043,0.0145584,1.46434
0.063462,0.0267116,1.4665
0.137256,0.0299241,1.45455
-0.237616,0.0602236,1.47377
-0.12911,0.0713211,1.47357
-0.0194373,0.0710564,1.45634
0.19719,0.0874382,1.46082
0.257116,0.0788149,1.44591
-0.188997,0.0988856,1.46838
-0.0352117,0.127287,1.47619
0.0367136,0.101125,1.44383
0.0948977,0.129413,1.44152
-0.220976,0.153503,1.47303
-0.0790444,0.150989,1.43928
0.0123129,0.157893,1.45205
0.129079,0.172117,1.47622
0.20837,0.171473,1.47362
-0.125251,0.189993,1.45797
-0.066155,0.205683,1.46997
0.0678122,0.184863,1.44596
0.16808,0.210515,1.44667
-0.10523,0.247655,1.44571
0.0164777,0.219297,1.45084
0.11357,0.232135,1.46827
-0.0485062,0.265339,1.46416
0.0639929,0.260989,1.44348
-0.0722577,-0.259114,1.48529
-0.0139003,-0.261305,1.50729
-0.146319,-0.226122,1.48707
0.142004,-0.228943,1.48054
-0.042684,-0.206513,1.49886
0.0175973,-0.210551,1.48425
0.113882,-0.18388,1.51297
-0.22408,-0.148609,1.48002
-0.164616,-0.167559,1.47791
0.163379,-0.152084,1.49409
-0.0418719,-0.115762,1.48022
0.0256458,-0.128188,1.49048
0.106709,-0.125227,1.49324
0.217998,-0.104272,1.50222
-0.214389,-0.0882052,1.49136
-0.151129,-0.0739677,1.51515
-0.0878894,-0.0790943,1.50001
0.0693517,-0.0755528,1.49685
0.128262,-0.0698071,1.51537
0.261214,-0.0595231,1.50789
-0.264407,-0.0514718,1.4968
-0.193736,-0.0305938,1.48049
-0.0510204,-0.0297763,1.50976
0.0031852,-0.0533516,1.49037
0.166107,-0.0228151,1.50016
-0.135166,-0.0172091,1.49465
0.0466856,-0.0140446,1.51056
0.106897,-0.00393128,1.49861
0.256946,0.00246991,1.49285
-0.176531,0.0316283,1.47832
0.201292,0.0536093,1.51311
-0.0704377,0.0595927,1.48961
0.026694,0.0709074,1.4966
0.0857833,0.0845057,1.4836
0.146212,0.0760052,1.49467
0.261809,0.0631404,1.50597
-0.245414,0.110452,1.51043
-0.0948501,0.122461,1.49276
0.172559,0.13092,1.50273
0.240755,0.120022,1.49092
-0.153086,0.144538,1.48963
0.0580648,0.143039,1.49121
-0.180849,0.199608,1.48471
-0.012712,0.190482,1.49772
0.0478043,0.203755,1.50135
0.171592,0.207564,1.50879
-0.132426,0.235107,1.50045
-0.0160437,0.249624,1.51491
0.0418137,0.266322,1.50116
0.0447994,-0.266105,1.52792
-0.109384,-0.245594,1.53331
0.104751,-0.247998,1.52651
-0.18281,-0.19742,1.52931
-0.112655,-0.18504,1.51864
-0.000971511,-0.211789,1.54379
0.0587553,-0.206636,1.52999
0.16985,-0.208612,1.5325
-0.0197361,-0.154504,1.52398
0.0653735,-0.146315,1.5342
0.213229,-0.163859,1.53035
-0.239434,-0.123375,1.53507
-0.178157,-0.129276,1.52499
-0.0784115,-0.134188,1.52695
0.14192,-0.12277,1.54478
-0.20288,-0.0699243,1.5495
-0.0369014,-0.0853159,1.53399
0.0248158,-0.086911,1.53848
0.185184,-0.0685251,1.53988
-0.164547,-0.0212313,1.55046
-0.1071,-0.0428804,1.5457
-0.000198874,-0.0306287,1.54799
0.0899136,-0.0360993,1.54937
0.223552,-0.0197733,1.54014
-0.26982,0.00304594,1.53835
-0.210839,0.00977748,1.52384
-0.0920757,0.0140503,1.5261
-0.149125,0.0370079,1.53492
-0.0313027,0.0265921,1.525
0.0146191,0.054775,1.55471
0.0719331,0.0408658,1.52604
0.148863,0.0271734,1.53241
-0.261077,0.0639609,1.54911
-0.199836,0.0705732,1.52214
-0.0868876,0.0718697,1.54804
-0.0272175,0.0886914,1.52379
0.116276,0.0765848,1.54899
0.230342,0.0970774,1.54777
-0.139621,0.0981908,1.52847
0.0604928,0.10243,1.5382
0.1126,0.129665,1.51794
-0.211148,0.167463,1.53236
-0.154587,0.153931,1.55204
-0.053557,0.155912,1.52814
0.00795383,0.140136,1.52843
0.217918,0.157683,1.53509
-0.109865,0.179697,1.51719
0.1023,0.192091,1.52792
-0.161303,0.215487,1.55215
0.0943576,0.252822,1.531
-0.0775464,0.25781,1.51869
-0.0473847,-0.265496,1.55987
0.0114454,-0.268753,1.5807
0.0761715,-0.257617,1.5811
-0.149864,-0.223603,1.5753
-0.0975543,-0.251117,1.59422
0.148876,-0.224983,1.58892
-0.0671082,-0.205856,1.55599
0.0399089,-0.196286,1.58826
0.100203,-0.191451,1.57285
-0.212977,-0.164588,1.57282
-0.145136,-0.1628,1.5664
0.0163447,-0.140656,1.5725
0.154991,-0.163938,1.5894
0.216859,-0.159477,1.59241
-0.178752,-0.114499,1.5855
-0.122403,-0.105343,1.56046
-0.0447179,-0.127331,1.57866
0.192519,-0.102689,1.59086
0.243197,-0.115431,1.55732
-0.263034,-0.0595477,1.55855
-0.0770873,-0.074856,1.58988
-0.0152168,-0.073559,1.59048
0.0811479,-0.0953947,1.56355
0.135751,-0.0690653,1.57707
0.0430457,-0.0531887,1.58861
0.262831,-0.0577368,1.5698
-0.223329,-0.0165971,1.57782
-0.114229,0.00664168,1.58316
-0.0569569,-0.0161282,1.56934
-0.00691907,0.0108088,1.5935
0.0484304,0.0048133,1.5696
0.108639,0.0153418,1.57804
0.168953,-0.0168494,1.57032
0.269568,0.00389575,1.575
-0.205452,0.0424401,1.57669
-0.0604483,0.0408082,1.59404
0.155596,0.0533249,1.59073
0.210926,0.0327874,1.57111
0.0680524,0.0617362,1.58458
0.261609,0.0637686,1.58979
-0.23771,0.126872,1.57117
-0.181791,0.0999989,1.57351
-0.0984638,0.130925,1.56243
-0.01795,0.110656,1.58101
0.170059,0.105466,1.55957
-0.0516989,0.162016,1.5897
0.0800605,0.161758,1.57701
0.140927,0.160142,1.56413
-0.202894,0.177245,1.59335
-0.119617,0.188802,1.59011
-0.0713182,0.209017,1.55574
-0.00931091,0.20382,1.55838
0.192734,0.188034,1.58308
-0.0958689,0.25213,1.59291
0.0549485,0.215824,1.56106
0.0922395,0.253545,1.59336
0.14332,0.227721,1.56043
-0.0404218,0.266441,1.56912
0.0214246,0.268067,1.56143
-0.0454485,-0.266073,1.62428
0.0869262,-0.217322,1.62736
-0.184812,-0.195588,1.61836
-0.024091,-0.213239,1.60058
-0.140747,-0.152759,1.6277
-0.0864883,-0.167708,1.60098
-0.0149083,-0.156747,1.62412
0.0718179,-0.144154,1.60056
-0.246075,-0.107357,1.5949
0.0288964,-0.104224,1.62134
0.139437,-0.113387,1.62076
-0.203646,-0.0641201,1.61153
0.0918148,-0.0742664,1.62043
0.251392,-0.0971065,1.61628
-0.264597,-0.0420962,1.61842
-0.140799,-0.0572421,1.59567
-0.0642018,-0.0213736,1.63005
0.131732,-0.024214,1.6197
0.210292,-0.0451729,1.60649
0.267273,-0.0319085,1.62617
-0.169746,-0.00430287,1.60969
0.184038,0.00955275,1.62485
-0.268015,0.0234934,1.59698
-0.151305,0.0550681,1.60419
0.0534592,0.0212743,1.62914
-0.256418,0.0830497,1.61093
-0.0989457,0.0880213,1.60707
-0.0426559,0.0861872,1.6321
0.012744,0.0657804,1.61517
0.206091,0.0857011,1.60673
-0.201727,0.12463,1.62668
-0.142518,0.132327,1.60904
0.0419403,0.117085,1.59572
0.114089,0.114666,1.59774
-0.00484785,0.156163,1.62895
0.120592,0.170716,1.62376
0.172355,0.137578,1.61284
-0.0744984,0.206097,1.62943
0.0214546,0.20957,1.61203
0.141456,0.229245,1.62258
-0.0206253,0.268064,1.62809
0.0417406,0.266375,1.62755
-0.088224,-0.254593,1.66817
-0.00407623,-0.269552,1.67026
0.0481033,-0.265294,1.63636
-0.137778,-0.231697,1.63788
-0.0406263,-0.215252,1.6601
0.14969,-0.223416,1.65133
-0.0992854,-0.18724,1.65859
0.0189403,-0.206165,1.64578
0.192234,-0.178631,1.64605
-0.22337,-0.149381,1.63519
0.01833,-0.137919,1.67256
0.12172,-0.168306,1.64391
-0.0701926,-0.117878,1.63466
0.0764439,-0.121086,1.65761
0.233698,-0.134976,1.66202
-0.251644,-0.0964767,1.65595
-0.159217,-0.095171,1.64117
-0.104199,-0.0665635,1.64532
-0.0298103,-0.0731804,1.6503
0.136818,-0.068432,1.66279
0.195205,-0.0862564,1.65069
-0.215701,-0.0476242,1.66993
-0.15511,-0.034923,1.66248
0.0125537,-0.0290426,1.63753
0.0720708,-0.029848,1.65811
0.210119,-0.0265016,1.6685
-0.225295,0.00309116,1.63629
-0.266009,0.0444477,1.65902
-0.160288,0.0272712,1.66186
-0.103509,0.0336567,1.63755
-0.0291025,0.0280953,1.64813
0.117652,0.0340396,1.63683
0.21301,0.0383151,1.67213
0.266132,0.0286042,1.64082
-0.204456,0.0615917,1.63565
0.0805369,0.0839067,1.64033
0.148546,0.0878521,1.64139
0.254304,0.0895609,1.64613
-0.125714,0.106763,1.66297
0.0266619,0.110549,1.65551
-0.12478,0.174789,1.65078
-0.0762522,0.137549,1.64089
0.0585701,0.162039,1.63548
0.158745,0.147037,1.67256
0.226479,0.145067,1.64302
-0.182506,0.198018,1.64853
-0.0198145,0.213698,1.65833
0.187425,0.193463,1.64456
-0.13324,0.234703,1.63924
0.0411506,0.220408,1.66944
0.0943743,0.250871,1.65738
-0.132183,-0.235007,1.7077
0.0426508,-0.237064,1.69426
0.100629,-0.250192,1.67812
-0.177207,-0.203559,1.67927
-0.0751434,-0.210379,1.71078
0.0682432,-0.180589,1.67361
0.193722,-0.187117,1.70782
-0.177115,-0.141856,1.67818
-0.132568,-0.172424,1.7092
-0.0455661,-0.155751,1.67855
-0.234053,-0.134202,1.7024
-0.115633,-0.121825,1.67696
-0.0202682,-0.106383,1.70951
0.12128,-0.136137,1.69732
0.182137,-0.127623,1.69521
-0.260054,-0.0679462,1.71078
-0.176196,-0.0838363,1.69934
-0.0703204,-0.0719239,1.69695
0.0261215,-0.0760714,1.67687
0.084236,-0.0752792,1.69896
0.207785,-0.0730006,1.71002
0.25833,-0.0747973,1.67393
-0.0345396,-0.0215,1.68436
0.0409546,-0.026042,1.7112
-0.26889,-0.0173554,1.67554
-0.0984889,-0.0101344,1.68038
0.127771,-0.0095176,1.68
0.268922,-0.0145073,1.68556
-0.214737,0.029874,1.69114
-0.115077,0.0542753,1.69435
-0.0575649,0.033297,1.70277
0.021809,0.0515426,1.67526
0.0773172,0.0258383,1.68591
0.153099,0.0469636,1.68746
-0.253312,0.0824225,1.707
-0.192004,0.0874048,1.69012
-0.0693284,0.0952039,1.68601
-0.0100127,0.0961488,1.70477
0.0537255,0.0962166,1.70855
0.192078,0.0959053,1.68422
0.26092,0.0646673,1.70284
-0.234094,0.134211,1.67842
0.107159,0.116026,1.68517
0.2327,0.136765,1.7061
-0.172326,0.144699,1.67793
-0.0939004,0.151041,1.69905
-0.0350814,0.158791,1.68275
0.0265184,0.163177,1.68882
-0.090308,0.212525,1.68952
0.0951435,0.190596,1.6771
0.194213,0.186003,1.70605
-0.151607,0.221466,1.69742
0.149632,0.223369,1.68386
-0.0556414,0.263329,1.67947
0.0062355,0.269458,1.68439
0.0632731,0.261395,1.71048
-0.0475792,-0.265661,1.71465
0.0104766,-0.26912,1.73696
-0.0221342,-0.216281,1.7429
0.145584,-0.226188,1.71403
-0.201287,-0.178842,1.73137
0.022553,-0.182475,1.71575
0.0957381,-0.191339,1.72811
-0.020977,-0.154208,1.74924
0.149384,-0.164733,1.74461
-0.194802,-0.116884,1.74742
-0.13385,-0.111402,1.73553
-0.0751457,-0.131424,1.72792
0.0623364,-0.134618,1.71582
0.238465,-0.125152,1.72354
0.0361384,-0.0833339,1.73787
0.14147,-0.0825286,1.72213
-0.201905,-0.0208742,1.72406
-0.126288,-0.0525911,1.7159
-0.0712614,-0.0211851,1.73469
-0.0160489,-0.04999,1.73545
0.106036,-0.0293357,1.73489
0.168595,-0.0268832,1.7232
0.26324,-0.0549139,1.73288
-0.145333,0.00606043,1.71803
-0.000715081,0.0183204,1.72311
0.222975,0.00259604,1.7224
-0.268025,0.0238318,1.72183
-0.09774,0.032775,1.75007
0.0631367,0.0221818,1.74614
0.148491,0.0270284,1.74582
-0.205548,0.060242,1.74475
0.105826,0.0660612,1.72349
0.200502,0.0591275,1.7331
-0.17421,0.120377,1.73876
-0.116494,0.103449,1.73075
-0.0574308,0.112432,1.74295
0.0200367,0.130826,1.74682
0.150309,0.109406,1.72847
-0.232287,0.13744,1.74036
-0.138578,0.171658,1.73673
-0.0294817,0.167682,1.74371
0.0760955,0.1529,1.7247
0.13451,0.174817,1.72247
-0.196595,0.184055,1.71934
0.033869,0.20987,1.72991
-0.026055,0.225108,1.71933
0.117833,0.242095,1.73359
-0.0764042,0.257085,1.7379
0.0124448,0.266373,1.74642
-0.0379683,-0.266526,1.77627
-0.156106,-0.219121,1.76303
-0.094415,-0.252584,1.75394
0.0505395,-0.225052,1.75445
0.109042,-0.245806,1.76068
-0.098969,-0.183206,1.76022
0.108183,-0.181342,1.78833
-0.154576,-0.157675,1.77133
0.0524771,-0.165243,1.76781
0.211957,-0.16671,1.76387
-0.102511,-0.127801,1.78732
-0.0415576,-0.10727,1.78458
0.106418,-0.121738,1.75793
0.182681,-0.113345,1.75556
-0.251483,-0.0965847,1.7654
-0.172748,-0.0605521,1.76119
-0.0866182,-0.0769078,1.75624
0.00630411,-0.0678508,1.79011
0.126872,-0.0670531,1.77986
0.20972,-0.0592241,1.77028
-0.267346,-0.0283846,1.75858
-0.123045,-0.0207898,1.76924
0.0551581,-0.0342352,1.7707
-0.176783,0.0106424,1.77112
-0.0280369,-0.0041293,1.77576
0.107327,0.00518332,1.78668
0.165099,-0.0181641,1.78508
0.224663,-0.000549256,1.78397
-0.267471,0.0288764,1.78358
-0.0375155,0.0552287,1.75713
0.266788,0.0372775,1.7585
-0.254519,0.0885093,1.77163
-0.0931565,0.0837223,1.78511
0.023284,0.0691003,1.75458
0.132689,0.0773538,1.77922
-0.132881,0.131172,1.78352
-0.0185359,0.105321,1.78862
0.0794276,0.10514,1.76427
0.191388,0.105111,1.77409
0.250161,0.0994069,1.75366
-0.204757,0.175487,1.78134
0.128314,0.143437,1.77565
0.212355,0.162297,1.76046
-0.0841728,0.195146,1.75606
0.0202118,0.181162,1.78306
0.0849687,0.200219,1.76396
0.170716,0.208841,1.75947
-0.132152,0.235078,1.7551
-0.0311548,0.216523,1.78093
0.0694243,0.259741,1.7726
0.0382893,-0.266761,1.79805
-0.0966306,-0.251616,1.81626
0.0969991,-0.251539,1.82167
0.151835,-0.222648,1.80078
-0.188078,-0.19284,1.80984
-0.126508,-0.197174,1.81327
0.0039954,-0.193853,1.79468
0.0559287,-0.205234,1.82709
-0.225584,-0.147472,1.79039
-0.0548729,-0.165655,1.79973
0.0717656,-0.14508,1.82324
0.165113,-0.162248,1.80448
0.222847,-0.15054,1.82327
-0.153337,-0.125761,1.82504
0.0147758,-0.128734,1.79945
0.126496,-0.115722,1.81792
-0.259431,-0.0699248,1.82127
-0.202428,-0.0922079,1.8058
-0.128072,-0.0734185,1.80207
0.0643549,-0.0916211,1.79269
0.18585,-0.0959565,1.81448
0.251853,-0.0960317,1.82835
-0.216546,-0.0313241,1.79486
-0.0707538,-0.0402047,1.80334
0.0889285,-0.0423714,1.82181
0.265876,-0.0457388,1.79456
0.0411028,-0.00126835,1.8212
0.269821,0.0084812,1.82517
-0.213019,0.0412093,1.81021
-0.130429,0.0371899,1.80275
-0.0632552,0.034935,1.80995
0.000169765,0.0424515,1.80502
0.0685366,0.0510215,1.801
0.184852,0.0460615,1.79181
-0.183423,0.092988,1.79291
0.246195,0.0657006,1.80996
-0.231475,0.129064,1.81323
0.0379599,0.103861,1.81066
0.118491,0.112528,1.82873
0.236587,0.129748,1.80746
-0.063442,0.148835,1.79246
-0.0122898,0.153125,1.82769
0.073133,0.154028,1.80224
0.174067,0.146525,1.81768
-0.146291,0.190338,1.79571
0.171456,0.208371,1.8217
-0.124085,0.239315,1.82637
0.0367075,0.230448,1.81678
0.123305,0.238027,1.79556
-0.0714019,0.259361,1.80007
-0.0099238,0.269412,1.80458
-0.0130623,-0.268908,1.8332
0.0476941,-0.265347,1.8595
-0.135654,-0.233373,1.8622
-0.0497764,-0.21559,1.83506
0.00579365,-0.217514,1.86215
0.140155,-0.230451,1.86155
0.188337,-0.192269,1.854
-0.228536,-0.142311,1.85201
-0.175573,-0.174865,1.86773
-0.0968918,-0.152324,1.84427
-0.0126252,-0.160957,1.84484
0.120728,-0.173151,1.84877
0.0321358,-0.122498,1.86465
0.168106,-0.134442,1.85989
-0.16763,-0.0632917,1.84814
-0.0795093,-0.0934455,1.83479
-0.0178214,-0.0954902,1.84021
0.0342709,-0.0613269,1.8448
0.0859915,-0.0925742,1.85861
-0.221627,-0.0366118,1.86118
-0.0170462,-0.0284573,1.83206
0.149073,-0.0504606,1.83573
0.210621,-0.0406451,1.82948
0.26569,-0.0436626,1.85887
-0.269226,-0.00924079,1.83236
-0.178986,0.0102658,1.85169
-0.129202,-0.0182857,1.83056
-0.0745725,-0.00622186,1.85515
0.0944787,0.0177371,1.84738
0.157667,0.0032624,1.8663
-0.235111,0.0299737,1.86708
-0.123313,0.0353599,1.86455
-0.0082926,0.0240059,1.86361
0.142753,0.0557303,1.83671
0.211672,0.020513,1.84116
-0.258375,0.076525,1.83319
-0.199895,0.0854436,1.85192
-0.134966,0.0920588,1.83186
-0.0165017,0.0845948,1.84686
0.0405281,0.0613382,1.85541
0.194459,0.0903565,1.83441
-0.0733683,0.107547,1.83888
0.0664367,0.129899,1.85842
0.249498,0.101121,1.86134
-0.172677,0.141907,1.8299
-0.108634,0.158356,1.83326
0.21873,0.156903,1.8601
-0.178903,0.201265,1.84779
-0.0673422,0.205147,1.83058
-0.00882912,0.2096,1.85349
0.0751411,0.194092,1.84988
-0.0510137,0.265171,1.85866
0.0112933,0.269092,1.86278
0.0869757,0.255027,1.84327
-0.0656349,-0.260861,1.87411
-0.00342862,-0.269672,1.89478
0.0949835,-0.25261,1.89795
-0.111838,-0.186062,1.89424
-0.0481708,-0.190655,1.89234
0.00704767,-0.163696,1.90376
0.0663044,-0.172444,1.87915
0.11682,-0.146227,1.90464
0.227144,-0.14397,1.88526
-0.180564,-0.114384,1.8802
-0.118296,-0.116535,1.89078
-0.0520169,-0.129368,1.88073
-0.253542,-0.0921842,1.87929
-0.00655616,-0.0926022,1.902
0.0507742,-0.0688582,1.90442
0.202018,-0.0841963,1.87285
0.25431,-0.0910928,1.90455
-0.171022,-0.0289783,1.89956
-0.11191,-0.0565217,1.87615
-0.049897,-0.057911,1.87655
0.0982066,-0.0341887,1.88179
0.156231,-0.0501993,1.89739
0.211467,-0.0203492,1.88825
-0.269015,-0.014441,1.89448
0.0401518,-0.0122154,1.88214
-0.171479,0.055955,1.89845
-0.0635043,0.0520593,1.86997
0.187971,0.0559564,1.88558
0.268083,0.0206085,1.8863
-0.108419,0.09133,1.88779
0.00231716,0.069555,1.90403
0.0976703,0.0733931,1.87588
-0.248521,0.103182,1.88875
-0.185726,0.116571,1.9035
-0.0486309,0.104488,1.89845
0.00748839,0.129732,1.88144
0.12027,0.129874,1.88841
0.180687,0.117511,1.88876
-0.219293,0.155539,1.86856
-0.135329,0.147448,1.88789
-0.0599521,0.158726,1.87156
0.160319,0.173897,1.87211
-0.112773,0.203339,1.87523
0.108124,0.189167,1.9025
-0.0554392,0.215619,1.89411
0.0385593,0.222074,1.89202
0.0903464,0.254044,1.90558
0.138316,0.23172,1.86935
-0.108448,-0.244134,1.91675
-0.0486778,-0.250287,1.93269
0.0435896,-0.221091,1.91061
0.145765,-0.226043,1.92363
-0.16375,-0.214166,1.91429
-0.00564832,-0.207456,1.94564
0.0812476,-0.182363,1.94029
-0.21756,-0.158066,1.9111
-0.156881,-0.152951,1.92309
-0.0816015,-0.150991,1.93535
0.174099,-0.171723,1.91127
-0.245543,-0.109941,1.93901
-0.184243,-0.099436,1.94017
0.0551752,-0.128537,1.92216
0.165817,-0.109983,1.91629
-0.0725028,-0.0902428,1.92426
0.109152,-0.085516,1.91558
0.205694,-0.0647181,1.93166
-0.228626,-0.0531103,1.92086
-0.125407,-0.049394,1.93673
0.0320084,-0.0267749,1.94642
0.0938238,-0.0262388,1.94244
0.264352,-0.0316931,1.9199
-0.214951,0.00851007,1.92301
-0.130461,0.0126141,1.9221
-0.0765055,-0.0171023,1.91651
-0.0155411,-0.0182213,1.90806
0.153575,-0.0107228,1.94514
-0.266755,0.0428203,1.91808
-0.0765446,0.058464,1.93019
-0.0226749,0.030567,1.94433
0.0573244,0.0395233,1.91065
0.117114,0.0238591,1.90873
0.209074,0.0227681,1.93296
-0.217876,0.0757081,1.93562
-0.138522,0.0881126,1.94166
0.141947,0.0799689,1.91912
0.20125,0.08599,1.93853
0.25851,0.0740692,1.91675
-0.0925831,0.134016,1.93108
-0.00976398,0.1263,1.94097
0.0542687,0.101665,1.9118
0.0944404,0.13667,1.94364
0.23544,0.131705,1.91415
-0.207877,0.172025,1.92737
0.0518,0.163651,1.90825
-0.164952,0.212809,1.90753
-0.111856,0.19291,1.93737
-0.00675431,0.183058,1.90991
0.068737,0.210987,1.94507
0.198791,0.181804,1.92059
-0.102075,0.249998,1.91462
0.139044,0.23101,1.93712
-0.0232641,0.267755,1.91465
0.0356492,0.266726,1.93557
0.00618851,-0.268615,1.95629
0.0679933,-0.2608,1.95331
-0.102821,-0.248759,1.97833
0.0426431,-0.215069,1.98394
0.1076,-0.22144,1.98112
-0.194138,-0.1866,1.96123
-0.122681,-0.193409,1.9553
-0.0628636,-0.201979,1.96891
0.0193992,-0.157872,1.98011
0.205661,-0.174698,1.96931
-0.124188,-0.109278,1.95285
-0.024227,-0.130702,1.94653
0.0994823,-0.120928,1.96507
0.196991,-0.113532,1.96899
-0.261122,-0.0639921,1.97839
-0.0846648,-0.0671968,1.98047
0.022175,-0.0872105,1.95649
0.14691,-0.0755149,1.96442
0.25439,-0.0901719,1.96672
-0.182324,-0.0401847,1.95964
-0.0280204,-0.0501786,1.96029
0.205908,-0.0216183,1.97545
0.267129,-0.0311607,1.98192
-0.269598,-0.00616347,1.9563
-0.216132,0.00458929,1.9854
-0.0677782,-0.00501578,1.97719
-0.173226,0.0391031,1.95807
-0.114386,0.0427543,1.97656
0.0311969,0.0542085,1.9643
0.109553,0.0199122,1.98084
0.163245,0.046508,1.96727
0.268302,0.0226542,1.95032
0.0904733,0.0720881,1.95227
0.255958,0.083456,1.97847
-0.241244,0.120315,1.97179
-0.183808,0.099919,1.98244
-0.0955074,0.102155,1.9844
0.0429775,0.116447,1.97123
0.152176,0.112897,1.97096
0.216074,0.135939,1.9726
-0.154167,0.148077,1.9471
-0.0498233,0.171177,1.95703
0.0210426,0.175333,1.96383
0.14503,0.170459,1.94903
-0.166375,0.211331,1.96977
-0.113725,0.243729,1.97745
-0.0571167,0.232925,1.95372
-0.0116066,0.268789,1.97642
-0.0446342,-0.266201,1.99243
0.0143767,-0.268203,2.01808
0.0759186,-0.257871,2.02054
-0.151774,-0.222173,2.00641
-0.194954,-0.180901,2.0244
-0.102993,-0.184623,2.01312
-0.0148593,-0.213812,2.00674
0.166159,-0.211847,2.00013
-0.229008,-0.141762,1.98989
-0.152817,-0.150826,1.98951
-0.0559799,-0.147078,1.99709
0.0777838,-0.167187,2.00003
-0.107381,-0.115846,2.01202
-0.0120429,-0.103863,2.00554
0.0526051,-0.111386,2.00458
0.147893,-0.129621,2.00273
0.237655,-0.128167,2.01354
-0.204951,-0.084967,1.99679
-0.145002,-0.0684282,2.00024
0.0912473,-0.0646398,1.99067
0.214627,-0.0711854,2.01044
-0.0414014,-0.0513387,2.0222
0.018076,-0.0476444,2.00428
0.141029,-0.0283535,2.00449
-0.269175,0.0136408,2.0156
-0.145885,-0.00646162,1.99676
-0.00905828,0.00966455,2.00053
0.0521011,0.00381585,1.99637
-0.160094,0.0502812,2.01798
-0.0554805,0.0548825,1.9901
0.22927,0.0305223,1.99832
-0.238236,0.0621896,1.99215
0.0153547,0.0839788,2.01605
0.0725729,0.0607427,2.00992
0.138081,0.0739594,2.01733
0.198046,0.0840382,2.00167
-0.0354221,0.113649,1.99615
0.0970381,0.116862,2.00136
-0.207743,0.169266,1.98953
-0.133216,0.168983,2.00147
-0.0741317,0.157204,2.01749
0.0150308,0.146123,2.01808
0.0744726,0.173925,1.99447
0.180677,0.139659,2.02344
-0.0331806,0.207614,2.00483
0.0274328,0.206973,2.01704
0.190081,0.19067,1.98591
0.0796644,0.236804,2.0003
0.141533,0.227619,1.99947
-0.0639079,0.261242,2.0107
0.0280192,0.26797,2.02442
-0.0365866,-0.266669,2.05409
-0.105572,-0.247528,2.04037
0.129431,-0.237513,2.04709
-0.0585182,-0.208161,2.04966
0.029387,-0.182503,2.03588
0.0768856,-0.20977,2.06258
0.126814,-0.178024,2.03482
0.204118,-0.176042,2.03436
-0.229043,-0.1413,2.05867
-0.142764,-0.168171,2.05778
-0.083905,-0.147856,2.059
-0.0234535,-0.154029,2.04964
0.0748529,-0.146729,2.05832
-0.170974,-0.116529,2.03822
0.208653,-0.104779,2.0627
-0.254355,-0.0892318,2.03515
-0.145125,-0.0613349,2.06233
-0.0874519,-0.0849088,2.06138
0.0345754,-0.0862313,2.05761
0.0987117,-0.0904757,2.04656
0.158993,-0.0787938,2.03662
0.259645,-0.071294,2.05285
-0.267373,-0.0318285,2.05726
-0.210818,-0.0348299,2.03247
-0.100288,-0.0327147,2.02974
0.000183287,-0.0226954,2.05863
0.0673991,-0.0365681,2.04081
-0.165473,0.000728676,2.05524
-0.051662,0.0090319,2.04461
0.0992722,0.0165919,2.04296
0.210851,-0.0153831,2.03646
0.270136,0.000834476,2.0349
-0.216379,0.0326726,2.042
0.0307315,0.0326735,2.04722
0.161069,0.0205791,2.03758
-0.256938,0.0811133,2.04812
-0.195932,0.0911366,2.04773
-0.0997029,0.0628209,2.03333
-0.0363768,0.06962,2.04683
0.20401,0.0708756,2.06208
0.261692,0.06281,2.03999
-0.140806,0.109114,2.02634
-0.0911778,0.117151,2.06222
-0.0315163,0.13108,2.05588
0.114265,0.121435,2.06019
0.2409,0.12011,2.02786
-0.227275,0.144295,2.04324
-0.144405,0.160092,2.06185
0.128091,0.172184,2.02502
-0.177208,0.203177,2.03136
-0.0989486,0.212844,2.02956
-0.0428199,0.191108,2.06349
0.0769796,0.194477,2.0528
0.1784,0.202083,2.04583
-0.024043,0.267742,2.05836
0.0786054,0.257421,2.05871
-0.0808281,-0.256336,2.09683
0.0426658,-0.260949,2.07323
-0.147238,-0.225517,2.08082
-0.00272707,-0.218107,2.07596
0.102349,-0.249203,2.1026
-0.195031,-0.18635,2.08647
-0.0955525,-0.195292,2.09725
0.119991,-0.181818,2.09832
0.173269,-0.206938,2.07851
0.0225813,-0.15485,2.09109
0.163741,-0.146026,2.07186
0.220053,-0.154646,2.09792
-0.259034,-0.0735493,2.10151
-0.203438,-0.0787455,2.07532
-0.0264701,-0.0939387,2.06514
0.0784631,-0.0602552,2.09714
0.159826,-0.0902343,2.09799
-0.057945,-0.0361809,2.08651
0.124799,-0.0355972,2.06417
0.182095,-0.0337454,2.08735
0.266999,-0.0313296,2.09994
-0.218243,-0.00889086,2.0884
-0.107271,0.0135263,2.07052
0.0497136,-0.00561092,2.09212
-0.267694,0.0271102,2.07648
-0.208333,0.0550228,2.0998
-0.0146941,0.0302913,2.08993
0.175147,0.0271831,2.09809
0.23425,0.0202806,2.08122
-0.149644,0.0597795,2.07884
-0.0782647,0.0640687,2.09178
0.012418,0.0935046,2.07696
0.071141,0.0779814,2.06869
0.130511,0.0643173,2.078
0.25882,0.0739295,2.10103
-0.179748,0.123789,2.09809
0.17189,0.11994,2.08185
-0.092285,0.170074,2.09416
0.0544067,0.137839,2.06541
0.125033,0.175423,2.08734
0.217186,0.159412,2.06946
-0.199426,0.18109,2.08516
0.0183582,0.187817,2.07583
-0.140108,0.230186,2.07314
0.133782,0.234594,2.07462
-0.0836727,0.256083,2.07148
0.0278258,0.267412,2.09305
-0.022351,-0.268114,2.11462
0.0366153,-0.266974,2.13495
-0.124619,-0.238597,2.13731
0.149925,-0.223777,2.13364
-0.148674,-0.182291,2.12688
0.0445079,-0.208376,2.11573
-0.0369375,-0.175759,2.10666
0.0766601,-0.159391,2.13669
0.169902,-0.146822,2.13364
-0.239715,-0.122311,2.1343
-0.184938,-0.129031,2.10605
-0.123441,-0.130948,2.10363
-0.0630887,-0.118469,2.10912
0.0465295,-0.106836,2.1225
0.10469,-0.116268,2.10289
0.250288,-0.100869,2.10846
-0.168829,-0.0735081,2.12725
-0.10762,-0.0732373,2.11858
0.0062612,-0.0620701,2.10675
0.205169,-0.0679757,2.13343
0.134838,-0.0416421,2.12783
-0.268454,-0.0163281,2.12481
-0.144635,-0.0194923,2.10964
-0.0899712,-0.0184256,2.13967
0.00103023,-0.00781504,2.13661
0.111954,0.0107086,2.10336
0.213491,-0.0066403,2.13308
-0.265259,0.049268,2.13421
-0.119297,0.0345697,2.12731
-0.053621,0.0313451,2.13851
0.0386663,0.0512749,2.11429
0.268538,0.0214026,2.13289
-0.133718,0.0949174,2.128
-0.0167854,0.0801362,2.12869
0.162154,0.0808457,2.12865
-0.248955,0.102156,2.10591
-0.0730054,0.10177,2.14035
0.0205484,0.130232,2.12642
0.100924,0.102045,2.11809
0.222292,0.121287,2.11862
-0.223004,0.150695,2.13429
-0.0354812,0.154058,2.11377
0.0744206,0.16009,2.11993
0.147104,0.141504,2.134
-0.146856,0.187201,2.11774
0.176433,0.203829,2.10805
-0.119007,0.241659,2.13059
-0.0390498,0.23351,2.10829
0.0716791,0.221193,2.10832
0.124648,0.238521,2.1361
-0.0448764,-0.26621,2.1776
0.0907209,-0.254137,2.16323
-0.0652294,-0.21639,2.14705
-0.00356205,-0.223107,2.15271
-0.165128,-0.21263,2.17861
0.0513247,-0.209388,2.17918
0.127061,-0.177261,2.1667
0.188336,-0.191921,2.17233
-0.206705,-0.173538,2.14697
-0.0948867,-0.161831,2.14922
-0.0387733,-0.160008,2.17421
0.0176742,-0.165339,2.15181
-0.0721968,-0.107737,2.16963
-0.0116186,-0.111829,2.14222
0.226561,-0.133322,2.15631
-0.259518,-0.0707064,2.16339
-0.200404,-0.0824583,2.17917
-0.131308,-0.0895625,2.17586
-0.0443583,-0.0595402,2.14234
0.0181653,-0.0630692,2.16712
0.0941169,-0.0813388,2.15338
0.154604,-0.0928637,2.15971
-0.198377,-0.0218945,2.14561
-0.142239,-0.028737,2.17104
0.0720883,-0.023584,2.14695
0.26261,-0.0584942,2.15605
0.15762,0.0100467,2.15532
-0.213805,0.0349871,2.16548
-0.154237,0.0481988,2.17587
0.0114824,0.0439075,2.16953
0.0901063,0.0353969,2.15528
0.216762,0.0549273,2.14235
-0.253874,0.0911171,2.17919
-0.199566,0.0932325,2.14847
0.0575324,0.0877178,2.16089
0.112237,0.118928,2.17977
0.181481,0.114351,2.17747
0.2433,0.114916,2.17708
-0.170842,0.156429,2.16612
-0.111464,0.148398,2.151
-0.052547,0.149458,2.17414
0.0572849,0.147,2.17836
0.207569,0.1722,2.15153
-0.0769748,0.199649,2.14622
-0.0191237,0.212333,2.16336
0.0420694,0.203491,2.15948
0.111934,0.183553,2.16343
-0.159959,0.216916,2.17031
-0.065885,0.260544,2.15752
-0.00523295,0.269805,2.14562
0.0565721,0.263282,2.15159
0.0339615,-0.266831,2.19738
-0.114703,-0.243414,2.19847
-0.0122176,-0.228094,2.2139
0.139214,-0.23111,2.19446
-0.202006,-0.178652,2.21532
-0.0690275,-0.202786,2.20773
0.0956471,-0.188145,2.21955
-0.166995,-0.140048,2.18117
-0.113878,-0.159217,2.20773
0.00701525,-0.16477,2.21589
0.222616,-0.151562,2.21893
-0.236017,-0.130304,2.19575
-0.0201023,-0.105259,2.20328
0.0408751,-0.118031,2.18451
0.1016,-0.127934,2.19357
0.175661,-0.112726,2.21416
0.250911,-0.0984092,2.2028
0.0671477,-0.0612512,2.20566
0.202614,-0.0608104,2.19425
-0.228163,-0.0307798,2.19916
-0.0841438,-0.0511518,2.19292
-0.0278049,-0.0242895,2.19014
0.143516,-0.0399585,2.18952
-0.269006,0.0128901,2.18407
-0.185616,0.0140453,2.21704
-0.0992,0.00930083,2.19427
0.0325983,-0.0089249,2.19258
0.0940246,-0.00498047,2.20216
0.151567,0.0145256,2.21871
0.207668,0.000400836,2.19316
0.269349,-0.00580499,2.18895
-0.0427332,0.0351206,2.19955
0.0600358,0.0473563,2.20843
0.263315,0.0563791,2.18394
-0.200522,0.0778338,2.20886
-0.0930578,0.0701292,2.1898
0.138676,0.0627982,2.18257
0.204291,0.0616233,2.20287
-0.141336,0.107693,2.18849
-0.0473752,0.100668,2.21833
0.00202997,0.107269,2.18108
-0.223094,0.150225,2.1985
0.00207026,0.166441,2.19864
0.145648,0.160976,2.21096
0.210163,0.161678,2.2127
-0.123351,0.178896,2.20359
-0.0651418,0.200592,2.20717
-0.120491,0.24063,2.2123
0.0302971,0.217804,2.21859
0.146584,0.22567,2.19285
-0.0623459,0.261606,2.21966
-0.00176515,0.2698,2.20755
0.0797151,0.256879,2.20917
-0.0676342,-0.259963,2.23574
-0.153427,-0.221134,2.24184
0.0902615,-0.253782,2.2257
0.15073,-0.223093,2.25475
0.0412053,-0.210708,2.24018
-0.227786,-0.139544,2.25629
-0.156006,-0.160414,2.25281
-0.0549476,-0.147559,2.23255
0.155679,-0.170859,2.22119
-0.180283,-0.107142,2.2326
-0.0968777,-0.102387,2.22629
0.0253608,-0.11266,2.24439
0.0820697,-0.136334,2.25171
-0.257074,-0.0793451,2.22497
0.123626,-0.087532,2.2352
0.215386,-0.0834634,2.25193
-0.172943,-0.0465501,2.22183
0.00888256,-0.0548,2.2298
0.114502,-0.0310775,2.25864
0.174072,-0.0374049,2.2434
0.265552,-0.0472472,2.23556
-0.269174,-0.0117445,2.24116
-0.127141,-0.0118902,2.24524
-0.0639798,-0.0132638,2.23985
-0.00499411,0.00524686,2.23983
0.0549902,-0.0178432,2.24885
-0.265081,0.0498157,2.23379
-0.0848349,0.0494956,2.24816
0.096974,0.0280676,2.25438
0.207156,0.020884,2.25027
0.267558,0.0299708,2.24003
-0.143599,0.0654914,2.23423
0.00344941,0.0656546,2.22703
0.107723,0.0844818,2.23115
0.252941,0.091837,2.23434
-0.245964,0.108727,2.23861
-0.176421,0.129431,2.23459
-0.103012,0.123637,2.23502
0.0500898,0.106669,2.22489
0.16762,0.0989662,2.23561
-0.0392784,0.156741,2.24332
0.0393318,0.163529,2.2481
0.0982761,0.142993,2.25048
-0.170661,0.208749,2.23093
0.0888879,0.196338,2.22
0.176221,0.204381,2.2432
-0.0242644,0.216582,2.25074
0.12457,0.238563,2.24949
0.0383397,0.267159,2.25483
-0.0164012,-0.268468,2.27012
0.0458404,-0.265976,2.26768
-0.0988377,-0.250436,2.28903
0.0103713,-0.218002,2.29539
0.100494,-0.242097,2.28629
-0.198847,-0.182276,2.29127
-0.102051,-0.190918,2.2601
-0.0418399,-0.206326,2.2636
0.0686048,-0.184358,2.28869
0.197157,-0.18325,2.26593
-0.0598089,-0.154917,2.29355
0.000445704,-0.159057,2.27774
0.127925,-0.169947,2.27677
-0.113886,-0.126535,2.28171
0.115191,-0.108511,2.29639
0.172593,-0.126836,2.27484
0.23381,-0.134848,2.28182
-0.254989,-0.0883726,2.28618
-0.187483,-0.0878518,2.2916
-0.134347,-0.0708463,2.26344
-0.0344901,-0.0973114,2.26357
0.0711671,-0.0762423,2.26585
0.163419,-0.0690953,2.29501
0.257299,-0.0787001,2.29803
-0.219897,-0.043231,2.26221
-0.0770254,-0.05576,2.2828
0.0290575,-0.0442668,2.29799
0.214683,-0.0340751,2.28953
-0.0921798,0.00670913,2.29305
-0.0322605,-0.00940058,2.29368
0.269635,-0.00618833,2.29035
-0.221439,0.0206504,2.26721
-0.160897,0.0269252,2.27997
-0.0296657,0.0508046,2.27738
0.0377238,0.0374838,2.27042
0.156598,0.048722,2.27068
-0.259411,0.0706796,2.29206
-0.192517,0.079831,2.27059
-0.126472,0.092571,2.28703
0.0710567,0.0883377,2.28058
0.19291,0.096125,2.29199
0.256977,0.0800728,2.29559
-0.237246,0.128668,2.29689
-0.173053,0.132326,2.29811
-0.065149,0.102116,2.27965
0.00250636,0.115583,2.26385
0.130876,0.10336,2.28576
-0.207217,0.173004,2.26591
-0.136111,0.168282,2.26345
-0.0796055,0.162826,2.28933
-0.00984688,0.16631,2.29742
0.168305,0.149958,2.2704
0.22994,0.140049,2.26748
0.0281579,0.213511,2.28356
-0.147591,0.225054,2.28643
-0.0902261,0.217698,2.26174
-0.0477206,0.265764,2.27998
0.0847989,0.25554,2.29406
-0.00514859,-0.269367,2.3315
-0.152155,-0.221625,2.30426
0.0538006,-0.249307,2.3269
0.158807,-0.21742,2.31607
-0.112336,-0.176036,2.31975
-0.0429488,-0.205634,2.32554
0.110186,-0.183919,2.33443
-0.162755,-0.139234,2.31778
0.0296896,-0.167338,2.33344
0.153129,-0.137566,2.33633
0.202516,-0.174434,2.32705
-0.22474,-0.132384,2.31745
-0.0756689,-0.102621,2.32329
-0.0168692,-0.126807,2.3283
0.0388142,-0.112863,2.3044
-0.0255817,-0.0665018,2.3172
0.0776644,-0.0697983,2.32759
-0.184668,-0.0226448,2.30916
-0.126837,-0.0435932,2.31812
0.127168,-0.0248188,2.31854
-0.269794,0.00205729,2.30138
0.0154195,0.0134876,2.32633
0.0724671,0.000413586,2.3057
-0.217342,0.0290505,2.32877
-0.151866,0.0584708,2.33267
0.109954,0.0500049,2.3105
0.164255,0.024294,2.3275
0.223103,0.029606,2.30889
-0.204444,0.0898753,2.33092
-0.0901934,0.0597495,2.32556
0.018208,0.0789466,2.31124
-0.0959567,0.121372,2.33256
-0.0286723,0.115683,2.32839
0.0939532,0.103783,2.33664
0.23577,0.131147,2.3287
0.0634526,0.145581,2.30229
0.121164,0.167994,2.30672
-0.188206,0.192309,2.3217
-0.127642,0.179684,2.32412
-0.0489263,0.21247,2.31125
0.0726574,0.202813,2.32479
0.200671,0.179868,2.31392
-0.0980791,0.251007,2.31392
0.154906,0.219865,2.30054
0.00737745,0.269379,2.3083
-0.067576,-0.260168,2.34228
-0.131315,-0.235285,2.36147
0.00562581,-0.216026,2.3632
0.11233,-0.244569,2.34773
-0.20245,-0.178157,2.35311
0.0671634,-0.209197,2.37229
0.160432,-0.192217,2.37269
-0.0652831,-0.155317,2.35536
0.0274759,-0.101229,2.36404
0.0824516,-0.129487,2.34523
0.238075,-0.126082,2.34359
-0.226996,-0.0743244,2.33967
-0.165702,-0.0797871,2.34989
-0.0466329,-0.087701,2.37527
0.135927,-0.0774967,2.34992
0.200101,-0.0769669,2.34455
0.259933,-0.0699966,2.36051
-0.210625,-0.0205241,2.36568
-0.0700437,-0.0289412,2.33937
0.0144464,-0.0406401,2.35751
0.169267,-0.0262018,2.36313
-0.26993,-0.00239998,2.36291
-0.118356,0.00899165,2.34948
0.0841444,-0.0193346,2.36346
0.228281,-0.0184904,2.34764
-0.0303167,0.0536013,2.33943
0.0608025,0.051561,2.34787
0.119109,0.0343389,2.36938
0.266215,0.0437227,2.35187
-0.259252,0.0730278,2.35423
-0.0617063,0.0931153,2.37597
0.153127,0.0839536,2.34001
0.214373,0.0769726,2.34674
-0.153512,0.119244,2.35583
0.0240873,0.10091,2.36821
-0.223734,0.149022,2.35409
-0.0571713,0.165929,2.35114
0.0252251,0.1599,2.34847
0.161524,0.145118,2.34822
0.114145,0.184259,2.36657
0.170689,0.208896,2.36
-0.144879,0.226946,2.36086
-0.0830851,0.220342,2.36613
0.00533937,0.217962,2.34188
0.117542,0.242074,2.34519
-0.0447021,0.266057,2.34229
0.0538439,0.257687,2.34797
-0.0874176,-0.254998,2.40121
-0.0275505,-0.267463,2.38973
0.0343419,-0.267162,2.38315
0.131238,-0.235485,2.40649
-0.172663,-0.207388,2.39912
-0.121896,-0.176142,2.38127
-0.0509961,-0.206873,2.38706
-0.0152163,-0.139328,2.38897
0.0462047,-0.153668,2.39178
0.106762,-0.166252,2.39314
0.213839,-0.163788,2.38714
-0.236767,-0.128308,2.37748
-0.168152,-0.134204,2.37962
-0.108102,-0.115385,2.37639
0.106361,-0.104323,2.39668
0.159872,-0.135693,2.39834
0.232066,-0.106583,2.40256
-0.262925,-0.0587314,2.38824
-0.205212,-0.0784878,2.39797
0.000484754,-0.0739484,2.41272
0.0603683,-0.0629857,2.40073
0.173339,-0.0755796,2.40084
-0.121788,-0.0453696,2.38002
-0.035773,-0.0284881,2.39148
0.212945,-0.028645,2.40726
-0.116608,0.00737093,2.41255
0.02131,-0.0151498,2.41347
0.133856,-0.00961955,2.41012
0.269368,-0.00665149,2.39232
-0.228293,0.0339464,2.39052
-0.167688,0.0257321,2.38328
-0.0664663,0.0240119,2.37975
0.0116258,0.0388077,2.38301
0.068237,0.0247407,2.40415
0.161623,0.0503659,2.41187
0.213116,0.0289319,2.38477
0.264354,0.0520809,2.41377
-0.190052,0.0831789,2.3908
-0.115358,0.0619675,2.3824
-0.0138951,0.0852768,2.41494
0.0631174,0.0861573,2.4134
0.120606,0.0923339,2.39181
-0.244314,0.11248,2.40012
-0.105593,0.114129,2.41475
0.183009,0.105129,2.39115
0.244904,0.111115,2.38924
-0.172415,0.174,2.37875
-0.11107,0.166889,2.3822
-0.0161174,0.142405,2.39113
0.0742535,0.139713,2.38346
0.142165,0.148117,2.4074
0.213485,0.163732,2.37703
-0.0131401,0.206224,2.3996
0.0565835,0.199604,2.38479
-0.116292,0.242445,2.41423
0.134869,0.233661,2.40462
-0.0572709,0.263154,2.40308
0.00307557,0.26956,2.38242
0.077188,0.257427,2.40542
0.0117122,-0.269038,2.44192
0.0770649,-0.258011,2.42738
-0.132846,-0.234787,2.43836
-0.0407381,-0.235094,2.44145
-0.0186407,-0.176873,2.4378
0.0287488,-0.213176,2.4211
0.0856542,-0.198076,2.44117
0.146172,-0.183519,2.43773
-0.212586,-0.165,2.42146
-0.151411,-0.150484,2.437
-0.0742762,-0.158007,2.41703
0.206645,-0.173473,2.44816
-0.246025,-0.109125,2.43521
-0.041593,-0.112073,2.44356
0.0183524,-0.12675,2.43998
0.0799211,-0.13616,2.44241
0.189764,-0.113317,2.4478
-0.147373,-0.0891423,2.41688
-0.0869158,-0.0767419,2.42071
0.129692,-0.0738377,2.44524
0.263031,-0.0588326,2.42718
-0.264522,-0.0521678,2.45156
-0.17733,-0.0255656,2.41741
-0.127633,-0.0408267,2.45083
-0.070207,-0.020835,2.4423
0.0870621,-0.0287833,2.44498
-0.270061,0.00306198,2.42438
0.203352,0.0193219,2.44529
-0.200218,0.0508518,2.44305
-0.027222,0.0213421,2.42762
0.0259342,0.0479247,2.44561
0.1121,0.036002,2.44633
-0.26082,0.0635071,2.43477
-0.137114,0.0667191,2.44016
-0.0737498,0.0625937,2.42881
0.21423,0.0800168,2.43852
-0.184528,0.110701,2.44603
0.155803,0.101528,2.44673
-0.21461,0.162493,2.42254
-0.146068,0.157359,2.43258
-0.0619559,0.173187,2.41892
-0.020457,0.143334,2.4543
0.0326342,0.158524,2.4256
0.0917099,0.151377,2.4425
0.212363,0.142424,2.43577
0.183169,0.197282,2.42004
-0.162298,0.215094,2.44781
-0.0439296,0.225058,2.44997
0.0333585,0.218868,2.43892
-0.000892647,0.269915,2.44552
-0.0873514,-0.254719,2.4781
-0.0256734,-0.267981,2.4919
0.0491827,-0.233247,2.47683
0.121237,-0.240836,2.46787
-0.179854,-0.200556,2.46074
-0.108223,-0.184803,2.4661
-0.00615511,-0.20922,2.48899
0.171849,-0.208111,2.48863
-0.0541852,-0.161714,2.48671
0.0418687,-0.171493,2.4761
-0.199697,-0.129906,2.47125
-0.100777,-0.122767,2.46031
0.13521,-0.132218,2.47112
0.247428,-0.106776,2.46937
-0.205212,-0.0690426,2.45939
-0.150495,-0.0908838,2.47902
-0.0755454,-0.0699625,2.48143
0.0405607,-0.0673448,2.45976
0.0895734,-0.0939245,2.48858
-0.015027,-0.039316,2.46176
0.160519,-0.0229362,2.46384
0.212011,-0.0567049,2.46265
-0.220294,-0.00608013,2.45805
-0.160891,0.00918576,2.46647
-0.0178903,0.0171757,2.4886
0.036902,-0.00671388,2.47287
0.269646,-0.00332225,2.45455
-0.101331,0.0252734,2.47013
0.0697455,0.0438198,2.49088
0.162284,0.0495464,2.4807
0.263895,0.0540037,2.47805
-0.16936,0.0721302,2.49263
-0.0949713,0.0829053,2.49165
-0.0360722,0.0859565,2.47232
0.0969026,0.0934116,2.46466
-0.243328,0.115124,2.46446
-0.139291,0.125926,2.48574
0.0301962,0.107881,2.46089
0.244139,0.112828,2.4819
-0.187918,0.163773,2.47835
-0.0812207,0.138255,2.4668
0.160066,0.160739,2.46468
-0.104341,0.195405,2.45822
-0.00177809,0.194578,2.48417
0.0595518,0.183757,2.48443
0.108103,0.210214,2.45574
-0.0959067,0.252334,2.48088
0.159823,0.217088,2.4901
0.0701471,0.259762,2.46701
0.0276391,-0.267414,2.52451
0.0886414,-0.25484,2.51921
-0.139201,-0.22742,2.49975
-0.191614,-0.188642,2.52067
-0.054652,-0.209609,2.52653
0.108038,-0.189701,2.49979
-0.229825,-0.140751,2.53183
-0.147886,-0.149779,2.49909
0.0110497,-0.164679,2.52887
0.0785307,-0.142853,2.52725
0.156738,-0.159032,2.52311
0.217026,-0.148713,2.5042
-0.0949739,-0.125325,2.52199
-0.0309173,-0.106921,2.50461
0.0316382,-0.114248,2.49902
0.249137,-0.102373,2.53129
-0.252476,-0.095187,2.4951
-0.196227,-0.0900353,2.52048
0.00758283,-0.0592428,2.51527
0.165341,-0.0816179,2.49543
-0.251428,-0.0344556,2.50981
-0.189266,-0.0304296,2.50502
-0.127275,-0.0322404,2.51206
0.0669761,-0.0420489,2.51416
0.264299,-0.0530405,2.49625
-0.0684396,-0.0131766,2.50569
0.0325025,0.014361,2.53076
0.111185,-0.00228005,2.49546
0.167136,-0.00403754,2.52209
0.224143,-0.00600145,2.49698
-0.263744,0.0557395,2.49657
-0.210029,0.0280537,2.50916
-0.150529,0.0232877,2.5261
-0.043677,0.0584241,2.52681
0.268759,0.020711,2.53054
0.0136537,0.0676559,2.50453
0.118833,0.0724168,2.51873
0.213617,0.0607336,2.51454
0.122038,0.13324,2.50511
0.180826,0.112553,2.50249
-0.22929,0.141149,2.51907
-0.101834,0.159575,2.52171
-0.0408153,0.148411,2.5132
0.0207376,0.142841,2.51086
0.213218,0.16507,2.49493
-0.141027,0.210665,2.50635
-0.0642326,0.205181,2.50469
0.124612,0.189728,2.53246
0.109177,0.245958,2.51255
-0.0373286,0.266653,2.49605
0.0226763,0.254146,2.50659
-0.0391186,-0.266731,2.55262
-0.154649,-0.220147,2.55959
-0.098052,-0.251151,2.54013
-0.00107717,-0.217984,2.55733
0.141807,-0.228879,2.53934
-0.110518,-0.184225,2.53449
0.0599254,-0.202546,2.53751
-0.160003,-0.140342,2.55922
-0.0461616,-0.151937,2.54816
0.206923,-0.172939,2.56069
0.0259436,-0.113541,2.56065
0.127436,-0.10613,2.53783
0.189205,-0.11107,2.54527
-0.254517,-0.0892697,2.55672
-0.137975,-0.0857372,2.54159
-0.0813551,-0.0607855,2.54269
-0.0293293,-0.0866902,2.5633
0.0776865,-0.0791661,2.56425
-0.226612,-0.0348421,2.5671
-0.165581,-0.0342476,2.56106
-0.0296585,-0.025488,2.55261
0.122648,-0.042829,2.54132
0.204943,-0.0522504,2.53314
0.267149,-0.0357466,2.55612
-0.2595,0.016059,2.54542
0.216373,0.00385675,2.55811
-0.195154,0.0199957,2.56912
-0.0925299,0.0265915,2.54749
0.091405,0.0246118,2.54776
0.151084,0.0406339,2.56139
-0.254548,0.0897993,2.54812
-0.194137,0.078924,2.54859
-0.131645,0.0802854,2.54197
0.0612987,0.078951,2.54145
0.184967,0.0930307,2.56127
0.25835,0.0748572,2.55823
-0.16442,0.133402,2.54245
-0.0760447,0.108519,2.54495
-0.0120618,0.106913,2.5499
0.235946,0.130216,2.54124
0.0220664,0.17484,2.56435
0.0745916,0.154939,2.53847
0.154368,0.147139,2.56551
-0.192179,0.188884,2.53468
-0.138552,0.185891,2.5639
-0.0738949,0.197541,2.56565
0.186202,0.194475,2.54173
-0.11262,0.244201,2.5507
-0.0153716,0.217879,2.54011
0.0606896,0.21572,2.53762
-0.0536505,0.26402,2.55629
0.0082837,0.269259,2.56531
0.0105501,-0.269259,2.59024
-0.114854,-0.243128,2.60145
0.0447857,-0.218213,2.59956
0.0979823,-0.251017,2.58048
-0.20375,-0.177674,2.58086
-0.0658529,-0.199726,2.58663
0.112878,-0.191239,2.58932
-0.122757,-0.175405,2.59496
-0.00236397,-0.163034,2.59003
0.0594907,-0.160279,2.58349
0.155389,-0.146449,2.58406
-0.23706,-0.128054,2.60211
-0.136299,-0.107797,2.60737
-0.0785684,-0.115942,2.58709
0.189437,-0.0996432,2.60629
0.25021,-0.100378,2.5933
-0.190713,-0.0909185,2.58196
0.133415,-0.0769445,2.59217
-0.116323,-0.051099,2.59298
0.0220265,-0.053212,2.57459
0.164514,-0.0214024,2.58195
0.219561,-0.0472478,2.59288
-0.269556,-0.0098281,2.60318
-0.13516,0.0109866,2.58991
-0.0713555,-0.0014787,2.59877
0.050994,0.00031929,2.58878
0.115941,0.0107149,2.60322
0.267762,0.0147353,2.59274
-0.264731,0.0515923,2.59636
-0.00804551,0.02867,2.57435
0.213728,0.0517042,2.59753
-0.21587,0.0873932,2.60841
-0.158154,0.0679508,2.5973
-0.0523479,0.0695769,2.58643
0.0191877,0.0800758,2.59667
0.077819,0.058968,2.59787
0.124267,0.0944803,2.57652
-0.171812,0.131064,2.60583
-0.114632,0.111323,2.59307
0.0683873,0.118867,2.58765
0.24364,0.111826,2.60583
-0.229059,0.14156,2.58117
-0.0458955,0.145422,2.58552
0.213566,0.163612,2.58863
-0.191423,0.189088,2.59711
-0.0217318,0.201322,2.59954
0.0914521,0.188577,2.58819
0.17195,0.208137,2.60005
-0.144104,0.227285,2.61048
0.125635,0.2381,2.57185
-0.0883645,0.25486,2.6073
0.0679331,0.260167,2.58026
-0.056764,-0.263,2.61223
0.0727903,-0.25919,2.6368
-0.0801981,-0.215717,2.64521
-0.0148355,-0.217062,2.61796
0.134066,-0.234365,2.62855
-0.168032,-0.210613,2.61958
0.0857366,-0.198744,2.64527
0.181416,-0.197433,2.61205
-0.182496,-0.142906,2.62683
-0.0649091,-0.157149,2.63183
0.0340052,-0.164247,2.64009
0.137548,-0.164007,2.64141
0.222635,-0.150863,2.61692
-0.0891604,-0.102232,2.64737
-0.0234243,-0.112444,2.61922
0.0386439,-0.105514,2.62095
0.0983232,-0.123203,2.61495
0.144822,-0.0995336,2.64911
-0.259353,-0.0700338,2.61559
-0.204203,-0.0856512,2.64199
-0.0586244,-0.0614962,2.61231
-0.172456,-0.0269923,2.62252
0.0397964,-0.0445297,2.63283
0.117734,-0.0396775,2.63893
0.178793,-0.0468847,2.63786
0.265933,-0.0455861,2.63409
-0.114177,-0.0145235,2.64228
-0.0134191,-0.0195141,2.61239
0.219556,0.000657876,2.63256
-0.216785,0.0259936,2.62675
-0.157815,0.029239,2.64524
-0.101919,0.0539623,2.6201
-0.0241249,0.0402786,2.63306
0.0370579,0.0384163,2.63958
0.155686,0.0622553,2.61938
0.262394,0.0599637,2.63535
-0.0663204,0.108781,2.63179
0.11766,0.108013,2.63798
0.17755,0.121081,2.61652
-0.218048,0.153288,2.64119
-0.15602,0.175494,2.64681
-0.104532,0.169388,2.61195
-0.0318837,0.157256,2.64824
0.0170469,0.139567,2.61484
0.075128,0.153746,2.63743
0.135085,0.166609,2.62696
-0.0672239,0.207683,2.64151
0.0384719,0.200905,2.61869
0.196299,0.177345,2.64853
0.103834,0.248335,2.62956
-0.027841,0.267482,2.616
0.0325695,0.264977,2.63138
-0.060564,-0.261945,2.68218
-0.00759942,-0.269557,2.64989
-0.146005,-0.226279,2.67546
0.0299345,-0.221797,2.66131
0.109646,-0.244862,2.68476
-0.194592,-0.185815,2.67026
-0.0298276,-0.18994,2.67166
0.166846,-0.21151,2.67635
-0.124844,-0.153019,2.65304
0.0808035,-0.144326,2.67529
0.21103,-0.167638,2.67569
-0.232486,-0.136493,2.66451
-0.173044,-0.122438,2.68404
-0.00626283,-0.132427,2.67532
-0.262332,-0.0617234,2.67709
-0.141451,-0.0693463,2.6562
-0.0148619,-0.0635304,2.65636
0.0814709,-0.0843346,2.66074
0.237697,-0.0973146,2.65414
-0.2161,-0.0219234,2.66662
-0.0909232,-0.0481566,2.68848
0.212425,-0.0299016,2.68637
-0.268623,0.0173044,2.65906
-0.157425,-0.0172407,2.68656
-0.0558846,-0.00534626,2.65969
0.00557947,-0.00609444,2.66918
0.0739883,-0.00444918,2.66404
0.155075,0.00948986,2.65187
0.269623,0.00550463,2.66934
-0.208732,0.03634,2.68765
0.100343,0.0507397,2.65483
-0.257684,0.0783756,2.65653
-0.141126,0.0885681,2.6537
-0.0683246,0.0611358,2.67185
-0.00884271,0.097339,2.65201
0.0547387,0.0967952,2.65136
0.155599,0.0617294,2.68603
0.205237,0.0790132,2.65263
-0.200616,0.0993346,2.66742
0.174519,0.126852,2.6782
0.235571,0.131528,2.66417
-0.107576,0.139355,2.66549
0.0249192,0.160815,2.67291
0.116081,0.151093,2.68414
-0.00773525,0.213417,2.65865
0.0802365,0.206312,2.66868
-0.11803,0.236626,2.66649
0.152718,0.22124,2.65698
-0.0611923,0.262527,2.66833
-0.00145976,0.26987,2.68351
0.0601706,0.262821,2.68729
-0.00587409,-0.244378,2.70679
-0.0945923,-0.209423,2.70522
0.0626084,-0.214582,2.71362
0.116941,-0.185968,2.7035
-0.140709,-0.168157,2.71131
-0.0743723,-0.152133,2.69308
0.0148942,-0.175091,2.71541
0.161749,-0.142744,2.70345
-0.236396,-0.12396,2.72561
-0.117257,-0.102759,2.70298
0.0398459,-0.118201,2.71418
0.238885,-0.123979,2.71043
-0.207185,-0.0737557,2.70254
-0.0509586,-0.0948591,2.69596
0.0346629,-0.0599905,2.6932
0.126189,-0.0923548,2.70751
0.188964,-0.0875234,2.69155
0.261354,-0.0643405,2.70228
-0.0324017,-0.0351896,2.7088
0.0916816,-0.0415123,2.70993
0.150781,-0.0375822,2.69186
-0.268703,-0.0117276,2.71356
-0.063161,0.0184659,2.71651
0.0432188,-0.00361491,2.71744
0.118165,0.0146411,2.70219
-0.264524,0.0503309,2.71208
-0.119363,0.0317551,2.69383
-0.00809872,0.0498939,2.69263
0.053923,0.0545859,2.69734
0.217469,0.0319579,2.69064
0.267774,0.0297159,2.72677
-0.163471,0.0731897,2.70999
0.103407,0.0926121,2.70052
0.200764,0.0884461,2.71981
0.256802,0.0810953,2.69368
-0.245728,0.109563,2.7092
-0.159822,0.134578,2.69801
-0.105951,0.115314,2.72253
-0.0520192,0.117947,2.69191
0.00750628,0.111581,2.70981
-0.214481,0.16292,2.70238
-0.0204823,0.1668,2.7149
0.0634297,0.137821,2.71603
0.21143,0.166841,2.70869
-0.166632,0.211534,2.69671
-0.0777068,0.183121,2.69737
0.0313214,0.212533,2.70644
0.0952251,0.190051,2.72765
0.168213,0.210688,2.71573
-0.0925843,0.253462,2.72132
-0.0361656,0.226821,2.71233
0.11662,0.242628,2.70292
-0.0795742,-0.257255,2.74154
-0.0215707,-0.26818,2.76197
0.0415556,-0.266387,2.74076
-0.145323,-0.225891,2.7378
0.102198,-0.249574,2.74618
0.156883,-0.218846,2.73755
-0.196833,-0.183873,2.73246
-0.09162,-0.201995,2.76688
-0.039831,-0.199142,2.73235
0.0272321,-0.210707,2.76526
0.0903449,-0.191598,2.76453
0.203264,-0.176959,2.73699
-0.0992882,-0.140927,2.74885
-0.0326878,-0.137705,2.73738
0.0948273,-0.137222,2.73542
0.145323,-0.162443,2.76044
-0.174926,-0.127056,2.74557
0.171507,-0.101812,2.7495
-0.2604,-0.0678186,2.73895
-0.204457,-0.0761564,2.76431
-0.154059,-0.0597229,2.73142
-0.0821242,-0.0732554,2.74492
-0.00464502,-0.0821546,2.73859
0.0553383,-0.0707907,2.75107
0.116374,-0.0785942,2.76699
0.258642,-0.0737917,2.76398
-0.210399,-0.0200784,2.73435
-0.0526485,-0.0225952,2.76583
0.161229,-0.0383844,2.75287
0.22152,-0.0266799,2.74714
-0.160339,0.0170552,2.7383
-0.108772,-0.01743,2.73922
-0.00858674,0.0154945,2.74525
0.107838,-0.00800578,2.7591
-0.214629,0.0442126,2.7491
0.0927793,0.0513626,2.74587
0.171717,0.0220397,2.73147
-0.255377,0.0871383,2.76663
-0.116543,0.0605072,2.74889
-0.0380038,0.0792048,2.73855
0.0233789,0.0677778,2.75023
0.144763,0.0912777,2.74717
0.253197,0.0851244,2.75594
-0.216562,0.135072,2.75811
-0.157826,0.1143,2.75671
-0.0143538,0.131129,2.76516
-0.126793,0.172993,2.73383
0.104092,0.139144,2.76305
0.156,0.151769,2.73189
0.228265,0.141965,2.76327
-0.189016,0.191181,2.75136
-0.0754128,0.204649,2.75552
0.0354745,0.177208,2.756
-0.14072,0.23008,2.75333
0.133901,0.234227,2.76195
-0.0432163,0.266239,2.75986
0.0167021,0.268474,2.74316
0.0776714,0.257493,2.74891
0.0341359,-0.267011,2.80269
-0.140979,-0.230158,2.79985
-0.0829694,-0.252971,2.80371
-0.034568,-0.21502,2.7919
0.130769,-0.235836,2.79959
0.185341,-0.194947,2.79523
-0.206902,-0.173093,2.79285
-0.146792,-0.174055,2.77436
-0.0624652,-0.155922,2.79646
0.0434508,-0.150391,2.76752
-0.240603,-0.120862,2.78861
-0.0427023,-0.0987884,2.78505
0.0186105,-0.100352,2.79506
0.101648,-0.130749,2.79708
0.16977,-0.128524,2.8058
0.232639,-0.133112,2.77171
-0.261456,-0.0634489,2.80107
-0.131119,-0.0953871,2.77647
0.186903,-0.0689949,2.80023
-0.170262,-0.0268802,2.78182
-0.102128,-0.044317,2.79615
0.0109608,-0.0349022,2.77613
-0.269536,-0.00753436,2.77528
-0.124932,0.0148724,2.78956
0.0516341,0.0124154,2.77534
0.162403,0.0175473,2.79266
0.269858,-0.00454619,2.77813
-0.242104,0.0395199,2.80463
-0.0655219,0.0372143,2.77573
-0.00870197,0.0467147,2.79929
0.103471,0.0335933,2.80435
0.221049,0.0324627,2.76702
-0.167305,0.060486,2.78633
-0.054031,0.0945011,2.79655
0.0502163,0.0659696,2.80598
0.118137,0.0942069,2.80348
0.196429,0.0872461,2.782
0.0465014,0.119508,2.77504
-0.148675,0.165494,2.79127
-0.0791771,0.144676,2.77003
0.163016,0.138393,2.79191
-0.0149374,0.211092,2.76854
0.0902113,0.193585,2.7894
0.183307,0.196466,2.77381
-0.0958045,0.252239,2.78977
0.040035,0.230426,2.7903
-0.0258654,-0.267729,2.82411
0.0115662,-0.218166,2.8338
0.0715952,-0.218581,2.81714
-0.178803,-0.201683,2.84049
-0.0997615,-0.193931,2.82786
0.131128,-0.178638,2.82357
-0.124968,-0.138298,2.82056
-0.00223321,-0.163885,2.8073
0.0561452,-0.159268,2.82821
0.220076,-0.155223,2.82866
-0.181561,-0.115957,2.80661
-0.0208755,-0.111022,2.84231
0.250569,-0.0988545,2.82064
-0.203426,-0.0592471,2.82319
-0.140747,-0.0813623,2.83834
0.072727,-0.0737163,2.81055
0.131571,-0.0850109,2.82703
-0.0400939,-0.048231,2.82017
0.0199396,-0.0525316,2.83511
0.121772,-0.0244029,2.81745
0.266813,-0.0377936,2.82971
-0.268911,-0.0132978,2.83737
-0.18832,0.0170252,2.82572
-0.139925,-0.019517,2.83845
-0.0770361,0.00314178,2.82767
-0.0170887,0.00453887,2.84408
0.0444529,0.0104927,2.83573
0.214273,-0.0139101,2.8076
0.148797,0.0557106,2.84113
0.207505,0.0450125,2.8266
0.265491,0.0503927,2.80674
-0.0994987,0.0608996,2.82222
-0.240779,0.120131,2.81745
-0.178592,0.116213,2.81529
-0.113524,0.121054,2.81633
0.00291017,0.104801,2.81854
0.186553,0.105085,2.84099
0.245746,0.109181,2.81331
-0.207987,0.172014,2.80743
-0.037793,0.169512,2.80923
0.0238527,0.162703,2.8146
0.0814264,0.141288,2.82139
0.13554,0.166554,2.83946
0.212167,0.165648,2.81879
-0.0961424,0.191524,2.81266
-0.149898,0.223299,2.81478
-0.0457471,0.230412,2.81893
0.0134438,0.215618,2.84459
0.0961615,0.252019,2.80824
0.151238,0.222785,2.82037
0.00188287,0.270126,2.81918
0.0014183,-0.266668,2.88007
0.0603738,-0.262378,2.85965
-0.110371,-0.245905,2.85934
-0.047766,-0.216557,2.85245
0.134435,-0.234105,2.86163
0.0906722,-0.190609,2.86954
0.183722,-0.196554,2.85763
-0.219452,-0.155442,2.8513
-0.156671,-0.152837,2.87211
-0.0745284,-0.144633,2.85654
-0.018328,-0.165737,2.87241
0.155853,-0.141725,2.86717
-0.192203,-0.101966,2.86649
0.0853425,-0.11201,2.85885
0.235393,-0.132417,2.88398
-0.253868,-0.0912263,2.85616
0.194822,-0.0948593,2.85592
0.258365,-0.0750324,2.87774
-0.215394,-0.0195798,2.86842
-0.0897586,-0.0511898,2.85667
-0.0239842,-0.0572294,2.87899
0.0759595,-0.0370357,2.86032
0.136164,-0.0452902,2.87432
-0.165321,0.0132551,2.88394
0.113505,0.012058,2.86728
0.172231,-0.00084969,2.85118
0.268904,0.0169506,2.85914
-0.106293,0.0317126,2.87653
-0.258993,0.0730566,2.85374
-0.15621,0.0659513,2.84749
-0.107207,0.0938636,2.87438
-0.0430768,0.062434,2.84906
0.018734,0.061585,2.85912
0.0896857,0.0680241,2.85313
0.246355,0.0747654,2.86542
-0.235261,0.124371,2.87958
-0.173114,0.118196,2.87719
-0.0608831,0.127271,2.84883
0.0384585,0.135843,2.86856
0.108967,0.122393,2.87293
0.23318,0.135736,2.86831
-0.137119,0.166262,2.85231
-0.0158761,0.166022,2.86736
-0.196099,0.183849,2.86724
-0.0683856,0.199807,2.86771
0.079543,0.199416,2.85065
0.184372,0.195597,2.86585
-0.104824,0.247869,2.85114
0.125938,0.237974,2.87513
-0.048519,0.265279,2.87064
0.0687051,0.259851,2.86336
-0.0598064,-0.262653,2.89154
-0.154598,-0.218548,2.89535
-0.0220927,-0.216583,2.90912
0.0975331,-0.251588,2.90857
-0.201901,-0.178494,2.90659
-0.0972695,-0.194495,2.89008
0.0367522,-0.213803,2.89026
0.14237,-0.189724,2.90435
0.203136,-0.176893,2.91356
-0.0557351,-0.162734,2.92229
0.0374029,-0.141977,2.88493
0.0914985,-0.147718,2.91467
-0.237539,-0.127283,2.90412
-0.113358,-0.107666,2.8879
-0.0227717,-0.113094,2.90558
0.12774,-0.0994188,2.90292
0.18622,-0.114551,2.91578
-0.215189,-0.0702036,2.91491
-0.0743583,-0.0659236,2.91433
0.0397675,-0.0799374,2.88746
-0.266501,-0.0431178,2.89388
-0.164176,-0.0500828,2.88664
-0.115931,-0.0196181,2.9105
0.0906412,-0.0525688,2.91837
0.203571,-0.0415689,2.88634
0.265321,-0.0210704,2.90843
-0.214971,0.0126421,2.92099
-0.0590634,-0.00688581,2.88871
0.0228221,-0.0174319,2.88613
0.15803,0.0102498,2.91099
0.21574,0.019451,2.89004
-0.267403,0.0222683,2.88852
-0.0121545,0.0314299,2.90306
0.060265,0.0304858,2.89248
0.266088,0.0442237,2.91722
-0.257518,0.0779567,2.91583
-0.203155,0.0645811,2.88843
-0.145739,0.0636894,2.91302
-0.0584094,0.0724889,2.91124
0.0636821,0.091499,2.90371
0.167539,0.0780884,2.8962
-0.0142477,0.10683,2.88488
0.245377,0.104888,2.92006
-0.213924,0.163335,2.92307
-0.152588,0.16535,2.91254
-0.0947264,0.150869,2.89524
0.0684808,0.150596,2.92094
0.166453,0.139993,2.88867
0.208134,0.171922,2.92185
0.0431913,0.214957,2.899
0.116932,0.180378,2.89695
0.162312,0.214886,2.92086
-0.150763,0.222719,2.88441
-0.102232,0.249323,2.91389
-0.0191521,0.217165,2.90169
0.011528,0.26903,2.88596
0.0888809,0.255113,2.92211
-0.0852234,-0.255555,2.94764
-0.0198757,-0.268205,2.94418
0.040588,-0.266611,2.92844
-0.146278,-0.226369,2.95661
0.138876,-0.231138,2.95066
-0.093285,-0.195533,2.96046
0.0749176,-0.202271,2.93751
-0.130689,-0.158953,2.92827
0.0121605,-0.170644,2.934
0.143795,-0.145708,2.94809
-0.179364,-0.122017,2.92368
-0.0897051,-0.116116,2.94616
0.0276541,-0.110621,2.94182
0.0875092,-0.101711,2.95638
0.251144,-0.0989651,2.93391
-0.260598,-0.0663114,2.95765
-0.135572,-0.075009,2.93585
0.202563,-0.0751266,2.96037
-0.168687,-0.0224549,2.94378
-0.0452429,-0.0227048,2.94736
0.00704294,-0.0527978,2.93283
0.153706,-0.0474162,2.93358
-0.269679,-0.00605533,2.94378
0.0528495,-0.00841212,2.93984
0.210309,-0.015761,2.9425
-0.0977802,0.0329837,2.9382
0.0476243,0.052573,2.94883
0.11072,0.0483892,2.92361
0.208868,0.0575248,2.93813
-0.20788,0.0643049,2.95389
-0.239031,0.119108,2.95889
-0.172422,0.112844,2.93916
-0.105511,0.105068,2.93567
0.0157553,0.109122,2.93962
0.124563,0.108361,2.92983
-0.0420915,0.142673,2.92762
0.0119708,0.173154,2.93298
0.171817,0.13685,2.95747
-0.0720779,0.197452,2.92948
0.0744609,0.203974,2.95149
-0.159599,0.216994,2.94581
-0.0352971,0.267227,2.93395
0.0305111,0.260202,2.94463
-0.0510203,-0.264732,2.99887
0.085173,-0.255526,2.97074
0.0244053,-0.221882,2.96737
-0.193292,-0.187155,2.9678
-0.0324357,-0.198586,2.96742
0.111903,-0.184659,2.98426
0.185421,-0.194821,2.97065
-0.231558,-0.138128,2.96536
-0.0914032,-0.147322,2.99935
-0.0259938,-0.13687,2.96996
0.0589552,-0.154207,2.973
0.175914,-0.141495,3.00127
0.225169,-0.147088,2.96378
-0.144849,-0.121599,2.97629
0.247977,-0.0987966,2.99621
-0.196806,-0.0872259,2.97151
-0.0189483,-0.0765474,2.98231
0.144908,-0.0907688,2.97699
-0.148716,-0.0550611,2.9931
-0.0893151,-0.0579211,2.9742
0.0495945,-0.0570982,2.97775
0.103094,-0.0256506,2.97261
0.173303,-0.0311075,2.99033
0.265581,-0.0472694,2.96503
-0.21922,0.00969838,2.9829
-0.116751,-0.00294737,2.98502
0.0479557,0.0139737,2.99758
0.253509,0.0125413,2.97717
-0.265284,0.0498683,2.97094
-0.15125,0.0474024,2.97295
-0.060305,0.0224263,2.98681
-0.00320903,0.0200864,2.96303
0.098283,0.0479856,2.98476
0.157294,0.0376715,2.96711
-0.0962894,0.0724807,2.98793
-0.0300303,0.076384,2.96674
0.136933,0.096259,2.98859
0.198513,0.0896889,2.98984
0.2586,0.0743325,2.97183
-0.134336,0.121145,2.98845
-0.0736781,0.133809,2.98058
0.0729291,0.107031,2.96478
-0.177408,0.164002,2.97318
-0.0124439,0.144612,2.98255
0.0479442,0.160361,2.98592
0.113905,0.158341,2.96395
0.232014,0.138183,2.97092
-0.116897,0.176742,2.96678
-0.0237571,0.213852,2.96375
0.185322,0.195137,2.97512
-0.112103,0.244413,2.97536
0.0304526,0.219994,2.99248
0.135789,0.233085,2.97426
-0.0103431,0.268398,2.99113
0.0791038,0.257175,2.98354
0.0200943,-0.268278,3.00873
-0.110248,-0.245401,3.00364
0.0608882,-0.22196,3.01728
0.128424,-0.237083,3.01203
-0.168294,-0.211332,3.01972
-0.0645649,-0.206253,3.01946
0.186023,-0.194413,3.03311
-0.214828,-0.16187,3.02069
-0.145588,-0.155481,3.02866
0.0103619,-0.174567,3.0053
0.0639078,-0.163362,3.03792
0.228021,-0.142918,3.03572
-0.248409,-0.0979717,3.01014
-0.186407,-0.107203,3.02954
-0.124795,-0.0978245,3.03055
-0.00725222,-0.118657,3.02605
0.057679,-0.106811,3.01339
0.117533,-0.135686,3.02193
-0.0646216,-0.0914212,3.02036
0.0179671,-0.0621824,3.03115
0.120049,-0.074119,3.03109
0.189174,-0.0837857,3.0202
-0.268485,-0.0221435,3.00353
-0.212834,-0.0465908,3.01459
-0.0854484,-0.0317527,3.03081
-0.0202955,-0.019836,3.00757
0.0743137,-0.0323923,3.02951
0.267564,-0.027342,3.02394
-0.16952,-0.0018512,3.01813
0.133038,0.00677134,3.01563
0.211395,-0.00104443,3.02877
-0.267085,0.0334957,3.03073
-0.206213,0.0470056,3.03126
-0.12276,0.0365873,3.03219
-0.0115084,0.0409399,3.02084
0.26582,0.0476893,3.02696
-0.253017,0.0935336,3.01382
-0.0499968,0.0947574,3.02299
0.0363742,0.0761102,3.00442
0.134669,0.0634296,3.04001
-0.191149,0.0998392,3.00177
0.0218167,0.129304,3.03221
0.0950959,0.132299,3.01705
0.244673,0.11143,3.02575
-0.222025,0.151936,3.01468
-0.160294,0.156387,3.03217
-0.0994858,0.143603,3.03605
-0.0379672,0.153632,3.03986
0.150481,0.160394,3.01441
0.211997,0.166093,3.02305
-0.164231,0.213572,3.00774
-0.0816342,0.199322,3.01317
-0.0217558,0.212199,3.02559
0.098236,0.197447,3.00923
0.155337,0.219754,3.03201
-0.0675262,0.260141,3.01592
0.0407311,0.26678,3.03262
-0.0791068,-0.257294,3.07525
0.0320167,-0.267509,3.0728
-0.0208074,-0.244199,3.04926
0.0923937,-0.253895,3.06005
0.146798,-0.22578,3.07042
-0.116503,-0.210145,3.0542
-0.00271712,-0.186563,3.06441
0.053161,-0.209819,3.0778
-0.057669,-0.144797,3.05073
0.115031,-0.172476,3.07233
0.16921,-0.142787,3.06313
-0.244376,-0.113007,3.07248
0.0227099,-0.108963,3.07862
0.0841429,-0.1134,3.06926
-0.204153,-0.0658821,3.07277
-0.031458,-0.0797745,3.07146
0.257083,-0.0803752,3.05511
-0.263087,-0.0566174,3.05459
0.165082,-0.0362102,3.05185
-0.227634,-0.00535007,3.05846
-0.170637,-0.0138053,3.07918
-0.0302742,-0.0179149,3.07828
0.023788,-0.00380742,3.05167
0.138735,0.0139607,3.07674
0.269338,0.00863447,3.07458
-0.163844,0.0477029,3.07699
-0.0643454,0.0243878,3.04838
0.0847116,0.0268176,3.04827
-0.258179,0.077162,3.07356
-0.120184,0.0909941,3.06176
-0.0049992,0.0844991,3.06457
0.0669646,0.0928766,3.05537
0.207614,0.0591774,3.04301
0.256483,0.0818032,3.07929
-0.234118,0.134537,3.07316
-0.180323,0.105977,3.06275
0.125496,0.116942,3.06926
0.182261,0.115755,3.04412
0.00968551,0.170376,3.07657
0.0691183,0.153148,3.06966
0.22838,0.141722,3.07786
-0.19653,0.184236,3.0734
-0.096232,0.191466,3.07523
0.0510675,0.208447,3.04976
0.125836,0.179022,3.06881
0.187355,0.188718,3.07569
-0.126636,0.238295,3.05007
0.100169,0.250159,3.04152
-0.0746701,0.258338,3.07817
-0.0181439,0.268271,3.053
-0.122327,-0.238583,3.11612
-0.0286477,-0.241167,3.11101
-0.169379,-0.210004,3.08713
-0.0615958,-0.19831,3.08049
0.189742,-0.19043,3.09772
-0.206169,-0.160602,3.08245
-0.122735,-0.171962,3.1028
-0.0311023,-0.150967,3.10625
0.0538898,-0.154868,3.10459
0.229007,-0.142234,3.10052
-0.155858,-0.123762,3.08133
-0.0949782,-0.111042,3.08739
-0.136149,-0.0648184,3.08079
0.140294,-0.0933254,3.0864
0.201417,-0.0913934,3.08021
0.25483,-0.0881059,3.11701
-0.266353,-0.0434261,3.11516
-0.0788586,-0.0506803,3.09904
0.0489665,-0.0529541,3.08391
0.109224,-0.0398815,3.08205
0.162274,-0.031999,3.11414
0.224004,-0.033865,3.08022
-0.11065,-0.000412613,3.08108
0.0217211,-0.00576072,3.11355
0.082507,0.00817802,3.11167
-0.268447,0.0201166,3.09691
-0.0191312,0.0400946,3.10542
0.0392174,0.0461571,3.08507
0.212849,0.0253397,3.09486
-0.208972,0.0740485,3.11003
-0.15074,0.0943857,3.11614
-0.0637887,0.0760552,3.08268
0.105195,0.0636526,3.09447
0.170265,0.0722286,3.08998
-0.0800822,0.134613,3.09474
0.0525187,0.0987447,3.1156
-0.140163,0.150206,3.09069
0.169094,0.138716,3.10838
-0.0379281,0.208639,3.08513
0.0840779,0.19904,3.11078
-0.157243,0.217979,3.10761
0.0194086,0.22686,3.1003
0.130954,0.235838,3.0934
-0.0247056,0.268159,3.11487
0.0718698,0.259349,3.09582
-0.0740054,-0.259156,3.1496
0.0204647,-0.268213,3.13762
0.0793361,-0.257066,3.12065
0.140547,-0.230684,3.13241
-0.165409,-0.207936,3.14946
-0.0796043,-0.198909,3.13879
0.00994016,-0.194159,3.12498
0.0920229,-0.19372,3.13235
-0.212079,-0.165911,3.14432
-0.155267,-0.139669,3.14519
-0.092804,-0.138438,3.14567
0.206518,-0.166625,3.15269
-0.203296,-0.109468,3.11923
0.0130273,-0.134982,3.14591
0.111296,-0.135231,3.12203
-0.123947,-0.0854581,3.13924
-0.0501667,-0.0968107,3.12832
0.00570502,-0.0689382,3.12605
0.0622744,-0.0974136,3.125
0.11592,-0.069452,3.13767
0.198168,-0.0761114,3.1403
-0.175776,-0.0540921,3.1264
-0.123111,-0.0231247,3.13788
-0.0193859,-0.0207328,3.1569
0.0617442,-0.039792,3.14583
0.267578,-0.0277221,3.12439
-0.269632,0.00274468,3.15692
-0.216646,-0.00615144,3.12067
-0.0659494,0.00438844,3.12396
0.210955,-0.00980463,3.14643
-0.184488,0.0369181,3.15236
-0.12745,0.0378394,3.12716
0.0267854,0.0510011,3.14556
0.157347,0.0287664,3.13289
0.263865,0.0421537,3.12681
-0.261511,0.0628846,3.14195
-0.0924592,0.0881556,3.13646
0.0871162,0.0637421,3.15356
0.138423,0.0930697,3.13803
0.205874,0.0663749,3.14076
-0.240879,0.121344,3.13355
-0.00892073,0.104324,3.123
0.243814,0.11407,3.13129
-0.189575,0.155751,3.128
-0.0337274,0.161476,3.12638
0.0408768,0.158182,3.12861
0.0997376,0.138285,3.12104
0.212543,0.165332,3.14721
-0.0970458,0.178265,3.13583
0.00467505,0.201093,3.15514
0.170926,0.208806,3.13236
-0.107277,0.247055,3.13023
-0.0527463,0.221148,3.14362
0.0538704,0.238516,3.15096
0.115929,0.24252,3.15357
-0.0141377,-0.217476,3.1776
0.0940407,-0.251265,3.18072
-0.119559,-0.180946,3.18225
0.0473442,-0.2111,3.17194
0.173016,-0.207326,3.18519
-0.039278,-0.161404,3.16729
0.0698586,-0.146459,3.16912
0.129217,-0.165491,3.17316
-0.244956,-0.11142,3.16557
-0.024465,-0.103267,3.18417
0.113979,-0.10852,3.1919
0.178993,-0.120995,3.18479
0.241613,-0.118109,3.17006
-0.17667,-0.0886526,3.17823
0.0355117,-0.0881687,3.17982
0.155976,-0.0632419,3.18402
-0.226414,-0.0523098,3.1616
-0.126508,-0.0542789,3.19307
-0.0730112,-0.0504639,3.16243
0.244193,-0.0538809,3.1756
-0.176172,-0.0194288,3.177
-0.0942241,0.015845,3.17726
0.0636269,0.0127943,3.17804
0.117747,-0.0113128,3.1594
0.269638,0.00537463,3.17679
-0.0408344,0.0454688,3.16355
0.216321,0.032903,3.19181
0.160214,0.05924,3.18584
0.258276,0.0763426,3.17856
-0.248391,0.099673,3.19131
-0.19036,0.101494,3.16352
-0.0481017,0.11583,3.1693
0.0117209,0.131229,3.17646
0.183897,0.115969,3.17112
-0.219834,0.154484,3.18215
-0.13829,0.138003,3.15829
-0.0576065,0.174855,3.18366
0.0736961,0.137709,3.17723
-0.176219,0.203939,3.16546
-0.120062,0.19508,3.19142
0.0751577,0.199775,3.19401
0.122679,0.180376,3.15949
0.158204,0.218638,3.1925
-0.080921,0.256745,3.18592
0.00362933,0.26983,3.16991
-0.0339145,-0.267117,3.20971
0.0343841,-0.266285,3.19828
-0.133014,-0.234763,3.20988
-0.0731578,-0.219909,3.19689
0.134068,-0.234398,3.22504
0.0312368,-0.213804,3.23207
0.0899974,-0.192363,3.21347
-0.207739,-0.144837,3.20282
-0.155882,-0.166311,3.22985
-0.0542964,-0.14394,3.22538
0.0132972,-0.16354,3.20006
0.154278,-0.156929,3.22951
0.213951,-0.163505,3.2143
-0.127321,-0.121155,3.19784
-0.224726,-0.0806159,3.21707
-0.0773729,-0.0872961,3.21255
0.254156,-0.090604,3.22464
-0.267381,-0.0372524,3.20558
-0.174003,-0.0479268,3.23181
-0.0250411,-0.0565525,3.22564
0.0249095,-0.03041,3.19934
0.0889585,-0.052318,3.19987
0.203545,-0.0544218,3.22313
0.26744,-0.0297233,3.22804
-0.21954,0.000280937,3.21667
-0.10981,-0.00878871,3.23254
-0.0440792,0.000147639,3.20985
0.166864,-0.00367173,3.19698
-0.266227,0.0416013,3.20553
-0.148584,0.0296173,3.20208
0.00927651,0.0301793,3.20079
0.11416,0.0262691,3.2104
0.266518,0.039988,3.22851
-0.203388,0.0597383,3.20793
-0.144242,0.0914576,3.20394
-0.0854374,0.0740995,3.19686
-0.0261572,0.078973,3.21379
0.0762997,0.0845744,3.21068
0.198367,0.0880367,3.22443
-0.0997157,0.135276,3.20686
0.0240787,0.109622,3.23356
0.128192,0.117458,3.19904
0.236548,0.13027,3.20011
-0.162766,0.149413,3.21403
-0.026221,0.145748,3.22845
0.12656,0.175427,3.22347
0.187201,0.166538,3.20647
-0.170996,0.208954,3.22751
0.0174486,0.188011,3.21446
-0.11875,0.24182,3.23285
-0.028628,0.227138,3.20102
0.109895,0.245379,3.22098
0.0521761,0.264482,3.2083
0.0195158,-0.268578,3.25873
0.0784294,-0.257164,3.24161
-0.15581,-0.21913,3.26593
-0.0929572,-0.253193,3.25414
-0.0405624,-0.219519,3.24935
-0.202834,-0.178018,3.26794
-0.0990882,-0.18796,3.24261
0.171265,-0.208341,3.26784
-0.00417621,-0.170142,3.25894
0.0541671,-0.15281,3.24494
-0.237295,-0.127889,3.25513
-0.176126,-0.109312,3.24328
-0.0974561,-0.131543,3.26885
-0.000650804,-0.111415,3.24053
0.112153,-0.118102,3.2535
0.195267,-0.112288,3.24449
-0.259998,-0.0700631,3.2675
-0.123708,-0.0773118,3.25281
-0.0650955,-0.078459,3.27299
0.0581422,-0.0914631,3.23749
0.134155,-0.0609785,3.24174
0.024763,-0.0444526,3.26062
-0.269778,-0.00827613,3.26084
-0.0587734,-0.0169181,3.26771
-0.00413813,0.010614,3.25756
0.0685546,-0.0071235,3.23684
0.157043,0.015676,3.25543
0.216935,0.00205261,3.24543
-0.234763,0.0427938,3.2593
-0.176422,0.0213562,3.2562
-0.125147,0.0564455,3.25255
-0.0643255,0.0435721,3.24937
0.042483,0.0509495,3.25029
0.0995971,0.0349431,3.26961
-0.0163045,0.0795702,3.27441
0.139079,0.0739644,3.24218
0.252516,0.0954638,3.2531
-0.248842,0.102879,3.25343
-0.18604,0.103598,3.2487
-0.127275,0.116738,3.26523
-0.0679022,0.105662,3.25119
0.161547,0.13127,3.24998
-0.21608,0.160283,3.24381
0.0289977,0.16115,3.2688
0.0782564,0.139908,3.23888
0.22088,0.149074,3.25643
-0.126366,0.177976,3.25704
-0.0722728,0.20123,3.23704
0.0758565,0.199867,3.25553
0.173332,0.206896,3.2519
-0.0615591,0.261781,3.24748
-4.74838e-05,0.269912,3.24192
0.0687149,0.260005,3.26825
-0.0353904,-0.267607,3.28818
0.0640279,-0.26012,3.30233
0.0030254,-0.220043,3.2938
0.120748,-0.24061,3.2853
-0.110617,-0.181977,3.30305
-0.048268,-0.18478,3.30044
0.0607125,-0.199671,3.28504
0.117303,-0.176354,3.27564
-0.157962,-0.142472,3.29301
0.213764,-0.163546,3.27663
-0.0300133,-0.125515,3.29334
0.0757552,-0.135874,3.30054
0.160752,-0.134811,3.29128
0.245637,-0.110518,3.28275
-0.206957,-0.0892591,3.29333
-0.13254,-0.0890441,3.31343
0.0272373,-0.0970175,3.29439
0.134931,-0.0792733,3.3013
0.196024,-0.0882197,3.31246
-0.213579,-0.029554,3.27497
-0.14451,-0.0255487,3.28177
-0.0932979,-0.0401586,3.31346
-0.00974319,-0.0248628,3.30832
0.0843489,-0.0518916,3.27728
0.177156,-0.0386446,3.27967
0.238327,-0.0489584,3.27959
-0.10092,0.0192975,3.29619
0.0475118,0.00653825,3.29356
0.125298,-0.0118272,3.30162
0.214653,0.00181601,3.30742
0.269766,0.00475968,3.27974
-0.266312,0.0398405,3.31314
-0.148392,0.0575523,3.31048
-0.0395928,0.0293859,3.30486
0.20183,0.0540364,3.27601
-0.20675,0.0786372,3.30147
-0.0701171,0.0828936,3.30863
0.14773,0.068244,3.30344
0.26167,0.0615764,3.30407
-0.169559,0.135112,3.30647
0.0521975,0.0994899,3.28785
0.112357,0.114309,3.28334
0.188258,0.115404,3.30352
-0.230967,0.13934,3.30035
-0.0840518,0.145896,3.29887
-0.0238275,0.138615,3.29032
0.0797911,0.16291,3.30461
0.139729,0.172326,3.29118
-0.188979,0.191578,3.29017
-0.0447736,0.196829,3.29172
0.202004,0.178519,3.30684
-0.140206,0.23031,3.28997
0.0112801,0.220127,3.27724
0.123498,0.23164,3.28025
-0.0844458,0.254072,3.30507
0.00965228,-0.269227,3.33142
-0.140741,-0.230067,3.33023
-0.0814605,-0.235885,3.31442
-0.0297164,-0.223271,3.34638
0.156237,-0.219495,3.33192
-0.188892,-0.191643,3.32672
0.0332357,-0.213191,3.34736
0.0944027,-0.214081,3.3348
0.202208,-0.177873,3.33615
-0.227147,-0.144295,3.31449
0.0209507,-0.161386,3.31512
0.130613,-0.16365,3.33739
-0.180675,-0.114528,3.34408
-0.0814583,-0.121316,3.32834
0.10154,-0.110989,3.35077
0.236992,-0.126507,3.34222
-0.253304,-0.0929623,3.33755
-0.0392363,-0.0753427,3.32944
0.259947,-0.0689387,3.33446
-0.237919,-0.0330769,3.33196
-0.177237,-0.0487933,3.32935
0.0460594,-0.0463629,3.32565
0.104629,-0.0495474,3.34667
0.185281,-0.0371592,3.34604
-0.188869,0.0102857,3.31526
-0.135793,-0.000634771,3.34515
-0.0749345,0.0096483,3.35203
0.269438,-0.00765017,3.34063
0.0193937,0.0559372,3.31802
0.0807237,0.0544864,3.32404
0.16401,0.0204646,3.33814
-0.252039,0.0965138,3.34034
0.208504,0.066111,3.33631
-0.120311,0.10859,3.33288
-0.0191412,0.10017,3.33893
0.0819296,0.113219,3.34054
0.140822,0.133318,3.33979
0.2422,0.11813,3.33335
-0.0247384,0.168147,3.34877
0.0265394,0.140362,3.32714
-0.180245,0.200742,3.35129
-0.129125,0.17949,3.32389
-0.0762126,0.205471,3.34419
0.0452611,0.208907,3.32837
0.103631,0.198613,3.34881
-0.129441,0.236542,3.35102
-0.0139174,0.227896,3.33514
0.159106,0.217414,3.32938
0.0291742,0.267763,3.31582
0.0891343,0.254574,3.32693
-0.0543013,-0.264197,3.38594
0.0678198,-0.260822,3.36547
-0.0971874,-0.220847,3.3738
-0.169238,-0.210121,3.38287
-0.00482336,-0.181952,3.38514
0.176297,-0.203935,3.38898
-0.21537,-0.161104,3.37363
-0.128618,-0.168733,3.36059
-0.0620765,-0.171584,3.35956
0.0513063,-0.158348,3.36997
-0.125168,-0.107735,3.37253
-0.0655505,-0.116198,3.38896
-0.0163668,-0.12982,3.35349
0.0383076,-0.0997213,3.35575
0.17573,-0.125713,3.35815
-0.203611,-0.0693366,3.38172
-0.0849005,-0.0601624,3.37115
-0.0117032,-0.0768609,3.38507
0.152158,-0.0681501,3.38815
0.253598,-0.0926364,3.39172
-0.264047,-0.0536435,3.38475
-0.145047,-0.0494778,3.38226
0.0411676,-0.0441645,3.38753
-0.269282,0.0077135,3.36666
-0.199294,-0.00808809,3.37401
-0.022641,-0.0188794,3.36861
0.0318851,0.00722935,3.35405
0.106385,0.010726,3.35863
0.217269,0.0115618,3.36827
-0.216889,0.0477328,3.35452
-0.115643,0.0550292,3.36425
-0.0209579,0.0428937,3.36276
0.178418,0.0556109,3.38919
0.265424,0.0496349,3.36475
-0.176405,0.0946214,3.35317
-0.0640464,0.086483,3.38017
0.0454207,0.0643861,3.37426
0.126315,0.0752346,3.36131
0.0100296,0.128217,3.38599
0.192725,0.118338,3.37103
-0.218206,0.151919,3.35965
-0.153701,0.148825,3.37211
-0.0802431,0.144564,3.36373
0.0616545,0.161054,3.37392
0.0156389,0.201501,3.38271
0.195486,0.18488,3.36787
0.141649,0.229241,3.38759
-0.0582178,0.26284,3.36107
0.00164567,0.269779,3.37856
0.0632437,0.261262,3.38329
0.00740593,-0.269437,3.39374
0.0704048,-0.259419,3.42742
-0.106275,-0.247331,3.42941
0.0118131,-0.220226,3.43125
0.129753,-0.236579,3.41601
-0.0503621,-0.210238,3.4161
0.0799678,-0.207298,3.39455
-0.164104,-0.144085,3.40497
-0.094117,-0.166016,3.4124
0.101253,-0.143063,3.40396
0.157765,-0.156999,3.42566
0.217862,-0.157393,3.39284
-0.245179,-0.111857,3.39676
0.0130746,-0.12781,3.40822
0.192401,-0.105773,3.41694
-0.108543,-0.061972,3.43023
0.0921898,-0.0765349,3.40125
-0.0504865,-0.0436513,3.41967
0.218484,-0.0424334,3.39836
-0.269498,-0.00831782,3.42706
-0.169489,-0.0148055,3.42799
-0.105116,-0.00546417,3.40441
-0.0460393,0.017645,3.41308
0.0452083,0.0163201,3.41408
0.10178,-0.016435,3.41414
0.160237,-0.00649036,3.39439
0.212737,0.018673,3.42914
0.269514,-0.00477454,3.40287
-0.155572,0.0446239,3.41118
-0.0956806,0.052941,3.4239
0.099806,0.0458536,3.40898
0.264709,0.052513,3.42699
-0.262399,0.0637884,3.39247
-0.205151,0.0810451,3.40548
-0.00229719,0.0738303,3.41319
-0.233997,0.134568,3.4171
-0.129418,0.101118,3.40367
0.0791888,0.108467,3.4019
0.147509,0.104995,3.41164
0.24921,0.102278,3.39296
-0.0879165,0.142361,3.42546
-0.0261438,0.152969,3.43039
0.0363215,0.162531,3.43043
0.140574,0.166942,3.3922
0.220975,0.152971,3.41472
-0.19661,0.183632,3.40877
-0.111639,0.189805,3.39306
-0.0450067,0.202361,3.3975
0.0843056,0.207788,3.40739
0.181335,0.199515,3.42623
-0.151658,0.222302,3.42781
-0.100724,0.249948,3.40481
-0.0430561,0.266153,3.42192
-0.0313113,-0.267226,3.44397
0.025651,-0.26791,3.46967
-0.14361,-0.193999,3.43696
-0.0879029,-0.199564,3.4643
0.103792,-0.196713,3.45587
0.168502,-0.210233,3.45703
-0.215286,-0.16128,3.43583
-0.0391694,-0.148207,3.43549
0.0118575,-0.138399,3.4698
0.0525006,-0.168351,3.4336
0.212269,-0.165897,3.45424
-0.197564,-0.101342,3.43501
-0.122131,-0.120933,3.44459
0.0952084,-0.136284,3.46546
0.244729,-0.112759,3.44985
-0.259426,-0.0718414,3.44433
-0.070595,-0.0943914,3.46678
-0.0121875,-0.0857135,3.44652
0.052596,-0.0969656,3.44366
0.135499,-0.0951248,3.44183
0.0069277,-0.0271583,3.43658
0.0637086,-0.0296653,3.46158
0.175789,-0.0476999,3.44248
0.263909,-0.0541373,3.44051
-0.126183,0.0140725,3.46198
-0.221528,0.0301185,3.43539
-0.00502251,0.0303682,3.4577
0.0993144,0.0286458,3.46811
0.154846,0.0358312,3.44277
-0.256334,0.0793218,3.45186
-0.0528047,0.0939915,3.4428
0.0466685,0.0666198,3.45086
0.104888,0.08858,3.45403
0.210226,0.0809061,3.43641
-0.183184,0.104945,3.45782
-0.113004,0.100063,3.46391
-0.149612,0.151539,3.43404
0.0991747,0.15526,3.43745
0.162003,0.147582,3.45447
-0.0612335,0.20367,3.45759
-0.00165123,0.209955,3.44144
0.0684046,0.201203,3.46718
-0.104093,0.248083,3.46707
0.128599,0.223494,3.44776
0.0163802,0.268962,3.44075
0.0773479,0.25786,3.444
-0.078406,-0.257226,3.48586
-0.136071,-0.233101,3.48483
0.0965766,-0.251974,3.48335
-0.187176,-0.193489,3.48122
-0.020235,-0.191422,3.47631
0.0462594,-0.207694,3.48145
-0.131721,-0.17004,3.49718
-0.0638578,-0.150216,3.49273
0.128341,-0.16861,3.50632
0.232367,-0.137064,3.50569
-0.229851,-0.130757,3.48799
-0.168256,-0.120743,3.48646
0.16933,-0.129809,3.48083
-0.213591,-0.0701632,3.48596
-0.0251014,-0.0824843,3.50702
0.0360976,-0.0913399,3.50223
0.0946251,-0.0780839,3.48564
0.206345,-0.080398,3.48546
0.262633,-0.0596161,3.50267
-0.263058,-0.0342909,3.49891
-0.155404,-0.0581666,3.47043
-0.0996103,-0.0368489,3.48636
-0.0387594,-0.0292658,3.4786
0.0176617,-0.032762,3.50313
0.125215,-0.0267239,3.47072
0.222375,-0.0216411,3.47462
-0.204596,-0.00943672,3.4792
0.268595,0.0193208,3.47947
-0.267658,0.0248822,3.47997
-0.176978,0.0464642,3.47839
-0.0657825,0.0260151,3.47131
0.0439472,0.0223392,3.49454
0.149234,0.0348292,3.50488
0.209432,0.0377816,3.48831
-0.0672857,0.0797072,3.50146
0.0800407,0.0710174,3.50806
0.162455,0.0887052,3.47499
0.256929,0.0804079,3.48208
-0.235787,0.131124,3.47899
-0.00379632,0.115815,3.47513
0.0580853,0.123624,3.47322
-0.160408,0.143391,3.5005
-0.0604803,0.142228,3.48139
0.232031,0.137007,3.47363
-0.199442,0.181074,3.47085
-0.113186,0.176406,3.47731
-0.0171425,0.210447,3.5011
0.12157,0.178536,3.49048
0.179996,0.200427,3.48807
-0.154952,0.220206,3.4901
0.126878,0.238057,3.50742
-0.0296173,0.267808,3.48283
0.0429473,0.266314,3.49709
-0.0567136,-0.263336,3.54724
0.050616,-0.261219,3.52652
-0.115536,-0.242901,3.54287
-0.0102251,-0.241044,3.5122
0.145227,-0.227265,3.51352
-0.061872,-0.207635,3.52003
0.0270071,-0.199692,3.54008
0.0870704,-0.210608,3.52826
0.190264,-0.18431,3.50943
-0.210287,-0.168877,3.53324
0.0567063,-0.153143,3.51126
-0.194837,-0.0982097,3.53809
-0.111219,-0.112559,3.51065
-0.0579394,-0.118234,3.54521
0.00088461,-0.133738,3.5311
0.124165,-0.109948,3.53023
0.18694,-0.108726,3.53719
-0.254981,-0.0893803,3.52691
-0.0827216,-0.0613759,3.54075
0.0911817,-0.0588856,3.54445
0.15571,-0.0591197,3.51392
-0.177226,-0.0396632,3.52589
0.211076,-0.038335,3.53313
-0.232009,0.0128663,3.5303
-0.131259,0.00222707,3.52298
-0.0673813,-0.00245795,3.52681
-0.00775431,0.00995071,3.54019
0.100455,-0.00160865,3.52225
0.24611,0.019302,3.5375
-0.177081,0.0401942,3.54054
-0.256056,0.0837198,3.51387
-0.194969,0.0948866,3.51821
-0.126462,0.0636384,3.51275
-0.00746561,0.0643252,3.51002
0.141871,0.0874944,3.53742
0.207052,0.0928653,3.51696
-0.105219,0.124369,3.52094
0.0342573,0.107011,3.52793
0.0986487,0.129066,3.52037
-0.228618,0.14264,3.53913
-0.02016,0.154707,3.52709
0.0374944,0.168834,3.51001
0.164604,0.141701,3.51634
0.223609,0.149906,3.53371
-0.189675,0.190591,3.53241
-0.129855,0.176784,3.54341
-0.0722593,0.187824,3.52217
0.0699844,0.218919,3.52692
-0.0766093,0.257836,3.52219
-0.0158158,0.26855,3.54357
0.00282088,-0.269754,3.56572
0.121221,-0.240314,3.57126
-0.166346,-0.208336,3.55332
-0.0755222,-0.21383,3.58058
-0.0269136,-0.179135,3.56298
0.17355,-0.206707,3.56509
-0.155385,-0.14484,3.54917
-0.0971897,-0.165659,3.54873
0.0971937,-0.157807,3.55863
0.156088,-0.147961,3.57396
0.215764,-0.16044,3.56103
-0.237037,-0.12839,3.57232
0.0578065,-0.110246,3.55653
0.251262,-0.0979908,3.55052
-0.140229,-0.0776717,3.5576
-0.0415372,-0.0745547,3.58558
0.0118827,-0.0677354,3.55434
0.144652,-0.068258,3.57467
0.205796,-0.0728371,3.58431
-0.2266,-0.047676,3.56301
0.267007,-0.0349242,3.55981
-0.269721,-0.00513686,3.57613
-0.164238,-0.00794191,3.57767
-0.102952,-0.00207023,3.57815
0.0480603,-0.0146276,3.55376
0.107838,-0.0107801,3.58349
0.159181,-0.00805109,3.54888
0.213428,-0.00409209,3.58536
-0.263502,0.0564087,3.56903
-0.0749726,0.051448,3.55631
-0.0125599,0.0547716,3.58308
0.0396335,0.0491092,3.54996
0.100787,0.0469597,3.56128
0.191682,0.044931,3.55327
-0.131138,0.0808575,3.57263
-0.170852,0.133268,3.56092
-0.0906427,0.127697,3.58111
-0.0384389,0.101596,3.55178
0.0725414,0.100349,3.57683
0.188711,0.103893,3.57513
0.250391,0.0997584,3.56059
0.0142408,0.139127,3.57601
0.0714575,0.161715,3.56601
0.137538,0.139193,3.57234
0.0151233,0.206836,3.55387
0.122036,0.194662,3.55049
0.184506,0.195915,3.54962
-0.126425,0.237948,3.55332
-0.0518928,0.223613,3.56826
0.101453,0.249706,3.57078
0.0413507,0.266362,3.56851
-0.0549421,-0.264085,3.60966
0.0572782,-0.263545,3.59593
-0.12215,-0.239732,3.6128
0.00979252,-0.216421,3.59732
0.152798,-0.221332,3.62188
-0.202643,-0.17826,3.59423
-0.133927,-0.178408,3.59752
0.0698704,-0.204298,3.58786
0.20435,-0.176177,3.62029
-0.0524565,-0.139442,3.60322
0.0562357,-0.146921,3.60658
0.11351,-0.170858,3.61737
-0.181328,-0.120726,3.60028
-0.110263,-0.121149,3.59001
0.00430753,-0.115925,3.59257
0.10675,-0.111633,3.59874
0.175186,-0.112728,3.621
0.238271,-0.125464,3.60741
-0.183851,-0.0592089,3.60636
-0.0998375,-0.0600199,3.60066
0.0572415,-0.0628174,3.59606
0.260809,-0.0676942,3.61243
-0.264266,-0.0528735,3.61601
0.00233605,-0.0371109,3.60758
0.110907,-0.0560802,3.62566
-0.0430123,0.00149333,3.59068
0.0542599,-0.00376218,3.61424
0.269349,-0.00655318,3.62213
-0.265889,0.0312319,3.6264
-0.213055,0.0277839,3.59
-0.152541,0.0410982,3.62137
-0.0914936,0.052922,3.61574
0.0430346,0.0572141,3.61097
0.100208,0.0366861,3.62274
0.157136,0.0254697,3.60114
0.208751,0.0580802,3.61187
0.26581,0.0468466,3.58987
-0.18851,0.0855911,3.59694
-0.0468986,0.0969237,3.61307
0.13311,0.0838663,3.59924
-0.244827,0.111633,3.59145
0.16983,0.134339,3.62587
0.248028,0.104811,3.62253
-0.212579,0.165076,3.59453
-0.159347,0.142538,3.62123
-0.0391952,0.157301,3.60051
0.220593,0.153708,3.59529
-0.169564,0.209819,3.58804
-0.115496,0.183337,3.60374
-0.00370081,0.211542,3.61255
0.0586884,0.21369,3.59787
0.120041,0.205045,3.61098
0.18148,0.199412,3.61132
-0.0933018,0.253648,3.60371
-0.0282871,0.267852,3.60464
0.00413159,-0.269906,3.62802
0.100505,-0.25,3.64034
-0.170484,-0.209077,3.63763
-0.0951585,-0.19304,3.64428
-0.0361745,-0.213122,3.63904
0.0494303,-0.214628,3.64576
-0.212135,-0.16619,3.65469
-0.148421,-0.151124,3.65184
-0.0498002,-0.15438,3.66291
0.00177646,-0.164811,3.63045
0.157795,-0.172988,3.66111
-0.245368,-0.110393,3.6313
-0.192181,-0.108078,3.66359
-0.0782878,-0.0997127,3.64387
0.0647886,-0.0989924,3.64532
0.120127,-0.124004,3.65814
0.249522,-0.10127,3.66392
-0.139669,-0.091349,3.63583
-0.0112504,-0.0853843,3.64477
-0.0533018,-0.0401157,3.63576
0.0374594,-0.0446484,3.65842
0.172467,-0.0508222,3.63145
0.22791,-0.0429139,3.65821
-0.215383,-0.0143722,3.63601
-0.131815,-0.0167173,3.63178
-0.0583583,0.0186659,3.65569
-0.000682352,0.0192587,3.63275
0.135629,-0.00488185,3.65106
0.196027,0.00904053,3.6475
-0.209609,0.0462941,3.649
0.264497,0.0525311,3.65202
-0.255191,0.0880603,3.64912
-0.124471,0.0968072,3.64458
0.0850552,0.0944142,3.63774
0.159975,0.063692,3.651
-0.183973,0.101689,3.66142
0.0132561,0.107725,3.62989
-0.227991,0.143699,3.65057
-0.0846291,0.143907,3.64079
-0.0300908,0.165766,3.66136
0.0346736,0.165307,3.62814
0.110873,0.150094,3.63698
0.218893,0.15623,3.65721
-0.187944,0.192395,3.6448
-0.0634217,0.206451,3.62893
0.0784027,0.199367,3.65656
-0.139663,0.231021,3.63862
-0.0617098,0.262072,3.65677
0.0282478,0.262781,3.62976
0.0899535,0.254844,3.63205
-0.0713361,-0.25933,3.66929
0.0310001,-0.267353,3.68395
0.0890714,-0.254726,3.70257
-0.129072,-0.236456,3.67495
0.142179,-0.22923,3.68272
-0.111725,-0.175931,3.70273
-0.0577325,-0.205865,3.69668
0.00349354,-0.21091,3.68752
0.110538,-0.179364,3.70105
0.0633181,-0.157254,3.66755
0.207019,-0.173326,3.69903
-0.235109,-0.132249,3.70158
-0.082197,-0.120881,3.70312
0.0087799,-0.131221,3.68211
-0.238455,-0.0685731,3.67673
-0.131429,-0.0837783,3.69646
-0.0503929,-0.0691471,3.69063
0.109261,-0.0692727,3.68607
0.168983,-0.0913766,3.67861
-0.172928,-0.0483843,3.6666
-0.0950737,-0.0265564,3.68125
0.176085,-0.0313479,3.69041
-0.268987,-0.0150557,3.66786
-0.214962,-0.0154029,3.69868
-0.164907,0.0127668,3.67558
-0.0153009,-0.0187392,3.67922
0.0749909,0.00305828,3.67183
0.269635,0.00110587,3.68675
-0.257096,0.0417432,3.69101
-0.111669,0.0439545,3.67383
0.115484,0.0463934,3.69058
0.211477,0.056501,3.6843
-0.0604674,0.0791521,3.6706
0.0104923,0.0642827,3.67389
0.0656428,0.0830616,3.69536
-0.230649,0.107919,3.70281
0.00628615,0.12443,3.68931
0.120944,0.112261,3.68569
0.183363,0.112066,3.68265
0.246694,0.107573,3.68461
-0.201669,0.169164,3.70051
-0.143623,0.144626,3.68158
-0.0741217,0.148635,3.70207
0.0646754,0.142509,3.67774
0.12558,0.175445,3.69186
-0.105391,0.19288,3.67269
0.0182277,0.207371,3.67039
0.178881,0.201599,3.6729
-0.160349,0.216018,3.69565
-0.104608,0.248486,3.69992
-0.0521878,0.215257,3.69617
0.127726,0.23704,3.67854
-0.00542324,0.26365,3.68352
0.0569303,0.263423,3.68501
-0.0254157,-0.267738,3.71065
-0.151744,-0.222023,3.73137
-0.0963333,-0.250702,3.72586
0.0402112,-0.23131,3.73356
-0.197392,-0.18345,3.71309
0.169752,-0.209573,3.73489
-0.0324416,-0.154406,3.72252
0.0359865,-0.170444,3.72209
-0.157421,-0.136345,3.71664
0.0615479,-0.108255,3.70623
0.120366,-0.121413,3.7204
0.181675,-0.125448,3.72817
0.243076,-0.115897,3.72823
-0.256315,-0.0838845,3.73441
-0.195439,-0.0874753,3.72215
-0.0896734,-0.0679147,3.73917
0.00952339,-0.0739067,3.70585
0.146223,-0.0670855,3.7356
0.207662,-0.0649679,3.73193
-0.268216,-0.0227608,3.72985
-0.14527,-0.0273512,3.71846
0.00780466,-0.019611,3.73552
0.063272,-0.0397356,3.71579
0.263347,-0.0575026,3.70662
-0.0541352,-0.0188111,3.72778
0.120955,-0.012213,3.71051
0.184831,0.018665,3.72526
0.239969,-0.0129112,3.74363
-0.138628,0.0337188,3.72834
-0.0804375,0.0536528,3.73783
-0.0263345,0.034592,3.71353
0.0426516,0.028524,3.71789
0.264136,0.0557156,3.71645
-0.190898,0.0599819,3.70685
0.0167545,0.0824726,3.7333
0.155886,0.0773703,3.72657
-0.174179,0.116195,3.72805
-0.110168,0.0977822,3.70536
-0.041946,0.101207,3.7253
0.0829557,0.118742,3.74285
-0.0140307,0.173522,3.72087
0.0464943,0.167569,3.73176
0.157246,0.139447,3.73219
0.209502,0.169935,3.71687
-0.122518,0.176515,3.73094
0.166537,0.211813,3.73255
0.0185792,0.227461,3.72842
0.0814609,0.215956,3.71607
-0.0449571,0.265953,3.73185
-0.0579697,-0.263043,3.77325
0.00345591,-0.269869,3.76592
0.0680925,-0.260141,3.78118
-0.0199486,-0.215527,3.74523
0.0982489,-0.215547,3.74987
-0.188276,-0.192553,3.77418
-0.128534,-0.177853,3.78263
-0.0753189,-0.187711,3.75289
-0.227008,-0.145254,3.76197
-0.0115228,-0.162385,3.78059
0.0764174,-0.147644,3.76371
0.13617,-0.165337,3.763
0.209393,-0.169771,3.76172
-0.16943,-0.12906,3.77745
-0.110924,-0.123802,3.75725
0.0224459,-0.118202,3.75305
0.155093,-0.108658,3.78086
-0.215844,-0.0875463,3.78137
-0.147792,-0.0734828,3.75975
-0.0359678,-0.0976261,3.74782
0.0295659,-0.0604243,3.77511
0.0977436,-0.0890819,3.76815
0.259973,-0.0693828,3.76726
-0.196548,-0.0348262,3.75501
0.110594,-0.0285635,3.76834
0.172816,-0.0226185,3.77019
-0.269223,0.0117776,3.78181
-0.165086,0.0125605,3.77984
-0.110525,-0.0171134,3.76917
-0.0576759,0.0140924,3.78034
0.0546269,-0.002757,3.77233
-0.218729,0.0226075,3.74773
0.00420627,0.0329787,3.76782
0.132722,0.028177,3.75696
0.26714,0.0337848,3.77479
-0.259006,0.0722026,3.74553
-0.190968,0.0713031,3.77387
-0.131338,0.0852493,3.76267
-0.0398559,0.0739352,3.78065
0.0790702,0.0589476,3.75781
0.213168,0.0678198,3.74941
-0.0898943,0.131683,3.75955
-0.00574463,0.130281,3.76654
0.189169,0.11607,3.78049
0.239379,0.123416,3.74425
-0.226258,0.145804,3.75212
-0.154553,0.146982,3.7785
0.10952,0.174139,3.75197
-0.184117,0.19623,3.75353
-0.0648195,0.191395,3.75221
0.00796102,0.189963,3.7765
0.200348,0.180304,3.77738
-0.134689,0.233801,3.75242
-0.0802604,0.246644,3.77964
0.1215,0.23995,3.76378
0.00496393,0.269821,3.77109
0.0640835,0.261417,3.75413
-0.115806,-0.24084,3.7843
0.0219712,-0.216646,3.79123
0.145075,-0.224508,3.79018
-0.0450381,-0.209911,3.80224
0.0894258,-0.19194,3.80645
0.189943,-0.190635,3.81723
-0.0690298,-0.145344,3.79791
0.0354056,-0.164846,3.82152
-0.122855,-0.121568,3.81787
0.0531499,-0.108044,3.80601
0.109339,-0.133519,3.8148
0.239293,-0.12349,3.79072
-0.167132,-0.0780457,3.8182
-0.0730649,-0.0832973,3.79705
-0.0130109,-0.0976186,3.80565
0.203839,-0.0723781,3.79364
-0.265223,-0.0500156,3.7859
-0.212314,-0.0352869,3.81543
-0.0288457,-0.040925,3.78495
0.0762941,-0.0489069,3.81459
0.268026,-0.0206154,3.80527
-0.00333999,0.00424424,3.82167
0.134338,0.00470131,3.81445
-0.216999,0.0265937,3.81092
-0.111719,0.0357906,3.80253
0.065329,0.0405599,3.81515
0.182888,0.0374311,3.79406
-0.25556,0.0853018,3.80653
-0.090686,0.0942005,3.80901
0.0296535,0.0870765,3.79412
0.125728,0.0660778,3.80615
0.254163,0.0912797,3.79501
-0.205605,0.122808,3.80501
0.127876,0.125064,3.78561
-0.054499,0.144837,3.80914
0.0510581,0.145524,3.78928
0.226924,0.144818,3.82073
-0.197014,0.183678,3.81293
-0.108604,0.185267,3.79573
-0.0428035,0.206001,3.80882
0.0675716,0.20691,3.78438
0.143707,0.185403,3.80216
-0.0354718,0.267049,3.81769
0.065753,0.260802,3.81645
-0.0820969,-0.256125,3.83465
-0.0217439,-0.268143,3.82377
0.0393897,-0.266799,3.83616
-0.148603,-0.224417,3.83478
-0.0198666,-0.216246,3.85839
0.108573,-0.24634,3.83577
-0.0949994,-0.190554,3.83381
0.060875,-0.21294,3.85776
0.135566,-0.186491,3.84762
-0.227594,-0.14485,3.82979
-0.169617,-0.166378,3.82748
-0.0262143,-0.156992,3.84104
0.228571,-0.142598,3.84924
-0.0756664,-0.119891,3.85809
0.0180263,-0.115967,3.85622
0.168404,-0.135208,3.83468
-0.25464,-0.0889457,3.83338
0.0865252,-0.0929433,3.8562
0.13441,-0.0691944,3.82404
0.20018,-0.0855817,3.85452
0.257118,-0.0773785,3.8288
-0.267507,-0.0288506,3.84445
-0.16461,-0.0300441,3.85713
-0.113898,-0.0454018,3.82466
0.0184398,-0.0526124,3.83522
0.185884,-0.0262729,3.83088
-0.0601342,-0.0158174,3.83507
0.0453288,0.00221812,3.85989
-0.161589,0.0289723,3.83933
-0.0583748,0.0464561,3.83339
0.211527,0.0274283,3.84844
-0.201746,0.0759965,3.84492
-0.115399,0.06549,3.8581
-0.0196282,0.0975398,3.83403
0.0361869,0.0816591,3.85587
0.206325,0.0874889,3.83332
0.261478,0.0642573,3.85079
-0.238403,0.126504,3.85716
-0.149772,0.104606,3.82451
-0.098664,0.128445,3.86025
0.0839729,0.10805,3.82617
0.165147,0.136398,3.83449
-0.145421,0.164505,3.84154
0.00358613,0.156145,3.82852
0.0654322,0.169692,3.84453
-0.0835266,0.188445,3.85255
0.123783,0.183485,3.86095
0.183287,0.197432,3.84864
-0.149923,0.223566,3.82234
-0.096817,0.251572,3.8397
0.0257502,0.215557,3.82983
0.123465,0.239209,3.82565
0.0116489,0.269036,3.85863
-0.00156241,-0.269954,3.88321
0.0804982,-0.256795,3.89754
-0.120174,-0.240581,3.88789
-0.0586662,-0.24799,3.89571
0.137431,-0.232245,3.88972
-0.204254,-0.176022,3.87865
-0.0631249,-0.181166,3.88669
0.191277,-0.189568,3.87969
-0.127674,-0.152863,3.87098
0.0193224,-0.172886,3.88039
0.0786761,-0.154013,3.86501
-0.240297,-0.121918,3.88664
-0.18377,-0.117194,3.86264
0.173548,-0.132963,3.8961
-0.131571,-0.0860802,3.86847
-0.0300892,-0.0778921,3.86376
0.25676,-0.0808396,3.89072
-0.218813,-0.05744,3.87332
-0.0829611,-0.0510509,3.88045
-0.00683654,-0.0225621,3.88264
0.0511069,-0.0530488,3.88834
0.155006,-0.0496774,3.87936
0.215678,-0.0337201,3.88506
-0.269207,0.0100231,3.89306
-0.211098,0.00890082,3.87125
-0.111735,0.00220043,3.8653
-0.0575195,0.0114111,3.89466
0.103297,-0.019279,3.8621
0.155908,0.0123093,3.87198
0.269591,0.00372779,3.86265
-0.00890562,0.0418959,3.87112
-0.260859,0.0655224,3.86557
-0.166272,0.0603555,3.89297
-0.0617995,0.0839038,3.88271
0.0937828,0.0611233,3.86565
0.154142,0.0737994,3.8623
-0.179063,0.124694,3.87565
0.11923,0.123435,3.87522
0.241695,0.118216,3.87471
-0.0391932,0.14144,3.87284
0.0261561,0.143691,3.88502
0.190993,0.150993,3.88949
-0.196618,0.18399,3.87518
-0.139552,0.205449,3.8882
-0.00886679,0.195041,3.8769
0.0498282,0.212469,3.8869
-0.0441028,0.245962,3.87487
0.0970264,0.251729,3.87998
0.149221,0.224261,3.89995
0.0321702,-0.267462,3.93567
-0.000222947,-0.217908,3.9171
-0.167715,-0.21086,3.91547
-0.166986,-0.141057,3.91741
-0.112301,-0.168639,3.92858
-0.015279,-0.139696,3.91961
0.0628896,-0.171377,3.92449
0.123229,-0.168334,3.90579
-0.061686,-0.099149,3.915
0.0547786,-0.113241,3.9054
0.233654,-0.135125,3.91105
-0.258361,-0.075555,3.92382
-0.169498,-0.0598069,3.91136
-0.121937,-0.0959143,3.92855
0.00341318,-0.0801041,3.91827
0.124286,-0.0975069,3.90476
0.20055,-0.0826067,3.92058
-0.22423,-0.0237417,3.92541
-0.0442499,-0.0409795,3.92812
0.10522,-0.0409326,3.91964
0.163374,-0.0299615,3.93747
0.267799,-0.0249555,3.91785
-0.159066,0.00159038,3.91044
-0.102212,-0.0161852,3.92746
-0.00317605,0.016065,3.93123
0.0533056,-0.0102207,3.93345
-0.212577,0.0372123,3.92684
-0.107892,0.0450208,3.91637
-0.0502196,0.0561498,3.93716
0.0454599,0.0446476,3.90514
0.102508,0.0202069,3.91019
0.165135,0.0317104,3.92993
0.223278,0.0229105,3.90936
-0.227316,0.095162,3.9096
-0.00529823,0.0942508,3.90489
0.125074,0.0776907,3.91713
0.197543,0.079747,3.90667
0.259239,0.073005,3.91327
-0.171217,0.106041,3.93424
-0.072732,0.134808,3.92438
0.0689173,0.102039,3.90492
0.227007,0.127122,3.93462
-0.131949,0.147321,3.9093
-0.0162739,0.160133,3.92785
0.0816802,0.162847,3.90547
0.141169,0.166983,3.92308
-0.183873,0.196356,3.93475
-0.0621776,0.198263,3.91007
-0.0993957,0.250711,3.90223
0.011607,0.215233,3.93593
-0.0216137,0.268114,3.92845
0.0392172,0.266889,3.91464
-0.0457363,-0.266225,3.95435
-0.0939722,-0.226668,3.94279
-0.0154336,-0.217653,3.97633
0.0543261,-0.217438,3.96498
0.107909,-0.247098,3.95369
0.160925,-0.215306,3.94502
-0.179933,-0.182412,3.96975
-0.0545126,-0.178543,3.94848
0.108706,-0.186349,3.96344
-0.224008,-0.149349,3.94025
0.155602,-0.146245,3.954
-0.146207,-0.13003,3.97471
-0.0844945,-0.125858,3.96754
0.0281113,-0.123382,3.96071
0.0965866,-0.12632,3.95187
0.233788,-0.128981,3.97311
-0.199199,-0.0941466,3.95345
-0.148441,-0.0674181,3.97674
-0.0873234,-0.0601861,3.9686
-0.0286878,-0.0808485,3.97343
0.062963,-0.0728899,3.95068
0.147492,-0.084985,3.96109
0.258613,-0.0756853,3.95254
-0.267209,-0.0340496,3.96946
0.0164632,-0.0380194,3.97529
-0.182941,-0.00344735,3.96732
-0.0492329,0.0033408,3.97096
0.121709,0.00589331,3.96652
0.220014,-0.0165759,3.95716
-0.267886,0.0261098,3.95316
-0.154505,0.0508048,3.95732
-0.0958941,0.0436734,3.97762
0.084391,0.0551607,3.95871
0.21071,0.0431881,3.97045
0.267971,0.0261472,3.95349
-0.255227,0.0870889,3.96482
0.0258793,0.0760386,3.95505
0.254915,0.0870779,3.9736
-0.11278,0.0978942,3.95305
-0.027252,0.108042,3.96157
0.103816,0.125768,3.95034
0.165401,0.114712,3.94728
-0.223833,0.148793,3.94142
-0.156485,0.153405,3.97108
0.0389407,0.138176,3.94571
-0.103218,0.180842,3.9532
-0.0403746,0.202717,3.96801
0.0686317,0.19805,3.95512
0.197839,0.182914,3.94277
-0.135683,0.23344,3.94974
0.093871,0.253071,3.94144
0.146303,0.226002,3.962
-0.0742362,0.254521,3.9593
0.0447796,0.266343,3.97691
0.0129954,-0.269169,3.99496
0.0742792,-0.259057,4.00631
-0.142369,-0.229215,4.00048
-0.0827059,-0.246959,4.00072
0.139376,-0.230915,4.0052
-0.10828,-0.179167,3.98941
0.199919,-0.180925,3.97953
-0.22606,-0.146139,4.00253
-0.0290333,-0.140517,3.99079
0.0227276,-0.173845,3.99602
0.0795421,-0.151632,4.00567
0.138535,-0.169545,4.01519
-0.185093,-0.101137,4.01373
0.113387,-0.10033,4.01037
0.172984,-0.118689,4.00686
-0.253393,-0.0933987,3.98341
0.0420239,-0.0850482,4.00731
0.204493,-0.0713808,3.98167
0.256158,-0.083804,4.01405
-0.212984,-0.0485324,3.99641
0.0957681,-0.043127,3.99361
0.154935,-0.0490686,4.01179
0.268232,-0.0234311,3.99465
-0.269142,0.0113384,4.01376
-0.124021,-0.011173,3.98518
0.159288,0.012852,4.01473
-0.219539,0.0418564,3.98839
-0.160683,0.0272086,4.01734
-0.0186474,0.0531691,3.9926
0.0341288,0.0212247,3.9834
0.0998171,0.0365801,4.01623
0.266889,0.0385885,4.01471
-0.140095,0.0851193,4.00738
0.14705,0.0633282,3.98024
0.196686,0.0948684,4.00109
-0.19768,0.100305,3.98968
-0.0736248,0.0984816,4.00189
0.0408639,0.100448,4.00986
0.102992,0.0985827,4.00613
-0.216526,0.159215,4.0026
-0.105894,0.151282,4.0075
-0.00266883,0.157743,3.98859
0.0717299,0.151682,3.99642
0.223173,0.150153,3.99238
-0.171063,0.208847,3.99429
0.123859,0.183339,4.00114
0.183971,0.197296,4.00252
-0.115291,0.243144,4.00797
0.0174305,0.215437,3.99792
0.0991493,0.250683,4.00296
-0.0161201,0.268184,3.99046
-0.0348151,-0.267108,4.03513
0.0343894,-0.267069,4.05349
0.000888243,-0.216082,4.03611
-0.105572,-0.191403,4.05268
-0.0543258,-0.194074,4.01768
0.062298,-0.20467,4.0321
0.192217,-0.18828,4.04076
-0.15356,-0.15923,4.02897
-0.0811202,-0.139577,4.02811
-0.0267988,-0.152975,4.0558
0.230509,-0.139288,4.03449
-0.129149,-0.101997,4.04089
0.0327474,-0.135046,4.04317
-0.073447,-0.078363,4.02603
-0.014576,-0.0963958,4.03227
0.0824255,-0.0646735,4.05024
0.201641,-0.0773996,4.0433
-0.265518,-0.0488284,4.03005
-0.161381,-0.0365641,4.0291
0.0218793,-0.0518347,4.05482
0.212184,-0.0196032,4.022
0.263177,-0.0371188,4.05485
-0.212741,-0.000925715,4.0364
-0.0756086,-0.016387,4.02352
-0.0107601,-0.00316882,4.01934
0.0601691,-0.0094035,4.03126
0.117951,-0.0137944,4.05268
-0.0961175,0.0537641,4.03882
0.0369973,0.0468376,4.0399
0.208751,0.0438494,4.03449
-0.204064,0.062907,4.04404
0.151353,0.0839255,4.04234
0.25191,0.0963431,4.03488
-0.247938,0.105307,4.02471
-0.11476,0.113759,4.05635
-0.0179276,0.103314,4.02952
-0.161828,0.161671,4.03273
-0.0605664,0.143673,4.04954
0.0294564,0.154024,4.04122
0.167251,0.142762,4.02704
-0.0709947,0.2015,4.02205
-0.0149122,0.202954,4.04927
0.073092,0.202583,4.03197
-0.153394,0.221225,4.05238
0.144027,0.22805,4.0392
-0.0611752,0.261987,4.033
0.0261106,0.266662,4.03638
-0.0895292,-0.254143,4.06237
0.0144506,-0.225905,4.09537
0.0939288,-0.252766,4.06516
-0.16308,-0.214383,4.05738
-0.0451164,-0.208621,4.07776
0.0726109,-0.200598,4.09279
0.137024,-0.208071,4.06405
-0.208242,-0.171511,4.05654
-0.146661,-0.16255,4.0906
0.107541,-0.138645,4.05936
-0.244738,-0.112884,4.06338
-0.184163,-0.116583,4.0735
-0.0791248,-0.120123,4.08624
0.0538414,-0.101875,4.09147
0.169849,-0.136301,4.06633
-0.262073,-0.0617947,4.0937
-0.211157,-0.0612253,4.05727
-0.0231032,-0.0942846,4.09392
0.141109,-0.0813332,4.06306
0.25203,-0.0962194,4.07485
-0.16242,-0.04376,4.09105
-0.097931,-0.0527794,4.07731
-0.0378067,-0.0400725,4.0667
0.174562,-0.0296721,4.07215
-0.269565,-0.00347141,4.07455
-0.187767,0.012715,4.09161
-0.12308,0.00144637,4.05972
0.00716124,0.003877,4.0784
0.225027,0.00496958,4.08038
-0.263816,0.0559237,4.05837
-0.148765,0.0570494,4.07146
-0.0518452,0.0207679,4.06714
0.0980355,0.0438542,4.07809
0.160511,0.0310753,4.07392
0.264476,0.0528511,4.07751
-0.0661042,0.0864046,4.08273
-0.0088959,0.0639552,4.07699
0.199445,0.0786551,4.08501
-0.175612,0.112687,4.0674
0.0399071,0.101139,4.07191
0.0994795,0.117546,4.06519
0.170481,0.13424,4.08873
-0.229607,0.141767,4.07146
-0.0119669,0.153513,4.08687
0.126542,0.173327,4.06274
0.227709,0.143671,4.06693
-0.192082,0.18846,4.0887
-0.110442,0.177811,4.06365
0.0382264,0.199117,4.08287
0.186886,0.190522,4.0645
-0.102332,0.247139,4.07736
0.0927863,0.252611,4.06494
-0.0195146,0.268529,4.07896
-0.0348539,-0.26698,4.09762
0.0599869,-0.262377,4.11651
-0.106604,-0.239756,4.12068
-0.163572,-0.214433,4.11965
-0.0913669,-0.179742,4.11222
0.126255,-0.192856,4.12365
0.184744,-0.195706,4.1021
-0.225101,-0.147274,4.11145
-0.0393549,-0.147861,4.12445
0.0172914,-0.154225,4.09994
0.0719956,-0.149321,4.12862
0.168135,-0.141496,4.12799
0.224376,-0.148107,4.0959
0.115805,-0.108769,4.11271
-0.206327,-0.0789595,4.11819
-0.133577,-0.0970899,4.10288
0.196788,-0.0921062,4.10338
0.0263913,-0.0507123,4.11581
0.0881201,-0.0529897,4.11035
0.149028,-0.0571455,4.1218
0.207341,-0.0383711,4.13325
0.265225,-0.0505731,4.11533
-0.126144,-0.0113644,4.12926
-0.0657768,-0.0144343,4.11601
0.0617399,0.00307264,4.10822
0.124208,-0.000763857,4.11315
0.269262,0.0112652,4.12353
-0.266424,0.0409003,4.11871
-0.154424,0.0437774,4.13431
-0.0993927,0.0381744,4.10362
-0.0415317,0.0426191,4.12523
0.0299843,0.0540683,4.12458
0.19202,0.0292301,4.12743
-0.202341,0.07131,4.10536
0.0803682,0.0892875,4.11706
0.140402,0.0818685,4.10366
-0.250473,0.099666,4.13257
-0.197195,0.130723,4.12285
-0.136983,0.100304,4.1147
-0.0219241,0.103916,4.12281
0.247346,0.10634,4.11296
-0.142098,0.162167,4.11446
-0.0813932,0.139069,4.11212
0.0532034,0.146141,4.1125
0.118326,0.13773,4.122
0.207766,0.172159,4.12109
-0.0751248,0.200794,4.10933
0.093429,0.193484,4.11142
-0.147662,0.225252,4.11413
-0.0149358,0.215281,4.1102
0.0939738,0.253049,4.12729
0.147624,0.222549,4.1008
0.0396816,0.259947,4.09684
-0.0655534,-0.261197,4.16243
0.00512776,-0.269506,4.14559
0.121522,-0.240962,4.16322
-0.198841,-0.181756,4.15907
-0.136555,-0.180008,4.1632
-0.0483425,-0.203784,4.14971
0.0127205,-0.193984,4.14772
0.0728657,-0.205083,4.1544
0.173428,-0.206702,4.16229
0.218875,-0.156539,4.16054
-0.235095,-0.132826,4.1712
-0.172742,-0.128531,4.13961
-0.106341,-0.12763,4.14942
-0.0529948,-0.105473,4.17205
0.00599215,-0.111658,4.14621
0.141902,-0.0996068,4.16798
0.24746,-0.106572,4.13613
-0.257715,-0.0776413,4.1537
-0.152155,-0.0633935,4.15104
-0.0904708,-0.0681985,4.13723
0.0645195,-0.0924377,4.15209
-0.0287716,-0.0561411,4.14272
0.04815,-0.0287062,4.16918
0.10596,-0.05024,4.16926
0.2676,-0.0264236,4.17276
-0.255598,-0.017671,4.13717
0.00168269,0.000820749,4.14025
0.160011,-0.0118116,4.16295
-0.213061,0.0265907,4.14697
-0.0915736,0.0267549,4.1644
0.0927645,0.0382092,4.14961
-0.193487,0.0828513,4.1656
-0.0835783,0.0846075,4.1424
-0.00835576,0.0673696,4.17164
0.130748,0.0886909,4.16454
0.202084,0.0817419,4.15951
0.261538,0.0636153,4.15613
-0.153767,0.131043,4.16677
0.0223877,0.123566,4.16173
0.170809,0.135314,4.15524
0.232739,0.136197,4.16573
-0.0199039,0.165849,4.14687
0.0814514,0.162889,4.16548
-0.193939,0.186216,4.15107
-0.114153,0.1968,4.15749
-0.0553224,0.211391,4.16936
0.0418688,0.206031,4.14422
0.144232,0.227741,4.16238
-0.0797045,0.257207,4.13477
-0.0180423,0.268622,4.14153
0.0419418,0.266668,4.15866
-0.0237793,-0.268001,4.20815
0.0636978,-0.261457,4.17865
-0.119821,-0.237364,4.1817
-0.0568701,-0.215184,4.21033
-0.169852,-0.209728,4.20654
0.0373254,-0.211507,4.20494
0.0973175,-0.19538,4.21029
-0.180528,-0.138649,4.20062
-0.0880298,-0.162577,4.19764
-0.0223261,-0.158404,4.18323
0.0584004,-0.151255,4.18933
0.134315,-0.160181,4.17615
0.202194,-0.0992862,4.1771
-0.201483,-0.0823098,4.18301
-0.115739,-0.0856538,4.19661
-0.00395645,-0.0754595,4.19591
0.257028,-0.0815791,4.19941
-0.267317,-0.0332759,4.19653
-0.12374,-0.0240466,4.18947
-0.0666011,-0.0476129,4.19075
0.150075,-0.0483382,4.21227
0.209848,-0.0406982,4.19581
-0.185025,-0.0184587,4.17904
-0.037372,0.00710846,4.18805
0.110893,0.00330781,4.19773
0.222921,0.018156,4.18018
-0.26761,0.0267452,4.1795
-0.213187,0.0360775,4.20832
-0.152228,0.0265325,4.2115
0.0413629,0.0316266,4.1836
0.164078,0.0434414,4.19074
-0.249914,0.0849343,4.19324
-0.130173,0.0758822,4.18195
-0.0719683,0.070024,4.20492
0.0703346,0.0890403,4.17812
0.252224,0.0954275,4.20881
-0.0462163,0.119301,4.1777
0.110261,0.122483,4.21266
0.171582,0.103978,4.20931
-0.229883,0.140873,4.17474
-0.0992663,0.147314,4.19133
-0.00307935,0.170029,4.20672
0.136552,0.174179,4.19211
0.0567901,0.20543,4.20444
0.196825,0.184386,4.18263
-0.160014,0.216967,4.19333
-0.10564,0.247859,4.19218
0.00185172,0.228254,4.18651
0.0941692,0.252891,4.18966
-0.0460638,0.266044,4.19723
0.0333421,-0.267167,4.23291
-0.0978172,-0.251327,4.24049
0.0941863,-0.253183,4.23224
0.1517,-0.222885,4.22014
-0.120561,-0.193359,4.24083
-0.00540478,-0.197481,4.24747
0.198472,-0.182013,4.21359
-0.228669,-0.142443,4.24005
0.0128458,-0.138015,4.22962
0.143829,-0.163994,4.23742
-0.129838,-0.132051,4.2359
-0.0481719,-0.128255,4.23014
0.109469,-0.116395,4.21817
0.169666,-0.10511,4.22989
0.234643,-0.133015,4.22638
-0.254066,-0.0916354,4.2143
-0.0424286,-0.0679722,4.24396
0.0525728,-0.0936496,4.21298
0.220948,-0.0715134,4.249
-0.217142,-0.0242264,4.23225
-0.163742,-0.0553431,4.22431
-0.10026,-0.0446721,4.24298
0.071978,-0.0363351,4.22603
0.267241,-0.0315966,4.23471
-0.0928149,0.015423,4.22571
-0.0397662,-0.00655159,4.2487
0.0137166,-0.0121298,4.21794
0.151252,0.00553914,4.2448
0.21221,-0.00600261,4.24729
-0.266036,0.0458667,4.23902
-0.0190974,0.0492249,4.23017
0.210912,0.0536808,4.23008
0.267738,0.0295355,4.22178
-0.179568,0.0670144,4.25055
0.0461241,0.0702658,4.23214
0.109804,0.0612215,4.21663
-0.188181,0.117869,4.21641
-0.129543,0.108816,4.23477
-0.000366292,0.108625,4.21757
-0.142834,0.169558,4.22936
-0.0533636,0.145712,4.2334
0.0516401,0.142504,4.21613
0.224179,0.148296,4.2264
-0.202749,0.178083,4.21652
-0.0845845,0.198639,4.22381
0.0976699,0.176346,4.24076
0.186413,0.194167,4.24546
-0.137343,0.232367,4.24908
-0.0243532,0.228813,4.24323
0.0873709,0.247983,4.2514
0.140473,0.23012,4.22447
-0.0799799,0.256788,4.24855
0.0365551,0.26704,4.22065
-0.0415014,-0.258773,4.26726
-0.136653,-0.232829,4.28601
0.0571684,-0.227487,4.27424
0.131277,-0.23544,4.27929
-0.187272,-0.193566,4.26383
-0.0633732,-0.179987,4.26126
0.181747,-0.199556,4.27095
-0.15966,-0.145155,4.29076
0.0606166,-0.169911,4.25208
-0.187769,-0.100024,4.25931
-0.0870596,-0.102472,4.2698
-0.0131212,-0.110525,4.27853
0.0498687,-0.112499,4.27219
0.106728,-0.136424,4.27879
0.174845,-0.136128,4.28371
0.236641,-0.129966,4.28855
-0.243173,-0.0669076,4.26984
0.0183685,-0.062115,4.2546
0.0999493,-0.0761459,4.26485
0.0554561,-0.0247933,4.28781
0.117637,-0.0218573,4.28929
0.164429,-0.0584958,4.27109
-0.269399,-0.0108663,4.26422
-0.165115,-0.00636842,4.26207
-0.109366,-0.00281291,4.28921
0.0845818,0.0178824,4.25278
0.269625,0.0042684,4.28513
-0.218235,0.023658,4.27207
-0.121002,0.053472,4.26595
-0.0625404,0.0389556,4.2834
0.0242295,0.0243026,4.26724
-0.254903,0.0883949,4.28324
-0.0753345,0.0953731,4.26185
-0.0141069,0.0915747,4.27529
0.0918481,0.0951245,4.26543
0.156103,0.0661161,4.25736
0.259198,0.0723998,4.26624
-0.171977,0.13659,4.27343
0.0374457,0.134,4.27629
0.204855,0.102757,4.26743
-0.23169,0.138541,4.25502
-0.101892,0.150879,4.27166
-0.0101581,0.173487,4.2686
0.15217,0.142665,4.25439
0.216764,0.159783,4.2873
-0.183937,0.197279,4.27288
-0.064214,0.201443,4.28283
0.0389551,0.210987,4.26385
0.0227979,0.26845,4.28124
-0.0845782,-0.255469,4.31228
0.0144033,-0.268745,4.29328
0.0887132,-0.254702,4.3208
0.0285427,-0.216736,4.3279
-0.176506,-0.204095,4.32426
-0.10948,-0.179441,4.30287
-0.0285994,-0.209074,4.30415
0.0768002,-0.181259,4.31083
0.138685,-0.179701,4.30988
-0.219912,-0.15499,4.30057
-0.0579718,-0.140871,4.30926
0.0167315,-0.164399,4.29555
0.206283,-0.174032,4.32205
-0.248622,-0.10322,4.32002
-0.114151,-0.118562,4.32273
-0.130469,-0.065603,4.29327
0.0262831,-0.074681,4.31513
0.0863612,-0.0636888,4.3247
0.138143,-0.0957525,4.31379
0.199582,-0.0868755,4.31312
0.259323,-0.0722972,4.29809
-0.266932,-0.036942,4.32095
-0.190185,-0.0504129,4.29718
-0.0695842,-0.049442,4.29681
-0.0109441,-0.0283026,4.29861
0.16284,-0.0380241,4.32951
0.218965,-0.0255851,4.30593
-0.267262,0.0329734,4.30887
-0.163633,0.0251446,4.31523
-0.00954882,0.0443417,4.31513
0.0968632,0.0472886,4.30557
0.154999,0.0255521,4.30479
0.214464,0.0372505,4.29192
0.264998,0.0519513,4.32467
-0.212557,0.062743,4.32034
-0.156716,0.0859312,4.30526
-0.0981163,0.0732968,4.32054
0.041825,0.0756691,4.29792
0.136217,0.0960859,4.3081
-0.0489364,0.136583,4.30002
0.0874596,0.134252,4.3136
0.181155,0.132699,4.32932
0.245425,0.110265,4.31394
-0.232594,0.136875,4.31721
-0.129038,0.198424,4.30035
0.0533633,0.186228,4.31918
0.117675,0.186286,4.29821
0.177006,0.202751,4.30731
-0.0971236,0.251486,4.30823
0.000338151,0.224271,4.31804
-0.0383198,0.266766,4.29391
0.0760793,0.257903,4.31173
-0.0290147,-0.267517,4.3382
0.0430357,-0.266339,4.36229
-0.130006,-0.236166,4.35045
0.157478,-0.21836,4.35481
-0.0732143,-0.203509,4.34714
-0.014761,-0.197388,4.3675
-0.215485,-0.161394,4.36244
-0.154372,-0.154521,4.35375
-0.0797624,-0.144967,4.36748
-0.00853052,-0.139409,4.34633
0.113231,-0.140126,4.3499
-0.176962,-0.100954,4.33097
0.0532512,-0.127975,4.33216
0.174831,-0.129429,4.35116
0.23719,-0.127995,4.35087
-0.09267,-0.0625593,4.35327
-0.0326544,-0.0847534,4.33118
0.236517,-0.0601956,4.35484
-0.216274,-0.0571485,4.3525
-0.147312,-0.0337183,4.34389
-0.218594,0.00104437,4.33076
-0.112095,0.0177369,4.34788
-0.0553822,0.000182718,4.33124
0.0297521,-0.0185588,4.34428
0.103531,0.000103228,4.34553
0.161393,0.0123313,4.36543
0.269775,-0.00837131,4.3461
-0.0520471,0.0558151,4.35899
0.220759,0.0261207,4.35976
-0.25337,0.0929509,4.35626
-0.148212,0.0655265,4.36345
0.0690423,0.0732727,4.35397
0.184361,0.0711341,4.3381
-0.174694,0.134794,4.33867
-0.112688,0.133194,4.33009
-0.0109838,0.103643,4.3363
0.0424292,0.129025,4.35587
0.1211,0.104986,4.36734
-0.0538326,0.141427,4.36135
-0.00338395,0.164915,4.33371
0.133999,0.16469,4.35423
0.230528,0.139872,4.36664
-0.183866,0.196442,4.33532
-0.0880776,0.190398,4.34528
-0.0337913,0.208938,4.36806
0.0893611,0.206711,4.3657
0.191695,0.188837,4.36643
-0.136146,0.232617,4.35298
0.130927,0.23651,4.33148
-0.0805833,0.256789,4.36823
-0.0203062,0.268471,4.35665
0.0417755,0.266697,4.36282
-0.0779338,-0.257811,4.37708
-0.00856548,-0.257179,4.39634
0.108508,-0.246709,4.38222
-0.176822,-0.203813,4.38672
-0.116681,-0.189612,4.38953
-0.0603551,-0.207513,4.40802
0.0736017,-0.196869,4.3705
0.128548,-0.180331,4.39478
0.198883,-0.18158,4.38359
-0.0280541,-0.149204,4.40481
0.0356941,-0.150859,4.38739
-0.250764,-0.0994971,4.38206
-0.190754,-0.111855,4.39056
-0.129849,-0.104681,4.38063
0.0771737,-0.103199,4.38371
0.142529,-0.120315,4.40301
-0.0522234,-0.0939161,4.38906
0.0120583,-0.087574,4.37446
0.128463,-0.0700607,4.36968
0.187202,-0.0770661,4.38889
0.252013,-0.096695,4.40269
-0.266819,-0.0392645,4.38365
-0.128494,-0.0467819,4.40189
-0.0302102,-0.0384432,4.37241
0.0199291,-0.0252691,4.40547
0.0746393,-0.041178,4.38159
0.266921,-0.0355658,4.40289
-0.186012,-0.0054148,4.38357
-0.0804614,-0.00901718,4.39357
-0.0258312,0.0172846,4.40252
0.204021,-0.018095,4.40044
-0.26799,0.0213527,4.36991
-0.208536,0.0525346,4.38154
-0.133619,0.0205616,4.40626
0.00894038,0.0580477,4.37239
0.0558007,0.0206254,4.38464
0.113626,0.0369484,4.3945
0.268446,0.0264181,4.39924
-0.094545,0.0973509,4.37759
0.163068,0.07383,4.40105
0.247154,0.0805941,4.37659
-0.182008,0.107524,4.39412
-0.0376935,0.0981781,4.40246
0.173792,0.134027,4.39095
-0.206368,0.173662,4.38897
-0.13744,0.167673,4.37554
0.00722871,0.155109,4.39934
0.0873477,0.151319,4.39303
-0.162544,0.214882,4.40659
-0.0993407,0.208566,4.40329
0.0278446,0.207316,4.37301
0.14595,0.226164,4.39054
0.0863039,0.255037,4.4051
-0.0567567,-0.263371,4.43565
0.0539767,-0.263994,4.42361
-0.116919,-0.24214,4.42334
0.027886,-0.208622,4.41115
0.0873935,-0.211926,4.42921
0.164971,-0.213106,4.43284
-0.205647,-0.1747,4.43354
-0.150738,-0.148117,4.42077
-0.0846226,-0.155179,4.4307
-0.23962,-0.12287,4.43862
0.0962467,-0.111013,4.44235
0.201869,-0.129895,4.41836
-0.261607,-0.0646734,4.44017
-0.15827,-0.0878626,4.43805
-0.096986,-0.0943512,4.43143
-0.0193861,-0.0646533,4.43316
0.0417597,-0.0794939,4.42847
-0.206091,-0.056371,4.41348
0.115764,-0.0539422,4.42809
0.17511,-0.0519419,4.44485
-0.23633,0.00141825,4.41997
-0.166401,-0.0181937,4.44124
0.0725698,-0.0104185,4.43565
0.153954,0.00493619,4.4299
-0.209662,0.0550109,4.44385
-0.0790589,0.0496898,4.41482
0.0239374,0.0283137,4.43776
0.214306,0.0457631,4.42125
-0.261095,0.0665269,4.41205
-0.133678,0.0804068,4.42218
0.0191846,0.0891508,4.42523
0.0797255,0.0927405,4.41167
-0.238995,0.124894,4.41045
0.12836,0.125467,4.43239
0.250365,0.0995452,4.43549
-0.16974,0.150519,4.43721
-0.108075,0.151983,4.42799
-0.0503875,0.171871,4.4152
0.0506059,0.140004,4.44185
0.22089,0.153665,4.42649
-0.000250204,0.209332,4.42947
0.0623878,0.199091,4.42413
0.165485,0.182181,4.42963
-0.0512664,0.244658,4.42204
0.00543287,0.269461,4.41345
0.00161095,-0.269893,4.45699
0.0603175,-0.262452,4.4857
0.118103,-0.241948,4.47438
-0.172939,-0.207166,4.47569
-0.0791415,-0.205539,4.46735
-0.0182468,-0.211326,4.45304
0.0407376,-0.205486,4.47199
-0.126753,-0.165166,4.47534
-0.01142,-0.150597,4.46483
0.0480832,-0.148938,4.44756
0.0949377,-0.175665,4.47861
0.148059,-0.15173,4.45661
0.205875,-0.174565,4.4612
-0.050698,-0.103197,4.47088
0.181714,-0.10398,4.4785
0.240492,-0.121151,4.46657
-0.209964,-0.0789408,4.47111
-0.117251,-0.0716147,4.48502
0.010104,-0.0938117,4.47982
0.076835,-0.0639574,4.47752
0.236142,-0.0609582,4.45068
-0.0742448,-0.0389203,4.44802
0.0236728,-0.0336942,4.46622
-0.212281,0.00195356,4.47765
-0.117361,-0.00923622,4.48171
-0.0279422,0.00028425,4.46184
0.208794,-0.00232815,4.46062
0.270074,-0.00159934,4.45495
-0.264672,0.0341442,4.46503
-0.153882,0.0381057,4.46409
-0.094392,0.0517616,4.47516
0.177845,0.0504367,4.47127
0.239033,0.0572953,4.47962
-0.251105,0.0971225,4.46558
-0.0303686,0.0617118,4.45206
0.0639631,0.0673812,4.465
0.122823,0.0655993,4.44785
-0.132358,0.115647,4.47273
-0.0745269,0.105698,4.45202
-0.0183643,0.132402,4.451
0.0934037,0.124283,4.48408
0.18577,0.107606,4.4484
-0.221679,0.15189,4.4719
-0.175628,0.204886,4.46644
-0.122704,0.176427,4.48355
-0.0691551,0.202954,4.46498
0.0606325,0.202037,4.48613
0.110435,0.17857,4.45841
0.201733,0.179153,4.4798
-0.108799,0.247206,4.45037
0.128085,0.237223,4.44914
-0.052069,0.264316,4.48134
0.0110728,0.26907,4.47553
0.0720044,0.259215,4.46583
-0.0635871,-0.258012,4.49753
0.00077201,-0.26588,4.51934
-0.123229,-0.239463,4.49531
-0.00589427,-0.192032,4.51067
0.167967,-0.210842,4.49504
-0.220225,-0.152332,4.48991
-0.062654,-0.156267,4.50156
0.0464944,-0.151523,4.50959
0.183515,-0.154151,4.5155
-0.166842,-0.119861,4.49104
-0.113654,-0.127402,4.52298
-0.0103631,-0.131698,4.52478
0.103182,-0.119121,4.50299
0.250278,-0.100843,4.52476
-0.257175,-0.0829805,4.51121
0.137263,-0.0626507,4.49341
-0.268109,-0.0241211,4.48694
-0.169484,-0.0406871,4.49852
-0.038315,-0.0487046,4.49817
0.202613,-0.0500635,4.50194
0.266068,-0.0448105,4.50262
-0.0650556,0.0105567,4.51086
0.0458231,0.0168791,4.49493
0.104223,-0.00192449,4.48827
0.163957,-0.00123649,4.50319
0.269063,0.0160093,4.51482
-0.0105762,0.0394858,4.50654
-0.194377,0.090432,4.4926
-0.138748,0.0703882,4.51492
-0.0467812,0.0897554,4.50543
0.0129235,0.0933309,4.48733
0.0791542,0.0786732,4.52383
0.138419,0.0858757,4.50408
-0.240892,0.12006,4.52279
0.236911,0.128908,4.48861
-0.165509,0.138245,4.51982
-0.0597981,0.149368,4.49419
0.0229246,0.154039,4.49563
0.15101,0.145883,4.49275
-0.0148878,0.213047,4.49381
0.107846,0.180971,4.5212
-0.117891,0.239903,4.51114
0.105443,0.247576,4.51728
0.157709,0.217959,4.50061
0.0562716,-0.263519,4.54796
-0.0986677,-0.251072,4.55276
0.0141313,-0.220332,4.56201
0.125805,-0.238211,4.53628
-0.192209,-0.188373,4.53225
-0.112239,-0.189399,4.53054
-0.0547086,-0.208465,4.54453
0.0701465,-0.206537,4.52692
0.127294,-0.175927,4.53134
0.177251,-0.203433,4.5562
-0.229241,-0.141623,4.55069
-0.0631985,-0.150007,4.56404
0.0826686,-0.138139,4.55843
0.226075,-0.145999,4.56052
-0.168068,-0.132081,4.55268
-0.200179,-0.0830059,4.53196
-0.140963,-0.0747639,4.54218
-0.0605153,-0.0963454,4.5314
-0.00615401,-0.0764925,4.55344
0.0505589,-0.0918335,4.52693
0.130553,-0.0958376,4.55303
0.190747,-0.0976143,4.54024
-0.267391,-0.0341574,4.54846
-0.207022,-0.0200543,4.54347
-0.0899638,-0.0416117,4.5322
0.0122493,-0.0245716,4.52572
0.0795037,-0.0372362,4.53318
0.140535,-0.0345867,4.55009
0.267865,-0.0237794,4.563
-0.153054,0.0111677,4.52855
-0.0388061,-0.0173859,4.55965
0.214709,-0.00157582,4.53914
-0.268134,0.0242133,4.52645
-0.208389,0.0399808,4.52639
0.0474627,0.0238151,4.55671
0.121334,0.0344028,4.53593
0.181487,0.0504749,4.53306
-0.258464,0.0746871,4.56201
-0.182773,0.0884823,4.55476
-0.0855201,0.0587662,4.54481
-0.00373158,0.0590071,4.56435
0.255,0.0878316,4.53168
-0.102937,0.119871,4.52726
0.0117301,0.116051,4.5451
0.190775,0.111417,4.52623
-0.211034,0.168331,4.54892
-0.123173,0.175455,4.54597
-0.019993,0.168569,4.53739
0.070676,0.136808,4.54514
0.149464,0.148039,4.55507
-0.169949,0.209844,4.52793
-0.0705043,0.202877,4.52718
0.0283096,0.20747,4.53833
0.146018,0.209862,4.56135
0.19863,0.182518,4.54171
-0.0732294,0.25885,4.55402
-0.0156273,0.268814,4.5319
0.0465612,0.265816,4.52682
-0.0397989,-0.266593,4.56686
0.088303,-0.255109,4.6008
-0.152026,-0.222033,4.5658
0.144258,-0.227688,4.60309
-0.193483,-0.185353,4.59464
-0.032659,-0.213091,4.60242
0.0963247,-0.194001,4.58203
-0.129522,-0.167444,4.58606
0.0248118,-0.15932,4.56761
0.161815,-0.145843,4.57334
-0.100054,-0.101835,4.57822
-0.018747,-0.119866,4.59555
0.0405667,-0.10227,4.58735
-0.25471,-0.0895993,4.57315
-0.196191,-0.0919348,4.59289
-0.0518076,-0.0669565,4.59503
0.0925611,-0.0655552,4.59122
0.246967,-0.0814423,4.58383
-0.155364,-0.0265348,4.57826
0.0371329,-0.0406493,4.57967
0.195388,-0.0473138,4.57646
-0.251859,0.0132394,4.58535
-0.0935133,-0.0157166,4.5885
0.00333262,0.00807115,4.59761
0.0967912,-0.00426008,4.58226
0.160767,0.0159089,4.58065
0.225049,0.00187463,4.60049
-0.190795,0.024251,4.58413
-0.129579,0.0339876,4.5813
-0.0531143,0.0340583,4.59183
0.103156,0.0548445,4.5975
0.26419,0.0408697,4.57138
-0.126083,0.0957687,4.57931
0.0515878,0.0820735,4.5788
0.143989,0.0875918,4.56566
0.207377,0.0601858,4.58854
-0.235589,0.131802,4.59255
-0.0472415,0.102839,4.56636
0.183901,0.121173,4.59972
0.233132,0.135876,4.5649
-0.168405,0.141081,4.58397
-0.0703941,0.15969,4.57223
0.00779363,0.171695,4.59263
0.105576,0.172635,4.59118
-0.177862,0.202583,4.58919
0.0562377,0.210139,4.5934
-0.128914,0.237,4.57206
-0.0772806,0.215312,4.59854
-0.0218388,0.22178,4.57185
0.101879,0.249674,4.57962
0.019908,0.268064,4.5833
-0.0847999,-0.255977,4.61345
-0.0223135,-0.268642,4.62797
0.0390339,-0.266886,4.64172
-0.154351,-0.220767,4.62801
-0.0885535,-0.195451,4.62266
0.0464897,-0.211962,4.61432
0.113808,-0.189444,4.64156
0.202003,-0.178701,4.60801
-0.231115,-0.139133,4.61302
0.00402561,-0.168808,4.62555
0.0633423,-0.152434,4.61602
0.161394,-0.14596,4.64165
-0.145075,-0.116419,4.61766
-0.0850413,-0.133384,4.62851
0.116071,-0.120433,4.60789
0.187572,-0.10097,4.60713
-0.255464,-0.0864074,4.63534
0.00248939,-0.0662013,4.62479
-0.268014,-0.0254008,4.63149
-0.212329,-0.0327406,4.60425
-0.123666,-0.0584998,4.6213
0.0666348,-0.026011,4.63186
0.147023,-0.04759,4.61602
0.208333,-0.0508482,4.6372
0.267316,-0.0352233,4.62651
-0.215858,0.0175293,4.64095
-0.154911,0.00546748,4.63149
-0.0464705,-0.0151535,4.62946
0.115339,0.0115785,4.63976
0.176467,0.00233149,4.63939
-0.264385,0.0541576,4.63
-0.0958347,0.0247693,4.63559
0.051853,0.0344783,4.6268
0.266673,0.0402011,4.63324
-0.210926,0.0775228,4.60902
-0.152643,0.0675379,4.62805
-0.0806702,0.082882,4.61901
0.157343,0.0703424,4.62386
0.251952,0.0966972,4.61098
0.00211851,0.10763,4.60606
0.114989,0.114845,4.61364
-0.040478,0.149127,4.62463
0.0572516,0.136855,4.6069
-0.201251,0.179608,4.6418
-0.124384,0.176776,4.60846
-0.0254838,0.209222,4.63296
0.0955891,0.210211,4.64171
0.198513,0.181622,4.60402
-0.129905,0.233415,4.63429
0.153791,0.220834,4.62231
-0.0441758,0.266433,4.60885
0.0637145,0.261443,4.62737
-0.0550015,-0.264075,4.68077
-0.112257,-0.243148,4.66808
-0.00822683,-0.218335,4.66121
0.105291,-0.248011,4.66036
-0.190409,-0.190278,4.6704
0.0518762,-0.213366,4.67615
0.171181,-0.208565,4.6561
-0.135502,-0.167138,4.6519
-0.0471595,-0.170118,4.66068
0.0126348,-0.142357,4.68084
0.224918,-0.147572,4.6571
-0.189852,-0.129043,4.65829
-0.033984,-0.109642,4.65496
0.0471681,-0.101697,4.64922
0.0971831,-0.134748,4.66487
-0.180118,-0.0657416,4.64629
-0.130634,-0.0924282,4.67353
-0.0744891,-0.0624665,4.659
0.102471,-0.0727561,4.65228
0.163719,-0.0858807,4.66251
0.253263,-0.0932902,4.64464
-0.236635,-0.0480912,4.68039
0.0103969,-0.0122544,4.65454
0.232713,-0.000848187,4.66524
0.00372483,0.0476823,4.66704
0.159931,0.0456181,4.68057
-0.198904,0.0703495,4.66967
-0.113849,0.0683743,4.6762
-0.0329094,0.0960188,4.65591
0.0467186,0.0924337,4.64954
0.104698,0.0703571,4.65705
0.212416,0.0642801,4.65253
-0.245773,0.109822,4.64986
-0.17742,0.122442,4.64284
-0.102412,0.133687,4.64749
0.174302,0.117195,4.66123
-0.144683,0.175425,4.66707
0.0160292,0.152507,4.65076
0.0775047,0.154628,4.66289
0.137391,0.16432,4.64421
0.227765,0.143619,4.64383
-0.0850651,0.19284,4.65599
0.0341224,0.21218,4.65149
0.187498,0.193251,4.6671
-0.0464781,0.265781,4.68107
0.00523694,0.269696,4.64653
0.00564532,-0.269393,4.69425
0.0727756,-0.259024,4.7124
0.132055,-0.235662,4.71529
-0.117809,-0.194921,4.70732
-0.0571516,-0.208928,4.70841
0.125326,-0.175956,4.70138
0.186662,-0.193628,4.71475
-0.153575,-0.143869,4.70642
-0.0938057,-0.140344,4.68937
-0.0354474,-0.151768,4.71807
0.0638599,-0.162406,4.70923
-0.242555,-0.116574,4.68845
0.0609354,-0.101366,4.72014
0.171039,-0.133779,4.70182
-0.178816,-0.0717133,4.70764
-0.0597626,-0.0932468,4.71114
-0.01427,-0.0593229,4.68522
0.121317,-0.0967993,4.70641
0.170226,-0.0609307,4.71917
0.218385,-0.0930635,4.69626
-0.1052,-0.0505574,4.71234
0.0473354,-0.0514385,4.6852
0.13106,-0.0273648,4.68504
0.265587,-0.0487698,4.68718
-0.269712,0.0044465,4.68637
-0.18378,-0.0152627,4.6824
-0.124422,0.0024386,4.68586
-0.055477,-0.0131256,4.69174
0.0171845,0.000987055,4.71446
0.0699061,0.00965705,4.68228
0.188172,-0.00220857,4.70832
-0.21552,0.0287695,4.71275
-0.158935,0.0541508,4.71639
-0.0564424,0.048999,4.68953
0.108687,0.0484904,4.71493
0.2663,0.0421471,4.69524
-0.260873,0.065983,4.69154
0.0495896,0.0638721,4.7051
0.20965,0.0615678,4.7149
-0.143527,0.119799,4.69517
-0.074904,0.111209,4.69854
0.010892,0.111973,4.69685
0.0973329,0.111082,4.70254
0.156508,0.098881,4.71781
0.249119,0.102306,4.68557
-0.223343,0.149834,4.69144
-0.103261,0.164532,4.71196
-0.0397129,0.160668,4.68501
0.0362564,0.167882,4.70775
0.150859,0.159731,4.70504
0.219543,0.155087,4.7045
-0.185085,0.195621,4.70976
-0.0103216,0.214884,4.69466
0.0921802,0.195592,4.7074
-0.136698,0.232691,4.69627
-0.0700637,0.216842,4.71125
0.138297,0.231557,4.68183
0.0191685,0.26843,4.70741
0.0807783,0.25535,4.68696
-0.0372747,-0.258808,4.74026
0.0228673,-0.268191,4.75408
-0.0992493,-0.250627,4.72873
-0.173905,-0.20652,4.73126
0.00831213,-0.20905,4.72076
0.0925276,-0.200912,4.74815
-0.215659,-0.161068,4.7228
-0.0882999,-0.152376,4.74994
0.0127665,-0.158392,4.75709
0.132552,-0.138946,4.75094
0.226023,-0.146692,4.72713
-0.185042,-0.114933,4.7512
-0.124135,-0.101982,4.74214
-0.00050953,-0.101676,4.72785
0.186602,-0.108053,4.75635
0.251429,-0.0981548,4.75693
-0.258417,-0.0754497,4.73204
-0.215088,-0.0292192,4.73556
-0.0228786,-0.0371965,4.74251
0.0372221,-0.0412081,4.75913
0.091039,-0.0475642,4.72817
0.227392,-0.0451712,4.73576
-0.158026,-0.00426508,4.73788
-0.0922754,0.00456397,4.73885
0.0711476,0.00910232,4.74421
0.139699,-0.0132892,4.74542
0.270131,-0.000616943,4.74051
-0.267464,0.030202,4.74636
-0.00807419,0.0561767,4.72779
0.159933,0.0454407,4.74929
-0.253645,0.0919767,4.7478
-0.0960818,0.0666104,4.73588
0.260185,0.0686628,4.75095
-0.197642,0.102771,4.72282
-0.144392,0.101126,4.75464
-0.0309819,0.111808,4.74259
0.0509826,0.112162,4.74377
0.216347,0.112861,4.75013
-0.212381,0.158438,4.75171
-0.150616,0.165969,4.7522
-0.0323627,0.173654,4.74463
0.0996848,0.150636,4.75007
0.0181151,0.210008,4.74982
0.165301,0.212698,4.73476
-0.108154,0.246757,4.74991
0.112066,0.244794,4.73981
-0.0487545,0.26527,4.744
0.055391,0.263708,4.75808
0.0807442,-0.256919,4.77408
-0.139565,-0.230887,4.77717
-0.0788758,-0.250879,4.78781
0.137632,-0.232341,4.77726
-0.204766,-0.176229,4.78248
-0.0961754,-0.191553,4.79714
-0.0421788,-0.19083,4.76615
0.0122549,-0.214725,4.78395
0.186424,-0.193845,4.77722
-0.14701,-0.161727,4.76552
0.0727085,-0.145519,4.76872
0.225701,-0.147274,4.78948
-0.239399,-0.124411,4.77845
-0.0383475,-0.12333,4.77218
0.0188089,-0.10369,4.78656
-0.221272,-0.065414,4.78567
-0.162451,-0.0590681,4.76619
-0.0693659,-0.0693549,4.76778
0.0783532,-0.0888743,4.79408
0.131457,-0.0781031,4.76452
-0.267917,-0.0273523,4.76989
0.0956545,-0.0294261,4.78644
0.182556,-0.0463674,4.77869
0.265988,-0.0442682,4.78504
-0.217606,0.00498257,4.78769
-0.121902,-0.0177379,4.78904
-0.0434951,0.0104852,4.7767
0.213705,0.00863617,4.76397
-0.137957,0.0416777,4.77417
0.017668,0.0220594,4.77287
0.268291,0.0269318,4.79637
-0.197162,0.0611082,4.76937
-0.0556771,0.0712984,4.78268
0.00843883,0.0831909,4.78149
0.10123,0.0785411,4.76871
0.203608,0.0648303,4.78802
-0.238281,0.126256,4.79763
-0.0884723,0.127965,4.76007
0.160429,0.116919,4.77734
0.0115628,0.145462,4.77853
0.205908,0.174285,4.76223
-0.187055,0.193247,4.79663
-0.0889208,0.189956,4.76695
0.0863804,0.204059,4.77876
-0.0372067,0.219257,4.78509
0.141135,0.229868,4.79347
-0.00295031,0.270336,4.7859
-0.0199669,-0.268236,4.79938
0.0391059,-0.266446,4.8195
-0.155369,-0.219912,4.83659
0.101627,-0.249768,4.83235
0.156092,-0.219273,4.83535
-0.0359714,-0.21254,4.82419
0.0695209,-0.203896,4.80545
0.127093,-0.175957,4.80081
-0.224128,-0.148787,4.83496
-0.163418,-0.159365,4.82514
-0.0231419,-0.151658,4.82536
0.039083,-0.151385,4.82148
0.185063,-0.164427,4.83314
-0.175941,-0.100192,4.81069
-0.086333,-0.131612,4.81113
0.0972019,-0.132484,4.83381
0.151694,-0.11902,4.80682
-0.253182,-0.0938828,4.83105
-0.117997,-0.0783629,4.80494
-0.0435116,-0.0873613,4.82151
0.129783,-0.0638402,4.82544
0.216458,-0.0890228,4.80741
-0.0674936,-0.0302124,4.81703
-0.00740678,-0.0402432,4.80276
0.0641275,-0.046361,4.83675
-0.269183,0.00263792,4.82415
-0.170069,-0.00540828,4.82688
0.0272446,0.00321351,4.83078
0.113423,0.00231395,4.83612
0.16275,0.0079326,4.7993
-0.209268,0.0491153,4.83092
-0.147315,0.0527346,4.83429
-0.0905076,0.0299468,4.81392
-0.0204785,0.0423958,4.82466
0.0727895,0.0336665,4.80115
0.21647,0.0196152,4.82858
-0.26251,0.0601884,4.80073
0.0346238,0.0680331,4.8359
0.145665,0.0660655,4.8101
-0.176194,0.130407,4.79943
-0.11427,0.0991185,4.80885
-0.0406546,0.126496,4.80676
0.0632929,0.112825,4.8038
0.252034,0.0977602,4.80531
-0.128542,0.169244,4.8102
0.0518484,0.171243,4.81845
0.133259,0.168536,4.79921
0.206367,0.138914,4.81337
-0.0772094,0.199621,4.82875
-0.0179095,0.180047,4.82886
0.184225,0.196378,4.82382
-0.138403,0.231576,4.80184
0.0363335,0.228627,4.80612
0.0910699,0.253893,4.82206
-0.0814983,0.257113,4.80546
-0.049544,-0.265347,4.85404
0.00921898,-0.26877,4.87419
-0.0912931,-0.219337,4.8521
-0.193429,-0.186967,4.87357
-0.131006,-0.177276,4.87483
0.0225785,-0.212137,4.84562
0.0814952,-0.185156,4.86317
-0.0713276,-0.161593,4.86367
0.137308,-0.15919,4.87294
-0.18949,-0.110868,4.86993
-0.12921,-0.117979,4.85572
0.236398,-0.130321,4.84926
-0.0872303,-0.0730292,4.86305
0.0140712,-0.0822573,4.84444
0.175285,-0.0925337,4.85773
0.259525,-0.0715197,4.84828
-0.266093,-0.0438488,4.86617
-0.206715,-0.0561103,4.84532
-0.145928,-0.0556281,4.85517
-0.031804,-0.0457572,4.86585
0.150944,-0.0302148,4.87345
0.204176,-0.0394848,4.84258
-0.2216,-0.000221485,4.86708
-0.106244,-0.00837641,4.86062
0.268949,-0.00988388,4.84682
-0.26669,0.041176,4.87268
-0.055442,0.0254808,4.87303
0.0735321,0.0341253,4.87061
0.163516,0.0308978,4.85858
0.264633,0.0520115,4.8534
-0.251883,0.0967312,4.85013
-0.120039,0.0946125,4.87076
-0.0667482,0.079287,4.84362
-0.0128046,0.0845387,4.87353
0.099228,0.0847204,4.8457
0.192537,0.0861801,4.84526
-0.17693,0.116483,4.86023
0.0133751,0.127206,4.83815
0.154327,0.135253,4.8471
0.245703,0.110038,4.8662
-0.214953,0.162213,4.84296
-0.086642,0.140672,4.84618
-0.0328748,0.143288,4.87687
0.0938323,0.145812,4.85581
0.213078,0.165036,4.86951
-0.158876,0.179321,4.86342
0.0187302,0.21011,4.86877
0.0802142,0.206207,4.86065
-0.131962,0.235653,4.86336
-0.0233503,0.246418,4.83948
-0.0745614,0.257729,4.87313
0.0331903,0.26793,4.85406
-0.0873881,-0.255086,4.90246
0.0697248,-0.25968,4.88498
-0.157231,-0.218589,4.91334
0.127658,-0.23736,4.88758
-0.0874973,-0.194247,4.91549
-0.0326818,-0.214708,4.88656
0.0259842,-0.211465,4.90787
0.18001,-0.200946,4.88993
-0.228161,-0.142851,4.90717
-0.158644,-0.139791,4.9156
-0.0377371,-0.157001,4.916
0.0109351,-0.159211,4.87707
0.193479,-0.140641,4.89281
-0.0978352,-0.127421,4.90842
-0.0370332,-0.10617,4.8804
0.0651525,-0.130191,4.8872
0.24645,-0.108224,4.90678
-0.139266,-0.0808072,4.91148
0.0175162,-0.0893477,4.90562
0.105512,-0.0830651,4.87972
-0.184219,-0.0368552,4.90032
0.025643,-0.0302488,4.88289
0.0898542,-0.0231076,4.88785
0.199392,-0.0565133,4.90239
0.265295,-0.0486815,4.90575
-0.269473,-0.00483875,4.91487
-0.0236406,-0.00814697,4.91436
0.220757,0.000261571,4.88763
-0.165336,0.0199744,4.88378
-0.108921,0.0370344,4.90288
0.013636,0.0306405,4.88441
0.124298,0.0496695,4.90277
0.200704,0.0580906,4.90002
-0.20982,0.0722154,4.88879
-0.0652265,0.0801779,4.90603
0.260055,0.0703291,4.91293
-0.238987,0.124976,4.90395
0.0532379,0.105786,4.88106
0.11949,0.111045,4.90004
0.180447,0.123306,4.90226
0.0509032,0.165311,4.89701
-0.204183,0.176305,4.90605
-0.101037,0.187055,4.88507
-0.0417323,0.204824,4.88192
0.155848,0.183561,4.88643
0.124153,0.239264,4.88829
-0.0182019,0.268473,4.89764
0.0414807,0.266575,4.91561
-0.0297853,-0.2677,4.92275
0.0331702,-0.267224,4.93487
0.0857938,-0.201601,4.92281
0.147144,-0.213044,4.94123
0.112042,-0.143915,4.92766
0.222398,-0.151395,4.94681
-0.0523522,-0.102592,4.94256
0.0678302,-0.0991772,4.94084
0.154745,-0.0985638,4.9164
-0.259839,-0.0721314,4.92934
-0.201004,-0.0902936,4.92681
0.208032,-0.0915186,4.95306
-0.127132,-0.020191,4.91897
-0.0713036,-0.0479319,4.91753
-0.0114206,-0.0571545,4.95016
0.0548324,-0.0394218,4.93635
0.129459,-0.0438896,4.93017
0.113521,0.0120384,4.95071
0.167849,0.00835235,4.9195
0.219218,-0.0183495,4.94722
0.269452,0.0103215,4.925
-0.212298,0.0219368,4.92465
-0.155931,0.0407516,4.94325
-0.0637097,0.0283501,4.945
-0.00574439,0.0510484,4.93972
0.056042,0.0219838,4.92873
-0.261937,0.0597881,4.93159
-0.129353,0.0958609,4.93156
0.0482011,0.0825951,4.93761
0.161207,0.0802096,4.94268
-0.188937,0.111629,4.93791
0.00812121,0.126443,4.92039
0.237936,0.126925,4.92557
-0.147101,0.154302,4.91925
-0.0851479,0.137349,4.91828
-0.0343812,0.170058,4.93303
0.108195,0.162857,4.93203
-0.10357,0.189152,4.94717
0.0123156,0.211454,4.93071
0.200465,0.176265,4.92957
-0.158546,0.217421,4.91652
-0.105126,0.248107,4.92667
-0.0465741,0.230674,4.93859
0.0766593,0.215922,4.92248
0.156351,0.21928,4.93748
-0.00781981,-0.263558,4.98165
-0.113516,-0.243716,4.95746
-0.0473661,-0.218454,4.9561
0.0486272,-0.219538,4.97241
0.100275,-0.250507,4.95781
-0.197502,-0.183715,4.97929
-0.134586,-0.180168,4.95663
0.00197134,-0.181392,4.95691
0.114044,-0.177961,4.98032
0.189258,-0.191328,4.98138
-0.0780341,-0.155084,4.96344
0.0594555,-0.157922,4.95811
-0.240702,-0.120582,4.96438
-0.179134,-0.125449,4.97231
-0.120074,-0.109169,4.96348
0.0101365,-0.119702,4.95919
0.109259,-0.116201,4.98336
0.16471,-0.136673,4.96467
0.155606,-0.0709956,4.97879
0.261706,-0.0629235,4.96617
-0.224679,-0.0292688,4.95659
-0.165932,-0.0497349,4.95832
-0.0807595,-0.0548292,4.97841
0.0343848,-0.0570976,4.99184
0.095537,-0.055854,4.98106
-0.264687,0.0151567,4.97476
-0.116217,0.00462422,4.97524
-0.0160973,-0.000557014,4.97521
0.0641415,-0.00280302,4.98512
0.167415,-0.00605302,4.98008
0.269832,-0.00384972,4.98584
0.0337209,0.0509324,4.98822
0.133514,0.0538444,4.99184
0.206773,0.0414082,4.95953
-0.207122,0.062429,4.97157
-0.155574,0.0937802,4.98761
-0.0899448,0.0762804,4.97484
0.195092,0.0925227,4.99337
0.259877,0.0699441,4.97539
-0.245964,0.110289,4.96406
-0.0371445,0.103003,4.95634
0.0176571,0.111075,4.98334
0.10408,0.0977841,4.9591
-0.199234,0.137814,4.99355
-0.139965,0.154052,4.98354
-0.0785609,0.142817,4.98088
-0.0169811,0.161804,4.99206
0.0420614,0.162588,4.95817
0.0931416,0.149654,4.99112
0.159369,0.140252,4.95988
0.22637,0.145585,4.98378
-0.188852,0.191669,4.96454
-0.0638491,0.202313,4.99306
0.0221532,0.210601,4.99221
0.10865,0.207538,4.97504
0.186637,0.193587,4.9878
-0.1409,0.230104,4.97493
-0.0555428,0.263767,4.99047
-0.000261673,0.267386,4.96188
0.0739114,0.258532,4.96819
-0.0682235,-0.260292,4.99674
0.0393465,-0.266691,5.02243
-0.152882,-0.221551,4.99982
0.142806,-0.228791,5.00146
-0.0788434,-0.199754,5.00629
-0.0188375,-0.209593,5.02015
-0.217535,-0.140199,5.01909
-0.130129,-0.163335,5.01649
0.0315484,-0.174023,5.01117
0.14878,-0.174951,5.03202
0.212379,-0.157956,5.02842
-0.152349,-0.105564,5.02433
-0.0908178,-0.102192,5.0175
-0.0307401,-0.112933,5.00565
0.050995,-0.11532,5.00592
0.157643,-0.114156,5.02243
0.244489,-0.112466,5.0001
-0.207411,-0.079944,5.00341
0.26308,-0.058978,5.02819
-0.26416,-0.0545253,4.99705
-0.190406,-0.0205204,5.00761
-0.133953,-0.0475174,5.0111
-0.0246045,-0.0510286,5.01083
0.208834,-0.0480699,5.0005
-0.0657467,0.00851799,5.01184
0.0183888,0.000404972,5.02637
0.117433,-0.00922973,5.01707
0.216671,0.012399,5.01353
-0.221293,0.0355453,5.0258
-0.162524,0.0344616,5.00475
-0.107754,0.0515597,5.02848
-0.0277288,0.0563777,4.99753
0.0775392,0.0369205,5.03009
0.265915,0.0455052,5.03255
-0.255126,0.0875302,5.02135
0.0700611,0.0962133,5.01317
-0.0620389,0.0985825,5.02725
0.137764,0.112156,5.01295
0.248207,0.10496,5.0258
0.0382536,0.156706,5.01992
0.186473,0.145999,5.03143
-0.172976,0.207179,5.02314
-0.106944,0.177464,5.03086
0.118188,0.188063,5.03289
-0.106139,0.247914,5.02333
0.104617,0.248447,5.02161
0.0331089,0.267431,5.01467
-0.0862319,-0.254428,5.05594
-0.0254738,-0.267942,5.04136
-0.143019,-0.228884,5.06082
0.0977997,-0.251504,5.03824
-0.189303,-0.191883,5.04068
-0.0974805,-0.187261,5.06391
0.033123,-0.212365,5.06012
0.0864574,-0.190885,5.03456
-0.158475,-0.14728,5.06978
-0.00488812,-0.145456,5.052
0.0545625,-0.149841,5.06882
-0.063452,-0.131576,5.06463
0.0994815,-0.114587,5.0445
-0.252717,-0.094745,5.04308
-0.175233,-0.0601472,5.06003
0.0188484,-0.0793105,5.04711
0.132417,-0.0621628,5.04661
0.208737,-0.0887807,5.04766
-0.0792303,-0.0456227,5.03988
0.0724852,-0.0459593,5.03974
0.180202,-0.0228598,5.04956
-0.26959,-0.00303226,5.03401
-0.215701,-0.0129986,5.06402
-0.150104,-0.00366973,5.05211
-0.0914522,0.00743315,5.06877
-0.0304433,-0.0137986,5.06088
0.269484,-0.0083455,5.0639
-0.0443429,0.0464976,5.05669
0.166673,0.0370605,5.04142
-0.180604,0.0799277,5.04292
0.0162216,0.0589045,5.04668
0.109368,0.0813476,5.05912
0.196335,0.0894114,5.05549
-0.121592,0.112711,5.0363
-0.00432029,0.116852,5.04121
0.0760032,0.133292,5.06308
-0.231106,0.138947,5.04722
-0.169791,0.149852,5.04663
-0.0491842,0.15907,5.04537
0.137531,0.141429,5.06984
-0.00083307,0.201042,5.04921
0.0604012,0.209945,5.04169
0.175914,0.204815,5.04812
-0.133703,0.217681,5.0703
-0.0601445,0.219373,5.05285
-0.0225124,0.268117,5.04316
0.0565212,0.263685,5.07225
-0.0426736,-0.266492,5.10134
0.0199501,-0.268442,5.084
0.0797926,-0.257383,5.09779
0.134806,-0.231668,5.08441
-0.142794,-0.193136,5.11092
-0.0371781,-0.192403,5.07729
0.185191,-0.195886,5.07808
-0.221904,-0.151845,5.08018
-0.107977,-0.142613,5.10553
0.00992835,-0.166807,5.10874
0.114181,-0.161846,5.08213
0.232265,-0.137993,5.08382
-0.250572,-0.100108,5.10468
0.00852374,-0.105334,5.10354
0.12419,-0.101211,5.09997
0.170657,-0.136122,5.07823
-0.150229,-0.0974239,5.10548
-0.036982,-0.0760276,5.07286
0.0652618,-0.0852447,5.08757
0.200451,-0.0917827,5.10934
0.257116,-0.080109,5.08623
-0.266118,-0.0455494,5.07912
-0.120262,-0.0463721,5.08639
0.00996235,-0.0434654,5.09749
0.101612,-0.035557,5.09389
0.216803,-0.0327838,5.09851
-0.175194,0.00136247,5.10868
0.0520634,-0.00145674,5.0785
0.168892,0.0060481,5.107
-0.268008,0.0214401,5.09148
-0.21128,0.0471963,5.08672
-0.144397,0.0496609,5.08391
-0.000990571,0.0314408,5.09912
0.0703728,0.0543649,5.09941
0.117104,0.0212304,5.07484
0.218301,0.0253081,5.07446
-0.253117,0.093293,5.08348
-0.0905606,0.0809487,5.07996
-0.0315996,0.0925998,5.09661
0.155885,0.0650632,5.09619
0.256766,0.0812561,5.08298
-0.192439,0.114846,5.09274
0.0297024,0.100405,5.09062
0.18331,0.118341,5.10864
-0.204971,0.175674,5.09087
-0.137608,0.162267,5.09838
-0.079428,0.139678,5.09617
-0.0066639,0.155229,5.09079
0.230801,0.139432,5.07494
0.0367592,0.21135,5.09938
0.0932154,0.186672,5.08923
0.167525,0.211645,5.1091
-0.0288186,0.215093,5.10639
0.120285,0.241195,5.08153
-0.0897955,0.25483,5.09424
0.000940094,0.269739,5.10088
0.00221682,-0.270074,5.14606
-0.109952,-0.245675,5.11275
-0.025168,-0.216034,5.13344
0.0354924,-0.221428,5.12171
-0.196228,-0.185023,5.1416
-0.0826502,-0.192987,5.13111
0.09045,-0.193708,5.13
0.170734,-0.209119,5.13715
-0.0463071,-0.142828,5.12344
0.147415,-0.151945,5.1337
0.21351,-0.163563,5.13766
-0.200164,-0.123682,5.13122
0.0769884,-0.13334,5.12432
0.250487,-0.100178,5.14473
-0.081869,-0.0873586,5.11365
-0.0268206,-0.0699952,5.14041
-0.264792,-0.0513514,5.14097
-0.206773,-0.0569857,5.11365
-0.151457,-0.0465783,5.14028
-0.0631288,-0.0281726,5.1116
0.054483,-0.0455776,5.14061
0.155027,-0.0520874,5.12149
0.266589,-0.0408263,5.13433
-0.11542,0.00179276,5.12573
-0.013528,-0.00934723,5.14415
0.043096,0.015791,5.13984
-0.217267,0.0216745,5.14917
-0.0649108,0.0371285,5.11619
0.117653,0.0352731,5.13515
0.264531,0.0247679,5.11651
-0.261695,0.0632975,5.13747
-0.186726,0.0747537,5.13986
-0.0770804,0.0946366,5.13895
0.212863,0.0631457,5.12365
-0.237043,0.129465,5.133
-0.136205,0.102405,5.11623
0.00139731,0.121058,5.14202
0.0630506,0.09835,5.1431
0.120304,0.110055,5.12098
0.242072,0.117433,5.13244
-0.179954,0.152699,5.14333
-0.049674,0.159731,5.14742
0.0501915,0.152782,5.11639
0.127368,0.175864,5.13933
0.209304,0.170464,5.12903
-0.166225,0.212102,5.12314
-0.0887293,0.197253,5.11674
0.007114,0.184515,5.14689
-0.117966,0.242175,5.1485
0.122325,0.237997,5.14382
-0.0480174,0.264793,5.13936
0.0530347,0.263343,5.13448
-0.0675695,-0.255071,5.15742
0.0622538,-0.26176,5.16062
-0.134195,-0.232788,5.16876
0.0156046,-0.220558,5.18058
0.120741,-0.241096,5.1557
-0.103246,-0.182212,5.18886
-0.0387516,-0.19134,5.18867
-0.20657,-0.146029,5.18919
-0.147669,-0.148034,5.1527
0.0437557,-0.168569,5.16266
0.102837,-0.154514,5.17668
0.177908,-0.154386,5.1882
-0.247948,-0.105554,5.16672
-0.0970453,-0.11562,5.16678
-0.0119816,-0.127335,5.173
0.0471966,-0.108036,5.17695
0.166377,-0.0995487,5.16052
-0.179194,-0.0880784,5.17733
0.100873,-0.0847768,5.15536
-0.212772,-0.0360551,5.17195
-0.0930088,-0.0513126,5.16283
0.0133747,-0.0564759,5.18624
0.110814,-0.0233244,5.15383
0.209876,-0.0545936,5.15807
-0.269295,0.0133978,5.18095
-0.160154,0.00785579,5.16877
-0.100347,0.00603249,5.18571
0.156079,0.0140125,5.1795
0.211838,0.00752586,5.1521
0.269504,0.00530593,5.17584
-0.12278,0.0558282,5.15549
0.0816758,0.0540513,5.18199
-0.0241748,0.0652453,5.15324
0.161673,0.0726632,5.15791
0.261049,0.0658292,5.16334
-0.211604,0.109395,5.18574
-0.1499,0.106647,5.17867
0.111458,0.108677,5.18276
0.165499,0.134431,5.16547
0.212407,0.0985725,5.18409
-0.110193,0.146305,5.15177
0.0452909,0.146865,5.17825
-0.176331,0.204298,5.18402
-0.0919563,0.197065,5.18283
0.0720486,0.199456,5.15484
0.176289,0.204045,5.17006
-0.0334544,0.218354,5.17904
0.000998006,0.270118,5.17746
-0.0257864,-0.268276,5.20172
0.0357908,-0.267061,5.21688
-0.0951212,-0.252552,5.2133
0.0961576,-0.251901,5.21206
0.160658,-0.215998,5.19841
-0.178269,-0.202427,5.20083
0.10937,-0.192493,5.22515
-0.149632,-0.148984,5.21384
-0.0637925,-0.142315,5.21684
0.0118706,-0.165976,5.21572
0.0679105,-0.140604,5.22632
0.126483,-0.106459,5.20788
0.24122,-0.120353,5.20249
-0.224052,-0.0859545,5.22056
-0.104879,-0.0969346,5.22571
-0.0517793,-0.0848443,5.19543
0.0775381,-0.0643513,5.20952
0.190444,-0.0886835,5.21691
0.261943,-0.0621956,5.19286
-0.26633,-0.0444908,5.20277
-0.141131,-0.0446831,5.20166
-0.0822676,-0.038961,5.22545
0.152895,-0.047363,5.19101
0.21778,-0.0218753,5.2102
-0.21543,0.00780533,5.21592
-0.0400366,-0.00175093,5.19948
0.015442,-0.00198675,5.22816
0.0666537,-0.00521342,5.19301
-0.180658,0.0573055,5.20089
0.0208879,0.0481326,5.19197
0.119098,0.0342419,5.227
0.214096,0.0400153,5.20524
-0.259361,0.0719183,5.19918
-0.0842872,0.0632117,5.20383
0.0523874,0.0976325,5.21533
0.165981,0.0769749,5.21978
0.257045,0.0811266,5.22379
-0.0680113,0.122342,5.19355
-0.00811163,0.102563,5.20038
-0.212863,0.164494,5.21521
-0.137622,0.161184,5.20569
-0.00913919,0.164546,5.20349
0.132282,0.172458,5.20076
0.216268,0.160493,5.18985
-0.132688,0.23474,5.21676
0.0283859,0.217533,5.19515
0.134266,0.234332,5.20496
-0.0789361,0.257545,5.19455
0.0779823,0.257266,5.19111
-0.0527374,-0.263731,5.25767
-0.137002,-0.218743,5.24472
-0.0107912,-0.219723,5.2366
0.1277,-0.237537,5.26396
-0.0729857,-0.20101,5.23994
0.0507494,-0.209782,5.23708
0.178171,-0.202294,5.25681
-0.207968,-0.137957,5.25106
0.148325,-0.148364,5.24841
0.218838,-0.156579,5.24735
-0.00970626,-0.110692,5.23316
0.250103,-0.100233,5.2609
-0.165136,-0.0941787,5.23725
-0.0593201,-0.0947534,5.26765
0.0449023,-0.0906226,5.2557
-0.251035,-0.0293165,5.26088
-0.190751,-0.0387778,5.24975
-0.130852,-0.0491616,5.26279
-0.0219671,-0.0501872,5.23715
0.127208,-0.0583034,5.24672
0.203013,-0.0496112,5.26394
0.266423,-0.0395673,5.25093
-0.155057,0.00872531,5.23056
-0.0959531,0.0189765,5.24617
0.0853907,-0.0122758,5.25136
0.163004,-0.00845282,5.23734
0.214683,0.0130634,5.26151
-0.267802,0.0277013,5.24236
-0.0303301,0.0349679,5.24855
0.0561347,0.0422703,5.243
0.269171,0.021456,5.23587
-0.21256,0.0634122,5.25416
-0.140077,0.0599085,5.26267
-0.0761875,0.0749229,5.26434
-0.0178695,0.0942271,5.26089
-0.243056,0.115863,5.24001
-0.178738,0.11371,5.23827
-0.116949,0.108537,5.23141
0.233645,0.135239,5.24346
-0.0664107,0.13734,5.25339
0.043855,0.172538,5.23517
0.0954778,0.137495,5.23571
0.172509,0.137501,5.23265
-0.176818,0.203518,5.24812
-0.111278,0.186693,5.25559
-0.0545952,0.195016,5.23265
0.0980036,0.201787,5.24288
0.179529,0.200935,5.23217
0.00108241,0.215081,5.25096
-0.0875442,0.255324,5.2562
-0.0297459,0.267449,5.2318
0.0745892,0.258365,5.25328
0.00774981,-0.26732,5.27259
0.0696261,-0.259725,5.26926
-0.144776,-0.222067,5.30659
-0.0911406,-0.254046,5.30569
-0.032108,-0.217123,5.29428
-0.187458,-0.193266,5.27132
-0.0886936,-0.192601,5.30148
0.0137284,-0.178837,5.27666
0.0587105,-0.209405,5.30658
0.10999,-0.180183,5.2861
-0.132514,-0.162372,5.27108
-0.0448169,-0.157689,5.27423
0.0616026,-0.140885,5.28839
0.195333,-0.166432,5.30501
-0.118191,-0.104404,5.28866
0.000814456,-0.120361,5.2936
0.116104,-0.110559,5.28617
0.189855,-0.109503,5.27523
-0.252226,-0.0962608,5.27502
-0.192979,-0.0928568,5.29156
-0.0174468,-0.0612392,5.2987
0.155645,-0.0648292,5.30171
0.0339428,-0.033641,5.27824
0.0898908,-0.0548166,5.29632
-0.18773,0.0141137,5.28311
-0.130365,-0.00458768,5.30593
-0.0546279,-0.0152144,5.27607
0.00604082,0.0187801,5.29671
0.132542,-0.00846056,5.29113
0.26625,0.00431469,5.29543
-0.255512,0.0444338,5.30105
0.101001,0.0442422,5.28573
0.161443,0.0431871,5.27175
-0.175491,0.0967584,5.29819
0.0444642,0.0677049,5.3
0.195771,0.0947726,5.27175
0.249118,0.0644544,5.28333
-0.247627,0.106044,5.30143
-0.114531,0.11109,5.2964
0.0361923,0.122,5.27035
0.0928311,0.105248,5.28867
0.238358,0.126229,5.3044
-0.218637,0.1569,5.27995
-0.156964,0.153568,5.28087
-0.0130162,0.159729,5.27577
0.0768204,0.165447,5.28769
0.139085,0.146575,5.28416
0.205417,0.174906,5.28254
-0.0664314,0.209737,5.29203
-0.137153,0.232784,5.28786
0.0436127,0.216658,5.29636
0.150115,0.222512,5.28278
-0.0411222,0.266512,5.29647
0.0177508,0.268982,5.27658
-0.0228096,-0.268873,5.3269
0.041871,-0.266527,5.32498
0.00773064,-0.217468,5.3426
0.105568,-0.247824,5.32111
0.159586,-0.217297,5.31445
-0.187027,-0.193654,5.34282
-0.221341,-0.152868,5.3102
-0.161833,-0.138348,5.32001
0.0236858,-0.158107,5.33719
0.133842,-0.168769,5.34236
-0.0763105,-0.135464,5.32301
0.166951,-0.117724,5.33198
0.239229,-0.123818,5.31773
-0.258849,-0.0736315,5.3329
0.0381935,-0.07895,5.32075
0.114732,-0.0856769,5.34382
0.261478,-0.064608,5.31088
-0.212217,-0.0367624,5.30895
-0.0908138,-0.0526424,5.31033
-0.0445743,-0.0198545,5.33613
0.0170444,-0.0241463,5.34179
0.20702,-0.0386855,5.32512
-0.26936,-0.0138155,5.31815
-0.219936,0.0149202,5.34286
0.0695162,0.000337405,5.31667
-0.163397,0.0400065,5.33421
-0.105718,0.0520652,5.31413
-0.0451069,0.0412327,5.32413
0.152269,0.0388549,5.33266
0.211599,0.0229009,5.32245
0.265761,0.0469987,5.34082
-0.212436,0.0768755,5.34389
-0.0696566,0.0963844,5.33896
0.207266,0.0833477,5.336
-0.150573,0.135744,5.34036
-0.00407831,0.101109,5.32069
0.136216,0.0988837,5.33249
-0.212632,0.140311,5.33971
-0.0629263,0.15197,5.3133
0.0273887,0.154627,5.32296
0.0859521,0.137429,5.34212
0.182515,0.139861,5.32847
-0.18315,0.197268,5.31687
-0.116613,0.183013,5.31788
-0.0118967,0.202701,5.32092
0.119477,0.187669,5.32635
0.179401,0.201591,5.3338
-0.0935208,0.253064,5.32739
0.097973,0.244289,5.30924
0.00578646,0.260363,5.33731
0.00407355,-0.269719,5.3831
0.0774209,-0.258011,5.37556
-0.129545,-0.236553,5.36536
-0.0678636,-0.246313,5.36285
0.136928,-0.226334,5.37176
-0.12359,-0.176626,5.35046
-0.0472897,-0.188801,5.34721
0.0823677,-0.197374,5.36295
0.189667,-0.19068,5.36232
-0.16795,-0.145208,5.38146
0.0809753,-0.137241,5.3474
-0.238328,-0.125716,5.36385
-0.0485592,-0.135832,5.37877
0.00461365,-0.10606,5.36549
-0.175796,-0.0856275,5.34998
-0.114189,-0.0943845,5.35013
-0.0501435,-0.0823791,5.34712
0.0625584,-0.0861687,5.37751
0.168489,-0.0652263,5.36569
0.253636,-0.0923288,5.36975
-0.216959,-0.0425476,5.37049
-0.137914,-0.037744,5.36002
0.0665565,-0.022553,5.37917
-0.26947,-0.00901216,5.38009
-0.0961788,0.00777337,5.35651
0.121471,-0.0135238,5.35164
0.268533,-0.0189131,5.35289
-0.264939,0.0515701,5.36568
0.0323362,0.0354834,5.35203
0.0926799,0.0506298,5.34668
0.210991,0.0416295,5.38168
-0.0220207,0.0930562,5.37925
0.0445983,0.0956253,5.36317
-0.246239,0.109152,5.38481
-0.112209,0.105128,5.38369
0.17094,0.0979159,5.38433
0.232761,0.136295,5.3654
-0.0902147,0.161314,5.36957
-0.0288055,0.15296,5.36465
0.0296313,0.152261,5.38467
0.140058,0.151438,5.3725
-0.0566759,0.213017,5.36275
0.03837,0.207405,5.35751
0.0929284,0.19102,5.38261
-0.143784,0.227792,5.3546
0.129292,0.237001,5.36253
0.0712671,0.259411,5.3636
-0.0600351,-0.262906,5.42234
-0.0266317,-0.216025,5.39887
0.0354819,-0.218162,5.39833
-0.169995,-0.205828,5.40171
-0.0861363,-0.197235,5.39563
0.171846,-0.208703,5.42131
-0.213609,-0.164522,5.41884
0.00495651,-0.162263,5.39659
0.0640104,-0.145226,5.40667
0.12369,-0.174137,5.4034
-0.108183,-0.136569,5.39547
0.124514,-0.113372,5.41597
0.193545,-0.117892,5.38758
-0.258286,-0.0783804,5.39942
-0.200134,-0.0974543,5.40511
-0.139789,-0.0834345,5.40598
-0.0341657,-0.0838615,5.40858
-0.0864732,-0.0552553,5.38999
-0.0337429,-0.0231841,5.39618
0.019458,-0.0525308,5.40663
0.116317,-0.0549123,5.39793
0.221735,-0.0416929,5.38612
-0.225849,-0.0054895,5.42402
-0.177104,0.00229889,5.38601
-0.12078,0.00203212,5.41343
0.106167,0.00168787,5.42053
0.171246,-0.00604455,5.38781
-0.213316,0.0509583,5.40051
-0.0727887,0.0567116,5.3865
-0.0117444,0.0343468,5.3958
0.06958,0.0492027,5.40402
0.137748,0.0460482,5.39228
0.268202,0.0233443,5.39893
-0.152099,0.0586996,5.39247
0.104395,0.0976817,5.38583
0.256301,0.0839747,5.38954
-0.183995,0.112001,5.38733
-0.061849,0.127001,5.41317
0.215878,0.117929,5.42249
-0.207035,0.173003,5.39235
-0.146137,0.160758,5.39699
0.0795053,0.143125,5.41946
-0.0807088,0.198805,5.41866
-0.0074377,0.20034,5.39878
0.0493547,0.213797,5.42113
0.148218,0.206288,5.41296
0.202059,0.178655,5.39896
-0.0973797,0.251499,5.38948
0.101765,0.249421,5.41723
-0.0358041,0.267121,5.38536
0.0239701,0.268075,5.40349
-0.000572498,-0.270086,5.44531
0.0603134,-0.262205,5.43517
-0.118563,-0.24142,5.42668
-0.0351123,-0.221329,5.46014
0.119706,-0.24158,5.42967
-0.126096,-0.177612,5.43851
0.0174984,-0.190083,5.45107
0.0777948,-0.196949,5.43848
-0.046025,-0.167031,5.43232
0.17048,-0.149084,5.4363
0.231369,-0.13975,5.43097
-0.242673,-0.116441,5.44634
-0.167455,-0.132093,5.44519
0.0179936,-0.110418,5.42992
-0.0876456,-0.0956303,5.43735
0.0741922,-0.0853059,5.43871
0.131133,-0.06967,5.4599
0.183275,-0.07025,5.42596
0.255265,-0.0875086,5.45476
-0.262919,-0.0585753,5.45811
-0.152128,-0.0385739,5.44868
-0.0900902,-0.0356839,5.4533
-0.0280532,-0.0426713,5.45452
0.267397,-0.0333126,5.42706
-0.063327,0.0166573,5.43319
0.0388596,0.00178871,5.43045
0.160985,-0.0165797,5.448
0.217238,0.00303373,5.42964
-0.26652,0.0412153,5.43125
-0.173357,0.027741,5.44233
-0.109039,0.0585187,5.43718
0.181606,0.0538336,5.43532
-0.189387,0.0879945,5.44459
-0.0388974,0.0735889,5.43575
0.0215338,0.0607942,5.44122
0.0698603,0.0957162,5.45756
0.128014,0.0735395,5.46001
0.242385,0.0606832,5.4454
-0.229276,0.135648,5.43865
-0.133659,0.115621,5.44123
0.00356879,0.118935,5.42981
0.138813,0.126489,5.4292
-0.194871,0.185857,5.45209
-0.133639,0.176099,5.45577
-0.0295866,0.213366,5.45504
0.115406,0.176855,5.45663
0.187091,0.189213,5.45867
-0.13053,0.235994,5.43971
-0.0646198,0.261692,5.44144
-0.00361595,0.269774,5.45954
0.0585026,0.262993,5.46023
-0.0507046,-0.265045,5.50099
0.0351908,-0.267064,5.49647
-0.134226,-0.233991,5.50078
0.0949975,-0.252382,5.48583
-0.175585,-0.204938,5.46412
-0.0871808,-0.197047,5.48283
0.0590627,-0.202738,5.4976
0.132605,-0.188101,5.46667
0.195099,-0.185628,5.48036
-0.216115,-0.160756,5.48108
-0.139553,-0.166884,5.49822
-0.0258667,-0.169084,5.49111
0.0284588,-0.139086,5.48446
0.0872581,-0.141069,5.4643
-0.0888951,-0.132487,5.48713
-0.0343722,-0.11423,5.46312
0.142872,-0.124439,5.48606
0.20484,-0.119351,5.48306
-0.195625,-0.0802259,5.46428
-0.134147,-0.0904434,5.4783
-0.0608363,-0.0710317,5.49948
0.0857933,-0.0850137,5.50001
-0.202945,-0.020268,5.47963
0.0327256,-0.0485297,5.46686
0.0894839,-0.0258715,5.47287
0.208294,-0.0573829,5.4815
-0.269942,-0.00255276,5.48421
-0.124002,0.0115981,5.47564
-0.0653729,0.00462814,5.49402
-0.00962129,0.0150206,5.46906
0.04146,0.00185457,5.50192
0.210815,0.00370083,5.49134
0.26936,0.0105269,5.47098
-0.223858,0.0381338,5.47662
0.0792294,0.0351119,5.46504
0.15253,0.0258175,5.49186
-0.253433,0.0927757,5.47708
-0.1347,0.0706983,5.4925
-0.0251444,0.0739696,5.49603
0.0361686,0.0634474,5.50163
0.200753,0.0663904,5.49326
-0.161588,0.135097,5.49364
-0.0806599,0.102179,5.47137
0.0150557,0.120901,5.49084
0.181406,0.122316,5.47407
0.242842,0.116155,5.47853
-0.0891987,0.158676,5.49492
-0.0358219,0.152553,5.46357
0.0702264,0.149543,5.48814
0.0209193,0.178432,5.46406
0.0606536,0.209744,5.5007
-0.156081,0.219616,5.49415
-0.0869537,0.219405,5.48132
0.135386,0.233765,5.46756
-0.0494058,0.265112,5.50183
0.154498,-0.220425,5.51526
-0.182689,-0.198178,5.52997
-0.0364369,-0.21302,5.53421
0.016009,-0.179169,5.53587
0.109912,-0.177608,5.52389
-0.0884417,-0.168195,5.5377
0.178392,-0.151252,5.52949
-0.179065,-0.120023,5.50981
-0.0364156,-0.125134,5.53279
0.0663924,-0.133823,5.53367
-0.232835,-0.0664395,5.5121
-0.107357,-0.096109,5.53448
0.0026081,-0.0867177,5.5048
0.196227,-0.0863886,5.53527
0.255573,-0.0863115,5.51711
-0.171347,-0.0585772,5.51674
-0.112485,-0.0382132,5.5115
-0.016468,-0.0284317,5.5134
0.0402933,-0.04933,5.53673
0.100237,-0.0338887,5.53277
0.157194,-0.0342614,5.50798
0.258294,-0.0241355,5.5217
-0.229155,0.00453997,5.53032
-0.263678,0.0562098,5.52669
-0.173436,0.0250274,5.51133
-0.116701,0.0206121,5.53687
-0.00498455,0.0289816,5.53337
0.0990246,0.0276678,5.52352
-0.197629,0.0856998,5.50621
-0.0802473,0.0693042,5.52435
0.085916,0.0966691,5.51728
0.145875,0.080671,5.5192
0.262111,0.0625954,5.50409
-0.236164,0.130908,5.52335
-0.0412099,0.128763,5.52048
0.236727,0.113456,5.54048
0.0182296,0.171844,5.52605
0.12951,0.138539,5.50357
0.214573,0.163262,5.50827
-0.200267,0.180557,5.51386
-0.113777,0.199177,5.53445
-0.0393666,0.191391,5.51231
0.114129,0.189379,5.53529
0.169656,0.209668,5.51507
0.00465297,0.23525,5.51082
0.105313,0.248359,5.51982
-0.00966458,-0.267931,5.54757
0.0483325,-0.265434,5.57009
-0.144528,-0.227386,5.56962
-0.0900988,-0.243342,5.54399
0.0966018,-0.234706,5.54519
0.148979,-0.22443,5.5773
0.0679599,-0.185217,5.56964
0.19664,-0.184209,5.57863
-0.222023,-0.151545,5.54248
-0.152176,-0.151113,5.55725
-0.0299275,-0.167981,5.57704
-0.250718,-0.0996216,5.56154
-0.188888,-0.101907,5.56863
0.0155097,-0.12632,5.56875
0.126229,-0.121552,5.54567
0.234246,-0.133915,5.55132
-0.0363568,-0.0679054,5.55684
0.0828871,-0.0827639,5.56752
0.144834,-0.0644928,5.56223
0.256804,-0.0812087,5.57938
-0.266785,-0.039572,5.55653
-0.205278,-0.039763,5.56658
-0.142625,-0.0367169,5.56603
0.205042,-0.0275319,5.55424
-0.268625,0.019212,5.57689
-0.0673936,-0.013929,5.55281
-0.000642619,-0.0190322,5.57259
0.154144,0.00975738,5.55204
0.269632,0.00167881,5.57739
-0.210635,0.0557596,5.56013
-0.162715,0.0207203,5.57842
-0.0651378,0.0425676,5.57867
0.050184,0.0357459,5.56086
0.21111,0.0339908,5.5453
-0.154532,0.0815218,5.5504
-0.0234754,0.0829931,5.55784
0.0365918,0.0961737,5.55479
0.173225,0.074026,5.57438
0.262076,0.062536,5.56589
-0.250156,0.101011,5.57595
-0.121527,0.133703,5.5416
-0.0794417,0.103687,5.57649
0.0941855,0.0978338,5.57856
0.176429,0.129052,5.54312
-0.182439,0.136977,5.55459
-0.0679892,0.166988,5.56174
-0.010287,0.142221,5.57309
0.0706092,0.147715,5.54967
-0.170679,0.208887,5.56073
-0.0118666,0.209108,5.56537
0.0614069,0.207933,5.56319
0.197261,0.183613,5.56474
-0.120922,0.241844,5.57859
0.122781,0.239666,5.57905
-0.0626019,0.256259,5.56217
-0.00300539,0.26986,5.57428
0.0496879,0.265253,5.54152
-0.00630628,-0.269846,5.60978
-0.0947956,-0.252872,5.6055
-0.0426242,-0.219733,5.60818
0.0978106,-0.251306,5.60518
-0.191028,-0.190165,5.59128
-0.0967001,-0.192201,5.59392
0.0157424,-0.214898,5.58686
-0.228756,-0.142038,5.60378
-0.143887,-0.16074,5.61838
0.0840717,-0.148637,5.61717
0.13743,-0.164612,5.58916
-0.13211,-0.105008,5.59416
-0.0751814,-0.125278,5.58075
-0.0250535,-0.100432,5.60842
0.127021,-0.105272,5.60557
0.182883,-0.122051,5.58452
0.235254,-0.132519,5.61628
-0.231198,-0.0813731,5.61758
-0.172322,-0.0623939,5.61391
-0.0895348,-0.0598649,5.58794
0.0276164,-0.070589,5.59347
0.180121,-0.0664882,5.61317
-0.267589,-0.0306542,5.61821
0.122694,-0.0424474,5.61786
0.233196,-0.0341852,5.61311
-0.215991,0.0146298,5.60879
-0.107295,0.001568,5.59906
-0.047923,-0.0103386,5.61167
0.0463115,-0.00813052,5.6116
0.0995522,0.00392589,5.58132
0.162983,0.00459553,5.61353
-0.0013266,0.0388286,5.59602
0.0537675,0.0572688,5.61882
0.125791,0.0544028,5.6095
0.220374,0.0268474,5.60624
-0.195434,0.0962776,5.60486
-0.120645,0.0618765,5.59798
-0.13912,0.121123,5.59992
-0.0312629,0.101997,5.61605
0.169355,0.128365,5.60469
-0.218123,0.15712,5.60145
0.0436288,0.153154,5.60446
0.230081,0.140115,5.59651
-0.125273,0.180655,5.59275
0.0322743,0.212514,5.61822
0.140624,0.181492,5.59101
-0.0810059,0.216497,5.61662
0.0681303,0.260184,5.60096
-0.0531605,-0.264262,5.65059
-0.153904,-0.220973,5.63083
0.0437107,-0.24327,5.63486
0.138509,-0.218339,5.63843
-0.0773493,-0.181487,5.65198
0.0373563,-0.181979,5.64182
0.192422,-0.187566,5.64052
-0.204552,-0.175689,5.65055
-0.0224774,-0.155417,5.63771
0.137916,-0.157264,5.65107
-0.18131,-0.117129,5.64196
0.0293058,-0.121734,5.62948
0.18492,-0.116873,5.64936
-0.0808064,-0.097689,5.63585
0.0759496,-0.0808882,5.63166
0.256716,-0.081882,5.64584
-0.21334,-0.0314361,5.65034
-0.0992541,-0.0384631,5.64568
-0.0363979,-0.0565934,5.65098
0.025332,-0.0507141,5.6519
-0.158041,-0.00592689,5.63466
-0.00155747,0.00510798,5.64996
0.0968994,0.0104445,5.64244
0.269617,0.00887756,5.63943
-0.208302,0.0584438,5.65225
-0.106276,0.0345747,5.65209
-0.0467937,0.0460226,5.63807
-0.262421,0.0612966,5.62231
-0.148651,0.0842333,5.64902
-0.0889553,0.0965576,5.63789
0.00626666,0.073103,5.65621
0.200233,0.0806829,5.6298
0.260727,0.069819,5.62693
-0.241731,0.116532,5.64266
0.0545439,0.111579,5.64898
0.114157,0.120154,5.63274
0.240302,0.121468,5.6552
-0.139933,0.159102,5.64955
-0.0762462,0.154942,5.62195
0.00136216,0.142841,5.64924
0.138615,0.1734,5.65277
-0.177649,0.200747,5.62217
-0.0257378,0.191565,5.62327
0.0940052,0.206379,5.62418
0.194005,0.18672,5.62706
-0.131944,0.235258,5.64701
-0.0438889,0.266153,5.62091
0.0159946,0.268948,5.63819
0.00431564,-0.269698,5.6755
-0.110126,-0.24546,5.66809
0.0395708,-0.218874,5.6921
0.0954546,-0.252551,5.66794
-0.139251,-0.191241,5.68328
-0.0153939,-0.211736,5.66339
0.0936454,-0.191642,5.67778
0.00712654,-0.161345,5.69236
0.219003,-0.156597,5.68712
-0.239408,-0.123936,5.6626
-0.121367,-0.131512,5.66814
-0.0578255,-0.131059,5.683
-0.00308117,-0.101296,5.67867
0.0790583,-0.131572,5.67671
-0.261315,-0.0659296,5.6697
-0.203619,-0.0793497,5.68913
-0.145032,-0.0737852,5.66823
-0.0784968,-0.0732284,5.69269
0.127018,-0.0935349,5.66619
0.203378,-0.0613074,5.67072
-0.172277,-0.0259177,5.69673
0.0946789,-0.0412377,5.6761
0.266925,-0.0340617,5.68476
-0.263051,0.0133233,5.66209
-0.0579172,-0.00263457,5.67555
0.147871,-0.00884848,5.6725
0.208594,-2.94075e-05,5.66128
-0.160685,0.0335203,5.68219
0.0483069,0.0317251,5.67525
0.156768,0.0521126,5.66353
0.243825,0.0473154,5.68106
-0.259667,0.0715134,5.68418
-0.0669102,0.0726023,5.69075
0.0968746,0.0686396,5.66285
-0.19354,0.111027,5.68235
-0.111951,0.115809,5.69224
-0.05421,0.131837,5.6753
0.0945088,0.13564,5.68991
0.166974,0.118559,5.66581
-0.211233,0.16719,5.66262
0.0539983,0.173723,5.66206
-0.171391,0.208371,5.6873
-0.0736043,0.190781,5.6727
-0.00750934,0.21279,5.67847
0.180476,0.200428,5.68961
0.0736273,0.251844,5.6626
0.133693,0.234635,5.66333
-0.0578453,0.263114,5.68141
-0.0528655,-0.264821,5.71292
0.0732391,-0.259058,5.7259
-0.131853,-0.235258,5.727
-0.0131481,-0.219106,5.72507
0.14431,-0.227566,5.69967
-0.191563,-0.189519,5.71741
-0.0785817,-0.208784,5.70789
-0.231769,-0.137783,5.72286
-0.107324,-0.155998,5.72315
-0.0412415,-0.165082,5.73211
0.058611,-0.160419,5.72764
0.16123,-0.167989,5.70805
-0.173394,-0.132289,5.70203
0.116551,-0.114426,5.72391
0.19074,-0.107392,5.71064
-0.256968,-0.0812345,5.72994
-0.127081,-0.0965308,5.72273
0.0522724,-0.0803865,5.69863
0.253242,-0.0928113,5.70727
-0.265174,-0.0217795,5.71342
-0.0653543,-0.0278278,5.73216
-0.00839751,-0.0313016,5.70063
0.09846,-0.0559595,5.7363
0.154306,-0.0584763,5.70928
0.21664,-0.0307926,5.72344
-0.216878,0.0170924,5.70401
-0.111163,0.00572657,5.7071
0.0508794,-0.00840233,5.72261
0.149857,-0.00283066,5.73476
-0.267331,0.0365732,5.73511
-0.0168609,0.0367684,5.70126
0.102345,0.0208048,5.70343
0.192127,0.0348227,5.71149
0.267967,0.031074,5.73569
-0.201417,0.0716667,5.73024
-0.139021,0.071443,5.72666
0.0503217,0.0962638,5.70909
0.129301,0.0893272,5.7112
0.190267,0.0962014,5.71903
0.251892,0.0974756,5.71703
-0.241929,0.118444,5.72064
-0.158752,0.134219,5.72855
-0.0118542,0.101329,5.7085
-0.208614,0.170959,5.72481
-0.0433263,0.154885,5.73233
0.0134352,0.16088,5.70745
0.154879,0.150782,5.71691
0.216775,0.150972,5.70478
-0.120982,0.181776,5.71219
0.0467367,0.214713,5.70807
0.105297,0.195185,5.70102
-0.112405,0.244638,5.7056
-0.0505538,0.218094,5.72311
0.0929113,0.253412,5.72198
0.147103,0.225917,5.73563
0.0181294,0.268901,5.70051
-0.0760908,-0.257806,5.77048
0.0136611,-0.269282,5.74883
-0.0947916,-0.198353,5.76728
0.0413452,-0.213556,5.75425
0.100974,-0.204928,5.73831
0.161677,-0.209228,5.75663
-0.210861,-0.168117,5.77299
-0.148728,-0.166975,5.76741
0.119877,-0.155491,5.77062
0.231987,-0.137757,5.74514
-0.069351,-0.110909,5.74087
0.00381788,-0.119095,5.73803
0.0631828,-0.104687,5.75469
0.162453,-0.110247,5.76612
-0.199227,-0.0920794,5.75026
-0.0341657,-0.0684809,5.76776
0.255527,-0.0862372,5.77087
-0.211917,-0.031179,5.74472
-0.146017,-0.0438587,5.75052
0.0229289,-0.0575258,5.74792
0.175751,-0.0493023,5.767
0.267649,-0.0264621,5.7592
-0.269515,-0.0117074,5.77462
-0.16586,0.0169237,5.74119
-0.112146,0.00505429,5.76965
-0.0145501,0.00205083,5.75285
0.0962297,-0.000657534,5.76523
0.215896,0.0156072,5.76512
-0.219311,0.024798,5.7714
-0.0662008,0.0341489,5.73936
0.0810861,0.0585069,5.74784
-0.255763,0.0855748,5.77178
-0.0549727,0.0940369,5.75287
0.0160887,0.0616481,5.74776
0.140192,0.0634338,5.76618
-0.100276,0.136762,5.74983
0.0150663,0.125713,5.75869
0.0910665,0.120025,5.74988
0.164813,0.120619,5.77019
0.226166,0.12992,5.76352
0.0563572,0.171732,5.75134
-0.0827311,0.193028,5.76918
0.00293085,0.203922,5.75111
0.117996,0.176496,5.75927
0.193698,0.187072,5.75003
-0.146308,0.226068,5.75468
0.0402645,0.253704,5.75694
-0.0834875,0.256315,5.75974
-0.0232224,0.268281,5.74702
-0.0207423,-0.257125,5.79938
0.0620187,-0.261984,5.78724
-0.122477,-0.23962,5.80819
0.0261234,-0.218731,5.81421
0.120541,-0.240891,5.79128
-0.175055,-0.205869,5.8073
-0.0231432,-0.196966,5.78263
0.0819048,-0.193173,5.80279
-0.0952843,-0.140275,5.79031
0.0261521,-0.158585,5.78101
0.204947,-0.175445,5.78614
-0.236659,-0.12948,5.8145
-0.146636,-0.106273,5.78013
-0.0332914,-0.134811,5.78569
0.237037,-0.128814,5.81243
-0.258571,-0.0755563,5.79203
-0.194659,-0.0837873,5.81204
-0.0948718,-0.07171,5.78125
0.0155768,-0.0974397,5.7952
-0.222957,-0.0285918,5.81139
0.00333288,-0.0323696,5.80152
0.0677714,-0.0502817,5.78983
0.127002,-0.0387141,5.8043
0.223145,-0.0325967,5.80357
-0.17014,0.00164164,5.80081
-0.0586621,-0.0169213,5.79239
0.0387998,0.0149306,5.78224
0.160906,0.0122406,5.79375
-0.266533,0.0386036,5.81157
-0.0641467,0.0526309,5.79848
0.0963681,0.0455857,5.80694
0.268586,0.0210403,5.79962
-0.171201,0.0617757,5.7842
-0.113987,0.0856083,5.78195
-0.0111404,0.0855085,5.79832
0.0552612,0.0927422,5.79274
0.197864,0.0708231,5.78767
0.258146,0.0776869,5.77585
-0.168997,0.13253,5.78988
0.11551,0.104954,5.80508
-0.229287,0.141946,5.77681
-0.0823666,0.146152,5.81003
-0.0266222,0.166721,5.79135
0.0814612,0.162204,5.80709
0.143986,0.159891,5.81339
0.20924,0.170106,5.80798
-0.190316,0.190406,5.78105
-0.133011,0.181606,5.80325
0.0393147,0.207667,5.80139
-0.118814,0.24184,5.80912
-0.0448403,0.227261,5.80449
0.0934168,0.22978,5.77947
0.158905,0.217505,5.79628
0.000529572,0.269809,5.80467
-0.0559979,-0.263616,5.85038
0.014726,-0.268841,5.84962
0.0838307,-0.256589,5.84514
-0.0691055,-0.208999,5.82316
0.167356,-0.211506,5.82018
-0.17481,-0.145072,5.81958
-0.12199,-0.174706,5.83501
-0.0185495,-0.152069,5.84329
0.0436556,-0.152389,5.84601
0.105504,-0.147036,5.85092
0.158739,-0.148851,5.81858
0.208573,-0.171156,5.84808
0.0738348,-0.106834,5.8157
-0.120616,-0.0915737,5.83418
-0.0320096,-0.076147,5.82966
0.0379431,-0.0635575,5.84209
0.132676,-0.0941019,5.83211
0.192106,-0.0855299,5.81509
0.259238,-0.0739058,5.83198
-0.264002,-0.0546201,5.85066
-0.121742,-0.0310647,5.81956
-0.069843,-0.026311,5.85219
0.172504,-0.0219782,5.84357
-0.0217225,0.0181019,5.82717
0.268808,-0.0151873,5.85046
-0.124075,0.0382596,5.82134
0.0296551,0.0519072,5.83134
0.212537,0.0243205,5.82639
-0.212616,0.0961041,5.81532
-0.151744,0.0927897,5.83454
-0.0900468,0.0920857,5.83919
0.15259,0.0617843,5.8309
0.246169,0.0963371,5.83419
0.0190926,0.135605,5.81996
0.0718125,0.116979,5.84743
0.184795,0.115306,5.82901
-0.218542,0.155922,5.8367
-0.0339447,0.145613,5.85107
-0.177776,0.202812,5.84094
-0.0866146,0.197659,5.84501
-0.00425371,0.20401,5.84573
0.179411,0.201123,5.85295
0.117241,0.242064,5.83581
-0.0742579,0.258668,5.84959
0.0603782,0.262831,5.82052
-0.150885,-0.223191,5.86169
-0.102067,-0.249517,5.89001
-0.199218,-0.181641,5.86376
-0.0174705,-0.21258,5.85814
0.0520812,-0.209493,5.86989
0.118367,-0.207127,5.85818
0.175597,-0.205176,5.88838
-0.0702758,-0.170448,5.87224
-0.238671,-0.121184,5.8762
-0.1739,-0.106642,5.86837
-0.118234,-0.132116,5.88062
-0.0601214,-0.108887,5.87476
0.0027719,-0.102947,5.87479
0.0674722,-0.103087,5.87851
0.182341,-0.118095,5.86742
0.243469,-0.116013,5.8748
0.211341,-0.0628033,5.86989
-0.177211,-0.0454412,5.85765
-0.119587,-0.0505774,5.88043
-0.00870232,-0.0298258,5.86443
0.0966642,-0.0500035,5.85736
-0.232723,-0.00214974,5.8667
-0.171286,0.016267,5.86045
0.0469005,-0.00325062,5.85406
0.0980243,0.00366882,5.88865
0.216811,-0.00204129,5.88223
-0.264998,0.0501123,5.87771
-0.0732721,0.035016,5.85733
-0.00363155,0.0336003,5.88412
0.196651,0.0566686,5.87685
0.265846,0.045499,5.86457
-0.19773,0.0711687,5.87008
-0.0315045,0.0820843,5.85693
0.0259536,0.0904086,5.87943
0.0812784,0.0586878,5.86589
-0.246804,0.108684,5.86583
-0.192684,0.130421,5.88795
0.132639,0.123184,5.86197
-0.143439,0.150714,5.85601
-0.0879024,0.138934,5.8815
0.0432353,0.169052,5.8663
0.225295,0.147161,5.86373
0.108856,0.18414,5.85876
-0.131668,0.233316,5.86959
-0.0317324,0.239652,5.89118
0.0650318,0.226847,5.87053
0.140795,0.230225,5.89232
0.016895,0.268644,5.86483
-0.0202582,-0.26879,5.90141
0.0468804,-0.265703,5.91029
-0.0525964,-0.216776,5.90927
0.00949772,-0.216021,5.91445
0.106323,-0.247543,5.90417
-0.174846,-0.20541,5.92989
-0.120305,-0.189739,5.90394
-0.216757,-0.16023,5.91963
-0.15713,-0.145161,5.92719
-0.0630796,-0.144603,5.92865
-0.00672294,-0.156688,5.90465
0.0685598,-0.159978,5.90308
0.1299,-0.167596,5.90461
0.210624,-0.156873,5.90851
-0.200337,-0.100342,5.9243
0.127459,-0.107064,5.89297
-0.258541,-0.0760962,5.9144
-0.0960907,-0.091953,5.92294
0.0930103,-0.0624871,5.91806
0.207906,-0.0960021,5.92237
0.260893,-0.0660734,5.90792
-0.208391,-0.0398977,5.91128
-0.0508585,-0.0527935,5.90341
0.0328969,-0.0568858,5.90378
0.148867,-0.0490376,5.8938
-0.269029,-0.0145063,5.91604
-0.153735,-0.0106995,5.91355
-0.0577046,0.00890714,5.91184
-0.000570503,-0.0106194,5.92771
0.158978,0.0120433,5.89923
0.270035,-0.00454312,5.91297
-0.204304,0.0275934,5.91325
-0.124564,0.0401575,5.89327
0.0502656,0.0341521,5.91453
0.239567,0.0489489,5.92109
-0.232484,0.0826811,5.92057
-0.0777212,0.0802001,5.89893
0.0854042,0.0846069,5.92312
0.13784,0.0698727,5.89292
-0.136283,0.101557,5.89445
-0.0226898,0.117683,5.90724
0.183827,0.11398,5.89646
0.245638,0.109838,5.90928
-0.136384,0.161478,5.91703
0.0318323,0.150772,5.92454
0.0883038,0.142586,5.90042
0.153711,0.16822,5.89916
0.212034,0.16662,5.9214
-0.189359,0.191161,5.90128
-0.0785163,0.193848,5.90896
-0.0184041,0.179502,5.90119
0.0457828,0.211538,5.92768
0.105775,0.194538,5.92842
-0.146312,0.226211,5.92981
-0.0893717,0.254727,5.90994
0.0119351,0.269112,5.92694
0.0903729,0.254276,5.92027
-0.0803129,-0.256936,5.9479
0.006066,-0.263251,5.9578
-0.134567,-0.233915,5.96824
0.104713,-0.248496,5.96659
0.155996,-0.219307,5.94601
-0.087226,-0.19521,5.95607
-0.025591,-0.186236,5.95629
0.0388465,-0.17848,5.95436
0.100134,-0.187644,5.9553
0.207167,-0.173161,5.96847
-0.245452,-0.110702,5.96561
-0.112022,-0.133236,5.9683
0.0412886,-0.11325,5.93368
0.101286,-0.125968,5.94629
0.164606,-0.134949,5.94428
-0.150623,-0.0667659,5.94005
-0.0186085,-0.0956268,5.93282
0.0226946,-0.0635178,5.96652
0.150481,-0.0694871,5.95241
-0.0993081,-0.0309955,5.93566
-0.0478821,-0.0507961,5.96497
0.266691,-0.0396542,5.96431
-0.224632,-0.0058917,5.96091
0.0604646,-0.0179497,5.94712
0.122696,-0.0140222,5.94234
0.201047,-0.00501901,5.94219
-0.26651,0.0390895,5.94963
-0.16261,0.0300199,5.95916
0.0837862,0.0364582,5.96688
0.14338,0.0443271,5.95018
0.268416,0.0222954,5.9694
-0.115585,0.0693558,5.94739
-0.02995,0.0603126,5.93377
0.0257544,0.0872918,5.94105
0.200429,0.0624808,5.96745
-0.176258,0.0989869,5.94241
-0.12663,0.126936,5.96812
-0.0682461,0.113443,5.94961
-0.00932397,0.132024,5.96643
0.0803018,0.134252,5.96047
0.13515,0.120171,5.93494
0.191004,0.123812,5.96142
-0.221987,0.152047,5.93831
-0.057946,0.172458,5.9637
-0.180363,0.189008,5.96671
-0.117969,0.188328,5.97028
-0.010364,0.211462,5.95408
0.171235,0.208832,5.94252
-0.104417,0.248893,5.97022
0.124374,0.238994,5.97031
-0.0450327,0.266347,5.95214
0.0534083,-0.264051,5.99859
-0.0461844,-0.231747,5.99311
0.0139815,-0.215568,5.99742
-0.154161,-0.176551,5.98265
0.0746292,-0.206298,6.00916
-0.214863,-0.162619,5.98181
0.149251,-0.173763,5.99088
-0.169807,-0.112148,5.97843
-0.0557215,-0.110675,5.98055
0.00133139,-0.134249,5.97597
0.0595907,-0.12233,5.99264
0.138987,-0.112406,5.99599
0.200768,-0.117156,5.99404
-0.20435,-0.0606305,5.98258
-0.104749,-0.0721594,5.98172
0.0942051,-0.0732355,5.97879
0.208335,-0.0591491,5.97257
0.255101,-0.0879691,6.00175
-0.265027,-0.0518271,5.97145
-0.152971,-0.0252507,5.98669
0.162721,-0.0201355,5.98861
-0.269669,0.00136176,6.00342
-0.105311,0.0149551,5.97663
-0.0311121,0.0111787,5.97688
0.0312068,0.0136931,5.99236
0.0988442,-0.0152933,5.99966
-0.214258,0.0497557,5.98692
-0.152815,0.0783183,5.99689
-0.0659729,0.0622179,5.98439
-0.00399274,0.065306,5.99094
0.0531041,0.0915772,5.99645
0.114489,0.0878851,5.98426
-0.250805,0.0992248,5.97762
-0.0526764,0.123058,6.00884
0.248785,0.103432,5.97131
-0.223765,0.150337,6.00044
0.0375175,0.156488,5.99898
0.137315,0.167834,5.9753
0.0756054,0.202228,5.98163
0.201596,0.179195,5.98799
-0.0538703,0.224798,5.99644
-0.0104651,0.269472,6.00748
0.0554534,0.26349,5.97123
-0.00504994,-0.269969,6.01968
0.0896541,-0.254268,6.04853
-0.159964,-0.216597,6.02998
-0.0975757,-0.251682,6.02253
0.13989,-0.230604,6.01504
-0.0613992,-0.209052,6.04878
-0.205123,-0.175293,6.04201
-0.156409,-0.137461,6.03368
-0.0994674,-0.17488,6.01314
-0.0382209,-0.163144,6.01384
0.024946,-0.161614,6.02591
0.10221,-0.152873,6.02595
0.20849,-0.17076,6.03082
-0.23406,-0.122631,6.02574
-0.0989118,-0.11422,6.02698
0.17076,-0.122982,6.04835
-0.245689,-0.0616374,6.02991
-0.187562,-0.0828883,6.03846
-0.0590028,-0.0661849,6.02366
-0.00305777,-0.0937943,6.02295
0.0986095,-0.0916078,6.03833
0.156071,-0.0644207,6.0322
-0.116263,-0.0446512,6.03637
-0.00553447,-0.0322146,6.01354
0.0526079,-0.0537423,6.02022
0.215996,-0.0373041,6.03041
-0.209371,-0.0114597,6.02076
-0.153204,0.00823363,6.03945
-0.0692004,-0.00500717,6.02289
0.166098,-0.00466529,6.04777
0.269741,-0.00629535,6.02496
-0.104473,0.046111,6.0305
0.0295909,0.0574455,6.0429
0.0867548,0.0374279,6.02903
0.152868,0.0448075,6.01194
0.213725,0.022932,6.01396
-0.263027,0.0596516,6.02396
-0.207025,0.0807262,6.04062
-0.0414523,0.0711961,6.0405
0.199155,0.0845277,6.02557
0.26192,0.062645,6.01633
-0.171724,0.129891,6.02633
-0.110777,0.120379,6.0281
0.00511322,0.113108,6.03001
0.14006,0.100763,6.03961
-0.0833127,0.175643,6.02045
-0.0198148,0.175819,6.0128
0.0974075,0.143377,6.01925
0.174889,0.154065,6.03827
0.23252,0.136828,6.02148
-0.191037,0.189569,6.03595
0.0795682,0.19792,6.04313
-0.14665,0.22588,6.01111
-0.0949111,0.252264,6.03462
0.0249132,0.218818,6.01322
0.0914871,0.253996,6.0212
0.16012,0.216383,6.01631
-0.125964,-0.238261,6.07758
-0.0147669,-0.241525,6.07414
0.136163,-0.23324,6.08458
-0.124123,-0.1767,6.06976
-0.0125413,-0.178271,6.0723
0.0382673,-0.212128,6.05964
0.0933734,-0.188399,6.07625
0.150726,-0.181837,6.05263
-0.230819,-0.139013,6.08584
-0.0676714,-0.150182,6.06713
-0.0168702,-0.115817,6.07962
0.0576172,-0.135758,6.07149
0.118811,-0.131281,6.08196
0.237823,-0.12701,6.06443
-0.136184,-0.093054,6.07244
-0.0735629,-0.0897417,6.07881
0.0256364,-0.0707785,6.07333
0.199771,-0.0758635,6.07685
0.260264,-0.068812,6.06071
-0.212949,-0.0371876,6.07718
-0.151758,-0.0329865,6.08636
-0.0297371,-0.0432632,6.07293
0.0953507,-0.0334507,6.0608
-0.269259,-0.0149063,6.06364
-0.101833,0.00229946,6.07472
-0.0182397,0.0146442,6.05277
0.0415575,-0.00259772,6.05364
0.213336,0.00763053,6.08645
-0.266168,0.0438304,6.08394
-0.204605,0.0260767,6.07028
0.119077,0.0212441,6.07921
0.172401,0.052174,6.07128
0.266251,0.0379003,6.0731
-0.147415,0.0814318,6.05872
-0.0867716,0.0738384,6.08328
0.0793738,0.0940375,6.05258
-0.225792,0.136563,6.06122
-0.0930325,0.135797,6.08558
0.183281,0.111527,6.08313
0.25114,0.0981637,6.06661
-0.134767,0.171325,6.05498
-0.0353569,0.145627,6.06432
0.048382,0.147246,6.05924
0.124055,0.154443,6.0742
-0.0760678,0.199388,6.07707
0.0268569,0.206768,6.0755
0.173279,0.206912,6.08191
-0.137304,0.232407,6.07599
-0.0265566,0.228955,6.05184
0.121362,0.24014,6.07395
0.0367831,0.267162,6.05053
-0.0702657,-0.259593,6.0961
0.040276,-0.266915,6.08873
0.0837092,-0.233492,6.11816
-0.176791,-0.204044,6.08947
-0.0800087,-0.198994,6.10719
-0.00975396,-0.208174,6.12644
0.141509,-0.179113,6.11477
0.19944,-0.181387,6.09167
-0.169121,-0.142625,6.09492
-0.0398546,-0.154111,6.12292
0.079344,-0.154344,6.12662
-0.0986822,-0.134439,6.11845
0.0295081,-0.11049,6.12116
0.173573,-0.125734,6.11044
-0.257647,-0.0788579,6.08878
-0.198024,-0.089448,6.10729
-0.110325,-0.063853,6.12097
0.0810613,-0.0843626,6.09765
0.254555,-0.0896009,6.11909
-0.057185,-0.0328705,6.12713
0.0553957,-0.0288572,6.1085
0.148315,-0.0435602,6.09205
0.2166,-0.0407669,6.12542
-0.269722,-0.00262375,6.12526
-0.192887,-0.00214908,6.1245
0.00273379,0.00411681,6.11066
0.268398,-0.0194225,6.09787
-0.149502,0.0341803,6.09862
-0.0557415,0.0264289,6.10888
0.0616978,0.04091,6.09355
0.162507,0.0204947,6.12375
-0.192324,0.0792599,6.10117
-0.133945,0.0906851,6.1202
-0.00854397,0.0622779,6.09179
0.117804,0.0802342,6.09934
0.221918,0.064547,6.11007
-0.250602,0.0999672,6.10551
-0.167715,0.136408,6.09472
-0.0442201,0.108519,6.11288
0.0391111,0.100719,6.09935
0.0885521,0.131969,6.1202
-0.221648,0.152699,6.1213
-0.0584502,0.167184,6.12721
0.00952995,0.155339,6.10649
0.214998,0.162798,6.09527
-0.183768,0.19668,6.09764
-0.122236,0.181647,6.1151
0.0845004,0.192049,6.10442
-0.0244817,0.216764,6.11238
0.0673465,0.251923,6.10264
-0.073472,0.25906,6.09296
0.00765019,0.269591,6.10606
-0.0186916,-0.268987,6.13043
0.0401373,-0.266547,6.15122
-0.11534,-0.242976,6.13891
0.148055,-0.225772,6.15548
-0.135592,-0.182879,6.13074
-0.0573314,-0.197026,6.1648
0.0440812,-0.204379,6.15632
0.187002,-0.178053,6.16596
-0.207488,-0.172566,6.13385
0.00442513,-0.14599,6.16576
0.13761,-0.139884,6.16296
0.227923,-0.144311,6.13294
-0.242685,-0.117012,6.14294
-0.14904,-0.106944,6.14183
-0.0448728,-0.093322,6.13415
0.131447,-0.086165,6.13351
0.195631,-0.0910503,6.15706
-0.233861,-0.0510123,6.14016
-0.161087,-0.0471775,6.15296
0.003862,-0.05459,6.13198
0.0799896,-0.0560278,6.1591
0.160781,-0.0348894,6.15232
-0.116205,-0.0036979,6.13456
0.0536603,0.0171166,6.15061
0.108221,-0.00742468,6.13308
0.213068,0.0159295,6.15888
-0.231429,0.0453123,6.13556
-0.142245,0.0456726,6.1626
0.125323,0.0475134,6.16613
0.267906,0.0308539,6.13479
-0.050642,0.0710886,6.16138
0.0103482,0.076767,6.14915
0.0743078,0.0755231,6.14373
0.167984,0.0815638,6.1358
-0.192502,0.104595,6.1578
-0.0146115,0.136322,6.16005
0.241258,0.119632,6.13173
-0.168376,0.162216,6.15194
0.15373,0.143521,6.12765
0.0305917,0.204457,6.13818
0.189924,0.191182,6.14476
-0.145909,0.226735,6.1504
-0.0839988,0.221837,6.14353
0.0867608,0.221218,6.15888
0.14223,0.229113,6.13171
-0.0408673,0.266768,6.14534
0.0433185,0.266526,6.15821
-0.0575746,-0.263048,6.17874
-0.162912,-0.215029,6.17896
-0.112607,-0.244386,6.20126
-0.00556094,-0.229026,6.1852
0.095373,-0.252143,6.17653
-0.112484,-0.18012,6.18835
0.1018,-0.189662,6.17256
-0.231956,-0.137558,6.20093
-0.167955,-0.153405,6.1778
-0.123859,-0.11484,6.19842
-0.0701365,-0.134329,6.17382
0.06492,-0.114793,6.17229
0.231069,-0.136577,6.19448
-0.257523,-0.0791399,6.19038
-0.197822,-0.0914507,6.17678
-0.0824386,-0.0670355,6.17662
-0.023609,-0.0973673,6.19277
0.0276447,-0.0619238,6.19219
0.131427,-0.072748,6.19422
0.256955,-0.0816025,6.18085
-0.0283594,-0.036183,6.18205
0.211972,-0.0393655,6.18751
0.268236,-0.021669,6.16777
-0.269755,0.00766744,6.18687
-0.211053,-0.0120811,6.18313
-0.134384,-0.00823217,6.19306
-0.066583,0.0120421,6.16816
0.0949521,-0.0018706,6.19338
0.158755,0.00607495,6.19864
-0.222502,0.0475799,6.19698
-0.00512041,0.020337,6.1704
0.0685791,0.0537806,6.20157
0.267259,0.0374959,6.19673
-0.253074,0.0939534,6.16758
0.188969,0.0628964,6.19174
0.244827,0.0949221,6.18889
-0.1345,0.116343,6.17697
-0.0745266,0.131082,6.17478
0.0326531,0.1139,6.19359
0.106056,0.116467,6.17779
0.167963,0.120993,6.18384
-0.221493,0.15303,6.18367
0.0640102,0.161846,6.16906
0.126146,0.175075,6.1737
0.221768,0.152158,6.18123
-0.182194,0.198433,6.20052
-0.0795795,0.189109,6.19655
-0.0248605,0.208035,6.17406
0.0309489,0.220812,6.19831
0.136862,0.232738,6.19396
-0.0731254,0.254973,6.1975
-0.0123976,0.26906,6.20057
-0.0417481,-0.266715,6.239
0.0350683,-0.26716,6.2135
0.0767891,-0.21561,6.22352
0.137525,-0.232403,6.21814
-0.195472,-0.185506,6.22341
-0.066661,-0.209141,6.22463
0.0261351,-0.181958,6.21138
0.201613,-0.179158,6.2289
-0.0886482,-0.149471,6.2366
-0.0309355,-0.158449,6.21574
0.0810868,-0.15358,6.21816
0.141164,-0.170448,6.21686
-0.174809,-0.12498,6.23284
0.0270866,-0.120009,6.22138
0.173426,-0.117643,6.20905
0.250949,-0.0995273,6.24037
-0.124267,-0.059491,6.22652
-0.0704035,-0.09008,6.2333
0.0822563,-0.0915221,6.22756
0.177684,-0.0607005,6.23409
-0.267193,-0.034406,6.23299
-0.185674,-0.052202,6.22309
-0.0762761,-0.0213647,6.21879
-0.00977765,-0.048379,6.24017
0.0618616,-0.0332649,6.2358
0.123816,-0.0309518,6.23996
0.266432,-0.0407479,6.22705
-0.17883,0.0160733,6.22828
0.0252155,0.0153554,6.22429
0.216447,0.0127451,6.22104
-0.266553,0.0434838,6.24049
-0.0979219,0.0367895,6.21529
-0.035901,0.0422578,6.21994
-0.171553,0.0800986,6.21102
-0.0920013,0.0976209,6.2237
0.0260029,0.0751183,6.24178
0.134695,0.0806938,6.21936
-0.24084,0.099088,6.22851
-0.0312525,0.103745,6.21041
0.0795965,0.105938,6.2334
-0.17957,0.139747,6.22777
-0.119832,0.156901,6.23161
0.00403795,0.166471,6.21108
0.122382,0.150716,6.23475
0.085586,0.196592,6.21594
0.174542,0.176931,6.2132
-0.127371,0.226635,6.20962
-0.0194316,0.218176,6.23617
0.0799653,0.257469,6.20875
-0.151112,-0.223211,6.24549
-0.0979751,-0.251571,6.26151
0.0416732,-0.241816,6.27099
0.10327,-0.249279,6.26838
-0.0101457,-0.214338,6.25028
0.04879,-0.179827,6.26913
0.110522,-0.187875,6.26804
-0.225212,-0.147109,6.26223
-0.14087,-0.165843,6.26593
0.1499,-0.139718,6.2703
-0.12331,-0.106769,6.26618
-0.0178995,-0.106919,6.26223
0.0870793,-0.131098,6.27537
-0.253394,-0.0926333,6.25099
-0.196545,-0.084712,6.27506
0.0351541,-0.0715034,6.27666
0.105219,-0.0723409,6.2825
-0.215025,-0.0254717,6.27098
-0.0618252,-0.0438757,6.27425
0.225572,-0.0538538,6.27319
-0.125994,-0.00357009,6.25415
-0.0689168,0.0176826,6.26687
0.184937,-0.0072994,6.27025
0.269056,0.0138612,6.25689
-0.215115,0.0366742,6.27344
-0.0086093,0.0292279,6.27462
0.0794397,0.0515321,6.26366
0.137601,0.0284952,6.25233
-0.192565,0.0938863,6.26795
-0.135956,0.060878,6.25804
-0.0441878,0.0820435,6.26729
0.197779,0.0627097,6.25335
0.258734,0.0744702,6.24619
-0.106186,0.11928,6.27974
-0.00195026,0.127947,6.25935
0.122449,0.107174,6.27928
0.174988,0.12001,6.24536
0.235394,0.132287,6.24793
-0.227058,0.145424,6.26796
-0.0599454,0.146554,6.24577
0.0507771,0.16022,6.2521
0.161219,0.167336,6.28322
-0.187613,0.19329,6.2623
0.0285467,0.213379,6.27586
0.104323,0.192689,6.27682
-0.139304,0.231453,6.27026
-0.0802392,0.2211,6.25013
0.093339,0.253201,6.26908
0.154182,0.220857,6.25245
-0.0416823,0.266713,6.26788
0.030677,0.267671,6.24532
-0.0593951,-0.262827,6.30932
0.00308949,-0.269886,6.31092
0.0733449,-0.259068,6.32236
0.153414,-0.221355,6.29815
-0.184538,-0.196697,6.29721
-0.125338,-0.214196,6.3033
-0.066483,-0.204614,6.28628
0.200099,-0.180972,6.29116
-0.0193819,-0.16432,6.28618
0.117421,-0.158379,6.3227
-0.242531,-0.116897,6.31374
-0.180307,-0.135561,6.30656
-0.0696665,-0.127846,6.29148
0.0297294,-0.128937,6.2995
0.225539,-0.124093,6.29134
-0.262882,-0.059018,6.30263
-0.0983753,-0.075658,6.31336
-0.0364634,-0.081608,6.31593
0.175519,-0.0866673,6.29009
-0.153185,-0.0437457,6.29348
-0.0067736,-0.028341,6.29909
0.146391,-0.0352699,6.31029
0.267971,-0.0242851,6.30772
-0.269671,0.000611846,6.28562
-0.10155,-0.0127615,6.31017
0.09799,-0.00225282,6.28876
-0.160361,0.0216529,6.2996
0.0438068,0.0218564,6.3071
0.125257,0.0521558,6.30835
0.185826,0.0402414,6.31
0.26606,0.0374908,6.3145
-0.253462,0.0928472,6.28934
-0.149772,0.0876001,6.31244
-0.0917021,0.0632368,6.30258
0.00834688,0.0831706,6.30073
0.251716,0.0971169,6.30385
-0.0517267,0.128475,6.3084
0.0617272,0.114138,6.29231
0.189604,0.101626,6.30266
-0.16234,0.143906,6.28919
-0.00358965,0.16826,6.30664
0.0578917,0.172515,6.31289
0.219284,0.156204,6.30328
-0.10861,0.18066,6.28824
-0.0446204,0.214063,6.30094
-0.0924112,0.253422,6.30459
0.146041,0.226398,6.31392
0.0367195,0.267451,6.30706
-0.10391,-0.248647,6.35082
-0.0226423,-0.216192,6.32855
0.12497,-0.238667,6.35089
-0.163143,-0.214814,6.35291
0.0385253,-0.207759,6.32351
0.1884,-0.192322,6.3517
-0.208049,-0.171896,6.34919
-0.0658973,-0.17065,6.33788
0.0617148,-0.158087,6.35306
0.175983,-0.136933,6.32677
-0.201505,-0.111623,6.36018
-0.121035,-0.135596,6.3255
-0.071851,-0.111814,6.35737
-0.0158544,-0.134372,6.34127
0.0773839,-0.102633,6.32929
0.234643,-0.133148,6.35232
-0.255123,-0.0778955,6.36169
0.0210977,-0.0779515,6.33703
0.137203,-0.0910568,6.33895
0.197667,-0.0823808,6.34794
0.258501,-0.0768313,6.34001
-0.205317,-0.0573451,6.33002
-0.0380659,-0.0344253,6.35619
0.0700836,-0.0410127,6.32827
0.206049,-0.0248334,6.32582
-0.269498,-0.0148865,6.34614
-0.213958,0.00406823,6.3259
-0.150183,-0.0149252,6.34882
-0.0501521,0.0191568,6.32644
0.0202705,-0.0128926,6.35296
0.092477,0.0132916,6.34898
0.159401,0.00546524,6.35523
-0.265892,0.0455298,6.32879
-0.127476,0.0426937,6.34881
0.00797638,0.0479604,6.35111
0.217867,0.0257682,6.36038
-0.208247,0.070154,6.32515
-0.0490021,0.0785342,6.34583
0.0722928,0.0699274,6.33437
-0.220175,0.131313,6.32832
-0.105751,0.119462,6.34188
-0.00399139,0.121843,6.34779
0.159666,0.121,6.35344
0.237406,0.127919,6.35598
-0.162969,0.14108,6.35132
0.115757,0.152492,6.32291
-0.193526,0.187572,6.32436
-0.0883995,0.200967,6.34343
0.0916486,0.197576,6.35882
0.1767,0.180056,6.34226
-0.144679,0.225751,6.33226
0.0216576,0.216185,6.33786
0.0925148,0.253384,6.33109
-0.0218752,0.265371,6.32832
-0.0319921,-0.26745,6.36529
0.0304767,-0.267557,6.36704
-0.117425,-0.177589,6.37142
-0.0481212,-0.207944,6.38453
0.00772183,-0.183004,6.37183
0.0604758,-0.214693,6.38134
0.114904,-0.18461,6.38218
0.162954,-0.145325,6.38702
-0.142214,-0.11841,6.38147
0.0248033,-0.117316,6.38514
0.10492,-0.123002,6.38109
-0.170541,-0.0629367,6.38154
-0.108967,-0.0644075,6.37315
0.0674991,-0.0722588,6.38258
0.159098,-0.0837384,6.39665
0.252999,-0.0938826,6.39975
-0.219275,-0.0244851,6.3809
0.00800931,-0.0578372,6.39399
0.118273,-0.0399594,6.36753
0.219682,-0.0377127,6.38508
-0.0908095,-0.00462512,6.3703
-0.0277093,0.0163571,6.39067
0.0632211,-0.0121796,6.39835
0.270066,-0.00556597,6.36836
-0.266716,0.0301072,6.38935
-0.184428,0.0327645,6.37243
-0.252949,0.093963,6.36598
-0.192108,0.0940533,6.37995
-0.130554,0.0932885,6.39233
0.0418685,0.0962511,6.38068
0.0897736,0.0620234,6.3994
0.201003,0.0830246,6.37928
0.260236,0.0707678,6.36679
-0.0575369,0.133339,6.37725
0.100068,0.1162,6.37078
-0.116135,0.164244,6.38552
0.0412653,0.157818,6.37117
0.135652,0.165589,6.38926
0.210115,0.169235,6.39369
-0.196449,0.185029,6.38671
-0.0634868,0.209407,6.39981
-0.0178362,0.18001,6.36866
0.0344816,0.212815,6.39949
0.0951038,0.252431,6.39307
0.148431,0.224874,6.37617
-0.0730382,0.259008,6.36343
-0.0181603,0.268691,6.39107
0.0398049,0.266943,6.36918
-0.079208,-0.256948,6.40761
0.0673086,-0.260532,6.42281
-0.149545,-0.224115,6.41306
0.00231423,-0.22576,6.41666
0.128793,-0.236957,6.41312
-0.0877742,-0.196739,6.43086
0.0835028,-0.202658,6.43838
0.179642,-0.200854,6.4128
-0.208084,-0.171326,6.41154
-0.146121,-0.163215,6.42466
-0.0907559,-0.137801,6.41086
-0.0295826,-0.142795,6.40148
0.0650045,-0.146129,6.42254
0.134378,-0.166425,6.43859
0.220596,-0.153951,6.40933
-0.24193,-0.11914,6.40675
-0.183971,-0.11387,6.42764
0.117804,-0.10624,6.43959
-0.0546035,-0.0724661,6.40274
0.211305,-0.0686937,6.4384
-0.267905,-0.0295463,6.41977
-0.211088,-0.0473569,6.43786
-0.098842,-0.0324599,6.42504
0.106287,-0.0459278,6.42857
0.169236,-0.0268927,6.41972
0.267228,-0.0316865,6.4248
-0.212931,0.01422,6.42885
-0.158151,-0.00905279,6.41045
-0.0658466,0.0177694,6.43953
0.00779563,-0.0105401,6.43411
0.121384,0.00948106,6.40421
-0.115963,0.036291,6.40926
0.0320204,0.0409112,6.40777
0.178562,0.0329859,6.40779
0.24935,0.0314196,6.41398
-0.233609,0.0724154,6.42118
-0.170791,0.0597419,6.427
-0.0559484,0.0704559,6.4074
0.146371,0.0859104,6.40921
-0.0920075,0.126143,6.42867
-0.00719807,0.117964,6.40989
0.0689506,0.134023,6.42179
0.188438,0.127106,6.43386
0.24625,0.1084,6.41468
-0.231973,0.137299,6.40581
-0.165895,0.138925,6.41349
-0.0226466,0.174155,6.43034
-0.150226,0.19714,6.42652
0.089574,0.192879,6.42098
0.174573,0.205763,6.42942
-0.11472,0.243972,6.40716
-0.0615775,0.261118,6.43483
0.0473367,0.265494,6.4312
-0.0454457,-0.265919,6.45942
0.0169643,-0.269031,6.45874
-0.115151,-0.24331,6.46146
-0.00998361,-0.216548,6.47816
0.102263,-0.249733,6.47389
0.155544,-0.217944,6.46769
-0.181858,-0.19932,6.46064
0.0362573,-0.175944,6.4689
0.203867,-0.176791,6.46511
-0.228978,-0.141664,6.46353
-0.0408688,-0.166134,6.4582
-0.124299,-0.115762,6.45827
-0.0636234,-0.104292,6.45563
0.00535853,-0.125172,6.4502
0.178325,-0.121146,6.44235
0.239537,-0.123801,6.46045
-0.255815,-0.0855675,6.45745
-0.150954,-0.0630153,6.44005
-0.015027,-0.0662738,6.4506
0.0545622,-0.087992,6.44141
0.155792,-0.0649834,6.46661
0.26096,-0.0669557,6.47562
0.0583228,-0.0311549,6.46569
-0.122129,0.00941043,6.46495
0.14538,0.0132187,6.46107
0.209247,0.00795589,6.45551
-0.26725,0.0314115,6.45425
-0.205575,0.0517976,6.47807
-0.0136794,0.0491692,6.44858
0.0798377,0.0244221,6.44816
0.264036,0.0561613,6.4692
-0.25467,0.0898047,6.47714
-0.0942372,0.0704352,6.4568
0.0337364,0.0893583,6.44714
0.0948384,0.0838868,6.45803
0.152824,0.0725254,6.47816
0.207417,0.0699152,6.44853
-0.199362,0.110176,6.4571
-0.0418653,0.103904,6.45836
0.127359,0.134487,6.44252
0.240683,0.120842,6.47566
-0.205133,0.175034,6.44778
-0.137521,0.140494,6.46878
0.0348499,0.174601,6.454
0.206912,0.173261,6.4715
-0.0959459,0.199602,6.45701
0.136779,0.18599,6.47495
-0.00637564,0.233049,6.44203
0.0747415,0.216933,6.47638
0.124495,0.23904,6.4457
-0.0105598,-0.269271,6.51479
0.0477937,-0.230552,6.49668
-0.124852,-0.184383,6.47927
-0.0703723,-0.21165,6.49114
0.0991494,-0.192581,6.49801
-0.171243,-0.143808,6.48718
-0.0819524,-0.144402,6.49969
0.157003,-0.147945,6.49369
0.223848,-0.150076,6.51804
-0.248524,-0.104309,6.51639
-0.021873,-0.101758,6.50134
0.0291396,-0.134199,6.51438
0.0820319,-0.135084,6.48156
-0.190485,-0.0847983,6.48281
-0.103365,-0.0609684,6.47937
0.0654215,-0.0795503,6.50445
0.124601,-0.0974981,6.50984
0.197646,-0.0976089,6.49811
-0.266423,-0.0433427,6.50215
-0.159597,-0.0314705,6.4928
-0.0514505,-0.0260292,6.48076
0.0120441,-0.0484433,6.50362
0.11372,-0.0289935,6.49407
0.211476,-0.0371196,6.49799
-0.217256,-0.00880706,6.48645
0.26798,-0.00490022,6.48116
-0.267812,0.0254981,6.51646
-0.108962,0.0471217,6.51263
-0.0499587,0.0350103,6.49723
0.0286418,0.0204733,6.48342
0.104534,0.0318374,6.50507
0.219852,0.0221316,6.51517
-0.15032,0.0809506,6.48159
-0.0669593,0.0930265,6.51389
-0.00607122,0.0788601,6.50236
0.205377,0.0827387,6.51039
0.051932,0.101114,6.50561
0.113472,0.104756,6.51381
0.165297,0.131931,6.49198
-0.228663,0.143288,6.50075
-0.0767685,0.147533,6.48527
-0.00825841,0.146455,6.48942
0.0844592,0.151908,6.48448
-0.189512,0.190941,6.50943
-0.121393,0.179887,6.51394
-0.039726,0.200161,6.48382
0.0187899,0.209347,6.50299
-0.146737,0.226283,6.48115
-0.0916084,0.253886,6.48872
0.123836,0.239262,6.50764
0.0129319,0.2694,6.48864
-0.0643481,-0.261557,6.54556
0.0424987,-0.266267,6.54768
-0.117339,-0.237139,6.52339
0.105937,-0.248056,6.53605
-0.172419,-0.207659,6.52181
-0.121411,-0.176861,6.54083
-0.0642717,-0.199563,6.55203
0.00491278,-0.213731,6.53868
0.0654102,-0.203267,6.54975
0.182841,-0.197898,6.52004
-0.218432,-0.158481,6.52426
-0.0258056,-0.163286,6.51876
0.127357,-0.163787,6.54549
-0.182889,-0.110104,6.53897
-0.124552,-0.103365,6.51932
0.0807989,-0.122779,6.54654
0.175849,-0.125093,6.5492
0.248367,-0.105105,6.55373
-0.0647729,-0.0651056,6.5274
-0.213764,-0.0556168,6.53269
-0.159029,-0.0371634,6.55447
0.117933,-0.0239509,6.55596
0.165566,-0.0575079,6.53425
0.266365,-0.0411721,6.53182
-0.217506,0.00496602,6.54708
-0.0991447,-0.0139663,6.51947
-0.0242342,-0.00857282,6.53366
0.0629838,-0.0108644,6.52457
0.161098,0.00281188,6.52015
-0.166469,0.0249699,6.51826
-0.0698748,0.026801,6.55581
0.0363464,0.0494215,6.53731
-0.256484,0.0828375,6.53916
-0.19561,0.0952556,6.52163
0.147525,0.0599619,6.54065
0.261721,0.0646265,6.53064
-0.123577,0.117058,6.5249
-0.00641262,0.121886,6.54698
0.167925,0.117618,6.55258
-0.0761037,0.15037,6.54759
0.041291,0.157616,6.52932
0.131009,0.164483,6.53278
0.216021,0.148835,6.52808
-0.0738999,0.214919,6.53347
-0.0223214,0.181226,6.54059
0.0824732,0.203525,6.53691
0.174906,0.205948,6.51981
-0.134527,0.234071,6.54179
-0.0399904,0.265881,6.52153
0.0141273,0.269355,6.5522
0.0665,0.261024,6.51943
-0.147695,-0.225288,6.57642
0.149353,-0.217769,6.56859
-0.187606,-0.177487,6.57437
0.0321231,-0.156284,6.5725
0.206174,-0.174043,6.57276
-0.238294,-0.126237,6.57386
-0.141661,-0.136786,6.58409
-0.0846249,-0.128353,6.55979
-0.015956,-0.118374,6.56093
-0.194293,-0.0754055,6.58893
-0.119329,-0.0794165,6.57664
-0.0579801,-0.0789168,6.58696
0.123234,-0.0843703,6.57088
0.200427,-0.0777579,6.5813
-0.268113,-0.0276172,6.56256
-0.00071204,-0.0578457,6.56407
0.0668578,-0.0585932,6.56422
0.212109,-0.0204644,6.55995
0.266444,-0.0422369,6.59383
-0.166567,0.0167202,6.58467
-0.106065,-0.0186719,6.58125
-0.0449481,-0.0182662,6.5912
0.0240629,-0.00077233,6.57187
0.166181,0.0161684,6.58107
0.265054,0.0123341,6.56398
-0.2643,0.0346417,6.57818
0.092132,0.0443682,6.56503
-0.208041,0.0611663,6.57204
-0.145864,0.0688594,6.55761
-0.0764179,0.0859111,6.57471
-0.0196898,0.0630981,6.56101
0.0426522,0.0970327,6.57575
0.13254,0.0875536,6.59459
0.199873,0.0683959,6.57359
-0.232758,0.136505,6.56269
-0.17347,0.121944,6.57346
0.0945943,0.12928,6.56776
0.245311,0.110939,6.56802
0.0383311,0.156344,6.59336
0.143804,0.156646,6.59456
-0.159285,0.181362,6.5632
-0.0952469,0.19393,6.58785
0.027146,0.210149,6.5646
0.195046,0.186088,6.57469
-0.0306491,0.232558,6.57493
0.0715544,0.250995,6.5809
0.136425,0.232753,6.56822
-0.0886869,0.255038,6.57843
-0.0292199,-0.268021,6.59679
0.0331272,-0.267832,6.60962
-0.123721,-0.239129,6.63222
-0.0634028,-0.224935,6.62573
0.102893,-0.249261,6.5984
-0.175626,-0.204917,6.62857
-0.103752,-0.185267,6.59991
-0.00902542,-0.209382,6.59918
0.0499395,-0.209394,6.61818
0.102952,-0.187183,6.59688
0.178817,-0.202329,6.62103
-0.046638,-0.160174,6.59696
0.0147977,-0.160736,6.63204
0.152139,-0.149764,6.60107
0.232238,-0.137001,6.61547
-0.198273,-0.13662,6.62038
-0.0942536,-0.118106,6.62065
-0.0191808,-0.110604,6.62244
0.037635,-0.100543,6.59952
0.0945796,-0.126192,6.6071
-0.258719,-0.0746377,6.60251
-0.151987,-0.0961657,6.63036
0.0839234,-0.0664374,6.62372
0.156578,-0.0917604,6.62295
-0.219233,-0.0200048,6.60373
-0.15469,-0.0354359,6.61627
-0.0969515,-0.0564097,6.63003
0.0266608,-0.0419084,6.61816
0.142059,-0.0317845,6.61308
0.211497,-0.0317878,6.6214
-0.269688,0.00124755,6.63337
0.0786071,-0.0084079,6.60121
-0.208766,0.0331441,6.63464
-0.110953,0.0401646,6.60048
-0.0497664,0.0433945,6.61169
0.0183313,0.0495918,6.60813
0.121599,0.031863,6.62188
0.229339,0.0293362,6.61213
-0.253798,0.0919159,6.60093
-0.195944,0.0932371,6.62391
0.0743575,0.0721622,6.62292
0.255976,0.0846685,6.62371
-0.126891,0.0997353,6.60845
-0.0415611,0.134098,6.59689
0.00816831,0.108583,6.62597
0.100216,0.12844,6.62939
-0.205707,0.174865,6.60425
-0.148657,0.156515,6.61929
0.224854,0.148082,6.61296
-0.0126826,0.186821,6.61325
0.0426493,0.213204,6.62465
0.0955595,0.195592,6.59703
0.163757,0.213908,6.62084
-0.145416,0.22712,6.60305
0.10874,0.246345,6.63091
-0.0521796,0.255696,6.62873
0.00703568,0.269519,6.61429
-0.0292657,-0.26518,6.65921
0.0317712,-0.260038,6.67161
0.0968063,-0.251699,6.66041
-0.0209538,-0.200382,6.66404
0.125953,-0.197072,6.65348
-0.202452,-0.170193,6.67274
-0.138547,-0.156892,6.64298
-0.0724624,-0.166869,6.65304
0.185141,-0.15044,6.65403
-0.241642,-0.119083,6.66181
-0.0526213,-0.103715,6.67379
0.0644654,-0.136393,6.66054
0.126438,-0.131552,6.66044
-0.215252,-0.0649413,6.64621
0.0254742,-0.0880631,6.65949
0.124133,-0.0701987,6.67119
0.194084,-0.0708473,6.66806
0.247776,-0.0811829,6.63827
-0.033948,-0.0537464,6.64141
-0.0722833,-0.00221944,6.64791
-0.0111535,0.00362939,6.63793
0.0480323,0.0142904,6.65006
0.102837,-0.012364,6.66312
0.177341,0.0153771,6.64369
0.270014,-0.00539791,6.64393
-0.151207,0.0557607,6.64519
0.24458,0.0450432,6.67067
-0.262745,0.0597903,6.65364
-0.0712793,0.0958808,6.63587
-0.0145015,0.0615697,6.65969
0.136528,0.0857719,6.65685
0.194525,0.0752716,6.63611
-0.176026,0.126361,6.67255
0.0572925,0.108827,6.67026
0.173592,0.133578,6.64391
-0.231659,0.138386,6.64766
-0.08866,0.155388,6.63566
-0.0324256,0.142821,6.65812
0.0267836,0.161003,6.65417
0.231528,0.13804,6.67342
-0.17701,0.203751,6.65158
-0.0420884,0.205821,6.66502
0.0860781,0.182363,6.65705
0.193555,0.187358,6.66887
-0.0998711,0.218736,6.64502
0.0541873,0.264216,6.65786
-0.157545,-0.218387,6.68654
-0.0968089,-0.252401,6.6867
-0.0609808,-0.209743,6.71098
0.0397059,-0.194495,6.67771
0.177123,-0.203577,6.68797
-0.113554,-0.175853,6.69867
0.00994654,-0.139877,6.69041
0.0962258,-0.170942,6.70107
-0.158942,-0.131946,6.69611
0.0955708,-0.109414,6.7099
0.16941,-0.116478,6.70346
0.237702,-0.127927,6.67811
-0.204472,-0.0884611,6.70252
-0.113382,-0.0910706,6.67899
-0.00634073,-0.0839846,6.7128
-0.266055,-0.0472464,6.67702
-0.215569,-0.0271684,6.70682
-0.161993,-0.0524175,6.67513
-0.111984,-0.0201456,6.6925
-0.0562074,-0.0466367,6.69889
0.00895988,-0.0311518,6.68437
0.0637276,-0.0575232,6.69779
0.160232,-0.0232601,6.69016
0.263083,-0.0584925,6.69422
-0.269077,0.01285,6.69473
-0.17265,0.00867946,6.67935
-0.0359947,0.0123664,6.69656
0.0574141,0.0031032,6.71052
0.22032,-0.0118812,6.67949
-0.216265,0.0505421,6.69415
-0.0996578,0.0445228,6.67846
0.0132101,0.0468772,6.71326
0.0923862,0.0474131,6.67706
0.178611,0.0541154,6.69272
-0.154823,0.064018,6.70688
-0.0580779,0.0878759,6.69544
-0.248906,0.103361,6.69617
-0.117988,0.104018,6.67626
0.00124571,0.108357,6.69747
0.111525,0.132129,6.69035
0.174817,0.115727,6.70322
-0.13199,0.17017,6.67763
-0.0787022,0.146409,6.69948
-0.00958927,0.16904,6.70982
0.0580058,0.158989,6.70749
-0.182499,0.1855,6.71102
0.136969,0.212475,6.67693
-0.138635,0.231542,6.69233
0.0212934,0.21618,6.68317
0.0807958,0.22671,6.70034
-0.0744123,0.258619,6.68692
-0.0138065,0.26897,6.67587
-0.0385294,-0.267002,6.72098
0.0273681,-0.268056,6.74397
-0.128852,-0.228494,6.74082
0.000170636,-0.217492,6.72003
0.0702262,-0.234564,6.71378
0.132515,-0.234855,6.71855
-0.187073,-0.185991,6.73103
-0.229664,-0.141633,6.72099
-0.0466629,-0.150669,6.71366
0.0441768,-0.171219,6.7352
0.146619,-0.163808,6.73732
0.20768,-0.163062,6.72405
-0.0789628,-0.100244,6.7299
-0.0015147,-0.132331,6.75116
0.243867,-0.114569,6.73865
-0.255266,-0.0874189,6.73844
-0.149046,-0.0798818,6.7289
0.139011,-0.0701715,6.7317
-0.26807,-0.0265277,6.74324
-0.102131,-0.0465566,6.75091
0.0198386,-0.0375371,6.74526
0.202324,-0.0581232,6.72845
-0.160282,-0.0187475,6.73386
0.118424,0.0114669,6.72019
0.200296,0.00366414,6.73548
0.2696,-0.00170741,6.71916
-0.253297,0.0335482,6.75152
-0.19053,0.0339925,6.74828
-0.115812,0.0245398,6.7353
-0.0542736,0.0492441,6.7435
0.265132,0.0514849,6.75142
-0.191058,0.0966765,6.74573
-0.104434,0.085545,6.7369
0.0682105,0.095847,6.73032
0.127015,0.0785983,6.7181
-0.143929,0.132151,6.7255
-0.039165,0.12394,6.74211
0.0217873,0.133692,6.75054
0.248926,0.102996,6.72121
-0.225859,0.147094,6.73424
0.150045,0.170068,6.72077
0.211965,0.166692,6.72494
-0.107163,0.19216,6.73
-0.0488786,0.214426,6.72704
0.0245395,0.210566,6.74532
0.0963058,0.187286,6.74685
-0.0976665,0.251443,6.74433
0.135528,0.233648,6.73535
-0.0225743,0.268206,6.74481
0.0331798,0.267474,6.71662
-0.0829966,-0.256028,6.77259
-0.0213393,-0.255706,6.78088
0.0838833,-0.256628,6.77026
0.140825,-0.230659,6.78502
-0.168942,-0.210541,6.78521
-0.0357743,-0.196761,6.76653
0.0249722,-0.213297,6.77694
0.096536,-0.197922,6.75661
0.188842,-0.191701,6.7762
-0.132952,-0.168477,6.75721
-0.075309,-0.14864,6.76877
0.08748,-0.137501,6.76471
0.227719,-0.145031,6.79102
-0.233287,-0.13591,6.78432
-0.179503,-0.127271,6.75467
-0.119053,-0.104621,6.77713
0.130969,-0.0995737,6.78698
0.18701,-0.107912,6.76248
-0.201828,-0.0624397,6.75898
-0.0414346,-0.059367,6.75789
0.0468522,-0.0908277,6.76262
-0.150847,-0.0438757,6.78982
0.0870012,-0.0438542,6.75371
0.155226,-0.0236175,6.76971
0.21518,-0.0317458,6.7837
0.263431,-0.0585322,6.75661
-0.213172,-0.00845007,6.78785
-0.0639641,-0.00395874,6.77326
-0.00556819,0.0161283,6.76417
0.103822,0.00967658,6.7803
0.269784,-0.00207903,6.78198
0.0547871,0.0418832,6.75924
0.157474,0.0420988,6.7578
0.213659,0.0397948,6.78414
-0.252283,0.0956204,6.75792
-0.143678,0.0870149,6.78545
-0.0599586,0.0919936,6.79145
-0.00338253,0.0784709,6.76435
0.0514581,0.0965386,6.79044
0.10656,0.0716896,6.77666
0.194139,0.0924601,6.75733
0.116518,0.128727,6.75328
0.249545,0.10266,6.7835
-0.15095,0.162236,6.77923
-0.0949164,0.141087,6.76319
-0.0201332,0.175204,6.771
0.216659,0.155611,6.78607
-0.0751194,0.202346,6.78251
0.179404,0.20139,6.76544
-0.156239,0.219682,6.75615
0.0812824,0.257122,6.7546
0.0343323,-0.26747,6.80618
-0.046065,-0.218194,6.82432
0.100602,-0.24759,6.82961
-0.199972,-0.180957,6.83057
-0.100617,-0.193054,6.8047
0.0714386,-0.19322,6.81338
-0.155089,-0.143257,6.80959
-0.025438,-0.149795,6.80605
0.0359359,-0.142295,6.79948
0.129829,-0.172411,6.80251
-0.0650736,-0.101642,6.80803
0.0889618,-0.135349,6.83052
0.173965,-0.131971,6.81847
-0.259604,-0.061464,6.7951
-0.196389,-0.0947984,6.812
-0.00513184,-0.0907138,6.79657
0.0830381,-0.0686734,6.81066
0.173778,-0.0647558,6.81534
0.232095,-0.0859548,6.80893
-0.0782066,-0.0419037,6.82066
-0.0142061,-0.0295735,6.80579
0.130129,-0.0218973,6.82677
-0.26955,-0.00267742,6.8138
-0.155792,0.0177857,6.79738
0.0459603,-0.00917793,6.79417
-0.099221,0.0435728,6.79185
-0.0396733,0.0368295,6.81218
0.0212547,0.0469175,6.81142
0.150993,0.0568557,6.81803
0.265196,0.0505173,6.81778
-0.262862,0.0593313,6.80762
-0.201537,0.0689829,6.80062
0.205487,0.0868262,6.82367
-0.242247,0.118074,6.8152
-0.178119,0.122091,6.82399
-0.00225382,0.126091,6.80722
0.155776,0.116422,6.80029
-0.211518,0.166835,6.79171
-0.118487,0.142186,6.82808
-0.0589247,0.150445,6.81306
0.0767515,0.152708,6.79485
0.134582,0.174935,6.80003
-0.171455,0.208333,6.81554
0.0217728,0.181,6.82431
0.0644046,0.213107,6.79338
0.187837,0.19341,6.82645
-0.1197,0.241427,6.80187
-0.00907672,0.228959,6.79931
0.128787,0.236827,6.79713
-0.0612169,0.262204,6.79355
0.038278,0.2676,6.80658
-0.0151573,-0.268963,6.84394
0.0524596,-0.264306,6.86571
-0.154147,-0.221094,6.84465
-0.0997896,-0.24912,6.83227
0.0185925,-0.216731,6.83887
0.113683,-0.194254,6.85941
0.171276,-0.206856,6.83416
-0.132058,-0.16617,6.86245
-0.0744219,-0.150985,6.84463
-0.019145,-0.173363,6.86313
0.0459818,-0.166321,6.86337
0.221284,-0.153177,6.85327
-0.235543,-0.132254,6.84688
-0.177176,-0.123448,6.86406
0.00782956,-0.119063,6.85003
0.250748,-0.0997828,6.86694
-0.259105,-0.0731549,6.85648
-0.138695,-0.0864042,6.83326
-0.0865002,-0.0908217,6.86526
-0.0310352,-0.0704443,6.84988
0.0285281,-0.0613063,6.83873
0.075443,-0.0885318,6.86934
0.133685,-0.0969887,6.8499
-0.191827,-0.0386598,6.83819
-0.131653,-0.0265459,6.84892
0.0761784,-0.0273535,6.85691
0.212731,-0.0512849,6.86198
0.265992,-0.0389331,6.83172
-0.0870968,0.0167684,6.84699
0.0200597,-0.0011722,6.85032
0.219351,0.00370809,6.83407
0.26938,0.0136291,6.86901
-0.266875,0.0338058,6.86444
-0.205298,0.022101,6.84158
-0.146055,0.0345807,6.8565
0.0768232,0.0292724,6.8324
-0.223377,0.0788809,6.85943
-0.109823,0.0819815,6.83911
-0.0157147,0.0816123,6.84834
0.04313,0.0699933,6.8647
0.0952606,0.0884461,6.83544
-0.0651543,0.113561,6.86894
0.0480596,0.128273,6.84403
-0.214875,0.162053,6.85487
-0.0206388,0.156085,6.86191
0.121674,0.14136,6.85383
0.218127,0.143221,6.84717
-0.112066,0.200727,6.84844
-0.0504142,0.205947,6.83973
0.0798406,0.187016,6.84758
0.135852,0.213116,6.85438
0.0903999,0.254064,6.84312
-0.0843617,0.25643,6.85118
-0.0232167,0.267794,6.84619
0.0349569,0.266055,6.86868
-0.0641328,-0.262111,6.8818
-0.106251,-0.217164,6.8859
0.0171115,-0.222709,6.90091
0.106744,-0.247445,6.89158
0.160688,-0.216138,6.89499
-0.16714,-0.211537,6.90477
-0.0435612,-0.210002,6.90653
-0.210493,-0.168797,6.89088
-0.0837397,-0.162453,6.9051
0.100617,-0.141666,6.89132
0.159307,-0.154414,6.8747
-0.245375,-0.110533,6.90465
-0.127855,-0.118566,6.90182
-0.0369155,-0.121937,6.89351
0.0364465,-0.12099,6.90526
-0.182564,-0.0700146,6.89495
0.173663,-0.0853454,6.89602
-0.122075,-0.0566287,6.90275
-0.0686139,-0.0318758,6.8816
-0.0158843,-0.0535454,6.90754
0.0462856,-0.0488034,6.90718
0.126155,-0.0469486,6.88602
0.266231,-0.0441143,6.89355
-0.235204,-0.0185038,6.87817
-0.174714,-0.00873029,6.89028
-0.115105,0.00534345,6.90211
0.170594,-0.00635705,6.87116
0.221711,-0.0024405,6.90573
-0.199612,0.0460576,6.90662
-0.0309755,0.0264191,6.87252
0.069445,0.0220408,6.89385
0.125331,0.036203,6.87086
0.211215,0.0504571,6.87389
-0.164685,0.0898054,6.87774
-0.0863603,0.0597731,6.89216
0.122825,0.0888366,6.90517
0.251661,0.0974743,6.87272
-0.226172,0.121674,6.9047
-0.113676,0.113432,6.9079
0.0140683,0.115848,6.89458
0.0785834,0.133168,6.89796
0.170895,0.106926,6.87073
-0.157294,0.151312,6.87538
-0.108441,0.175527,6.90525
0.0332602,0.174712,6.88683
0.170726,0.168396,6.88017
0.228413,0.142797,6.90866
-0.16619,0.212531,6.87734
-0.0550765,0.207523,6.90195
-0.1175,0.242458,6.90188
0.00413865,0.22655,6.90566
0.0768529,0.221751,6.89936
-0.0180322,-0.268803,6.9234
0.0582162,-0.26277,6.92775
-0.0944212,-0.252793,6.93561
0.0637785,-0.186272,6.91939
0.121748,-0.17751,6.93968
-0.139541,-0.166883,6.93929
-0.00313164,-0.165692,6.92273
0.205516,-0.175158,6.9108
-0.184945,-0.124154,6.92573
0.165665,-0.133907,6.93386
0.239675,-0.124051,6.92345
-0.0692923,-0.0799113,6.92614
0.120294,-0.0920663,6.92781
-0.264701,-0.0527965,6.92099
-0.155991,-0.0297069,6.94711
0.0991852,-0.023529,6.93715
0.160938,-0.038963,6.93676
-0.269916,0.00943112,6.92183
-0.214616,-0.0123869,6.93779
-0.0587929,0.0161935,6.92669
0.0111118,0.00227732,6.91157
0.269683,-0.000289094,6.94539
0.110156,0.0376955,6.93837
0.167954,0.0363666,6.91627
0.264313,0.0542926,6.91572
-0.259858,0.0704594,6.91521
-0.147862,0.0681047,6.9337
-0.0261279,0.0726434,6.91344
0.0644504,0.0776391,6.92233
0.201222,0.0886463,6.92202
-0.168646,0.129239,6.93221
0.158668,0.133291,6.93008
-0.0272737,0.152138,6.92354
0.0376835,0.147334,6.94266
-0.202532,0.178264,6.91458
0.110444,0.17746,6.9279
0.193574,0.187693,6.93415
-0.160159,0.216937,6.93918
0.147921,0.225283,6.91433
-0.0667717,0.260584,6.93278
0.0454984,0.266246,6.93003
-0.04944,-0.264336,6.97711
0.0329337,-0.267832,6.98446
-0.14528,-0.227275,6.96095
-0.00939848,-0.216625,6.9584
0.0683972,-0.218377,6.97246
0.122516,-0.240134,6.95139
-0.198391,-0.18287,6.95055
-0.0728619,-0.199729,6.96025
0.174405,-0.206177,6.95509
-0.088816,-0.13952,6.96255
-0.0288389,-0.160006,6.97922
0.032713,-0.167566,6.97346
0.214911,-0.161913,6.97096
-0.234731,-0.133333,6.96186
-0.17681,-0.136799,6.98598
-0.0447166,-0.0997057,6.97984
0.0788116,-0.133581,6.94902
-0.212979,-0.0735431,6.949
-0.140166,-0.0949623,6.95771
0.00957814,-0.0895085,6.95163
0.0691753,-0.0732441,6.95947
0.202477,-0.0830509,6.95085
0.262368,-0.0617143,6.95282
-0.263072,-0.0584774,6.9832
-0.0939673,-0.0280637,6.95037
-0.00638557,-0.0277111,6.9635
0.214814,-0.0233949,6.96415
-0.269917,0.00585775,6.98431
0.15601,0.0115513,6.97233
-0.224846,0.0434341,6.96346
-0.166581,0.0251171,6.97462
-0.105529,0.0313485,6.96548
-0.00973631,0.0344966,6.95986
0.0510966,0.0255497,6.95294
0.217702,0.0375222,6.95339
-0.191124,0.0938788,6.97766
-0.075789,0.0827865,6.94905
0.0148126,0.0912408,6.95643
0.152167,0.0787096,6.95938
-0.125922,0.107288,6.97704
0.0927903,0.121654,6.95758
0.25134,0.0981673,6.9578
-0.136257,0.168259,6.96859
-0.0817132,0.14414,6.95195
0.13946,0.16284,6.98114
-0.196695,0.183013,6.97654
-0.087315,0.206036,6.95541
-0.0246874,0.204798,6.95646
0.0459388,0.208137,6.95201
0.102239,0.249401,6.94926
0.151352,0.223234,6.9773
-0.0103847,0.269566,6.95719
-0.101784,-0.242339,7.00321
0.137622,-0.232271,7.01152
-0.178743,-0.202056,7.00696
-0.120476,-0.183075,6.99654
-0.0416773,-0.213467,7.01245
0.0208752,-0.214235,7.01298
0.170354,-0.179037,7.01108
0.100423,-0.166369,6.99732
-0.122513,-0.12346,7.01238
0.0422821,-0.112274,6.99967
0.115693,-0.102711,6.98865
0.175625,-0.119347,6.99356
0.245602,-0.110531,6.98707
-0.217334,-0.094574,7.00717
-0.166369,-0.0590272,7.00109
-0.0972708,-0.0702402,6.99512
0.187649,-0.0596123,7.00646
-0.0429407,-0.050616,7.01793
0.0194487,-0.0557804,7.01283
0.0672436,-0.0199362,6.9908
0.127801,-0.0414166,6.98975
0.26807,-0.023274,7.00334
-0.211851,-0.00928513,6.99979
-0.123135,-0.0144003,7.00344
-0.0550675,0.00268763,6.98824
0.109377,0.0113856,7.02339
0.0410569,0.032951,7.01397
0.153179,0.0546077,7.01682
0.212161,0.0201995,7.01312
0.266525,0.0416097,6.99145
-0.25351,0.0926526,6.988
-0.208901,0.0589108,7.02554
-0.046002,0.0633688,7.0003
0.0857152,0.0671594,6.98735
0.204134,0.081779,6.99488
-0.004073,0.120313,7.00708
0.125853,0.109437,7.00904
0.233516,0.135411,7.00433
-0.22791,0.144068,7.01389
-0.166094,0.137978,7.01379
-0.0609246,0.145076,7.01051
0.0494424,0.15762,7.00267
-0.0553003,0.206905,7.01074
0.0938806,0.20393,6.99163
0.196678,0.184522,6.99577
-0.146992,0.221144,7.00012
-0.0935442,0.253188,6.99538
0.0122225,0.230458,6.99941
-0.0357687,0.267274,7.01418
0.0668347,0.260797,6.99947
-0.0123655,-0.266606,7.02712
0.043665,-0.266215,7.05461
-0.152828,-0.222012,7.06083
-0.0979591,-0.251276,7.06502
0.07949,-0.219899,7.03368
-0.099731,-0.189925,7.05475
0.124202,-0.181211,7.05289
-0.218043,-0.15829,7.02745
-0.155453,-0.161562,7.04805
-0.0643745,-0.140343,7.0265
-0.00867947,-0.165813,7.03802
0.0534867,-0.163339,7.03839
0.219882,-0.146429,7.0313
-0.169856,-0.101008,7.04677
-0.0143372,-0.103906,7.03368
0.0413067,-0.102517,7.06084
0.101471,-0.124229,7.04486
0.162797,-0.132669,7.0527
-0.256128,-0.0850147,7.05475
-0.111808,-0.0797417,7.05466
0.0803409,-0.0684535,7.02681
0.140088,-0.075522,7.04266
0.254043,-0.0915737,7.04556
-0.268452,-0.0236116,7.03939
-0.206461,-0.0483982,7.04749
-0.0899448,-0.0213479,7.05544
0.225711,-0.0334382,7.04795
-0.222072,0.00923,7.06491
-0.167105,0.0144484,7.036
-0.00671738,-0.00245248,7.03191
0.0507922,-0.0172679,7.05053
0.165203,-0.01149,7.03903
0.268726,0.0194334,7.04967
-0.266972,0.0405565,7.03607
-0.106166,0.0417152,7.0271
-0.0509257,0.0345349,7.05544
-0.0625833,0.0966697,7.04933
-0.000615952,0.0693922,7.04282
0.100391,0.0678943,7.04799
0.200918,0.0660464,7.05519
0.25587,0.0856207,7.03409
-0.250814,0.0989875,7.05004
-0.189939,0.105254,7.06267
-0.123593,0.100535,7.03904
0.051384,0.100435,7.02751
-0.114235,0.173042,7.02664
0.0443841,0.152245,7.06462
0.101832,0.15968,7.03646
0.177209,0.137176,7.03132
-0.191737,0.189104,7.03845
-0.00323643,0.178035,7.02914
0.0538679,0.207945,7.03909
0.176907,0.202881,7.05128
-0.0993833,0.227855,7.05205
0.127696,0.23685,7.03338
0.0199293,0.268515,7.04837
-0.040335,-0.267089,7.0826
0.128307,-0.237355,7.07823
-0.196035,-0.185025,7.08909
-0.0422729,-0.203899,7.07403
0.0198287,-0.208564,7.07512
0.0788194,-0.197967,7.09204
0.181433,-0.199269,7.06909
0.0363875,-0.152658,7.0976
0.198102,-0.142147,7.10296
-0.21636,-0.125595,7.08028
-0.157383,-0.12911,7.10086
-0.0947859,-0.133536,7.0805
-0.0325745,-0.133818,7.08571
0.0845839,-0.113481,7.10353
-0.187161,-0.0745219,7.10044
-0.0528559,-0.0761561,7.07383
0.144561,-0.0973552,7.10063
0.198508,-0.0852758,7.07156
-0.241886,-0.0435795,7.0985
-0.150494,-0.0341247,7.07071
0.0028387,-0.0487205,7.07434
0.060021,-0.0563075,7.09829
0.108749,-0.0294729,7.0703
0.165073,-0.0389253,7.09501
0.266,-0.0469926,7.09317
-0.118499,0.00902018,7.10191
-0.0435736,-0.012815,7.09574
0.0740308,0.0134082,7.09895
0.20237,0.0112722,7.08429
-0.149332,0.0579657,7.07604
0.00487524,0.0251494,7.08638
0.146145,0.0356803,7.07511
-0.263307,0.0592448,7.09636
-0.0901501,0.0637611,7.09395
-0.0294783,0.0758663,7.09786
0.0492367,0.0688285,7.08325
0.25247,0.0700376,7.09421
-0.23269,0.128869,7.10159
-0.099047,0.125243,7.09085
-0.0130989,0.129014,7.0679
0.0939473,0.121105,7.08489
0.149928,0.0978624,7.07123
0.228552,0.131545,7.06651
-0.151455,0.153279,7.07244
-0.059566,0.170683,7.06715
0.144689,0.159108,7.08191
-0.199514,0.181589,7.09986
-0.104275,0.193126,7.10406
0.0978289,0.200998,7.08254
0.202108,0.17841,7.10295
-0.155163,0.220044,7.07878
-0.0168249,0.215069,7.07678
0.0410115,0.221385,7.09864
-0.0540062,0.264381,7.07375
0.0788943,0.257737,7.06606
0.0154571,-0.26627,7.11033
0.0772824,-0.258167,7.10734
-0.132074,-0.235438,7.14268
-0.0747318,-0.231279,7.11947
0.13452,-0.231672,7.14002
-0.126838,-0.18249,7.1105
-0.0128292,-0.21344,7.12814
0.184816,-0.195945,7.13125
-0.221742,-0.152712,7.13585
-0.0671603,-0.169747,7.12306
-0.00895961,-0.152459,7.14037
0.0838438,-0.161927,7.14244
0.137892,-0.158823,7.10954
-0.250988,-0.0988788,7.12525
-0.109419,-0.124007,7.14037
0.248247,-0.105221,7.10614
-0.0995512,-0.0590313,7.11141
-0.0449887,-0.0769433,7.13541
0.00947442,-0.0971786,7.11355
0.195732,-0.0883204,7.13452
0.217535,-0.0304688,7.12752
-0.241744,0.0106726,7.12797
-0.181799,0.00144129,7.11136
0.0282547,0.00969116,7.14182
0.134786,0.00437492,7.12698
0.269231,0.0125634,7.11164
-0.134816,0.0584226,7.13631
-0.0487815,0.0342551,7.14011
0.215878,0.0375321,7.1392
-0.20261,0.0631647,7.10698
0.105076,0.0658131,7.11101
0.197005,0.0924056,7.11166
0.01812,0.109822,7.11813
0.137488,0.116775,7.12944
0.232883,0.136276,7.13735
-0.137807,0.149485,7.13311
-0.0459775,0.139887,7.11976
0.00853207,0.170576,7.11202
0.0647275,0.151141,7.13124
-0.0422814,0.200813,7.13193
0.120525,0.178945,7.13594
-0.151544,0.222551,7.14111
-0.0946588,0.252587,7.11959
0.099479,0.2492,7.12418
0.151963,0.222569,7.10425
-0.0167262,0.256906,7.12291
0.0421592,0.26681,7.141
-0.0343907,-0.267423,7.15053
0.0242193,-0.268186,7.172
0.0852347,-0.256071,7.16925
-0.181988,-0.198811,7.1484
-0.0640882,-0.204718,7.17468
0.0476041,-0.213015,7.14404
0.139325,-0.176723,7.16933
-0.166149,-0.13997,7.16124
-0.115791,-0.17059,7.18153
0.230972,-0.138957,7.15585
-0.0585804,-0.135992,7.17441
-0.00260034,-0.100592,7.17442
0.0571268,-0.107882,7.15906
0.119073,-0.112147,7.15505
0.174499,-0.126004,7.17916
-0.200227,-0.0879696,7.15962
-0.0929752,-0.0742303,7.17421
0.256867,-0.082678,7.16366
-0.266189,-0.0434361,7.15589
-0.20675,-0.0262245,7.16384
-0.151003,-0.0500928,7.1446
-0.0241156,-0.0213068,7.15412
0.030034,-0.0520167,7.15264
0.0982392,-0.0426893,7.14581
0.164546,-0.0399878,7.15847
0.268507,-0.0214076,7.16383
-0.154464,0.00757465,7.16664
-0.0875883,-0.0131432,7.15132
-0.205059,0.0429893,7.16599
0.0860284,0.023914,7.15888
-0.26019,0.070076,7.16366
-0.0337974,0.0920361,7.15802
0.0450546,0.070575,7.15746
0.104498,0.0820801,7.17097
0.156518,0.0594753,7.14552
0.19976,0.091251,7.17633
0.257277,0.0813054,7.1553
-0.237604,0.128026,7.16368
-0.181699,0.107158,7.1457
-0.0962759,0.105608,7.15011
-0.0677025,0.154508,7.17646
-0.00664172,0.147373,7.16736
0.177999,0.14955,7.16387
-0.201721,0.178958,7.16209
-0.0949387,0.209131,7.16396
0.0136205,0.213859,7.15652
0.0726156,0.198941,7.17072
0.162885,0.214749,7.16456
-0.0683267,-0.26041,7.20253
-0.127239,-0.237555,7.20487
-0.00475033,-0.215977,7.18996
0.124769,-0.238993,7.2187
-0.17897,-0.201643,7.2106
0.0854246,-0.198477,7.19265
0.20009,-0.181334,7.18985
-0.218832,-0.145109,7.19747
0.0361782,-0.161771,7.1825
0.116709,-0.137083,7.21175
-0.103601,-0.119304,7.21538
0.242236,-0.117791,7.21345
-0.253441,-0.0936556,7.1908
-0.150517,-0.0835349,7.19672
-0.048016,-0.090816,7.21541
0.062687,-0.0650315,7.20407
0.124265,-0.0669537,7.19718
0.204045,-0.0722533,7.19414
-0.243618,-0.0367101,7.21378
-0.181685,-0.0344615,7.22024
-0.121786,-0.0287946,7.2051
-0.0596892,-0.0306748,7.20395
0.00146145,-0.0427755,7.20735
0.167875,-0.0292018,7.22072
0.258493,-0.0514051,7.21767
-0.269241,0.0120085,7.18447
0.0525574,-0.00379313,7.20277
0.140907,0.0165154,7.18787
0.212099,-0.00562249,7.18409
0.263158,0.0189382,7.21113
-0.103353,0.0367112,7.18518
-0.0530685,0.0293675,7.21985
-0.00449149,0.0429115,7.1833
0.0925663,0.0426429,7.21747
0.199065,0.0422006,7.22133
-0.157505,0.0729439,7.19175
-0.0605478,0.0973442,7.21417
0.0375834,0.071888,7.21912
0.150544,0.0801567,7.21286
0.257296,0.0808287,7.21754
-0.176951,0.129947,7.20545
-0.114948,0.126787,7.20586
0.0477058,0.124941,7.18784
0.119796,0.140426,7.18447
0.231286,0.138906,7.20037
-0.144603,0.179676,7.1869
-0.0357899,0.206318,7.19382
0.0223952,0.182762,7.20973
0.131384,0.193986,7.21378
0.193694,0.187464,7.21095
0.112265,0.245109,7.18493
-0.0662355,0.260774,7.18393
-0.00442574,0.269796,7.18243
0.0528446,0.254103,7.20113
-0.00477264,-0.269846,7.22717
0.0566374,-0.259001,7.22465
-0.0951387,-0.247678,7.25753
-0.0402012,-0.22148,7.24332
-0.12679,-0.186686,7.24089
0.0372336,-0.198982,7.23265
0.0954975,-0.191708,7.25367
0.152744,-0.184462,7.22987
-0.210209,-0.169566,7.25406
-0.162349,-0.13886,7.22307
-0.0692299,-0.169708,7.22584
-0.0101385,-0.151519,7.22262
0.061116,-0.14185,7.23875
0.206308,-0.156733,7.24654
0.163763,-0.0979758,7.23377
-0.203652,-0.0923959,7.22727
-0.146225,-0.087261,7.25878
-0.0892378,-0.0632089,7.25232
0.018312,-0.097264,7.2328
0.0960008,-0.0914754,7.24973
0.206618,-0.060372,7.25835
-0.269566,0.00920913,7.2469
-0.0949333,-0.00131604,7.25408
0.00369761,0.0121105,7.23705
0.107617,-0.0163388,7.22907
0.225055,-0.000897191,7.25776
-0.213213,0.0249573,7.22504
-0.150439,0.0219959,7.22697
0.144673,0.0296731,7.24901
-0.254763,0.0716372,7.2259
-0.194292,0.0822406,7.24117
-0.113542,0.0719775,7.23533
-0.0167099,0.0700913,7.24926
-0.235671,0.131954,7.22584
-0.00677559,0.126913,7.22589
0.0449994,0.123366,7.26004
0.0952646,0.103356,7.22941
0.203725,0.100832,7.24111
-0.140643,0.166418,7.24765
0.0791801,0.162825,7.22583
0.15798,0.141636,7.23347
-0.19552,0.185855,7.22378
-0.0885333,0.190405,7.22306
-0.147537,0.225515,7.22874
-0.0936006,0.252734,7.24437
0.0590145,0.215888,7.24994
0.114572,0.243919,7.24717
-0.0318655,0.255621,7.2365
0.0261376,0.268278,7.25572
-0.041515,-0.266916,7.28586
0.0110329,-0.234774,7.2763
0.0953652,-0.252028,7.27309
0.150733,-0.223597,7.27824
-0.169572,-0.210131,7.27953
-0.165725,-0.140295,7.28498
-0.0434042,-0.172997,7.28243
0.0176541,-0.161431,7.27861
0.136958,-0.139899,7.27045
-0.239285,-0.124718,7.28629
-0.0883531,-0.130603,7.27454
-0.0286527,-0.108271,7.27175
0.0297914,-0.102106,7.29391
0.190546,-0.113239,7.28807
0.249827,-0.102174,7.27338
-0.25996,-0.0701311,7.26397
-0.200751,-0.0761201,7.2868
0.142435,-0.0743038,7.28745
-0.152051,-0.0209048,7.27339
-0.0383334,-0.0269472,7.2617
0.0331802,-0.0438814,7.26114
0.0911727,-0.039449,7.2838
0.266383,-0.0423861,7.2789
-0.216793,-0.018825,7.26918
0.00856134,0.000164852,7.29759
0.062301,0.0116028,7.26247
0.167716,-0.0177474,7.28168
-0.265876,0.0462133,7.29689
-0.204635,0.0399497,7.28512
-0.132759,0.0374143,7.28432
0.265988,0.0449916,7.26776
-0.162714,0.090522,7.29716
-0.0708603,0.0642468,7.27944
0.0369963,0.0655272,7.28099
0.0992088,0.0622703,7.27605
0.151607,0.0956125,7.27489
0.205273,0.0728019,7.29648
-0.240285,0.100366,7.27948
-0.111413,0.118977,7.2759
-0.00796208,0.11456,7.29196
0.100457,0.128635,7.28782
-0.191505,0.137852,7.26914
-0.0560095,0.143337,7.2605
0.00574701,0.170705,7.26845
0.161978,0.15533,7.2939
0.2169,0.159882,7.26152
-0.183405,0.197626,7.28388
-0.0947321,0.185847,7.28482
-0.0388556,0.211856,7.28039
0.112373,0.187458,7.27255
0.170066,0.209665,7.26433
-0.133455,0.234568,7.28881
0.0210019,0.223247,7.29837
-0.0209702,0.268792,7.29666
0.0749952,0.258286,7.29331
0.0463325,-0.265877,7.31694
-0.134394,-0.233931,7.329
-0.0738638,-0.219654,7.30977
0.0991617,-0.23785,7.33378
-0.120446,-0.179346,7.30229
-0.00206727,-0.198079,7.32502
0.0580079,-0.202763,7.3024
0.117515,-0.182838,7.3111
-0.204886,-0.175844,7.31795
-0.077154,-0.147541,7.33341
-0.0166869,-0.136934,7.32543
0.179899,-0.173403,7.30058
-0.201209,-0.116179,7.33426
-0.125964,-0.108228,7.31909
0.0845026,-0.13065,7.30209
0.144427,-0.120641,7.32929
0.234025,-0.134688,7.32679
-0.257638,-0.079178,7.32577
-0.0681979,-0.087829,7.31521
-0.0136486,-0.059842,7.30792
0.0991269,-0.0781162,7.3321
0.194241,-0.0594178,7.31947
0.258126,-0.0773681,7.32996
-0.215294,-0.0337275,7.3298
-0.157229,-0.0547673,7.32555
-0.101382,-0.0358608,7.30666
0.0448795,-0.0490439,7.32331
-0.269135,-0.0190561,7.30268
-0.0592869,0.00985355,7.30701
0.208101,0.0141963,7.31586
0.269655,0.00678594,7.31707
-0.167278,0.0419024,7.33562
-0.017227,0.0554728,7.30983
0.0703464,0.0349145,7.32323
0.129897,0.0212447,7.3118
-0.109362,0.0758265,7.32693
0.102666,0.086907,7.33383
0.260713,0.0679148,7.32534
-0.0648202,0.118245,7.3171
0.0466955,0.111862,7.32162
0.164447,0.0988174,7.33582
0.239781,0.123446,7.30631
-0.22163,0.153215,7.32166
-0.143637,0.15867,7.31122
-0.026115,0.166783,7.32191
0.0587151,0.173514,7.30101
0.111717,0.20407,7.33234
0.173956,0.20694,7.32836
-0.0776352,0.248351,7.313
-0.0843033,-0.25593,7.35921
-0.0170298,-0.256224,7.34224
0.157661,-0.218643,7.34237
-0.105855,-0.181952,7.37647
-0.0490453,-0.205287,7.3653
0.0521645,-0.210375,7.36412
0.202393,-0.178256,7.35837
-0.154489,-0.155042,7.34816
0.0408187,-0.154873,7.33888
0.0988996,-0.149883,7.36002
-0.0386832,-0.0984754,7.36893
0.0241911,-0.10866,7.3773
0.193929,-0.103835,7.36301
-0.156432,-0.0968841,7.37179
-0.111597,-0.054136,7.36776
-0.055214,-0.0367281,7.34827
0.00143756,-0.0513093,7.36812
0.148648,-0.0547122,7.36178
0.233316,-0.0264226,7.35519
-0.269215,-0.0136648,7.36484
-0.161651,-0.0101247,7.36881
-0.111277,0.0152162,7.34088
0.0300317,0.00171456,7.3555
0.0952341,-0.0174481,7.34654
0.178103,-0.000341597,7.36846
-0.227131,0.0259097,7.34119
-0.0351776,0.0204836,7.36339
0.141092,0.0498119,7.36612
-0.2542,0.0902705,7.3395
-0.204667,0.0739015,7.37352
-0.0341221,0.0860934,7.36091
0.0242616,0.0638946,7.35574
0.208192,0.0601839,7.35773
-0.175557,0.123634,7.3509
-0.113302,0.129475,7.35729
0.0059041,0.133514,7.36363
0.245005,0.111565,7.36717
-0.0547689,0.143603,7.37327
0.0914325,0.146937,7.34685
0.151958,0.156436,7.35515
0.213989,0.162207,7.34776
-0.181505,0.194306,7.34617
-0.0778357,0.193794,7.34424
0.0257926,0.191009,7.35106
-0.133818,0.234329,7.35119
-0.0778822,0.247836,7.37542
-0.0246947,0.22595,7.34082
0.0222073,0.268347,7.34182
0.0817483,0.255011,7.35531
-0.0376143,-0.267144,7.40016
0.0329283,-0.267718,7.37786
-0.131274,-0.235748,7.39472
0.00214011,-0.218402,7.40056
0.091639,-0.253491,7.39373
-0.201558,-0.179431,7.38032
0.122471,-0.199368,7.39
0.183052,-0.198019,7.41423
-0.144612,-0.14543,7.40895
-0.0644212,-0.152957,7.41578
-0.0107134,-0.159848,7.38314
0.155,-0.14622,7.38717
0.230686,-0.139674,7.39812
-0.236808,-0.128264,7.38415
-0.0976618,-0.113461,7.38136
0.113917,-0.0977473,7.39031
-0.260283,-0.0707538,7.38826
-0.070124,-0.0668372,7.41255
0.0642849,-0.0612137,7.38077
0.258415,-0.0765119,7.39235
-0.200209,-0.0557336,7.38591
-0.0278789,-0.0211542,7.41456
0.200928,-0.0542875,7.39997
-0.218872,0.00221046,7.39819
-0.0839828,-0.004583,7.39327
0.0618929,-0.00525563,7.4079
0.124026,0.000343833,7.39974
0.26976,-0.00501319,7.40074
-0.266094,0.0451868,7.38537
-0.0848739,0.0563552,7.38089
0.00875438,0.0288364,7.40667
0.0787556,0.0489438,7.38304
0.213952,0.027691,7.41089
0.264087,0.0552817,7.38627
-0.142943,0.0789688,7.37926
0.00404598,0.091438,7.40953
0.180102,0.0805079,7.40921
-0.249876,0.102077,7.40464
0.0591634,0.108049,7.38273
0.128305,0.108732,7.38629
-0.216927,0.159059,7.3837
-0.162424,0.14135,7.40933
0.0271581,0.170254,7.40973
0.129848,0.174647,7.41045
0.222205,0.151804,7.40903
-0.177252,0.203694,7.40771
-0.123144,0.183553,7.38552
-0.0418774,0.200639,7.39487
0.0780759,0.196279,7.38414
0.18394,0.197173,7.38971
-0.125774,0.23863,7.41423
0.0292695,0.232354,7.39778
0.134266,0.234095,7.3819
-0.0204297,0.268489,7.38774
0.012925,-0.269166,7.43681
0.0740135,-0.259359,7.45331
-0.0997024,-0.250683,7.44723
0.137688,-0.232251,7.44089
-0.173012,-0.20513,7.42918
-0.112834,-0.190658,7.43779
-0.0541293,-0.213341,7.42694
0.065705,-0.205053,7.42469
-0.20107,-0.149784,7.4352
0.0321199,-0.152943,7.42794
0.0979066,-0.151888,7.42201
0.153373,-0.156989,7.44939
0.215117,-0.161604,7.45438
-0.102156,-0.10511,7.44977
-0.0160772,-0.11377,7.42476
0.0652412,-0.100224,7.43062
0.127786,-0.100917,7.45078
0.184933,-0.10832,7.42665
0.24818,-0.105296,7.44681
-0.221694,-0.0912953,7.43221
-0.15943,-0.087803,7.43273
-0.264986,-0.0524983,7.45452
-0.195713,-0.0355784,7.44451
-0.133926,-0.0301627,7.42071
0.021951,-0.056386,7.42601
0.100473,-0.0490084,7.42944
0.159918,-0.0399387,7.44365
0.266097,-0.0458168,7.44761
-0.269858,0.00593586,7.43364
-0.0884179,-0.0057565,7.45534
0.0977668,0.0125176,7.45503
-0.186914,0.04724,7.42658
-0.127215,0.0318874,7.41946
-0.0478688,0.0353147,7.43167
0.164607,0.0217943,7.44911
0.267883,0.0313514,7.45137
-0.0571339,0.0958151,7.42053
0.0650284,0.0783877,7.43686
0.12322,0.0607899,7.42492
-0.202891,0.109462,7.44446
-0.125413,0.098285,7.43541
0.0246252,0.12779,7.45553
0.136422,0.124107,7.44601
0.250531,0.0995469,7.42804
-0.208157,0.17132,7.4513
-0.0901733,0.148269,7.42438
-0.0281935,0.150407,7.4304
0.0794677,0.143326,7.43006
0.179562,0.175402,7.44796
-0.133176,0.186846,7.44781
-0.0732421,0.203041,7.44854
-0.00565644,0.210356,7.44463
0.0686645,0.202745,7.4454
0.138887,0.231121,7.4441
-0.0592795,0.262569,7.43632
0.0155779,0.268968,7.44645
0.0874506,0.254937,7.41751
-0.0422714,-0.266629,7.46599
-0.146647,-0.226536,7.48123
-0.194473,-0.186877,7.48474
-0.0565701,-0.20953,7.48905
0.0014051,-0.214086,7.46356
0.104809,-0.188616,7.47144
0.178229,-0.202478,7.48384
-0.232274,-0.137342,7.48784
-0.147789,-0.143002,7.47109
-0.087798,-0.155765,7.48278
-0.0279999,-0.159113,7.46577
0.0204979,-0.104433,7.47442
0.0805267,-0.111572,7.49003
-0.190744,-0.0913374,7.48608
-0.0843566,-0.0589529,7.48769
-0.0284674,-0.065066,7.46107
0.203297,-0.0725424,7.47421
-0.145313,-0.0486671,7.47889
0.0587988,-0.055089,7.47545
0.119157,-0.0530386,7.48867
-0.198577,0.0160474,7.47914
-0.137202,0.01225,7.48944
-0.029826,-0.00517094,7.47571
0.0303116,-0.0017084,7.46082
0.21471,-0.0133019,7.45794
-0.24082,0.056085,7.45649
-0.0950009,0.0551323,7.4673
0.0119837,0.0576758,7.46103
0.068805,0.0538869,7.49389
0.213452,0.0567566,7.46599
-0.162578,0.0720834,7.47822
-0.0456518,0.088212,7.48595
0.156004,0.0756089,7.47915
-0.246699,0.108963,7.48864
-0.155453,0.135803,7.47461
0.0776574,0.115037,7.48557
0.197409,0.116405,7.45692
0.248785,0.104157,7.49005
-0.0845672,0.148578,7.48653
-0.0224722,0.145684,7.49232
-0.174276,0.205865,7.49085
0.0286779,0.18106,7.48771
0.119895,0.178428,7.47191
-0.110953,0.245546,7.47455
0.0694597,0.260204,7.47708
-0.040707,-0.266849,7.53028
0.0132187,-0.264465,7.49899
-0.0975266,-0.251509,7.50994
0.056589,-0.218639,7.49647
0.116103,-0.24335,7.49849
-0.11605,-0.193105,7.52323
-0.181087,-0.140662,7.52369
-0.0386921,-0.164333,7.5279
0.0185705,-0.170759,7.50506
0.0778487,-0.164777,7.52205
0.142498,-0.159623,7.51198
-0.127412,-0.0990536,7.5105
-0.0489996,-0.110033,7.49876
0.00262727,-0.117701,7.53275
0.157208,-0.0990945,7.50701
0.23686,-0.129532,7.5031
-0.254098,-0.0903459,7.52276
0.25966,-0.071507,7.50397
-0.224364,-0.0404976,7.49972
-0.172365,-0.0239727,7.52901
-0.045644,-0.0336105,7.53022
0.0135899,-0.0330206,7.51149
0.173269,-0.0262437,7.50265
-0.269676,0.0059904,7.49603
-0.0735364,0.0190059,7.51237
0.0750187,-0.00585041,7.51015
0.268728,-0.00994697,7.49866
-0.0156291,0.0413039,7.51406
0.134735,0.0224578,7.50363
0.210936,0.0208438,7.51686
0.265462,0.0500548,7.51547
-0.261058,0.0605434,7.52521
-0.197507,0.0961531,7.52399
0.0118473,0.0967869,7.50868
0.114655,0.0832547,7.5244
-0.117345,0.100891,7.50999
0.202697,0.106709,7.5312
-0.217109,0.158866,7.51188
0.103587,0.153234,7.52698
0.158975,0.140056,7.50191
0.218424,0.158119,7.49785
-0.120507,0.188927,7.51784
-0.0367227,0.205306,7.49843
0.0802566,0.208259,7.50961
0.166849,0.21194,7.49655
-0.0856977,0.238634,7.53277
-0.0427189,0.266676,7.49713
0.0178882,0.267799,7.51136
0.00632384,-0.26963,7.57109
0.0599537,-0.262545,7.54028
-0.125391,-0.238656,7.56424
0.115553,-0.243647,7.56092
-0.174643,-0.2056,7.54096
-0.0656976,-0.214459,7.55344
0.0386797,-0.205518,7.55474
0.164955,-0.209362,7.54443
-0.231107,-0.138657,7.56107
-0.0932929,-0.139309,7.54323
0.210998,-0.16726,7.54546
0.0523277,-0.129738,7.56866
0.108754,-0.116132,7.54553
0.244255,-0.113495,7.56282
-0.18055,-0.0830729,7.54635
-0.0488351,-0.0894289,7.55768
0.00799622,-0.0647971,7.56433
0.0777904,-0.0632234,7.53405
0.162222,-0.0951009,7.56934
0.206707,-0.0667811,7.53615
-0.267844,-0.032957,7.54476
-0.10088,-0.0564213,7.54757
0.126134,-0.024751,7.5433
0.264111,-0.0544577,7.56384
-0.22224,0.012115,7.5364
-0.120415,0.00242793,7.54879
-0.00236501,0.00140772,7.5607
0.0571272,-0.0156097,7.56914
0.185869,-0.0139091,7.56203
0.269333,0.00758867,7.56094
-0.1628,0.0459345,7.53497
0.036212,0.0485074,7.54671
0.099933,0.0305158,7.55433
0.167581,0.0568853,7.5434
-0.219269,0.062914,7.57214
-0.137759,0.0920674,7.56842
-0.0773007,0.0706446,7.54695
-0.0215963,0.0600293,7.57304
0.254294,0.0897153,7.56245
-0.241454,0.119891,7.56106
-0.0345464,0.115795,7.54546
0.0610955,0.106163,7.54516
0.150119,0.117755,7.56251
-0.156929,0.141482,7.536
-0.0913875,0.142826,7.54838
-0.0324584,0.173835,7.56769
0.0176737,0.150102,7.54039
-0.190023,0.19102,7.55832
0.0331047,0.209798,7.55058
0.137639,0.177822,7.57281
0.193725,0.187335,7.54711
-0.141149,0.229893,7.56022
-0.0224281,0.238394,7.5489
0.128102,0.235479,7.53923
0.0708852,0.25979,7.54318
-0.0648732,-0.261596,7.59434
-0.0197231,-0.218538,7.59567
0.0423111,-0.235697,7.60929
0.150728,-0.223308,7.60794
-0.166009,-0.212175,7.60318
-0.109681,-0.182109,7.58571
0.0941935,-0.187606,7.57712
0.198044,-0.18313,7.60439
-0.165147,-0.153487,7.58247
-0.056909,-0.139835,7.59325
-0.000356442,-0.162285,7.57706
0.150219,-0.156264,7.57391
-0.130174,-0.102552,7.57661
-0.00547071,-0.108027,7.60706
0.102697,-0.131232,7.60586
0.202772,-0.121612,7.60849
-0.255245,-0.0862769,7.58511
-0.193704,-0.0952166,7.60583
-0.081874,-0.081471,7.60997
0.0625714,-0.0730323,7.59317
0.205454,-0.0605357,7.59801
-0.26789,-0.0291728,7.60712
-0.213646,-0.0383367,7.57334
-0.149999,-0.0439695,7.58374
-0.0405929,-0.0383123,7.59278
0.122178,-0.0558709,7.59658
-0.178339,0.0112857,7.58441
-0.101082,-0.0180945,7.61196
-0.0653531,0.0158016,7.574
0.137927,0.00440766,7.59708
-0.268413,0.024563,7.57562
-0.124839,0.0388362,7.59844
0.0612685,0.0383848,7.60207
0.21675,0.0382326,7.57646
-0.0883945,0.0876421,7.60578
0.102827,0.0842634,7.58537
0.161154,0.0719648,7.60338
-0.187873,0.136472,7.58987
-0.0312297,0.111147,7.60739
0.0290756,0.119514,7.59669
-0.137322,0.172822,7.58549
0.0671803,0.164013,7.57625
0.227293,0.144093,7.57725
-0.0839118,0.203424,7.58493
0.186685,0.194284,7.60861
-0.0237798,0.220255,7.60815
0.137252,0.233146,7.60085
-0.0646937,0.261758,7.58855
0.0219471,0.268429,7.58086
0.0792879,0.25613,7.60492
-0.0111045,-0.269449,7.63085
-0.115776,-0.243488,7.62568
0.09919,-0.25052,7.63048
-0.0481536,-0.182185,7.63773
0.109794,-0.186568,7.63706
-0.209099,-0.170657,7.62279
0.05319,-0.166926,7.61931
0.158734,-0.148556,7.64342
-0.241657,-0.119436,7.63752
-0.168764,-0.131643,7.64984
-0.110976,-0.133908,7.62634
-0.139331,-0.0789642,7.63426
0.0411026,-0.0964228,7.64619
0.0996646,-0.0768238,7.65057
0.159259,-0.0865772,7.6356
0.254824,-0.0891442,7.62217
-0.189114,-0.0302476,7.62992
0.0198395,-0.0341178,7.6168
0.140062,-0.0292388,7.65021
0.2546,-0.0200039,7.61501
-0.227297,0.0180459,7.62164
-0.0217852,0.0152136,7.61807
0.0848934,-0.0146018,7.62503
0.194532,-0.00485352,7.62307
-0.161802,0.0231281,7.64568
0.113125,0.0473817,7.63413
0.210461,0.0538238,7.63638
0.266679,0.0416322,7.61321
-0.260495,0.0694039,7.63277
-0.175896,0.0752513,7.6149
-0.0472902,0.0648764,7.64563
0.0114123,0.0669445,7.62531
0.0677674,0.090095,7.6363
-0.238047,0.127138,7.62548
-0.136495,0.123001,7.62255
0.104914,0.136684,7.61898
0.166958,0.13157,7.62091
0.250253,0.100518,7.62615
-0.0803336,0.148733,7.61467
-0.0109718,0.164557,7.63201
0.0497939,0.156798,7.64213
0.220919,0.154189,7.64182
-0.180667,0.200309,7.62062
-0.128129,0.179711,7.64662
-0.0697375,0.201327,7.64593
0.0925229,0.197281,7.62214
-0.121326,0.240524,7.61853
0.0343143,0.216825,7.62959
-0.0603031,0.262397,7.65114
0.000630768,0.269577,7.63949
-0.0662153,-0.26126,7.65902
0.0412681,-0.265007,7.66443
-0.128375,-0.237202,7.68683
0.144051,-0.227989,7.66973
-0.176334,-0.204364,7.66405
-0.107887,-0.189077,7.65334
0.00297495,-0.21344,7.65396
0.0618337,-0.205436,7.67192
-0.21666,-0.160381,7.68384
0.00368991,-0.151045,7.65376
0.0831358,-0.138113,7.66605
0.219331,-0.156936,7.65689
-0.103998,-0.105161,7.68093
-0.050844,-0.120844,7.6524
0.188136,-0.111633,7.68431
0.249585,-0.102268,7.68319
-0.262606,-0.0611456,7.66031
-0.203346,-0.0789869,7.66523
-0.0181149,-0.0676843,7.65286
-0.141702,-0.0294641,7.67193
-0.0739578,-0.0417772,7.66266
0.0534825,-0.0409841,7.67208
0.218301,-0.0544039,7.65869
-0.269664,0.000954859,7.66385
-0.205248,-0.00163668,7.68305
-0.0215563,-0.00939524,7.67499
0.0338777,0.0145963,7.65228
0.100921,0.00845881,7.68085
0.269498,0.000717319,7.67196
-0.208822,0.0581388,7.66521
-0.104207,0.0430674,7.6576
-0.00149306,0.0532957,7.68517
0.162213,0.0268647,7.66551
0.095198,0.0709372,7.68876
0.150116,0.0882066,7.66266
0.262753,0.0628851,7.67951
-0.243463,0.11523,7.68656
-0.18206,0.113732,7.66352
-0.0912313,0.110666,7.66368
-0.00576797,0.11166,7.6643
0.228598,0.114241,7.68875
-0.210308,0.168745,7.66546
-0.0488222,0.152922,7.68117
0.102153,0.164979,7.6746
-0.168014,0.210942,7.68322
-0.0135954,0.214959,7.66907
0.0569159,0.206094,7.68681
0.146114,0.204271,7.65485
-0.115224,0.244006,7.68537
0.0581154,0.263428,7.66319
-0.0793906,-0.257236,7.72
-0.0140356,-0.269027,7.69327
0.0138862,-0.215668,7.71543
0.0935268,-0.253051,7.69629
-0.0462467,-0.212505,7.69225
0.187208,-0.192277,7.69718
-0.147638,-0.162506,7.69956
-0.0853911,-0.160258,7.70333
-0.0236926,-0.157635,7.71058
0.0384369,-0.158079,7.70518
0.124444,-0.175056,7.69612
0.225522,-0.147824,7.71836
-0.24684,-0.10785,7.69882
0.00625939,-0.105331,7.69619
0.127567,-0.106958,7.697
-0.157185,-0.085348,7.70552
-0.0508919,-0.0826029,7.70372
0.0640659,-0.0882576,7.71143
-0.232294,-0.0489116,7.71354
-0.16728,-0.0270388,7.72885
-0.104601,-0.0534309,7.7158
-0.0016894,-0.047933,7.71958
0.110774,-0.0476359,7.70579
0.172513,-0.054311,7.70105
0.252871,-0.0459416,7.71006
-0.269789,0.00378834,7.72607
-0.0828478,0.00531149,7.70243
0.1489,-0.000237283,7.71978
0.20874,-0.00415097,7.6939
-0.263791,0.0566016,7.69375
-0.19901,0.0443028,7.72495
-0.143064,0.0252646,7.70472
0.0513156,0.0322504,7.7094
0.204851,0.0575731,7.69775
0.268296,0.0256515,7.72916
-0.137644,0.0871058,7.69823
-0.0521246,0.0842425,7.70454
0.148136,0.0626166,7.71982
-0.194482,0.106411,7.72423
-0.0975744,0.128663,7.72312
0.00470995,0.100551,7.72466
0.0538613,0.117432,7.69032
0.108661,0.123292,7.71995
0.170184,0.123704,7.70937
-0.149702,0.153306,7.69892
0.0118873,0.163588,7.69313
0.208255,0.171817,7.70037
-0.200897,0.17975,7.72625
-0.0972324,0.186691,7.70004
0.00328521,0.214169,7.72866
0.148354,0.182282,7.71278
-0.0576344,0.235937,7.70751
0.121692,0.240113,7.69983
-0.00548797,0.269696,7.70162
0.067941,0.259927,7.7248
-0.0275217,-0.264439,7.75411
0.0458732,-0.265771,7.73467
-0.145873,-0.226821,7.7458
0.139224,-0.229754,7.732
-0.193284,-0.187798,7.73479
-0.0734066,-0.202131,7.74753
0.033493,-0.181488,7.76391
0.0814645,-0.203208,7.73118
0.126599,-0.179138,7.76671
0.188461,-0.192748,7.76016
0.0903281,-0.139915,7.73451
0.164063,-0.143537,7.73179
-0.24884,-0.103782,7.76088
-0.1968,-0.125521,7.73168
-0.120415,-0.127027,7.74236
0.0124707,-0.123736,7.75486
-0.201535,-0.063953,7.7658
-0.140102,-0.0720253,7.7635
-0.0738588,-0.0904308,7.76105
0.1359,-0.0942983,7.75742
0.198181,-0.0928301,7.74299
0.256088,-0.0847674,7.76442
-0.266028,-0.0440436,7.76584
-0.0559881,-0.0321963,7.74836
0.0548772,-0.0253297,7.73221
0.106015,-0.0336601,7.76649
0.188907,-0.032964,7.75737
0.268203,-0.0237067,7.76703
-0.217494,-0.00454403,7.75848
-0.116667,-0.000834068,7.75446
-0.0982874,0.0560347,7.73536
-0.0285326,0.0198782,7.7295
0.0194958,0.0461658,7.76084
0.101678,0.0307576,7.74581
0.209653,0.0252656,7.75059
-0.260789,0.0675928,7.75487
-0.156134,0.0727121,7.76028
0.0663012,0.0834045,7.74275
0.19569,0.0862147,7.7521
0.255811,0.0862082,7.73727
-0.0462995,0.117187,7.75702
-0.230919,0.139038,7.76295
-0.15556,0.139951,7.75939
0.00342591,0.154888,7.75423
0.060765,0.163148,7.73171
0.147765,0.145802,7.76314
0.21777,0.153094,7.75917
-0.143283,0.200697,7.73965
-0.0498647,0.183358,7.73982
0.107379,0.194663,7.75769
0.173912,0.206541,7.76412
-0.104147,0.248865,7.74678
-0.0453322,0.265973,7.76082
0.0169969,0.268873,7.75988
-0.0987365,-0.250831,7.77908
0.00678982,-0.229469,7.79292
0.0689598,-0.228734,7.78679
0.132485,-0.234949,7.79391
-0.179699,-0.200902,7.7944
-0.121577,-0.182317,7.78164
-0.0548936,-0.209755,7.80661
-0.220115,-0.155324,7.78107
-0.0311588,-0.16408,7.77211
0.0672219,-0.137236,7.79215
0.17011,-0.143751,7.79393
0.230734,-0.139725,7.77983
-0.165202,-0.12487,7.78563
-0.104778,-0.126297,7.80251
-0.0158488,-0.0719457,7.77509
0.046548,-0.0742857,7.76962
0.0968693,-0.0837316,7.80466
0.201841,-0.0912583,7.80529
-0.163034,-0.0209226,7.79102
-0.0956046,-0.0428869,7.795
0.151964,-0.0545891,7.80275
-0.268965,0.015182,7.78791
-0.0499818,0.000303925,7.80134
0.00334682,-0.0128663,7.77169
0.0610129,0.00631115,7.7855
0.154091,0.0189576,7.77849
0.221406,-0.00538475,7.8037
-0.209797,0.0507897,7.78609
-0.0966692,0.0411536,7.79579
-0.0393209,0.0573819,7.77783
0.20641,0.0552489,7.80492
0.265471,0.0501143,7.78729
0.123464,0.0890371,7.76943
-0.188618,0.10757,7.80123
-0.103442,0.100684,7.77859
0.0238417,0.103825,7.78381
0.0797657,0.13139,7.78167
0.179517,0.11288,7.80543
0.245855,0.109756,7.7943
-0.0998313,0.162729,7.77561
-0.0400216,0.163808,7.79788
-0.185721,0.194969,7.78494
-0.137287,0.232462,7.79712
-0.071259,0.21643,7.78806
-0.0090047,0.218238,7.78953
0.0502818,0.216964,7.76904
0.103091,0.249535,7.78631
-0.0356312,-0.267648,7.8174
0.026899,-0.267992,7.83781
0.0879589,-0.254948,7.84022
-0.100932,-0.250152,7.84194
-0.102246,-0.188124,7.8406
0.0546092,-0.202424,7.84422
0.112113,-0.185623,7.82694
0.179367,-0.201233,7.82112
-0.218572,-0.157741,7.84327
-0.156471,-0.15777,7.83791
0.00870543,-0.168306,7.81965
0.21764,-0.155263,7.83869
-0.215776,-0.101359,7.8135
-0.0437064,-0.115764,7.80913
0.0177767,-0.106734,7.81458
0.137208,-0.116251,7.83902
0.249528,-0.101832,7.84434
-0.26249,-0.0610009,7.82573
-0.159309,-0.0747861,7.82255
-0.100888,-0.0803736,7.84398
-0.0447671,-0.0559157,7.82795
0.0343417,-0.038655,7.81894
0.102696,-0.0264147,7.8284
0.266214,-0.0445383,7.82584
-0.214284,-0.00123809,7.8205
-0.100955,-0.00142165,7.84092
0.0617087,0.0167029,7.84658
0.167928,-0.00418799,7.83545
0.269112,0.0162286,7.83954
-0.155906,0.03804,7.81424
0.00582436,0.0559345,7.82103
0.0890142,0.0568233,7.80866
0.149482,0.0545354,7.82905
-0.201775,0.0660623,7.84593
-0.135062,0.0939551,7.83193
-0.0778297,0.0733053,7.84561
0.258127,0.0772698,7.84621
-0.250738,0.0992161,7.80763
-0.0870356,0.133739,7.82958
-0.0329935,0.105198,7.81684
0.0219169,0.111169,7.84544
0.121452,0.109376,7.82813
-0.217885,0.158018,7.82346
-0.150356,0.15331,7.81997
0.0290168,0.172502,7.8077
0.0736045,0.145795,7.84171
0.210769,0.168064,7.81943
-0.17089,0.208587,7.8441
-0.104765,0.193329,7.83522
0.0804391,0.204104,7.82169
0.13863,0.184892,7.8106
-0.0911901,0.25403,7.83333
-0.0438193,0.215218,7.84407
0.128798,0.237251,7.84242
-0.0187762,0.268724,7.82452
0.0479771,0.260785,7.81354
-0.0517923,-0.264829,7.87731
-0.155242,-0.22009,7.84854
-0.0128348,-0.220494,7.85157
0.141297,-0.229883,7.86106
0.189765,-0.191017,7.88188
-0.0984247,-0.137043,7.87553
-0.044951,-0.16169,7.85094
0.128981,-0.161139,7.88169
-0.247067,-0.107572,7.86705
-0.185331,-0.110703,7.86694
-0.0476125,-0.102374,7.86966
0.00703602,-0.132258,7.87043
0.0795926,-0.135657,7.85314
-0.148628,-0.0633747,7.88274
0.00441368,-0.0703168,7.86313
0.0661684,-0.0748999,7.8582
-0.207934,-0.0528824,7.85509
0.149231,-0.0553699,7.86518
0.209112,-0.0485845,7.84975
-0.269631,-0.00247589,7.84909
-0.219067,0.016787,7.87989
-0.161612,-0.0105909,7.85262
-0.0106887,-0.00801335,7.84906
0.120095,0.0172837,7.86927
-0.127328,0.0459421,7.87188
-0.0569554,0.0234996,7.87714
0.0149611,0.0390945,7.88062
0.203948,0.0375706,7.86452
-0.263017,0.0592573,7.85591
0.0752744,0.0844425,7.86246
-0.241782,0.119235,7.86598
-0.179366,0.120305,7.86667
-0.0421956,0.11315,7.878
0.202148,0.0998881,7.86195
-0.206762,0.173382,7.88389
-0.134938,0.162066,7.87965
-0.0677852,0.170337,7.88009
-0.0120835,0.162658,7.85296
0.162807,0.147679,7.85391
0.110609,0.186213,7.87306
0.174968,0.205733,7.8717
-0.128529,0.236881,7.88041
0.0195881,0.21642,7.85084
0.0731991,0.241113,7.87126
-0.0544841,0.263803,7.88295
0.00770342,0.26964,7.88099
-0.00770821,-0.269766,7.92088
-0.117912,-0.242172,7.90154
0.0323858,-0.229459,7.89582
0.0940613,-0.235036,7.9011
0.152877,-0.221705,7.92193
-0.191407,-0.189705,7.88934
-0.117007,-0.181465,7.91497
-0.0659771,-0.205718,7.8891
-0.00913857,-0.183497,7.9018
0.0710319,-0.176977,7.89887
-0.217744,-0.138157,7.91283
0.227656,-0.144426,7.89918
-0.14411,-0.117875,7.91267
-0.0287595,-0.128429,7.92344
0.0547229,-0.117315,7.90746
0.173969,-0.114472,7.88913
-0.209209,-0.0759802,7.91311
-0.0929554,-0.0791689,7.90508
0.0183563,-0.0693134,7.9236
0.112627,-0.0969009,7.89291
0.226419,-0.0821998,7.89924
-0.265086,-0.0516162,7.88733
-0.0499753,-0.0376641,7.88719
0.0371458,-0.0233483,7.88627
0.0978803,-0.0352421,7.89435
-0.178733,-0.0175583,7.91232
-0.108863,-0.0188912,7.90026
0.17657,-0.00914608,7.89714
0.238334,-0.00898746,7.8876
-0.267429,0.031561,7.91636
-0.1701,0.0440462,7.9172
0.0728844,0.0383554,7.90408
0.265893,0.045542,7.8995
-0.222821,0.0740567,7.9041
-0.0803781,0.0726262,7.90764
0.01166,0.0961306,7.90491
0.143731,0.0717608,7.8883
0.199252,0.0693711,7.91779
-0.0972963,0.131598,7.91908
0.070756,0.0977767,7.9232
0.113408,0.126144,7.88783
0.171153,0.124058,7.91028
0.248136,0.105215,7.9037
-0.0150513,0.15654,7.91394
0.0429395,0.1627,7.89241
0.21726,0.160018,7.89119
-0.16964,0.209597,7.91875
-0.105443,0.19633,7.92252
-0.0448348,0.210498,7.92253
0.0773618,0.205225,7.92223
0.0164131,0.215041,7.91318
0.131336,0.23568,7.90456
0.0482092,-0.26555,7.94771
-0.0637437,-0.247097,7.93568
-0.00722293,-0.215778,7.95514
0.106412,-0.247937,7.96074
-0.16508,-0.211819,7.94131
-0.0620687,-0.18633,7.94958
0.061686,-0.205075,7.95356
-0.147879,-0.155257,7.962
0.023143,-0.154341,7.94667
0.104949,-0.139686,7.93666
0.164139,-0.15866,7.93305
0.220313,-0.155027,7.96005
-0.0890856,-0.131022,7.93951
0.18763,-0.103188,7.94893
0.250166,-0.100445,7.95408
-0.252322,-0.0954174,7.95394
-0.15612,-0.0658878,7.94449
-0.0420928,-0.0697814,7.93982
0.0817391,-0.0726667,7.94152
-0.239593,-0.0209761,7.93487
0.146434,-0.0561273,7.92756
0.20551,-0.0438091,7.94352
0.266213,-0.0446107,7.93028
-0.0617875,-0.0043664,7.9385
0.000164302,-0.010704,7.93469
0.0636576,-0.0109734,7.94058
0.121558,0.00957384,7.93112
0.221087,0.0164921,7.94181
-0.218428,0.033895,7.95511
-0.11351,0.0300669,7.93839
-0.0263122,0.0455781,7.92664
0.0316536,0.0553659,7.94785
0.162536,0.0449823,7.96164
-0.257034,0.0826888,7.95532
-0.195626,0.0917661,7.95745
-0.134981,0.0884985,7.94376
0.129086,0.094369,7.94409
0.251143,0.0696303,7.95519
-0.232856,0.133444,7.926
-0.0383985,0.105363,7.93976
-0.169083,0.137903,7.92556
-0.0585121,0.161031,7.95809
0.0334074,0.140359,7.94937
0.116876,0.160348,7.93979
0.224113,0.145444,7.95118
-0.203747,0.176928,7.96006
0.174057,0.18322,7.92979
0.102564,0.249714,7.9577
-0.0791776,0.257862,7.94319
-0.00862741,0.269517,7.94123
0.0518684,0.264776,7.92478
-0.0651895,-0.261621,7.9962
-0.00416301,-0.269798,7.98618
-0.1173,-0.242787,7.96679
-0.106107,-0.188824,7.99433
0.119724,-0.188687,7.97164
0.180669,-0.20031,7.97616
-0.207749,-0.172303,7.96411
-0.0271082,-0.154236,7.9902
0.0709929,-0.153121,7.98684
-0.192925,-0.112057,7.96388
-0.106447,-0.127347,7.99937
-1.46614e-05,-0.100307,7.97397
-0.0983726,-0.0752528,7.96621
0.0741641,-0.0925495,8.00024
0.131834,-0.0931653,7.97563
0.184433,-0.0668028,7.99941
-0.247566,-0.0444202,7.99217
-0.19068,-0.0228211,7.97326
-0.125841,-0.0199062,7.97342
-0.0475102,-0.0346403,7.99087
0.0344162,-0.0486309,7.98045
0.103814,-0.0389733,7.98905
0.244326,-0.0509232,7.99177
-0.269526,0.0132643,7.98383
-0.0820816,0.0168913,7.99797
0.000500741,0.00466474,7.99495
0.0623189,0.00603733,7.9999
0.159341,-0.0157633,7.97392
0.211145,0.00481118,8.00212
0.269536,0.00465775,7.97904
-0.161034,0.0315806,7.97854
0.0934375,0.0503313,7.96941
-0.0807787,0.0723621,7.97004
-0.0214758,0.062157,7.98634
-0.235751,0.131315,7.98829
-0.165807,0.126776,7.99966
-0.104617,0.128548,7.98476
-0.0455611,0.117479,8.00033
0.0166379,0.11039,8.00077
0.0855863,0.122772,7.97843
0.244801,0.112804,7.99986
-0.142271,0.174721,7.96782
0.165614,0.136982,7.9709
-0.0892624,0.200911,7.99325
-0.00310068,0.187883,7.96638
0.0987258,0.195655,7.9879
0.198925,0.182201,7.99746
-0.132426,0.235752,7.9669
-0.0381395,0.236134,7.98494
0.0461054,0.225088,7.97241
0.154676,0.220551,7.97568
0.0126429,0.26957,8.00005
-0.162142,-0.215753,8.00355
-0.113932,-0.244223,8.03096
-0.0259883,-0.2212,8.02248
0.0507018,-0.249768,8.008
0.137712,-0.23252,8.01227
0.0258058,-0.192833,8.00298
0.0880238,-0.198447,8.02582
0.186249,-0.191782,8.03759
-0.217129,-0.159881,8.02454
-0.154949,-0.158048,8.02338
0.127013,-0.142886,8.01304
-0.230722,-0.0998149,8.01515
0.0231403,-0.133158,8.02075
0.181344,-0.119574,8.0325
0.23942,-0.12443,8.01086
-0.169411,-0.0717018,8.00507
-0.111035,-0.0720523,8.02652
-0.0537145,-0.0948318,8.00481
-0.20919,-0.0403151,8.04128
-0.00154993,-0.0467015,8.03117
0.150859,-0.0283148,8.03528
-0.215929,0.0157204,8.01516
-0.157752,-0.00888003,8.02578
-0.0404254,0.000934173,8.04146
0.268904,-0.0160224,8.03801
0.0282652,0.0533923,8.02242
0.131694,0.0263411,8.01242
0.26401,0.055362,8.01507
-0.254362,0.0793546,8.01753
-0.191907,0.0730082,8.01676
-0.129804,0.0764424,8.00773
-0.0721071,0.0704496,8.03174
0.144373,0.0875568,8.00362
0.203376,0.0667681,8.00296
0.0924594,0.0997871,8.03587
0.183975,0.128278,8.02968
-0.127609,0.166859,8.0284
-0.0121229,0.155905,8.0363
0.0476332,0.164443,8.00511
0.126366,0.148871,8.01789
-0.190143,0.180195,8.02086
-0.0486915,0.208149,8.03969
0.0110754,0.211772,8.02226
-0.147786,0.225542,8.02632
0.0820143,0.250865,8.01626
0.151975,0.221925,8.0379
-0.0863721,0.255581,8.02293
-0.0595623,-0.262749,8.05843
0.00402041,-0.269636,8.04812
0.0377817,-0.21674,8.05946
0.0912012,-0.253712,8.05508
0.144696,-0.227562,8.07385
-0.193506,-0.187685,8.07503
-0.131333,-0.182536,8.07599
-0.0771839,-0.197401,8.04879
-0.0608872,-0.137396,8.04963
-0.00928264,-0.171774,8.0566
0.0770224,-0.142458,8.05007
0.147496,-0.155706,8.07056
0.224996,-0.148464,8.06671
-0.238827,-0.125353,8.07187
-0.181625,-0.110036,8.05244
-0.120879,-0.12289,8.06057
-0.00925488,-0.100051,8.0619
-0.260874,-0.0682215,8.06053
-0.0582814,-0.0621758,8.05772
0.0772189,-0.0815188,8.06148
0.139308,-0.0837652,8.06145
0.25848,-0.07705,8.04654
-0.154745,-0.0553942,8.0673
0.090202,-0.0223501,8.04743
0.210879,-0.0375646,8.04775
-0.269272,-0.00907246,8.04219
-0.0999988,-0.0155043,8.04822
0.0326654,-2.52908e-05,8.05406
-0.265167,0.0501759,8.07154
-0.182058,0.0337409,8.0642
-0.120628,0.0418075,8.05866
0.0827621,0.0395479,8.04843
0.190742,0.0331773,8.05382
0.249881,0.0531104,8.07588
-0.213516,0.0866529,8.07369
-0.0170533,0.0956091,8.05075
0.137902,0.0651994,8.06101
0.191766,0.090395,8.07851
-0.142216,0.112992,8.05611
-0.0824299,0.129473,8.049
0.0408774,0.128491,8.05541
0.140259,0.125819,8.074
0.238371,0.126712,8.06005
-0.229637,0.141489,8.04954
0.0530884,0.189345,8.06271
0.114865,0.18273,8.06938
0.196115,0.183561,8.05983
-0.115809,0.243321,8.07696
0.0392429,0.251319,8.06159
0.106995,0.247477,8.07297
-0.0296151,0.267802,8.04605
0.0417608,-0.26637,8.0978
-0.160774,-0.216166,8.11989
-0.112095,-0.244967,8.09336
-0.0179765,-0.22545,8.08645
0.0901728,-0.202344,8.09035
0.188856,-0.192124,8.09988
-0.104342,-0.143285,8.11641
-0.0526614,-0.17471,8.10119
0.0453349,-0.160248,8.10041
-0.164751,-0.130027,8.10897
-0.0512142,-0.112677,8.10595
0.017439,-0.104295,8.11771
0.101583,-0.133993,8.1068
0.188816,-0.104934,8.09271
0.250297,-0.10024,8.10363
-0.208483,-0.0778524,8.09856
-0.104223,-0.075926,8.09736
-0.252409,-0.0339214,8.1119
-0.0171957,-0.0291702,8.0905
0.0424542,-0.0456718,8.09832
0.105399,-0.0447746,8.10331
0.167841,-0.0410866,8.09678
0.266723,-0.0404653,8.09639
-0.194017,-0.0174371,8.09736
-0.144397,0.0162827,8.11401
-0.0837651,0.00693633,8.10394
0.0723532,0.00901538,8.10126
0.131828,0.00764458,8.08271
0.219027,-0.000794517,8.09727
-0.220414,0.0387909,8.11286
-0.0423647,0.048011,8.08164
0.00989564,0.0245213,8.10592
-0.158756,0.0760629,8.10342
-0.0985136,0.0883559,8.0929
0.0239302,0.084454,8.09594
-0.235613,0.132109,8.11103
-0.0402672,0.104838,8.10752
0.0835877,0.102368,8.09748
0.24943,0.102418,8.11633
-0.180869,0.149823,8.0872
-0.120579,0.171748,8.09011
-0.0581625,0.171027,8.08867
0.000492818,0.150776,8.09715
0.0585748,0.155079,8.11951
0.219149,0.156867,8.11134
-0.168801,0.210549,8.08299
-0.00388417,0.211187,8.08278
-0.0575042,0.238881,8.09899
0.160185,0.216953,8.0995
-0.00340103,0.26989,8.10308
0.0581734,0.263062,8.11997
-0.0755531,-0.258876,8.14259
-0.0152527,-0.269314,8.13023
0.0937988,-0.25259,8.12952
-0.0968815,-0.201629,8.13559
-0.034217,-0.212562,8.14706
0.027342,-0.213469,8.12778
0.0848067,-0.179126,8.14797
0.137833,-0.208368,8.13266
-0.219523,-0.1564,8.12235
-0.00442317,-0.159055,8.13726
0.156795,-0.148967,8.1319
0.22407,-0.150358,8.12944
-0.248871,-0.103854,8.13828
-0.0897938,-0.100556,8.15878
0.193468,-0.103979,8.15482
0.0737401,-0.0867288,8.13651
0.137746,-0.089567,8.13158
-0.151925,-0.0521424,8.1293
-0.0561641,-0.0560895,8.13104
0.00296173,-0.0472128,8.14624
0.0695719,-0.0266464,8.15181
0.13804,-0.0317243,8.15486
0.217412,-0.0512874,8.133
-0.26938,0.0162217,8.14487
-0.212727,-0.00533389,8.15559
-0.0406261,0.00175406,8.14836
-0.177641,0.045912,8.15753
-0.0677233,0.0574274,8.13731
0.0545871,0.0538634,8.14044
0.159402,0.0256614,8.14426
0.211515,0.0539798,8.12519
0.268475,0.0236742,8.12776
-0.257018,0.0812769,8.14038
-0.120525,0.0870103,8.1513
-0.00577282,0.0673002,8.14788
0.135693,0.0785178,8.12177
-0.192777,0.105183,8.14672
-0.0889904,0.136625,8.13071
0.0132535,0.126143,8.15307
0.1086,0.12377,8.15483
0.18742,0.109886,8.1372
-0.14114,0.16588,8.14876
-0.0355332,0.164213,8.14618
0.146473,0.16189,8.124
-0.202141,0.178469,8.13817
-0.0866826,0.198715,8.13744
0.0675542,0.207759,8.15162
-0.139777,0.231047,8.13404
0.00769446,0.223162,8.14276
0.115733,0.243375,8.13429
-0.0339993,0.267526,8.15741
-0.0352912,-0.267536,8.18932
0.0375786,-0.267,8.16328
-0.134422,-0.234094,8.17355
-0.0765187,-0.220136,8.19215
0.0788144,-0.227049,8.1876
0.141036,-0.230378,8.19077
-0.192245,-0.18957,8.16738
0.00261047,-0.214293,8.1973
0.18922,-0.191615,8.16404
-0.228935,-0.141942,8.18346
-0.136159,-0.16396,8.16562
-0.0620706,-0.156411,8.16048
0.162857,-0.14084,8.19445
0.229896,-0.140587,8.19078
-0.151899,-0.103757,8.16416
-0.0258259,-0.105478,8.1626
0.0452655,-0.134306,8.16574
0.106801,-0.125717,8.17174
-0.204107,-0.0667143,8.15984
0.0385157,-0.0761763,8.18699
0.099553,-0.0662869,8.18946
0.161015,-0.0727848,8.19664
0.254641,-0.089574,8.16495
-0.26658,-0.0397718,8.17241
-0.160689,-0.0229837,8.18329
-0.102543,-0.0374014,8.16749
0.218763,-0.0489842,8.19529
0.267796,-0.0286712,8.16189
0.018591,0.00940844,8.16555
0.214863,0.00415167,8.16271
-0.0991759,0.0234772,8.17885
-0.0425461,0.045502,8.1928
0.0988705,0.0243776,8.17274
0.268518,0.0259929,8.19173
0.0716795,0.0879359,8.18936
0.196318,0.0695999,8.18373
0.256102,0.0848607,8.17572
-0.152899,0.121895,8.1915
-0.0481765,0.107612,8.16894
-0.228797,0.142428,8.18145
-0.0822865,0.161379,8.18744
0.0611158,0.153249,8.18193
0.16095,0.143375,8.18167
0.22596,0.146253,8.17253
-0.17109,0.208499,8.18315
-0.0470697,0.212487,8.18366
0.00636053,0.181336,8.18867
0.124788,0.196717,8.17408
0.187454,0.194165,8.15973
-0.0932929,0.252276,8.16986
0.093805,0.252958,8.19184
0.0342343,0.267518,8.17762
0.0171971,-0.268953,8.22286
-0.18734,-0.193847,8.22906
-0.125725,-0.193453,8.21966
-0.0540363,-0.176417,8.23071
0.0504093,-0.176713,8.2112
0.112456,-0.177352,8.20554
0.199308,-0.182104,8.2257
-0.0982575,-0.138849,8.20797
-0.00587781,-0.152661,8.19903
-0.192454,-0.0997869,8.21136
0.0605622,-0.117518,8.22761
0.121862,-0.107903,8.22968
-0.254126,-0.0901367,8.20715
-0.117547,-0.0798961,8.21049
-0.0576808,-0.066665,8.19959
-0.00771983,-0.0956659,8.22337
0.249064,-0.0934536,8.22708
-0.217821,-0.0334788,8.21089
-0.0094292,-0.0282312,8.20729
0.173653,-0.0209058,8.22756
-0.269688,0.00740991,8.21326
-0.127611,0.000376242,8.23017
-0.0667814,-0.00887388,8.22127
0.0516907,-0.019293,8.21076
0.112748,-0.0137609,8.22006
-0.190365,0.0223762,8.21396
-0.0880046,0.0482176,8.23502
0.0366479,0.0429932,8.2139
0.096092,0.0449832,8.23228
0.151143,0.0329742,8.20565
0.215104,0.0241389,8.2219
-0.260589,0.0680719,8.20135
-0.199597,0.0835008,8.2067
-0.140697,0.0620287,8.20446
0.132417,0.09235,8.20328
-0.243046,0.116764,8.23636
-0.0954691,0.104431,8.20887
-0.0389578,0.128398,8.22676
0.0157323,0.101832,8.21308
0.224372,0.109697,8.22317
-0.191783,0.16723,8.22527
-0.129354,0.166379,8.22805
0.111998,0.154384,8.21752
0.211058,0.168723,8.2373
0.0569619,0.207561,8.21312
0.168172,0.210964,8.21675
0.00144928,0.235344,8.21989
-0.0536978,0.26437,8.21659
-0.154444,-0.220845,8.27444
-0.10508,-0.248279,8.24134
-0.0436941,-0.236663,8.24263
0.0452212,-0.222595,8.25303
0.101893,-0.249472,8.24108
0.156228,-0.219846,8.25022
-0.00747921,-0.193294,8.26869
0.0977094,-0.19129,8.26436
-0.220828,-0.143831,8.24536
-0.163851,-0.153106,8.26936
-0.102263,-0.160007,8.26655
0.0446034,-0.159213,8.27102
0.149036,-0.158498,8.25248
0.228348,-0.143398,8.26514
-0.25114,-0.0985326,8.27566
-0.126935,-0.102785,8.26763
-0.0648464,-0.111997,8.2529
0.188593,-0.0998391,8.24548
-0.188792,-0.0963184,8.27343
0.0833673,-0.0601986,8.24944
0.143622,-0.0608408,8.26403
-0.266309,-0.0448656,8.24819
-0.211645,-0.0296656,8.2729
-0.164584,-0.0509273,8.23839
-0.101305,-0.0460591,8.26261
-0.0397124,-0.055374,8.25803
0.0222349,-0.0514939,8.25581
0.224971,-0.0408497,8.25673
0.0541249,0.0116108,8.26471
0.165921,0.0179068,8.27529
0.269607,0.00200665,8.25014
-0.216502,0.0322072,8.27378
-0.157213,0.0452373,8.26159
-0.0146858,0.022726,8.24309
-0.198696,0.0920193,8.27223
-0.0505268,0.0843153,8.26928
0.0416901,0.0724152,8.26821
0.181372,0.0704647,8.24528
0.261869,0.0632974,8.24142
-0.14173,0.104124,8.25031
-0.0891132,0.134501,8.26308
0.0010763,0.119193,8.27365
0.0891339,0.105224,8.24631
0.163617,0.13007,8.24208
0.0419093,0.15381,8.24139
-0.0744851,0.194125,8.23999
-0.0138104,0.181484,8.24734
0.0329213,0.213615,8.27303
0.0892025,0.189636,8.26307
-0.152327,0.222494,8.24091
-0.0985251,0.24905,8.25721
0.116951,0.242987,8.24889
0.0534065,0.264194,8.23907
-0.0658397,-0.261461,8.29537
-0.00551385,-0.268514,8.28093
0.0644061,-0.26143,8.29784
0.123067,-0.239681,8.29901
-0.194972,-0.186353,8.31179
-0.100418,-0.21026,8.3032
0.192711,-0.188344,8.28974
-0.0554005,-0.146603,8.30487
0.13559,-0.175318,8.31142
-0.0109734,-0.108525,8.28403
0.0504243,-0.0983292,8.28603
0.128766,-0.115107,8.2912
0.183581,-0.132228,8.31518
-0.0631719,-0.0836529,8.30845
0.10633,-0.0621169,8.31385
0.224487,-0.0893286,8.29579
-0.156656,-0.041615,8.29923
-0.00636527,-0.0541224,8.3137
0.0517878,-0.0330175,8.30789
0.209321,-0.0200649,8.31345
0.266393,-0.0429001,8.30345
-0.269715,0.00347925,8.28831
-0.118263,0.00680106,8.2913
-0.0571585,-0.00300316,8.28516
0.00294887,0.00563345,8.29983
0.110255,-0.00891748,8.28207
0.0935744,0.0497983,8.29444
0.225904,0.0322083,8.28286
-0.258482,0.0771502,8.28188
-0.106932,0.0682396,8.29059
-0.0049677,0.0673494,8.30816
0.137335,0.09251,8.28313
0.195775,0.08363,8.30438
0.257863,0.0788797,8.30859
0.0588624,0.127039,8.29569
0.235927,0.130536,8.28087
-0.225056,0.148161,8.28729
-0.156118,0.14228,8.29691
-0.0423406,0.157183,8.29672
0.117528,0.149144,8.30026
0.177517,0.1423,8.31526
-0.184938,0.196066,8.28697
-0.118404,0.191172,8.28435
0.183634,0.197147,8.28527
-0.0213323,0.215076,8.3033
0.0767369,0.251865,8.29571
0.128193,0.217756,8.30473
-0.0425246,0.266832,8.27786
0.0168442,0.269032,8.29647
-0.02337,-0.268383,8.34073
-0.151208,-0.222985,8.33715
0.0179662,-0.226295,8.32047
-0.0407336,-0.205429,8.32003
0.0762937,-0.204744,8.32102
0.203029,-0.177564,8.35305
-0.232255,-0.137195,8.32062
-0.112373,-0.146733,8.33012
0.00424901,-0.15795,8.3186
0.06397,-0.142609,8.32798
-0.170889,-0.126363,8.3251
-0.0200149,-0.103369,8.34891
0.113079,-0.111751,8.35102
0.2385,-0.126134,8.34431
-0.209048,-0.0773726,8.329
-0.122577,-0.0852488,8.32722
0.0573316,-0.083283,8.34607
0.168571,-0.0719192,8.31974
0.220493,-0.0666103,8.35361
-0.26501,-0.052512,8.31555
-0.0897925,-0.0319212,8.33116
-0.218163,-0.0159691,8.3332
0.14978,-0.0130155,8.33014
0.269127,0.0157525,8.32478
-0.267552,0.0296539,8.34501
-0.172621,0.0229645,8.31721
-0.111995,0.0230359,8.35091
-0.060276,0.0443894,8.32448
0.0521998,0.0240514,8.33308
0.147648,0.0490772,8.32586
0.214933,0.0397817,8.34447
-0.218356,0.0639806,8.32758
-0.159479,0.0835522,8.31976
-0.104929,0.0850705,8.3506
0.0690392,0.0847773,8.33995
-0.0497659,0.105182,8.32931
0.0129064,0.109957,8.34949
0.127753,0.105394,8.34302
0.232934,0.136165,8.34298
-0.230882,0.138994,8.34883
-0.100173,0.14157,8.32442
0.0179104,0.1688,8.31624
-0.187663,0.18408,8.3482
-0.0726482,0.196922,8.33327
0.0762286,0.189256,8.32414
0.185062,0.196244,8.34746
-0.146352,0.226314,8.32781
0.0283108,0.225723,8.33974
-0.0894288,0.254614,8.31866
-0.0290395,0.26742,8.33887
-0.0820174,-0.25647,8.3586
0.0351163,-0.267352,8.36433
-0.011289,-0.215113,8.37447
0.101771,-0.249659,8.35664
-0.0909036,-0.195158,8.36284
0.0585887,-0.211695,8.38037
0.151576,-0.212228,8.35935
-0.170857,-0.172108,8.36766
-0.0391619,-0.160604,8.36336
0.0214535,-0.162225,8.37802
0.104439,-0.171658,8.36545
-0.207331,-0.121969,8.37552
-0.146718,-0.107719,8.38001
-0.0904292,-0.134365,8.38714
0.0680243,-0.123669,8.39251
0.176185,-0.106807,8.37165
-0.256405,-0.0840646,8.36866
-0.0892253,-0.0729521,8.37826
-0.26852,-0.0234623,8.37791
-0.206443,-0.0494272,8.38459
-0.156075,-0.0206978,8.35776
-0.0381,-0.0399687,8.36534
0.0228454,-0.0268626,8.36283
0.0891191,-0.0204539,8.35638
0.136593,-0.0577982,8.37132
0.267099,-0.0363176,8.38192
0.210825,-0.0111253,8.38039
-0.213968,0.0261042,8.37848
-0.00504429,0.0289111,8.35694
0.0436513,0.0533482,8.38734
0.101939,0.0396454,8.36715
0.160581,0.0245822,8.38115
0.267475,0.0259496,8.38639
-0.255387,0.0866382,8.37247
-0.184222,0.0807784,8.37688
-0.0482133,0.0692856,8.38013
0.185052,0.0930577,8.36504
0.255905,0.0852117,8.37066
-0.154387,0.131842,8.35806
-0.079092,0.13207,8.38252
0.085097,0.121328,8.38802
-0.0276535,0.156554,8.35687
0.0381775,0.160787,8.37475
0.158333,0.148323,8.37581
-0.119058,0.18091,8.37114
-0.00506985,0.214883,8.39126
0.104678,0.179944,8.37879
-0.111755,0.245279,8.37628
0.136757,0.231746,8.3649
0.0254569,0.268444,8.38513
0.0802933,0.256974,8.3577
-0.0245088,-0.268545,8.40316
0.0822354,-0.25712,8.41542
-0.12945,-0.236605,8.39408
-0.0693773,-0.226223,8.41254
-0.175856,-0.204463,8.42089
-0.112999,-0.182165,8.41961
0.103513,-0.197715,8.42177
0.163524,-0.214636,8.42114
-0.21816,-0.158396,8.42498
-0.0361005,-0.17449,8.42386
0.153382,-0.156834,8.40118
0.225946,-0.146878,8.40224
-0.0399488,-0.104284,8.40805
0.0108393,-0.134586,8.43251
0.123738,-0.103262,8.41165
-0.249204,-0.0652452,8.42743
-0.193078,-0.0920772,8.42814
0.0184863,-0.0856652,8.39467
0.0775286,-0.0626678,8.40137
0.184727,-0.058932,8.41065
0.242206,-0.0870123,8.40814
-0.148192,-0.0528127,8.40975
-0.0539107,-0.0463663,8.43195
0.00650149,-0.0326578,8.42494
-0.189746,-0.0111042,8.43074
-0.0953318,-0.0142704,8.39796
-0.0369007,0.00773708,8.40536
0.0590378,-0.00352548,8.40798
0.120618,-0.0127057,8.41092
-0.267163,0.0365338,8.40785
-0.154485,0.0291065,8.3954
-0.0966897,0.0463902,8.41224
0.0964348,0.0416912,8.42898
0.213643,0.0548204,8.4051
-0.218537,0.0696364,8.42748
0.00111454,0.0948488,8.40863
0.132809,0.0828315,8.40018
-0.233505,0.136139,8.42658
-0.131632,0.0980393,8.40548
0.179827,0.115973,8.4245
0.244367,0.113368,8.42519
-0.176268,0.154911,8.41107
-0.00898189,0.158019,8.41592
0.124988,0.147914,8.42835
0.215553,0.161226,8.3974
-0.164382,0.214121,8.39777
-0.112607,0.201433,8.42953
-0.0624864,0.191784,8.39444
0.173895,0.206376,8.40794
0.0568742,0.215353,8.3978
0.100908,0.250563,8.42382
-0.0383941,0.266877,8.40065
-0.0705484,-0.26039,8.4656
0.0261621,-0.26832,8.43954
-0.127994,-0.237523,8.45653
-0.0196594,-0.228154,8.45029
0.119101,-0.241858,8.46288
-0.0803573,-0.199434,8.46998
0.0298211,-0.194125,8.43299
0.140313,-0.18386,8.47032
-0.0797292,-0.140148,8.45175
0.0894143,-0.142804,8.44794
0.199385,-0.173779,8.45183
-0.243163,-0.115958,8.46344
-0.144998,-0.13039,8.43796
0.182984,-0.11533,8.43732
-0.158822,-0.0614271,8.47018
-0.102835,-0.0845305,8.43788
-0.0104813,-0.082529,8.45849
0.0529377,-0.0921279,8.45069
0.252966,-0.0944006,8.46884
0.087137,-0.037048,8.45743
0.164131,-0.0198938,8.4549
0.222506,-0.0417217,8.45684
-0.249403,-0.00677961,8.44867
-0.130899,0.00250669,8.44642
-0.0696247,0.00824983,8.45759
0.269797,-0.0048976,8.44065
-0.265001,0.0503927,8.46865
0.0136866,0.0282252,8.43581
0.157797,0.0422254,8.44052
0.214262,0.0198172,8.45658
0.263577,0.0571163,8.44427
-0.156487,0.0589921,8.44986
-0.0901114,0.0941436,8.45177
-0.0393483,0.060001,8.44073
0.0556872,0.0875688,8.43791
0.133268,0.0957211,8.46086
0.210181,0.0811355,8.46629
-0.185074,0.113337,8.45637
0.00728822,0.112925,8.46797
-0.127323,0.143756,8.44784
-0.0651887,0.150101,8.44064
0.0485429,0.149026,8.43667
0.184658,0.16936,8.45692
-0.187939,0.193012,8.45897
-0.0353653,0.213671,8.44614
0.0263143,0.205483,8.45134
0.0888655,0.194753,8.4473
0.146003,0.2267,8.45975
-0.0846991,0.256107,8.4412
-0.014654,0.269136,8.46568
0.0439738,0.26506,8.44477
-0.00372872,-0.26965,8.49436
0.0651997,-0.261223,8.48775
-0.202564,-0.177923,8.48219
-0.140541,-0.179787,8.47507
-0.0255032,-0.188642,8.49767
0.0797431,-0.19601,8.47926
-0.0960538,-0.154645,8.51026
0.0283358,-0.158897,8.48708
0.0821564,-0.137196,8.50972
0.228231,-0.143272,8.49849
-0.184198,-0.116927,8.48458
-0.0348395,-0.127197,8.49451
0.020277,-0.101196,8.50956
0.166384,-0.135156,8.49877
-0.263171,-0.0596044,8.48788
-0.116754,-0.0975039,8.49828
-0.0506959,-0.0676102,8.50363
0.0767409,-0.0745842,8.50676
0.123973,-0.0973911,8.47331
0.180585,-0.0756757,8.48742
-0.208634,-0.0299497,8.48969
-0.10135,-0.039762,8.48074
0.0301316,-0.0419144,8.48186
0.130038,-0.0425245,8.50239
0.266366,-0.0424418,8.50127
-0.269573,0.00137216,8.50707
-0.151406,-0.00955264,8.50406
-0.0231517,-0.0125838,8.49352
0.115198,0.013851,8.48086
0.185958,0.00175299,8.50913
-0.206278,0.0304094,8.47417
-0.108528,0.0462655,8.48698
-0.00200617,0.0459125,8.49317
0.0582447,0.0399039,8.47802
0.163001,0.0584946,8.50022
0.262429,0.022536,8.49631
-0.0446714,0.0908686,8.49428
0.102482,0.0710545,8.50925
0.255546,0.0863108,8.50875
-0.24599,0.109132,8.48129
-0.136748,0.101104,8.49242
-0.086672,0.136679,8.49723
0.0822393,0.124023,8.4824
0.175763,0.119557,8.50146
-0.216809,0.159796,8.50319
-0.145592,0.172629,8.50017
-0.0277688,0.16742,8.48746
0.0337687,0.161974,8.49588
0.131566,0.161734,8.48881
0.232192,0.137389,8.48158
-0.0824283,0.196944,8.48362
0.0837787,0.196066,8.50943
-0.141004,0.230289,8.4765
-0.0334232,0.227109,8.50774
0.0290087,0.226072,8.51022
0.095433,0.252345,8.48589
-0.0896488,0.254506,8.50504
-0.0553818,-0.263807,8.529
0.0274338,-0.268413,8.54852
0.0900733,-0.254092,8.54461
-0.113795,-0.244391,8.51818
0.031241,-0.215448,8.51303
0.141098,-0.228272,8.51927
-0.167197,-0.212077,8.5207
-0.0707939,-0.204112,8.53758
0.095783,-0.190416,8.53935
0.1904,-0.191058,8.51101
-0.228453,-0.142624,8.52672
-0.155981,-0.151276,8.52823
-0.0172649,-0.153736,8.54835
-0.0734977,-0.108541,8.54476
0.127546,-0.103049,8.53522
0.191512,-0.105251,8.54753
-0.217052,-0.0814414,8.52392
-0.157427,-0.064538,8.53228
0.252386,-0.0958576,8.53096
-0.263753,-0.0450886,8.54849
-0.0975146,-0.0509976,8.54159
0.0221381,-0.0487347,8.54338
0.212904,-0.048383,8.53301
-0.214454,0.0138913,8.53362
-0.0775431,0.00339117,8.51902
0.0602075,-0.00454844,8.52136
0.134632,0.0193614,8.53951
-0.163984,0.0502219,8.51515
-0.0431042,0.0501608,8.54156
-0.241005,0.070315,8.52973
-0.109614,0.0640875,8.54686
0.0425755,0.0879936,8.51454
0.204351,0.069169,8.54539
-0.190619,0.106631,8.52224
-0.123077,0.125111,8.54769
-0.0625023,0.112847,8.54938
-0.00533464,0.125645,8.52785
0.0906231,0.125599,8.54393
0.224317,0.128309,8.54286
-0.0689822,0.174559,8.54308
0.151762,0.154318,8.54745
-0.186492,0.194401,8.5454
-0.00443015,0.185729,8.54425
0.142315,0.214317,8.52064
0.19735,0.183705,8.5164
-0.137512,0.232585,8.53864
0.0708066,0.260225,8.54257
-0.0881394,-0.254558,8.5814
-0.144417,-0.227852,8.57645
-0.014358,-0.222788,8.55457
0.049592,-0.215868,8.57266
0.154096,-0.22106,8.57957
-0.188284,-0.183628,8.57182
-0.114699,-0.173604,8.56916
0.0445384,-0.156206,8.55586
0.101143,-0.141014,8.57711
0.154188,-0.163542,8.55352
0.215956,-0.160793,8.56243
-0.181245,-0.109876,8.56707
-0.123007,-0.0921273,8.58071
-0.0161673,-0.0933315,8.5638
0.0583642,-0.0958446,8.56224
-0.202615,-0.0380464,8.56612
-0.037008,-0.0307587,8.55186
0.0997242,-0.0260836,8.56419
0.15582,-0.0525379,8.55808
0.266549,-0.0409117,8.56392
-0.158435,0.0103208,8.56287
-0.0984491,0.000289334,8.57701
0.0435603,-0.00442713,8.58149
0.176293,0.00120892,8.58172
0.230716,0.00879988,8.55205
-0.26785,0.0259997,8.56435
0.0180662,0.0442642,8.55183
0.0797643,0.0410173,8.55907
-0.169748,0.0751088,8.57171
-0.0126428,0.0915343,8.57929
0.0493369,0.0922014,8.57653
0.145059,0.0877471,8.55184
0.262821,0.0606883,8.56513
-0.235779,0.132267,8.55599
-0.177051,0.140011,8.5744
0.038469,0.153204,8.57738
-0.128799,0.181655,8.57273
-0.0434397,0.212314,8.58506
0.04207,0.214968,8.57373
0.0997501,0.182366,8.56801
0.173755,0.206565,8.57375
-0.099073,0.240571,8.58711
0.121463,0.240609,8.57315
-0.0522254,0.264852,8.55381
0.00997562,0.265758,8.55448
-0.0147401,-0.269231,8.5959
0.0451428,-0.265874,8.61318
0.104643,-0.248383,8.60609
-0.173456,-0.207174,8.62774
-0.0568945,-0.202239,8.59842
0.00338501,-0.183362,8.59925
0.124239,-0.182216,8.61803
0.186444,-0.194432,8.62557
-0.230074,-0.140772,8.58917
-0.175152,-0.144685,8.61863
-0.11245,-0.138825,8.62057
-0.055462,-0.13994,8.59556
0.0622028,-0.175572,8.6182
0.0210543,-0.123709,8.60365
0.1591,-0.120736,8.59866
0.246488,-0.109217,8.59116
-0.256121,-0.0844348,8.59644
-0.197206,-0.0865505,8.62238
-0.0661602,-0.0688501,8.59197
0.111485,-0.0809948,8.59112
0.205911,-0.0626023,8.59307
-0.269251,-0.0206698,8.6056
-0.211602,-0.0261332,8.62646
-0.150135,-0.0392342,8.6
-0.00318155,-0.0453159,8.60214
0.0573737,-0.0574476,8.61155
0.144668,-0.0367005,8.61948
0.262604,-0.0583986,8.62373
-0.0401898,0.0153604,8.59366
0.0906727,-0.00567794,8.62233
0.217472,-0.0120337,8.62671
0.269404,0.0103741,8.60125
-0.267069,0.0383506,8.62552
-0.209869,0.0267139,8.59423
-0.126131,0.0475819,8.60681
0.0107125,0.045523,8.6135
0.0721634,0.0537463,8.62011
0.129108,0.0428194,8.59691
0.214911,0.0451264,8.60191
-0.238668,0.0815913,8.59113
-0.0694531,0.0704442,8.59433
-0.13293,0.110747,8.60726
0.0248755,0.118598,8.62761
0.10672,0.100999,8.59875
0.184922,0.0995604,8.59811
0.246024,0.110279,8.59911
-0.223767,0.150215,8.61463
-0.0832186,0.146833,8.59708
-0.0214339,0.151658,8.59376
0.0829666,0.154157,8.62103
0.146809,0.147518,8.6093
0.214196,0.163549,8.59337
-0.173965,0.206622,8.61604
0.0050071,0.200735,8.62185
0.121834,0.202826,8.62258
-0.0513449,0.264677,8.61944
0.0109103,0.269344,8.61683
0.0715668,0.259892,8.60526
-0.111076,-0.219166,8.62836
-0.0583322,-0.251438,8.63674
0.0019302,-0.229712,8.64122
0.0817823,-0.222681,8.65825
0.144023,-0.227982,8.65687
-0.142618,-0.169276,8.66566
-0.0808834,-0.175216,8.66073
-0.0223647,-0.157283,8.64964
0.159416,-0.146717,8.65555
0.225822,-0.147284,8.63553
-0.239483,-0.124233,8.64852
-0.146641,-0.10706,8.66161
-0.0786485,-0.112237,8.66581
0.0278583,-0.124135,8.66563
0.077566,-0.116262,8.62914
-0.107667,-0.0641684,8.63844
-0.0279429,-0.0975212,8.63181
0.0165832,-0.063123,8.65852
0.131293,-0.0897189,8.64955
0.19297,-0.0951808,8.64444
-0.049975,-0.0388131,8.64358
-0.26927,-0.00844858,8.66688
-0.161425,0.00803756,8.63965
-0.100251,-0.00221075,8.63869
-0.026658,0.0178595,8.65453
0.0316227,-0.00511681,8.64262
0.269199,-0.0139121,8.6671
-0.217405,0.0260901,8.6602
0.167432,0.0310939,8.64432
-0.252878,0.0938008,8.65074
-0.190705,0.0737446,8.63008
-0.136344,0.0783669,8.66012
-0.0764851,0.0621018,8.65554
0.0333399,0.069872,8.66605
0.146024,0.0958794,8.64668
0.205415,0.0793334,8.65461
0.262461,0.0635377,8.6369
-0.174239,0.130612,8.64962
-0.0928981,0.122268,8.65341
-0.03552,0.104851,8.63583
0.0850506,0.103336,8.65708
-0.128134,0.169268,8.63372
-0.0155063,0.157962,8.66184
0.223794,0.139066,8.64992
-0.0643395,0.18911,8.63893
0.0630884,0.20983,8.64132
0.18251,0.198864,8.63497
-0.126981,0.237811,8.64282
0.0487863,0.265198,8.66636
-0.0837604,-0.255916,8.69354
-0.0215477,-0.268493,8.68423
0.0402983,-0.266488,8.67546
-0.139827,-0.230566,8.68258
-0.0333763,-0.206118,8.68706
0.0333907,-0.185828,8.67251
0.190874,-0.190122,8.68773
-0.205612,-0.172597,8.66853
0.0951495,-0.160968,8.66895
0.229196,-0.141685,8.69727
0.0855874,-0.102967,8.68936
-0.234709,-0.0656696,8.66878
-0.0268434,-0.0912389,8.69362
0.131568,-0.0601624,8.70472
0.200259,-0.0862681,8.70563
0.257187,-0.0819443,8.68131
-0.173658,-0.0513419,8.66791
-0.0806938,-0.0495077,8.69667
-0.0198532,-0.0296001,8.69711
0.0772252,-0.0443991,8.66936
0.18146,-0.0391948,8.6696
-0.218953,-0.0174176,8.70477
-0.13122,-0.013388,8.69173
-0.0749876,0.0125489,8.6931
0.12717,-0.00690653,8.67282
0.212623,0.0131985,8.68313
-0.265372,0.0481274,8.69357
-0.167037,0.037341,8.69444
0.0143893,0.0218238,8.70089
0.0729455,0.0231997,8.67973
0.125571,0.0552532,8.6888
0.266499,0.0420158,8.69483
-0.199676,0.0897276,8.68924
-0.0280213,0.0667284,8.69442
-0.0519545,0.124021,8.69931
0.00974253,0.116025,8.7001
0.176286,0.101511,8.70494
0.249474,0.102038,8.6931
-0.227963,0.143974,8.67845
0.04622,0.157731,8.6714
0.10686,0.171814,8.67586
0.164902,0.150585,8.66899
-0.183265,0.187491,8.6747
-0.105599,0.197107,8.68473
-0.0451815,0.208366,8.69524
0.0157969,0.211179,8.68245
0.174502,0.205814,8.69646
0.0746305,0.218212,8.70187
0.126319,0.238222,8.67356
-0.0787689,0.257838,8.67727
-0.0172745,0.267878,8.67254
-0.00594651,-0.269747,8.74467
0.0649201,-0.261446,8.73267
0.0222887,-0.216885,8.72528
0.120801,-0.240991,8.71408
-0.180603,-0.200056,8.71867
-0.0870909,-0.198685,8.71823
0.0808487,-0.199836,8.73887
0.134532,-0.180422,8.71293
-0.112296,-0.140166,8.71105
-0.0480177,-0.14842,8.70647
0.0129191,-0.150841,8.72009
0.0955449,-0.139099,8.73915
-0.243553,-0.113418,8.70983
-0.173878,-0.130931,8.71213
-0.0730518,-0.0983154,8.73439
0.148111,-0.119795,8.71148
0.249044,-0.103153,8.74194
-0.196712,-0.0735059,8.72083
-0.133185,-0.0778892,8.71517
0.0314566,-0.085779,8.71423
0.084405,-0.0725984,8.74366
-0.264033,-0.0560591,8.72353
0.0481468,-0.026251,8.72152
0.234836,-0.035048,8.71552
-0.269597,0.00446242,8.73807
-0.170228,-0.00299489,8.74079
-0.039999,0.0163945,8.74353
0.108594,0.0115809,8.72962
0.16714,-0.00695247,8.72077
-0.21632,0.0383185,8.73245
-0.114736,0.0464668,8.72692
0.15618,0.0493744,8.7452
0.215041,0.0578337,8.726
-0.163237,0.0836311,8.7393
-0.0654506,0.0812033,8.74224
0.073264,0.0802028,8.71357
-0.250203,0.101072,8.72308
-0.112813,0.10664,8.71045
0.124966,0.103236,8.73991
-0.221583,0.153632,8.74029
-0.168461,0.139072,8.71118
-0.116684,0.163445,8.73573
-0.0234359,0.165754,8.73537
0.0785652,0.141598,8.72261
0.141824,0.161952,8.72669
0.213898,0.15885,8.70827
0.0358289,0.184741,8.73704
-0.152718,0.222024,8.71689
-0.0882114,0.225747,8.73738
0.135105,0.233619,8.73607
-0.0413575,0.266432,8.73017
0.0203662,0.259573,8.72174
-0.0677559,-0.261002,8.75368
-0.126685,-0.238011,8.74625
0.0338574,-0.239767,8.78226
0.162061,-0.215788,8.75614
-0.135567,-0.177085,8.75516
-0.0296969,-0.191361,8.74772
0.0293567,-0.178013,8.77389
-0.218574,-0.158217,8.74538
-0.0780397,-0.154232,8.76107
0.146566,-0.15736,8.7697
0.206647,-0.173381,8.74582
-0.193775,-0.108191,8.77196
-0.131322,-0.115423,8.76509
-0.0140057,-0.0988241,8.75424
0.0441306,-0.116809,8.76613
0.190414,-0.114083,8.76028
-0.253773,-0.0914136,8.77402
-0.0986177,-0.0636672,8.77919
0.132521,-0.0970366,8.775
-0.222194,-0.0348986,8.76469
-0.159217,-0.0571729,8.76804
-0.0456119,-0.0451578,8.75174
0.0693461,-0.0244707,8.78013
0.131093,-0.0362176,8.7624
0.191312,-0.0517227,8.75685
0.265531,-0.0491813,8.76805
-0.10043,-0.0113004,8.74565
0.0106146,-0.0076412,8.7696
0.209935,0.00804752,8.76326
0.269587,0.0087041,8.74683
-0.146973,0.0393918,8.77997
-0.0846456,0.036945,8.78169
0.0531427,0.0323571,8.7477
-0.26322,0.0594804,8.76744
-0.000202909,0.0637126,8.75052
0.074895,0.0915739,8.77496
0.261525,0.0662619,8.76878
-0.171468,0.135299,8.77348
-0.114738,0.104202,8.7728
0.0220025,0.121151,8.76038
0.178848,0.126187,8.7621
0.240312,0.12236,8.75147
-0.0695752,0.147268,8.77308
-0.183922,0.196887,8.76476
0.0946964,0.191225,8.75676
0.189435,0.19169,8.75543
-0.135288,0.233869,8.7776
-0.0367375,0.215756,8.7713
0.0374767,0.226221,8.78375
-0.00723143,0.269669,8.7824
0.0788479,0.257701,8.74949
-0.0596361,-0.262819,8.81833
-0.119083,-0.241947,8.81499
-0.0131573,-0.221069,8.81891
0.0955517,-0.25202,8.78626
0.155231,-0.220246,8.81797
-0.187107,-0.194676,8.78493
-0.0729469,-0.209755,8.78847
0.102644,-0.191333,8.79794
-0.230393,-0.140225,8.81047
-0.168564,-0.144538,8.81534
-0.107259,-0.138596,8.81806
-0.0336191,-0.164029,8.80372
0.0630878,-0.147053,8.81642
0.19423,-0.173042,8.80682
-0.0582694,-0.107194,8.79641
0.00717944,-0.119387,8.81827
0.182005,-0.113768,8.82213
0.237539,-0.128784,8.79777
-0.202437,-0.0653536,8.81629
-0.143471,-0.0879556,8.81979
0.021548,-0.0645534,8.79238
0.0797679,-0.0832826,8.80494
0.222885,-0.0692594,8.8076
-0.266668,-0.039003,8.80892
-0.055158,-0.0210593,8.80835
0.164609,-0.0490403,8.81314
-0.236366,0.0149668,8.80091
-0.179424,-0.00905871,8.80205
-0.117111,-0.0105254,8.80576
0.1566,0.0102259,8.79502
0.269508,0.000942069,8.80869
-0.0256039,0.0333779,8.80159
0.0975654,0.0300958,8.7904
-0.202959,0.0680811,8.78553
-0.14852,0.0854435,8.82166
-0.0795989,0.0837902,8.82218
0.0290877,0.0629596,8.806
0.142941,0.0702065,8.80249
0.202126,0.0728986,8.78466
-0.243288,0.11595,8.785
-0.0301432,0.102226,8.78875
0.0182282,0.121982,8.82262
0.120696,0.127886,8.79705
-0.213021,0.164712,8.80974
0.0051755,0.173447,8.79006
0.0635566,0.152306,8.79405
0.168148,0.16655,8.80838
0.227002,0.14558,8.80788
-0.118556,0.177378,8.79628
0.109124,0.184947,8.81916
0.0918441,0.244009,8.80883
0.150074,0.224784,8.79716
-0.0789205,0.257794,8.79021
0.0493607,-0.265577,8.84858
0.108677,-0.246818,8.84952
-0.167367,-0.211769,8.84125
-0.0943629,-0.193217,8.84448
0.0517582,-0.206048,8.83158
0.118836,-0.185756,8.85804
-0.209312,-0.170047,8.86079
-0.011195,-0.172645,8.86124
0.22471,-0.148906,8.85535
-0.187813,-0.106582,8.86087
-0.0569925,-0.132116,8.85341
0.0521635,-0.101776,8.85757
0.122487,-0.131542,8.82606
-0.253818,-0.0910972,8.84086
-0.0277425,-0.0709011,8.83629
0.122919,-0.0746863,8.85185
-0.152308,-0.0352276,8.85092
-0.0934666,-0.0575563,8.84108
0.0568928,-0.0412538,8.84488
0.111399,-0.0195819,8.82531
0.262394,-0.0453378,8.84989
-0.269213,0.0151494,8.85383
-0.215155,-0.0165355,8.85278
0.00252713,-0.0138582,8.83116
0.209372,-0.00637553,8.82396
-0.192672,0.0405714,8.8406
-0.131595,0.0312301,8.84956
-0.069381,0.0268286,8.84566
0.0603858,0.0203923,8.83901
0.124117,0.0358659,8.85109
0.184694,0.0487609,8.84362
0.244473,0.0549083,8.82744
-0.257394,0.0730169,8.82817
-0.0186479,0.0777582,8.84456
0.0923187,0.0869998,8.83469
-0.205569,0.107499,8.83378
-0.0949846,0.136604,8.85113
0.181791,0.109809,8.82999
0.245798,0.110397,8.85569
-0.156632,0.14612,8.834
-0.038952,0.150397,8.82728
0.0732132,0.142909,8.85507
0.135705,0.142464,8.85585
0.205555,0.174608,8.85881
-0.168204,0.20697,8.82432
-0.0703051,0.204226,8.82549
-0.00943342,0.209634,8.8383
0.0526,0.202117,8.83935
-0.118253,0.242356,8.83683
0.159119,0.216319,8.85819
-0.030474,0.268047,8.84039
0.0327994,0.267594,8.83035
-0.125428,-0.238647,8.87844
-0.0530319,-0.230968,8.87194
0.00903199,-0.228818,8.87681
0.0735932,-0.216129,8.89098
0.178938,-0.202149,8.87282
-0.144811,-0.161691,8.87024
0.0483239,-0.161334,8.87501
0.161566,-0.142811,8.87334
-0.235789,-0.0988975,8.90018
-0.00520371,-0.110338,8.88059
0.103522,-0.123646,8.88506
0.251277,-0.0984946,8.88058
-0.131951,-0.0851001,8.88181
-0.065239,-0.0831374,8.89033
0.196187,-0.0670495,8.86351
-0.266274,-0.0423647,8.87775
-0.190277,-0.0551936,8.89613
-0.049173,-0.0255457,8.87305
0.00813404,-0.0493797,8.88217
-0.16762,0.00300649,8.89731
-0.108035,-0.012105,8.88777
0.0936715,-0.0074646,8.88396
0.15922,-0.0140436,8.86448
0.217786,-0.0130317,8.88541
-0.223596,0.0296182,8.89371
-0.0136777,0.0252224,8.87711
0.0446522,0.0285091,8.89833
0.269078,0.0196075,8.87246
-0.189922,0.0816073,8.88826
-0.12821,0.0851864,8.88031
-0.0668815,0.0767904,8.88287
0.0392655,0.0819961,8.86679
0.119902,0.0840328,8.89069
0.22905,0.0630372,8.89273
-0.244384,0.113415,8.88223
-0.160285,0.135918,8.89516
-0.0440161,0.135282,8.88727
0.176474,0.110577,8.89155
-0.211351,0.167142,8.87878
0.0156951,0.162235,8.87016
-0.167522,0.211383,8.88661
-0.109191,0.192864,8.87342
-0.0339642,0.196496,8.89403
0.10293,0.19934,8.87959
-0.0725467,0.243139,8.87906
0.0244246,0.235898,8.88369
0.0812233,0.256821,8.8688
-0.0829309,-0.256373,8.92044
-0.0219112,-0.268809,8.91294
0.0434969,-0.266139,8.91318
0.135234,-0.233577,8.90445
-0.177862,-0.202654,8.90373
-0.0909692,-0.195339,8.90643
-0.0400267,-0.214343,8.93654
0.0119611,-0.184369,8.92001
0.147795,-0.175898,8.92449
-0.220041,-0.155901,8.9204
-0.142787,-0.162123,8.93653
-0.0403262,-0.151226,8.91205
0.0772729,-0.167105,8.92943
0.222947,-0.151917,8.91744
-0.173425,-0.109751,8.92156
-0.0992626,-0.13391,8.90176
-0.0197292,-0.0744255,8.9319
0.0411598,-0.0889059,8.91724
0.097805,-0.0646875,8.90855
0.154554,-0.0890619,8.90373
0.213607,-0.0730702,8.92282
-0.239015,-0.0461035,8.93373
-0.141243,-0.0537478,8.93483
-0.0702908,-0.0363461,8.93083
0.0498513,-0.027884,8.92333
0.170197,-0.0271721,8.92442
0.266687,-0.0409737,8.91207
-0.26988,0.00767611,8.92912
-0.0131943,-0.0121793,8.92712
-0.150811,0.0537863,8.92911
-0.0638471,0.0231611,8.91404
0.119692,0.0267468,8.9293
0.175911,0.0319583,8.90297
0.267299,0.0345223,8.93307
-0.260696,0.0694383,8.9234
-0.0929077,0.0741562,8.93902
-0.00951124,0.0865767,8.90554
-0.233973,0.13439,8.94017
-0.100641,0.130342,8.91302
0.0477311,0.123671,8.91211
-0.00272857,0.155835,8.92938
0.106233,0.145137,8.91031
0.163311,0.169824,8.90458
0.228627,0.141814,8.90666
-0.195702,0.185784,8.93617
-0.133921,0.180735,8.92925
0.0517549,0.188588,8.91382
-0.121585,0.240571,8.91752
-0.06086,0.230185,8.93899
0.145042,0.227633,8.91782
-0.0231292,0.268494,8.90737
0.0299634,0.267942,8.94022
0.0900393,0.254134,8.93044
-0.0344518,-0.267533,8.97415
-0.133495,-0.225739,8.941
0.0151459,-0.232958,8.95894
0.0937856,-0.249309,8.94839
0.148806,-0.224777,8.96494
-0.186721,-0.194246,8.96714
0.0375215,-0.177396,8.97636
0.195842,-0.183858,8.96361
-0.0835754,-0.159261,8.95634
-0.0269314,-0.171246,8.97915
-0.250471,-0.100403,8.96187
-0.198299,-0.133235,8.97388
-0.142371,-0.102264,8.97524
0.00576192,-0.129105,8.94768
0.0627652,-0.115801,8.96931
0.119501,-0.124345,8.94519
0.181165,-0.12043,8.95022
0.24339,-0.112727,8.96124
-0.196331,-0.0711803,8.97154
-0.0870425,-0.093838,8.94787
0.0268908,-0.0609544,8.97107
0.144323,-0.0696864,8.96196
0.10103,-0.0249862,8.95884
0.26398,-0.0550558,8.97286
-0.20343,0.00298553,8.94834
-0.119013,0.00348051,8.94702
-0.0634989,0.00776138,8.97438
0.0277179,0.00704914,8.97002
0.225712,-0.00974097,8.94694
-0.0187528,0.0449258,8.95116
0.0818424,0.0369693,8.97773
0.174599,0.0206061,8.96439
0.227844,0.0500075,8.97894
-0.204615,0.0774554,8.94866
0.0374804,0.0703354,8.94303
0.0930169,0.0971944,8.94719
0.136287,0.0670031,8.97958
0.18565,0.0782983,8.94339
0.252359,0.0952547,8.94093
-0.173823,0.131383,8.95558
-0.0470899,0.115488,8.94614
0.0195052,0.12006,8.97521
0.164478,0.135526,8.95681
-0.0772359,0.171686,8.95309
0.0704276,0.153428,8.96185
0.224738,0.148521,8.96844
-0.00120483,0.214801,8.94931
0.124405,0.183454,8.95573
0.185497,0.195618,8.95681
-0.157467,0.218699,8.97279
0.0568591,0.221044,8.97157
-0.0254223,0.268255,8.97351
0.0551927,-0.263841,8.99523
-0.0945349,-0.252561,8.98167
0.112216,-0.245372,9.01264
-0.118927,-0.194841,8.99332
0.097659,-0.193405,8.9818
-0.155008,-0.147634,9.01602
0.147055,-0.156308,8.99128
0.222987,-0.151734,9.00967
-0.0955302,-0.131745,9.01058
-0.0387333,-0.106537,8.98516
0.0164859,-0.128512,9.00897
0.113599,-0.104255,9.0037
0.180641,-0.106055,9.01059
-0.267593,-0.0336735,8.98783
-0.160216,-0.0227134,8.98541
-0.093666,-0.046007,8.98742
-0.0314523,-0.0445189,8.98527
0.149498,-0.0221977,9.00186
0.202045,-0.0560427,8.98117
-0.214824,-0.0145179,9.01404
-0.113101,0.00776362,9.01231
0.0708538,-0.0138775,9.01222
0.211693,-0.00190163,9.00934
0.269743,0.00500056,8.98839
-0.248113,0.0283268,8.98375
-0.16975,0.0388778,8.9867
-0.0161554,0.0208635,9.01211
-0.254553,0.0900715,8.98368
-0.135432,0.0906799,8.98134
-0.0842239,0.0610141,8.99912
-0.027406,0.0857737,8.99722
0.031603,0.0621534,9.00436
0.18794,0.0913826,9.00423
-0.197497,0.102118,9.00511
-0.0832609,0.123363,8.99638
0.116113,0.129243,8.99648
0.249236,0.10292,9.00347
-0.19339,0.173843,8.99738
-0.131142,0.162473,8.98866
-0.0286333,0.1569,8.98889
0.0293493,0.174905,9.0032
0.159117,0.17274,9.00846
-0.0786076,0.199991,9.00851
-0.0180016,0.214678,9.00942
0.0957908,0.191098,9.01028
-0.103519,0.249134,8.98005
0.122274,0.240086,8.98199
0.0297903,0.267946,9.00268
-0.0588666,-0.262946,9.03187
-0.118837,-0.242083,9.03817
0.000942487,-0.248073,9.02179
-0.170261,-0.209632,9.0254
-0.0625017,-0.201694,9.02014
0.00621273,-0.186351,9.02961
0.0622755,-0.212656,9.02995
0.119365,-0.190104,9.04023
0.176717,-0.203881,9.01961
-0.213634,-0.165209,9.02539
-0.0399003,-0.145123,9.03406
0.0727365,-0.152033,9.02109
0.153449,-0.14032,9.05407
-0.245433,-0.111743,9.02351
-0.199497,-0.0715314,9.03379
-0.138348,-0.065476,9.02556
-0.0786463,-0.0788147,9.03833
-0.0171571,-0.0874147,9.04062
0.0585305,-0.0806295,9.02078
0.207582,-0.0600462,9.04307
0.251771,-0.0974962,9.02111
-0.261691,-0.0557565,9.04582
-0.0454314,-0.024904,9.04284
0.0142103,-0.0355632,9.02674
0.111251,-0.0533012,9.0396
0.266755,-0.0381207,9.03314
-0.269623,0.00572432,9.03789
-0.162004,-0.0108509,9.04646
0.0332429,0.0190767,9.04951
0.112967,0.0090555,9.05202
-0.211438,0.0449648,9.03285
-0.0634727,0.0343317,9.05099
0.163474,0.0338602,9.02502
0.265447,0.0497877,9.03165
-0.254998,0.0877869,9.04595
-0.154259,0.0716653,9.03744
-0.0614198,0.0967189,9.04837
-0.00666472,0.0670688,9.05283
0.078891,0.0610478,9.04712
0.134814,0.087225,9.03835
0.000941643,0.126401,9.03468
0.0607278,0.114757,9.02128
-0.228064,0.14377,9.03969
-0.164717,0.140433,9.04169
-0.104614,0.156659,9.04483
-0.043286,0.168017,9.04843
0.0995955,0.148835,9.05567
0.211098,0.144972,9.02906
-0.140425,0.206587,9.03161
-0.0979833,0.250961,9.04215
0.0499631,0.221719,9.03926
0.146533,0.22635,9.03783
-0.0381975,0.267204,9.03525
-0.034571,-0.267687,9.09398
0.0490241,-0.265434,9.06021
-0.151129,-0.215456,9.08457
-0.0747817,-0.223142,9.07727
0.00685307,-0.223847,9.07907
0.118902,-0.242045,9.07468
-0.0340427,-0.17829,9.09016
0.0667718,-0.213257,9.09219
0.199519,-0.181287,9.07323
-0.175487,-0.159014,9.07379
0.00983386,-0.139098,9.07028
-0.215855,-0.111642,9.07879
-0.133405,-0.114087,9.06405
-0.0744203,-0.123934,9.08102
0.0979209,-0.114134,9.06307
0.211844,-0.120951,9.06261
-0.162384,-0.0615222,9.08298
-0.0447889,-0.0642593,9.09125
0.0443077,-0.0885477,9.08083
0.145508,-0.0803396,9.08385
0.259271,-0.0747099,9.08297
-0.2144,-0.027786,9.0755
-0.104628,-0.0281293,9.06239
0.0115983,-0.0375089,9.09376
0.0732846,-0.0334657,9.08476
0.164007,-0.0232753,9.0671
-0.0169606,0.0169896,9.08811
0.269566,-0.00332394,9.08491
-0.265513,0.0480067,9.09278
-0.182431,0.0306771,9.08799
-0.122476,0.0305407,9.07096
0.159558,0.0353016,9.08713
0.216926,0.0278611,9.06369
0.263467,0.0577592,9.09635
-0.200141,0.0891698,9.07557
0.190703,0.0842248,9.06582
-0.124847,0.108076,9.07825
0.0390865,0.101174,9.07831
0.103523,0.0978394,9.09084
0.246913,0.109532,9.06574
-0.197299,0.157931,9.09187
-0.0721186,0.137483,9.0944
0.0402193,0.165074,9.06359
0.159833,0.137966,9.06378
-0.167414,0.211901,9.08739
-0.0799862,0.199154,9.08784
-0.00268982,0.209804,9.07026
0.095316,0.195889,9.09606
0.190401,0.191314,9.06507
0.097321,0.251507,9.06678
-0.0626222,0.261995,9.09242
-0.00126546,0.26998,9.08529
0.0264013,-0.268197,9.11846
-0.111568,-0.24549,9.12234
0.103675,-0.239545,9.13523
0.162674,-0.215273,9.1112
-0.191411,-0.190096,9.12534
-0.0764237,-0.1949,9.13271
-0.229561,-0.14107,9.13218
-0.119012,-0.163437,9.0998
0.0102843,-0.1643,9.13167
0.0632794,-0.151602,9.09873
0.12279,-0.169215,9.09969
-0.16446,-0.116743,9.11798
-0.0455509,-0.136268,9.13448
0.170759,-0.131455,9.11304
0.238305,-0.127321,9.11879
-0.25899,-0.0749367,9.10509
-0.202437,-0.0689768,9.13011
-0.104976,-0.074492,9.10339
-0.000701171,-0.0945144,9.12343
0.0986148,-0.0940003,9.12198
0.202627,-0.0781832,9.10665
0.150823,-0.0215106,9.12795
0.266475,-0.0407057,9.13488
-0.269303,-0.0135738,9.10094
-0.204555,-0.0066855,9.13332
-0.142903,-0.0105269,9.1134
-0.076431,0.00659596,9.10533
0.0431643,0.0145006,9.11055
0.212547,-0.0169753,9.1065
0.100535,0.0380064,9.10596
0.206158,0.0408042,9.1284
-0.217414,0.0591661,9.13073
-0.0822868,0.0681901,9.09976
-0.0269172,0.0957655,9.10379
0.158871,0.0915147,9.11903
-0.242359,0.118952,9.11014
-0.184846,0.112,9.13158
0.220614,0.100545,9.1208
-0.130648,0.164489,9.10323
-0.00962967,0.155219,9.0994
0.0681531,0.142976,9.11455
0.130198,0.14697,9.11798
0.191699,0.15516,9.11549
0.0296134,0.187115,9.13586
-0.118594,0.242138,9.11116
-0.0253823,0.225277,9.12634
0.0477575,0.235568,9.10122
0.101744,0.249798,9.12912
0.150576,0.223795,9.10014
-0.0590938,-0.2629,9.15117
-0.152374,-0.222667,9.16351
-0.0128935,-0.223045,9.13817
0.15057,-0.223878,9.17346
0.0469593,-0.21094,9.1513
0.203488,-0.177228,9.13907
-0.146444,-0.161654,9.15702
0.0905505,-0.16632,9.15286
0.152426,-0.152745,9.16866
-0.189739,-0.110772,9.17481
-0.104315,-0.117939,9.1473
0.0497689,-0.119763,9.15018
-0.253455,-0.0921536,9.16482
-0.143468,-0.0696629,9.15274
-0.0572385,-0.0776126,9.15107
0.0499137,-0.058889,9.1377
0.154587,-0.081072,9.14565
-0.256151,-0.0300213,9.15958
-0.0962444,-0.0288404,9.15278
-0.0318354,-0.0229758,9.13606
0.205179,-0.047315,9.16043
0.018356,-0.00180785,9.16517
0.0905462,-0.0121729,9.14089
-0.26769,0.0310216,9.15382
-0.163325,0.0363325,9.1518
-0.100963,0.0333458,9.15609
0.000482865,0.0509714,9.13717
0.147087,0.0373583,9.1477
0.268855,0.0207598,9.14632
-0.129015,0.0859454,9.13637
-0.057932,0.0806614,9.15578
0.061054,0.06079,9.14838
0.258005,0.0794922,9.17223
-0.238578,0.125621,9.17212
-0.0926605,0.133643,9.15292
0.0223453,0.109309,9.13908
0.108314,0.10121,9.15447
-0.205631,0.174525,9.15145
-0.0421149,0.170149,9.15026
0.0693135,0.158671,9.17466
0.227671,0.144367,9.16525
-0.0990128,0.195198,9.14711
0.115916,0.194947,9.15493
0.177595,0.203153,9.15238
-0.159808,0.216999,9.15082
-0.0915724,0.253775,9.16617
0.0580781,0.23122,9.16963
0.0147814,0.269115,9.14555
-0.0260305,-0.268391,9.20377
0.0410594,-0.26649,9.17917
-0.103672,-0.248833,9.19264
0.00885378,-0.217042,9.20036
0.0989356,-0.250558,9.19656
-0.0963572,-0.181077,9.18997
-0.0352929,-0.179882,9.17713
0.115096,-0.185461,9.20633
0.195261,-0.185904,9.20032
-0.20112,-0.173895,9.18474
0.0421,-0.164636,9.19299
0.231186,-0.13893,9.17972
-0.236617,-0.1301,9.21133
-0.125627,-0.127975,9.20488
-0.0644753,-0.126128,9.19427
-0.00438262,-0.123836,9.17972
0.106242,-0.112546,9.18116
0.181889,-0.104962,9.19605
-0.0985163,-0.0723834,9.19756
0.00181442,-0.0618885,9.17645
0.0540217,-0.0848082,9.20139
0.256907,-0.0819909,9.1808
-0.204015,-0.0481114,9.1887
-0.0500224,-0.0337838,9.1945
0.0663949,-0.023737,9.19756
0.123417,-0.0432087,9.18326
-0.269966,0.00935382,9.21225
-0.150786,-0.0159679,9.18322
0.17095,-0.00339642,9.18824
0.25715,-0.0192124,9.19279
-0.212839,0.0215599,9.18833
-0.0399332,0.0246408,9.17618
0.0435558,0.0396251,9.20437
0.101917,0.0264946,9.18856
0.22169,0.0319595,9.18808
-0.256311,0.0711213,9.20036
-0.194932,0.0811341,9.18461
-0.109419,0.0813248,9.19504
-0.00386665,0.0843184,9.18948
0.149165,0.0635763,9.20404
0.197355,0.0916351,9.1776
-0.148719,0.128578,9.17928
-0.0478473,0.127624,9.19542
0.0557888,0.101518,9.19529
-0.192728,0.159611,9.21067
0.00799934,0.15172,9.18241
0.148188,0.146553,9.17777
-0.132712,0.185655,9.19847
-0.0621307,0.207716,9.19587
-0.000742498,0.214847,9.18272
0.0928871,0.201916,9.21221
0.199366,0.181681,9.20653
0.149972,0.224303,9.20429
-0.0338663,0.267609,9.18533
0.0246489,0.268277,9.20721
0.027485,-0.268138,9.24011
-0.0558838,-0.217049,9.22251
0.141335,-0.230365,9.24022
-0.168473,-0.211084,9.22266
-0.114767,-0.192863,9.24816
0.0633035,-0.210953,9.22971
-0.0663728,-0.148026,9.25252
-0.00945197,-0.15998,9.23008
0.0953632,-0.13682,9.23902
0.156497,-0.147661,9.23379
-0.179493,-0.13141,9.23543
0.0227063,-0.103556,9.25194
0.23071,-0.111156,9.23534
-0.214647,-0.0803113,9.24105
-0.156806,-0.0757108,9.2187
-0.0301207,-0.0843281,9.22516
0.106878,-0.0764345,9.2329
-0.264949,-0.0526594,9.217
0.00996664,-0.0219787,9.22352
0.148554,-0.0310753,9.2389
0.204484,-0.0530341,9.22226
0.263628,-0.0585783,9.24073
-0.219857,-0.0145288,9.23868
-0.158727,-0.0191997,9.24505
-0.101723,-0.012629,9.22158
-0.0440104,-0.00778183,9.25029
0.0835509,0.0114805,9.24608
0.199489,0.00584427,9.24286
-0.149414,0.036392,9.21701
-0.0727474,0.0420817,9.22597
-0.0110104,0.0415088,9.2334
0.263819,0.0576509,9.23027
-0.210983,0.0672516,9.24321
-0.157389,0.0964041,9.23189
-0.041738,0.0938487,9.24751
0.0732276,0.0730158,9.24797
0.202948,0.0683111,9.23517
-0.240899,0.121213,9.23438
-0.103085,0.136644,9.2226
0.013278,0.120912,9.23671
0.11283,0.111904,9.21822
0.180912,0.126124,9.22685
0.242646,0.117361,9.21951
-0.0440023,0.169327,9.24133
0.0676631,0.150684,9.23663
0.134513,0.16572,9.24106
-0.168816,0.210577,9.24269
-0.101131,0.191221,9.25209
0.0155819,0.184655,9.23478
-0.119185,0.241955,9.22087
-0.0200802,0.236513,9.23796
0.0792602,0.257934,9.23581
-0.036462,-0.267324,9.26538
0.0871921,-0.255181,9.26659
-0.0961327,-0.251997,9.25487
0.000131704,-0.216537,9.26222
-0.173167,-0.178593,9.27562
-0.0636818,-0.202633,9.28253
0.105518,-0.189641,9.27034
0.187233,-0.194083,9.26167
-0.227961,-0.144894,9.27355
-0.0106093,-0.162875,9.2923
0.0436447,-0.161512,9.26229
-0.184837,-0.106002,9.29216
-0.125664,-0.134409,9.26671
-0.0306939,-0.104348,9.28428
0.196004,-0.135685,9.28083
-0.254154,-0.0901474,9.28836
-0.139174,-0.0678444,9.27823
-0.0838804,-0.0867466,9.25659
0.0763084,-0.0973653,9.28301
0.164797,-0.0891395,9.25388
0.251789,-0.093265,9.29132
-0.267726,-0.0306017,9.27539
-0.196399,-0.044421,9.28811
-0.0911623,-0.0296688,9.28232
0.000366699,-0.0504506,9.27831
0.0583255,-0.0445094,9.25569
0.124257,-0.0580694,9.2897
0.220377,-0.0395509,9.28099
0.0133897,0.0112612,9.28188
0.260162,0.0015579,9.25631
-0.265995,0.0460931,9.26256
-0.191713,0.0216974,9.28082
-0.115444,0.0262985,9.26844
-0.0522419,0.0433719,9.28459
0.142643,0.0285992,9.25496
0.191472,0.0441071,9.29148
-0.102369,0.0861146,9.25881
0.0117469,0.0743899,9.28121
0.154207,0.0882201,9.268
0.251665,0.0971851,9.27791
-0.250851,0.0991208,9.29195
-0.189036,0.109303,9.28399
-0.0171054,0.132514,9.28985
0.105655,0.125295,9.27874
-0.21314,0.164927,9.2693
-0.152159,0.152755,9.25769
-0.0787716,0.138738,9.28244
0.222751,0.151617,9.26784
-0.056194,0.208293,9.29202
0.0060668,0.213119,9.28963
0.0638042,0.2068,9.26662
0.182068,0.198811,9.26382
-0.129215,0.236836,9.28313
0.127722,0.229462,9.26289
-0.0738364,0.259131,9.26024
0.0277828,0.26808,9.26957
0.0254802,-0.268271,9.30257
0.0817818,-0.257307,9.32939
-0.114366,-0.244007,9.31409
-0.0256451,-0.236201,9.31881
0.133601,-0.234617,9.30305
-0.120381,-0.180094,9.30876
0.0538811,-0.211702,9.29749
0.137014,-0.175979,9.32308
0.198953,-0.182274,9.32184
-0.208762,-0.171244,9.32632
-0.0668771,-0.148973,9.31479
0.0803847,-0.15191,9.31279
-0.110387,-0.104688,9.31893
0.025444,-0.116435,9.31344
0.132726,-0.119392,9.2978
-0.0620244,-0.0666448,9.32284
0.187756,-0.0824363,9.31184
0.0496571,-0.0506157,9.3169
-0.254709,0.0153265,9.31563
-0.146046,-0.0124948,9.30561
-0.0937274,0.0146708,9.32596
-0.0361575,-0.0109636,9.31172
0.16632,-0.0125038,9.29542
0.268958,-0.0193093,9.31428
0.069039,0.0251179,9.30508
0.12962,0.0333599,9.31557
0.266444,0.0421732,9.30342
-0.213538,0.0613042,9.32484
-0.151205,0.0629113,9.3043
-0.0921862,0.0764678,9.31945
-0.0304697,0.083626,9.32626
0.0664691,0.0871045,9.30832
0.1331,0.0950243,9.32589
-0.132891,0.12245,9.30842
0.197301,0.0997223,9.31867
-0.219567,0.15654,9.33076
0.0439631,0.156705,9.29649
0.163305,0.144967,9.29239
-0.174577,0.199458,9.30423
-0.115007,0.182388,9.31233
0.059816,0.207705,9.32891
0.110067,0.183202,9.30099
0.190731,0.190551,9.32491
0.14207,0.229506,9.32742
-0.084211,0.256316,9.32177
-0.0265867,0.267337,9.30031
0.0836836,0.256346,9.29823
0.0268704,-0.227303,9.35137
0.151462,-0.222862,9.36178
-0.16465,-0.213997,9.3359
-0.0747436,-0.20367,9.34373
-0.0166447,-0.182792,9.35082
0.0872518,-0.199647,9.35212
-0.157327,-0.139608,9.33843
0.0401943,-0.158754,9.36004
0.115303,-0.141218,9.37024
-0.241308,-0.120498,9.34138
-0.0273168,-0.112784,9.34632
0.0765353,-0.0991273,9.34518
0.172758,-0.131145,9.3478
0.234629,-0.133057,9.33634
-0.230953,-0.0592757,9.33751
-0.161159,-0.0693689,9.33662
0.13604,-0.0808031,9.34653
0.260071,-0.0705334,9.34887
-0.134243,-0.0212827,9.36555
-0.0633272,-0.021775,9.36625
-0.00572047,-0.0541984,9.34487
0.101538,-0.019844,9.33315
0.185555,-0.0336026,9.35042
-0.269043,-0.0189037,9.36578
-0.199603,-0.00535532,9.33648
0.0247085,0.000230451,9.34314
0.222111,0.0147312,9.33712
-0.265787,0.0479069,9.36779
-0.162563,0.0384659,9.36109
-0.0294862,0.0301664,9.35858
0.174518,0.0505754,9.35473
-0.127303,0.0892558,9.36972
0.0254595,0.0597498,9.36163
0.0927906,0.0600713,9.35793
0.254305,0.0896526,9.34219
-0.247716,0.105963,9.35397
-0.180916,0.110201,9.3458
-0.0734677,0.130531,9.34379
0.0204889,0.116955,9.33728
-0.00775823,0.173481,9.33576
0.0887749,0.137363,9.33766
0.159594,0.143718,9.35475
0.227004,0.145655,9.34828
-0.185448,0.195522,9.36562
0.109498,0.190313,9.36301
-0.138611,0.231812,9.3444
-0.0500355,0.215386,9.35419
-0.0217392,0.268637,9.37005
0.0275744,0.264311,9.33193
0.0825939,0.256512,9.36049
-0.0835513,-0.256403,9.37486
-0.0151204,-0.269167,9.37077
0.0622221,-0.262241,9.38879
-0.00920424,-0.216136,9.40309
-0.196373,-0.184941,9.38552
-0.124333,-0.202938,9.38182
-0.0673099,-0.193311,9.40458
0.0517842,-0.202566,9.40307
0.190837,-0.179065,9.38325
-0.0278288,-0.145529,9.39931
-0.193971,-0.101254,9.37899
-0.140192,-0.127545,9.39694
-0.0830161,-0.133407,9.37292
0.0243793,-0.100755,9.37896
0.232963,-0.136402,9.40031
-0.256637,-0.0831515,9.38893
-0.100593,-0.0735143,9.37158
-0.0410834,-0.0769628,9.39561
0.205778,-0.0862698,9.37605
-0.200803,-0.0395978,9.38854
0.0339028,-0.040216,9.39026
0.0942736,-0.0543888,9.38442
0.154653,-0.0549438,9.39985
0.218907,-0.0289265,9.40281
0.00731345,0.0137235,9.40643
0.0748272,0.00608455,9.38322
0.141153,0.00159863,9.37623
0.269596,-0.00500695,9.37484
-0.214981,0.0212391,9.39042
-0.105511,0.030126,9.38527
0.239495,0.0484486,9.38678
-0.196055,0.0800487,9.39777
-0.066412,0.077657,9.3762
0.137275,0.0953489,9.38788
-0.0916055,0.127839,9.40345
-0.0122215,0.105808,9.38858
0.0604995,0.106404,9.38384
0.199056,0.101101,9.38115
-0.211844,0.141388,9.39089
-0.149986,0.147801,9.38476
-0.0409284,0.16087,9.38703
0.0431269,0.164531,9.37048
0.130466,0.153901,9.4091
0.206618,0.158468,9.40577
-0.0993963,0.182125,9.37279
0.00648224,0.214006,9.38116
0.066284,0.21288,9.40173
0.17004,0.204187,9.38201
-0.143711,0.219796,9.40521
0.123613,0.239478,9.40431
-0.0898153,0.254086,9.38392
0.0340267,0.267532,9.39819
-0.0468197,-0.265657,9.42446
0.01536,-0.269064,9.42955
-0.102225,-0.237662,9.43134
0.117188,-0.242615,9.41068
-0.163096,-0.214893,9.42916
0.110123,-0.180991,9.41814
0.16749,-0.211583,9.43054
-0.178975,-0.155308,9.43705
-0.117889,-0.171606,9.43533
0.0129312,-0.170484,9.43941
0.204716,-0.164658,9.44836
-0.233177,-0.135781,9.41308
-0.0912893,-0.102097,9.42635
0.00443042,-0.10865,9.43726
0.0645479,-0.136499,9.41304
0.116064,-0.101673,9.41887
0.17258,-0.126259,9.41096
-0.201881,-0.0789803,9.43681
0.0624426,-0.0740585,9.43406
0.198836,-0.0761848,9.43832
0.258476,-0.0764872,9.41097
-0.265777,-0.0467106,9.43844
-0.143961,-0.0575516,9.41495
-0.0845445,-0.0401398,9.42126
-0.00593004,-0.0470848,9.43776
-0.269608,0.0126729,9.41948
-0.162122,0.00186883,9.4159
-0.108813,0.0115282,9.44642
-0.0540743,0.0141871,9.41643
0.0467833,-0.0146806,9.4456
0.1075,-0.0160584,9.43154
0.16869,-0.00444464,9.43357
0.256377,0.010022,9.43377
0.0530999,0.0544781,9.41739
0.114387,0.0433801,9.41379
0.175479,0.0551815,9.41668
-0.251939,0.0971556,9.41764
-0.143099,0.0614643,9.42382
-0.082333,0.0667128,9.43488
-0.0206397,0.0723622,9.44004
-0.170225,0.121036,9.43731
-0.0423992,0.130919,9.44186
0.0325276,0.10918,9.43939
0.0963354,0.100087,9.4345
0.172118,0.115644,9.43535
0.245143,0.112035,9.42175
-0.115339,0.174424,9.4374
0.0096596,0.164964,9.4232
0.0712991,0.156921,9.42872
-0.19287,0.188337,9.42752
-0.0658433,0.20764,9.41883
0.168128,0.190631,9.44276
-0.104745,0.248943,9.44435
-0.046371,0.265904,9.42741
0.0775583,0.25823,9.44251
-0.0220439,-0.26851,9.48167
0.0730174,-0.259337,9.4516
-0.130786,-0.216603,9.4826
0.121176,-0.220913,9.47082
-0.0403009,-0.212917,9.45716
0.0146748,-0.214538,9.48653
0.0671762,-0.191083,9.4624
-0.219664,-0.15649,9.48414
-0.0605186,-0.153262,9.45184
0.143171,-0.149588,9.46086
-0.249755,-0.102261,9.46953
-0.147056,-0.104876,9.45442
0.0490791,-0.132511,9.47341
0.104259,-0.104516,9.48019
0.243626,-0.115046,9.45769
-0.0469038,-0.0951003,9.46972
0.0269127,-0.075525,9.48473
0.142633,-0.0596517,9.46048
-0.226772,-0.0471323,9.4869
-0.16964,-0.0339123,9.46674
-0.112555,-0.056612,9.47404
-0.0543147,-0.0335787,9.47457
0.0856516,-0.0446185,9.48397
0.26629,-0.0438238,9.46369
-0.26967,-0.00223529,9.48192
-0.216319,0.00365595,9.45018
0.131821,-0.00278407,9.48725
0.209506,0.00361227,9.47994
-0.26359,0.0565904,9.46331
-0.163338,0.0278386,9.47221
-0.0571707,0.0282942,9.47706
0.0217862,0.037536,9.46867
0.0837353,0.0310929,9.46644
-0.203781,0.0738118,9.46036
-0.0577101,0.0895021,9.48706
0.138918,0.0670725,9.4659
0.200951,0.0731333,9.47039
0.261661,0.0659695,9.46041
-0.112467,0.116147,9.46118
0.241399,0.12022,9.48384
-0.22814,0.143194,9.45246
-0.154807,0.160073,9.4835
0.0394344,0.157058,9.48263
0.120518,0.147289,9.47043
0.185207,0.147304,9.48722
-0.0804809,0.204755,9.47937
-0.0206186,0.188682,9.47243
0.0342377,0.2127,9.45495
-0.155467,0.220118,9.46636
0.129876,0.23389,9.46617
0.00913566,0.269654,9.45546
-0.0829374,-0.256326,9.48833
0.0312501,-0.268052,9.51411
-0.0404202,-0.218102,9.51926
0.0764183,-0.225388,9.51371
-0.18144,-0.199591,9.51476
0.177321,-0.20351,9.49153
-0.14541,-0.156254,9.48915
-0.0790806,-0.170521,9.50869
-0.0106226,-0.141852,9.48922
0.0455849,-0.17192,9.52128
0.10658,-0.171154,9.50662
0.217511,-0.159119,9.5094
-0.193502,-0.0993778,9.49506
-0.100635,-0.113799,9.49456
0.184074,-0.110956,9.488
0.249084,-0.103458,9.51844
-0.144997,-0.0762116,9.52618
-0.0240223,-0.064566,9.51894
0.157579,-0.0492379,9.51982
0.214392,-0.0568416,9.49557
0.266542,-0.0407601,9.52611
-0.101243,-0.00470389,9.50644
0.00862813,-0.0170145,9.49535
0.269233,0.0132085,9.4947
-0.21294,0.0244838,9.50961
-0.0158723,0.0534677,9.51616
0.0470743,0.0539597,9.52299
0.108684,0.0439809,9.52184
0.16996,0.0394471,9.51234
-0.112842,0.0600075,9.48864
0.239366,0.0629719,9.51844
-0.248514,0.104532,9.49986
-0.160524,0.0994218,9.49746
-0.103967,0.111145,9.52299
0.0012756,0.108789,9.49318
0.0683731,0.102265,9.49005
0.125923,0.10355,9.51473
0.187123,0.0981878,9.52565
-0.209883,0.151924,9.51155
-0.061483,0.14994,9.49954
-0.00667127,0.160879,9.52659
-0.177054,0.203689,9.52233
-0.11276,0.178309,9.52583
0.0308619,0.209313,9.51696
0.0875473,0.195829,9.49195
0.174232,0.206559,9.50259
-0.124498,0.238994,9.51725
-0.0586388,0.262922,9.48856
-0.00539642,0.260046,9.52114
0.0530532,0.264498,9.49949
-0.0259846,-0.268318,9.55303
-0.119221,-0.241907,9.53849
0.0144631,-0.219467,9.54875
0.137462,-0.232388,9.53005
-0.129232,-0.180894,9.54385
0.0963136,-0.193696,9.56399
-0.010154,-0.162693,9.54792
0.160684,-0.16621,9.53825
-0.234807,-0.132768,9.53974
-0.172557,-0.135803,9.5413
-0.108279,-0.120952,9.55613
-0.0511499,-0.119332,9.5309
0.0254634,-0.113377,9.53434
0.0849383,-0.132288,9.55048
0.13946,-0.10828,9.53158
-0.258835,-0.0757193,9.53194
-0.20084,-0.0817015,9.55421
-0.0850327,-0.0601839,9.52997
0.091887,-0.0695955,9.54061
0.196662,-0.0918998,9.54991
-0.184153,-0.0276729,9.52772
-0.133271,-0.0261434,9.56335
0.0322681,-0.0517869,9.54169
0.20883,-0.0304859,9.55195
-0.252046,-0.0142815,9.54013
-0.0428064,-0.00425771,9.52815
0.0128396,0.0105696,9.55124
0.0727432,-0.0058108,9.53129
0.134349,-0.00278981,9.55436
-0.264692,0.0522188,9.52996
-0.148717,0.0259983,9.53255
-0.0804801,0.0440988,9.53935
0.207212,0.0312808,9.5613
0.268736,0.02275,9.5562
-0.202063,0.0771394,9.54121
-0.14301,0.0811608,9.56109
0.0846853,0.0879576,9.5588
-0.239746,0.123811,9.55853
-0.0371602,0.108906,9.54243
0.0298454,0.115333,9.54829
0.242276,0.11847,9.54669
-0.158337,0.140102,9.54484
-0.0616302,0.166389,9.55945
0.0827703,0.144865,9.53322
0.142769,0.161287,9.53081
0.208859,0.170645,9.54012
-0.01112,0.212962,9.5631
0.168131,0.211109,9.56441
-0.0667508,0.224421,9.53704
0.0690925,0.240877,9.55482
0.125442,0.238627,9.52821
0.0280058,-0.268328,9.58446
0.0867969,-0.25538,9.56713
-0.0792809,-0.252342,9.58523
0.13861,-0.231809,9.5929
-0.182271,-0.198538,9.57702
-0.124956,-0.209696,9.59904
-0.0724019,-0.193105,9.56666
0.187827,-0.193751,9.5871
-0.213364,-0.148002,9.59632
-0.146186,-0.151103,9.59557
-0.0704574,-0.141395,9.60148
0.040006,-0.174636,9.58328
0.142848,-0.152263,9.59631
0.226544,-0.14581,9.56979
-0.251121,-0.0988029,9.58942
-0.0180788,-0.111293,9.58249
-0.147894,-0.0844567,9.58774
-0.0720947,-0.0805609,9.58752
0.0537745,-0.0907379,9.5852
0.11536,-0.0966962,9.59256
0.253464,-0.0901541,9.57894
-0.0186755,-0.0379644,9.57474
0.0380741,-0.0235304,9.59651
0.098909,-0.0366305,9.59298
0.158919,-0.0536659,9.58157
0.267941,-0.0304029,9.58871
-0.269318,-0.0093766,9.59981
-0.209139,-0.0163384,9.58496
-0.0750382,-0.0124953,9.5806
-0.0251427,0.0177184,9.60234
-0.234485,0.0407691,9.58345
-0.172637,0.0339757,9.58932
-0.110398,0.0370762,9.59366
0.0638258,0.0329107,9.57941
0.145552,0.0564422,9.57031
-0.0619739,0.076323,9.5892
-0.00143616,0.0683095,9.57482
0.197246,0.0875752,9.58611
0.25861,0.0751471,9.58842
-0.188271,0.111426,9.59154
-0.104507,0.126635,9.58335
0.0745038,0.13356,9.60001
0.136675,0.117994,9.57531
-0.204976,0.174473,9.56995
-0.0103212,0.143964,9.58641
0.0405904,0.174901,9.56785
0.180489,0.157778,9.5945
-0.107564,0.187689,9.59609
0.113014,0.179452,9.58242
-0.159922,0.217156,9.58049
-0.105526,0.248015,9.57991
0.120254,0.241256,9.59054
-0.043612,0.266109,9.57737
0.018787,0.268775,9.57919
-0.0270865,-0.268176,9.61545
0.085534,-0.255985,9.62942
-0.103986,-0.24897,9.64261
-0.192027,-0.189356,9.63793
-0.070779,-0.198123,9.62894
0.0428308,-0.193641,9.64269
0.105051,-0.198317,9.64129
-0.0173382,-0.173426,9.60885
0.0842865,-0.145464,9.61583
0.202225,-0.158678,9.63659
-0.177712,-0.121991,9.64041
-0.11553,-0.112048,9.63318
-0.0327466,-0.114089,9.64307
0.024606,-0.129942,9.62373
0.181619,-0.104957,9.60914
0.244692,-0.113088,9.63614
-0.263033,-0.0595884,9.63635
-0.202018,-0.070355,9.61522
0.00529957,-0.0696926,9.62217
0.0643928,-0.0609132,9.63891
-0.111856,-0.0443268,9.61901
-0.0496379,-0.0408043,9.63019
0.145713,-0.0505765,9.64209
0.212887,-0.0474728,9.61197
-0.165148,-0.0135519,9.62882
0.0571185,0.0167936,9.63925
0.174874,0.00165299,9.60539
0.235398,0.0157315,9.61438
-0.265826,0.0396102,9.63825
-0.0666327,0.0429942,9.64158
0.115652,0.0202145,9.61186
-0.252419,0.09622,9.61299
-0.204978,0.0628781,9.63393
-0.145885,0.0787745,9.62335
0.0407676,0.0742969,9.62016
0.104522,0.0813096,9.61725
0.160974,0.0588337,9.63052
-0.0903941,0.101278,9.63865
-0.0283587,0.10265,9.63456
0.0242432,0.135463,9.6371
0.184908,0.115386,9.64038
0.23553,0.131672,9.60763
-0.223786,0.150443,9.62446
-0.134664,0.14513,9.63474
-0.0617752,0.153458,9.62031
0.130754,0.145782,9.63187
-0.183814,0.197203,9.63459
0.0097633,0.193344,9.61864
0.0684483,0.212874,9.61048
0.169989,0.21008,9.62665
-0.133242,0.234108,9.63414
-0.0730517,0.259352,9.63209
-0.0113948,0.269393,9.63391
-0.0514476,-0.264112,9.67279
0.0268052,-0.267339,9.64685
-0.15207,-0.222617,9.67287
-0.013541,-0.219001,9.65138
0.168344,-0.210613,9.64401
-0.123676,-0.172244,9.64971
-0.0700663,-0.152504,9.67454
0.00248257,-0.15817,9.67454
0.0630793,-0.142958,9.67447
0.14411,-0.153159,9.65872
-0.23931,-0.124557,9.64812
0.10711,-0.103037,9.65513
-0.154212,-0.0674186,9.65802
-0.0781169,-0.0820096,9.67287
0.0222484,-0.095823,9.67557
0.203433,-0.0772164,9.66582
-0.213331,-0.0525871,9.67345
-0.0975234,-0.0226744,9.6755
0.264387,-0.0529961,9.64684
-0.216874,0.00840092,9.66138
0.00353037,-0.0133983,9.64829
0.0992952,-0.0194742,9.66928
0.155618,0.00694794,9.6644
0.214425,-0.0159564,9.66838
-0.125861,0.0280766,9.65345
-0.00560891,0.047909,9.65327
0.104615,0.042543,9.66906
0.212162,0.0460569,9.66318
0.268934,0.0211666,9.66764
0.133017,0.0972457,9.67105
0.254713,0.0890294,9.64901
-0.179692,0.112508,9.66319
0.0716784,0.105874,9.66398
-0.0935597,0.14484,9.68302
-0.0312977,0.150637,9.67429
0.0753176,0.167206,9.65246
0.209224,0.170833,9.65514
-0.139802,0.189721,9.67807
-0.0836678,0.201461,9.65368
0.128013,0.195207,9.66991
-0.0241247,0.215252,9.66584
0.0392119,0.223712,9.66441
0.101992,0.248288,9.64969
0.0730371,-0.255659,9.69049
0.0127558,-0.248271,9.70447
0.13202,-0.235267,9.68838
-0.0846059,-0.211503,9.68836
-0.0270164,-0.200416,9.7094
0.0868517,-0.194228,9.70089
0.190194,-0.191599,9.70083
-0.226935,-0.145572,9.71212
-0.170935,-0.160412,9.68876
0.137951,-0.164775,9.72103
-0.18511,-0.101046,9.70027
-0.124238,-0.119477,9.69442
-0.0291383,-0.114042,9.70533
0.100606,-0.11531,9.71605
0.188511,-0.129949,9.69559
0.247099,-0.10797,9.69821
-0.25437,-0.0898673,9.70188
-0.128354,-0.0603563,9.71404
0.0690107,-0.0638956,9.70102
0.149148,-0.0819251,9.69568
-0.26829,-0.0258522,9.6885
-0.0236231,-0.0548185,9.68602
0.173234,-0.0255176,9.71433
0.265921,-0.0456181,9.70881
-0.21584,-0.0120081,9.72029
-0.160649,-0.0124322,9.691
-0.042955,0.0052881,9.68525
0.0439834,-0.00716811,9.69536
-0.264204,0.0285472,9.71879
-0.174825,0.0479519,9.68633
-0.0912851,0.040249,9.70401
-0.00934114,0.0479214,9.7156
0.0459481,0.0545208,9.68742
0.148859,0.0466715,9.71265
0.206946,0.0265193,9.72189
-0.257409,0.080435,9.68464
-0.205651,0.0919771,9.71742
-0.127331,0.0885118,9.68735
-0.0558254,0.0892597,9.68907
0.093689,0.0739476,9.72213
0.188883,0.0917585,9.69795
0.251822,0.0675129,9.70742
0.00518431,0.101711,9.68725
0.234417,0.133811,9.69869
-0.232223,0.137577,9.68498
-0.153851,0.13992,9.71305
0.0266746,0.165613,9.69166
0.103556,0.142399,9.70235
0.16357,0.147812,9.68902
-0.196304,0.184905,9.70414
-0.0939925,0.194612,9.72043
0.077638,0.198381,9.70629
-0.109324,0.246642,9.69023
0.130105,0.236463,9.7164
-0.0498238,0.265246,9.69238
0.0121214,0.269464,9.69664
0.0733813,0.259832,9.70383
-0.0387199,-0.267268,9.73381
0.0414362,-0.266431,9.75691
-0.121463,-0.240824,9.72902
-0.0691692,-0.216181,9.75239
0.100954,-0.249835,9.74595
0.155712,-0.21998,9.7444
-0.173774,-0.207111,9.72935
0.0316485,-0.194319,9.72967
-0.18322,-0.151967,9.75632
-0.121036,-0.174773,9.72321
-0.0631744,-0.156076,9.7364
0.0752903,-0.157194,9.75465
0.22512,-0.148076,9.74286
0.0268535,-0.132163,9.72568
0.153841,-0.11252,9.75132
-0.214576,-0.0692277,9.74515
-0.158104,-0.0951707,9.75594
-0.0814828,-0.0964732,9.73345
0.0145194,-0.0715177,9.73254
0.201567,-0.0791066,9.72882
0.2577,-0.0792951,9.7608
-0.268218,-0.0266276,9.7509
-0.0661737,-0.0361678,9.72766
0.0593867,-0.029024,9.75175
0.117795,-0.0461574,9.73537
0.224177,-0.0258822,9.75067
-0.118443,-0.00382955,9.73866
-0.0059946,-0.0126641,9.73207
0.0983448,0.0116739,9.72298
0.26917,0.014399,9.73529
-0.172872,0.0262198,9.74475
-0.0538609,0.0223074,9.7511
0.0461573,0.0358954,9.74665
-0.257135,0.0816165,9.75086
-0.150643,0.0865013,9.74526
0.00711109,0.0902304,9.75811
0.192931,0.0764676,9.75809
-0.0941756,0.11079,9.73535
-0.0346002,0.128709,9.73256
0.0510344,0.119299,9.72557
0.143096,0.108819,9.73661
-0.227744,0.142299,9.74707
0.0823102,0.16311,9.75722
0.232507,0.137118,9.76105
-0.0318179,0.190157,9.72239
0.0260874,0.204599,9.74035
0.139445,0.178742,9.73749
0.200863,0.18014,9.72675
-0.152741,0.222043,9.72977
-0.0204294,0.247012,9.745
-0.0818072,0.257263,9.74521
0.0376176,0.267349,9.75436
-0.0573711,-0.26219,9.79301
-0.150565,-0.220504,9.78538
-0.00885803,-0.223534,9.76697
0.0639834,-0.212982,9.78004
0.124621,-0.181658,9.78255
0.182495,-0.198825,9.7967
-0.00942157,-0.161312,9.76698
-0.238747,-0.125236,9.77001
-0.11095,-0.136317,9.77118
-0.028865,-0.101649,9.76655
0.206287,-0.105614,9.78464
-0.25983,-0.0713857,9.7937
-0.110694,-0.059147,9.77359
0.0634234,-0.0963643,9.76231
0.117324,-0.078349,9.78872
-0.166904,-0.0337281,9.76407
-0.0552517,-0.0357503,9.78894
0.00677444,-0.0408882,9.78618
0.168846,-0.0476442,9.77225
0.108669,-0.0166543,9.78931
0.157334,0.0131728,9.76433
0.269603,-0.0125809,9.79166
-0.229021,0.0204211,9.77146
-0.106616,0.0500166,9.76911
-0.00125529,0.0354122,9.78656
0.100967,0.0436838,9.77625
0.22313,0.0276302,9.78198
-0.20151,0.0754197,9.7795
-0.052906,0.0813167,9.77175
0.0492184,0.0698567,9.799
0.258313,0.0773181,9.76866
-0.174853,0.131582,9.78097
-0.118794,0.106187,9.79518
0.0407915,0.131225,9.79096
0.0962465,0.105866,9.77761
0.175855,0.130057,9.78484
-0.122317,0.15997,9.76363
-0.0667505,0.141203,9.78467
-0.0087121,0.166231,9.77516
0.128676,0.171893,9.79814
-0.191803,0.189615,9.76622
-0.0630468,0.20529,9.77423
0.191194,0.190197,9.78747
-0.12653,0.238227,9.78396
0.0100532,0.222086,9.79783
0.0831224,0.225395,9.76229
0.143051,0.229008,9.77939
-0.0487097,0.265348,9.79757
0.00298759,-0.270079,9.80641
0.0636777,-0.261716,9.81912
-0.10914,-0.24681,9.82388
0.123028,-0.239957,9.80356
-0.0983218,-0.189918,9.80054
-0.040629,-0.205902,9.81812
0.0208608,-0.21388,9.82503
0.0849918,-0.189516,9.83401
-0.212261,-0.16672,9.80964
-0.15106,-0.159216,9.81307
-0.0976907,-0.141072,9.83936
-0.0387689,-0.143464,9.819
0.0392507,-0.157758,9.80565
0.1608,-0.139834,9.81133
0.220798,-0.155196,9.81891
-0.242843,-0.117436,9.83458
-0.135982,-0.098983,9.81414
0.0191234,-0.0987267,9.80624
0.0962195,-0.133086,9.80895
0.250544,-0.0999286,9.82829
-0.198525,-0.0881062,9.8023
-0.0725374,-0.0916499,9.81064
0.167573,-0.079581,9.82584
-0.211502,-0.0275719,9.80726
-0.153819,-0.0409063,9.82588
0.0632405,-0.0545186,9.80853
0.219605,-0.0493969,9.80821
-0.269673,-0.00667365,9.80998
-0.111044,-0.00334388,9.80065
0.00111204,-0.00322527,9.83545
0.0525467,0.00749757,9.80183
0.167499,0.0164438,9.8257
-0.263757,0.0571713,9.80794
-0.213069,0.0299453,9.83109
-0.15748,0.0381588,9.80404
-0.0552848,0.0213126,9.81348
0.106509,0.0250677,9.83565
0.265209,0.0512371,9.82499
-0.075194,0.0780557,9.82993
0.0957875,0.0864559,9.83679
0.14686,0.0775028,9.80086
0.203364,0.0672148,9.82536
-0.243611,0.115813,9.80129
-0.192331,0.103991,9.83418
-0.0162486,0.115127,9.81022
0.144268,0.127635,9.83805
0.244458,0.113571,9.81759
-0.212442,0.165932,9.82163
-0.153206,0.152372,9.83578
0.0155094,0.170411,9.83242
0.214452,0.163974,9.83915
-0.168719,0.21053,9.8203
-0.106344,0.18939,9.81626
-0.0386431,0.202642,9.83166
0.0709526,0.189925,9.81223
-0.0954697,0.251889,9.8367
2.82153e-05,0.269924,9.83634
0.0650901,0.261652,9.80999
-0.0578074,-0.263181,9.85547
0.0225219,-0.268025,9.86573
-0.0173597,-0.219732,9.87473
0.111006,-0.245773,9.8646
-0.204368,-0.176118,9.87193
-0.162796,-0.214964,9.84615
-0.103671,-0.198356,9.86201
0.145693,-0.196782,9.84696
0.201173,-0.179196,9.87308
0.00509391,-0.163834,9.8584
0.125835,-0.139886,9.8634
-0.182308,-0.121461,9.85207
-0.0545728,-0.107225,9.86828
0.0532681,-0.124403,9.85643
0.200111,-0.11739,9.86341
-0.207597,-0.0630056,9.85874
-0.117469,-0.0924761,9.87315
0.0292094,-0.0669501,9.85889
0.100517,-0.0847963,9.84836
-0.266308,-0.0418716,9.86141
-0.0905694,-0.0425342,9.84481
-0.0298082,-0.056826,9.84166
0.132762,-0.0316104,9.84468
0.20608,-0.05568,9.86879
0.266429,-0.0430603,9.84866
-0.16151,0.0103882,9.86012
-0.049997,-0.00256638,9.87087
0.066015,-0.0166567,9.85814
0.22701,0.00418004,9.8394
-0.268294,0.0244051,9.86383
-0.101923,0.0271142,9.85408
0.0414213,0.0405811,9.85343
-0.255788,0.0854914,9.86302
-0.137383,0.0779701,9.84774
-0.0162427,0.0612396,9.84121
0.150365,0.0708303,9.86267
0.254425,0.0893444,9.87423
-0.093989,0.13557,9.84434
0.021263,0.103446,9.86785
0.196662,0.112077,9.86737
-0.225297,0.138282,9.87617
-0.0350089,0.147168,9.86017
0.0682127,0.140776,9.85061
-0.187017,0.187449,9.87506
-0.0849918,0.202052,9.87345
0.113321,0.183433,9.85761
0.165944,0.21279,9.83988
-0.141338,0.229993,9.87298
-0.043364,0.248366,9.87537
0.0394932,0.224802,9.85302
0.112874,0.244866,9.84634
-0.031737,-0.26795,9.912
0.0682348,-0.260584,9.90768
-0.160958,-0.216533,9.90835
-0.102254,-0.249533,9.89738
0.161509,-0.215917,9.90429
0.0462077,-0.206622,9.88151
0.105239,-0.190711,9.89405
-0.139805,-0.152918,9.88491
-0.0527521,-0.168207,9.88146
0.0563694,-0.152976,9.91176
0.166886,-0.14171,9.9103
0.229814,-0.140742,9.91311
-0.167384,-0.102457,9.90957
-0.0898498,-0.130168,9.9143
0.00253488,-0.111743,9.89263
-0.252183,-0.0945894,9.89175
0.0544867,-0.0819911,9.91384
0.150554,-0.0868718,9.8854
0.25472,-0.088716,9.88958
-0.155315,-0.0451049,9.88809
-0.0450957,-0.0559263,9.90218
0.0131253,-0.0198739,9.89614
0.104225,-0.0469331,9.89788
0.263211,-0.0302121,9.90957
-0.269387,-0.0127239,9.91658
-0.217152,-0.00584312,9.88317
-0.102916,-0.0140016,9.90193
0.0901709,0.0136467,9.90706
0.148358,0.0131285,9.88498
0.20829,-0.00107647,9.89832
-0.241053,0.0492306,9.914
-0.134646,0.0471926,9.90279
-0.0721929,0.0437865,9.90622
-0.0108827,0.03742,9.89827
0.268311,0.0255763,9.88188
-0.190705,0.0617248,9.87977
-0.0373881,0.093555,9.89188
0.0691138,0.0721986,9.899
0.198645,0.0600458,9.90082
-0.164662,0.117659,9.88839
-0.0999198,0.0981024,9.89344
0.0551733,0.131525,9.9128
0.111481,0.116471,9.8889
-0.131907,0.169654,9.8983
-0.0729951,0.152224,9.90919
-0.00686236,0.142623,9.91558
0.168507,0.166043,9.88096
0.223928,0.15036,9.90783
-0.00600641,0.196723,9.88459
0.066286,0.191187,9.89799
-0.0956254,0.25189,9.9095
0.108366,0.246929,9.90862
0.0492613,0.26512,9.89958
0.0118949,-0.227105,9.92944
0.119468,-0.241686,9.94253
-0.106759,-0.189819,9.92334
-0.0482018,-0.210227,9.92836
0.0688632,-0.205667,9.94256
0.197594,-0.18364,9.94479
-0.22766,-0.144379,9.92039
-0.167866,-0.163408,9.93976
-0.00370554,-0.167335,9.92
0.125014,-0.16772,9.9486
-0.0478868,-0.098203,9.94764
0.0215039,-0.119571,9.95129
0.106432,-0.116464,9.91796
-0.253893,-0.0909444,9.95391
-0.159223,-0.0609515,9.9555
-0.101257,-0.0702678,9.92907
0.00275168,-0.0609851,9.94177
0.200394,-0.0865589,9.92301
0.258092,-0.0783814,9.95109
-0.211063,-0.0577006,9.92087
0.0686318,-0.0300948,9.94603
0.161747,-0.0363995,9.91992
0.215588,-0.0329231,9.95117
-0.216208,-0.00083899,9.94624
-0.155341,-0.00275698,9.9339
-0.0525226,-0.00580675,9.93876
0.269258,0.0110849,9.95577
-0.18376,0.0522407,9.94082
-0.106728,0.0292886,9.95571
-0.0349977,0.0523543,9.95555
0.0358409,0.0221372,9.93621
0.170145,0.023111,9.9425
-0.131223,0.0864212,9.95094
0.0153597,0.0856312,9.92739
0.127114,0.0623055,9.91991
0.258098,0.0679576,9.93272
-0.246087,0.109885,9.92772
-0.186766,0.114095,9.94667
-0.0711669,0.10273,9.94838
0.104449,0.117142,9.95
0.165097,0.118145,9.92096
-0.21034,0.168998,9.92983
-0.115968,0.146854,9.95406
0.120408,0.169781,9.92002
-0.165671,0.212891,9.92793
-0.105826,0.208408,9.95366
-0.0506789,0.211462,9.9251
0.165269,0.213226,9.92179
0.0238165,0.217735,9.93526
-0.00862105,0.26959,9.92274
-0.00911651,-0.269573,9.97023
0.0531279,-0.264339,9.9682
-0.158433,-0.218041,9.97068
-0.0881201,-0.247948,9.95818
0.160546,-0.216734,9.98238
-0.00989542,-0.192386,9.97657
-0.209163,-0.170222,9.98616
-0.116745,-0.172413,9.98198
-0.0595015,-0.15809,9.96068
0.069192,-0.152106,9.97445
-0.195871,-0.113301,9.96407
-0.131547,-0.116567,9.95869
0.171909,-0.133729,9.97194
0.234229,-0.133765,9.975
-0.209487,-0.0597264,9.99263
-0.0888582,-0.0872776,9.99338
0.0801378,-0.0891502,9.97024
0.140658,-0.0818416,9.95696
0.198059,-0.0795698,9.98887
-0.263256,-0.0331364,9.97526
-0.103014,-0.0293437,9.97604
-0.04116,-0.0480509,9.9841
0.0353712,-0.0514881,9.99404
0.161513,-0.0250568,9.98108
-0.175276,-0.00754909,9.99286
-0.00525153,0.00258477,9.97877
0.0551699,0.00787256,9.99373
0.113165,0.0108938,9.96506
0.21512,0.0194279,9.98559
-0.267982,0.0282213,9.96581
-0.213348,0.0417918,9.9943
-0.255546,0.0864858,9.98486
0.0201884,0.0593844,9.98373
0.0776612,0.0618845,9.95973
0.140716,0.0757045,9.97933
0.200177,0.0745776,9.961
-0.0157335,0.110055,9.97551
0.0466645,0.114657,9.97284
0.241081,0.121312,9.96032
-0.228575,0.142728,9.98347
-0.168617,0.159706,9.98506
-0.0509598,0.164598,9.9662
0.011334,0.165983,9.9704
0.0727334,0.169985,9.96014
0.138075,0.160516,9.97884
0.200765,0.172714,9.96112
0.0438481,0.213636,9.9942
-0.155609,0.220356,9.98903
-0.0205633,0.218758,9.9793
0.114845,0.216215,9.96264
-0.0591827,0.263054,9.95896
0.0157067,0.269079,9.9863
0.0707403,0.260239,9.95805
-0.0577306,-0.263374,10.0105
0.0350482,-0.267419,10.0282
-0.118594,-0.242045,10.0124
-0.00712886,-0.221669,10.0312
0.094249,-0.252513,10.0153
-0.176442,-0.202744,10.0284
-0.065047,-0.202073,10.0043
0.0456561,-0.208925,10.0003
0.106834,-0.192933,10.0027
0.202889,-0.177528,10.0067
-0.160935,-0.13803,10.0095
-0.0762431,-0.142579,10.0189
-0.24128,-0.120517,10.0073
-0.0206993,-0.125335,9.99665
0.0383904,-0.111738,10.0108
0.118247,-0.126257,10.0029
0.17498,-0.118936,10.0324
-0.261644,-0.0651186,10.0287
0.140109,-0.069876,10.0181
0.253182,-0.0932152,10.0185
-0.143381,-0.056096,10.0155
-0.0783191,-0.0405781,10.0334
0.235283,-0.0340591,10.01
-0.23102,-0.0102172,10.0237
-0.123282,0.0021481,10.026
-0.0633108,0.0124293,9.9997
0.105707,-0.0177472,10.0201
0.269126,0.0179091,10.0177
-0.266692,0.0412726,10.0265
-0.151488,0.0499518,9.99731
0.100008,0.045425,10.0154
0.159825,0.0275377,10.0143
-0.0900477,0.0685565,10.0009
-0.030662,0.0643124,10.0194
0.205797,0.068827,10.0227
-0.190221,0.0984322,10.0071
-0.130139,0.115609,10.0059
-0.0653761,0.124712,10.0118
0.104508,0.119488,10.0118
0.18233,0.121239,9.99801
0.241498,0.120122,10.0227
-0.124238,0.174628,10.0263
0.0496857,0.145299,10.027
0.207472,0.172485,10.0232
-0.188484,0.192753,10.0341
-0.067739,0.199001,10.0155
-0.00104993,0.185591,10.0283
0.0953656,0.185854,10.0161
0.167477,0.212106,9.99608
-0.101962,0.249414,10.0023
0.122475,0.240312,10.0288
-0.041591,0.265014,10.0189
0.0638276,0.261859,10.0283
-0.0300802,-0.268038,10.0661
-0.139949,-0.230776,10.0706
-0.078617,-0.229381,10.0588
0.144932,-0.227492,10.0419
-0.120729,-0.178312,10.0436
-0.0446688,-0.17694,10.0604
0.0449066,-0.206364,10.0626
0.189949,-0.18906,10.0668
-0.217068,-0.160045,10.049
-0.162267,-0.141035,10.0717
0.0107894,-0.161439,10.0364
0.0729215,-0.155482,10.0388
0.135433,-0.163616,10.0498
0.22926,-0.142066,10.051
-0.246489,-0.109292,10.0702
-0.11871,-0.105177,10.0451
-0.0351776,-0.114323,10.0562
0.0455142,-0.111064,10.0727
0.125618,-0.102388,10.0692
-0.187625,-0.0916309,10.0417
0.00711928,-0.0697549,10.0464
0.080617,-0.0733552,10.0353
0.207118,-0.069294,10.053
0.0475603,-0.0222985,10.0478
0.164475,-0.0237334,10.0516
0.265547,-0.0478412,10.0624
-0.269687,-0.00109887,10.0717
-0.176893,-0.0189689,10.0541
-0.0213372,-0.0152745,10.0363
0.215048,0.0122805,10.0477
-0.190708,0.0416612,10.0523
-0.0860102,0.0415306,10.057
0.0189731,0.0322038,10.0395
0.073891,0.0297019,10.0695
0.136951,0.0279746,10.0723
-0.253857,0.0913132,10.061
-0.138305,0.0754177,10.0528
-0.0501503,0.0937718,10.0709
0.0638012,0.0865182,10.0455
0.143781,0.0813911,10.0414
0.260592,0.068833,10.0527
-0.16614,0.134617,10.0528
-0.103972,0.127056,10.0614
-0.00771818,0.123075,10.0357
0.19126,0.116963,10.0596
-0.227,0.145474,10.0468
-0.0508997,0.159976,10.0612
0.0942313,0.138367,10.0703
0.146174,0.155684,10.0405
0.0517211,0.206167,10.0556
0.16945,0.210431,10.0584
-0.139989,0.23097,10.0485
-0.0317341,0.223159,10.0677
-0.0846798,0.256055,10.0632
0.00840285,0.269639,10.0561
0.0212373,-0.269663,10.105
0.0751096,-0.25922,10.0754
-0.0084871,-0.216384,10.0932
0.157829,-0.221016,10.1098
-0.186699,-0.194885,10.0911
-0.123328,-0.181636,10.1056
0.10361,-0.204778,10.0837
-0.225268,-0.150542,10.1121
0.0172893,-0.160095,10.0984
0.090859,-0.145406,10.0978
0.149863,-0.159478,10.1116
0.222907,-0.153741,10.112
-0.13096,-0.0996864,10.1059
-0.0845178,-0.136738,10.0868
-0.00441637,-0.0982889,10.108
0.182552,-0.109418,10.0938
0.250082,-0.100302,10.0922
-0.19322,-0.0976319,10.1042
-0.0711609,-0.0748615,10.0887
-0.224823,-0.0513118,10.0771
-0.124882,-0.0464045,10.0742
-0.0198957,-0.0394834,10.0938
0.0402108,-0.055348,10.0997
0.0998779,-0.0274778,10.0815
0.150984,-0.0563495,10.103
0.214426,-0.0254096,10.0975
-0.21421,0.00619295,10.0988
-0.134883,0.0155458,10.0859
-0.0753249,-0.0112695,10.0885
0.0245676,0.00502827,10.0988
0.26814,0.0117252,10.0807
-0.260235,0.0496472,10.1069
-0.0289917,0.0304656,10.0795
0.190706,0.0580221,10.0823
-0.197397,0.0927955,10.0871
-0.101918,0.0805272,10.103
0.01061,0.08085,10.0774
0.105917,0.0788744,10.091
0.242679,0.118708,10.0944
-0.204974,0.152163,10.1049
-0.139384,0.155897,10.1048
0.019911,0.158412,10.0802
0.151402,0.153975,10.1027
0.209073,0.170573,10.0854
-0.175135,0.205695,10.0936
-0.0986434,0.195704,10.0792
0.110645,0.198363,10.0753
-0.126928,0.240054,10.1127
0.0183644,0.222848,10.1055
-0.0219335,0.269948,10.1115
0.0650175,0.261729,10.0908
-0.0425341,-0.268552,10.1273
-0.15683,-0.222465,10.1382
-0.101257,-0.251123,10.115
0.0458658,-0.215595,10.1244
0.10599,-0.249475,10.1297
-0.0647028,-0.200871,10.1145
0.0987562,-0.188418,10.1437
-0.149889,-0.14327,10.1465
-0.0350886,-0.148275,10.13
-0.254174,-0.0986027,10.1312
-0.0811048,-0.108037,10.1421
0.0478212,-0.119546,10.1346
-0.210203,-0.0586656,10.1499
0.0948013,-0.0783513,10.1189
0.200186,-0.0697514,10.1391
-0.267018,-0.0384564,10.1212
-0.165841,-0.0277926,10.1186
-0.109197,-0.0485218,10.1343
-0.048559,-0.0554165,10.147
0.265425,-0.0491803,10.1246
-0.122169,0.0108483,10.1486
-0.019338,-0.000775181,10.1427
0.166051,0.00510226,10.1227
0.26989,0.00969393,10.1449
-0.172469,0.0416532,10.1284
-0.068213,0.0354457,10.1293
0.0501686,0.0578952,10.1197
0.103028,0.0253001,10.1243
0.209858,0.0467883,10.1406
-0.0598619,0.0954827,10.1465
-0.010914,0.0597766,10.1316
0.149446,0.0625722,10.1433
0.26397,0.0638528,10.1147
-0.246615,0.108931,10.1219
-0.153633,0.100959,10.1305
-0.00912035,0.121101,10.1207
0.0547404,0.119923,10.1145
0.112139,0.118378,10.139
0.187774,0.106643,10.121
-0.0786889,0.14608,10.1153
-0.110569,0.190953,10.1475
-0.0267592,0.180719,10.1146
0.0653292,0.182766,10.1152
0.118324,0.18097,10.1481
0.192386,0.190406,10.1418
-0.0666709,0.227872,10.1221
0.0985464,0.253252,10.1428
0.148376,0.226572,10.1162
-0.00554416,-0.272801,10.1774
0.053599,-0.267526,10.1583
-0.10485,-0.2265,10.1721
-0.0195382,-0.217033,10.1543
0.149714,-0.232442,10.171
-0.199553,-0.182112,10.1595
0.191473,-0.189941,10.1521
-0.0931647,-0.166969,10.1582
-0.0391028,-0.169636,10.1892
0.0190124,-0.168569,10.1602
0.226507,-0.154655,10.1903
-0.204842,-0.11932,10.1633
-0.00358908,-0.111087,10.169
0.109648,-0.127332,10.1544
0.183808,-0.128073,10.1533
0.247033,-0.108452,10.1539
-0.153853,-0.0827872,10.1613
0.0722767,-0.0824213,10.1782
0.267605,-0.0590932,10.1861
-0.266288,-0.0428128,10.1831
-0.158939,-0.0249631,10.184
0.0130446,-0.0525621,10.1555
0.0889981,-0.0273677,10.1545
0.149639,-0.0396423,10.1631
-0.27167,0.0131035,10.156
-0.210023,0.00249317,10.1609
-0.0701175,-0.00594849,10.1787
0.0396976,0.0105758,10.1591
0.124993,0.015714,10.1815
0.213422,-0.0124347,10.1595
-0.042138,0.0491722,10.1843
-0.223639,0.0630105,10.157
-0.177437,0.0919364,10.1874
-0.113243,0.0700041,10.1666
0.0283102,0.094923,10.1648
0.0869044,0.0654697,10.1693
0.19143,0.0885444,10.1829
0.264178,0.0636747,10.1771
-0.245374,0.113491,10.1866
-0.0976014,0.135776,10.1755
0.0745637,0.130278,10.1875
0.246935,0.120114,10.1566
-0.217366,0.164929,10.1652
-0.156616,0.15253,10.165
-0.0374371,0.150414,10.1679
0.0268697,0.156837,10.1571
0.163342,0.141651,10.1661
-0.169714,0.214396,10.1551
-0.11975,0.246612,10.1743
-0.0192533,0.220489,10.1621
0.0428896,0.216842,10.1625
0.155381,0.225031,10.1782
-0.0602862,0.266666,10.1705
0.0147305,0.271797,10.172
-0.0649117,-0.267619,10.1961
0.0400198,-0.27406,10.2201
0.0977079,-0.255834,10.201
-0.163006,-0.221135,10.2004
-0.114408,-0.247979,10.23
-0.0471051,-0.217386,10.2286
0.0396631,-0.217518,10.1929
-0.11311,-0.18234,10.2153
0.0959319,-0.193762,10.2057
0.189711,-0.199359,10.2138
-0.225603,-0.154173,10.2106
-0.164676,-0.146863,10.2191
0.00864986,-0.149106,10.2237
0.0634696,-0.141756,10.1946
0.146639,-0.160103,10.1921
-0.257257,-0.103386,10.1933
-0.11517,-0.120241,10.1928
-0.0547134,-0.11149,10.2045
0.184432,-0.115729,10.2143
0.247904,-0.105704,10.2227
-0.203241,-0.092415,10.2208
-0.14434,-0.0736526,10.2221
-0.0911783,-0.0627244,10.192
0.0189591,-0.0875509,10.222
0.131145,-0.088058,10.198
0.20677,-0.0591407,10.2003
-0.213399,-0.0312068,10.2138
-0.0313192,-0.0539414,10.2069
0.0448815,-0.0333986,10.2052
0.106401,-0.0335248,10.2151
-0.267124,-0.000374993,10.2286
-0.115937,-0.0186295,10.2288
-0.00582814,0.00253824,10.2034
0.165773,-0.0143661,10.2178
0.270595,0.000621991,10.2066
-0.268787,0.0571854,10.2
-0.214586,0.0310857,10.2162
-0.153956,0.0353551,10.1993
-0.0941674,0.0387353,10.2171
0.0708413,0.0227518,10.2118
0.158427,0.0509323,10.2203
0.215386,0.0335895,10.2016
0.0164885,0.0594758,10.2144
-0.114093,0.0980401,10.2225
-0.0536931,0.105326,10.2078
0.00380091,0.129207,10.2106
0.129151,0.101063,10.1978
0.176209,0.130615,10.2263
0.256164,0.110723,10.2176
-0.166865,0.139177,10.2265
-0.0756415,0.159476,10.229
0.123772,0.162198,10.2091
0.217493,0.16251,10.1918
-0.190833,0.197558,10.2114
-0.127958,0.186494,10.2085
-0.0724046,0.209948,10.1929
-0.0190748,0.186768,10.2152
0.0450092,0.17937,10.2125
0.183806,0.200526,10.2282
0.0177799,0.234905,10.2291
0.0959639,0.215761,10.1947
-0.0894581,0.259779,10.2272
-0.0290911,0.275414,10.2237
0.0657123,0.268237,10.2078
-0.0197018,-0.273967,10.2383
-0.162747,-0.224111,10.2628
0.0710648,-0.229797,10.251
0.146596,-0.238781,10.2359
0.0122803,-0.206734,10.248
0.118087,-0.190874,10.2639
-0.199238,-0.173388,10.2639
-0.0640491,-0.157691,10.2452
0.0614117,-0.168314,10.251
0.165911,-0.150876,10.2623
0.228093,-0.156827,10.2527
-0.253536,-0.122667,10.2565
-0.107631,-0.113784,10.2542
-0.0254365,-0.110208,10.2594
0.111566,-0.134067,10.2366
-0.260449,-0.0622877,10.2421
-0.0687804,-0.0649081,10.2557
0.0771866,-0.0825353,10.2433
0.0046542,-0.033125,10.2535
0.273735,-0.0470281,10.2468
-0.171399,0.00095396,10.2496
-0.0559714,-0.00598038,10.2395
0.0635771,-0.0141914,10.2614
0.122985,0.0107786,10.2557
0.222383,-0.0120441,10.2436
-0.271853,0.0518893,10.262
-0.138667,0.0533594,10.2585
-0.0119947,0.0315766,10.2624
0.0483856,0.0460475,10.2661
0.265006,0.0525182,10.2409
-0.197034,0.0828391,10.2459
-0.00774548,0.0937768,10.2607
0.101681,0.0673543,10.242
0.208758,0.0795541,10.2433
-0.0682559,0.106804,10.2681
0.0509219,0.103437,10.242
0.122791,0.123437,10.2577
-0.229382,0.15308,10.2321
-0.11987,0.141306,10.2688
-0.0270934,0.153644,10.2674
0.0683168,0.157121,10.2677
0.227497,0.152478,10.2541
-0.162825,0.186045,10.2673
-0.100106,0.207773,10.2602
0.12359,0.184778,10.2671
-0.149848,0.23769,10.236
-0.0392434,0.225553,10.2595
0.0725796,0.217789,10.2534
0.134822,0.238121,10.2378
-0.0769834,-0.268067,10.2759
0.0256089,-0.273287,10.2809
0.0838428,-0.265227,10.3011
-0.125014,-0.244582,10.3082
-0.0244915,-0.236917,10.2883
0.138809,-0.23595,10.3017
-0.0890327,-0.207066,10.2737
0.187744,-0.207318,10.2757
-0.136656,-0.166867,10.2708
-0.0333018,-0.175654,10.2964
0.0286205,-0.173135,10.3039
0.0858034,-0.141731,10.302
-0.167632,-0.106473,10.2697
-0.0691401,-0.121631,10.3025
0.0354104,-0.116915,10.2746
0.134047,-0.104416,10.2884
0.25067,-0.109093,10.2943
-0.244102,-0.0799206,10.301
-0.0229908,-0.0633029,10.3005
0.0403006,-0.059307,10.2977
0.193856,-0.0959828,10.2723
-0.268044,-0.0206877,10.288
-0.19745,-0.0517308,10.2704
-0.133453,-0.0527986,10.2794
0.11413,-0.046445,10.278
0.175503,-0.0366536,10.276
0.233768,-0.0490849,10.2943
-0.110801,0.00228343,10.2979
-0.0440184,-0.00391628,10.3022
0.0207004,-0.000490811,10.3047
0.269754,0.00475061,10.2811
-0.221534,0.0203614,10.2813
-0.0715918,0.0449875,10.275
0.096282,0.040798,10.3054
0.181342,0.0253919,10.272
0.23216,0.0519691,10.2964
-0.207614,0.075453,10.3073
-0.112797,0.0849682,10.3058
0.145879,0.0741327,10.288
-0.248317,0.108826,10.2719
-0.177203,0.125426,10.2866
0.0214222,0.132928,10.3008
0.0801357,0.10053,10.297
0.198962,0.104624,10.2995
0.259383,0.105837,10.2806
-0.218434,0.171668,10.2911
0.176992,0.161746,10.289
0.01919,0.194341,10.2763
-0.135256,0.246783,10.296
0.10994,0.251392,10.2934
0.166508,0.223073,10.2904
-0.076673,0.267072,10.2879
-0.00703272,0.276789,10.2821
0.0548466,0.273806,10.2744
-0.037878,-0.276797,10.3345
0.0290777,-0.280134,10.3428
-0.0651838,-0.220675,10.3326
0.185268,-0.215593,10.3379
-0.185486,-0.206297,10.3182
0.0834519,-0.204186,10.314
-0.233577,-0.148517,10.3098
-0.171653,-0.14558,10.3177
-0.104377,-0.17298,10.3236
0.143279,-0.173843,10.3182
0.220962,-0.170143,10.3134
-0.126714,-0.102379,10.3166
-0.00882356,-0.122475,10.3182
0.179887,-0.12403,10.3261
-0.185806,-0.081498,10.324
0.0928356,-0.0780339,10.3271
0.15417,-0.0615522,10.3292
0.212938,-0.0752723,10.3468
0.27435,-0.0668468,10.3383
-0.272783,-0.0460698,10.3449
-0.215777,-0.0251538,10.3238
-0.15402,-0.0285277,10.3328
-0.0824601,-0.051251,10.3151
-0.279371,0.0154882,10.3381
0.0799548,-0.0172623,10.3213
0.14013,-0.00257386,10.314
0.207527,-6.069e-05,10.3223
0.278358,-0.00240045,10.3425
-0.166183,0.0287655,10.3089
-0.0748534,0.0466133,10.3374
-0.0150135,0.0301872,10.3458
0.170402,0.0471532,10.3388
-0.268666,0.0741967,10.32
-0.0386208,0.0957457,10.3217
0.0186994,0.0721704,10.3143
0.119836,0.0830416,10.3447
0.270763,0.0621466,10.3443
-0.246647,0.131675,10.3299
-0.142909,0.13419,10.3379
-0.081588,0.141763,10.318
-0.0245514,0.164673,10.3287
0.0700586,0.162009,10.3299
0.126834,0.138843,10.3178
0.236762,0.147825,10.3237
-0.12343,0.188751,10.3154
-0.0655855,0.211544,10.3142
0.12184,0.200277,10.3272
0.197705,0.195905,10.3372
-0.183942,0.215377,10.319
-0.00606484,0.227482,10.3227
0.0594461,0.221842,10.3153
-0.0968207,0.256981,10.3461
-0.0388038,0.280413,10.3357
0.0305348,0.277112,10.332
-0.0970128,-0.261459,10.3676
0.0863041,-0.267089,10.364
-0.154811,-0.238209,10.3627
-0.0220685,-0.218493,10.3777
0.0325895,-0.21809,10.3475
0.12877,-0.2214,10.3638
-0.21263,-0.185726,10.3706
-0.149387,-0.176363,10.3667
-0.0910106,-0.191816,10.3815
0.218883,-0.179741,10.3761
-0.0510058,-0.154217,10.3523
0.00973704,-0.162063,10.3624
0.0976153,-0.16416,10.3596
0.156376,-0.167957,10.3805
-0.266584,-0.108003,10.3533
-0.207805,-0.124268,10.3636
-0.106221,-0.130979,10.3695
0.0537903,-0.1199,10.3509
0.131208,-0.111627,10.3632
0.198313,-0.122024,10.3854
0.250218,-0.131162,10.3526
-0.219818,-0.0632499,10.3731
-0.114208,-0.0670368,10.3663
-0.0493299,-0.0890255,10.352
0.0117069,-0.0737851,10.3513
-0.0312285,-0.0289499,10.3579
0.0497808,-0.0299757,10.3742
0.111528,-0.038088,10.371
0.229642,-0.0225542,10.3757
-0.164685,0.017134,10.3737
-0.101729,-0.00636542,10.3589
0.166583,-0.00892337,10.3699
-0.220268,0.0315854,10.3494
0.0519011,0.0316899,10.348
0.112503,0.0239073,10.3633
-0.268189,0.0962613,10.3782
-0.153527,0.0743307,10.3517
-0.0408546,0.0786367,10.3815
0.0595602,0.0952326,10.3557
0.214915,0.0870542,10.357
-0.206955,0.101965,10.3677
-0.0957839,0.103921,10.3656
0.00239211,0.119514,10.3624
0.103943,0.134776,10.3755
0.266932,0.118398,10.3712
-0.196935,0.16302,10.3504
0.179308,0.138054,10.3517
0.230186,0.167469,10.3827
-0.146553,0.183025,10.381
-0.086356,0.182456,10.3651
-0.00819657,0.183116,10.3857
0.0900625,0.208996,10.3795
0.146344,0.179705,10.3847
-0.154303,0.243208,10.3664
-0.0464032,0.229856,10.3712
0.0315785,0.229623,10.3723
0.157945,0.23689,10.3624
0.0886606,0.264307,10.3505
-0.133421,-0.254315,10.4191
-0.0204855,-0.279787,10.3944
0.0411583,-0.282871,10.4042
0.107485,-0.262221,10.4226
-0.187634,-0.223369,10.4137
0.182199,-0.224517,10.3997
0.0220526,-0.187765,10.4175
0.0745523,-0.211542,10.3933
0.128518,-0.203384,10.4238
-0.239673,-0.165465,10.4252
-0.178522,-0.157884,10.4183
-0.0427555,-0.174988,10.4175
0.064575,-0.142505,10.4077
0.254298,-0.143333,10.4156
-0.228738,-0.104566,10.419
-0.157202,-0.103697,10.3923
-0.0593654,-0.115582,10.4075
0.000968787,-0.129154,10.4148
-0.278057,-0.0704755,10.4019
-0.0177498,-0.0691313,10.406
0.0427531,-0.0840905,10.4044
0.104298,-0.0858145,10.4133
0.172161,-0.066349,10.3932
0.252716,-0.0847106,10.3941
-0.164742,-0.0419665,10.3934
-0.0725237,-0.0394997,10.4034
0.287406,-0.0329361,10.3962
-0.239066,-0.00503994,10.3962
-0.121951,-0.00497251,10.4196
-0.0554323,0.0191499,10.3921
0.00434804,0.00336247,10.4005
-0.285862,0.0389552,10.3955
-0.226954,0.0569334,10.4061
-0.110777,0.0478626,10.3885
0.0681085,0.0206982,10.4069
0.146929,0.0268586,10.4171
0.205773,0.0349945,10.3896
0.281527,0.034256,10.399
-0.165416,0.0626571,10.4161
0.0188396,0.0631632,10.3905
0.10486,0.0711589,10.4042
0.162107,0.0917514,10.39
0.240913,0.0806702,10.4136
-0.152143,0.120811,10.3979
-0.00670904,0.110267,10.4248
0.0550051,0.106544,10.4169
0.200991,0.128728,10.4221
-0.243806,0.152495,10.3904
-0.10499,0.156527,10.4192
-0.0515385,0.138838,10.3924
0.0500925,0.162308,10.3896
-0.203499,0.199434,10.4008
0.195135,0.213185,10.4065
-0.106975,0.22696,10.4036
-0.00695805,0.231367,10.4251
-0.0680134,0.275645,10.4073
-0.00298034,0.280551,10.3868
0.0574365,0.278714,10.4027
0.11672,0.258881,10.4058
-0.0606575,-0.285068,10.442
0.00425203,-0.287824,10.4544
-0.0792462,-0.226311,10.4317
-0.0174211,-0.231384,10.4386
0.0443337,-0.237307,10.4472
0.164442,-0.243614,10.4564
-0.1399,-0.198399,10.4454
0.0816762,-0.190258,10.4645
-0.109539,-0.146096,10.43
0.0362144,-0.147395,10.4629
0.197842,-0.163936,10.4322
-0.273838,-0.126419,10.4599
-0.160325,-0.110396,10.4539
0.0994035,-0.130821,10.4579
0.15402,-0.119657,10.429
-0.287204,-0.0655144,10.4632
-0.10945,-0.0837747,10.4268
-0.0559432,-0.0690096,10.4557
0.208288,-0.0902426,10.438
0.278253,-0.0974545,10.4505
-0.222212,-0.0462276,10.4399
-0.152813,-0.0483048,10.4543
0.0134833,-0.0433491,10.4535
0.0715666,-0.0362168,10.4323
0.133755,-0.033099,10.429
0.248425,-0.0430624,10.4435
-0.289704,-0.0114726,10.4321
-0.238713,0.0132593,10.4576
-0.182775,0.00375791,10.4318
-0.0376766,-0.0086781,10.445
0.0336501,0.0168531,10.4586
0.102269,0.0116036,10.4581
0.194065,-0.0181225,10.4263
0.293635,-0.000719587,10.4493
-0.287628,0.0540692,10.4561
-0.0821264,0.0364634,10.4458
-0.0222552,0.0510206,10.4359
0.237288,0.0247206,10.4421
-0.112305,0.0899802,10.4345
0.0722199,0.0659477,10.4608
0.188363,0.0659228,10.4438
0.28613,0.06444,10.4536
-0.269043,0.114049,10.4378
-0.206632,0.117888,10.428
-0.0617849,0.122289,10.4517
0.129313,0.126218,10.4317
0.270191,0.128052,10.4418
-0.237766,0.16623,10.4521
-0.165385,0.166736,10.4381
0.0151174,0.166333,10.4412
0.0768191,0.157281,10.4457
0.170315,0.175039,10.4507
-0.118916,0.202384,10.4598
-0.0457569,0.183302,10.4357
0.0529615,0.214302,10.4288
0.11712,0.204101,10.4356
0.232518,0.177759,10.4455
-0.164158,0.242433,10.4281
0.161728,0.246751,10.447
-0.107837,0.263883,10.454
-0.0223176,0.28775,10.4481
0.0319969,0.261316,10.4636
0.0941555,0.254838,10.4639
-0.0395588,-0.295468,10.5019
-0.123633,-0.266015,10.4797
0.0692133,-0.286661,10.4753
0.123631,-0.266429,10.4979
-0.193681,-0.229116,10.4757
-0.055996,-0.237228,10.4883
0.00582717,-0.235455,10.4963
-0.0883871,-0.185089,10.4777
-0.0161113,-0.179777,10.4738
0.209309,-0.201637,10.4807
-0.242074,-0.172925,10.4872
-0.180438,-0.165063,10.4804
-0.124524,-0.137876,10.497
0.149562,-0.165309,10.471
-0.0587782,-0.131156,10.4678
-0.00431315,-0.100651,10.4708
0.175732,-0.110922,10.4869
0.234215,-0.135329,10.4742
-0.221597,-0.0950112,10.4801
-0.109126,-0.0776255,10.4888
0.0567621,-0.0862537,10.4666
0.120559,-0.0743547,10.474
0.232087,-0.0760445,10.4939
-0.0924067,-0.0197819,10.4724
-0.0265691,-0.0352903,10.5003
0.0652859,-0.0218208,10.4958
0.177574,-0.0490823,10.478
0.291411,-0.048082,10.49
-0.299624,0.000301294,10.4927
-0.1954,-0.0186566,10.489
0.170219,0.014194,10.4737
0.227212,-0.0107006,10.4924
-0.13947,0.0286353,10.4692
-0.0175566,0.0260793,10.4928
0.240634,0.0511087,10.4984
-0.229339,0.0742301,10.4664
-0.164611,0.0887211,10.4727
-0.107485,0.079413,10.4958
-0.0451576,0.0818692,10.4964
0.0140276,0.082057,10.4765
0.133526,0.0645545,10.4737
-0.250982,0.124466,10.4964
0.0414996,0.13621,10.4927
0.100096,0.115709,10.4859
0.162526,0.121824,10.4843
0.222663,0.106755,10.4764
-0.19101,0.142527,10.4896
-0.12447,0.137509,10.4752
-0.0743958,0.171499,10.4908
-0.0207628,0.13975,10.4954
0.115294,0.175798,10.4911
0.263646,0.147011,10.5009
-0.197132,0.209931,10.4701
-0.00698197,0.200773,10.4883
0.055625,0.197164,10.4886
-0.155274,0.250548,10.4921
-0.0531042,0.236893,10.4666
0.203612,0.219504,10.4843
-0.0651216,0.292014,10.4935
0.0214874,-0.296435,10.5139
-0.161006,-0.258193,10.5304
-0.090217,-0.274453,10.5318
0.0812175,-0.291365,10.5363
0.0670283,-0.233451,10.507
0.179597,-0.242867,10.5171
-0.202649,-0.19761,10.5289
-0.139904,-0.204113,10.5075
-0.084908,-0.210186,10.5366
-0.0236705,-0.188725,10.5402
0.0327687,-0.182032,10.5144
0.122608,-0.205445,10.5096
-0.0707883,-0.150204,10.5262
0.185313,-0.161562,10.5218
0.25258,-0.157557,10.5297
-0.287872,-0.0986153,10.5162
-0.209204,-0.134404,10.527
-0.00497821,-0.126013,10.5284
0.0563384,-0.123369,10.5169
0.123274,-0.129093,10.5155
0.205229,-0.105821,10.5417
0.282748,-0.103498,10.5175
-0.167585,-0.0837327,10.5093
-0.0537601,-0.0899673,10.5143
0.0236133,-0.0685271,10.5165
0.0877997,-0.0705019,10.5275
0.150071,-0.0735678,10.5295
-0.30078,-0.0423543,10.5408
-0.248316,-0.0456238,10.5075
-0.13876,-0.0258837,10.5136
-0.079649,-0.0315458,10.5324
0.128527,-0.0205184,10.5045
0.20374,-0.0434361,10.5399
-0.245638,0.0156208,10.5202
0.189156,0.0177846,10.5329
0.298185,0.0170834,10.5086
-0.191292,0.0417111,10.5038
-0.135788,0.0346332,10.5311
-0.0771869,0.0270032,10.511
0.0353782,0.024061,10.5259
0.09552,0.0366124,10.5146
-0.291244,0.0603938,10.5181
-0.233201,0.0772999,10.5331
0.0017285,0.0901568,10.5372
0.063414,0.0883759,10.5283
0.126061,0.0869972,10.5348
0.186801,0.0792576,10.5229
0.28861,0.0904944,10.5103
-0.138898,0.121935,10.5338
0.0827218,0.149769,10.5376
0.146509,0.145585,10.5407
0.203506,0.161631,10.5094
-0.232083,0.17974,10.518
-0.153765,0.188486,10.5098
-0.036558,0.180931,10.5395
0.0257912,0.177601,10.5398
0.158784,0.204598,10.5248
-0.195965,0.227977,10.5335
-0.0783111,0.227746,10.5228
0.0300101,0.242364,10.5229
0.0932543,0.231083,10.5251
-0.116574,0.27592,10.534
0.143853,0.261588,10.5049
0.000191755,0.29462,10.506
0.0656818,0.294798,10.5039
-0.0461787,-0.308379,10.5626
-0.129572,-0.278928,10.5801
0.0299306,-0.280169,10.5735
0.131877,-0.279231,10.5735
-0.200863,-0.241368,10.5755
-0.137289,-0.216162,10.5701
-0.0307858,-0.250646,10.5443
0.0322718,-0.218312,10.5652
0.0969985,-0.229096,10.5614
0.186918,-0.250578,10.5805
0.155256,-0.198438,10.5622
0.218531,-0.20516,10.5516
-0.267034,-0.150197,10.5446
-0.155269,-0.158457,10.5473
0.0315129,-0.154506,10.5701
0.0866953,-0.169677,10.5457
-0.174463,-0.100994,10.5686
-0.110289,-0.128938,10.579
-0.0495978,-0.113769,10.5719
0.0966026,-0.113658,10.5716
0.155796,-0.132842,10.5685
0.283795,-0.124543,10.5762
-0.296585,-0.0923806,10.5777
-0.239254,-0.0865331,10.5537
-0.121057,-0.0747592,10.5499
-0.0222193,-0.0593878,10.5584
0.0384491,-0.0912001,10.5726
0.254555,-0.0710961,10.5628
-0.247734,-0.0244578,10.5681
-0.191302,-0.040888,10.5473
0.0301212,-0.0263193,10.5642
0.15046,-0.0209372,10.5628
0.299633,-0.0298249,10.5498
-0.302225,0.0164804,10.5611
-0.187771,0.0178169,10.5674
-0.13627,-0.018425,10.5755
-0.0827105,0.0155306,10.5734
-0.0254154,0.00238837,10.5499
0.0896179,-0.0125182,10.5526
0.249459,0.00960264,10.5469
-0.245992,0.0369708,10.5789
0.0766456,0.045945,10.5731
0.139868,0.0396032,10.573
0.300961,0.0532977,10.559
-0.175931,0.0781561,10.5578
-0.095274,0.0744276,10.5568
-0.0374598,0.0586874,10.5741
0.241944,0.0835589,10.5516
-0.282807,0.115669,10.549
-0.206985,0.131678,10.549
-0.0527229,0.119321,10.5457
0.202887,0.13073,10.5637
0.292411,0.11341,10.5723
-0.255397,0.165663,10.574
-0.095815,0.164141,10.5493
-0.00582458,0.14203,10.5801
0.258431,0.164561,10.5617
-0.177047,0.181166,10.5726
0.0682078,0.205433,10.5762
0.174985,0.18381,10.5811
0.220754,0.210866,10.5436
-0.127591,0.216676,10.5591
-0.0261541,0.249369,10.5492
0.12773,0.224477,10.5768
-0.166123,0.262402,10.5757
0.113268,0.282017,10.5552
0.17838,0.254832,10.5563
-0.065873,0.303898,10.5575
-0.0045495,0.304539,10.5687
0.0574554,0.308319,10.5643
0.00764179,-0.314661,10.6204
0.0811137,-0.307427,10.5966
-0.0757421,-0.248445,10.5872
-0.0158733,-0.251213,10.6049
-0.23968,-0.193427,10.5853
-0.180052,-0.181608,10.5998
-0.00979576,-0.189269,10.6011
0.059742,-0.191824,10.6147
0.253317,-0.175936,10.5945
-0.281164,-0.143173,10.6102
-0.0685452,-0.174942,10.5855
0.116135,-0.168736,10.6008
0.185082,-0.156846,10.6178
-0.222518,-0.133802,10.5909
-0.00129287,-0.120688,10.6106
0.0598801,-0.129519,10.6195
0.22691,-0.114371,10.5995
-0.209389,-0.0623372,10.6028
-0.129827,-0.0690961,10.6113
0.144787,-0.0759776,10.5916
0.301339,-0.0644013,10.6034
-0.307181,-0.0361161,10.6026
-0.072276,-0.045108,10.5928
-0.00329733,-0.0510991,10.6173
0.0853653,-0.0572037,10.596
0.203876,-0.0559108,10.6011
0.256017,-0.0214559,10.6008
-0.0349193,0.00243652,10.6114
0.103011,0.00822263,10.6153
0.200982,0.0071919,10.5933
0.308217,0.0126472,10.6055
-0.136051,0.041516,10.593
0.0173156,0.0309583,10.5853
0.253535,0.0442071,10.5986
-0.296815,0.0712627,10.5902
-0.189662,0.0630969,10.6168
-0.0825951,0.0629881,10.6171
0.0302328,0.0916506,10.5928
0.192882,0.0691426,10.5874
0.304816,0.0735976,10.6188
-0.291228,0.129916,10.6105
-0.238368,0.0984502,10.5916
-0.158641,0.123822,10.5967
-0.0905466,0.122758,10.5957
-0.0349707,0.103356,10.6195
0.0900169,0.10629,10.5819
0.150527,0.114491,10.5948
0.239321,0.103872,10.6105
-0.211494,0.15142,10.6153
-0.12363,0.174816,10.6053
-0.0573309,0.174748,10.6055
0.0517758,0.151165,10.6025
0.113277,0.164487,10.5901
-0.0055452,0.204929,10.5879
-0.219262,0.220986,10.5956
-0.129995,0.235471,10.6186
-0.0734194,0.231963,10.5862
0.213308,0.231043,10.6022
-0.114571,0.291674,10.5945
-0.0247206,0.262707,10.6105
0.0312256,0.255181,10.5837
0.0881522,0.261598,10.6087
0.149271,0.274617,10.6079
-0.0615566,0.312185,10.62
-0.0546115,-0.319152,10.6235
0.0608588,-0.31046,10.6555
0.128344,-0.294412,10.6354
-0.171857,-0.267341,10.6246
-0.101526,-0.277586,10.636
-0.0437874,-0.268357,10.6579
0.0408285,-0.256921,10.6303
0.182357,-0.264334,10.6439
-0.213718,-0.221989,10.6344
-0.135041,-0.217465,10.6325
0.100379,-0.240173,10.6224
0.224848,-0.223995,10.6224
-0.0730777,-0.210645,10.6366
0.105557,-0.189785,10.6587
0.155989,-0.211821,10.6229
-0.192547,-0.165614,10.6589
-0.108616,-0.159539,10.6334
-0.0468409,-0.152245,10.6395
0.0191195,-0.156274,10.6583
0.230264,-0.137273,10.6576
0.28824,-0.144007,10.6352
-0.215859,-0.108836,10.6478
-0.159893,-0.125267,10.6242
-0.0764122,-0.0978315,10.6257
0.113683,-0.10413,10.6378
0.179463,-0.0985732,10.6397
-0.30569,-0.0852021,10.6412
-0.174259,-0.0601365,10.6542
0.0483568,-0.0734499,10.6442
0.250518,-0.0725257,10.6392
0.310553,-0.0894958,10.6598
-0.250762,-0.0571656,10.6488
-0.0574903,-0.0386347,10.6533
0.104032,-0.0440242,10.6541
0.155467,-0.024164,10.6247
0.319578,-0.0283387,10.6509
-0.231016,-0.00326872,10.6243
-0.168727,-0.00220544,10.6262
-0.10671,-0.00846105,10.6296
0.0441346,-0.0109244,10.623
0.21072,-0.0135294,10.6513
0.264929,0.0170913,10.6536
-0.31405,0.0219771,10.6242
-0.255911,0.0531551,10.6384
-0.134477,0.0411181,10.6552
-0.00631522,0.0515109,10.6392
0.0568162,0.049573,10.632
0.154273,0.029632,10.6564
0.211632,0.0513277,10.6444
-0.309359,0.0832372,10.65
0.117716,0.0683363,10.6237
0.167096,0.0945695,10.6516
-0.246327,0.113398,10.6517
-0.184079,0.112307,10.6548
-0.123597,0.10151,10.6442
0.0294704,0.0987015,10.6589
0.0863989,0.118622,10.643
0.28878,0.136575,10.6298
-0.0739061,0.138001,10.6539
-0.00194627,0.154332,10.6413
0.137226,0.154669,10.6468
0.195196,0.145362,10.6256
-0.263263,0.179056,10.6366
-0.176233,0.197873,10.637
-0.0899984,0.198241,10.6538
-0.0269778,0.211414,10.646
0.0365747,0.20298,10.6338
0.0989782,0.205738,10.6348
0.248733,0.183589,10.6217
0.16041,0.216736,10.6319
-0.187602,0.259055,10.6337
-0.138044,0.29218,10.6524
-0.080697,0.25971,10.6478
0.0290777,0.264992,10.6451
-0.00130245,0.318501,10.6349
0.0604476,0.31694,10.6259
0.113303,0.297919,10.6533
-0.0803508,-0.316977,10.6803
-0.0192458,-0.328751,10.6749
0.1114,-0.314593,10.692
-0.203055,-0.26479,10.6786
-0.145207,-0.288089,10.6792
0.0116998,-0.260392,10.6855
0.0889646,-0.257372,10.6811
-0.237297,-0.21596,10.697
-0.166522,-0.215134,10.6864
-0.102239,-0.237958,10.6845
0.150016,-0.225935,10.6833
0.226815,-0.244479,10.683
-0.117351,-0.177511,10.693
-0.0155656,-0.208153,10.6603
0.0478664,-0.210987,10.6729
0.199185,-0.190436,10.6682
0.261565,-0.192071,10.665
-0.254939,-0.16828,10.6609
-0.0257729,-0.140248,10.6986
0.079149,-0.136829,10.6783
0.14933,-0.14565,10.6676
0.304473,-0.14041,10.6953
-0.278832,-0.112538,10.6905
-0.161633,-0.112785,10.6854
-0.0950748,-0.120683,10.6803
0.0258854,-0.105225,10.6937
-0.114408,-0.0620043,10.6714
-0.024671,-0.091296,10.66
0.142517,-0.0879824,10.6907
0.209038,-0.0612181,10.6914
0.260018,-0.0967372,10.6967
-0.326629,-0.0261001,10.6619
-0.213518,-0.0236739,10.6859
0.0494763,-0.0250023,10.6836
0.154458,-0.0269856,10.6868
0.268921,-0.0359012,10.6862
-0.271841,0.00238092,10.6711
-0.148974,-0.0118144,10.6849
-0.00708174,-0.00438295,10.667
0.102503,0.0074226,10.6895
-0.326227,0.0337228,10.6842
-0.19571,0.0344905,10.6719
-0.0641669,0.0238426,10.6621
-0.0241531,0.054385,10.6989
0.0359674,0.0401812,10.69
0.324504,0.0331806,10.6621
-0.153171,0.0813737,10.6988
-0.0774794,0.0817691,10.6814
0.0914335,0.0681429,10.6805
0.266184,0.0778648,10.6676
-0.0247704,0.115122,10.6847
0.228538,0.127,10.6747
0.304036,0.126986,10.6894
-0.298553,0.141093,10.6715
-0.219027,0.163213,10.6777
-0.13776,0.158252,10.6659
-0.0421946,0.174255,10.6936
0.0725933,0.168621,10.6776
-0.27083,0.192253,10.6972
0.18584,0.179159,10.6775
0.265312,0.176653,10.6816
-0.233481,0.227647,10.6617
-0.130359,0.237251,10.681
0.00537621,0.225176,10.6975
0.0655605,0.230428,10.6818
0.126579,0.241696,10.6778
0.226994,0.223925,10.6641
-0.183375,0.272537,10.6942
-0.0258233,0.275377,10.6728
0.183034,0.268159,10.66
-0.0862582,0.316602,10.6773
0.0374606,0.332174,10.6819
-0.0137513,-0.302113,10.731
0.0513729,-0.29779,10.7159
-0.225519,-0.262649,10.7367
-0.169693,-0.290723,10.7366
-0.105274,-0.28381,10.7269
0.175963,-0.278744,10.7043
-0.13251,-0.225318,10.7377
-0.0512478,-0.253873,10.718
0.0567026,-0.237158,10.7304
0.121035,-0.248531,10.7338
0.188711,-0.224625,10.7321
-0.0579825,-0.193444,10.7038
0.001914,-0.20938,10.72
0.0955526,-0.188735,10.7204
0.281642,-0.188204,10.7279
-0.282159,-0.168694,10.7177
-0.220693,-0.158262,10.7142
-0.160808,-0.154755,10.7317
0.0400535,-0.160009,10.7211
0.159418,-0.169121,10.7244
0.221771,-0.172613,10.7234
-0.07421,-0.133315,10.7374
0.112507,-0.126142,10.73
0.193431,-0.119258,10.7083
-0.326246,-0.0674724,10.7087
-0.221356,-0.0960906,10.7087
-0.119679,-0.0883981,10.7278
-0.0631948,-0.0730522,10.7051
0.0817405,-0.0787309,10.7009
-0.265038,-0.0501524,10.7091
-0.17342,-0.0576404,10.7196
-0.110289,-0.026737,10.7317
-0.00431687,-0.0522098,10.7071
0.119517,-0.0435683,10.7358
0.329499,-0.0507627,10.7082
-0.295494,0.000700219,10.7287
-0.0528675,-0.011938,10.712
0.00427524,0.00498095,10.7308
0.142841,0.0142104,10.7368
0.196325,0.0155394,10.7046
0.241863,-0.0124101,10.737
0.338569,0.0101024,10.7183
-0.224355,0.0210546,10.7277
-0.162527,0.0288034,10.7306
-0.104127,0.0324898,10.7091
0.275304,0.0350638,10.7124
-0.321425,0.0972461,10.7095
-0.273654,0.0586849,10.7207
-0.21546,0.0856714,10.7018
0.148698,0.0679201,10.7054
0.212851,0.0754785,10.7057
0.267336,0.0953769,10.7288
0.325288,0.0724224,10.7108
-0.264265,0.120425,10.7194
-0.113827,0.126949,10.7144
0.0509472,0.111232,10.7162
0.110034,0.124184,10.7006
0.174529,0.124763,10.706
-0.173509,0.145182,10.7165
0.0178019,0.163436,10.7072
0.224346,0.161866,10.7263
-0.18287,0.209124,10.6998
-0.126103,0.187883,10.7195
0.128392,0.183801,10.7013
-0.239614,0.240185,10.7224
-0.062054,0.23286,10.7009
0.164206,0.230142,10.7261
0.249066,0.220414,10.7229
-0.0229533,0.275464,10.7352
0.0368255,0.277359,10.7109
0.0939393,0.258051,10.7301
0.149184,0.291069,10.7086
0.211335,0.269642,10.7174
-0.135001,0.305084,10.7163
-0.0310316,0.329524,10.7034
0.0915846,0.316612,10.7088
-0.0210621,-0.349829,10.7771
0.0381339,-0.340323,10.7596
-0.127758,-0.313988,10.7767
-0.0678658,-0.332125,10.7397
0.14026,-0.307206,10.747
0.0145423,-0.261854,10.7694
0.0801955,-0.280564,10.7686
0.194252,-0.278038,10.7641
-0.262749,-0.21562,10.754
-0.0901668,-0.249607,10.7767
-0.0345181,-0.222098,10.7689
0.248189,-0.23968,10.7436
-0.194492,-0.207892,10.7418
-0.0871389,-0.189377,10.7611
0.0285024,-0.193511,10.7742
0.149823,-0.203408,10.7755
-0.205906,-0.156152,10.7749
-0.0224318,-0.162053,10.7569
0.0799787,-0.158224,10.7726
0.193233,-0.139057,10.7675
0.313878,-0.154547,10.7748
-0.312762,-0.11806,10.7427
-0.252308,-0.117646,10.7585
-0.175858,-0.102705,10.7628
-0.00816574,-0.102319,10.7458
0.0540431,-0.106281,10.7496
0.262245,-0.13201,10.7481
0.326007,-0.10368,10.7407
-0.0623628,-0.079845,10.7669
0.15872,-0.0897453,10.751
0.226473,-0.0807634,10.7481
-0.34673,-0.0266816,10.7514
-0.290746,-0.0516043,10.7658
-0.224362,-0.0556384,10.7562
-0.00961135,-0.0427641,10.7686
0.047896,-0.0443664,10.7428
0.183306,-0.0331617,10.7415
0.284001,-0.0564489,10.7505
0.344519,-0.0460061,10.7686
-0.175331,-0.0188869,10.7685
0.0655115,0.0154832,10.7391
0.295754,0.00479997,10.7635
-0.340016,0.0414803,10.7445
-0.232217,0.0585036,10.7768
-0.109327,0.0246594,10.7708
-0.0482249,0.034827,10.7529
0.232688,0.0458719,10.7568
0.346919,0.0505085,10.765
-0.131055,0.0814524,10.7569
-0.0696332,0.0927179,10.7424
0.0175686,0.0662294,10.7438
0.0985297,0.072768,10.7424
0.166092,0.0643224,10.7656
-0.3352,0.100951,10.7701
-0.19074,0.100894,10.7571
-0.0156699,0.124067,10.7458
0.13799,0.119201,10.7563
0.207618,0.110204,10.7572
0.325003,0.113668,10.7577
-0.308364,0.153565,10.7488
-0.226742,0.164421,10.743
-0.123152,0.140633,10.7749
-0.0701374,0.157514,10.7466
0.026573,0.162244,10.7713
0.0844514,0.150804,10.751
0.168556,0.173438,10.7519
0.292646,0.163555,10.7385
-0.277008,0.206557,10.7594
-0.0277083,0.208206,10.7476
0.0568003,0.205736,10.7384
0.116071,0.206741,10.7579
-0.195714,0.215677,10.7606
-0.14172,0.244019,10.742
-0.0883319,0.216916,10.7597
0.025945,0.253778,10.7672
-0.192428,0.277833,10.7555
-0.0851422,0.275952,10.7397
0.240327,0.25975,10.7719
0.0608987,0.305316,10.762
0.123778,0.311027,10.762
0.188865,0.295012,10.7698
-0.0708787,0.335485,10.7517
0.0136963,0.342503,10.7448
-0.0759035,-0.336067,10.8037
0.0977677,-0.339535,10.7795
-0.182285,-0.307451,10.8065
0.149792,-0.319511,10.8083
-0.234269,-0.273998,10.7974
-0.0412014,-0.287481,10.7852
0.134366,-0.261059,10.7934
-0.277473,-0.227001,10.8136
-0.168543,-0.248844,10.783
0.0896614,-0.219429,10.7804
0.241584,-0.251234,10.8046
-0.217626,-0.213893,10.7995
-0.152603,-0.188223,10.7838
-0.018036,-0.183642,10.8152
0.218689,-0.198499,10.7802
0.282626,-0.207775,10.7869
-0.309889,-0.163904,10.7849
-0.25463,-0.16309,10.8137
0.247164,-0.149411,10.8061
-0.224087,-0.108657,10.8152
-0.1177,-0.121665,10.7806
-0.0568365,-0.132551,10.7999
0.0203901,-0.134758,10.7939
0.135044,-0.134236,10.7897
0.343154,-0.100273,10.8005
-0.343316,-0.0792054,10.785
-0.286018,-0.0963066,10.8091
-0.185334,-0.0597099,10.8143
-0.130087,-0.0597642,10.7823
-0.0156298,-0.0877933,10.8139
0.0425377,-0.0702924,10.7993
0.101731,-0.0819395,10.7818
0.210452,-0.0945611,10.8079
0.272392,-0.0926049,10.8
-0.246687,-0.0480549,10.8147
-0.0685551,-0.0204665,10.7843
0.0878578,-0.0209151,10.7847
0.16884,-0.0462242,10.8006
0.230128,-0.0371434,10.793
0.287569,-0.0281527,10.8159
-0.353301,0.0134805,10.7987
-0.256448,0.000922399,10.7773
0.190447,0.0105831,10.7862
0.355916,0.00350622,10.805
-0.29569,0.0525633,10.7869
-0.165458,0.0424062,10.7915
-0.0582187,0.033097,10.8144
0.00177414,0.0267329,10.7895
0.0631051,0.0435749,10.7948
0.130302,0.0231091,10.7973
0.247445,0.019928,10.8117
-0.105936,0.0733903,10.8133
-0.0276036,0.0818863,10.7902
0.115566,0.0835467,10.8024
0.232553,0.0822121,10.8072
0.287809,0.0647387,10.7792
-0.274268,0.110803,10.7803
-0.161973,0.10101,10.8126
0.0543834,0.10313,10.7781
0.173676,0.123714,10.8079
0.268621,0.126773,10.7828
-0.246045,0.1619,10.8023
-0.185354,0.15453,10.7887
-0.0312843,0.166769,10.7942
0.124569,0.161567,10.8001
0.218164,0.163145,10.7885
0.317558,0.161002,10.8007
-0.301018,0.188934,10.8143
-0.141538,0.199058,10.7871
0.0110948,0.209931,10.8086
0.0715581,0.195107,10.7996
0.276497,0.209235,10.7777
-0.242294,0.252815,10.7834
-0.168052,0.252257,10.8063
-0.106416,0.245469,10.8121
-0.0455511,0.235121,10.8013
0.193695,0.220442,10.7845
-0.0687699,0.293008,10.7975
0.0811939,0.256674,10.7956
0.142591,0.256187,10.7853
-0.131251,0.294119,10.7777
-0.00730888,0.301377,10.79
0.15406,0.318098,10.8161
-0.10582,0.345229,10.8029
-0.0435993,0.349437,10.8061
0.0355354,0.356315,10.8016
0.0928726,0.333706,10.8112
-0.0180978,-0.358332,10.8389
0.0413628,-0.352807,10.8206
0.102013,-0.354974,10.8399
-0.128666,-0.332085,10.8395
-0.0459476,-0.301105,10.8471
0.0101066,-0.298711,10.8196
0.075005,-0.300111,10.8276
-0.10137,-0.276879,10.8314
0.147736,-0.274184,10.8529
0.204422,-0.291632,10.8341
-0.165692,-0.253028,10.8452
-0.0510129,-0.240698,10.826
0.0403969,-0.23488,10.8193
0.0992438,-0.237744,10.8393
0.183714,-0.232638,10.8191
-0.315244,-0.186848,10.8428
-0.138495,-0.188461,10.8447
-0.0801464,-0.185615,10.823
0.0703189,-0.181103,10.83
0.132496,-0.185419,10.8322
0.235992,-0.200356,10.8404
0.298233,-0.197336,10.8462
-0.196678,-0.167897,10.8361
0.184054,-0.150393,10.8282
-0.338281,-0.126154,10.8258
-0.162609,-0.117089,10.8237
-0.103633,-0.128289,10.841
0.0169639,-0.12313,10.8552
0.0733211,-0.119053,10.8233
0.304363,-0.136495,10.8337
-0.135537,-0.0629443,10.8519
-0.0797151,-0.0724559,10.826
0.154232,-0.0959158,10.8351
0.244055,-0.0586868,10.8498
0.303674,-0.076759,10.8517
-0.365553,-0.0484628,10.8346
-0.0239504,-0.0273997,10.8275
0.0850691,-0.0495727,10.84
0.358166,-0.0505104,10.8363
-0.303127,-0.0186998,10.8173
-0.207941,0.00421887,10.8165
-0.129669,-0.00925978,10.8191
-0.0788794,-0.0157983,10.8549
0.0384497,-0.0121119,10.8219
0.0876868,0.0181019,10.8463
0.140005,-0.0159921,10.8468
0.19847,0.00635414,10.848
-0.263556,0.0267882,10.8337
-0.150477,0.0541287,10.8524
-0.010298,0.0274803,10.854
0.306081,0.0322481,10.8294
-0.353563,0.0730306,10.8226
-0.295307,0.0914181,10.8358
-0.042276,0.0810196,10.8509
0.0242984,0.0748653,10.8325
0.176828,0.0625021,10.8271
0.289027,0.0959313,10.8334
0.357618,0.0673249,10.8239
-0.224062,0.10534,10.817
-0.0712787,0.125048,10.8175
-0.00557351,0.12954,10.8371
0.0806888,0.127931,10.829
0.216238,0.11972,10.8542
0.343488,0.124571,10.8442
-0.33582,0.136842,10.8211
-0.198384,0.158651,10.8497
-0.132944,0.151161,10.8356
0.0403776,0.171649,10.8479
0.267451,0.154301,10.8389
-0.213311,0.211791,10.8205
-0.155023,0.208069,10.8483
-0.0851451,0.187123,10.8181
-0.0321941,0.193627,10.8505
0.172038,0.186326,10.832
0.236156,0.207399,10.8287
0.298188,0.208638,10.836
-0.273024,0.240743,10.8362
0.0528777,0.235715,10.8471
0.119266,0.220511,10.831
-0.218625,0.280727,10.834
-0.00441192,0.260215,10.8423
0.110189,0.283421,10.8439
0.168579,0.26136,10.8418
0.264916,0.261093,10.8425
-0.166727,0.314232,10.825
-0.109432,0.298769,10.8446
-0.0435687,0.307784,10.8527
0.0440769,0.297271,10.8253
0.216962,0.297331,10.8255
-0.00226998,0.362683,10.8509
-0.0752834,-0.353752,10.8637
0.0567537,-0.336982,10.879
0.165144,-0.332355,10.8674
-0.182476,-0.326014,10.8706
0.10789,-0.303363,10.891
-0.224001,-0.281103,10.8584
-0.127342,-0.277605,10.888
0.053966,-0.269874,10.878
0.234853,-0.292113,10.8887
-0.275899,-0.24911,10.8719
-0.221501,-0.218885,10.8623
-0.0950323,-0.226737,10.868
-0.00198343,-0.243838,10.8641
0.162978,-0.21704,10.8766
0.272993,-0.253005,10.8586
-0.268864,-0.185025,10.8847
-0.042231,-0.19373,10.8718
0.0190754,-0.18483,10.8654
0.0712415,-0.210674,10.8878
-0.150483,-0.138994,10.8809
-0.0947446,-0.165514,10.8904
0.0661439,-0.148523,10.8842
0.12637,-0.13785,10.8717
0.205719,-0.167507,10.8841
0.267435,-0.170411,10.8934
0.33234,-0.161147,10.8838
-0.360591,-0.103058,10.8796
-0.287459,-0.130155,10.8616
-0.226442,-0.128688,10.8744
-0.0445876,-0.132166,10.8611
0.178132,-0.10892,10.8913
0.250703,-0.119771,10.8609
0.35661,-0.108521,10.8607
-0.316698,-0.0592303,10.8857
-0.258595,-0.0753935,10.8695
-0.192239,-0.0766395,10.874
-0.0934516,-0.0933508,10.8918
-0.0390542,-0.069064,10.873
0.0207326,-0.0607678,10.8569
0.0686174,-0.0863449,10.8877
0.126896,-0.064483,10.8838
0.186486,-0.0500059,10.8722
-0.366256,0.00877794,10.8596
-0.300187,0.00022185,10.8767
-0.235367,-0.0174561,10.8681
-0.172344,-0.0139592,10.8645
0.0565861,-0.0190763,10.8865
0.257332,-0.00111841,10.8701
0.318231,-0.0150731,10.8688
-0.328919,0.0556945,10.8771
-0.21219,0.0506489,10.8598
-0.0905307,0.044517,10.8664
0.0430161,0.041782,10.883
0.140653,0.0405882,10.8729
0.369314,0.0205501,10.8636
-0.267543,0.0617416,10.8863
0.0910298,0.077577,10.8652
0.182993,0.0825174,10.8917
0.24761,0.0602368,10.8636
0.309464,0.0640748,10.8831
0.369826,0.080261,10.8837
-0.359231,0.110165,10.8725
-0.246817,0.125616,10.8714
-0.173856,0.107285,10.8754
-0.111797,0.103126,10.8694
0.0508508,0.121631,10.8835
0.140361,0.115565,10.8601
0.267047,0.113481,10.8899
-0.315552,0.167868,10.8713
-0.152227,0.16503,10.8933
-0.060688,0.144226,10.876
-0.000966926,0.15808,10.8924
0.109388,0.169552,10.8658
-0.256625,0.186606,10.8626
-0.100794,0.196821,10.8777
0.212987,0.177115,10.8782
0.269031,0.201383,10.8904
0.332773,0.17671,10.8769
-0.299601,0.227521,10.8911
-0.208095,0.220753,10.882
-0.0660065,0.245391,10.8595
0.0107629,0.219417,10.8902
0.097884,0.232474,10.8902
0.158072,0.217082,10.8845
0.216075,0.239454,10.8783
-0.255073,0.276139,10.8844
-0.162534,0.267251,10.8664
0.05407,0.284863,10.8857
-0.197053,0.316382,10.8833
0.183622,0.325686,10.8705
0.237534,0.297683,10.8851
-0.138739,0.348082,10.8694
-0.0787295,0.360434,10.8571
0.0599593,0.356683,10.8591
0.12316,0.340936,10.8654
-0.0348602,-0.377471,10.905
0.0669739,-0.378388,10.9246
-0.129864,-0.339292,10.9016
0.0116051,-0.339561,10.9219
0.122046,-0.365582,10.8981
0.194673,-0.333615,10.9223
-0.239797,-0.30451,10.9141
-0.182462,-0.320822,10.9329
-0.0758469,-0.308251,10.9065
0.0603757,-0.301701,10.9315
-0.287869,-0.267978,10.9302
-0.185698,-0.26204,10.9037
0.00501246,-0.277612,10.9159
0.179586,-0.269315,10.9064
0.282547,-0.26901,10.9219
-0.318212,-0.216585,10.9064
-0.234786,-0.219971,10.9237
-0.0503597,-0.251247,10.9041
0.119275,-0.245345,10.9112
0.226926,-0.230364,10.8944
0.310489,-0.215909,10.9045
-0.196307,-0.176546,10.9007
-0.146223,-0.21376,10.9012
0.00667394,-0.214951,10.9187
0.126394,-0.183357,10.9144
0.183795,-0.199727,10.9329
-0.333131,-0.157057,10.8947
-0.243158,-0.147573,10.9314
-0.00455002,-0.153672,10.9141
-0.298798,-0.108887,10.9192
-0.161477,-0.103124,10.9308
-0.0604566,-0.130479,10.9297
0.108495,-0.117306,10.9274
0.297041,-0.112973,10.9022
0.36693,-0.124047,10.9202
-0.229659,-0.0871113,10.9235
0.006348,-0.0924188,10.9087
0.233977,-0.0956319,10.9159
0.33841,-0.0661493,10.9025
-0.377539,-0.0411347,10.8955
-0.268311,-0.0360155,10.9177
-0.200075,-0.0325416,10.9173
-0.13936,-0.045879,10.9117
-0.0722146,-0.0402769,10.9172
-0.00285284,-0.0272183,10.904
0.216047,-0.0315151,10.9241
0.277389,-0.0526809,10.9029
-0.355773,0.019514,10.9202
-0.114602,0.011703,10.9137
-0.0484691,0.0153769,10.9019
0.154066,-0.00976916,10.9073
0.376416,-0.0176509,10.9123
-0.229788,0.0222994,10.9164
-0.170232,0.0398513,10.9099
0.00116327,0.0409608,10.9297
0.0951068,0.0230019,10.9118
0.209926,0.0278637,10.9056
0.261772,0.0573047,10.9243
0.384951,0.0423743,10.9308
-0.374067,0.0790672,10.9246
-0.219348,0.0897266,10.9145
-0.123796,0.078609,10.9256
-0.064809,0.0901658,10.9085
-0.00340021,0.0944377,10.8978
0.0700355,0.0791381,10.9251
0.135399,0.0673733,10.9291
-0.302136,0.112488,10.8969
0.104128,0.130468,10.915
0.214756,0.130394,10.9196
0.327303,0.121007,10.9044
-0.358747,0.139552,10.9276
-0.211589,0.158551,10.9108
-0.10359,0.13755,10.9209
0.159293,0.15706,10.9028
0.284221,0.15709,10.9316
-0.31355,0.182458,10.9319
-0.25173,0.204595,10.9238
-0.0480342,0.209586,10.9087
0.0624702,0.182722,10.905
0.197597,0.205863,10.9314
-0.145079,0.226522,10.9103
0.324098,0.217124,10.9237
-0.14889,0.293125,10.9214
-0.0949819,0.261356,10.9236
-0.0353549,0.270674,10.9075
0.112816,0.29288,10.9055
0.172715,0.275214,10.9055
0.285701,0.261095,10.9014
-0.0774341,0.318111,10.9042
0.000859368,0.320093,10.8962
-0.172151,0.350496,10.9293
-0.0381672,0.370683,10.9035
0.08902,0.364515,10.9138
0.149073,0.350549,10.9235
0.209334,0.334614,10.9268
-0.103642,0.373965,10.9141
0.0238617,0.377707,10.9055
-0.0889076,-0.371874,10.9357
0.0225875,-0.392694,10.9662
-0.0349893,-0.368442,10.9671
0.0960481,-0.332593,10.9722
0.151707,-0.367088,10.953
-0.0220828,-0.307456,10.9635
0.143056,-0.304488,10.9425
0.244943,-0.30975,10.9507
-0.205602,-0.25901,10.9627
-0.13814,-0.279955,10.9493
-0.0781441,-0.280616,10.9693
-0.326745,-0.236925,10.968
-0.155533,-0.221606,10.9625
-0.0987372,-0.230566,10.9382
-0.0279355,-0.24378,10.962
0.0590696,-0.240058,10.9415
0.156421,-0.247078,10.9632
0.217727,-0.253434,10.9531
0.325063,-0.234559,10.9622
-0.349671,-0.181796,10.9495
-0.287492,-0.186474,10.9517
-0.0499268,-0.191955,10.9336
0.015893,-0.182245,10.971
0.0697884,-0.176458,10.9399
0.261419,-0.210157,10.9424
0.343779,-0.17822,10.9428
-0.196869,-0.175017,10.9631
-0.136599,-0.163284,10.9368
0.164167,-0.140769,10.9432
0.225535,-0.152114,10.9412
0.287392,-0.152324,10.9498
-0.356736,-0.120536,10.9395
0.0490289,-0.117911,10.9462
0.324443,-0.103269,10.961
-0.390982,-0.0693266,10.9498
-0.273907,-0.0760774,10.9662
-0.105318,-0.0867857,10.9527
-0.0334858,-0.0723927,10.9542
0.154618,-0.0706163,10.9394
0.20466,-0.0908405,10.9707
0.258097,-0.059668,10.9628
0.379851,-0.0701556,10.9491
-0.324986,-0.0297594,10.943
-0.167345,-0.0526426,10.9671
-0.111172,-0.0255407,10.9635
0.0471518,-0.0545738,10.937
0.105395,-0.032104,10.9395
0.317283,-0.0414667,10.9556
-0.390185,-0.00851521,10.9641
-0.249988,-0.0051015,10.9687
-0.188107,0.00675524,10.9641
-0.0363438,-0.00935939,10.9579
0.0488504,0.00641523,10.9503
0.162308,-0.0109203,10.9692
0.21839,0.0165606,10.97
0.269346,-0.002784,10.9395
0.328352,0.017673,10.9396
-0.293303,0.023508,10.9341
-0.243438,0.056965,10.9665
-0.129725,0.0337198,10.9701
-0.0710294,0.0476258,10.9538
-0.298567,0.0831046,10.9517
-0.181081,0.0687395,10.9643
-0.0218295,0.0921146,10.9574
0.20689,0.0743955,10.9488
0.315701,0.0781043,10.9481
-0.221914,0.115314,10.972
-0.167023,0.123139,10.9372
-0.0799044,0.109979,10.9716
0.0267828,0.129643,10.9406
0.162615,0.11867,10.952
0.261985,0.107162,10.9619
0.375539,0.105039,10.9408
-0.265767,0.142818,10.9374
-0.0437859,0.146495,10.9361
0.233727,0.168927,10.9664
0.353587,0.164634,10.9404
-0.219034,0.177693,10.9697
-0.159079,0.183023,10.9529
-0.0994838,0.19779,10.9418
-0.000649904,0.1916,10.945
0.0628232,0.179862,10.9672
0.116683,0.189093,10.9353
-0.324917,0.235449,10.9629
-0.19824,0.230556,10.9428
-0.147212,0.254012,10.9701
-0.0472141,0.243746,10.9626
0.0215247,0.252151,10.9423
0.144674,0.242716,10.9508
0.256954,0.225356,10.9465
-0.279098,0.272259,10.9419
-0.219283,0.288835,10.9348
0.083722,0.2557,10.9463
0.207644,0.262506,10.9557
0.304411,0.263167,10.961
-0.0166685,0.298139,10.9604
0.0466398,0.325824,10.938
0.104718,0.321256,10.9604
0.256188,0.301588,10.9515
-0.118667,0.33292,10.9588
-0.0572677,0.345516,10.9574
-0.014442,0.391016,10.958
0.0536249,0.393305,10.9581
-0.0452846,-0.413553,11.0091
0.104605,-0.392628,10.9863
-0.168343,-0.362329,10.9774
0.0340415,-0.33279,10.9798
0.196574,-0.334665,10.9847
-0.239866,-0.322573,10.974
-0.174611,-0.302684,10.9946
-0.114293,-0.33112,10.9756
-0.0602985,-0.327928,11.0083
0.143511,-0.308582,11.0049
-0.291379,-0.283275,10.9907
-0.12298,-0.255147,11.0046
0.02462,-0.271113,10.9833
0.100242,-0.270457,10.9773
0.197892,-0.27655,11.0076
0.292211,-0.283777,10.9822
-0.0674174,-0.226755,11.0073
0.250711,-0.243065,11.0051
-0.366653,-0.177473,11.0095
-0.30226,-0.198755,11.011
-0.243293,-0.214755,10.9854
-0.103733,-0.180022,10.9872
0.0828847,-0.210078,10.9909
0.139274,-0.188219,10.9753
0.195352,-0.208802,10.9936
0.248943,-0.176765,10.9935
0.359445,-0.196047,11.0019
-0.0419741,-0.171768,10.992
0.0806435,-0.14495,10.9927
0.195298,-0.145637,10.9989
0.317459,-0.14663,11.0055
0.376801,-0.140162,10.9797
-0.384471,-0.119205,10.9954
-0.307606,-0.132706,10.9763
-0.205087,-0.114185,10.9741
-0.141183,-0.125453,10.9863
-0.0649306,-0.113487,10.9922
-0.00549443,-0.123769,10.9759
0.137581,-0.123257,11.0058
0.259074,-0.115191,10.9913
-0.33748,-0.0777972,10.9808
0.0435039,-0.0907021,11.0022
0.100262,-0.0818123,10.9778
0.157377,-0.0642013,11.0014
0.402088,-0.0639289,11.008
-0.411521,-0.0499451,11.0056
-0.298551,-0.0293938,10.9996
-0.212739,-0.0372821,11.0071
-0.0565471,-0.0441128,11.0057
0.0102788,-0.0405476,10.9854
0.0711096,-0.0298489,10.996
0.214348,-0.0373214,11.0014
-0.149752,-0.0106922,11.0102
-0.0819211,0.0129734,11.0046
0.0328158,0.0174025,11.0097
0.282332,-0.0164983,11.0009
0.343889,0.0158831,11.0
0.391702,-0.0134993,10.9726
-0.390924,0.0542531,10.9794
-0.336344,0.023955,10.9793
-0.281661,0.0311464,11.0086
-0.0224225,0.0406526,10.9925
0.10615,0.0227552,10.9733
0.16007,0.0534311,10.9848
0.27753,0.0431646,10.9831
0.404423,0.0451246,10.99
-0.338631,0.0907898,10.9989
-0.271547,0.0959033,11.0064
0.0336313,0.0693486,10.9749
0.0987119,0.0844103,10.9803
0.338728,0.0778272,11.0061
-0.38851,0.128262,10.9959
-0.12812,0.0998947,11.0098
-0.010083,0.135537,11.0007
0.0540589,0.125479,10.9966
0.210618,0.118748,10.9955
0.316534,0.132381,10.9789
0.393221,0.108244,11.0041
-0.306843,0.142591,10.9845
-0.172376,0.14246,10.9984
-0.113024,0.159825,10.9894
0.113232,0.14518,10.9796
0.169724,0.17498,10.978
0.367206,0.164997,11.0012
-0.357211,0.178643,10.9763
-0.267775,0.214845,10.9832
-0.155231,0.205719,11.011
-0.0529372,0.185398,10.984
0.0149463,0.192549,11.0053
0.118849,0.206945,10.9951
0.289926,0.188552,10.9853
-0.097131,0.227712,10.9966
0.0623295,0.232771,11.0002
0.178361,0.233447,11.0026
0.240869,0.221461,11.0066
0.343788,0.219922,10.9829
-0.302308,0.280904,10.9993
-0.225689,0.260483,10.9902
-0.0834598,0.289007,10.9858
0.000853281,0.254096,11.0012
0.0489726,0.292827,10.9908
0.11246,0.270289,10.9998
-0.253887,0.315154,10.9796
-0.17658,0.308886,10.9757
0.162705,0.302043,10.9733
0.278164,0.300518,11.01
-0.212455,0.353606,11.006
0.0143298,0.344628,10.9881
0.172338,0.363074,10.9826
0.228594,0.338318,10.9939
-0.15744,0.374195,10.9851
-0.097977,0.389772,10.9743
-0.0480764,0.403652,11.0091
0.111963,0.381121,10.9766
0.0217521,0.414096,11.0076
0.00210156,-0.428494,11.0469
-0.15377,-0.390962,11.0338
-0.0967279,-0.378418,11.0121
0.0550281,-0.40771,11.0211
0.163522,-0.379464,11.013
-0.216197,-0.360562,11.0176
0.000608446,-0.36794,11.0192
0.0961402,-0.350734,11.0319
-0.268089,-0.317807,11.0373
-0.143254,-0.329902,11.0412
0.0328466,-0.304497,11.0355
0.246671,-0.328839,11.0215
0.298851,-0.301216,11.0418
-0.288985,-0.255263,11.0465
-0.236069,-0.268667,11.0162
-0.0283619,-0.27471,11.0162
0.0932516,-0.288497,11.0368
0.338024,-0.254805,11.0199
-0.346327,-0.239854,11.0272
-0.181741,-0.237819,11.0169
-0.00682336,-0.216155,11.0183
0.048519,-0.24123,11.0327
0.133124,-0.233643,11.0196
-0.237176,-0.214804,11.0476
-0.160952,-0.177779,11.0142
-0.113359,-0.205336,11.0438
0.0954188,-0.19406,11.0499
0.154303,-0.176262,11.0348
0.299471,-0.205566,11.0157
-0.28368,-0.148591,11.0432
-0.22983,-0.160943,11.0142
-0.0770426,-0.152257,11.0397
-0.014261,-0.146119,11.0418
0.0397075,-0.175726,11.0284
0.392326,-0.157463,11.0383
-0.334033,-0.11357,11.0318
-0.242594,-0.10022,11.0219
-0.126319,-0.114621,11.0462
0.35805,-0.104108,11.0267
-0.388187,-0.0878527,11.0493
-0.291515,-0.0702091,11.0464
-0.174534,-0.0848542,11.0201
-0.11561,-0.0628713,11.0133
-0.0144974,-0.0860214,11.0249
0.107985,-0.0717507,11.0387
0.204274,-0.0931303,11.0331
0.260956,-0.0669334,11.031
-0.357758,-0.020606,11.0175
-0.00378604,-0.0212102,11.043
0.0501044,-0.0517863,11.0506
0.342682,-0.0453212,11.0124
-0.411674,0.0110068,11.0194
-0.257722,-0.017208,11.0453
0.126259,-0.0134266,11.0202
0.183316,0.0115543,11.0248
0.240877,-0.00149635,11.0452
0.416296,-0.00700518,11.0295
-0.360024,0.0435452,11.0337
-0.21987,0.0245275,11.0148
-0.162858,0.0493052,11.021
-0.0417073,0.0278116,11.0504
0.12036,0.0582454,11.0328
0.306055,0.0325011,11.0469
0.419704,0.0517375,11.0501
-0.411148,0.0794412,11.0328
-0.213322,0.0855469,11.0262
-0.0631947,0.0800359,11.0238
-0.0021505,0.0847873,11.0362
0.0598748,0.0738562,11.0313
0.225819,0.0608584,11.0134
0.280893,0.086437,11.028
-0.304051,0.131228,11.0462
0.0983966,0.122214,11.0428
0.151478,0.108603,11.0128
0.330698,0.130996,11.0397
-0.355418,0.165615,11.0374
-0.255115,0.15713,11.0164
-0.135973,0.155983,11.0473
-0.0658313,0.142937,11.0279
0.145818,0.168536,11.0362
0.207495,0.173091,11.0276
0.263584,0.146159,11.0228
-0.298226,0.198788,11.0353
-0.219823,0.20828,11.024
-0.0350544,0.201735,11.0415
0.0703855,0.17639,11.0292
-0.352278,0.224897,11.018
-0.264028,0.250966,11.0385
0.298369,0.24214,11.0195
0.358473,0.220152,11.0436
-0.129294,0.274829,11.0262
-0.0569954,0.259799,11.0343
0.161159,0.282792,11.0368
0.219331,0.279484,11.0145
-0.209364,0.299169,11.0364
-0.156028,0.331161,11.0304
-0.0376514,0.321764,11.0142
0.0178288,0.312153,11.0413
0.0794319,0.297842,11.0451
-0.261588,0.333402,11.0389
-0.0962557,0.343363,11.0161
-0.00661409,0.369746,11.0412
0.0701964,0.351858,11.015
0.129597,0.332661,11.0166
-0.124884,0.402818,11.03
0.142281,0.393152,11.0298
0.201689,0.375302,11.0364
0.0817966,0.412197,11.0261
-0.0866972,-0.422627,11.055
0.0718552,-0.428218,11.0777
-0.193242,-0.396351,11.0818
0.12556,-0.406126,11.0547
0.194028,-0.380767,11.0674
-0.245517,-0.363312,11.0736
-0.109348,-0.368301,11.077
-0.0512724,-0.369808,11.054
0.0554461,-0.351364,11.0791
0.144025,-0.337467,11.0697
0.264724,-0.336007,11.0809
-0.305639,-0.305729,11.0858
-0.198837,-0.303629,11.0521
-0.087504,-0.311049,11.0619
-0.0222857,-0.31525,11.0633
0.203516,-0.319754,11.0766
-0.349874,-0.261682,11.0855
-0.24771,-0.282437,11.0848
-0.137473,-0.259096,11.0652
0.0727305,-0.256706,11.088
0.159367,-0.277819,11.0568
0.243839,-0.276142,11.0575
0.359013,-0.258057,11.0787
-0.0631026,-0.253653,11.0637
0.00350964,-0.237951,11.0759
0.135986,-0.226823,11.0843
0.199045,-0.229824,11.0522
0.296497,-0.243419,11.0652
-0.373314,-0.205495,11.0718
-0.290526,-0.200712,11.0769
-0.179648,-0.204761,11.0699
-0.0420354,-0.195113,11.0687
0.250052,-0.193781,11.0536
0.336139,-0.178252,11.0582
0.388469,-0.203017,11.0817
-0.396053,-0.149252,11.0572
-0.335465,-0.156173,11.0773
-0.15134,-0.152424,11.089
0.0210009,-0.174786,11.0879
0.204534,-0.149308,11.0605
-0.434517,-0.0997279,11.0894
-0.255465,-0.110738,11.0841
-0.199476,-0.128001,11.0576
0.0365255,-0.114395,11.0595
0.0960448,-0.131631,11.0517
0.152266,-0.107581,11.0645
0.264137,-0.132951,11.051
0.359572,-0.126802,11.0848
0.417972,-0.102802,11.0542
-0.217959,-0.0641124,11.0665
-0.152357,-0.059038,11.0724
-0.0691391,-0.0909207,11.0548
2.97473e-05,-0.0696394,11.0834
0.30907,-0.0908663,11.0629
0.364767,-0.0601515,11.0705
-0.433909,-0.041272,11.0633
-0.344355,-0.0504665,11.0731
-0.0523692,-0.0359635,11.0794
0.175891,-0.041741,11.0566
0.303757,-0.0288488,11.0583
0.429836,-0.0456967,11.0765
-0.374976,0.00355563,11.0792
-0.315094,0.00558545,11.0548
-0.189887,-0.00915418,11.0579
-0.106003,-0.0163775,11.0543
0.0772298,0.00772478,11.0526
0.141834,0.0156632,11.0731
0.358724,0.00091111,11.0588
-0.435244,0.0196875,11.0773
-0.251668,0.0415403,11.0657
-0.191379,0.0491456,11.0803
-0.10807,0.0459907,11.0508
0.0242969,0.0380005,11.068
0.249259,0.0547981,11.0716
-0.305981,0.0690589,11.0519
-0.0519517,0.0761966,11.0886
0.086971,0.0598307,11.0857
0.178599,0.0666875,11.0538
0.304352,0.0969497,11.085
0.359676,0.0632372,11.0631
-0.358468,0.10254,11.0569
-0.23963,0.10104,11.0806
-0.164023,0.101852,11.0609
-0.100854,0.107424,11.0654
0.0378819,0.128478,11.0569
0.15226,0.119491,11.0743
0.224677,0.110007,11.0557
0.417419,0.112828,11.0622
-0.407519,0.140962,11.0613
-0.32028,0.174289,11.0883
-0.260085,0.160028,11.0799
-0.203404,0.154448,11.0513
-0.0859362,0.168286,11.0826
-0.0214296,0.141279,11.0718
0.196633,0.161253,11.0879
0.262143,0.147023,11.0894
0.386744,0.167101,11.0604
-0.226291,0.212144,11.0859
-0.166459,0.194211,11.0862
0.0203213,0.187549,11.0672
0.0972809,0.178746,11.0855
0.27204,0.198614,11.0557
0.328846,0.177223,11.0817
-0.375438,0.225687,11.076
-0.179039,0.246718,11.0516
-0.113602,0.217591,11.056
0.00606224,0.248271,11.0632
0.0659086,0.229964,11.0623
0.134394,0.228306,11.0517
0.206247,0.227786,11.0582
-0.322507,0.264364,11.0561
-0.233835,0.274048,11.0881
0.125327,0.29228,11.0871
0.257372,0.263613,11.0614
0.330311,0.272014,11.064
-0.301046,0.315878,11.084
-0.168041,0.299742,11.0832
-0.0957828,0.296285,11.0743
-0.0334693,0.300832,11.0752
0.22732,0.322905,11.0586
0.287853,0.317049,11.0724
-0.209854,0.354753,11.0683
-0.123004,0.35232,11.079
-0.0618793,0.355859,11.0667
0.10948,0.358281,11.0698
0.167635,0.33564,11.0718
-0.165749,0.397822,11.0785
0.0486834,0.37223,11.07
0.16556,0.408591,11.0857
-0.0764943,0.421981,11.0644
-0.0153029,0.429994,11.0553
0.0448818,0.434557,11.0712
0.106043,0.427204,11.0817
-0.135348,-0.422449,11.0941
-0.0397286,-0.441644,11.0914
0.0183644,-0.428193,11.1099
0.126225,-0.431481,11.1118
-0.234349,-0.390771,11.1286
-0.0727176,-0.39727,11.1205
-0.00203894,-0.371841,11.0923
0.106209,-0.372479,11.1088
0.183219,-0.408384,11.1224
0.237125,-0.376989,11.1191
-0.202691,-0.332333,11.1075
-0.153581,-0.368484,11.1211
-0.0574986,-0.337734,11.1097
-0.26298,-0.330737,11.1238
-0.144163,-0.310255,11.1005
0.0273358,-0.298639,11.0974
0.099515,-0.310618,11.1044
0.319651,-0.304613,11.1006
-0.189969,-0.263164,11.0989
-0.0865287,-0.284097,11.1232
-0.0252382,-0.272723,11.1191
0.157269,-0.29093,11.1178
0.240896,-0.292077,11.1184
-0.29783,-0.247908,11.1172
-0.239116,-0.227028,11.1123
-0.0771873,-0.222791,11.1161
0.237636,-0.232055,11.1013
0.295406,-0.253374,11.1268
-0.137331,-0.206011,11.1176
-0.0211097,-0.197833,11.1279
0.082743,-0.199425,11.1108
0.185865,-0.193055,11.101
0.287661,-0.194751,11.1034
0.343517,-0.213707,11.1238
-0.408436,-0.174351,11.113
-0.287549,-0.152877,11.1172
-0.233828,-0.168998,11.0898
-0.090867,-0.164265,11.0993
-0.0324398,-0.142256,11.1014
0.068622,-0.138681,11.1073
0.131127,-0.164391,11.0917
0.236432,-0.157865,11.1135
0.416892,-0.14924,11.096
-0.375809,-0.11424,11.1048
-0.315433,-0.100103,11.0977
-0.107116,-0.104171,11.1048
0.0157997,-0.111677,11.1268
0.11902,-0.103088,11.1173
0.179403,-0.132363,11.1151
0.293125,-0.132634,11.1064
-0.242546,-0.0644261,11.124
-0.189521,-0.0973313,11.1111
-0.0494032,-0.0845857,11.1185
0.0635521,-0.0764159,11.1064
0.172439,-0.0703063,11.1166
0.230303,-0.0974529,11.0898
0.277156,-0.0596092,11.1064
0.333792,-0.0822105,11.1201
0.443169,-0.0949726,11.1124
-0.453913,-0.0534617,11.1271
-0.393909,-0.0470671,11.1109
-0.28931,-0.0332249,11.0968
-0.181654,-0.0345249,11.1219
-0.106489,-0.0420191,11.1113
0.123541,-0.0413657,11.0908
0.220531,-0.0342625,11.0996
0.333275,-0.0201541,11.1127
0.390298,-0.042689,11.1248
-0.233559,-0.00567015,11.1024
-0.144362,0.00880134,11.0966
-0.0793232,0.0192931,11.0995
-0.0168699,0.00871792,11.1048
0.0412638,-0.013477,11.0991
0.0967052,0.00767032,11.1185
0.270429,0.00332059,11.1
0.385632,0.0183966,11.1124
0.444514,0.0129208,11.0923
-0.399657,0.0375574,11.1254
-0.294257,0.0277601,11.1093
-0.236113,0.0524487,11.1253
0.0432081,0.0422393,11.1273
0.199779,0.0244464,11.0947
0.320549,0.0407687,11.1071
-0.416901,0.0887678,11.0942
-0.346664,0.060985,11.102
-0.185975,0.0976523,11.1193
-0.132249,0.0696175,11.104
0.00793105,0.0916996,11.0975
0.144884,0.0674082,11.1079
0.423405,0.0689877,11.11
-0.299285,0.104932,11.1027
-0.138296,0.135974,11.1065
-0.079537,0.120761,11.1226
0.098118,0.11802,11.1054
0.198365,0.0995421,11.1114
0.362758,0.118681,11.0918
0.434833,0.129757,11.1197
-0.366245,0.137072,11.1084
-0.207691,0.155965,11.1137
0.0297352,0.149047,11.1154
0.143297,0.158228,11.1225
-0.40805,0.183482,11.1085
-0.0104251,0.201973,11.1195
0.0517815,0.207402,11.1187
0.16587,0.213345,11.1036
0.238811,0.208153,11.1077
0.396076,0.198531,11.1135
-0.286777,0.226931,11.0915
-0.183295,0.247591,11.114
-0.121065,0.249805,11.109
-0.0619743,0.225028,11.0928
0.107883,0.236074,11.108
0.30173,0.230221,11.1007
0.366376,0.25348,11.1116
-0.345669,0.265258,11.1141
-0.0677515,0.27709,11.1267
-0.00677285,0.26374,11.1282
0.0517202,0.270678,11.1074
0.191603,0.27875,11.0912
0.268869,0.27945,11.1207
-0.247114,0.330141,11.112
0.0158991,0.329249,11.1013
0.0777211,0.3271,11.1136
0.224144,0.323052,11.121
0.327052,0.302067,11.1187
-0.173326,0.350777,11.1188
-0.0812508,0.337869,11.1232
0.27964,0.351627,11.1238
-0.225253,0.386862,11.1259
-0.00319042,0.388752,11.1007
0.113396,0.38431,11.1265
0.233812,0.377102,11.0899
-0.121075,0.430724,11.1072
-4.1323e-05,0.45053,11.1123
-0.0937267,-0.454054,11.1356
-0.0291603,-0.46179,11.1496
0.038658,-0.465835,11.1554
0.108382,-0.457476,11.1676
-0.180764,-0.423028,11.137
0.0722354,-0.41543,11.1388
-0.122996,-0.405219,11.1613
-0.0123015,-0.396217,11.1539
0.135851,-0.39276,11.1599
-0.309982,-0.346091,11.162
-0.00436016,-0.334543,11.1424
0.0543729,-0.355623,11.1414
0.183693,-0.346319,11.1296
0.290738,-0.346637,11.1367
-0.342393,-0.296314,11.1369
-0.175219,-0.311562,11.1664
-0.114152,-0.331763,11.1526
0.0572629,-0.294124,11.1521
0.124755,-0.314453,11.1657
-0.286378,-0.288381,11.1634
-0.226951,-0.284057,11.1447
-0.144443,-0.263179,11.1416
0.107813,-0.259613,11.1396
0.383613,-0.258778,11.1395
-0.384376,-0.235996,11.1308
-0.334114,-0.241095,11.1676
-0.195827,-0.23147,11.1577
0.0331607,-0.234065,11.1307
0.189373,-0.241983,11.1397
0.251795,-0.225757,11.1618
-0.342279,-0.189898,11.1295
-0.287372,-0.200966,11.1571
-0.0717421,-0.176313,11.1575
0.138825,-0.205482,11.143
0.204637,-0.184824,11.16
0.397162,-0.187085,11.1416
-0.189368,-0.174308,11.1333
-0.12861,-0.151768,11.1474
-0.0165559,-0.14829,11.1657
0.0375165,-0.174249,11.1482
0.103039,-0.156093,11.1564
0.277448,-0.168835,11.1593
0.342484,-0.153136,11.1387
0.440902,-0.141887,11.1536
-0.443939,-0.13194,11.1421
-0.335052,-0.128815,11.1498
-0.233722,-0.130796,11.1399
-0.0813096,-0.114163,11.1633
0.279654,-0.104372,11.1604
0.388364,-0.110745,11.1378
-0.404535,-0.0862807,11.1584
-0.343932,-0.0672,11.1426
-0.287814,-0.0890363,11.1593
-0.143349,-0.0769041,11.1478
0.0465943,-0.0746008,11.1665
0.21958,-0.0890097,11.153
-0.277247,-0.0245754,11.1574
-0.0571606,-0.020178,11.1428
0.00166202,-0.0409771,11.1388
0.0996928,-0.047254,11.1482
0.263159,-0.0443118,11.1654
0.456765,-0.0340523,11.1316
-0.459896,0.00843448,11.1336
-0.408059,-0.0128301,11.1612
-0.342138,-0.00564425,11.1316
-0.218688,-0.00355278,11.1631
-0.112929,0.00692355,11.1505
0.0514842,-0.00968665,11.161
0.157831,-0.00618769,11.1295
0.21504,-0.00585881,11.1549
0.295749,0.00831652,11.1568
0.357361,0.0086172,11.1673
-0.350917,0.048102,11.163
-0.176846,0.0395104,11.1403
0.182622,0.0475415,11.1535
0.242192,0.0466855,11.1349
0.465696,0.0250654,11.1498
-0.45652,0.070592,11.1389
-0.391522,0.0940119,11.151
-0.291762,0.0673698,11.1574
-0.139314,0.0870389,11.1635
-0.0850466,0.0624803,11.1443
-0.0227177,0.0591883,11.1411
0.100408,0.060745,11.1512
0.309358,0.0711816,11.1605
0.366129,0.0734387,11.1346
0.459616,0.0867853,11.1577
-0.436602,0.133608,11.133
-0.332218,0.114872,11.1558
-0.25037,0.111171,11.1412
-0.0205324,0.124012,11.1428
0.0525268,0.10063,11.1475
0.151487,0.10632,11.1563
0.262741,0.105572,11.136
0.321018,0.128026,11.1373
-0.380141,0.153287,11.167
-0.283422,0.164122,11.1377
0.082328,0.161229,11.1476
0.225747,0.1581,11.143
0.38015,0.146821,11.1447
0.434731,0.170991,11.1666
-0.348985,0.198848,11.1378
-0.244012,0.212012,11.1457
-0.182933,0.198314,11.1523
-0.123973,0.191237,11.1319
-0.0636903,0.178075,11.1417
0.113595,0.212271,11.1654
0.184168,0.20378,11.1625
0.284523,0.178729,11.1385
0.341375,0.204172,11.143
-0.400111,0.233597,11.1457
-0.300965,0.225341,11.1676
-0.149878,0.25407,11.1663
-0.0910481,0.233159,11.1645
0.0413891,0.2482,11.1648
0.293393,0.239464,11.1619
0.400288,0.234704,11.1642
-0.27924,0.274764,11.131
0.0952503,0.279167,11.1515
0.154555,0.263518,11.1392
0.216253,0.254365,11.1432
0.366814,0.287441,11.1645
-0.32413,0.31683,11.142
-0.201415,0.300203,11.1423
-0.133313,0.305404,11.1348
0.0354675,0.309922,11.1574
0.135807,0.32509,11.1392
-0.280216,0.367365,11.1497
-0.12515,0.370386,11.1534
-0.0242996,0.335314,11.1487
0.180965,0.367281,11.1299
-0.0532597,0.391593,11.1379
0.00249995,0.409611,11.1595
0.050222,0.380144,11.1319
0.240198,0.395115,11.1494
-0.170116,0.411899,11.141
-0.1052,0.429071,11.1676
0.0632745,0.441425,11.1304
0.12515,0.444544,11.1386
0.183714,0.426243,11.1504
-0.0584617,0.453638,11.1343
-0.13013,-0.462556,11.1856
-0.0716829,-0.477744,11.2025
-0.000469253,-0.48079,11.2017
-0.18766,-0.440743,11.1965
-0.0650818,-0.420056,11.1794
0.168986,-0.443737,11.1742
-0.243562,-0.407268,11.1881
-0.191786,-0.371651,11.1707
0.0398104,-0.395593,11.1884
0.217066,-0.399696,11.1741
0.277145,-0.385518,11.1837
-0.239481,-0.332861,11.1816
-0.143837,-0.350116,11.2044
-0.0601041,-0.358751,11.1685
0.0297274,-0.334254,11.1947
0.0918829,-0.361184,11.191
0.171926,-0.352095,11.1907
0.23628,-0.340421,11.1697
-0.347809,-0.318966,11.2037
-0.0450187,-0.298276,11.1727
0.191705,-0.296745,11.1696
0.279301,-0.295176,11.1702
0.338513,-0.315008,11.1722
-0.38623,-0.277149,11.1777
-0.103248,-0.279733,11.1854
0.00808723,-0.265866,11.1783
0.148044,-0.25566,11.1872
0.385026,-0.280658,11.198
-0.251809,-0.242359,11.1874
-0.157709,-0.254008,11.202
-0.113959,-0.219253,11.174
-0.0477235,-0.235986,11.1696
0.205125,-0.235158,11.2022
0.333452,-0.252879,11.1763
0.417234,-0.22927,11.1831
-0.419864,-0.200953,11.1684
-0.343797,-0.182042,11.1914
-0.231194,-0.184108,11.1786
-0.164913,-0.186522,11.1894
0.0023802,-0.204686,11.1899
0.0800395,-0.21365,11.1715
0.351824,-0.193852,11.1852
-0.455357,-0.158512,11.1974
-0.390888,-0.145733,11.172
-0.290984,-0.147863,11.1897
-0.109267,-0.163299,11.2057
0.39029,-0.144877,11.1901
-0.233672,-0.126356,11.2022
-0.179591,-0.124555,11.171
-0.129253,-0.104224,11.2021
0.0562773,-0.131721,11.1899
0.109012,-0.0992339,11.1816
0.159303,-0.135571,11.1742
0.229539,-0.136224,11.1927
0.338078,-0.108438,11.1821
-0.466864,-0.0872923,11.1792
-0.344319,-0.0969868,11.2028
-0.202209,-0.0663219,11.1716
-0.0138665,-0.0871101,11.1779
0.384695,-0.0668868,11.1821
0.462486,-0.0825887,11.1704
-0.476911,-0.0257385,11.183
-0.361685,-0.0374732,11.1951
-0.160878,-0.0202428,11.1799
-0.0997055,-0.0463656,11.1803
-0.0422037,-0.0346189,11.2017
0.156491,-0.0510965,11.1739
0.212298,-0.0472215,11.2016
0.325522,-0.0451067,11.1697
0.481374,-0.0257654,11.1884
-0.310655,0.0125813,11.1949
-0.00637779,0.0092861,11.175
0.115887,0.00563993,11.1779
0.174114,0.00622867,11.2005
0.415589,-0.0132799,11.1737
-0.480258,0.0368044,11.1881
-0.419006,0.0484644,11.1837
-0.247439,0.0429811,11.194
-0.186255,0.0332266,11.2018
-0.124231,0.0402616,11.2021
-0.0658379,0.02274,11.1884
0.0324797,0.0566767,11.1871
0.411487,0.0488904,11.1698
-0.205501,0.087628,11.1778
-0.0861457,0.0897234,11.2006
-0.0251368,0.0763186,11.2011
0.141031,0.0591855,11.1986
0.256172,0.0657326,11.1927
0.360232,0.0723625,11.1968
-0.463991,0.112242,11.1849
-0.277857,0.126594,11.1952
-0.0440547,0.135886,11.1994
0.0172296,0.125723,11.1925
0.0981484,0.115763,11.1874
0.21183,0.104679,11.1722
0.343627,0.132582,11.1953
0.409004,0.109978,11.1861
0.469078,0.12861,11.2031
-0.322759,0.169091,11.186
-0.226564,0.158924,11.1736
-0.166405,0.142259,11.1745
-0.10399,0.143912,11.1751
0.144096,0.161367,11.1849
0.205366,0.160193,11.202
0.267534,0.141981,11.1865
-0.436664,0.176713,11.1792
-0.13533,0.199397,11.1928
-0.0751419,0.189641,11.2064
0.0231889,0.183218,11.1687
0.244237,0.205215,11.1796
0.311124,0.185947,11.1945
0.378066,0.184698,11.1943
-0.417084,0.247711,11.2041
-0.35928,0.226844,11.1927
-0.0307914,0.220851,11.1754
0.14559,0.25308,11.2002
0.207866,0.252875,11.2051
0.345617,0.23798,11.1962
-0.369803,0.283587,11.1687
-0.304723,0.283157,11.1909
-0.2185,0.255563,11.1825
-0.0364515,0.282879,11.1805
0.306711,0.286646,11.2007
-0.254349,0.314952,11.1721
-0.162258,0.31057,11.1899
-0.0932122,0.318167,11.1812
0.129092,0.313322,11.2002
0.187658,0.307251,11.1691
0.24882,0.297119,11.1771
-0.3356,0.336704,11.2001
-0.204977,0.353516,11.1746
-0.0443043,0.354435,11.2047
0.02682,0.361676,11.1913
0.0845775,0.347154,11.1724
0.141601,0.371332,11.1807
0.203107,0.364399,11.1892
0.264972,0.355852,11.1911
0.32075,0.338553,11.169
-0.242673,0.404364,11.1833
0.0654236,0.410296,11.1845
-0.048438,0.416105,11.1952
0.123106,0.42727,11.2014
-0.159604,0.453132,11.1867
-0.0468015,0.478399,11.1904
0.0214364,0.468475,11.1682
0.0822273,0.47047,11.1824
-0.155136,-0.474719,11.2415
0.0676633,-0.481676,11.2084
0.13797,-0.471598,11.2208
-0.13788,-0.411651,11.2216
-0.0851418,-0.434815,11.2458
-0.0121347,-0.420392,11.2126
0.0424556,-0.427246,11.2421
0.108191,-0.416587,11.2148
0.224854,-0.434878,11.2251
-0.299208,-0.384819,11.2098
-0.195404,-0.388985,11.2306
-0.0581961,-0.381286,11.2283
0.169038,-0.405219,11.2235
0.248671,-0.378769,11.2389
0.309538,-0.392672,11.2366
-0.249637,-0.358745,11.2375
0.00119024,-0.36602,11.2403
0.061953,-0.352337,11.2451
0.129532,-0.334276,11.233
0.297398,-0.335219,11.2147
-0.276346,-0.304051,11.223
-0.186022,-0.32902,11.2454
-0.132076,-0.298465,11.2376
-0.075101,-0.321505,11.2223
0.0814505,-0.302299,11.2091
0.243061,-0.304362,11.2203
-0.416938,-0.273822,11.234
-0.323301,-0.262863,11.2252
-0.21161,-0.284576,11.2098
-0.043478,-0.264307,11.2251
0.0123338,-0.290353,11.2356
0.124496,-0.272899,11.2435
0.18407,-0.286598,11.2307
0.336468,-0.291282,11.2358
-0.377161,-0.228789,11.2162
-0.205658,-0.219954,11.223
-0.0998083,-0.238136,11.2319
0.0533567,-0.247057,11.217
0.282069,-0.248396,11.2116
0.337055,-0.228814,11.2348
0.398433,-0.23832,11.2419
-0.440595,-0.211999,11.2263
-0.293701,-0.208193,11.2188
-0.0540665,-0.193513,11.2149
0.0581788,-0.184987,11.2225
0.113217,-0.214491,11.2244
0.167014,-0.186273,11.2099
0.248945,-0.191632,11.214
0.446175,-0.180765,11.2097
-0.3943,-0.170135,11.2294
-0.245341,-0.174751,11.24
-0.186285,-0.154351,11.2385
0.00653531,-0.149869,11.2237
0.116091,-0.150863,11.2172
0.289602,-0.137904,11.2122
0.34628,-0.153084,11.2336
-0.483162,-0.107934,11.2359
-0.417604,-0.113231,11.2182
-0.288878,-0.105681,11.2358
-0.0525653,-0.131061,11.2161
0.182643,-0.0992827,11.2193
0.384032,-0.101185,11.2343
0.441268,-0.118902,11.2166
-0.242724,-0.066991,11.2192
-0.186141,-0.0932326,11.2256
-0.0805938,-0.0772597,11.2311
-0.018901,-0.0818647,11.24
0.0529499,-0.0867618,11.2332
0.124134,-0.094077,11.242
0.262191,-0.0819061,11.216
0.322525,-0.0902274,11.2398
0.492196,-0.0759942,11.225
-0.423707,-0.0520176,11.2072
-0.302169,-0.0511904,11.2082
-0.200418,-0.0219232,11.2282
-0.141199,-0.0501754,11.2311
0.0198268,-0.0369117,11.2085
0.0823015,-0.037923,11.2075
0.160083,-0.0433563,11.2357
0.291077,-0.0265484,11.2184
0.352701,-0.0345691,11.2249
0.434048,-0.0541159,11.2182
-0.498551,-0.00706033,11.2386
-0.439047,0.00592135,11.2248
-0.261314,-0.00795224,11.2273
-0.092821,-0.0107332,11.2337
0.0493984,0.0139681,11.2294
0.111012,0.0126623,11.2397
0.23971,0.00818694,11.2106
0.443535,0.00718441,11.2257
0.502042,-0.00528982,11.2437
-0.372457,0.0207669,11.2149
-0.0227012,0.0230357,11.2337
0.316704,0.0300161,11.2115
0.382494,0.0203345,11.2233
0.484001,0.0536786,11.2155
-0.491542,0.0902746,11.2365
-0.414779,0.0753646,11.2399
-0.311438,0.0780101,11.2157
-0.253754,0.0868941,11.2379
0.0834535,0.0658159,11.2219
0.200054,0.0597773,11.2195
0.30557,0.0906506,11.2218
0.424242,0.0665635,11.2284
-0.419831,0.135246,11.2228
-0.367494,0.104443,11.2077
-0.322574,0.135116,11.2385
-0.208837,0.128361,11.2251
-0.144485,0.100477,11.2243
0.0607911,0.122003,11.2371
0.167312,0.112905,11.2167
0.234876,0.111158,11.2299
0.378611,0.108308,11.2445
-0.371469,0.174787,11.225
-0.156574,0.160495,11.2368
-0.0976061,0.139809,11.2371
0.0793538,0.174384,11.2086
0.125456,0.150771,11.2435
0.291516,0.152121,11.2433
0.418826,0.153898,11.2302
-0.446989,0.202495,11.2352
-0.318303,0.212766,11.2377
-0.268219,0.190454,11.2077
-0.20267,0.202463,11.2115
-0.0104403,0.183803,11.2214
0.16584,0.200946,11.2281
0.24313,0.19158,11.2406
0.433597,0.213343,11.2126
-0.263962,0.250333,11.225
-0.0542659,0.244417,11.2283
0.00808968,0.245472,11.2176
0.0803133,0.236733,11.2123
0.265683,0.248535,11.2283
0.380778,0.221166,11.245
-0.172283,0.25943,11.2244
-0.110535,0.267292,11.213
0.408573,0.270958,11.2144
-0.385674,0.29614,11.228
-0.279856,0.326946,11.2278
-0.216363,0.305007,11.2207
-0.123424,0.330809,11.2344
-0.0664654,0.305187,11.2362
0.00782525,0.307923,11.2168
0.0690816,0.298112,11.2087
0.183321,0.312408,11.2312
0.245419,0.317251,11.2362
0.368737,0.31893,11.2184
-0.230109,0.365441,11.2306
0.32703,0.364959,11.2252
-0.297239,0.385517,11.2072
-0.162258,0.383579,11.2089
-0.0997829,0.382798,11.2091
-0.00182163,0.376791,11.2447
0.0927022,0.371357,11.2293
0.152045,0.3877,11.24
-0.202652,0.428574,11.2247
0.0158369,0.42997,11.217
0.0737556,0.429385,11.2434
0.181297,0.448645,11.2087
0.23592,0.418324,11.2072
-0.165465,0.474723,11.245
-0.110381,0.452846,11.2251
0.12206,0.483425,11.2287
-0.0702239,0.496153,11.2455
-0.00204449,0.491172,11.2321
0.0601998,0.490098,11.2375
-0.0980234,-0.49492,11.2568
-0.0357981,-0.495829,11.251
0.0286114,-0.499713,11.2537
0.137062,-0.496881,11.2844
0.0912688,-0.46062,11.2622
0.188687,-0.474215,11.2574
-0.264809,-0.418057,11.25
-0.210675,-0.448974,11.254
-0.156333,-0.425316,11.2797
-0.0256285,-0.437547,11.2711
0.145491,-0.434855,11.2794
0.25889,-0.441014,11.2771
-0.337159,-0.373406,11.2581
0.0928311,-0.399055,11.2728
0.149323,-0.372532,11.2782
0.202503,-0.406748,11.2762
-0.110648,-0.361731,11.2561
0.196609,-0.345398,11.2477
0.290969,-0.347507,11.2756
0.353627,-0.350018,11.2484
-0.384995,-0.325516,11.2539
-0.323598,-0.31262,11.263
-0.239997,-0.308682,11.2737
-0.0381866,-0.329369,11.2721
0.158933,-0.310089,11.2828
0.222205,-0.297675,11.2789
0.396753,-0.302565,11.2553
-0.366835,-0.268244,11.271
-0.191732,-0.26383,11.2652
-0.0820041,-0.28482,11.2724
0.0674741,-0.286255,11.2678
0.281785,-0.284728,11.2652
-0.464095,-0.221747,11.2838
-0.399634,-0.215115,11.2733
-0.252182,-0.252573,11.249
-0.133599,-0.251821,11.2848
-0.0535275,-0.229335,11.2759
0.00228801,-0.228271,11.2478
0.073116,-0.224135,11.2717
0.169986,-0.230369,11.254
0.23775,-0.241572,11.2551
-0.338041,-0.21342,11.2625
-0.215946,-0.208577,11.2835
-0.150221,-0.204601,11.2474
-0.0928407,-0.182655,11.2627
0.0307275,-0.178692,11.2783
0.117706,-0.180662,11.2768
0.225999,-0.182401,11.2714
0.289447,-0.198091,11.2611
0.348058,-0.190956,11.2833
0.400909,-0.176788,11.2526
0.45251,-0.213765,11.2624
-0.477152,-0.167445,11.2553
-0.303205,-0.161634,11.2596
-0.0318009,-0.170438,11.2686
0.0749017,-0.137529,11.2622
0.171178,-0.146894,11.2582
0.300675,-0.137919,11.2737
0.474813,-0.152307,11.2573
-0.431486,-0.130496,11.2766
-0.356085,-0.128209,11.2556
-0.229753,-0.117081,11.2638
-0.130597,-0.13318,11.2574
-0.0704121,-0.120544,11.2751
0.0173026,-0.117706,11.2761
0.233833,-0.123026,11.2536
-0.502262,-0.0599584,11.2717
-0.440961,-0.0697958,11.2646
-0.380224,-0.0586503,11.2515
-0.325567,-0.0757245,11.2765
-0.116498,-0.0761325,11.2823
0.212991,-0.0646767,11.2616
0.273853,-0.0790661,11.2773
0.435407,-0.0974594,11.275
0.516742,-0.0684538,11.2819
-0.282337,-0.030869,11.2815
-0.225202,-0.0564244,11.2782
-0.0410143,-0.028524,11.2638
0.0286893,-0.042587,11.2701
0.0999098,-0.0423218,11.2673
0.395929,-0.0496058,11.2675
0.459299,-0.0397293,11.2735
-0.395335,-0.000436861,11.269
-0.33464,-0.0160318,11.2484
-0.15032,0.00888201,11.2494
0.0161616,0.0174122,11.2823
0.197185,0.0109416,11.2584
0.252639,-0.0166457,11.2666
0.313827,0.0037099,11.2681
0.374816,0.00688566,11.2838
-0.461821,0.0450971,11.2678
-0.297422,0.0334024,11.2571
-0.221892,0.0265043,11.2614
-0.0622133,0.0273991,11.2819
0.0729342,0.0434655,11.2792
0.152621,0.054723,11.2599
0.270207,0.0456756,11.2502
0.346436,0.0568831,11.2594
0.506716,0.046074,11.2789
-0.355875,0.063675,11.2572
-0.301162,0.0920361,11.2783
-0.19084,0.0807294,11.2613
-0.107948,0.0626499,11.258
-0.0522364,0.0907825,11.2555
0.01804,0.0709054,11.2462
0.10765,0.0971483,11.2702
0.220508,0.0728485,11.2772
-0.3771,0.12271,11.2667
-0.00330692,0.129416,11.2514
0.325937,0.112969,11.2777
0.433415,0.116406,11.2779
0.490662,0.101554,11.2551
-0.474036,0.148466,11.2511
-0.3449,0.174468,11.2815
-0.262843,0.147076,11.2523
-0.202542,0.159138,11.2791
0.0771736,0.163075,11.2812
0.201104,0.151481,11.2636
0.352451,0.16523,11.2479
0.475916,0.166924,11.2519
-0.40749,0.176525,11.276
-0.24075,0.205448,11.2618
-0.173584,0.212982,11.2662
-0.0560712,0.193938,11.2657
0.042177,0.203803,11.2493
0.112196,0.209883,11.2588
0.310017,0.211214,11.2516
0.415769,0.18645,11.2834
-0.379934,0.230905,11.2515
-0.112799,0.216032,11.2487
-0.013845,0.238868,11.2757
0.441744,0.24958,11.2628
-0.434581,0.261745,11.2625
-0.330673,0.27334,11.2469
-0.280355,0.266144,11.2832
-0.217698,0.263283,11.2671
-0.134181,0.280141,11.2694
-0.0751425,0.26518,11.2834
0.0504056,0.265812,11.2588
0.11309,0.275573,11.2485
0.172522,0.256261,11.2565
0.230459,0.270629,11.275
0.291794,0.261769,11.2835
0.34319,0.270901,11.2492
-0.310435,0.320895,11.282
-0.240017,0.322509,11.2758
-0.178262,0.328426,11.2643
-0.0167471,0.301256,11.2738
0.303543,0.318098,11.2592
0.410868,0.307809,11.2647
-0.361371,0.346303,11.2562
0.0463298,0.338484,11.2553
0.133651,0.332738,11.2632
0.209299,0.36646,11.2532
0.367601,0.352554,11.2711
-0.335849,0.396761,11.2828
-0.279273,0.374853,11.2679
-0.124369,0.384474,11.2665
-0.0620264,0.385808,11.2588
0.0432557,0.393602,11.2846
0.271545,0.371421,11.2531
0.323662,0.396501,11.279
-0.256141,0.431814,11.2568
-0.172215,0.422681,11.2789
-0.0885424,0.446229,11.2833
-0.0352846,0.441741,11.251
0.129549,0.437477,11.2704
0.19125,0.428257,11.2669
0.253702,0.42989,11.266
0.0218305,0.452534,11.275
-0.121206,0.499468,11.2815
0.100101,0.503845,11.2836
-0.128458,-0.514449,11.3078
-0.0648597,-0.513999,11.3062
-0.00238205,-0.512314,11.3065
0.0762318,-0.513612,11.2917
0.211317,-0.490916,11.3132
-0.181465,-0.482947,11.2976
-0.087081,-0.455625,11.3047
0.0296961,-0.454554,11.2969
-0.30771,-0.413301,11.2961
-0.254935,-0.447072,11.3044
-0.361612,-0.385046,11.3145
-0.224151,-0.387905,11.2866
-0.109857,-0.395308,11.3088
-0.0493064,-0.385701,11.2967
0.0334784,-0.387373,11.2894
0.277396,-0.396034,11.3163
0.340078,-0.397498,11.2909
-0.285609,-0.355365,11.2885
-0.168024,-0.370912,11.3081
-0.088714,-0.335462,11.3084
0.101578,-0.333885,11.2897
0.233017,-0.35642,11.2972
-0.387164,-0.315471,11.3155
-0.20553,-0.323181,11.3237
-0.150827,-0.312168,11.2956
0.0227013,-0.325928,11.2859
0.27406,-0.309385,11.3221
0.354601,-0.314635,11.2999
0.415561,-0.321012,11.312
-0.426083,-0.269336,11.2979
-0.311574,-0.263622,11.2999
-0.242628,-0.258224,11.3105
-0.0134424,-0.275007,11.2904
0.040545,-0.255299,11.315
0.441614,-0.270913,11.2852
-0.359424,-0.222903,11.3205
0.127811,-0.243101,11.2983
0.201516,-0.245232,11.3059
0.292119,-0.239898,11.3075
0.350902,-0.252932,11.2908
0.40474,-0.221748,11.3018
-0.278885,-0.211709,11.288
-0.137792,-0.186679,11.306
-0.0064148,-0.214078,11.3139
0.173209,-0.189559,11.304
0.293595,-0.178789,11.3204
0.464515,-0.176434,11.3141
-0.476017,-0.170151,11.3177
-0.382839,-0.161705,11.301
-0.259537,-0.154508,11.304
-0.192126,-0.155771,11.3069
-0.0695199,-0.167636,11.3187
-0.0101273,-0.148679,11.323
0.0771457,-0.14849,11.3237
0.404151,-0.160253,11.3128
-0.50178,-0.118054,11.2947
-0.323673,-0.129114,11.309
-0.174326,-0.0994302,11.2866
-0.117332,-0.127383,11.3182
0.127612,-0.122566,11.2975
0.195193,-0.109229,11.3018
0.252056,-0.132766,11.3126
0.314044,-0.0986793,11.321
0.360086,-0.124109,11.2872
0.503334,-0.124701,11.3056
-0.452724,-0.0907882,11.3223
-0.385037,-0.0965001,11.301
-0.271954,-0.0932718,11.3033
-0.0166277,-0.0718607,11.3016
0.0670781,-0.0863114,11.2971
0.15177,-0.065076,11.2937
-0.363834,-0.0379622,11.3083
-0.166441,-0.037508,11.2879
0.199815,-0.0258693,11.3088
0.285476,-0.032501,11.3173
0.336506,-0.0514766,11.2867
0.421545,-0.0380348,11.3233
-0.519608,0.0016215,11.2968
-0.459615,-0.0143692,11.2869
-0.213992,-0.00641283,11.3139
-0.110224,-0.0108528,11.2937
0.0769801,-0.00808985,11.3143
0.144764,-0.00311594,11.2899
0.522709,-0.00975073,11.3025
-0.434425,0.0308148,11.3221
-0.341524,0.0196887,11.2992
-0.269483,0.0222484,11.3118
-0.212188,0.0559434,11.3171
-0.15316,0.047489,11.2984
0.122805,0.0560038,11.3148
0.183325,0.0393745,11.3146
0.244563,0.0263309,11.3112
0.449409,0.0216812,11.2862
-0.518894,0.0631647,11.2857
-0.392032,0.0741869,11.307
-0.0793518,0.0800856,11.3108
-0.0115319,0.0940233,11.3028
0.289605,0.0697321,11.3045
0.350224,0.0719111,11.3199
0.402418,0.0628737,11.2868
0.474271,0.0861549,11.3142
-0.502415,0.121752,11.2999
-0.437257,0.111593,11.2856
-0.236283,0.108666,11.2938
-0.13913,0.109043,11.2859
0.0501219,0.0996322,11.2944
0.165784,0.107552,11.2905
0.258928,0.121192,11.2867
-0.450072,0.162434,11.3196
-0.311593,0.137764,11.3196
-0.255528,0.165394,11.3116
-0.123239,0.169399,11.2889
-0.0681802,0.138708,11.2923
0.140192,0.166532,11.3022
0.316948,0.171044,11.299
0.378778,0.138596,11.2991
0.5013,0.141347,11.3029
0.00011386,0.179332,11.2888
0.1872,0.206075,11.2907
0.265618,0.206623,11.2969
0.472309,0.208363,11.2985
-0.4655,0.216904,11.2931
-0.405859,0.230476,11.3083
-0.335849,0.234647,11.2956
-0.219414,0.225602,11.317
-0.129672,0.230486,11.3071
0.0366808,0.225379,11.3099
0.0966042,0.243099,11.3094
0.347407,0.231413,11.2974
0.404285,0.252161,11.3128
-0.376736,0.281992,11.2882
-0.177492,0.281253,11.3144
0.0294276,0.287339,11.3136
0.142241,0.285346,11.3027
0.464514,0.265409,11.3227
-0.439804,0.295201,11.315
0.0849239,0.30818,11.2938
0.192472,0.320885,11.2924
0.254635,0.323774,11.2976
0.362238,0.297257,11.3025
-0.397006,0.340067,11.3072
-0.149475,0.35274,11.3141
-0.0892018,0.336773,11.2863
0.00873483,0.346238,11.3089
0.408807,0.342042,11.317
-0.214262,0.37772,11.2897
-0.0867751,0.392829,11.3157
-0.0176041,0.402135,11.2996
0.106115,0.382763,11.2893
0.168635,0.3782,11.2995
0.22343,0.40414,11.3147
0.279562,0.377021,11.3187
-0.286732,0.44105,11.3105
-0.224436,0.436147,11.3105
0.0766832,0.444751,11.3039
0.285566,0.439224,11.3189
-0.0290916,0.462486,11.3109
0.162026,0.48788,11.288
0.221983,0.466016,11.306
-0.193763,0.489314,11.2988
-0.0572338,0.517661,11.3027
0.0054879,0.510741,11.2909
-0.0955375,-0.540448,11.3541
-0.0330431,-0.540302,11.3532
0.0446192,-0.534273,11.3415
-0.173412,-0.519744,11.3509
0.159688,-0.513592,11.3402
-0.225763,-0.486511,11.3431
-0.141537,-0.453084,11.3352
-0.0915199,-0.478664,11.3626
-0.0349318,-0.46917,11.3378
0.0246687,-0.476637,11.3551
0.0865952,-0.461465,11.3245
0.136936,-0.459434,11.3615
-0.300365,-0.448419,11.3473
-0.198709,-0.42973,11.3254
-0.0663475,-0.416212,11.3485
-0.00520285,-0.414764,11.3301
0.184544,-0.436453,11.3282
0.247015,-0.446146,11.3382
0.318616,-0.436641,11.3399
-0.263262,-0.393018,11.3351
-0.207091,-0.376254,11.3567
0.0557766,-0.410356,11.343
0.123393,-0.401293,11.3273
0.221259,-0.390144,11.3485
0.382559,-0.374854,11.3307
-0.405837,-0.368676,11.3555
-0.328733,-0.333701,11.3281
-0.134895,-0.338874,11.3503
-0.0610847,-0.355174,11.3608
0.058109,-0.348886,11.332
0.120247,-0.342672,11.3487
0.178952,-0.348831,11.3278
0.321432,-0.355308,11.3338
-0.450108,-0.315181,11.3377
-0.270602,-0.31073,11.3295
-0.0150004,-0.321392,11.3355
0.217099,-0.303249,11.3471
0.367026,-0.323079,11.3621
-0.427614,-0.260086,11.3615
-0.348779,-0.277967,11.348
-0.180961,-0.256164,11.3263
-0.124217,-0.27807,11.3407
-0.0624553,-0.280926,11.3316
-0.00788076,-0.261269,11.3549
0.0934619,-0.285638,11.3286
0.160016,-0.279685,11.3374
0.325836,-0.279174,11.3425
0.388031,-0.268787,11.3394
0.461441,-0.292508,11.3434
-0.493133,-0.224117,11.3446
-0.289405,-0.24031,11.3534
-0.0927402,-0.226088,11.3244
0.174664,-0.222089,11.3573
0.246365,-0.24809,11.3493
0.480811,-0.234859,11.3291
-0.422542,-0.205017,11.3306
-0.311599,-0.185041,11.3341
-0.241624,-0.202298,11.3401
-0.179893,-0.198617,11.3507
-0.112085,-0.180531,11.3626
-0.0462517,-0.206743,11.3615
0.0333425,-0.183574,11.3512
0.0863121,-0.209866,11.3311
0.228454,-0.190391,11.3333
0.35613,-0.214846,11.3405
0.413871,-0.201224,11.3601
-0.42533,-0.143071,11.3429
-0.357805,-0.149788,11.3571
-0.226944,-0.144019,11.3574
0.179434,-0.146842,11.3492
0.346515,-0.152784,11.3411
0.520118,-0.155866,11.3571
-0.499626,-0.126507,11.3565
-0.286728,-0.12548,11.3592
-0.165387,-0.131692,11.358
0.0332468,-0.10915,11.3445
0.130417,-0.110241,11.3619
0.447102,-0.119272,11.3323
-0.535728,-0.0757472,11.3632
-0.392299,-0.0935296,11.363
-0.317396,-0.0679557,11.3379
-0.21633,-0.0879009,11.3314
-0.15366,-0.0716875,11.3387
-0.0727497,-0.0843035,11.3261
-0.0218195,-0.0856376,11.3624
0.179049,-0.0681648,11.3498
0.238963,-0.0737842,11.3289
0.379484,-0.083654,11.3307
0.477581,-0.064759,11.3305
-0.492686,-0.043561,11.3312
-0.421733,-0.0359495,11.3317
-0.260061,-0.0402964,11.3391
-0.103824,-0.0358892,11.3506
-0.04793,-0.0234084,11.3257
0.0322652,-0.0478472,11.3323
0.106747,-0.0583306,11.3365
0.362043,-0.023931,11.3366
0.54149,-0.0574467,11.3382
-0.539484,-0.00779483,11.3555
-0.380906,0.00996717,11.3467
-0.311963,-0.00644317,11.3476
-0.154185,-0.00132838,11.3374
0.128526,-0.0013933,11.3502
0.239181,-0.0177866,11.3566
0.541304,0.00934589,11.359
-0.543166,0.0582266,11.3431
-0.488882,0.0287468,11.3527
-0.0869519,0.0250077,11.3393
-0.0220116,0.033331,11.3293
0.0381361,0.0501942,11.3307
0.317263,0.0197922,11.33
0.40899,0.0222643,11.3338
0.486638,0.028845,11.3358
-0.466025,0.0836185,11.3335
-0.333455,0.0741421,11.3288
-0.274305,0.0908107,11.3401
-0.142995,0.0820772,11.3494
0.207439,0.0933539,11.3348
0.266199,0.096775,11.3558
0.526447,0.0757197,11.347
-0.530382,0.11818,11.3557
-0.1848,0.122433,11.3264
-0.109859,0.13393,11.3386
-0.0325402,0.136457,11.3435
0.0987664,0.124688,11.3256
0.156671,0.128106,11.3488
0.320287,0.123262,11.3391
0.416976,0.0989749,11.3357
0.488635,0.124193,11.3617
-0.381413,0.146572,11.3243
-0.218404,0.161623,11.3617
0.0286398,0.144565,11.3322
0.206975,0.156943,11.3255
0.268492,0.158069,11.3363
0.376444,0.138766,11.3617
0.445417,0.154079,11.3279
-0.499558,0.194102,11.3408
-0.438502,0.210552,11.3577
-0.341209,0.192102,11.3414
-0.170944,0.187019,11.3252
-0.0765346,0.191547,11.3246
-0.0267402,0.19582,11.3621
0.0885522,0.187798,11.3375
0.204025,0.208306,11.3607
0.381573,0.195015,11.335
0.508994,0.187368,11.3445
-0.480564,0.253743,11.3413
-0.282778,0.219956,11.3252
-0.083369,0.251028,11.3437
-0.0210758,0.252411,11.3363
0.146877,0.218086,11.3369
0.265899,0.216334,11.3586
0.323799,0.239352,11.3547
0.43843,0.215839,11.3505
-0.3229,0.273041,11.3432
-0.23877,0.284364,11.3261
-0.146093,0.25559,11.3619
0.194413,0.258177,11.3244
0.254773,0.272141,11.3328
-0.380449,0.296697,11.349
-0.285681,0.323145,11.3402
-0.11902,0.29963,11.3268
-0.0516186,0.305817,11.3255
-0.00185888,0.309143,11.3631
0.0758069,0.299636,11.3551
0.188319,0.317903,11.3547
0.284773,0.324584,11.3523
0.341074,0.299024,11.3613
0.455503,0.319777,11.3522
-0.431055,0.338175,11.3595
-0.339237,0.352952,11.3272
-0.225468,0.343612,11.3409
-0.0886602,0.345483,11.3565
-0.0311868,0.36942,11.351
0.066802,0.356056,11.3298
0.128734,0.340277,11.3291
0.23394,0.360463,11.3581
0.335218,0.349181,11.3244
-0.388237,0.383144,11.3516
-0.272418,0.38325,11.3295
-0.18266,0.399471,11.3391
0.0266994,0.409946,11.3429
0.144686,0.396622,11.3542
0.351312,0.40887,11.3337
-0.339922,0.424306,11.3387
-0.132811,0.434795,11.3259
-0.0542468,0.427581,11.3562
0.189475,0.440228,11.3527
-0.239837,0.488473,11.341
-0.0885827,0.477107,11.3385
0.0281031,0.471827,11.3343
0.084191,0.479175,11.3608
0.132453,0.45327,11.3308
0.254362,0.479789,11.3577
-0.149493,0.513985,11.3353
0.0597434,0.525123,11.3263
0.1312,0.526208,11.3329
0.189486,0.505533,11.3419
-0.0873477,0.538814,11.3533
0.00500426,0.540026,11.3525
0.0740172,-0.452793,11.3851
0.198909,-0.477604,11.373
0.286734,-0.476489,11.376
-0.0127114,-0.438379,11.3875
-0.149041,-0.398166,11.3641
-0.0965458,-0.391492,11.3973
0.0991268,-0.391865,11.3841
0.164783,-0.398363,11.374
0.298874,-0.401606,11.3877
-0.299532,-0.362249,11.3756
0.010882,-0.36794,11.3682
0.198086,-0.34706,11.3874
0.26686,-0.351834,11.3674
0.320607,-0.343983,11.3983
0.42711,-0.346838,11.3677
-0.299541,-0.295011,11.3826
-0.234938,-0.32481,11.3789
-0.176272,-0.297743,11.3727
-0.104635,-0.308802,11.396
-0.043187,-0.301178,11.3875
0.0359126,-0.303581,11.3689
0.0951179,-0.301944,11.3889
0.476458,-0.317151,11.3988
-0.483619,-0.265828,11.3959
-0.225305,-0.257665,11.3702
0.155755,-0.290539,11.3988
0.207903,-0.256102,11.3979
0.278491,-0.290827,11.3816
0.430272,-0.256389,11.3845
-0.380386,-0.216446,11.379
-0.146865,-0.239578,11.3844
-0.0854071,-0.251113,11.3816
0.00475593,-0.215902,11.3964
0.0562523,-0.24355,11.3743
0.118549,-0.246386,11.3702
0.300604,-0.223262,11.3679
0.356741,-0.23316,11.4002
-0.464114,-0.176801,11.3786
-0.276891,-0.180632,11.3871
0.208242,-0.182259,11.3919
-0.000118783,-0.143149,11.3851
0.0695564,-0.146081,11.3857
0.124273,-0.172403,11.3636
0.268429,-0.170464,11.377
0.460691,-0.162667,11.3752
-0.450993,-0.0983675,11.3843
-0.335522,-0.09916,11.3889
-0.113447,-0.101861,11.3758
-0.0602387,-0.134218,11.3706
0.231852,-0.12023,11.3704
0.298417,-0.115661,11.379
0.398208,-0.131747,11.3692
0.488871,-0.105388,11.3767
0.550904,-0.100575,11.3825
-0.249281,-0.0821594,11.3843
-0.189278,-0.0912919,11.3992
0.0748047,-0.0838323,11.3837
0.259828,-0.0673898,11.3885
0.367122,-0.0824857,11.392
0.426517,-0.0761356,11.3726
-0.459537,-0.0198564,11.3788
-0.359733,-0.0413555,11.3754
-0.300465,-0.047113,11.3944
-0.199018,-0.03819,11.3656
-0.145125,-0.0471612,11.3961
-0.054217,-0.0222719,11.3878
0.00676126,-0.0364092,11.3881
0.0705324,-0.022121,11.3748
0.13613,-0.0483685,11.3907
0.316964,-0.0555955,11.3661
0.565982,-0.0375251,11.3922
-0.246823,-0.0153256,11.3988
0.186011,0.0118042,11.3708
0.346551,0.0128693,11.3847
0.401814,-0.0164582,11.3843
0.462432,-0.0181197,11.3692
-0.567252,0.0335524,11.3952
-0.345859,0.0464422,11.3834
-0.254288,0.0396099,11.3699
-0.191845,0.0344792,11.3721
-0.129778,0.031955,11.3843
-0.0480025,0.0402492,11.3858
0.0126104,0.0255031,11.3821
0.08924,0.0444903,11.3662
0.269927,0.0355076,11.3676
0.444408,0.0535607,11.3747
0.557745,0.0558942,11.3973
-0.429109,0.0591143,11.3776
-0.380291,0.0958658,11.3644
-0.294285,0.0785647,11.398
-0.218576,0.0908698,11.3685
-0.0717668,0.096107,11.3707
-0.0036373,0.0829992,11.3638
0.113557,0.089784,11.4017
0.158686,0.0676589,11.3646
0.217655,0.0627522,11.3884
0.320265,0.0718441,11.3747
0.382081,0.0629082,11.3729
0.495949,0.076578,11.4015
-0.435116,0.125671,11.3678
-0.328303,0.127393,11.3789
-0.25736,0.128988,11.3993
0.057558,0.0988205,11.3648
0.300983,0.126347,11.3985
0.419644,0.105707,11.3986
-0.287022,0.17235,11.3654
-0.159643,0.14764,11.3778
-0.0747597,0.16134,11.3824
0.108048,0.14896,11.3824
0.165455,0.171159,11.3932
0.224623,0.141539,11.3834
0.426165,0.166786,11.3872
0.539533,0.151484,11.3856
-0.390476,0.176307,11.3785
-0.123875,0.197268,11.365
0.035287,0.194257,11.3695
0.318176,0.178573,11.3681
0.371043,0.197121,11.3965
-0.379029,0.236165,11.3645
-0.194706,0.218187,11.3739
-0.0771017,0.221686,11.3985
-0.0218705,0.250937,11.3988
0.0925306,0.239933,11.3717
0.162861,0.236142,11.3986
0.382423,0.253157,11.3713
0.49782,0.243117,11.3707
-0.433705,0.277278,11.3753
-0.270184,0.257927,11.3732
0.0324146,0.256654,11.3683
0.137997,0.282135,11.3645
0.216311,0.269088,11.382
0.283566,0.273443,11.3883
0.441635,0.268136,11.3845
-0.332991,0.321747,11.381
-0.197623,0.296723,11.3715
-0.0593241,0.299611,11.3872
0.398016,0.319674,11.3766
-0.147641,0.334168,11.3738
0.0301555,0.359995,11.3803
0.0990866,0.350454,11.3832
0.182817,0.366553,11.3935
-0.313667,0.381877,11.3764
-0.252067,0.374942,11.388
-0.131254,0.39527,11.3744
0.0846233,0.408883,11.3663
0.308425,0.386667,11.3733
0.398247,0.38134,11.3644
-0.256025,0.432651,11.3643
0.139862,0.445859,11.3924
0.254727,0.418359,11.3691
0.373798,0.429764,11.3954
0.206567,0.47988,11.3979
0.321018,0.450462,11.3691
-0.0343563,0.493152,11.3651
0.137354,0.508307,11.3925
0.224799,-0.407413,11.4084
0.139101,-0.3501,11.4078
-0.41364,-0.327776,11.4154
-0.346083,-0.260778,11.408
-0.220852,-0.207275,11.405
0.14578,-0.207367,11.4108
-0.404969,-0.145575,11.4091
-0.101437,-0.148748,11.4153
-0.0446183,-0.17502,11.4153
0.112035,-0.117175,11.4213
0.17103,-0.134382,11.4098
0.440419,-0.121745,11.4179
-0.0642771,-0.0805792,11.408
0.0206138,-0.0916633,11.4138
0.201411,-0.0797761,11.407
0.469519,-0.0600003,11.415
-0.413008,-0.0509237,11.4066
0.0580312,-0.0448858,11.4317
-0.103764,-0.00911796,11.4236
-0.0168117,0.00165823,11.4318
0.244005,0.00406633,11.415
0.510728,-0.0133423,11.4086
0.0633359,0.022037,11.4184
0.130776,0.0230379,11.4077
0.18849,0.0277843,11.4312
0.403101,0.0323876,11.4232
-0.168678,0.0884672,11.406
-0.0923115,0.0632401,11.4234
0.0302115,0.0751466,11.4157
-0.113629,0.120493,11.4102
-0.0264158,0.124502,11.4046
0.175315,0.110877,11.4065
0.24978,0.102049,11.4248
0.358513,0.105845,11.4117
0.0477354,0.144931,11.4058
0.133444,0.14495,11.4401
0.325784,0.17281,11.4321
-0.464849,0.181942,11.4067
-0.248402,0.204348,11.4027
-0.00226696,0.180676,11.4176
0.114203,0.201351,11.4158
0.211947,0.201742,11.4226
0.268255,0.178649,11.4084
0.459419,0.214212,11.4106
-0.142927,0.226284,11.417
-0.21988,0.258446,11.4156
-0.118036,0.289663,11.4061
0.0977505,0.287526,11.4124
0.173197,0.301864,11.4132
0.487188,0.306083,11.4043
0.27081,0.350345,11.4076
0.355071,0.35701,11.4025
0.291062,0.489944,11.4072
0.27711,-0.467548,11.4654
-0.022642,-0.0698255,11.4533
0.11855,-0.0463659,11.4506
-0.243143,0.15753,11.453
0.0764471,0.168243,11.4561
0.0392787,0.236675,11.4444
0.169692,0.243513,11.4608
0.420596,-0.387269,11.4828
-0.380779,-0.355857,11.4926
0.0767428,0.2494,11.5131
0.212003,-0.485733,11.5346
0.215489,-0.466614,11.6224
-0.550291,-0.265991,11.6098
-0.114464,-0.45863,11.6841
-0.456929,-0.27642,11.6798
0.156759,-0.187536,11.7025
0.507946,0.601489,11.7826
-0.220981,-0.442633,11.8081
0.453242,-0.424997,11.9157
0.482208,-0.306897,11.9131
-0.767774,0.167667,11.9498
-0.390293,0.705266,11.9883
-0.528524,0.838152,12.0574
-0.362325,-0.663509,12.1313
0.935806,0.259695,12.1444
-0.806204,0.559793,12.1253
-1.02478,-0.19716,12.1772
0.374734,1.03391,12.2328
-0.0747822,-1.23739,12.3508
0.327817,-0.920303,12.3508
-0.0202352,0.0846497,12.3489
1.12924,-0.231197,12.4887
-0.632039,0.183331,12.4952
-0.278248,0.418617,12.5142
0.71799,1.27744,12.4977
0.357099,1.4087,12.623
1.40816,0.935258,12.7137
0.143569,-2.07333,12.8663
-0.105955,2.23644,12.9384
-2.25835,0.704719,13.0433
1.15695,-2.06278,13.0649
2.3464,-0.78371,13.0581
1.38909,2.07255,13.1126
-2.79304,0.528303,13.2292
2.63566,1.57429,13.3356
-1.90908,-2.64593,13.4158
2.50982,2.02459,13.398
-1.38567,-3.03924,13.4517
-1.2938,-2.85434,13.4649
-2.83258,-1.80085,13.4664
3.13819,1.49079,13.5145
