x,y,z
0.123638,-0.523089,0.0726816
0.334839,-0.522714,0.062479
-0.0256985,-0.46095,0.0677761
0.0862151,-0.406608,0.0621736
0.210621,-0.416797,0.0623965
0.333616,-0.398171,0.0614364
-0.464607,-0.358463,0.0691707
-0.338993,-0.363001,0.0647826
-0.125588,-0.387711,0.0609532
0.45705,-0.381429,0.061808
-0.536596,-0.25662,0.0622822
-0.227548,-0.30662,0.0624921
-0.110512,-0.263763,0.0628133
0.0946425,-0.283627,0.0616312
0.25547,-0.300265,0.0628441
0.381275,-0.283051,0.0618082
0.504359,-0.265491,0.0623836
-0.396247,-0.234842,0.0631286
-0.271597,-0.190848,0.063136
0.181311,-0.196281,0.0618643
0.30438,-0.18538,0.0626719
0.427315,-0.167125,0.0631666
-0.483766,-0.144704,0.0631442
-0.155336,-0.147664,0.0626452
-0.0380108,-0.105316,0.0619739
0.0862984,-0.115309,0.0645017
0.550361,-0.149573,0.0627264
-0.568451,-0.0540363,0.0677032
-0.450905,-0.0232673,0.0619549
-0.249467,-0.0654812,0.0629305
-0.131172,-0.0256058,0.0630814
0.327274,-0.0626922,0.0649403
0.45024,-0.0445657,0.0612919
0.574185,-0.0273906,0.0625992
-0.544397,0.0678242,0.0628323
-0.339029,0.0242703,0.0631305
-0.22189,0.0580391,0.0634232
-0.00937289,0.0148256,0.062768
0.114884,0.00758333,0.0626372
0.252165,0.0371129,0.0628569
0.375234,0.053576,0.0627289
0.498949,0.0710648,0.0627537
-0.428688,0.110821,0.0631599
-0.104495,0.0955135,0.0629072
0.632198,0.0828563,0.0619881
-0.531374,0.191742,0.0618943
-0.414726,0.234452,0.0630204
-0.197495,0.179445,0.0645637
-0.0231597,0.187385,0.0621431
0.0959037,0.219759,0.0619329
0.422038,0.169122,0.0635146
0.554914,0.182244,0.0618434
-0.293175,0.261393,0.0622109
-0.115296,0.270382,0.0623285
0.00323415,0.308386,0.0628423
0.21886,0.236955,0.0625931
0.339877,0.264203,0.0644999
0.461769,0.286884,0.0645851
-0.51933,0.315621,0.0620626
-0.379702,0.35366,0.0629872
-0.208447,0.351681,0.0629515
-0.0903868,0.391329,0.0627703
0.122451,0.341402,0.0632733
0.245937,0.357908,0.0646603
0.367489,0.384871,0.0662995
-0.292576,0.441785,0.0624609
0.0273695,0.430932,0.0638698
0.147384,0.462836,0.0635861
-0.175917,0.481709,0.0631671
-0.0583107,0.521846,0.0630934
0.270388,0.479668,0.0651756
0.0617258,0.552933,0.064374
0.182798,0.581823,0.0717163
-0.222526,-0.652059,0.114281
0.0128227,-0.690566,0.140682
0.123212,-0.642068,0.110244
0.231562,-0.694636,0.148437
-0.101334,-0.624472,0.102759
0.0128977,-0.577369,0.0891718
0.229612,-0.585202,0.0819416
0.330754,-0.615164,0.146111
-0.378625,-0.478952,0.0893757
-0.263756,-0.52696,0.0917051
-0.140565,-0.508467,0.0842369
0.425568,-0.535401,0.145781
-0.229922,-0.414162,0.123075
0.510971,-0.446735,0.15019
-0.557761,-0.337325,0.152948
-0.0143441,-0.338652,0.0875609
0.568024,-0.337497,0.140671
-0.311179,-0.277082,0.151672
-0.618815,-0.165992,0.0876226
-0.00080557,-0.215641,0.0962189
0.611183,-0.22241,0.143314
-0.364936,-0.110989,0.0760743
0.64422,-0.103839,0.130466
-0.679702,-0.0466152,0.120849
0.204256,-0.0764351,0.0773283
-0.731551,0.0753247,0.151899
-0.634804,0.140322,0.108556
-0.312331,0.142436,0.090907
0.0584497,0.107449,0.108778
0.180686,0.12835,0.106959
0.302003,0.14917,0.0909116
-0.108931,0.185589,0.152617
0.662959,0.185905,0.123593
-0.608182,0.259909,0.128989
0.576284,0.292417,0.112521
-0.473885,0.427238,0.0989339
0.480217,0.397914,0.118117
-0.381615,0.509081,0.11199
0.381548,0.496981,0.117175
-0.26666,0.556191,0.110973
-0.150903,0.59838,0.0950178
0.293742,0.583508,0.130287
-0.0351327,0.642292,0.0847395
0.0849364,0.665949,0.111409
-0.125432,-0.708878,0.188707
0.124906,-0.712962,0.212248
-0.3286,-0.605972,0.159776
-0.167619,-0.574166,0.194609
-0.0515637,-0.615421,0.216817
0.0856456,-0.551134,0.186901
0.203113,-0.58962,0.208039
-0.381226,-0.513788,0.224482
-0.258749,-0.493581,0.222122
-0.0298683,-0.499969,0.184309
0.183855,-0.472755,0.169697
0.304332,-0.499756,0.181698
-0.480329,-0.447357,0.153749
-0.341502,-0.403021,0.182823
-0.142863,-0.451767,0.203503
0.0696575,-0.42723,0.183568
0.392124,-0.413506,0.168694
-0.149605,-0.327163,0.162872
-0.0426956,-0.377984,0.202585
0.270636,-0.380728,0.166971
-0.63783,-0.246205,0.18072
-0.428345,-0.313433,0.178299
-0.057392,-0.254425,0.196995
0.0577099,-0.304961,0.205283
0.172134,-0.305852,0.155939
0.322729,-0.267235,0.168686
0.447068,-0.30223,0.166883
0.66398,-0.308542,0.218019
-0.512095,-0.220775,0.179131
-0.388902,-0.204734,0.22134
-0.192936,-0.210887,0.163739
0.105006,-0.200616,0.158114
0.234747,-0.1793,0.175729
0.4974,-0.189519,0.181905
0.692137,-0.187449,0.230698
-0.695107,-0.138202,0.20354
-0.579482,-0.0968644,0.183528
-0.455771,-0.109382,0.179152
-0.293714,-0.139294,0.174599
-0.092368,-0.137915,0.169112
0.0275886,-0.104743,0.174641
0.150012,-0.0896528,0.193133
0.359369,-0.146958,0.167231
-0.731921,-0.0216913,0.229856
-0.357884,-0.0329728,0.176788
-0.189893,-0.0449699,0.17031
-0.0606452,-0.0171642,0.17189
0.27107,-0.0595177,0.180467
0.3898,-0.026052,0.167518
0.51164,-0.0673781,0.164552
0.712533,-0.0497333,0.21815
-0.601261,0.0368538,0.168098
-0.479311,0.0124377,0.175335
-0.266973,0.0489224,0.198981
-0.146906,0.0714087,0.18367
0.0591051,0.0138622,0.196853
0.182037,0.0303219,0.184392
0.30234,0.0617634,0.179487
0.58829,0.00814553,0.225708
0.686264,0.0622659,0.170983
-0.584652,0.145118,0.227721
-0.381867,0.0891431,0.178749
-0.0278577,0.103202,0.197574
0.118888,0.13371,0.213673
0.432885,0.0931789,0.1651
0.569056,0.114381,0.164689
-0.700537,0.185665,0.20434
-0.476921,0.16643,0.168051
-0.356388,0.220612,0.177765
-0.228231,0.170266,0.185042
0.0300207,0.211254,0.171006
0.241397,0.16678,0.20911
0.360313,0.199623,0.189144
0.48898,0.21301,0.162292
-0.534591,0.259369,0.22774
-0.443629,0.30779,0.159388
-0.258154,0.29844,0.17489
-0.0592305,0.298352,0.169682
0.150427,0.245241,0.168529
0.269896,0.284534,0.165812
0.672666,0.289767,0.19056
-0.565985,0.37243,0.161125
-0.351913,0.37153,0.21181
-0.158488,0.373017,0.173844
0.0607029,0.332002,0.171517
0.179447,0.370479,0.169656
0.404045,0.31534,0.171713
0.523651,0.321371,0.21709
-0.467983,0.414404,0.225012
-0.25931,0.449083,0.182454
-0.0439305,0.422461,0.172351
0.0817863,0.4545,0.173843
0.295802,0.414187,0.16793
0.40074,0.446443,0.226273
0.58269,0.42683,0.18259
-0.483614,0.528873,0.178029
-0.144299,0.496318,0.181722
0.19853,0.498313,0.170496
0.493305,0.511545,0.17019
-0.369267,0.61322,0.17653
-0.0331981,0.558593,0.177895
0.0888158,0.576446,0.197684
0.396531,0.579569,0.208071
-0.261405,0.675685,0.173621
-0.137373,0.684302,0.182637
-0.0116138,0.699119,0.191819
0.199395,0.651771,0.172592
0.106601,0.712704,0.225274
-0.0223441,-0.729258,0.254175
-0.347234,-0.642195,0.276478
-0.236628,-0.679092,0.233393
-0.12851,-0.688441,0.309021
0.2968,-0.669513,0.25116
0.112321,-0.615605,0.289286
0.288605,-0.552631,0.29342
0.404125,-0.60528,0.246748
-0.5004,-0.523018,0.256849
-0.0916292,-0.528697,0.29475
0.0394225,-0.510015,0.294182
0.163906,-0.502849,0.2886
0.386116,-0.477007,0.275639
0.499375,-0.524595,0.245395
-0.573971,-0.428655,0.233779
-0.457247,-0.397947,0.264586
-0.329839,-0.413579,0.306639
0.269035,-0.430233,0.281115
0.592849,-0.41131,0.235269
-0.648654,-0.335743,0.266092
-0.233884,-0.372585,0.238214
-0.124018,-0.342286,0.28898
0.152982,-0.382005,0.26276
0.359813,-0.341905,0.269382
0.473971,-0.390167,0.258025
-0.530225,-0.297172,0.276331
-0.318588,-0.292102,0.276345
-0.202808,-0.247808,0.287635
0.24343,-0.299272,0.257628
0.545656,-0.288291,0.25236
-0.696626,-0.224861,0.293355
-0.58203,-0.181373,0.274637
-0.299347,-0.171531,0.299664
-0.084475,-0.213709,0.307721
0.0309591,-0.194828,0.260926
0.15348,-0.214414,0.269333
0.402057,-0.225433,0.254009
0.506956,-0.183865,0.306693
-0.510796,-0.0821543,0.299641
-0.387413,-0.0851339,0.290255
-0.167793,-0.129717,0.268222
-0.0468995,-0.0988628,0.277422
0.299809,-0.133869,0.276331
0.42407,-0.102159,0.263714
0.592834,-0.116568,0.243243
-0.614615,-0.0207158,0.275551
-0.268639,-0.0566769,0.264972
-0.148964,-0.00701062,0.281958
0.0738701,-0.0692806,0.29014
0.215104,-0.041023,0.289985
0.336849,-0.0147376,0.279996
-0.509048,0.0448423,0.289056
-0.38095,0.0385308,0.291905
-0.0280035,0.0224513,0.29296
0.125063,0.0443972,0.299787
0.255265,0.0767351,0.30143
0.45847,0.0172804,0.260826
0.729983,0.0523036,0.286476
-0.693621,0.0856392,0.277896
-0.440104,0.148133,0.284623
-0.31681,0.144969,0.268661
-0.119495,0.113243,0.297893
0.0324129,0.130069,0.302176
0.37261,0.10695,0.272035
0.4965,0.134559,0.263848
0.617257,0.105092,0.298866
-0.052672,0.212786,0.263933
0.590292,0.212246,0.240869
0.710597,0.165224,0.236851
-0.655546,0.29697,0.237786
-0.419886,0.271112,0.275959
-0.278496,0.26649,0.292712
-0.1607,0.27211,0.247498
0.0848926,0.240039,0.277866
0.207452,0.267494,0.274775
0.331692,0.302873,0.272298
0.441573,0.24544,0.272233
-0.0327952,0.343954,0.281535
0.120087,0.358156,0.278334
0.241288,0.387269,0.276721
0.462419,0.37825,0.306108
0.632119,0.367166,0.278316
-0.607814,0.405972,0.271717
-0.278514,0.414126,0.301844
-0.130642,0.4222,0.283691
-0.53211,0.50187,0.287004
-0.363805,0.49702,0.233489
-0.00372377,0.483161,0.271461
0.117173,0.480625,0.292283
0.297673,0.514399,0.242785
0.485754,0.548743,0.288711
-0.433237,0.589696,0.279862
-0.230288,0.570628,0.233688
-0.103098,0.55722,0.280639
0.00557313,0.615541,0.281901
0.191425,0.575017,0.268367
-0.322287,0.654572,0.282581
-0.207536,0.700834,0.28459
0.205474,0.704351,0.300171
0.299149,0.644597,0.246107
-0.0864201,0.726235,0.287453
-0.0346054,-0.73197,0.377466
0.0783727,-0.72797,0.326671
-0.242854,-0.690298,0.355714
0.200397,-0.703137,0.321578
0.355213,-0.638962,0.356187
-0.436441,-0.584525,0.340432
-0.20867,-0.578664,0.311445
-0.00468325,-0.620329,0.331209
0.200162,-0.589468,0.372495
0.446215,-0.554109,0.352902
-0.526996,-0.507628,0.377779
-0.322245,-0.534261,0.33806
-0.605674,-0.414433,0.351976
-0.42954,-0.431871,0.379352
-0.189385,-0.455979,0.31897
-0.0397409,-0.422275,0.331148
0.0808897,-0.4119,0.359013
0.33138,-0.456897,0.386106
0.451476,-0.422661,0.375483
0.560402,-0.469825,0.338557
-0.234501,-0.346409,0.357464
0.251646,-0.349684,0.374215
0.607177,-0.354187,0.34053
-0.662063,-0.309603,0.386952
-0.412631,-0.300392,0.354729
0.00101833,-0.30403,0.315993
0.138114,-0.301268,0.356725
0.456104,-0.298147,0.339792
0.685231,-0.259016,0.331273
-0.564787,-0.231115,0.387751
-0.466573,-0.196044,0.318277
-0.207092,-0.16735,0.38265
0.0836972,-0.187816,0.373636
0.286941,-0.232423,0.351365
0.400192,-0.186373,0.37136
-0.725272,-0.10685,0.319888
-0.613684,-0.112672,0.373981
0.199647,-0.144145,0.358164
0.611096,-0.145086,0.363097
0.723278,-0.110191,0.325695
-0.309681,-0.0502269,0.38152
0.523883,-0.0624904,0.328936
0.639767,-0.0177376,0.334995
-0.674455,0.012045,0.376867
-0.257963,0.0512532,0.325644
0.372405,0.0488737,0.382228
0.498943,0.0513981,0.374007
-0.595473,0.107965,0.350307
0.71635,0.149882,0.360943
-0.697484,0.220798,0.323996
-0.575512,0.229864,0.339317
-0.4619,0.215473,0.385797
-0.339007,0.195631,0.380298
-0.221181,0.168982,0.34421
0.165929,0.159603,0.325756
0.296769,0.193415,0.319045
0.407035,0.167697,0.374729
0.530753,0.172348,0.377132
-0.122262,0.237615,0.374465
-0.000287214,0.25868,0.366823
0.116896,0.29417,0.385623
0.425002,0.29189,0.385604
0.552242,0.288361,0.33226
0.683456,0.259577,0.313087
-0.647228,0.3416,0.369709
-0.513917,0.33992,0.321084
-0.357598,0.318328,0.372853
-0.192831,0.337161,0.349784
0.239302,0.314908,0.38404
0.34198,0.382893,0.368435
-0.579044,0.445757,0.386801
-0.399931,0.426415,0.328545
0.0379524,0.407762,0.361764
0.16054,0.410835,0.384597
0.558577,0.454894,0.326112
-0.301044,0.539351,0.331829
-0.198088,0.472303,0.375787
-0.0689286,0.476138,0.376519
0.038802,0.538152,0.373608
0.263612,0.479244,0.356058
0.386424,0.49513,0.339611
-0.481753,0.551484,0.387531
-0.380247,0.622987,0.387829
-0.192224,0.594513,0.356069
-0.0689186,0.622164,0.381564
0.26876,0.604491,0.35975
0.388806,0.619069,0.329108
0.111323,0.636381,0.342851
0.0317,0.730262,0.321638
-0.1464,-0.717247,0.429683
0.143975,-0.716213,0.431637
-0.346191,-0.642176,0.400826
0.0407462,-0.647532,0.443292
0.263559,-0.682053,0.427282
-0.453831,-0.573123,0.462819
-0.241046,-0.572261,0.43097
-0.116855,-0.600014,0.393699
0.29734,-0.56249,0.44477
0.413227,-0.60475,0.46068
-0.355029,-0.497752,0.453134
-0.0277449,-0.514797,0.414296
0.0961298,-0.527987,0.403918
0.52094,-0.516628,0.446063
-0.242696,-0.448036,0.430925
-0.130713,-0.396894,0.411992
0.203855,-0.462258,0.398955
0.598335,-0.418636,0.445392
-0.517411,-0.346055,0.39916
-0.334695,-0.366977,0.424513
-0.0125598,-0.352445,0.429765
0.168267,-0.362335,0.465482
0.36799,-0.340873,0.417307
-0.451571,-0.236513,0.454493
-0.298534,-0.249577,0.403441
-0.143649,-0.273396,0.39856
0.079346,-0.27466,0.462992
0.452547,-0.258519,0.457647
0.560285,-0.253807,0.394217
0.661813,-0.311152,0.442795
-0.696725,-0.195566,0.419479
-0.0265365,-0.229622,0.415098
0.197386,-0.234541,0.444091
0.331418,-0.232809,0.46667
0.706292,-0.195119,0.435034
-0.497337,-0.125954,0.416689
-0.377836,-0.15366,0.395055
-0.0908597,-0.123777,0.391152
0.0252888,-0.0831624,0.409127
0.306996,-0.115173,0.412771
0.504489,-0.147408,0.426148
-0.728232,-0.0778579,0.440465
-0.552279,-0.00618717,0.392485
-0.429829,-0.0227795,0.392753
-0.186339,-0.0451162,0.394797
-0.0701369,-0.00206626,0.407724
0.140566,-0.0397891,0.391821
0.258884,-0.000359094,0.39968
0.417827,-0.0650347,0.390981
0.562476,-0.0387095,0.443211
0.680723,-0.0736018,0.437317
-0.349948,0.0745724,0.406648
-0.166932,0.0762572,0.407153
0.0433716,0.0460926,0.393108
0.730088,0.0372105,0.411238
-0.724131,0.123371,0.392565
-0.476628,0.0926502,0.40118
-0.259124,0.143083,0.460061
-0.0480413,0.13109,0.398843
0.163171,0.0791253,0.42038
0.279895,0.122303,0.418895
0.621007,0.0965528,0.423338
-0.600484,0.180286,0.4504
0.0752418,0.16725,0.411163
0.194313,0.210559,0.435404
0.635521,0.220758,0.421434
-0.543256,0.295166,0.438522
-0.250155,0.264802,0.433632
0.32378,0.238567,0.432204
0.527561,0.27246,0.451564
-0.272508,0.387715,0.431273
-0.0759446,0.354067,0.39734
0.0273125,0.332533,0.46337
0.647314,0.342579,0.398474
-0.47104,0.39542,0.425086
0.0812084,0.464525,0.46402
0.258711,0.411289,0.460085
0.367832,0.469779,0.459184
0.467836,0.404577,0.425023
0.585135,0.438839,0.44714
-0.373613,0.499164,0.426514
-0.134669,0.545264,0.454459
0.161004,0.535339,0.395241
0.264776,0.538214,0.465162
0.506461,0.528841,0.411239
-0.265127,0.556398,0.449962
0.0470594,0.619329,0.466061
-0.269224,0.682453,0.391396
0.215341,0.699703,0.424005
0.327644,0.655779,0.455257
-0.149565,0.71666,0.394069
-0.0311254,0.733183,0.429419
0.0937096,0.72702,0.427443
-0.0290246,-0.732527,0.501164
0.0876635,-0.726713,0.541913
-0.362561,-0.633572,0.52119
-0.257616,-0.685275,0.478744
0.209201,-0.701622,0.537048
0.325495,-0.656863,0.532462
-0.182348,-0.603914,0.53645
-0.0620215,-0.611669,0.504122
0.0449898,-0.549513,0.519551
0.15241,-0.603216,0.486237
-0.540393,-0.492289,0.500968
-0.141524,-0.506684,0.470616
0.216307,-0.500755,0.516474
0.410777,-0.471791,0.481461
-0.615295,-0.396263,0.475294
-0.299056,-0.409222,0.535161
-0.0511684,-0.435342,0.516473
0.0675845,-0.433499,0.480297
0.302694,-0.412196,0.499231
-0.438895,-0.374555,0.489375
-0.227726,-0.322673,0.479673
-0.105822,-0.320187,0.506864
0.384655,-0.324007,0.539958
0.488918,-0.374476,0.486449
-0.670692,-0.29025,0.509851
-0.546036,-0.297765,0.508463
-0.343725,-0.284207,0.514685
0.254244,-0.302149,0.532178
0.560301,-0.273822,0.515604
-0.709482,-0.176553,0.54218
-0.597341,-0.162576,0.486911
-0.351587,-0.160878,0.516731
-0.243832,-0.217492,0.544705
-0.137499,-0.18684,0.487631
0.00231089,-0.205675,0.532678
0.60652,-0.157081,0.49712
-0.474474,-0.149804,0.541193
-0.243631,-0.107635,0.485449
-0.0529622,-0.0967878,0.505646
0.0832566,-0.112251,0.515968
0.20142,-0.108568,0.476423
0.401,-0.134456,0.492839
0.508277,-0.0957525,0.539785
0.71989,-0.12875,0.540257
-0.621288,-0.039929,0.489203
-0.492988,-0.0335099,0.500037
-0.366812,-0.0395632,0.498631
-0.15278,-0.0234234,0.5183
0.0265259,-0.00177474,0.505799
0.149085,-0.00296917,0.512982
0.344851,-0.0237153,0.487213
0.731837,-0.0059318,0.527914
-0.729715,0.0407966,0.484789
-0.562238,0.0697404,0.491153
-0.419002,0.0720936,0.510031
-0.259992,0.0190463,0.472151
-0.0736244,0.0718612,0.508357
0.257165,0.056297,0.521103
0.462923,0.013101,0.494988
0.61484,0.0318426,0.530172
0.0403559,0.120964,0.521471
0.16357,0.137047,0.530868
0.372511,0.0980065,0.501891
0.520498,0.123785,0.492115
0.719331,0.118114,0.50584
-0.707737,0.160486,0.508904
-0.488967,0.174782,0.505112
-0.365065,0.18564,0.510203
-0.139852,0.172797,0.479359
-0.0246524,0.220618,0.482855
0.28063,0.178325,0.531454
0.428587,0.208159,0.490968
-0.678763,0.274232,0.468608
-0.423297,0.290877,0.474214
-0.141317,0.296383,0.48545
0.0971703,0.239779,0.508032
0.245658,0.296869,0.508061
0.692783,0.237927,0.529418
-0.622806,0.383787,0.484702
-0.505954,0.357342,0.538849
0.141824,0.363117,0.501241
0.376206,0.345801,0.486243
0.49996,0.360225,0.535011
0.621385,0.339414,0.51997
-0.374061,0.400553,0.503227
-0.265477,0.461903,0.530743
-0.15908,0.419992,0.481079
-0.0365281,0.435748,0.490412
-0.521096,0.490435,0.487464
0.184104,0.475019,0.536039
0.473752,0.482138,0.522111
-0.431477,0.58576,0.495543
0.166613,0.608763,0.494392
0.430189,0.592995,0.485528
-0.327649,0.653974,0.495853
-0.192816,0.649805,0.489761
-0.0685182,0.63658,0.505473
0.246338,0.688415,0.543989
-0.139855,-0.718776,0.553691
-0.249192,-0.688383,0.602179
-0.448732,-0.574644,0.588535
-0.00712208,-0.611545,0.615045
0.115662,-0.622004,0.603587
0.236381,-0.595225,0.594636
0.473943,-0.553728,0.555106
-0.283399,-0.532606,0.547988
0.339376,-0.536126,0.558885
-0.519752,-0.397472,0.579497
-0.40651,-0.458183,0.575575
-0.165067,-0.453622,0.580072
0.0899902,-0.464042,0.598086
0.194997,-0.39832,0.582159
0.423571,-0.427835,0.597543
0.562137,-0.46722,0.553195
-0.636253,-0.36298,0.605628
-0.206122,-0.338098,0.603686
-0.0859425,-0.366804,0.62046
0.0101194,-0.332312,0.549785
0.509361,-0.337813,0.608685
0.634605,-0.365426,0.551305
-0.434482,-0.308905,0.594646
-0.128477,-0.240355,0.599564
0.124774,-0.295917,0.576332
0.688315,-0.248856,0.546894
-0.576787,-0.217662,0.596352
0.0877516,-0.182142,0.619385
0.19776,-0.196166,0.563793
0.330548,-0.230865,0.603258
0.456741,-0.2141,0.57424
0.590991,-0.203461,0.611564
-0.610702,-0.0996492,0.596747
-0.39013,-0.106033,0.622183
-0.175209,-0.123627,0.588481
-0.0563563,-0.141147,0.6212
0.157768,-0.0793556,0.610777
0.296061,-0.120095,0.556786
-0.728634,-0.055711,0.561646
-0.272478,-0.0362662,0.58302
-0.0534983,-0.0119003,0.599149
0.407902,-0.04448,0.592203
0.616616,-0.0778527,0.598873
-0.635243,0.0214631,0.59642
-0.509755,0.0394688,0.599707
-0.388586,0.0188017,0.620843
0.0566416,0.0461388,0.619825
0.182382,0.0508874,0.619867
0.339093,0.0567885,0.615078
0.5194,0.00839414,0.605938
-0.725762,0.10285,0.616229
-0.587889,0.136303,0.595124
-0.43461,0.137706,0.613959
-0.304234,0.0907676,0.563743
-0.179537,0.0952303,0.570371
0.615486,0.148865,0.5692
-0.681445,0.22091,0.612908
-0.228305,0.225339,0.550336
-0.11033,0.213093,0.592447
0.0140328,0.213077,0.601024
0.383593,0.17226,0.601746
0.523892,0.232333,0.56684
-0.576555,0.251271,0.549759
-0.446022,0.258757,0.591313
-0.331785,0.296206,0.557414
0.178097,0.250974,0.601535
0.299372,0.268148,0.615557
0.418197,0.291497,0.595962
-0.648676,0.33987,0.597862
-0.221073,0.350688,0.563077
-0.0454211,0.315561,0.562971
0.0757241,0.321172,0.598631
0.299298,0.387332,0.574391
-0.581058,0.443984,0.585791
-0.089977,0.424592,0.602505
0.0331124,0.436547,0.594119
0.580715,0.445745,0.571271
-0.491538,0.543267,0.595288
-0.376058,0.500492,0.575924
-0.164781,0.524865,0.572289
-0.0404066,0.533327,0.567797
0.0834062,0.543904,0.559147
0.364341,0.493126,0.581092
-0.390931,0.619066,0.608842
-0.278262,0.576215,0.57671
0.159074,0.62388,0.616665
0.260357,0.56003,0.587207
0.45657,0.572642,0.60561
-0.238898,0.691409,0.597853
0.356063,0.639058,0.574791
-0.121517,0.722524,0.574191
0.00159434,0.731609,0.549684
0.125749,0.720299,0.546398
-0.153611,-0.716412,0.677384
-0.0394822,-0.731314,0.626683
0.0791013,-0.727224,0.665451
-0.355376,-0.637745,0.642288
0.201042,-0.702896,0.661212
0.318744,-0.660843,0.658253
-0.247648,-0.577526,0.658654
-0.126146,-0.599196,0.64741
0.425614,-0.597028,0.659263
-0.533093,-0.501699,0.643366
-0.372546,-0.519661,0.678437
-0.163005,-0.48657,0.701054
-0.054477,-0.496445,0.625099
0.193661,-0.497594,0.656844
0.354728,-0.49746,0.675048
0.506219,-0.496592,0.660984
-0.450469,-0.418009,0.685439
-0.270455,-0.456564,0.645655
0.602129,-0.416933,0.659478
-0.324607,-0.344547,0.641668
0.0365621,-0.373918,0.664019
0.166057,-0.380302,0.701353
0.309756,-0.388011,0.630091
-0.687885,-0.25395,0.636921
-0.536168,-0.310797,0.66646
-0.0136419,-0.256126,0.645131
0.100995,-0.274381,0.700512
0.222615,-0.28229,0.65038
0.401939,-0.312461,0.667269
0.666022,-0.305137,0.655786
-0.467729,-0.204124,0.653339
-0.348229,-0.223655,0.623867
-0.23151,-0.228628,0.667965
0.249845,-0.163107,0.671722
0.70931,-0.183389,0.650973
-0.714498,-0.129262,0.659476
0.370415,-0.13234,0.670682
0.495949,-0.129242,0.658795
-0.731959,-0.00672499,0.675102
-0.505399,-0.0711759,0.656052
-0.313995,-0.0445504,0.699771
-0.167668,-0.0129688,0.645786
0.0413321,-0.0721243,0.652712
0.269519,-0.041102,0.648378
0.731521,-0.0582528,0.643269
-0.257232,0.0673234,0.676469
0.729701,0.0658736,0.629506
-0.0507344,0.109489,0.627094
0.114653,0.153051,0.643201
0.243369,0.155676,0.648202
0.497932,0.127954,0.62832
0.622254,0.0963696,0.683388
-0.568176,0.201199,0.699627
-0.324905,0.194997,0.629138
-0.206327,0.181062,0.665703
0.452918,0.223263,0.693894
0.58958,0.216092,0.670703
0.70805,0.187941,0.642741
-0.539699,0.312688,0.651392
-0.263485,0.296833,0.666765
-0.0114047,0.301551,0.685996
0.666391,0.305374,0.630992
-0.38617,0.314896,0.684153
-0.138143,0.319746,0.649554
0.18562,0.375055,0.62446
0.35412,0.358185,0.681648
0.525483,0.321558,0.651154
-0.443788,0.411657,0.631149
-0.319233,0.401182,0.625439
-0.203011,0.437282,0.650392
0.279942,0.465324,0.66882
0.449788,0.419271,0.631438
0.611293,0.404206,0.683522
-0.542849,0.49096,0.693589
-0.42081,0.517303,0.692983
-0.298408,0.511293,0.680117
-0.10347,0.512177,0.690417
0.0230544,0.525747,0.68075
0.145052,0.489764,0.653056
0.533751,0.501351,0.672621
-0.200832,0.58833,0.672372
-0.0868068,0.624004,0.639495
0.345542,0.571015,0.677511
0.0352621,0.636646,0.625082
0.277149,0.675883,0.664385
-0.149487,0.716154,0.696038
-0.0284569,0.733296,0.670671
0.110233,0.724581,0.66924
-0.053329,-0.729027,0.750862
0.140728,-0.716803,0.773573
-0.373953,-0.627616,0.762071
-0.264579,-0.681903,0.72453
0.0285314,-0.635611,0.731411
0.261097,-0.683671,0.768106
0.37312,-0.628384,0.767224
-0.474314,-0.557746,0.737846
-0.178108,-0.595655,0.760969
0.149925,-0.602767,0.72182
0.268362,-0.565154,0.732614
-0.28806,-0.535148,0.769054
-0.0611245,-0.54774,0.738768
0.0546012,-0.516464,0.705248
0.154134,-0.485558,0.773821
0.466684,-0.545754,0.768469
-0.599716,-0.419992,0.710355
-0.33818,-0.41875,0.741954
-0.05784,-0.424281,0.726871
0.266101,-0.441188,0.741105
0.385606,-0.407829,0.752711
0.563647,-0.465369,0.767441
-0.511856,-0.359556,0.778589
-0.221017,-0.378409,0.728298
0.298195,-0.321197,0.740268
0.500007,-0.365646,0.729208
0.637058,-0.35992,0.764034
-0.636332,-0.302681,0.738964
-0.519367,-0.235772,0.764326
-0.421671,-0.300751,0.7173
-0.302949,-0.287147,0.750805
-0.129928,-0.294819,0.711735
-0.0146165,-0.309088,0.757108
0.202258,-0.244666,0.767016
0.568293,-0.261371,0.719974
0.69111,-0.240485,0.759237
-0.703474,-0.199981,0.759524
-0.598975,-0.16136,0.704629
-0.3196,-0.165742,0.730073
-0.0986109,-0.175782,0.731638
0.0260704,-0.170906,0.727322
0.329147,-0.20359,0.763399
0.451587,-0.218975,0.733467
-0.435675,-0.124874,0.742813
-0.209881,-0.112481,0.707288
0.145849,-0.137347,0.737489
0.263702,-0.0888617,0.769744
0.610609,-0.142237,0.715973
0.722944,-0.112256,0.755594
-0.722418,-0.0775289,0.777578
-0.615062,-0.0380772,0.705436
-0.0717785,-0.0547581,0.71503
0.061061,-0.0408987,0.771149
0.173191,-0.0163385,0.723361
0.459681,-0.0179203,0.71216
0.585689,-0.0206853,0.706582
-0.729026,0.0593942,0.779432
-0.420936,0.00333497,0.740416
-0.199963,0.00125534,0.765165
-0.0046256,0.0568515,0.730312
0.340052,0.0062214,0.738194
0.730409,0.0118492,0.747535
-0.620441,0.0862257,0.704804
-0.497107,0.0974462,0.713087
-0.36547,0.11441,0.714754
-0.249137,0.13671,0.779569
-0.132596,0.0963755,0.720446
0.118802,0.0923024,0.751004
0.2432,0.0838385,0.749845
0.398108,0.112345,0.710036
0.515171,0.0918305,0.746201
0.718209,0.135572,0.755534
-0.712729,0.167232,0.720824
-0.445209,0.210757,0.71971
-0.325843,0.22984,0.751018
-0.0976409,0.216342,0.716273
0.0206326,0.178618,0.720091
0.196962,0.198719,0.76479
0.325305,0.212367,0.722706
-0.673662,0.28419,0.719046
-0.204378,0.252411,0.768269
0.109327,0.263499,0.703882
0.241727,0.305965,0.719142
0.400394,0.29655,0.779611
0.538712,0.27688,0.766453
0.685839,0.25576,0.744955
-0.532998,0.318691,0.775411
-0.221476,0.374689,0.754763
-0.103614,0.330926,0.767467
0.0895357,0.386664,0.703335
0.479538,0.385592,0.746211
-0.617073,0.39327,0.705073
-0.462789,0.418419,0.754117
-0.338978,0.414721,0.747885
-0.0282138,0.419506,0.724065
0.199439,0.418886,0.750853
0.388107,0.467905,0.730756
-0.205524,0.500584,0.760618
0.105345,0.498323,0.770263
-0.377344,0.626281,0.732556
-0.129138,0.606619,0.771141
0.113292,0.616563,0.731274
0.225107,0.570553,0.706313
0.454707,0.573466,0.736983
-0.267495,0.682139,0.718439
-0.00928933,0.628371,0.744365
0.348022,0.643168,0.779477
0.198323,0.706005,0.756485
-0.166845,-0.713398,0.801506
0.035018,-0.72948,0.839228
-0.291785,-0.67171,0.844256
-0.0460073,-0.630103,0.829861
0.0851117,-0.576307,0.824912
0.207579,-0.595208,0.837068
-0.541998,-0.477504,0.804707
-0.416576,-0.480557,0.817313
-0.187699,-0.484573,0.823481
0.00722643,-0.479576,0.816981
0.354029,-0.513319,0.811677
0.466329,-0.408816,0.845975
-0.62245,-0.385934,0.828992
-0.378883,-0.344222,0.83134
-0.243514,-0.334377,0.848519
-0.129644,-0.369688,0.811711
0.0795149,-0.383813,0.788691
0.204149,-0.364029,0.81926
-0.677317,-0.276433,0.853475
0.0819165,-0.263867,0.822743
0.284626,-0.275076,0.854905
0.398983,-0.300219,0.812529
0.522064,-0.298914,0.831747
-0.406423,-0.224215,0.814021
-0.2896,-0.202168,0.845128
-0.175958,-0.233487,0.809578
-0.0312504,-0.210792,0.830467
0.207561,-0.158586,0.856743
0.44735,-0.194699,0.855911
0.594547,-0.198946,0.825208
-0.609388,-0.125611,0.823409
-0.392029,-0.107602,0.857098
-0.277714,-0.0829235,0.813341
-0.155092,-0.106487,0.817787
-0.0333612,-0.0876623,0.836403
0.0795905,-0.141161,0.843449
0.386777,-0.0968527,0.789406
0.508888,-0.11702,0.781855
-0.51581,-0.0486936,0.799894
0.162167,-0.0431712,0.843947
0.50502,-0.00140024,0.827323
0.618517,-0.0727737,0.818932
-0.620732,0.0150237,0.818377
-0.315908,0.0339881,0.798033
-0.0895071,0.0211828,0.818104
0.0417197,0.0697421,0.84554
0.274977,0.00932361,0.844355
0.394849,0.0559269,0.838334
0.624143,0.0501398,0.801344
-0.549083,0.116499,0.824554
-0.424172,0.116932,0.823739
-0.0558377,0.139981,0.808774
0.287257,0.134727,0.855502
-0.712215,0.163938,0.845275
-0.610353,0.228556,0.8136
-0.486211,0.223413,0.838697
0.0875653,0.187928,0.824778
0.39772,0.178239,0.817176
0.602677,0.171301,0.785252
0.702149,0.206476,0.858368
-0.291543,0.312934,0.837622
-0.111725,0.242021,0.853819
0.000417268,0.275678,0.80771
0.293008,0.262784,0.831654
-0.644917,0.348275,0.820347
-0.41183,0.317556,0.805957
0.153541,0.316966,0.806653
0.3091,0.380401,0.794813
0.637207,0.358487,0.796134
-0.575638,0.45104,0.80619
-0.272334,0.435581,0.850699
0.0588112,0.395925,0.824013
0.425694,0.437923,0.845303
0.568056,0.461749,0.785586
-0.491772,0.542759,0.792524
-0.317162,0.540457,0.800104
-0.0275249,0.518274,0.800381
0.283946,0.502087,0.790799
0.495537,0.539956,0.85004
-0.407137,0.609566,0.852573
0.0734855,0.620713,0.848038
0.19212,0.589854,0.824714
-0.299826,0.668877,0.837344
-0.184302,0.70834,0.817638
-0.0654038,0.7296,0.789323
0.0658859,0.728324,0.785267
-0.0823564,-0.728611,0.892493
-0.201018,-0.702673,0.921158
0.176697,-0.702926,0.89244
0.314504,-0.647436,0.874871
-0.395023,-0.615137,0.881961
-0.271712,-0.557968,0.891144
-0.150906,-0.588217,0.882704
0.427764,-0.594764,0.876607
-0.492438,-0.541741,0.898812
-0.0320667,-0.542783,0.915004
0.12545,-0.480077,0.894425
0.244676,-0.476044,0.858968
0.524163,-0.514301,0.874664
-0.575767,-0.453174,0.922461
-0.305684,-0.442021,0.860099
-0.105739,-0.444408,0.908623
0.338727,-0.394607,0.86761
0.588227,-0.40058,0.871055
-0.477217,-0.382888,0.895792
-0.0175116,-0.368139,0.8662
0.0995385,-0.35396,0.90737
-0.554981,-0.288407,0.871548
-0.444715,-0.266279,0.924763
-0.32647,-0.302858,0.936557
-0.216458,-0.244441,0.935713
-0.105365,-0.283951,0.897682
0.0134792,-0.267352,0.931307
0.379429,-0.263231,0.934766
0.576235,-0.255732,0.934919
0.669628,-0.298301,0.866747
-0.501653,-0.167032,0.868086
-0.114865,-0.160225,0.922029
0.129446,-0.222511,0.930174
0.329882,-0.161908,0.881082
0.711081,-0.174636,0.863382
-0.716061,-0.156501,0.875444
-0.233309,-0.121443,0.923182
0.491546,-0.0923011,0.911513
0.607872,-0.131863,0.92831
-0.64692,-0.0518261,0.919779
-0.521097,-0.064393,0.93551
-0.305585,-0.0106234,0.928025
-0.186868,-0.0105092,0.889274
0.0551333,-0.0375234,0.907886
0.375749,-0.0483448,0.903177
0.732029,-0.0516539,0.864151
-0.729693,0.0396935,0.902016
-0.571356,0.0489228,0.927516
-0.435855,0.00628032,0.877743
0.595021,0.00463573,0.913468
0.729264,0.0733757,0.863949
-0.486024,0.139504,0.929683
-0.293605,0.109218,0.894566
-0.162836,0.111846,0.864934
-0.055702,0.0814656,0.921555
0.167483,0.10107,0.865146
0.494686,0.129315,0.877692
0.616853,0.126448,0.900643
-0.606371,0.16844,0.922674
-0.359676,0.213254,0.869526
-0.229667,0.215579,0.884403
-0.00758347,0.196908,0.908059
0.190072,0.221971,0.887248
-0.681544,0.267095,0.908721
-0.559604,0.293571,0.91148
0.0806213,0.28508,0.902608
0.462238,0.25171,0.894774
0.585779,0.250752,0.878522
-0.490258,0.389399,0.871423
-0.372448,0.374556,0.910163
-0.175781,0.348519,0.86693
0.229722,0.349414,0.898891
0.370472,0.338875,0.893945
0.519033,0.356859,0.859073
0.639924,0.354027,0.920071
-0.604369,0.409959,0.919486
-0.0585684,0.393892,0.865185
0.116258,0.399161,0.936539
0.307036,0.447183,0.900297
0.569066,0.458971,0.91096
-0.525647,0.505582,0.906463
-0.408811,0.485359,0.865948
-0.305769,0.5304,0.924087
-0.153607,0.473986,0.868948
-0.0503875,0.518091,0.923147
0.0677773,0.50315,0.888227
0.185499,0.47151,0.862328
0.372041,0.547877,0.865307
-0.21337,0.582746,0.859473
0.263726,0.562891,0.924996
-0.22573,0.68923,0.935585
-0.0483845,0.627464,0.862701
0.2667,0.68006,0.866924
-0.107612,0.7235,0.914374
0.0161292,0.730224,0.899253
0.14702,0.716337,0.879391
0.0700813,-0.724756,0.959095
-0.313787,-0.655674,0.966159
-0.0325943,-0.645635,0.981455
0.2606,-0.678795,0.981952
-0.426217,-0.594405,0.998892
-0.156427,-0.601664,1.00671
0.0783874,-0.60064,0.946487
0.197834,-0.560716,0.955958
0.37644,-0.626634,0.992355
0.477989,-0.552849,0.983091
-0.317249,-0.535404,1.00502
-0.195461,-0.485975,0.984125
0.32349,-0.526135,0.941165
-0.412274,-0.468181,0.959967
-0.29729,-0.414852,0.981731
0.0258841,-0.441959,0.956872
0.236685,-0.444822,0.980934
0.419005,-0.447153,0.954333
0.547754,-0.449233,0.978412
-0.639712,-0.349169,0.947077
-0.187211,-0.363927,0.954656
-0.0570845,-0.355182,0.985481
0.215865,-0.328233,0.942541
0.332036,-0.364968,0.988645
0.480719,-0.335528,0.946131
0.640526,-0.354695,0.974316
-0.69244,-0.23858,0.970468
-0.546915,-0.277585,0.995563
-0.597389,-0.162242,0.948095
-0.481351,-0.168464,0.991794
-0.355949,-0.18222,0.948628
-0.0682122,-0.226867,1.01555
0.24922,-0.209725,0.963027
0.361813,-0.160713,1.00287
0.476772,-0.197193,0.976949
0.693245,-0.234638,0.971279
-0.723982,-0.117288,0.992832
0.00615537,-0.144412,0.94853
0.151949,-0.101882,0.952733
0.27381,-0.081963,0.965667
0.722427,-0.113389,0.972
-0.403578,-0.0706288,0.976966
-0.170624,-0.0460073,1.01053
-0.0630419,-0.0404814,0.947663
-0.426169,0.0510938,0.992805
-0.187312,0.0730667,0.980481
0.0550784,0.0649497,0.976656
0.197346,0.0143512,0.948952
0.326094,0.0572749,0.945541
0.468201,0.0260203,0.942826
0.604858,0.0769515,1.01454
0.716796,0.0107961,0.971425
-0.719038,0.145138,0.968079
-0.306729,0.0798138,1.01496
0.248109,0.149235,0.975119
0.475674,0.129287,1.01137
0.71847,0.135116,0.972039
-0.381179,0.174532,0.985699
-0.238376,0.183505,1.00411
-0.12132,0.179592,0.961006
0.102341,0.178851,0.963551
0.381212,0.168611,0.939834
0.574849,0.200746,0.99173
-0.440142,0.274942,0.942623
-0.305192,0.281317,0.959087
-0.179062,0.289282,0.976159
-0.0570906,0.303155,0.95055
0.181521,0.269708,1.00234
0.296701,0.261066,0.955828
0.401764,0.307982,1.00932
0.686395,0.255053,0.978892
-0.478796,0.381412,0.993898
0.289535,0.375598,1.00455
0.533629,0.316968,0.973897
-0.391528,0.469566,0.989762
-0.26687,0.402575,0.970229
-0.129365,0.403496,0.967686
-0.00172813,0.415078,0.974095
0.208764,0.468122,0.984187
0.460517,0.417546,0.963159
-0.19806,0.506095,0.980863
0.0895576,0.496782,1.01049
0.357834,0.514809,0.991705
0.488449,0.54157,0.974804
-0.445937,0.579517,0.966443
-0.132718,0.607428,0.951035
0.0221295,0.613664,0.964309
0.143693,0.588601,0.944686
-0.3415,0.645813,0.952479
0.214378,0.686281,0.980165
0.360705,0.636478,0.951014
-0.0299615,0.733669,1.01494
0.0963616,0.724377,0.994874
-0.125052,-0.721458,1.01596
-0.0138916,-0.733546,1.06511
-0.348364,-0.641216,1.085
-0.237854,-0.692437,1.05696
0.142655,-0.617728,1.05181
0.280038,-0.571466,1.04911
-0.519504,-0.513541,1.01738
-0.0724773,-0.511371,1.02896
0.0537039,-0.526742,1.04351
0.172239,-0.500593,1.07154
0.36182,-0.477808,1.06112
0.530705,-0.506507,1.08817
-0.59935,-0.420649,1.04075
-0.375872,-0.409681,1.07796
-0.250047,-0.45233,1.09119
-0.135992,-0.409978,1.06496
0.000862059,-0.418411,1.07629
0.123598,-0.399016,1.02074
0.466383,-0.403135,1.06061
0.608022,-0.408912,1.08182
-0.482477,-0.383695,1.01927
0.229172,-0.350016,1.06359
-0.64677,-0.307296,1.06411
-0.399494,-0.292584,1.03804
-0.288596,-0.235843,1.03662
-0.176109,-0.289912,1.05281
0.0468641,-0.304292,1.04478
0.159051,-0.249875,1.04774
0.307353,-0.253624,1.06488
0.426573,-0.285991,1.04806
0.549564,-0.305163,1.04592
0.670574,-0.293601,1.07902
-0.703423,-0.197602,1.08716
-0.579657,-0.182577,1.07012
-0.182306,-0.168348,1.02726
0.594964,-0.189043,1.03834
0.711426,-0.175221,1.07942
-0.403224,-0.137792,1.08283
-0.293094,-0.109902,1.03174
-0.0740432,-0.109973,1.0582
0.0850057,-0.149733,1.04523
0.211257,-0.138242,1.05765
0.497665,-0.118377,1.07097
-0.620213,-0.0670083,1.04087
-0.500821,-0.032909,1.05428
-0.381736,-0.0158572,1.08685
-0.258024,-0.00545996,1.09015
0.0268386,-0.0392711,1.03914
0.149611,-0.0306737,1.06022
0.407053,-0.0468009,1.02373
0.595617,-0.052741,1.02323
0.731654,-0.0523295,1.08072
-0.730673,0.0115544,1.02295
-0.0745243,0.043948,1.0383
0.268183,0.00871589,1.05152
0.377278,0.0692255,1.05687
0.503563,0.0158265,1.07176
0.729308,0.0721535,1.07947
-0.71727,0.150107,1.09246
-0.629883,0.0848995,1.03175
-0.511605,0.120178,1.05076
-0.1465,0.14017,1.07654
-0.0172403,0.153798,1.02479
0.159564,0.091057,1.03887
-0.559214,0.230738,1.01947
-0.448807,0.223574,1.07854
-0.324152,0.222749,1.08469
0.119847,0.19924,1.08436
0.348327,0.204627,1.05383
0.658315,0.173929,1.07982
-0.686444,0.255454,1.03294
-0.0882302,0.249616,1.05875
0.041813,0.273096,1.0207
0.488761,0.244911,1.07054
0.608954,0.292576,1.0685
-0.602061,0.347221,1.02599
-0.384652,0.327631,1.05504
-0.20365,0.366368,1.0706
-0.074226,0.372095,1.07238
0.154831,0.380219,1.05335
0.502618,0.37176,1.08041
-0.562557,0.469347,1.01992
-0.314171,0.426251,1.08331
0.0413319,0.414401,1.09094
0.388817,0.418833,1.06508
0.6065,0.411229,1.02444
-0.486156,0.548033,1.07955
-0.291288,0.544066,1.05304
-0.0891462,0.504433,1.04057
0.539938,0.493957,1.08889
-0.386137,0.621791,1.06668
-0.179982,0.598881,1.06524
-0.0580268,0.623151,1.06398
0.102313,0.614288,1.05953
0.22021,0.577857,1.04202
0.416373,0.602867,1.05764
-0.273811,0.679883,1.05141
0.307627,0.664366,1.0603
-0.152291,0.716168,1.03285
-0.147405,-0.717211,1.1389
0.104487,-0.725902,1.09594
0.224529,-0.697924,1.099
0.335087,-0.651175,1.12879
-0.46126,-0.567547,1.11379
-0.241251,-0.575535,1.09466
-0.0861007,-0.61266,1.10903
0.0373866,-0.624727,1.11903
0.231149,-0.590866,1.16211
0.428962,-0.577783,1.09456
-0.548483,-0.482547,1.13742
-0.347571,-0.519617,1.13065
-0.147042,-0.508729,1.14078
0.0134341,-0.510085,1.15984
0.106185,-0.422006,1.14231
0.259594,-0.442808,1.1371
-0.622764,-0.38545,1.15829
-0.505457,-0.352792,1.13677
-0.281891,-0.334457,1.11105
-0.172273,-0.329826,1.16995
-0.0636166,-0.315515,1.1021
0.0422552,-0.318149,1.1682
0.166963,-0.315487,1.16583
0.352723,-0.363866,1.11143
0.518648,-0.34778,1.1592
-0.473214,-0.2338,1.11982
-0.241921,-0.199152,1.14466
-0.119691,-0.207946,1.12767
0.00403267,-0.211377,1.11604
0.122577,-0.199459,1.1561
0.248694,-0.198903,1.16031
0.40366,-0.185627,1.11784
0.533799,-0.225486,1.14019
-0.506869,-0.114575,1.14836
-0.311323,-0.096113,1.15608
-0.17725,-0.0931416,1.12592
0.0501997,-0.0981204,1.15302
0.180735,-0.0884092,1.16716
0.320084,-0.0943272,1.09928
0.614882,-0.107596,1.13215
-0.72782,-0.0775798,1.11013
-0.619188,-0.0636732,1.16701
-0.0274917,-0.000942778,1.14577
0.398987,-0.011393,1.14932
-0.689244,0.0374817,1.13746
-0.564803,0.0418259,1.1309
-0.148314,0.0282322,1.1362
0.205794,0.0555138,1.14899
0.625457,0.0170203,1.12255
-0.394597,0.112584,1.09693
-0.261847,0.119822,1.12474
-0.0527273,0.120737,1.15509
0.052212,0.0831653,1.10013
0.325024,0.0874568,1.16759
0.433334,0.150925,1.13106
0.553569,0.119315,1.11992
-0.600947,0.161181,1.13584
0.239136,0.165494,1.10002
0.564376,0.233691,1.16787
-0.688205,0.251983,1.15841
-0.203529,0.246603,1.10547
0.0850893,0.307373,1.13421
0.276033,0.295438,1.09947
0.683993,0.263203,1.16252
-0.633352,0.369921,1.14368
-0.506189,0.331649,1.10361
-0.290797,0.323655,1.149
0.190219,0.374444,1.17216
0.397293,0.314926,1.13395
0.619278,0.388785,1.14654
-0.437679,0.435541,1.10044
-0.0769552,0.463217,1.15695
0.256043,0.450383,1.09834
-0.560532,0.471023,1.14347
-0.354012,0.514055,1.1627
-0.191193,0.483822,1.11102
0.0184256,0.534704,1.10566
0.140703,0.489976,1.12392
0.354665,0.5207,1.12794
-0.245322,0.584759,1.16998
-0.115773,0.590333,1.17194
0.242171,0.561272,1.1629
0.467992,0.562376,1.16374
-0.198709,0.703453,1.14809
-0.0757735,0.72761,1.13108
0.048791,0.728837,1.11184
0.171416,0.711737,1.09476
-0.0335115,-0.731619,1.18735
0.0871066,-0.726744,1.21915
-0.262151,-0.673453,1.17808
0.20877,-0.700039,1.22271
-0.388765,-0.619783,1.20094
-0.156013,-0.610821,1.21244
-0.00359372,-0.620201,1.23694
0.118254,-0.606134,1.21293
0.389771,-0.619711,1.23554
-0.485769,-0.548248,1.23341
-0.252111,-0.531154,1.20994
-0.0775074,-0.518822,1.24394
0.176188,-0.493215,1.21633
0.342384,-0.5236,1.17671
0.485453,-0.546264,1.20137
-0.436629,-0.447155,1.17984
-0.301389,-0.41614,1.20353
-0.181688,-0.43282,1.23946
-0.075425,-0.413641,1.17673
0.0307771,-0.418463,1.2418
0.43158,-0.436982,1.17489
0.571914,-0.45495,1.19396
-0.389106,-0.329787,1.174
0.641787,-0.349976,1.18673
-0.67784,-0.276167,1.18034
-0.494791,-0.300344,1.24858
-0.275173,-0.287527,1.22643
-0.0664091,-0.292387,1.22338
0.285943,-0.311434,1.20243
0.413365,-0.287515,1.18965
-0.70845,-0.157697,1.20513
-0.571213,-0.21461,1.19463
-0.463353,-0.179675,1.24531
-0.362991,-0.208367,1.17688
-0.160465,-0.198099,1.24487
0.015562,-0.199914,1.23921
0.46854,-0.164093,1.22577
0.592804,-0.169744,1.23708
0.69204,-0.234417,1.18689
-0.0693761,-0.111038,1.18591
0.34592,-0.133822,1.21473
0.723403,-0.107773,1.19217
-0.729887,-0.0371201,1.22882
-0.530068,-0.0272387,1.24603
-0.415084,-0.0677484,1.21903
-0.186155,-0.0760165,1.2483
0.285004,-0.0268068,1.19748
0.51108,-0.0568846,1.17827
0.62389,-0.0492361,1.24213
-0.622804,0.0584547,1.24025
-0.455112,0.0545615,1.18906
-0.331613,0.0360065,1.18734
-0.222389,0.0471749,1.24532
-0.0981085,0.0504399,1.24683
0.0972234,0.0108055,1.19132
0.43134,0.0774534,1.23145
0.552389,0.0509908,1.22424
0.730281,0.0169492,1.19156
-0.718566,0.144527,1.21696
-0.16439,0.149739,1.20482
0.120072,0.134992,1.19073
0.242705,0.154771,1.23149
0.717102,0.141041,1.18507
-0.491115,0.174104,1.19334
-0.353928,0.181776,1.19813
0.0230021,0.213613,1.18728
0.336304,0.214383,1.17629
-0.570479,0.274816,1.19247
-0.428391,0.281651,1.18672
-0.2115,0.263792,1.22796
-0.0956035,0.25135,1.18311
0.186858,0.250105,1.17585
0.280385,0.311521,1.23007
0.450857,0.238841,1.21725
-0.499508,0.37719,1.22331
-0.147689,0.3642,1.1811
-0.020032,0.354607,1.1814
0.515954,0.343642,1.19992
-0.37816,0.395385,1.20146
-0.258945,0.431972,1.2017
0.081387,0.421323,1.20969
0.322427,0.424811,1.20074
0.442823,0.441134,1.1748
-0.161042,0.497844,1.24255
0.00598909,0.518159,1.22951
0.215954,0.471831,1.24535
0.556909,0.475086,1.21113
-0.460345,0.568095,1.19996
0.121851,0.598785,1.1819
-0.357205,0.637131,1.18632
0.00151083,0.632456,1.17978
0.253194,0.684912,1.18503
0.366506,0.632618,1.18121
-0.0242689,0.733321,1.24685
0.134882,0.718652,1.21398
-0.129625,-0.720445,1.26606
-0.00126097,-0.729896,1.30681
-0.312449,-0.658115,1.29168
0.29773,-0.668916,1.30391
-0.418154,-0.600419,1.32434
-0.216475,-0.581471,1.31787
-0.0947445,-0.615072,1.32221
0.269655,-0.551917,1.27411
-0.363854,-0.508423,1.26
0.0823572,-0.518944,1.29438
0.386841,-0.475638,1.28518
0.536863,-0.498631,1.30566
-0.538056,-0.432191,1.25132
-0.265871,-0.466973,1.32511
-0.0778775,-0.400738,1.30049
0.273864,-0.428597,1.25915
0.611907,-0.398451,1.29795
-0.613773,-0.334932,1.27199
-0.399656,-0.388017,1.28344
0.147783,-0.38344,1.26846
0.248368,-0.324822,1.32286
0.366302,-0.351037,1.28923
0.486716,-0.38835,1.27505
-0.688613,-0.238364,1.29824
-0.381823,-0.264496,1.2868
-0.167811,-0.312819,1.29302
0.0523359,-0.306791,1.29183
0.161164,-0.242454,1.26704
0.443206,-0.255446,1.3073
0.554566,-0.285158,1.26053
0.673138,-0.289497,1.29659
-0.566536,-0.231824,1.32405
-0.279356,-0.16238,1.25648
0.322083,-0.230158,1.28965
0.700104,-0.164433,1.30056
-0.723806,-0.120878,1.32334
-0.605151,-0.124602,1.27391
-0.379489,-0.130634,1.32283
-0.0694886,-0.139826,1.30704
0.106516,-0.118174,1.2626
0.234069,-0.140785,1.26967
0.400494,-0.140324,1.32639
-0.302393,-0.041948,1.28044
0.00605934,-0.0441231,1.25844
0.185993,-0.0225041,1.27261
0.384935,-0.0303684,1.27178
0.500864,-0.069918,1.3021
0.731724,-0.0435903,1.3039
-0.728231,0.0594776,1.30782
0.302753,0.0614637,1.2875
0.625051,0.0452964,1.32549
-0.502176,0.101758,1.29452
-0.375505,0.0966233,1.28668
-0.162071,0.119019,1.3286
0.0211464,0.0883916,1.25246
0.165005,0.0950222,1.30671
0.612109,0.156366,1.25106
0.718307,0.138231,1.31167
-0.607609,0.179723,1.26162
-0.421221,0.211514,1.29874
-0.268288,0.170396,1.28809
-0.0637061,0.176365,1.27758
0.0814008,0.189463,1.29458
0.369543,0.170001,1.28766
0.4976,0.157666,1.29949
-0.673312,0.284741,1.27806
-0.524957,0.279162,1.30778
-0.329433,0.286994,1.2608
0.0658486,0.306987,1.2575
0.198159,0.248739,1.30006
0.558572,0.266079,1.28796
0.684262,0.256445,1.29001
-0.200975,0.369635,1.29275
-0.0837096,0.327879,1.28329
0.164658,0.371027,1.29635
0.403845,0.347721,1.25548
0.511146,0.377564,1.31851
0.626262,0.374146,1.26999
-0.615502,0.394692,1.26467
-0.319058,0.406391,1.3101
0.0133388,0.406435,1.31363
0.292397,0.401881,1.31963
0.417037,0.465691,1.29407
-0.535983,0.491307,1.26288
-0.412454,0.485521,1.28093
-0.301185,0.541754,1.27244
0.105128,0.493339,1.30898
0.322321,0.537198,1.2555
-0.398419,0.61462,1.30153
-0.188524,0.599125,1.31043
-0.0677466,0.621309,1.28315
0.0621389,0.609251,1.29093
0.212475,0.59094,1.28022
0.432096,0.591595,1.27962
-0.266497,0.681982,1.25885
0.314754,0.661424,1.29107
-0.146892,0.717016,1.26062
0.0741263,0.728371,1.3227
0.197038,0.706628,1.32342
-0.0964507,-0.726017,1.38652
0.143128,-0.716395,1.33037
-0.21395,-0.699468,1.3557
0.0553038,-0.627477,1.34941
0.360455,-0.636367,1.40681
-0.317465,-0.562448,1.38797
0.176324,-0.596715,1.34406
0.446772,-0.57918,1.33746
-0.519335,-0.51468,1.34739
-0.404621,-0.474634,1.37252
-0.130029,-0.500278,1.35472
-0.00863622,-0.514501,1.37997
0.193113,-0.471577,1.34392
0.282744,-0.539973,1.39713
-0.599348,-0.420663,1.36168
0.0686086,-0.413989,1.36032
0.312511,-0.421103,1.3771
0.433427,-0.392366,1.38728
0.552911,-0.42419,1.40502
-0.659279,-0.315781,1.39149
-0.510115,-0.33454,1.36717
-0.389093,-0.327335,1.39618
-0.280244,-0.34374,1.33764
-0.166698,-0.387763,1.3918
0.647068,-0.343394,1.40551
-0.0577335,-0.285165,1.34598
0.138864,-0.312945,1.38139
0.336425,-0.277466,1.40417
0.531261,-0.303609,1.38131
-0.454141,-0.215797,1.37632
-0.299122,-0.216867,1.36656
-0.158228,-0.214873,1.36959
0.0784027,-0.201013,1.35138
0.217802,-0.215641,1.37519
0.537915,-0.183431,1.34816
0.695037,-0.228372,1.40718
-0.608887,-0.122543,1.39799
-0.500429,-0.105068,1.33868
-0.229974,-0.11358,1.35861
0.0243494,-0.0907975,1.37284
0.169904,-0.10048,1.36849
-0.631862,-0.015365,1.33959
-0.417426,-0.0120543,1.33059
-0.320681,-0.0402487,1.40386
-0.173238,-0.00349166,1.34835
0.284746,-0.0519491,1.34328
0.397007,-0.0380212,1.39641
0.609532,-0.0746183,1.36364
-0.52226,0.00490802,1.39589
-0.276666,0.0660291,1.35599
-0.049565,0.0140803,1.35375
0.0743499,0.0185807,1.34138
0.188417,0.0183139,1.40249
0.418357,0.077593,1.35527
0.521702,0.0168887,1.38949
0.730117,0.0440893,1.39266
-0.603648,0.113627,1.36618
-0.43243,0.0937061,1.3976
0.0109226,0.121789,1.37241
0.26125,0.156345,1.35718
-0.708366,0.179706,1.33643
-0.486177,0.206269,1.40535
-0.341371,0.178884,1.38909
0.130994,0.163662,1.40404
0.606794,0.158522,1.37506
-0.606766,0.235742,1.39121
-0.270793,0.279887,1.36869
-0.156454,0.242827,1.33769
-0.00493416,0.256772,1.35303
0.112349,0.292814,1.37841
0.31468,0.267866,1.34072
0.439292,0.26152,1.33868
-0.641853,0.354825,1.37957
-0.415234,0.328559,1.34158
-0.0933296,0.325545,1.40651
0.399698,0.374192,1.37728
0.621569,0.385014,1.39396
-0.571103,0.457632,1.37683
-0.437271,0.438947,1.39538
-0.105382,0.438448,1.33723
0.0978555,0.414784,1.40589
-0.485382,0.548663,1.36105
-0.339881,0.516548,1.3882
-0.22489,0.478673,1.3482
-0.0131177,0.527323,1.35201
0.215739,0.487053,1.36925
0.342878,0.52041,1.37776
0.530218,0.504105,1.32916
-0.103394,0.60656,1.40217
0.144575,0.60292,1.38339
0.453534,0.573855,1.40132
-0.309821,0.662892,1.37427
-0.192696,0.705714,1.37604
-0.0694576,0.721244,1.36274
-0.180508,-0.709678,1.47739
0.0361903,-0.729933,1.42538
-0.295064,-0.669791,1.44748
0.121377,-0.643161,1.45375
0.239196,-0.687922,1.41266
-0.424667,-0.595644,1.44868
-0.158976,-0.597074,1.42833
-0.0374978,-0.62546,1.43274
-0.549968,-0.483119,1.46328
-0.359003,-0.497154,1.48552
-0.221082,-0.489631,1.4394
-0.0976109,-0.479805,1.4727
0.109231,-0.523595,1.41997
0.383401,-0.491946,1.4534
0.500861,-0.531687,1.43817
-0.448348,-0.411269,1.47039
-0.299036,-0.393313,1.45206
0.13286,-0.404504,1.4666
-0.577537,-0.361757,1.47391
-0.0384752,-0.385079,1.41717
0.240767,-0.345635,1.44537
0.356061,-0.373862,1.48349
-0.475633,-0.289709,1.47795
-0.339336,-0.248821,1.4797
-0.229557,-0.290958,1.43859
-0.107117,-0.284915,1.45946
0.0351303,-0.288619,1.44618
-0.70263,-0.201697,1.4163
-0.583628,-0.234098,1.44753
-0.220938,-0.170514,1.46874
-0.0353749,-0.189021,1.42078
0.114799,-0.18436,1.46904
0.430481,-0.200161,1.43021
0.582583,-0.221983,1.46074
-0.502835,-0.101057,1.46312
-0.385246,-0.13784,1.44669
-0.101975,-0.0842364,1.41298
0.216428,-0.11354,1.4834
0.315487,-0.149638,1.41682
0.50321,-0.0987612,1.43285
0.619537,-0.101513,1.48526
0.721132,-0.106258,1.41146
-0.722086,-0.0434727,1.42122
-0.420784,-0.00697243,1.47039
-0.210065,-0.0465828,1.46025
-0.0118627,-0.0172699,1.46655
0.104669,-0.0605405,1.46634
-0.613365,0.0471086,1.46993
-0.128293,0.0697337,1.43777
0.0845732,0.0616985,1.45761
0.309902,0.0523799,1.41127
0.621233,0.0608377,1.45054
-0.726817,0.0808698,1.43065
-0.329747,0.0827065,1.46786
-0.228067,0.14856,1.43562
0.223746,0.116899,1.47406
0.491795,0.152069,1.42329
0.718984,0.130888,1.48454
-0.703281,0.199324,1.46113
-0.0845041,0.185542,1.42172
0.0306186,0.205259,1.46551
0.37061,0.181716,1.41196
-0.424322,0.296956,1.46624
-0.30762,0.259445,1.48442
-0.184582,0.262042,1.46314
0.219286,0.245814,1.43432
0.457261,0.265707,1.46135
0.571337,0.272446,1.41162
0.690224,0.243435,1.43644
-0.522114,0.348551,1.41048
-0.331311,0.371109,1.4286
-0.206917,0.375306,1.41606
0.0215374,0.329026,1.45531
0.213599,0.367867,1.41034
0.320167,0.3164,1.45388
0.506528,0.378471,1.44184
-0.2657,0.466108,1.47575
-0.0321783,0.439802,1.43844
0.294575,0.444914,1.46469
0.417812,0.465056,1.4611
-0.520228,0.5139,1.47525
-0.144273,0.494565,1.44181
0.0625125,0.522848,1.45775
0.537958,0.497819,1.45323
-0.407155,0.609559,1.43746
-0.236699,0.576382,1.42496
0.258015,0.568234,1.45533
-0.252782,0.686405,1.4839
0.0254935,0.631471,1.40822
0.239165,0.690664,1.44537
0.349255,0.642213,1.40958
-0.123486,0.720575,1.4785
0.000552632,0.732251,1.47676
0.118837,0.721699,1.4384
-0.059689,-0.724768,1.50521
0.0712354,-0.715413,1.54389
0.197954,-0.703974,1.53108
0.314947,-0.661411,1.52038
-0.372208,-0.62402,1.55835
-0.264387,-0.565205,1.52927
-0.098613,-0.596067,1.53769
0.0361898,-0.583432,1.52445
0.220928,-0.58148,1.49622
0.422837,-0.598884,1.50827
-0.485025,-0.548823,1.54729
0.131207,-0.504055,1.54128
0.323654,-0.541211,1.55568
0.519941,-0.517582,1.5602
0.0250474,-0.463482,1.49002
0.25334,-0.461121,1.49062
0.47199,-0.417707,1.50285
0.603697,-0.414726,1.51869
-0.369735,-0.349919,1.54505
-0.189969,-0.38249,1.51366
-0.0681802,-0.373768,1.53746
0.0456812,-0.33138,1.5628
-0.678341,-0.245346,1.53066
-0.171545,-0.24256,1.5571
0.15394,-0.292193,1.5163
0.480273,-0.293748,1.49421
0.667599,-0.302059,1.52103
-0.430392,-0.196967,1.54707
-0.0446305,-0.232544,1.55347
0.260915,-0.232088,1.49284
0.381952,-0.231922,1.54072
0.493919,-0.173988,1.53417
0.709418,-0.181889,1.5219
-0.723363,-0.127052,1.51382
-0.314463,-0.147474,1.54804
-0.117595,-0.131658,1.5277
0.013365,-0.128056,1.51735
0.395688,-0.104361,1.50197
-0.613723,-0.0700321,1.5099
-0.517716,-0.000809697,1.54868
-0.312017,-0.0243902,1.52921
0.300181,-0.0245136,1.50851
0.491954,-0.0340858,1.53883
0.731093,-0.0170209,1.50148
-0.717962,0.000886424,1.53798
-0.219658,0.0592294,1.52212
-0.104642,0.00968312,1.54414
0.182848,0.0128909,1.52979
0.410686,0.0465449,1.48642
0.621918,0.000372613,1.55891
-0.72312,0.1262,1.56009
-0.508093,0.11161,1.49515
-0.137354,0.152955,1.53
-0.0264756,0.100952,1.50219
0.316097,0.0916517,1.55414
0.523298,0.0858088,1.52381
-0.605932,0.177418,1.53619
-0.402768,0.178739,1.49997
-0.278221,0.162535,1.55489
0.141312,0.19702,1.52208
0.305034,0.210098,1.5173
0.420994,0.164589,1.52484
0.602071,0.178972,1.498
-0.661166,0.31066,1.49804
-0.537633,0.28712,1.51771
-0.0717363,0.270568,1.51593
0.572156,0.294573,1.5342
-0.361527,0.366581,1.54916
-0.238895,0.35113,1.53379
-0.123413,0.390224,1.50741
0.139199,0.318737,1.49741
0.248956,0.33823,1.55323
0.365421,0.383619,1.54704
0.488856,0.382553,1.56392
-0.598494,0.418247,1.49205
-0.472803,0.404444,1.5098
0.0770149,0.420315,1.53305
0.605649,0.412595,1.51451
-0.387321,0.500233,1.50259
-0.0554496,0.529591,1.52174
0.176136,0.480088,1.48738
0.34525,0.532663,1.53695
-0.268312,0.561184,1.55451
-0.158937,0.607386,1.51682
0.0252213,0.623974,1.53298
0.146286,0.616355,1.50625
0.463363,0.566462,1.52556
-0.368123,0.632298,1.55397
0.326743,0.656095,1.53171
0.093428,0.725826,1.56013
-0.144402,-0.717225,1.59678
-0.0231544,-0.732945,1.62366
-0.26302,-0.683803,1.56749
0.0521962,-0.634825,1.63815
0.2652,-0.679603,1.63356
-0.190916,-0.601673,1.6272
0.170988,-0.601183,1.60782
0.399173,-0.612773,1.63015
-0.321579,-0.536826,1.63665
-0.17295,-0.491724,1.57134
-0.049557,-0.486553,1.5871
0.230349,-0.484266,1.6147
-0.585834,-0.439084,1.57377
-0.409617,-0.460216,1.59252
-0.286202,-0.439575,1.56792
0.414037,-0.466818,1.60143
0.579906,-0.445484,1.64228
-0.649171,-0.337582,1.60963
-0.488306,-0.363147,1.57815
-0.260405,-0.320755,1.59592
-0.142944,-0.389256,1.63545
0.151303,-0.390822,1.59243
0.274167,-0.373258,1.57779
0.414481,-0.34273,1.5883
0.538993,-0.338694,1.59349
0.653704,-0.330268,1.64188
-0.55976,-0.261924,1.56624
0.30398,-0.264913,1.63249
-0.635793,-0.19139,1.63573
-0.235521,-0.174096,1.6398
0.0738234,-0.212179,1.5867
0.197844,-0.209884,1.59815
0.594181,-0.226908,1.58583
-0.725339,-0.104388,1.6366
-0.536627,-0.140001,1.57704
-0.00130342,-0.117119,1.6401
0.135597,-0.103844,1.57875
0.299679,-0.143017,1.57131
0.413254,-0.139181,1.62259
0.573259,-0.105151,1.60128
0.701768,-0.0860728,1.6014
-0.610566,-0.0562199,1.63259
-0.418652,-0.0757196,1.57467
-0.202178,-0.0572659,1.58363
0.044209,-0.0192636,1.57657
-0.62269,0.0610013,1.59285
-0.412147,0.0730318,1.56598
-0.297982,0.058649,1.62154
-0.173133,0.0569736,1.63649
-0.0310066,0.0719874,1.62322
0.263959,0.00279216,1.62428
0.395632,0.0100476,1.60467
0.521819,0.0359524,1.63768
0.726294,0.0509563,1.60626
-0.495605,0.156385,1.61111
0.0793875,0.102672,1.57464
0.199718,0.108496,1.60797
0.435093,0.125306,1.64199
0.615501,0.113752,1.60966
-0.370947,0.168651,1.63775
-0.00988858,0.190002,1.58797
0.101896,0.210547,1.63861
0.22145,0.231222,1.61019
0.340428,0.207714,1.63693
0.524404,0.197148,1.5944
0.69624,0.224849,1.56564
-0.69181,0.240273,1.60155
-0.57181,0.253023,1.63247
-0.435799,0.263219,1.58604
-0.306783,0.271468,1.60784
-0.185003,0.252555,1.5876
-0.075916,0.283718,1.63981
0.0299786,0.308089,1.57813
0.428229,0.275542,1.58111
-0.628671,0.373132,1.60441
-0.502606,0.363841,1.62298
-0.154743,0.379565,1.62724
0.144864,0.329115,1.62244
0.6545,0.328365,1.62179
-0.410758,0.45848,1.61813
-0.281811,0.446793,1.6014
-0.0347079,0.425119,1.58684
0.261822,0.45644,1.58869
-0.556562,0.475633,1.59472
-0.166118,0.491397,1.56554
0.0256469,0.531018,1.61677
0.145562,0.49645,1.61091
0.419119,0.470795,1.61672
0.542595,0.492418,1.58654
-0.468041,0.561889,1.57682
-0.0745382,0.618446,1.60702
0.122051,0.61799,1.62856
0.238314,0.578536,1.58019
-0.270848,0.680959,1.61517
0.215341,0.699952,1.56754
-0.151078,0.716502,1.60021
-0.0250864,0.73303,1.59896
0.145709,-0.716752,1.64372
-0.32395,-0.65507,1.67482
-0.207272,-0.700117,1.70341
-0.431147,-0.590327,1.66322
-0.071827,-0.623618,1.65655
0.231033,-0.582945,1.71455
-0.524887,-0.507975,1.65827
-0.12082,-0.512662,1.68639
0.00514418,-0.531248,1.68815
0.127668,-0.509337,1.68019
0.331793,-0.519198,1.67834
0.498851,-0.534849,1.68196
-0.457824,-0.403968,1.69184
-0.234108,-0.460224,1.68144
0.0445591,-0.419461,1.65045
0.348344,-0.395338,1.68034
0.473911,-0.395519,1.68456
-0.335525,-0.387694,1.67006
0.224768,-0.381799,1.69313
-0.542265,-0.313567,1.67834
-0.413468,-0.292504,1.64853
-0.30219,-0.266999,1.70032
-0.177829,-0.277497,1.67778
-0.0486031,-0.308981,1.65209
0.118618,-0.300366,1.67207
0.417505,-0.26307,1.68356
0.551522,-0.301447,1.71095
-0.492776,-0.199303,1.67776
-0.372752,-0.174844,1.65468
-0.110858,-0.177591,1.64384
0.0260668,-0.221791,1.70135
0.516069,-0.188169,1.67408
0.702065,-0.203939,1.64461
0.107073,-0.125961,1.70063
0.225347,-0.108542,1.66514
0.61466,-0.117971,1.71767
-0.494276,-0.0748345,1.67406
-0.309475,-0.0674319,1.64677
-0.197237,-0.0758628,1.70618
-0.0901184,-0.0325283,1.66042
0.0264173,-0.0105394,1.699
0.142544,-0.00216208,1.6508
0.344991,-0.0620441,1.69302
0.487815,-0.0694795,1.6945
-0.729251,0.0445346,1.65607
-0.521475,0.0462361,1.66402
-0.401693,0.0121244,1.67463
0.631978,0.000932114,1.68418
-0.600433,0.142887,1.6835
0.0909185,0.101238,1.69817
0.322887,0.0946189,1.68478
-0.236806,0.158142,1.67224
-0.1141,0.165662,1.65207
-0.00878503,0.173451,1.71843
0.219915,0.166135,1.71681
0.61422,0.226876,1.69762
0.714398,0.15884,1.67008
-0.662286,0.309021,1.70615
-0.44672,0.241704,1.70968
-0.183771,0.26367,1.7114
0.0309712,0.290898,1.70332
0.240692,0.298542,1.71282
0.436934,0.250966,1.70269
0.53462,0.310797,1.65321
-0.388064,0.34392,1.66863
-0.262228,0.357503,1.68564
-0.0568233,0.389197,1.70398
0.347926,0.33051,1.65819
-0.589021,0.432047,1.70715
0.0621018,0.412706,1.66461
0.203385,0.415767,1.69079
0.462789,0.397178,1.70714
0.598519,0.421652,1.68304
-0.500476,0.534172,1.69364
-0.302053,0.543665,1.67731
-0.203396,0.471577,1.69582
-0.0892918,0.507687,1.66222
0.323778,0.536946,1.66148
0.5196,0.515483,1.70707
-0.40511,0.611404,1.67217
-0.189597,0.591453,1.64548
0.209119,0.563493,1.69934
0.434748,0.590126,1.64438
-0.191372,0.703505,1.71767
0.0150177,0.632013,1.69109
0.297407,0.6665,1.65551
-0.057121,0.730664,1.71961
0.094786,0.726785,1.6846
-0.0875876,-0.724775,1.73044
0.051377,-0.72854,1.72342
-0.286492,-0.674224,1.79654
-0.00872478,-0.627973,1.76572
0.211932,-0.701063,1.74825
0.32814,-0.65582,1.74152
-0.396211,-0.61605,1.78041
-0.250964,-0.572744,1.73286
-0.136106,-0.611158,1.76264
0.115452,-0.622225,1.74519
0.431444,-0.591776,1.77046
-0.494537,-0.539117,1.77532
-0.381659,-0.49238,1.7369
-0.180427,-0.492663,1.79696
-0.057548,-0.514675,1.79414
0.0719499,-0.514866,1.79118
0.212371,-0.476415,1.77415
0.315349,-0.545814,1.79874
-0.577009,-0.433689,1.74407
-0.285334,-0.425178,1.78919
-0.0567999,-0.411666,1.72263
0.11422,-0.403767,1.75263
0.411831,-0.468777,1.76428
0.598,-0.415914,1.76202
-0.651303,-0.333557,1.73423
-0.372343,-0.336447,1.77767
-0.175672,-0.374895,1.7558
0.0229929,-0.32258,1.7741
0.413864,-0.341697,1.7796
-0.488437,-0.292342,1.78858
-0.0931498,-0.279958,1.76842
0.292929,-0.294845,1.75321
0.663864,-0.309748,1.76453
-0.708789,-0.177474,1.73661
-0.593474,-0.224166,1.74856
-0.395222,-0.20977,1.77765
-0.185521,-0.196233,1.77191
-0.0677194,-0.158365,1.75849
0.1977,-0.217635,1.72228
0.336827,-0.179396,1.73491
0.47049,-0.217157,1.78643
0.594414,-0.211844,1.79745
0.71056,-0.180169,1.76696
-0.610475,-0.100791,1.74841
-0.503721,-0.149916,1.79379
-0.403616,-0.0838139,1.75888
-0.294604,-0.143168,1.74511
0.260307,-0.0905996,1.78287
0.405085,-0.0945787,1.79697
-0.727637,-0.0497295,1.74903
-0.512702,-0.0226376,1.78568
-0.296136,-0.020595,1.76419
-0.0989952,-0.0431822,1.79684
0.126707,-0.0253117,1.77186
0.730466,-0.0659754,1.72108
-0.627721,0.0233712,1.72596
-0.202282,0.0611639,1.75639
-0.0790666,0.0649518,1.73745
0.223208,0.0426958,1.73573
0.423214,0.0322167,1.72402
0.539256,0.0177081,1.76763
0.729952,0.0571178,1.74028
-0.726855,0.0801117,1.77615
-0.548243,0.0970992,1.7868
-0.442182,0.11857,1.72658
-0.320889,0.098779,1.74168
0.50077,0.152162,1.7442
0.618014,0.110741,1.74139
-0.704729,0.193896,1.72956
-0.58435,0.21605,1.78301
-0.128561,0.172639,1.77665
0.108492,0.207257,1.7619
0.324906,0.220851,1.76169
0.707738,0.186685,1.7917
-0.305987,0.246678,1.72955
-0.0775778,0.286682,1.77224
0.537106,0.311502,1.77741
-0.540608,0.320206,1.73268
-0.403529,0.330783,1.79163
-0.165091,0.374818,1.76413
0.132109,0.338026,1.75877
0.378868,0.33198,1.77887
0.661757,0.316084,1.77078
-0.466544,0.420012,1.72858
-0.343295,0.440298,1.73394
0.0332692,0.407896,1.78767
0.32189,0.430844,1.72622
-0.119924,0.502708,1.78307
-0.000942273,0.520984,1.74807
0.119167,0.490234,1.74404
0.411423,0.506626,1.76879
-0.445638,0.58042,1.79556
-0.216124,0.584079,1.76705
-0.101301,0.614334,1.73002
0.11764,0.621531,1.75873
0.37327,0.62593,1.74651
-0.308387,0.661669,1.73268
-0.164581,-0.713883,1.82828
-0.00598322,-0.732782,1.83362
0.118574,-0.721872,1.82855
0.234582,-0.693604,1.87075
0.348782,-0.643064,1.86965
-0.209659,-0.601612,1.86317
-0.0749504,-0.618795,1.87083
0.0585945,-0.620199,1.87069
0.191449,-0.581711,1.83754
-0.556777,-0.476533,1.87118
-0.31499,-0.537918,1.83426
0.525641,-0.512428,1.80173
-0.459487,-0.424324,1.81397
-0.0516757,-0.401445,1.84635
0.311,-0.407274,1.80414
0.472365,-0.416422,1.86029
-0.585993,-0.352637,1.83882
-0.149967,-0.327567,1.86843
0.0688318,-0.382721,1.87283
0.197934,-0.380465,1.8521
0.552078,-0.323957,1.83261
-0.682974,-0.259681,1.8293
-0.257403,-0.297751,1.8124
0.135231,-0.281202,1.8095
-0.563228,-0.233557,1.86893
-0.316462,-0.164282,1.86528
0.037516,-0.204788,1.82413
0.255142,-0.205629,1.83223
0.375458,-0.196027,1.8636
-0.717915,-0.145529,1.86502
-0.598265,-0.11111,1.87175
-0.211979,-0.0865548,1.82847
-0.108692,-0.140743,1.8752
0.0211609,-0.0835903,1.80015
0.148709,-0.14272,1.81692
0.529564,-0.10279,1.80738
0.6449,-0.03601,1.80689
-0.616274,0.0144216,1.84965
-0.400728,0.0298726,1.81061
-0.09533,0.0748534,1.86045
0.0244727,0.0527457,1.80578
0.214094,0.00612805,1.85544
0.325983,0.01391,1.80017
0.441923,0.0147343,1.84561
0.730083,0.0367458,1.86347
-0.450846,0.136003,1.85356
0.140828,0.0974562,1.81169
0.267471,0.121481,1.8245
0.393639,0.125017,1.80137
0.498648,0.129319,1.86907
0.617223,0.0903201,1.86411
-0.362272,0.222297,1.83755
-0.247792,0.169116,1.81396
-0.0118143,0.165999,1.84305
0.215852,0.235104,1.82067
0.586865,0.204523,1.81778
-0.686455,0.255974,1.84169
-0.485788,0.255888,1.84873
-0.18449,0.274322,1.83563
0.0332282,0.281129,1.82783
0.448847,0.236375,1.82531
-0.630705,0.372643,1.80895
-0.509295,0.378165,1.83797
-0.280878,0.348529,1.80742
0.239098,0.380743,1.80651
-0.420251,0.465291,1.83506
-0.233236,0.463507,1.81844
-0.0748708,0.393304,1.84843
0.135673,0.434939,1.85394
0.345101,0.432624,1.84802
0.468826,0.400934,1.83127
0.599755,0.417879,1.80786
-0.539014,0.494999,1.80582
-0.327685,0.542815,1.8036
-0.0318896,0.513532,1.8705
0.0857604,0.548836,1.8531
0.252563,0.504222,1.79961
0.524021,0.511734,1.84013
-0.129087,0.617778,1.85133
-0.0044668,0.625833,1.81425
0.200081,0.597891,1.86301
0.430855,0.593336,1.85667
-0.239359,0.69109,1.83226
0.304342,0.665497,1.8423
-0.0572077,0.73105,1.85394
0.0658672,0.72845,1.80604
0.193352,0.707891,1.80478
-0.191567,-0.706632,1.95295
-0.0691821,-0.728011,1.94036
0.0973058,-0.721978,1.95169
-0.282725,-0.555753,1.95354
0.149877,-0.600945,1.95383
-0.429961,-0.52512,1.88131
-0.114412,-0.493153,1.90277
0.0102342,-0.497709,1.89763
0.135364,-0.485744,1.89375
0.260192,-0.481971,1.89031
0.401379,-0.530872,1.88759
0.518359,-0.51849,1.92868
-0.359989,-0.413851,1.88814
-0.227823,-0.438667,1.8992
0.361888,-0.414829,1.9176
0.593478,-0.428425,1.88655
-0.658573,-0.317915,1.93686
-0.464761,-0.337723,1.90312
-0.250787,-0.32272,1.9414
0.542033,-0.325932,1.95569
0.657122,-0.323072,1.90554
-0.355187,-0.280557,1.88796
-0.0539826,-0.251912,1.89441
0.0660847,-0.270205,1.92638
0.195572,-0.275135,1.91851
0.310879,-0.307098,1.87829
0.434322,-0.303101,1.89633
-0.450276,-0.202105,1.91098
-0.206754,-0.216547,1.89263
0.131213,-0.164534,1.93864
0.523586,-0.216113,1.89944
0.701653,-0.208074,1.88796
-0.412461,-0.0864879,1.88322
-0.236315,-0.108606,1.94785
0.00937969,-0.136367,1.9248
0.242813,-0.104914,1.90498
0.457545,-0.11099,1.90864
0.609382,-0.12534,1.90069
0.727011,-0.0857836,1.88671
-0.731266,-0.0223174,1.88018
-0.30509,-0.0230044,1.88859
-0.144322,-0.0274631,1.91478
-0.0212541,-0.0184786,1.89702
0.101514,-0.0534201,1.89002
0.351713,-0.045109,1.91504
0.55395,-0.0140012,1.89192
-0.502375,0.0266928,1.89967
-0.218448,0.0663383,1.87857
0.0706019,0.0778048,1.91854
-0.724091,0.116285,1.89628
-0.604434,0.148347,1.88524
-0.333778,0.112367,1.88922
0.191224,0.113027,1.92382
0.34995,0.0793831,1.90833
0.715438,0.150492,1.91249
-0.417129,0.219095,1.94937
-0.239015,0.177228,1.93811
-0.11977,0.190133,1.90092
0.103448,0.192983,1.88496
0.343419,0.20393,1.88402
0.600471,0.189485,1.94074
-0.562204,0.24593,1.95013
-0.290734,0.288437,1.91539
-0.0137869,0.246892,1.93833
0.277843,0.308961,1.90054
0.488864,0.245043,1.9425
0.68091,0.266768,1.88405
-0.646112,0.343026,1.92954
-0.410574,0.338921,1.91603
-0.194311,0.378147,1.90392
0.0360333,0.376664,1.90805
0.14044,0.313796,1.88093
0.401553,0.323578,1.90115
0.574961,0.331204,1.89439
-0.321422,0.424062,1.89766
0.241345,0.458435,1.91598
-0.552478,0.481842,1.93095
-0.340498,0.536164,1.95098
-0.149817,0.494891,1.90539
0.433096,0.483035,1.92033
-0.457648,0.5703,1.91961
-0.242041,0.580091,1.88885
0.112733,0.623272,1.94912
0.319066,0.552716,1.89294
-0.356278,0.637555,1.87991
-0.036645,0.628316,1.93448
0.205468,0.703815,1.92912
-0.158754,0.714652,1.92451
0.0440742,0.728159,1.9291
-0.298096,-0.668519,2.00563
0.217156,-0.699437,1.99416
0.332868,-0.652516,1.99413
-0.402246,-0.612596,1.96597
-0.145608,-0.592649,1.97009
-0.0211233,-0.589614,1.97935
0.438395,-0.585778,1.99703
-0.509867,-0.523097,1.97739
-0.383205,-0.492388,1.99243
0.0766921,-0.498377,2.00301
0.200374,-0.482919,1.99955
0.327665,-0.526023,1.988
-0.598261,-0.420454,1.97476
-0.478122,-0.405844,2.00682
-0.227892,-0.466227,2.02103
-0.137972,-0.39366,1.97351
-0.0448647,-0.469881,2.00574
0.466291,-0.420591,1.98606
0.598714,-0.421577,2.01115
-0.344469,-0.374705,2.00501
-0.0194325,-0.355687,1.95744
0.130254,-0.370976,1.98067
0.254027,-0.375273,1.96599
-0.547115,-0.285863,1.98092
-0.42485,-0.279216,2.00585
-0.140029,-0.269406,1.98294
0.137912,-0.254686,2.02721
0.357068,-0.300985,1.99396
0.46687,-0.241598,2.00736
-0.634307,-0.1928,1.96262
-0.499552,-0.182643,2.03153
-0.357245,-0.15952,1.98237
-0.0202014,-0.221948,2.01094
0.23896,-0.188451,1.99675
0.36262,-0.176663,1.98577
0.619076,-0.222687,1.97964
-0.724926,-0.110291,1.98512
-0.512678,-0.0831145,1.95779
-0.102218,-0.120977,1.99842
0.295285,-0.0826239,2.03148
0.531872,-0.134911,2.00595
0.717472,-0.133755,2.00138
-0.629442,-0.0328741,1.96366
-0.184811,-0.0325824,2.03255
0.052161,-0.0163714,1.99732
0.169145,-0.0594607,1.99459
0.418335,-0.0678777,2.01827
0.647571,-0.0314472,1.9736
-0.730445,0.0351231,1.99109
-0.508474,0.022149,2.0255
-0.39873,0.00568486,1.9661
-0.270557,0.0471406,1.98918
-0.0696966,0.00930647,2.00811
0.152287,0.059387,2.02916
0.260693,0.0225164,1.97402
0.456654,0.039037,1.96642
0.576688,0.0712106,1.98023
0.729316,0.0599758,1.99707
-0.617618,0.0875937,1.99266
-0.504509,0.132068,1.96616
-0.370477,0.119478,2.00825
-0.154134,0.0964937,1.98084
-0.03371,0.126837,1.96688
0.289719,0.156241,1.98606
0.41381,0.155209,1.98377
-0.685309,0.216607,1.96008
-0.316589,0.2309,2.02252
-0.102178,0.216684,2.02126
0.0899061,0.164898,2.00576
0.196498,0.233199,1.95697
-0.204884,0.286051,2.00581
0.0905712,0.289004,1.9928
0.348646,0.265628,1.99783
0.580349,0.290121,2.01308
-0.524412,0.3642,1.96022
-0.31772,0.36703,2.00825
-0.0888995,0.343711,1.96247
0.244679,0.332632,2.01848
0.489641,0.382849,1.96859
-0.434002,0.453996,1.95866
-0.240581,0.461678,1.98404
-0.0566645,0.465763,1.98303
0.0316272,0.392261,2.03121
0.148587,0.397534,1.97206
0.34209,0.408752,1.96993
0.606207,0.411779,2.0061
-0.49979,0.532994,2.03207
0.063648,0.487631,1.95845
0.33281,0.525463,2.01363
0.526841,0.508274,1.99921
-0.402849,0.611854,2.02852
-0.151961,0.600078,1.97272
0.0277085,0.582883,2.03059
0.219418,0.567814,1.98256
0.433924,0.590937,1.98246
-0.2725,0.680246,1.9622
0.328668,0.655037,1.96408
-0.0622937,0.729943,2.00243
0.124568,0.720712,2.02639
0.00840974,-0.731362,2.03907
0.12766,-0.720379,2.07847
-0.213887,-0.699259,2.11018
-0.1063,-0.682635,2.04991
-0.227392,-0.584144,2.0635
0.0728921,-0.61021,2.05843
0.245876,-0.577202,2.06704
-0.441591,-0.47474,2.10423
-0.334815,-0.539092,2.10742
-0.108126,-0.547538,2.07982
0.0123278,-0.511785,2.10903
0.347059,-0.519175,2.11198
0.524742,-0.512967,2.05326
-0.564699,-0.467906,2.08535
-0.29937,-0.419493,2.11226
0.0379555,-0.394749,2.06109
0.237543,-0.413251,2.09528
0.352981,-0.416158,2.04177
-0.633576,-0.367112,2.11144
-0.517199,-0.325342,2.09533
-0.214671,-0.345112,2.05844
-0.0665804,-0.322824,2.06815
0.529703,-0.329381,2.07894
0.659166,-0.318838,2.04853
-0.68037,-0.269371,2.04966
-0.304925,-0.260044,2.03495
0.0435723,-0.277915,2.10501
0.252126,-0.294524,2.06095
0.409191,-0.312192,2.10659
-0.712105,-0.165442,2.111
-0.346366,-0.158813,2.10632
-0.23087,-0.162505,2.05926
-0.122108,-0.213636,2.09265
0.300698,-0.187954,2.10445
0.423182,-0.16705,2.09632
0.574981,-0.214062,2.09562
0.700996,-0.20955,2.09903
-0.60139,-0.113448,2.05342
-0.428256,-0.0821894,2.04973
0.0640799,-0.134204,2.03939
0.192156,-0.127352,2.09649
0.626277,-0.101379,2.08034
-0.730192,-0.0437035,2.0904
-0.305999,-0.0611444,2.03963
-0.0102373,-0.0526777,2.09792
0.112556,-0.0317641,2.104
0.234203,-0.00568374,2.10735
0.526851,-0.016691,2.05335
0.731541,-0.0346601,2.07818
-0.617386,0.00640314,2.0868
-0.429442,0.0746154,2.10824
-0.274555,0.0636843,2.11205
0.0375427,0.0732993,2.08283
0.359203,0.0561289,2.04272
0.633025,0.0418016,2.08793
-0.71941,0.142145,2.05421
-0.0819556,0.109363,2.08182
0.241498,0.117807,2.09399
0.487659,0.103096,2.06848
0.71847,0.132905,2.09797
-0.603808,0.194125,2.05575
-0.464197,0.188254,2.06965
-0.212487,0.172974,2.05997
0.00412406,0.199622,2.08921
0.304184,0.22506,2.10703
0.470557,0.23106,2.06531
0.596779,0.162657,2.06235
-0.666036,0.301781,2.04933
-0.542679,0.302516,2.06641
-0.420934,0.304951,2.04002
-0.281708,0.30968,2.11235
-0.0492358,0.312319,2.08113
0.183808,0.242757,2.08009
0.691022,0.24149,2.04274
-0.151308,0.382457,2.0644
0.136226,0.357664,2.08917
0.349064,0.357532,2.08243
0.513486,0.362856,2.08944
-0.604352,0.410224,2.04512
-0.481565,0.413071,2.06652
-0.247724,0.451199,2.1083
0.232222,0.457775,2.04127
0.426809,0.452222,2.05081
-0.359516,0.474443,2.0574
-0.149239,0.507004,2.05518
-0.0357987,0.50722,2.10666
0.113961,0.483159,2.07265
-0.25421,0.572341,2.03842
-0.0834014,0.618567,2.07557
0.137815,0.60856,2.08332
0.255308,0.570703,2.10197
0.466311,0.562983,2.09924
-0.303332,0.666812,2.10157
0.242586,0.686578,2.0485
0.363456,0.631792,2.08177
-0.184317,0.708288,2.04651
0.0207841,0.726456,2.09565
-0.10212,-0.723483,2.16797
0.036281,-0.730183,2.163
-0.3228,-0.655272,2.15164
-0.0278064,-0.628201,2.13001
0.242229,-0.690796,2.11805
0.353843,-0.640084,2.1427
-0.428762,-0.592288,2.17013
-0.165136,-0.604512,2.17527
0.157046,-0.604645,2.15044
0.457341,-0.569932,2.14153
-0.200545,-0.489981,2.14043
0.13318,-0.480118,2.11264
0.238237,-0.510893,2.17261
-0.091547,-0.43172,2.1229
0.0125141,-0.392286,2.18279
0.340292,-0.399526,2.16453
0.453903,-0.429963,2.11413
0.608043,-0.40897,2.13506
-0.394643,-0.339125,2.11288
0.133885,-0.35775,2.13755
-0.680754,-0.268599,2.17422
-0.283007,-0.299088,2.1516
-0.154516,-0.311604,2.1623
0.178055,-0.241126,2.14542
0.290882,-0.286143,2.18039
0.485698,-0.237034,2.17897
0.662368,-0.30281,2.17241
-0.570604,-0.204605,2.1318
-0.448039,-0.229033,2.13472
-0.230529,-0.18959,2.18029
-0.013383,-0.171357,2.13624
-0.627021,-0.0954678,2.17405
-0.430107,-0.11863,2.18956
-0.12511,-0.0930718,2.1238
0.097359,-0.13151,2.17741
0.319092,-0.0789483,2.16252
0.515698,-0.10002,2.1454
-0.5166,-0.0506975,2.13115
-0.362405,-0.0241113,2.14445
-0.244916,-0.0676455,2.14831
0.418798,-0.0115639,2.12886
0.616119,-0.0412076,2.18934
-0.156912,0.0268021,2.1386
-0.0387467,0.0402397,2.17646
0.304872,0.0583995,2.18794
0.524919,0.0407964,2.16855
0.724512,0.0304877,2.18445
-0.677503,0.0900639,2.15941
-0.549587,0.104151,2.12271
-0.181381,0.143031,2.17709
0.11396,0.156213,2.1362
0.386973,0.135904,2.13463
0.612423,0.129429,2.18136
-0.687898,0.223212,2.144
-0.538701,0.230123,2.16738
-0.310262,0.180974,2.13667
0.484988,0.19511,2.18418
0.693692,0.232171,2.1698
-0.406534,0.258249,2.15497
-0.158929,0.268019,2.12045
0.050201,0.295555,2.15447
0.4297,0.304406,2.1612
0.577639,0.262355,2.13461
-0.64358,0.346149,2.16398
-0.519811,0.359704,2.17477
-0.382853,0.378961,2.13414
-0.198741,0.366538,2.186
0.244504,0.330468,2.14495
0.625584,0.377206,2.1432
-0.082679,0.407716,2.16573
0.04077,0.420224,2.15213
0.237845,0.457042,2.1652
0.451578,0.433434,2.1719
-0.559047,0.47382,2.14328
-0.435934,0.489882,2.15487
-0.145782,0.51594,2.17878
0.359173,0.511296,2.1372
0.555181,0.477156,2.11716
-0.404447,0.610752,2.15394
-0.291822,0.555186,2.16255
-0.191645,0.626557,2.14055
0.0224673,0.612046,2.15136
0.284475,0.673056,2.16932
-0.103018,0.723993,2.14005
0.16843,0.712513,2.14546
0.160625,-0.711371,2.21538
-0.23521,-0.692417,2.23286
-0.274225,-0.557694,2.21539
-0.066266,-0.625493,2.24856
0.0560187,-0.621799,2.22176
0.257901,-0.62375,2.22136
0.459373,-0.56824,2.26633
-0.521141,-0.512048,2.19376
-0.386871,-0.484074,2.21606
-0.168757,-0.491744,2.26073
-0.0527265,-0.505739,2.21537
0.071902,-0.4974,2.22005
0.343206,-0.533805,2.23609
0.541074,-0.493887,2.20375
-0.599778,-0.418781,2.21997
-0.4754,-0.392813,2.19231
-0.231846,-0.394265,2.21408
0.431235,-0.445139,2.23616
-0.357497,-0.362406,2.22928
-0.0980023,-0.390785,2.24063
0.11024,-0.377577,2.25888
0.227394,-0.387258,2.21679
0.513069,-0.358952,2.19824
0.622128,-0.385312,2.25701
-0.562993,-0.30024,2.21055
-0.0393653,-0.279751,2.19818
0.0821818,-0.261453,2.22233
0.199023,-0.274539,2.26393
0.401891,-0.313383,2.23094
-0.615614,-0.193801,2.24959
-0.483433,-0.212255,2.25276
-0.352521,-0.21795,2.21573
-0.111061,-0.178772,2.2143
0.250232,-0.169995,2.2183
0.371742,-0.194622,2.20641
0.634904,-0.178758,2.20032
-0.722413,-0.129115,2.24726
-0.531953,-0.0874313,2.25481
0.424878,-0.0846204,2.22954
0.531063,-0.145039,2.26088
0.726763,-0.0902003,2.21656
-0.73201,-0.0100627,2.21055
-0.351394,-0.0210544,2.2686
-0.158283,-0.060314,2.23923
-0.0372992,-0.0782862,2.21585
0.0683543,-0.0125767,2.21756
0.193115,-0.0591219,2.21193
-0.587794,0.0178661,2.20761
-0.464221,0.0131499,2.22425
-0.244414,0.0287711,2.22773
-0.128916,0.0644358,2.25963
0.173291,0.0630141,2.19454
0.41812,0.0460542,2.23927
-0.591124,0.139484,2.23465
-0.466809,0.13727,2.2097
-0.352853,0.0867801,2.20604
0.0487703,0.109757,2.23191
0.717668,0.137687,2.24816
-0.712343,0.166995,2.25287
-0.37366,0.202287,2.26174
-0.0568669,0.1629,2.19165
0.0382584,0.2309,2.26016
0.247421,0.167554,2.20768
0.587992,0.226541,2.25602
-0.597326,0.282536,2.26537
-0.470633,0.282363,2.2592
-0.240191,0.250512,2.21331
-0.0664849,0.287116,2.20202
0.158528,0.254803,2.20145
0.332147,0.258055,2.2239
-0.338422,0.323633,2.23659
0.0233615,0.358507,2.25889
0.141402,0.3777,2.21172
0.340092,0.386292,2.2028
0.532345,0.334302,2.22573
-0.596344,0.421481,2.25174
-0.430692,0.407169,2.24839
-0.316021,0.444852,2.21613
0.575931,0.450633,2.23746
-0.51656,0.517611,2.25223
-0.393071,0.530034,2.26477
0.000165448,0.514214,2.22605
0.12529,0.500337,2.19699
0.383447,0.494366,2.25815
0.492312,0.541641,2.21922
-0.212633,0.582071,2.26109
-0.0876368,0.621754,2.20943
0.131165,0.622005,2.22226
0.283309,0.560517,2.22326
0.393573,0.616213,2.20199
-0.296337,0.66791,2.22586
-0.17796,0.70634,2.23848
-0.0528301,0.731503,2.258
0.0641707,0.728616,2.21279
-0.132954,-0.719801,2.30047
-0.0105479,-0.732997,2.2788
0.102461,-0.724159,2.33309
-0.342831,-0.644543,2.27447
0.0181924,-0.628684,2.34057
0.24965,-0.687325,2.32841
0.367644,-0.632377,2.32172
-0.446977,-0.57811,2.29295
-0.164425,-0.600882,2.32146
0.154011,-0.609526,2.29761
0.265102,-0.562803,2.32975
-0.066881,-0.524457,2.33772
0.0793947,-0.520027,2.34266
0.181203,-0.484417,2.28009
0.391048,-0.49307,2.34388
-0.599656,-0.408451,2.34432
-0.48084,-0.457991,2.29877
-0.295026,-0.461484,2.29753
0.00459609,-0.428751,2.30172
0.329052,-0.396044,2.28866
-0.659694,-0.314762,2.28806
-0.48065,-0.327931,2.29958
-0.1856,-0.380861,2.32901
0.513649,-0.391349,2.31846
-0.377174,-0.258753,2.33092
-0.244582,-0.237959,2.29392
-0.12663,-0.2787,2.28761
0.00620681,-0.304155,2.31162
0.316765,-0.254982,2.30071
0.554026,-0.271954,2.27737
0.676302,-0.280693,2.30075
-0.700338,-0.20899,2.34076
-0.000495297,-0.183016,2.27232
0.14731,-0.160358,2.2879
0.442999,-0.221751,2.30491
0.713782,-0.162826,2.31721
-0.384949,-0.136222,2.30396
-0.266986,-0.112688,2.27155
-0.161154,-0.149908,2.32549
-0.0548176,-0.0826662,2.33872
0.352205,-0.136444,2.31692
-0.639664,-0.062533,2.31298
-0.453829,-0.0365405,2.33811
0.0691216,-0.0631266,2.33072
0.193691,-0.0550421,2.33627
0.301147,-0.0300499,2.27607
0.410517,-0.0281772,2.33921
0.518743,-0.018209,2.27772
0.623798,-0.0770306,2.30967
0.731404,-0.00866202,2.31097
-0.668675,0.0574818,2.29421
-0.542495,0.0512383,2.31937
-0.410482,0.0784164,2.31564
-0.0137186,0.0306042,2.30577
0.126723,0.0467152,2.30941
0.626566,0.048672,2.27529
-0.263862,0.143498,2.2723
-0.0387347,0.152275,2.31926
0.246398,0.0802688,2.29708
0.350676,0.145198,2.2743
0.519229,0.112117,2.27036
-0.484917,0.178152,2.32617
-0.138321,0.210898,2.27257
0.142361,0.168701,2.28985
0.253682,0.216808,2.3218
0.693088,0.234292,2.32336
-0.689883,0.2461,2.34691
-0.284871,0.25804,2.32979
-0.0527098,0.285528,2.32585
0.130942,0.292005,2.31753
0.441141,0.271358,2.28303
0.547644,0.303534,2.3459
-0.510314,0.369573,2.33907
-0.290945,0.390322,2.33148
-0.182509,0.323954,2.30215
0.240295,0.32911,2.26962
0.352179,0.350416,2.3211
0.648084,0.338963,2.27224
-0.204939,0.457504,2.27106
-0.0861089,0.403289,2.29904
0.0258917,0.466944,2.3388
0.154355,0.425764,2.32558
0.270067,0.449236,2.28483
0.462112,0.406828,2.2993
-0.293225,0.515107,2.33813
-0.104019,0.526838,2.2955
0.187547,0.54348,2.30134
0.314432,0.547388,2.34744
0.523849,0.511042,2.33578
0.428257,0.593617,2.31997
-0.362861,0.634178,2.3259
-0.24931,0.687783,2.33977
-0.133394,0.640929,2.33759
0.0183428,0.630308,2.2744
0.318064,0.65983,2.29147
0.0570159,0.729139,2.3404
0.176571,0.71076,2.2974
-0.025646,-0.730381,2.40313
-0.247108,-0.688744,2.35699
-0.381614,-0.624701,2.40183
-0.278465,-0.568019,2.36025
-0.0766327,-0.616704,2.42072
0.11662,-0.616595,2.41641
0.438494,-0.585744,2.41288
-0.50197,-0.53156,2.40518
-0.38472,-0.503885,2.37322
-0.178544,-0.494403,2.38479
0.5261,-0.511851,2.35558
-0.491922,-0.393684,2.40513
-0.291251,-0.43544,2.41967
0.03033,-0.403594,2.42122
0.145671,-0.410425,2.37394
0.279603,-0.453325,2.38706
0.456025,-0.422885,2.42413
0.591139,-0.427626,2.42079
-0.655922,-0.319285,2.41266
-0.380452,-0.382062,2.3499
-0.279873,-0.316838,2.38355
-0.0854578,-0.333838,2.39186
0.245118,-0.336211,2.3621
0.402397,-0.326151,2.3615
0.657672,-0.322035,2.41714
-0.56879,-0.253735,2.34802
-0.466654,-0.271894,2.41697
-0.176631,-0.248887,2.4
0.120484,-0.28816,2.35996
0.515446,-0.285215,2.39512
-0.388088,-0.174553,2.42243
-0.267796,-0.163279,2.39093
-0.0621954,-0.203976,2.37829
0.0643808,-0.177818,2.37893
0.243984,-0.175657,2.36573
0.346933,-0.223356,2.41796
0.462052,-0.174527,2.41845
0.593876,-0.187537,2.36037
-0.611346,-0.146866,2.40072
-0.49423,-0.152091,2.36107
0.726854,-0.0821612,2.4117
-0.732471,-0.00162296,2.38414
-0.337778,-0.0564437,2.38744
-0.164414,-0.0241372,2.35858
0.00321541,-0.0111809,2.42268
0.526757,-0.0717373,2.38998
-0.470731,0.0547177,2.42164
-0.271435,0.0422088,2.34879
0.192714,0.0474614,2.41468
0.311979,0.0115752,2.40425
0.524495,0.0528245,2.3798
0.641841,0.0133651,2.39403
-0.722613,0.129696,2.38047
-0.603133,0.154063,2.35704
-0.253344,0.156669,2.39529
-0.133206,0.0976457,2.38055
0.049281,0.10041,2.39083
0.283516,0.132924,2.40877
0.406011,0.0920914,2.37293
0.608134,0.146634,2.35064
0.724023,0.104048,2.36836
-0.37668,0.174129,2.38728
-0.136802,0.224332,2.39614
0.0468721,0.22586,2.38452
0.166063,0.197781,2.40858
0.367952,0.222064,2.37127
0.489747,0.18943,2.36358
-0.564745,0.268428,2.38823
-0.220494,0.312952,2.42197
-0.635526,0.366092,2.35656
-0.391971,0.319155,2.34888
0.0405097,0.350585,2.38208
0.245588,0.318517,2.39371
0.496344,0.391957,2.41833
0.658096,0.317445,2.40979
-0.399888,0.442743,2.36418
-0.17998,0.425932,2.3887
-0.0597364,0.414283,2.42059
0.301831,0.429574,2.40333
0.602471,0.4168,2.35847
-0.553679,0.480306,2.3768
0.117694,0.504373,2.41534
0.413683,0.482863,2.38728
-0.463807,0.565715,2.36133
-0.22201,0.588236,2.41015
-0.0265659,0.578622,2.37804
0.106199,0.616412,2.36152
0.228512,0.632162,2.37929
0.346165,0.644953,2.41837
-0.0599864,0.73069,2.38424
0.147895,0.716304,2.42536
-0.150666,-0.716768,2.43086
0.0942376,-0.726781,2.47083
-0.296464,-0.669103,2.48173
0.0254218,-0.628991,2.50401
0.213717,-0.698979,2.44736
0.325741,-0.643004,2.43896
-0.19722,-0.60024,2.44958
-0.321603,-0.543171,2.47484
-0.213816,-0.485503,2.50358
0.00397903,-0.52363,2.44185
0.116784,-0.47483,2.47661
0.214794,-0.543996,2.44235
0.364956,-0.499821,2.46551
0.518006,-0.518799,2.48157
-0.597156,-0.421804,2.46847
-0.420168,-0.458038,2.4839
-0.0890219,-0.441905,2.45416
0.223893,-0.405601,2.48784
-0.376345,-0.341271,2.4675
-0.189382,-0.368051,2.45285
0.12427,-0.331504,2.47708
0.343473,-0.37476,2.46044
0.53395,-0.349944,2.50032
-0.575128,-0.244905,2.47225
-0.301604,-0.242319,2.48139
0.0195654,-0.28016,2.43309
0.245133,-0.281286,2.47351
0.436724,-0.27119,2.49313
0.592284,-0.236931,2.48062
-0.695881,-0.22352,2.49367
-0.101519,-0.220186,2.49539
0.160298,-0.184709,2.45847
0.703149,-0.202715,2.43468
-0.724635,-0.114626,2.44056
-0.493004,-0.149331,2.48512
-0.12376,-0.111869,2.43818
-0.00752532,-0.140302,2.47374
0.240877,-0.0806822,2.44852
0.363765,-0.0988681,2.43526
0.617954,-0.115888,2.46288
-0.643502,-0.0385141,2.49675
-0.53977,-0.0486924,2.42803
-0.422786,-0.0461163,2.47821
-0.2367,-0.0642022,2.45984
0.118991,-0.0536178,2.44447
0.441268,-0.00196255,2.45667
0.561976,-0.00293874,2.48795
-0.726683,0.0772677,2.49309
-0.595028,0.0625391,2.44148
-0.348436,0.0663756,2.44413
-0.226028,0.0595495,2.46797
-0.111529,0.00953939,2.46658
0.730322,0.0244029,2.48161
0.359219,0.0836316,2.49478
0.477358,0.117578,2.47452
0.623947,0.11124,2.46955
-0.650325,0.175653,2.47056
-0.519026,0.166944,2.44807
-0.208278,0.211394,2.49757
-0.0409406,0.164635,2.44863
0.0768427,0.16738,2.49233
0.309477,0.229852,2.48346
0.578945,0.22489,2.44333
0.702304,0.205605,2.4445
-0.665989,0.29909,2.45777
-0.446907,0.268791,2.44832
-0.321944,0.254434,2.46396
-0.0474133,0.292973,2.44995
0.0712221,0.291823,2.48777
0.194191,0.277835,2.49983
0.443423,0.237473,2.46913
-0.137917,0.360811,2.50222
0.147005,0.379229,2.44071
0.384088,0.343493,2.44114
-0.601647,0.411828,2.46971
-0.474541,0.398812,2.45521
-0.287131,0.420028,2.45266
0.0436691,0.412709,2.50253
0.606354,0.411526,2.48689
-0.502313,0.531983,2.4784
-0.367198,0.539543,2.43589
-0.11965,0.5227,2.43888
0.0181628,0.533535,2.48492
0.217403,0.473465,2.48397
0.327445,0.531145,2.47034
0.529117,0.506035,2.46038
0.157859,0.60403,2.47916
0.437355,0.587969,2.48153
-0.322349,0.656046,2.44161
-0.198822,0.703352,2.45295
-0.0910543,0.641148,2.46479
0.0293584,0.667691,2.44509
0.252083,0.685316,2.48992
0.0117959,-0.731644,2.57559
-0.201961,-0.703338,2.57604
-0.0893023,-0.674081,2.53055
0.257141,-0.684667,2.56362
-0.436532,-0.585251,2.50645
-0.247871,-0.588106,2.5651
0.161143,-0.610421,2.53288
0.289892,-0.566607,2.53929
0.407655,-0.607787,2.532
-0.528354,-0.504632,2.53178
-0.105533,-0.546893,2.52018
0.0702277,-0.535764,2.57496
0.194713,-0.492663,2.57264
-0.310711,-0.416815,2.54145
-0.142405,-0.407145,2.5687
0.0304924,-0.417835,2.54635
0.314845,-0.442859,2.56452
0.440681,-0.441789,2.54613
0.577576,-0.447806,2.56478
-0.65155,-0.332409,2.53675
-0.509447,-0.340875,2.51685
-0.236445,-0.317597,2.55637
-0.0571144,-0.335172,2.51402
0.380849,-0.338606,2.58197
0.646306,-0.344154,2.55595
-0.417703,-0.239503,2.52702
0.0444503,-0.275406,2.55501
0.166839,-0.249404,2.5652
-0.210973,-0.16798,2.52406
0.0830417,-0.156966,2.55867
0.26126,-0.17179,2.53079
0.501246,-0.173495,2.53681
0.694733,-0.229161,2.55625
-0.723138,-0.125515,2.57041
-0.602974,-0.14677,2.54424
-0.328624,-0.124897,2.51986
-0.0836643,-0.079265,2.55175
0.381044,-0.144055,2.55256
0.722938,-0.109635,2.53345
-0.52359,-0.0455145,2.5519
-0.308946,-0.00337451,2.54097
-0.186391,-0.00861459,2.56474
0.0369374,-0.0430069,2.53811
0.175153,-0.0725909,2.55422
0.358131,-0.0197636,2.57088
0.477612,-0.054244,2.56389
0.64867,-0.0189321,2.57625
-0.624037,0.0652959,2.56302
-0.0160772,0.0687234,2.5239
0.115778,0.0506553,2.51308
0.251496,0.020524,2.52095
-0.50284,0.0826216,2.53843
-0.280568,0.115851,2.56512
-0.132532,0.116555,2.5271
0.20873,0.137252,2.50868
0.572449,0.0810563,2.57933
-0.567219,0.192669,2.56186
-0.40703,0.159374,2.50763
-0.096452,0.23403,2.54824
0.393419,0.179297,2.56739
0.51719,0.197509,2.56128
0.705696,0.194507,2.56878
-0.691881,0.240668,2.56837
-0.551399,0.303658,2.50709
-0.453708,0.257783,2.57208
0.376919,0.303145,2.55887
0.654173,0.303588,2.5339
-0.641528,0.354929,2.57665
-0.483142,0.37906,2.5794
-0.377725,0.351141,2.51897
-0.251533,0.318264,2.54452
-0.0155337,0.326281,2.57052
0.170286,0.382853,2.56284
0.281534,0.365954,2.50819
0.529484,0.31669,2.51189
-0.298927,0.428864,2.57664
-0.194338,0.47009,2.52334
-0.0702871,0.461619,2.53558
0.319129,0.461337,2.58028
0.422161,0.457332,2.50921
-0.408099,0.471487,2.53363
0.120238,0.510556,2.55282
-0.409451,0.607802,2.53197
-0.295172,0.557916,2.53604
-0.175785,0.593422,2.54293
0.0618859,0.624993,2.55738
0.252428,0.565811,2.56337
-0.271433,0.680788,2.55248
0.350928,0.641885,2.55365
-0.152219,0.71392,2.56838
-0.0352779,0.733316,2.52926
0.147124,0.716062,2.55063
-0.0966056,-0.725989,2.64358
0.135276,-0.718837,2.58849
-0.360414,-0.635436,2.59324
-0.148374,-0.609174,2.63773
-0.0259119,-0.604501,2.61479
0.223472,-0.593457,2.64145
-0.376996,-0.51182,2.58774
-0.197063,-0.494407,2.63903
-0.0530741,-0.482171,2.61338
0.332746,-0.530743,2.65093
0.496034,-0.537724,2.60333
-0.595224,-0.42422,2.59997
-0.423018,-0.392491,2.59015
-0.0499323,-0.357366,2.63682
0.132856,-0.36631,2.59678
0.255784,-0.334793,2.58575
0.504841,-0.363437,2.62115
-0.692554,-0.237072,2.61757
-0.570444,-0.258795,2.5963
-0.454706,-0.273445,2.64107
-0.336528,-0.312123,2.63058
-0.132428,-0.269578,2.60529
0.44726,-0.241708,2.62648
0.568457,-0.25774,2.60123
-0.495401,-0.159794,2.60882
-0.37184,-0.177278,2.62514
-0.254038,-0.218286,2.62981
-0.0365871,-0.188483,2.59712
0.322949,-0.234808,2.61869
0.714472,-0.158497,2.65713
-0.263381,-0.0896351,2.61996
-0.150281,-0.14882,2.63128
0.171107,-0.15549,2.64717
0.28367,-0.100706,2.63099
0.50462,-0.134634,2.65536
0.611924,-0.139481,2.58544
-0.732727,-0.00237396,2.58846
-0.621246,-0.044704,2.62979
-0.404584,-0.0576416,2.60123
0.0760468,-0.0263587,2.65492
-0.529215,0.0388114,2.65201
-0.393115,0.0695887,2.59673
-0.0799014,0.0242829,2.62146
0.178066,0.0364184,2.62042
0.448748,0.0656445,2.58399
0.728878,0.0747599,2.59599
-0.722316,0.126542,2.60995
-0.475854,0.153632,2.63708
-0.191653,0.0845027,2.64784
-0.0843524,0.147849,2.63769
0.0263397,0.0900665,2.63938
0.129676,0.150363,2.60424
0.293135,0.111018,2.59646
-0.333394,0.227379,2.58506
-0.215824,0.206959,2.62192
0.0170044,0.206372,2.59475
0.233288,0.22004,2.60274
0.607634,0.181098,2.64506
-0.552352,0.294025,2.63934
0.121038,0.274885,2.60105
0.550878,0.294259,2.6326
0.672829,0.28667,2.65651
-0.380908,0.370624,2.65082
-0.171824,0.375696,2.62123
0.266432,0.337625,2.62823
0.469396,0.383659,2.59827
-0.0560598,0.41381,2.64948
0.0666934,0.410859,2.62668
0.612186,0.400881,2.61102
-0.554925,0.479118,2.59843
-0.359372,0.514923,2.64273
-0.234909,0.520475,2.63866
-0.110486,0.525972,2.64149
0.0101139,0.521521,2.61018
0.204085,0.475958,2.63823
0.536122,0.496171,2.58466
-0.475279,0.557222,2.65434
-0.0599822,0.624439,2.58452
0.156488,0.600586,2.63446
0.424414,0.549854,2.59945
-0.346102,0.639721,2.64464
0.251159,0.685511,2.61488
0.0464353,0.729634,2.6235
0.0195109,-0.728941,2.70025
-0.275933,-0.679598,2.67396
-0.0651142,-0.639972,2.72751
0.0908235,-0.629404,2.66317
0.196847,-0.704506,2.69578
0.329255,-0.655046,2.66483
-0.447255,-0.578264,2.66668
-0.299236,-0.556821,2.67429
0.432345,-0.590804,2.69635
-0.530511,-0.50265,2.72397
-0.105911,-0.522354,2.71983
0.0173578,-0.541825,2.71356
0.136213,-0.514393,2.68095
0.527087,-0.511144,2.72963
-0.417114,-0.460568,2.69415
-0.300443,-0.428028,2.66511
0.046739,-0.428873,2.66951
0.219023,-0.418835,2.67047
0.326648,-0.434945,2.73208
0.433139,-0.453345,2.66999
0.604474,-0.413367,2.68184
-0.510232,-0.37854,2.6794
-0.197856,-0.357123,2.66842
0.292747,-0.316967,2.70795
0.416282,-0.33432,2.70428
0.539019,-0.320118,2.73329
-0.664971,-0.303031,2.71966
-0.544198,-0.267646,2.72775
-0.173322,-0.246762,2.72066
-0.0494455,-0.248434,2.70597
0.0571423,-0.305,2.67504
0.177275,-0.274183,2.68738
0.673231,-0.287937,2.66425
-0.605601,-0.163976,2.66952
-0.449209,-0.178632,2.72295
0.0540077,-0.180474,2.68246
0.265349,-0.192055,2.72015
0.592024,-0.20469,2.71159
-0.727124,-0.0793701,2.68636
-0.348542,-0.0900563,2.71154
-0.229496,-0.136072,2.73051
-0.0342679,-0.0837483,2.66628
0.384321,-0.149686,2.68641
0.625539,-0.0847446,2.70409
-0.520972,-0.0768034,2.69805
-0.166992,-0.0378994,2.68544
0.183751,-0.0451668,2.7149
0.406669,-0.0268375,2.68555
0.530989,-0.0118443,2.66814
0.731711,-0.030133,2.66879
-0.729693,0.0444105,2.70383
-0.417802,0.0139252,2.70586
-0.298822,0.0219935,2.6636
-0.0134099,0.0191599,2.73395
0.115249,0.0683334,2.72648
0.287798,0.0158044,2.67611
0.637991,0.0513349,2.68117
-0.608828,0.135384,2.66489
-0.330553,0.142649,2.6763
0.216598,0.132841,2.69213
0.381568,0.0979374,2.68355
0.510604,0.110386,2.68387
0.71618,0.147314,2.69701
-0.71114,0.171635,2.72676
-0.162545,0.176474,2.73051
0.0689278,0.186124,2.70734
0.331918,0.212424,2.67849
0.455653,0.22139,2.66723
-0.670273,0.290496,2.68047
-0.446911,0.259117,2.69679
-0.28599,0.29358,2.67962
-0.0873158,0.268997,2.66774
0.0317844,0.30313,2.68372
0.176627,0.249717,2.71004
-0.177923,0.320868,2.736
0.166178,0.373745,2.69932
0.383286,0.339943,2.67776
0.499872,0.369011,2.71867
0.626821,0.37461,2.73197
-0.605803,0.405205,2.6852
-0.481091,0.435973,2.69069
-0.270841,0.416259,2.69731
-0.151856,0.442543,2.72414
0.300564,0.429377,2.70562
0.420069,0.458982,2.68477
-0.0214619,0.505682,2.7306
0.0989613,0.509056,2.69698
0.550839,0.482582,2.70801
-0.17633,0.591398,2.72503
0.0423523,0.61924,2.68151
0.265518,0.566074,2.69801
0.461657,0.566698,2.73222
-0.229246,0.694263,2.66892
0.369673,0.631031,2.67706
-0.0721222,0.727277,2.6639
0.153091,0.714426,2.68661
-0.17027,-0.712034,2.74325
-0.0378077,-0.729658,2.81398
0.137977,-0.718113,2.8098
-0.367698,-0.631717,2.74658
-0.271601,-0.681009,2.80938
0.044315,-0.638811,2.78738
0.266032,-0.681142,2.79696
-0.459325,-0.568206,2.80277
-0.205329,-0.592217,2.74856
0.163386,-0.605197,2.76286
0.324693,-0.575314,2.76691
-0.307531,-0.534291,2.79687
-0.0269937,-0.483924,2.81489
0.0967893,-0.493299,2.79724
0.224016,-0.496555,2.76806
-0.607038,-0.408367,2.75236
-0.430916,-0.447263,2.81709
-0.218972,-0.454855,2.75533
-0.105062,-0.399347,2.74061
0.468155,-0.41548,2.78369
0.590029,-0.432078,2.80488
-0.416885,-0.328519,2.74652
-0.291783,-0.328625,2.74592
-0.19074,-0.350008,2.81689
0.00873337,-0.36118,2.77534
0.130747,-0.375421,2.7476
0.242293,-0.379177,2.80515
0.654794,-0.328006,2.78098
0.0874196,-0.259428,2.78714
0.210046,-0.259212,2.80946
0.356599,-0.242796,2.7882
-0.702564,-0.186645,2.7449
-0.329714,-0.209637,2.74255
-0.00632159,-0.181967,2.81522
0.472345,-0.215253,2.74594
0.7016,-0.207396,2.77149
-0.546799,-0.150839,2.79531
-0.427034,-0.0961325,2.81412
-0.105923,-0.145333,2.74788
0.0503597,-0.0844946,2.76183
0.153664,-0.154759,2.77059
0.404006,-0.118111,2.80582
0.520121,-0.0890572,2.77033
0.726701,-0.0841416,2.78118
-0.649458,-0.073245,2.78401
-0.504624,-0.000178511,2.79475
-0.220127,-0.0189446,2.7968
0.296357,-0.0775174,2.75761
-0.612263,0.0396812,2.74529
-0.34488,0.00130207,2.81032
-0.130028,0.0585884,2.7551
0.226388,0.0494938,2.78431
0.350874,0.031613,2.78455
0.476605,0.0279283,2.77314
0.615774,0.00209737,2.79388
0.729996,0.0455559,2.76807
-0.513131,0.115482,2.74931
-0.392408,0.112598,2.78034
-0.257194,0.0963255,2.76603
-0.0413173,0.151011,2.75473
0.303968,0.147464,2.78123
0.429026,0.141892,2.7902
0.610897,0.14155,2.7632
-0.577524,0.227988,2.74224
-0.464697,0.212244,2.81122
-0.347871,0.228737,2.7669
0.178983,0.167361,2.80605
-0.0984389,0.246564,2.81138
0.024855,0.265437,2.80264
0.139802,0.313665,2.81075
0.285072,0.305726,2.74695
0.399136,0.261701,2.77352
0.54565,0.247247,2.74986
0.688399,0.243164,2.77217
-0.649056,0.338477,2.79348
-0.527986,0.341163,2.75889
-0.404745,0.342708,2.77886
-0.281995,0.346331,2.79982
-0.0588062,0.351739,2.75712
0.36844,0.382711,2.79978
-0.577424,0.448325,2.79891
-0.372857,0.460854,2.75446
-0.244762,0.465188,2.80949
0.0562115,0.405226,2.75142
0.468054,0.459687,2.80016
-0.493068,0.53814,2.77638
0.200413,0.477125,2.76292
0.357596,0.513906,2.77786
-0.396238,0.615825,2.79131
-0.296387,0.560712,2.74004
0.0440247,0.625357,2.81664
0.153298,0.603187,2.75868
-0.281568,0.677537,2.78111
-0.0613104,0.63321,2.74979
0.258934,0.682674,2.7449
0.360397,0.636519,2.80142
-0.158884,0.712513,2.77027
0.0453487,0.729583,2.74806
0.151557,0.71567,2.81308
-0.159298,-0.706939,2.86751
-0.371752,-0.629452,2.87124
0.345966,-0.64417,2.88548
-0.221515,-0.584855,2.87215
-0.101182,-0.597873,2.83891
0.123447,-0.61467,2.88086
0.241111,-0.577369,2.86163
0.436479,-0.587451,2.82104
-0.5559,-0.476861,2.84343
-0.148634,-0.483593,2.85394
0.180613,-0.470985,2.88736
0.367211,-0.485607,2.84241
0.521194,-0.511374,2.87268
-0.307128,-0.415262,2.83458
0.077845,-0.393505,2.87411
-0.628627,-0.375073,2.87083
-0.515875,-0.355809,2.81921
-0.399085,-0.338453,2.86959
-0.078553,-0.380667,2.86246
0.364072,-0.361524,2.82591
0.552484,-0.350932,2.89231
-0.681771,-0.266735,2.83831
-0.466964,-0.241399,2.82933
-0.0992562,-0.265127,2.81913
0.00779485,-0.289648,2.87852
0.456334,-0.281722,2.85231
0.573256,-0.245826,2.82781
0.683474,-0.263458,2.88389
-0.57539,-0.227369,2.88952
-0.349658,-0.220934,2.86602
-0.230586,-0.223255,2.82878
0.270597,-0.157869,2.84922
-0.716929,-0.148037,2.86281
-0.298483,-0.112542,2.83159
-0.165813,-0.118022,2.85404
0.0898111,-0.124086,2.87328
0.501739,-0.154718,2.87463
0.621746,-0.130606,2.83002
-0.729552,-0.0239732,2.87198
-0.0637285,-0.0540129,2.82145
0.190937,-0.0570323,2.83926
0.312898,-0.043837,2.87648
0.525397,-0.0225672,2.87621
0.715558,-0.00322368,2.88235
-0.605234,0.0177529,2.86806
-0.263887,0.0452189,2.89466
-0.0565883,0.0776685,2.85434
0.043474,0.00348045,2.8496
0.149613,0.0604351,2.8821
0.424372,0.0515008,2.88418
-0.726414,0.089491,2.81998
-0.611746,0.138293,2.82184
-0.504127,0.0989666,2.87258
-0.171355,0.1266,2.85147
0.0615657,0.12781,2.82242
0.293995,0.0789857,2.88506
0.532975,0.105014,2.8533
0.712792,0.122216,2.86456
-0.694754,0.23016,2.83599
-0.309306,0.156923,2.86216
-0.0202214,0.191066,2.89276
0.105945,0.222335,2.89104
0.483073,0.217563,2.8733
-0.574131,0.24927,2.86526
-0.344567,0.276509,2.88232
-0.222857,0.236827,2.82132
0.266768,0.24288,2.85283
0.37352,0.296938,2.89049
0.605721,0.312275,2.83777
-0.46714,0.314242,2.88303
-0.149078,0.389247,2.83644
-0.000373752,0.386507,2.86122
0.240978,0.383163,2.83434
0.48002,0.337289,2.83787
-0.460179,0.436167,2.84057
-0.349372,0.403372,2.88811
0.125608,0.410357,2.88847
0.586805,0.43662,2.83243
-0.343553,0.524385,2.85795
-0.131716,0.51724,2.82164
-0.0179113,0.510338,2.8722
0.0961266,0.51189,2.82182
-0.455736,0.567966,2.89185
-0.234039,0.583584,2.84797
0.15427,0.612148,2.88284
0.256083,0.571811,2.82223
0.451846,0.57127,2.85668
-0.121109,0.635178,2.86101
0.256538,0.683621,2.87836
-0.0499926,0.732201,2.82833
-0.060347,-0.728703,2.94209
0.0742796,-0.727643,2.9172
-0.276234,-0.679444,2.93427
0.212232,-0.698165,2.90809
-0.126295,-0.622847,2.95844
0.00130616,-0.627006,2.90408
0.441389,-0.58,2.94565
-0.487867,-0.546141,2.9222
-0.367765,-0.509258,2.90505
-0.249406,-0.476102,2.92703
-0.0581371,-0.520686,2.93131
0.0653787,-0.510185,2.91672
0.322102,-0.538674,2.94876
-0.468443,-0.420941,2.933
-0.342663,-0.400786,2.96217
-0.140078,-0.423448,2.96302
-0.0112012,-0.409555,2.96315
0.293903,-0.414417,2.91425
0.447045,-0.416042,2.90803
0.576036,-0.449534,2.9668
-0.275176,-0.314548,2.9016
0.186827,-0.349701,2.91676
0.374257,-0.320928,2.94351
0.647031,-0.342377,2.97369
-0.489787,-0.29866,2.94568
-0.150306,-0.301577,2.92684
0.130565,-0.238231,2.90308
0.268977,-0.256052,2.92606
0.480698,-0.262898,2.97331
-0.694794,-0.227899,2.95632
-0.444226,-0.160991,2.92239
-0.327471,-0.160359,2.97332
-0.208537,-0.191089,2.94722
-0.0740152,-0.194637,2.91941
0.040902,-0.188383,2.97387
0.380452,-0.195416,2.9013
0.590761,-0.206767,2.94509
-0.604509,-0.10549,2.89614
-0.130387,-0.0968559,2.97308
-0.0132817,-0.0841711,2.93148
0.192021,-0.136762,2.94421
0.716771,-0.146228,2.90953
-0.494714,-0.0446678,2.91065
-0.369942,-0.0566393,2.91811
-0.247287,-0.0710556,2.93743
0.0982861,-0.0313253,2.95624
0.224172,-0.0066074,2.95667
0.422722,-0.0735321,2.92725
0.61991,-0.0741343,2.94186
-0.387818,0.0686181,2.90647
-0.146806,0.00183301,2.89611
0.622711,0.0656499,2.93062
-0.72078,0.137784,2.93495
-0.597236,0.15231,2.94489
-0.108572,0.119634,2.95973
0.0286503,0.081986,2.94548
0.494642,0.106538,2.97204
-0.483605,0.203304,2.93813
-0.364572,0.184912,2.97037
-0.193288,0.20958,2.94233
0.209482,0.160415,2.92703
0.378272,0.165418,2.91744
0.585499,0.187713,2.93832
-0.675226,0.2811,2.94833
-0.0987565,0.310317,2.91873
0.0224529,0.297322,2.94583
0.189889,0.308697,2.92623
0.539182,0.304643,2.94312
0.690266,0.241568,2.89664
-0.618389,0.383684,2.90535
-0.227009,0.324967,2.90962
-0.470217,0.40536,2.96832
-0.233208,0.447236,2.93311
-0.0914891,0.433641,2.93779
0.035241,0.423969,2.97444
0.305456,0.395496,2.94036
0.443822,0.413032,2.93049
0.609254,0.407359,2.95395
-0.547942,0.486327,2.91387
-0.382185,0.494079,2.97288
-0.152966,0.542503,2.94202
0.0774903,0.538447,2.94753
0.224369,0.485023,2.90587
0.35809,0.502282,2.90226
0.532152,0.502258,2.92295
-0.276325,0.560517,2.96299
-0.0138755,0.622453,2.92715
-0.322738,0.656174,2.89771
-0.201825,0.703122,2.92758
0.361323,0.634966,2.92616
-0.0762028,0.728194,2.95034
0.0496499,0.72904,2.90334
0.16237,0.713791,2.95487
0.0312535,-0.730682,3.03707
0.169163,-0.710842,3.02441
-0.193157,-0.705705,3.02362
0.295284,-0.66932,2.99682
-0.398585,-0.614873,2.99254
-0.236754,-0.57881,2.99683
-0.034299,-0.624372,3.04276
0.0826607,-0.62293,2.99876
0.201133,-0.587933,2.97948
-0.490228,-0.542814,3.04695
-0.337065,-0.510468,3.02598
-0.0945796,-0.502024,3.04943
0.0285589,-0.516349,3.03572
0.504536,-0.526648,3.03995
-0.580549,-0.44424,2.9826
-0.428702,-0.429425,3.05104
-0.222065,-0.465351,3.04838
0.125272,-0.437397,2.99858
0.245526,-0.466738,3.01671
0.375264,-0.443408,3.00983
-0.648146,-0.339495,2.9892
-0.22883,-0.345649,3.01338
0.0782269,-0.32356,2.97756
0.270672,-0.343998,3.01463
0.486039,-0.38137,3.02095
-0.582586,-0.236297,3.01374
-0.369653,-0.278316,2.97513
-0.150719,-0.250653,3.04055
-0.041456,-0.289955,2.99301
0.178492,-0.257903,3.01677
0.578006,-0.272347,3.05062
-0.46076,-0.216166,3.03479
-0.0579635,-0.167277,3.04694
0.38931,-0.195441,3.02603
0.69698,-0.216947,3.01077
-0.723257,-0.0939187,2.9754
-0.533792,-0.120454,3.00185
-0.228679,-0.123118,3.05004
0.129862,-0.147541,3.05246
0.307307,-0.108851,2.98319
0.49872,-0.141767,2.99896
-0.622717,-0.020442,2.98569
-0.437766,-0.0369132,3.02121
0.0271884,-0.0754675,3.04932
0.408557,-0.0712276,3.05156
0.507953,-0.0149735,2.99966
0.729125,-0.0646872,3.003
-0.730165,0.0381669,3.01005
-0.519865,0.0511846,2.98682
-0.311689,0.00510259,3.01247
-0.186185,0.0180687,3.01358
-0.0606891,0.0105563,2.99734
0.351056,0.0162811,2.97891
0.62745,0.00438463,3.04025
0.729623,0.0598283,2.99493
-0.621862,0.0878071,3.04887
-0.40723,0.0838732,3.0297
-0.259164,0.118106,2.99608
0.139176,0.0900216,3.00281
0.262762,0.094596,3.01902
0.603858,0.130948,3.04805
-0.701784,0.19953,3.04195
-0.554187,0.205005,3.04958
-0.06353,0.227109,3.00476
0.0559495,0.190381,3.0011
0.172479,0.228734,3.02457
0.360584,0.167197,3.0464
0.459537,0.224048,2.99551
0.708969,0.182564,3.00455
-0.551519,0.306612,2.97697
-0.421107,0.293927,2.99719
-0.271535,0.236139,3.03607
-0.171406,0.309219,3.02032
0.292805,0.243762,2.97476
0.66605,0.303553,3.00285
-0.311831,0.354401,2.99666
-0.0541003,0.354306,3.02674
0.113378,0.338508,3.02108
0.384208,0.328746,3.01073
0.49774,0.372655,3.03947
-0.585063,0.435826,3.02279
-0.283796,0.467196,3.04553
-0.164062,0.432415,3.0393
0.152445,0.455729,3.00352
0.26802,0.444027,3.04901
-0.491991,0.542125,3.00993
-0.0339998,0.524186,3.00187
0.391906,0.472746,3.02712
0.542828,0.489933,3.04671
-0.393959,0.616955,2.9926
-0.102213,0.627166,3.01849
0.169191,0.600201,3.00645
0.286217,0.554215,2.99036
0.452373,0.574291,2.98633
-0.285372,0.674041,3.01559
0.0603657,0.674038,3.01501
0.27205,0.677745,3.00223
-0.0894521,-0.7263,3.09013
-0.305594,-0.664187,3.06064
0.251629,-0.686711,3.11498
-0.391264,-0.582472,3.11291
-0.267196,-0.559006,3.11711
-0.154037,-0.605023,3.08639
0.0619689,-0.61349,3.12164
0.281944,-0.571852,3.07375
0.398873,-0.613371,3.05825
0.146858,-0.532068,3.07717
-0.566596,-0.463702,3.10593
0.0360628,-0.392599,3.07702
0.420363,-0.443307,3.12957
0.600366,-0.397206,3.08264
-0.637358,-0.361067,3.11179
-0.52726,-0.350525,3.05282
-0.337654,-0.347057,3.07459
-0.123056,-0.372416,3.07573
0.16124,-0.358524,3.08855
0.388015,-0.314154,3.06739
-0.688382,-0.251899,3.07885
-0.441266,-0.298497,3.12679
-0.236665,-0.263811,3.1301
-0.0535407,-0.277302,3.11675
0.0631566,-0.252096,3.07892
0.285093,-0.238354,3.07971
0.47593,-0.239706,3.11534
0.676298,-0.280509,3.12713
-0.343506,-0.220019,3.08244
-0.642571,-0.136941,3.06056
-0.466042,-0.117287,3.1125
-0.345135,-0.0930155,3.0834
0.240117,-0.128333,3.12036
0.504835,-0.115351,3.12096
0.611012,-0.130218,3.05345
0.710187,-0.150063,3.12682
-0.725329,-0.0511741,3.09781
-0.546648,-0.0224432,3.08453
-0.23393,-0.0268213,3.12986
-0.116485,-0.0531608,3.08988
0.14654,-0.023754,3.07116
0.273846,-0.0187652,3.0709
-0.333236,0.0532203,3.12558
-0.103593,0.0707583,3.09773
0.0388297,0.0513484,3.06626
0.42671,0.062276,3.06698
0.525048,0.0145012,3.12762
0.72999,0.00018115,3.11173
-0.724808,0.102727,3.11771
-0.508606,0.0984519,3.10206
0.112561,0.154083,3.10662
-0.432493,0.19677,3.07663
-0.163637,0.174818,3.05847
-0.0164932,0.160151,3.09878
0.252938,0.182947,3.10838
0.494027,0.162812,3.09835
0.71302,0.160394,3.12741
-0.3542,0.300488,3.10403
-0.0981914,0.279492,3.11673
0.025502,0.278893,3.08686
0.443567,0.27679,3.10744
0.560163,0.261508,3.05862
-0.65882,0.314554,3.06746
-0.502577,0.353521,3.08186
-0.24555,0.363605,3.105
0.247754,0.321382,3.06152
0.345868,0.376283,3.1199
-0.394335,0.414111,3.06888
0.0357571,0.410261,3.09862
0.160903,0.403467,3.11678
0.616364,0.394044,3.0776
-0.53058,0.503754,3.12248
-0.107816,0.52428,3.10259
0.0716515,0.526685,3.07146
0.192005,0.525821,3.10515
0.327839,0.528088,3.11858
-0.436692,0.587031,3.11202
-0.316268,0.55791,3.12495
-0.210057,0.586251,3.06615
-0.00781727,0.617698,3.10315
0.46456,0.563883,3.11048
0.258976,0.632582,3.11784
0.370727,0.630474,3.06198
-0.179879,0.708681,3.07228
-0.056408,0.731271,3.07358
0.0558477,0.727048,3.12805
0.170228,0.711925,3.07951
0.00893614,-0.732118,3.16668
0.130681,-0.717071,3.14299
-0.321717,-0.652113,3.19607
-0.215655,-0.695998,3.14609
0.352106,-0.638743,3.17228
-0.0540803,-0.564699,3.15057
0.196951,-0.591838,3.17483
0.458828,-0.564646,3.15723
-0.490716,-0.537658,3.17339
-0.163816,-0.49665,3.15416
0.047702,-0.492925,3.15677
0.354596,-0.518089,3.20864
0.547723,-0.475417,3.16495
-0.452861,-0.414776,3.17258
-0.338667,-0.454771,3.13758
-0.0592163,-0.429785,3.16652
0.149215,-0.429455,3.19264
0.25622,-0.470571,3.14242
-0.549338,-0.319202,3.19123
-0.233178,-0.387953,3.1454
0.0815496,-0.324729,3.17875
0.280143,-0.348078,3.13917
0.390762,-0.325484,3.19668
0.513297,-0.351931,3.1599
-0.668047,-0.275683,3.20695
-0.33526,-0.307685,3.19294
-0.141608,-0.309766,3.19895
0.177031,-0.246855,3.14223
0.2905,-0.239625,3.20419
-0.709733,-0.158974,3.16307
-0.556634,-0.208316,3.13261
-0.402173,-0.192828,3.18896
-0.150236,-0.170458,3.13615
0.591094,-0.19699,3.16785
-0.599229,-0.0973315,3.17174
-0.271307,-0.149539,3.16681
0.0161215,-0.153733,3.1464
0.128323,-0.102705,3.17055
0.368219,-0.153752,3.14308
-0.0146877,-0.0188708,3.15439
0.258559,-0.030194,3.19674
0.393826,-0.0178389,3.1654
0.62183,-0.0586957,3.1601
-0.639611,0.0204482,3.15761
-0.444327,0.00236384,3.15118
-0.142908,0.0267786,3.20813
0.19541,0.0669566,3.14301
0.626426,0.0776575,3.16578
-0.610638,0.143733,3.16024
-0.424133,0.119003,3.19149
-0.219057,0.100795,3.14207
0.0393579,0.0903672,3.18575
0.322333,0.0818258,3.13259
0.451322,0.0933908,3.19255
-0.325227,0.177906,3.13975
-0.115178,0.169998,3.17489
0.0482838,0.215574,3.1941
0.369169,0.195159,3.16776
0.592616,0.20179,3.16463
-0.692275,0.237925,3.16809
-0.573377,0.277498,3.15103
-0.451988,0.277853,3.18001
-0.219485,0.2449,3.14967
0.158079,0.274102,3.14006
0.279464,0.284379,3.1765
0.665999,0.302947,3.14635
-0.16783,0.344488,3.20481
0.0641918,0.340099,3.19801
0.53936,0.337511,3.15985
-0.607571,0.401354,3.14122
-0.496683,0.398215,3.19848
-0.321212,0.396286,3.2019
-0.0835753,0.406255,3.13623
0.255637,0.44947,3.18364
0.451694,0.441301,3.13314
0.568352,0.459856,3.17374
-0.407222,0.482049,3.17278
-0.216117,0.482524,3.14945
-0.00266424,0.506241,3.16991
0.119176,0.494589,3.20127
0.112645,0.616796,3.14735
0.364824,0.620006,3.19357
-0.277387,0.675922,3.14522
-0.119802,0.637136,3.15465
-0.0485928,0.732168,3.19906
-0.111408,-0.723576,3.21447
0.09264,-0.721824,3.26208
-0.226132,-0.68758,3.27383
-0.0182162,-0.638433,3.24505
0.218619,-0.699403,3.235
-0.153852,-0.605806,3.21337
0.0983637,-0.556459,3.25166
0.461298,-0.551754,3.2828
-0.370238,-0.539145,3.22862
-0.244033,-0.506501,3.25289
-0.0488617,-0.517433,3.27167
0.231385,-0.531667,3.27872
-0.507377,-0.466029,3.27466
-0.338956,-0.417939,3.25669
-0.136954,-0.427366,3.26778
0.0469676,-0.432736,3.26616
0.307131,-0.40298,3.24819
0.457391,-0.421175,3.24842
-0.626007,-0.377816,3.2734
-0.439077,-0.325839,3.25979
-0.243057,-0.320497,3.27765
-0.0263519,-0.334743,3.24078
0.20336,-0.324579,3.23663
0.627895,-0.349294,3.22311
-0.516498,-0.161064,3.2585
-0.312642,-0.197057,3.28198
-0.19041,-0.205822,3.25625
-0.0612823,-0.213642,3.22464
0.0916404,-0.211422,3.2314
0.400039,-0.20512,3.26416
0.676975,-0.20094,3.2598
-0.220167,-0.0791388,3.25634
-0.097736,-0.0939909,3.22126
0.0321089,-0.0819456,3.25544
0.219436,-0.145675,3.24831
0.348453,-0.086346,3.26653
0.506161,-0.133426,3.24451
-0.728361,-0.0506373,3.23181
-0.46471,-0.038358,3.26799
-0.356558,-0.0686027,3.21124
0.514116,-0.00424104,3.25868
0.614501,-0.0750009,3.28576
0.725246,-0.0483932,3.23436
-0.534474,0.0603301,3.21916
-0.269584,0.0371789,3.23779
-0.0328671,0.0328841,3.27625
0.123854,0.00891472,3.2285
0.358417,0.0530741,3.26879
-0.713268,0.117238,3.24112
0.142226,0.139439,3.23725
0.267006,0.143767,3.22744
0.559582,0.113685,3.26514
0.726529,0.0830138,3.24059
-0.52227,0.190288,3.23494
-0.373585,0.215362,3.2558
-0.260665,0.161838,3.24779
-0.0345962,0.172189,3.27709
0.480989,0.22643,3.21605
0.687948,0.217063,3.24371
-0.273512,0.290685,3.2534
-0.158993,0.240505,3.27658
-0.0534245,0.290862,3.23243
0.214817,0.249763,3.27871
0.340764,0.253305,3.28282
-0.646077,0.331982,3.23797
-0.405827,0.338849,3.27878
0.17828,0.364938,3.24326
0.305456,0.376764,3.27617
0.421237,0.338998,3.21323
0.615015,0.350484,3.28445
-0.58574,0.436799,3.2876
-0.212869,0.439173,3.2746
-0.0243762,0.413529,3.25388
0.486712,0.429396,3.2728
-0.500658,0.532142,3.24066
-0.308509,0.515066,3.24216
-0.114936,0.497949,3.22432
0.362278,0.492314,3.23361
-0.379434,0.620908,3.21786
-0.204784,0.585065,3.23087
0.00266599,0.619261,3.22773
0.122336,0.602156,3.28283
0.233152,0.566686,3.2204
0.477005,0.550818,3.23409
0.186282,0.691584,3.21486
-0.17913,0.708059,3.23844
0.0715983,0.728233,3.25212
0.307693,-0.632345,3.29826
0.353734,-0.486577,3.33581
0.159296,-0.417476,3.31852
0.0759034,-0.315107,3.31163
0.368337,-0.330364,3.35513
-0.576525,-0.269673,3.31233
0.184093,-0.240919,3.33168
0.511707,-0.266728,3.30988
0.00391735,-0.207938,3.33531
-0.714675,-0.143034,3.3171
-0.612854,-0.0238623,3.28854
-0.313984,-0.0475934,3.33383
-0.0636532,-0.0674546,3.34816
-0.709258,0.0650836,3.35903
0.233687,0.0407276,3.29978
-0.591077,0.0932266,3.32743
-0.379576,0.0784846,3.31436
-0.135427,0.100865,3.32486
-0.626567,0.223116,3.30101
-0.45459,0.178083,3.35067
0.0881188,0.258094,3.30794
0.485884,0.302474,3.31954
-0.528754,0.316424,3.29013
-0.41496,0.461774,3.29984
0.088738,0.423901,3.31471
0.210614,0.480374,3.30827
-0.281223,0.667662,3.29836
0.264989,0.659458,3.30709
0.552837,0.200635,3.38631
0.352779,-0.368859,3.5397
-0.13909,0.091809,8.0337
0.207457,-0.220891,9.30782
0.330089,-0.921315,10.3031
0.396234,0.0501438,10.4206
-0.423203,1.28928,10.5965
0.150954,1.19065,10.6913
-0.897051,0.696962,11.021
-0.0560026,1.00958,11.0113
0.978945,-1.49902,11.0484
0.548466,-1.98197,13.2137
-0.408923,0.43372,13.3444
-4.0,-4.0,-1.1
-4.0,-4.0,-1.1
-4.0,-4.0,-1.1
-4.0,-4.0,-1.1
-4.0,-4.0,-1.1
-4.0,-4.0,-1.1
-4.0,-4.0,-1.1
-4.0,-4.0,-1.1
-4.0,-4.0,-1.1
-4.0,-4.0,-1.1
-4.0,-4.0,-1.1
-4.0,-4.0,-1.1
-4.0,-4.0,-1.1
-4.0,-4.0,-1.1
-4.0,-4.0,-1.1
-4.0,-4.0,-1.1
-4.0,-4.0,-1.1
-4.0,-4.0,-1.1
-4.0,-4.0,-1.1
-4.0,-4.0,-1.1
-4.0,-4.0,-1.1
-4.0,-4.0,-1.1
-4.0,-4.0,-1.1
-4.0,-4.0,-1.1
-4.0,-4.0,-1.1
-4.0,-4.0,-1.1
-4.0,-4.0,-1.1
-4.0,-4.0,-1.1
-4.0,-4.0,-1.1
-4.0,-4.0,-1.1
-4.0,-4.0,-1.1
-4.0,-4.0,-1.1
-4.0,-4.0,-1.1
-4.0,-4.0,-1.1
-4.0,-4.0,-1.1
-4.0,-4.0,-1.1
-4.0,-4.0,-1.1
-4.0,-4.0,-1.1
-4.0,-4.0,-1.1
-4.0,-4.0,-1.1
-4.0,-4.0,-1.1
-4.0,-4.0,-1.1
-4.0,-4.0,-1.1
-4.0,-4.0,-1.1
-4.0,-4.0,-1.1
-4.0,-4.0,-1.1
-4.0,-4.0,-1.1
-4.0,-4.0,-1.1
-4.0,-4.0,-1.1
-4.0,-4.0,-1.1
-4.0,-4.0,-1.1
-4.0,-4.0,-1.1
-4.0,-4.0,-1.1
-4.0,-4.0,-1.1
-4.0,-4.0,-1.1
-4.0,-4.0,-1.1
-4.0,-4.0,-1.1
-4.0,-4.0,-1.1
-4.0,-4.0,-1.1
-4.0,-4.0,-1.1
-4.0,-4.0,-1.1
-4.0,-4.0,-1.1
-4.0,-4.0,-1.1
-4.0,-4.0,-1.1
-4.0,-4.0,-1.1
-4.0,-4.0,-1.1
-4.0,-4.0,-1.1
-4.0,-4.0,-1.1
-4.0,-4.0,-1.1
-4.0,-4.0,-1.1
-4.0,-4.0,-1.1
-4.0,-4.0,-1.1
-4.0,-4.0,-1.1
-4.0,-4.0,-1.1
-4.0,-4.0,-1.1
-4.0,-4.0,-1.1
-4.0,-4.0,-1.1
-4.0,-4.0,-1.1
-4.0,-4.0,-1.1
-4.0,-4.0,-1.1
-4.0,-4.0,-1.1
-4.0,-4.0,-1.1
-4.0,-4.0,-1.1
-4.0,-4.0,-1.1
-4.0,-4.0,-1.1
-4.0,-4.0,-1.1
-4.0,-4.0,-1.1
-4.0,-4.0,-1.1
-4.0,-4.0,-1.1
-4.0,-4.0,-1.1
-4.0,-4.0,-1.1
-4.0,-4.0,-1.1
-4.0,-4.0,-1.1
-4.0,-4.0,-1.1
-4.0,-4.0,-1.1
-4.0,-4.0,-1.1
-4.0,-4.0,-1.1
-4.0,-4.0,-1.1
-4.0,-4.0,-1.1
-4.0,-4.0,-1.1
-4.0,-4.0,-1.1
-4.0,-4.0,-1.1
-4.0,-4.0,-1.1
-4.0,-4.0,-1.1
-4.0,-4.0,-1.1
-4.0,-4.0,-1.1
-4.0,-4.0,-1.1
-4.0,-4.0,-1.1
-4.0,-4.0,-1.1
-4.0,-4.0,-1.1
-4.0,-4.0,-1.1
-4.0,-4.0,-1.1
-4.0,-4.0,-1.1
-4.0,-4.0,-1.1
-4.0,-4.0,-1.1
-4.0,-4.0,-1.1
-4.0,-4.0,-1.1
-4.0,-4.0,-1.1
-4.0,-4.0,-1.1
-4.0,-4.0,-1.1
-4.0,-4.0,-1.1
-4.0,-4.0,-1.1
-4.0,-4.0,-1.1
-4.0,-4.0,-1.1
-4.0,-4.0,-1.1
-4.0,-4.0,-1.1
-4.0,-4.0,-1.1
-4.0,-4.0,-1.1
-4.0,-4.0,-1.1
-4.0,-4.0,-1.1
-4.0,-4.0,-1.1
-4.0,-4.0,-1.1
-4.0,-4.0,-1.1
-4.0,-4.0,-1.1
-4.0,-4.0,-1.1
-4.0,-4.0,-1.1
-4.0,-4.0,-1.1
-4.0,-4.0,-1.1
-4.0,-4.0,-1.1
-4.0,-4.0,-1.1
-4.0,-4.0,-1.1
-4.0,-4.0,-1.1
-4.0,-4.0,-1.1
-4.0,-4.0,-1.1
-4.0,-4.0,-1.1
-4.0,-4.0,-1.1
-4.0,-4.0,-1.1
-4.0,-4.0,-1.1
-4.0,-4.0,-1.1
-4.0,-4.0,-1.1
-4.0,-4.0,-1.1
-4.0,-4.0,-1.1
-4.0,-4.0,-1.1
-4.0,-4.0,-1.1
-4.0,-4.0,-1.1
-4.0,-4.0,-1.1
-4.0,-4.0,-1.1
-4.0,-4.0,-1.1
-4.0,-4.0,-1.1
-4.0,-4.0,-1.1
-4.0,-4.0,-1.1
-4.0,-4.0,-1.1
-4.0,-4.0,-1.1
-4.0,-4.0,-1.1
-4.0,-4.0,-1.1
-4.0,-4.0,-1.1
-4.0,-4.0,-1.1
-4.0,-4.0,-1.1
-4.0,-4.0,-1.1
-4.0,-4.0,-1.1
-4.0,-4.0,-1.1
-4.0,-4.0,-1.1
-4.0,-4.0,-1.1
-4.0,-4.0,-1.1
-4.0,-4.0,-1.1
-4.0,-4.0,-1.1
-4.0,-4.0,-1.1
-4.0,-4.0,-1.1
-4.0,-4.0,-1.1
-4.0,-4.0,-1.1
-4.0,-4.0,-1.1
-4.0,-4.0,-1.1
-4.0,-4.0,-1.1
-4.0,-4.0,-1.1
-4.0,-4.0,-1.1
-4.0,-4.0,-1.1
-4.0,-4.0,-1.1
-4.0,-4.0,-1.1
-4.0,-4.0,-1.1
-4.0,-4.0,-1.1
-4.0,-4.0,-1.1
-4.0,-4.0,-1.1
-4.0,-4.0,-1.1
-4.0,-4.0,-1.1
-4.0,-4.0,-1.1
-4.0,-4.0,-1.1
-4.0,-4.0,-1.1
-4.0,-4.0,-1.1
-4.0,-4.0,-1.1
-4.0,-4.0,-1.1
-4.0,-4.0,-1.1
-4.0,-4.0,-1.1
-4.0,-4.0,-1.1
-4.0,-4.0,-1.1
-4.0,-4.0,-1.1
-4.0,-4.0,-1.1
-4.0,-4.0,-1.1
-4.0,-4.0,-1.1
-4.0,-4.0,-1.1
-4.0,-4.0,-1.1
-4.0,-4.0,-1.1
-4.0,-4.0,-1.1
-4.0,-4.0,-1.1
-4.0,-4.0,-1.1
-4.0,-4.0,-1.1
-4.0,-4.0,-1.1
-4.0,-4.0,-1.1
-4.0,-4.0,-1.1
-4.0,-4.0,-1.1
-4.0,-4.0,-1.1
-4.0,-4.0,-1.1
-4.0,-4.0,-1.1
-4.0,-4.0,-1.1
-4.0,-4.0,-1.1
-4.0,-4.0,-1.1
-4.0,-4.0,-1.1
-4.0,-4.0,-1.1
-4.0,-4.0,-1.1
-4.0,-4.0,-1.1
-4.0,-4.0,-1.1
-4.0,-4.0,-1.1
-4.0,-4.0,-1.1
-4.0,-4.0,-1.1
-4.0,-4.0,-1.1
-4.0,-4.0,-1.1
-4.0,-4.0,-1.1
-4.0,-4.0,-1.1
-4.0,-4.0,-1.1
-4.0,-4.0,-1.1
-4.0,-4.0,-1.1
-4.0,-4.0,-1.1
-4.0,-4.0,-1.1
-4.0,-4.0,-1.1
-4.0,-4.0,-1.1
-4.0,-4.0,-1.1
-4.0,-4.0,-1.1
-4.0,-4.0,-1.1
-4.0,-4.0,-1.1
-4.0,-4.0,-1.1
-4.0,-4.0,-1.1
-4.0,-4.0,-1.1
-4.0,-4.0,-1.1
-4.0,-4.0,-1.1
-4.0,-4.0,-1.1
-4.0,-4.0,-1.1
-4.0,-4.0,-1.1
-4.0,-4.0,-1.1
-4.0,-4.0,-1.1
-4.0,-4.0,-1.1
-4.0,-4.0,-1.1
-4.0,-4.0,-1.1
-4.0,-4.0,-1.1
-4.0,-4.0,-1.1
-4.0,-4.0,-1.1
-4.0,-4.0,-1.1
-4.0,-4.0,-1.1
-4.0,-4.0,-1.1
-4.0,-4.0,-1.1
-4.0,-4.0,-1.1
-4.0,-4.0,-1.1
-4.0,-4.0,-1.1
-4.0,-4.0,-1.1
-4.0,-4.0,-1.1
-4.0,-4.0,-1.1
-4.0,-4.0,-1.1
-4.0,-4.0,-1.1
-4.0,-4.0,-1.1
-4.0,-4.0,-1.1
-4.0,-4.0,-1.1
-4.0,-4.0,-1.1
-4.0,-4.0,-1.1
-4.0,-4.0,-1.1
-4.0,-4.0,-1.1
-4.0,-4.0,-1.1
-4.0,-4.0,-1.1
-4.0,-4.0,-1.1
-4.0,-4.0,-1.1
-4.0,-4.0,-1.1
-4.0,-4.0,-1.1
-4.0,-4.0,-1.1
-4.0,-4.0,-1.1
-4.0,-4.0,-1.1
-4.0,-4.0,-1.1
-4.0,-4.0,-1.1
-4.0,-4.0,-1.1
-4.0,-4.0,-1.1
-4.0,-4.0,-1.1
-4.0,-4.0,-1.1
-4.0,-4.0,-1.1
-4.0,-4.0,-1.1
-4.0,-4.0,-1.1
-4.0,-4.0,-1.1
-4.0,-4.0,-1.1
-4.0,-4.0,-1.1
-4.0,-4.0,-1.1
-4.0,-4.0,-1.1
-4.0,-4.0,-1.1
-4.0,-4.0,-1.1
-4.0,-4.0,-1.1
-4.0,-4.0,-1.1
-4.0,-4.0,-1.1
-4.0,-4.0,-1.1
-4.0,-4.0,-1.1
-4.0,-4.0,-1.1
-4.0,-4.0,-1.1
-4.0,-4.0,-1.1
-4.0,-4.0,-1.1
-4.0,-4.0,-1.1
-4.0,-4.0,-1.1
-4.0,-4.0,-1.1
-4.0,-4.0,-1.1
-4.0,-4.0,-1.1
-4.0,-4.0,-1.1
-4.0,-4.0,-1.1
-4.0,-4.0,-1.1
-4.0,-4.0,-1.1
-4.0,-4.0,-1.1
-4.0,-4.0,-1.1
-4.0,-4.0,-1.1
-4.0,-4.0,-1.1
-4.0,-4.0,-1.1
-4.0,-4.0,-1.1
-4.0,-4.0,-1.1
-4.0,-4.0,-1.1
-4.0,-4.0,-1.1
-4.0,-4.0,-1.1
-4.0,-4.0,-1.1
-4.0,-4.0,-1.1
-4.0,-4.0,-1.1
-4.0,-4.0,-1.1
-4.0,-4.0,-1.1
-4.0,-4.0,-1.1
-4.0,-4.0,-1.1
-4.0,-4.0,-1.1
-4.0,-4.0,-1.1
-4.0,-4.0,-1.1
-4.0,-4.0,-1.1
-4.0,-4.0,-1.1
-4.0,-4.0,-1.1
-4.0,-4.0,-1.1
-4.0,-4.0,-1.1
-4.0,-4.0,-1.1
-4.0,-4.0,-1.1
-4.0,-4.0,-1.1
-4.0,-4.0,-1.1
-4.0,-4.0,-1.1
-4.0,-4.0,-1.1
-4.0,-4.0,-1.1
-4.0,-4.0,-1.1
-4.0,-4.0,-1.1
-4.0,-4.0,-1.1
-4.0,-4.0,-1.1
-4.0,-4.0,-1.1
-4.0,-4.0,-1.1
-4.0,-4.0,-1.1
-4.0,-4.0,-1.1
-4.0,-4.0,-1.1
-4.0,-4.0,-1.1
-4.0,-4.0,-1.1
-4.0,-4.0,-1.1
-4.0,-4.0,-1.1
-4.0,-4.0,-1.1
-4.0,-4.0,-1.1
-4.0,-4.0,-1.1
-4.0,-4.0,-1.1
-4.0,-4.0,-1.1
-4.0,-4.0,-1.1
-4.0,-4.0,-1.1
-4.0,-4.0,-1.1
-4.0,-4.0,-1.1
-4.0,-4.0,-1.1
-4.0,-4.0,-1.1
-4.0,-4.0,-1.1
-4.0,-4.0,-1.1
-4.0,-4.0,-1.1
-4.0,-4.0,-1.1
-4.0,-4.0,-1.1
-4.0,-4.0,-1.1
-4.0,-4.0,-1.1
-4.0,-4.0,-1.1
-4.0,-4.0,-1.1
-4.0,-4.0,-1.1
-4.0,-4.0,-1.1
-4.0,-4.0,-1.1
-4.0,-4.0,-1.1
-4.0,-4.0,-1.1
-4.0,-4.0,-1.1
-4.0,-4.0,-1.1
-4.0,-4.0,-1.1
-4.0,-4.0,-1.1
-4.0,-4.0,-1.1
-4.0,-4.0,-1.1
-4.0,-4.0,-1.1
-4.0,-4.0,-1.1
-4.0,-4.0,-1.1
-4.0,-4.0,-1.1
-4.0,-4.0,-1.1
-4.0,-4.0,-1.1
-4.0,-4.0,-1.1
-4.0,-4.0,-1.1
-4.0,-4.0,-1.1
-4.0,-4.0,-1.1
-4.0,-4.0,-1.1
-4.0,-4.0,-1.1
-4.0,-4.0,-1.1
-4.0,-4.0,-1.1
-4.0,-4.0,-1.1
-4.0,-4.0,-1.1
-4.0,-4.0,-1.1
-4.0,-4.0,-1.1
-4.0,-4.0,-1.1
-4.0,-4.0,-1.1
-4.0,-4.0,-1.1
-4.0,-4.0,-1.1
-4.0,-4.0,-1.1
-4.0,-4.0,-1.1
-4.0,-4.0,-1.1
-4.0,-4.0,-1.1
-4.0,-4.0,-1.1
-4.0,-4.0,-1.1
-4.0,-4.0,-1.1
-4.0,-4.0,-1.1
-4.0,-4.0,-1.1
-4.0,-4.0,-1.1
-4.0,-4.0,-1.1
-4.0,-4.0,-1.1
-4.0,-4.0,-1.1
-4.0,-4.0,-1.1
-4.0,-4.0,-1.1
-4.0,-4.0,-1.1
-4.0,-4.0,-1.1
-4.0,-4.0,-1.1
-4.0,-4.0,-1.1
-4.0,-4.0,-1.1
-4.0,-4.0,-1.1
-4.0,-4.0,-1.1
-4.0,-4.0,-1.1
-4.0,-4.0,-1.1
-4.0,-4.0,-1.1
-4.0,-4.0,-1.1
-4.0,-4.0,-1.1
-4.0,-4.0,-1.1
-4.0,-4.0,-1.1
-4.0,-4.0,-1.1
-4.0,-4.0,-1.1
-4.0,-4.0,-1.1
-4.0,-4.0,-1.1
-4.0,-4.0,-1.1
-4.0,-4.0,-1.1
-4.0,-4.0,-1.1
-4.0,-4.0,-1.1
-4.0,-4.0,-1.1
-4.0,-4.0,-1.1
-4.0,-4.0,-1.1
-4.0,-4.0,-1.1
-4.0,-4.0,-1.1
-4.0,-4.0,-1.1
-4.0,-4.0,-1.1
-4.0,-4.0,-1.1
-4.0,-4.0,-1.1
-4.0,-4.0,-1.1
-4.0,-4.0,-1.1
-4.0,-4.0,-1.1
-4.0,-4.0,-1.1
-4.0,-4.0,-1.1
-4.0,-4.0,-1.1
-4.0,-4.0,-1.1
-4.0,-4.0,-1.1
-4.0,-4.0,-1.1
-4.0,-4.0,-1.1
-4.0,-4.0,-1.1
-4.0,-4.0,-1.1
-4.0,-4.0,-1.1
-4.0,-4.0,-1.1
-4.0,-4.0,-1.1
-4.0,-4.0,-1.1
-4.0,-4.0,-1.1
-4.0,-4.0,-1.1
-4.0,-4.0,-1.1
-4.0,-4.0,-1.1
-4.0,-4.0,-1.1
-4.0,-4.0,-1.1
-4.0,-4.0,-1.1
-4.0,-4.0,-1.1
-4.0,-4.0,-1.1
-4.0,-4.0,-1.1
-4.0,-4.0,-1.1
-4.0,-4.0,-1.1
-4.0,-4.0,-1.1
-4.0,-4.0,-1.1
-4.0,-4.0,-1.1
-4.0,-4.0,-1.1
-4.0,-4.0,-1.1
-4.0,-4.0,-1.1
-4.0,-4.0,-1.1
-4.0,-4.0,-1.1
-4.0,-4.0,-1.1
-4.0,-4.0,-1.1
-4.0,-4.0,-1.1
-4.0,-4.0,-1.1
-4.0,-4.0,-1.1
-4.0,-4.0,-1.1
-4.0,-4.0,-1.1
-4.0,-4.0,-1.1
-4.0,-4.0,-1.1
-4.0,-4.0,-1.1
-4.0,-4.0,-1.1
-4.0,-4.0,-1.1
-4.0,-4.0,-1.1
-4.0,-4.0,-1.1
-4.0,-4.0,-1.1
-4.0,-4.0,-1.1
-4.0,-4.0,-1.1
-4.0,-4.0,-1.1
-4.0,-4.0,-1.1
-4.0,-4.0,-1.1
-4.0,-4.0,-1.1
-4.0,-4.0,-1.1
-4.0,-4.0,-1.1
-4.0,-4.0,-1.1
-4.0,-4.0,-1.1
-4.0,-4.0,-1.1
-4.0,-4.0,-1.1
-4.0,-4.0,-1.1
-4.0,-4.0,-1.1
-4.0,-4.0,-1.1
-4.0,-4.0,-1.1
-4.0,-4.0,-1.1
-4.0,-4.0,-1.1
-4.0,-4.0,-1.1
-4.0,-4.0,-1.1
-4.0,-4.0,-1.1
-4.0,-4.0,-1.1
-4.0,-4.0,-1.1
-4.0,-4.0,-1.1
-4.0,-4.0,-1.1
-4.0,-4.0,-1.1
-4.0,-4.0,-1.1
-4.0,-4.0,-1.1
-4.0,-4.0,-1.1
-4.0,-4.0,-1.1
-4.0,-4.0,-1.1
-4.0,-4.0,-1.1
-4.0,-4.0,-1.1
-4.0,-4.0,-1.1
-4.0,-4.0,-1.1
-4.0,-4.0,-1.1
-4.0,-4.0,-1.1
-4.0,-4.0,-1.1
-4.0,-4.0,-1.1
-4.0,-4.0,-1.1
-4.0,-4.0,-1.1
-4.0,-4.0,-1.1
-4.0,-4.0,-1.1
-4.0,-4.0,-1.1
-4.0,-4.0,-1.1
-4.0,-4.0,-1.1
-4.0,-4.0,-1.1
-4.0,-4.0,-1.1
-4.0,-4.0,-1.1
-4.0,-4.0,-1.1
-4.0,-4.0,-1.1
-4.0,-4.0,-1.1
-4.0,-4.0,-1.1
-4.0,-4.0,-1.1
-4.0,-4.0,-1.1
-4.0,-4.0,-1.1
-4.0,-4.0,-1.1
-4.0,-4.0,-1.1
-4.0,-4.0,-1.1
-4.0,-4.0,-1.1
-4.0,-4.0,-1.1
-4.0,-4.0,-1.1
-4.0,-4.0,-1.1
-4.0,-4.0,-1.1
-4.0,-4.0,-1.1
-4.0,-4.0,-1.1
-4.0,-4.0,-1.1
-4.0,-4.0,-1.1
-4.0,-4.0,-1.1
-4.0,-4.0,-1.1
-4.0,-4.0,-1.1
-4.0,-4.0,-1.1
-4.0,-4.0,-1.1
-4.0,-4.0,-1.1
-4.0,-4.0,-1.1
-4.0,-4.0,-1.1
-4.0,-4.0,-1.1
-4.0,-4.0,-1.1
-4.0,-4.0,-1.1
-4.0,-4.0,-1.1
-4.0,-4.0,-1.1
-4.0,-4.0,-1.1
-4.0,-4.0,-1.1
-4.0,-4.0,-1.1
-4.0,-4.0,-1.1
-4.0,-4.0,-1.1
-4.0,-4.0,-1.1
-4.0,-4.0,-1.1
-4.0,-4.0,-1.1
-4.0,-4.0,-1.1
-4.0,-4.0,-1.1
-4.0,-4.0,-1.1
-4.0,-4.0,-1.1
-4.0,-4.0,-1.1
-4.0,-4.0,-1.1
-4.0,-4.0,-1.1
-4.0,-4.0,-1.1
-4.0,-4.0,-1.1
-4.0,-4.0,-1.1
-4.0,-4.0,-1.1
-4.0,-4.0,-1.1
-4.0,-4.0,-1.1
-4.0,-4.0,-1.1
-4.0,-4.0,-1.1
-4.0,-4.0,-1.1
-4.0,-4.0,-1.1
-4.0,-4.0,-1.1
-4.0,-4.0,-1.1
-4.0,-4.0,-1.1
-4.0,-4.0,-1.1
-4.0,-4.0,-1.1
-4.0,-4.0,-1.1
-4.0,-4.0,-1.1
-4.0,-4.0,-1.1
-4.0,-4.0,-1.1
-4.0,-4.0,-1.1
-4.0,-4.0,-1.1
-4.0,-4.0,-1.1
-4.0,-4.0,-1.1
-4.0,-4.0,-1.1
-4.0,-4.0,-1.1
-4.0,-4.0,-1.1
-4.0,-4.0,-1.1
-4.0,-4.0,-1.1
-4.0,-4.0,-1.1
-4.0,-4.0,-1.1
-4.0,-4.0,-1.1
-4.0,-4.0,-1.1
-4.0,-4.0,-1.1
-4.0,-4.0,-1.1
-4.0,-4.0,-1.1
-4.0,-4.0,-1.1
-4.0,-4.0,-1.1
-4.0,-4.0,-1.1
-4.0,-4.0,-1.1
-4.0,-4.0,-1.1
-4.0,-4.0,-1.1
-4.0,-4.0,-1.1
-4.0,-4.0,-1.1
-4.0,-4.0,-1.1
-4.0,-4.0,-1.1
-4.0,-4.0,-1.1
-4.0,-4.0,-1.1
-4.0,-4.0,-1.1
-4.0,-4.0,-1.1
-4.0,-4.0,-1.1
-4.0,-4.0,-1.1
-4.0,-4.0,-1.1
-4.0,-4.0,-1.1
-4.0,-4.0,-1.1
-4.0,-4.0,-1.1
-4.0,-4.0,-1.1
-4.0,-4.0,-1.1
-4.0,-4.0,-1.1
-4.0,-4.0,-1.1
-4.0,-4.0,-1.1
-4.0,-4.0,-1.1
-4.0,-4.0,-1.1
-4.0,-4.0,-1.1
-4.0,-4.0,-1.1
-4.0,-4.0,-1.1
-4.0,-4.0,-1.1
-4.0,-4.0,-1.1
-4.0,-4.0,-1.1
-4.0,-4.0,-1.1
-4.0,-4.0,-1.1
-4.0,-4.0,-1.1
-4.0,-4.0,-1.1
-4.0,-4.0,-1.1
-4.0,-4.0,-1.1
-4.0,-4.0,-1.1
-4.0,-4.0,-1.1
-4.0,-4.0,-1.1
-4.0,-4.0,-1.1
-4.0,-4.0,-1.1
-4.0,-4.0,-1.1
-4.0,-4.0,-1.1
-4.0,-4.0,-1.1
-4.0,-4.0,-1.1
-4.0,-4.0,-1.1
-4.0,-4.0,-1.1
-4.0,-4.0,-1.1
-4.0,-4.0,-1.1
-4.0,-4.0,-1.1
-4.0,-4.0,-1.1
-4.0,-4.0,-1.1
-4.0,-4.0,-1.1
-4.0,-4.0,-1.1
-4.0,-4.0,-1.1
-4.0,-4.0,-1.1
-4.0,-4.0,-1.1
-4.0,-4.0,-1.1
-4.0,-4.0,-1.1
-4.0,-4.0,-1.1
-4.0,-4.0,-1.1
-4.0,-4.0,-1.1
-4.0,-4.0,-1.1
-4.0,-4.0,-1.1
-4.0,-4.0,-1.1
-4.0,-4.0,-1.1
-4.0,-4.0,-1.1
-4.0,-4.0,-1.1
-4.0,-4.0,-1.1
-4.0,-4.0,-1.1
-4.0,-4.0,-1.1
-4.0,-4.0,-1.1
-4.0,-4.0,-1.1
-4.0,-4.0,-1.1
-4.0,-4.0,-1.1
-4.0,-4.0,-1.1
-4.0,-4.0,-1.1
-4.0,-4.0,-1.1
-4.0,-4.0,-1.1
-4.0,-4.0,-1.1
-4.0,-4.0,-1.1
-4.0,-4.0,-1.1
-4.0,-4.0,-1.1
-4.0,-4.0,-1.1
-4.0,-4.0,-1.1
-4.0,-4.0,-1.1
-4.0,-4.0,-1.1
-4.0,-4.0,-1.1
-4.0,-4.0,-1.1
-4.0,-4.0,-1.1
-4.0,-4.0,-1.1
-4.0,-4.0,-1.1
-4.0,-4.0,-1.1
-4.0,-4.0,-1.1
-4.0,-4.0,-1.1
-4.0,-4.0,-1.1
-4.0,-4.0,-1.1
-4.0,-4.0,-1.1
-4.0,-4.0,-1.1
-4.0,-4.0,-1.1
-4.0,-4.0,-1.1
-4.0,-4.0,-1.1
-4.0,-4.0,-1.1
-4.0,-4.0,-1.1
-4.0,-4.0,-1.1
-4.0,-4.0,-1.1
-4.0,-4.0,-1.1
-4.0,-4.0,-1.1
-4.0,-4.0,-1.1
-4.0,-4.0,-1.1
-4.0,-4.0,-1.1
-4.0,-4.0,-1.1
-4.0,-4.0,-1.1
-4.0,-4.0,-1.1
-4.0,-4.0,-1.1
-4.0,-4.0,-1.1
-4.0,-4.0,-1.1
-4.0,-4.0,-1.1
-4.0,-4.0,-1.1
-4.0,-4.0,-1.1
-4.0,-4.0,-1.1
-4.0,-4.0,-1.1
-4.0,-4.0,-1.1
-4.0,-4.0,-1.1
-4.0,-4.0,-1.1
-4.0,-4.0,-1.1
-4.0,-4.0,-1.1
-4.0,-4.0,-1.1
-4.0,-4.0,-1.1
-4.0,-4.0,-1.1
-4.0,-4.0,-1.1
-4.0,-4.0,-1.1
-4.0,-4.0,-1.1
-4.0,-4.0,-1.1
-4.0,-4.0,-1.1
-4.0,-4.0,-1.1
-4.0,-4.0,-1.1
-4.0,-4.0,-1.1
-4.0,-4.0,-1.1
-4.0,-4.0,-1.1
-4.0,-4.0,-1.1
-4.0,-4.0,-1.1
-4.0,-4.0,-1.1
-4.0,-4.0,-1.1
-4.0,-4.0,-1.1
-4.0,-4.0,-1.1
-4.0,-4.0,-1.1
-4.0,-4.0,-1.1
-4.0,-4.0,-1.1
-4.0,-4.0,-1.1
-4.0,-4.0,-1.1
-4.0,-4.0,-1.1
-4.0,-4.0,-1.1
-4.0,-4.0,-1.1
-4.0,-4.0,-1.1
-4.0,-4.0,-1.1
-4.0,-4.0,-1.1
-4.0,-4.0,-1.1
-4.0,-4.0,-1.1
-4.0,-4.0,-1.1
-4.0,-4.0,-1.1
-4.0,-4.0,-1.1
-4.0,-4.0,-1.1
-4.0,-4.0,-1.1
-4.0,-4.0,-1.1
-4.0,-4.0,-1.1
-4.0,-4.0,-1.1
-4.0,-4.0,-1.1
-4.0,-4.0,-1.1
-4.0,-4.0,-1.1
-4.0,-4.0,-1.1
-4.0,-4.0,-1.1
-4.0,-4.0,-1.1
-4.0,-4.0,-1.1
-4.0,-4.0,-1.1
-4.0,-4.0,-1.1
-4.0,-4.0,-1.1
-4.0,-4.0,-1.1
-4.0,-4.0,-1.1
-4.0,-4.0,-1.1
-4.0,-4.0,-1.1
-4.0,-4.0,-1.1
-4.0,-4.0,-1.1
-4.0,-4.0,-1.1
-4.0,-4.0,-1.1
-4.0,-4.0,-1.1
-4.0,-4.0,-1.1
-4.0,-4.0,-1.1
-4.0,-4.0,-1.1
-4.0,-4.0,-1.1
-4.0,-4.0,-1.1
-4.0,-4.0,-1.1
-4.0,-4.0,-1.1
-4.0,-4.0,-1.1
-4.0,-4.0,-1.1
-4.0,-4.0,-1.1
-4.0,-4.0,-1.1
-4.0,-4.0,-1.1
-4.0,-4.0,-1.1
-4.0,-4.0,-1.1
-4.0,-4.0,-1.1
-4.0,-4.0,-1.1
-4.0,-4.0,-1.1
-4.0,-4.0,-1.1
-4.0,-4.0,-1.1
-4.0,-4.0,-1.1
-4.0,-4.0,-1.1
-4.0,-4.0,-1.1
-4.0,-4.0,-1.1
-4.0,-4.0,-1.1
-4.0,-4.0,-1.1
-4.0,-4.0,-1.1
-4.0,-4.0,-1.1
-4.0,-4.0,-1.1
-4.0,-4.0,-1.1
-4.0,-4.0,-1.1
-4.0,-4.0,-1.1
-4.0,-4.0,-1.1
-4.0,-4.0,-1.1
-4.0,-4.0,-1.1
-4.0,-4.0,-1.1
-4.0,-4.0,-1.1
-4.0,-4.0,-1.1
-4.0,-4.0,-1.1
-4.0,-4.0,-1.1
-4.0,-4.0,-1.1
-4.0,-4.0,-1.1
-4.0,-4.0,-1.1
-4.0,-4.0,-1.1
-4.0,-4.0,-1.1
-4.0,-4.0,-1.1
-4.0,-4.0,-1.1
-4.0,-4.0,-1.1
-4.0,-4.0,-1.1
-4.0,-4.0,-1.1
-4.0,-4.0,-1.1
-4.0,-4.0,-1.1
-4.0,-4.0,-1.1
-4.0,-4.0,-1.1
-4.0,-4.0,-1.1
-4.0,-4.0,-1.1
-4.0,-4.0,-1.1
-4.0,-4.0,-1.1
-4.0,-4.0,-1.1
-4.0,-4.0,-1.1
-4.0,-4.0,-1.1
-4.0,-4.0,-1.1
-4.0,-4.0,-1.1
-4.0,-4.0,-1.1
-4.0,-4.0,-1.1
-4.0,-4.0,-1.1
-4.0,-4.0,-1.1
-4.0,-4.0,-1.1
-4.0,-4.0,-1.1
-4.0,-4.0,-1.1
-4.0,-4.0,-1.1
-4.0,-4.0,-1.1
-4.0,-4.0,-1.1
-4.0,-4.0,-1.1
-4.0,-4.0,-1.1
-4.0,-4.0,-1.1
-4.0,-4.0,-1.1
-4.0,-4.0,-1.1
-4.0,-4.0,-1.1
-4.0,-4.0,-1.1
-4.0,-4.0,-1.1
-4.0,-4.0,-1.1
-4.0,-4.0,-1.1
-4.0,-4.0,-1.1
-4.0,-4.0,-1.1
-4.0,-4.0,-1.1
-4.0,-4.0,-1.1
-4.0,-4.0,-1.1
-4.0,-4.0,-1.1
-4.0,-4.0,-1.1
-4.0,-4.0,-1.1
-4.0,-4.0,-1.1
-4.0,-4.0,-1.1
-4.0,-4.0,-1.1
-4.0,-4.0,-1.1
-4.0,-4.0,-1.1
-4.0,-4.0,-1.1
-4.0,-4.0,-1.1
-4.0,-4.0,-1.1
-4.0,-4.0,-1.1
-4.0,-4.0,-1.1
-4.0,-4.0,-1.1
-4.0,-4.0,-1.1
-4.0,-4.0,-1.1
-4.0,-4.0,-1.1
-4.0,-4.0,-1.1
-4.0,-4.0,-1.1
-4.0,-4.0,-1.1
-4.0,-4.0,-1.1
-4.0,-4.0,-1.1
-4.0,-4.0,-1.1
-4.0,-4.0,-1.1
-4.0,-4.0,-1.1
-4.0,-4.0,-1.1
-4.0,-4.0,-1.1
-4.0,-4.0,-1.1
-4.0,-4.0,-1.1
-4.0,-4.0,-1.1
-4.0,-4.0,-1.1
-4.0,-4.0,-1.1
-4.0,-4.0,-1.1
-4.0,-4.0,-1.1
-4.0,-4.0,-1.1
-4.0,-4.0,-1.1
-4.0,-4.0,-1.1
-4.0,-4.0,-1.1
-4.0,-4.0,-1.1
-4.0,-4.0,-1.1
-4.0,-4.0,-1.1
-4.0,-4.0,-1.1
-4.0,-4.0,-1.1
-4.0,-4.0,-1.1
-4.0,-4.0,-1.1
-4.0,-4.0,-1.1
-4.0,-4.0,-1.1
-4.0,-4.0,-1.1
-4.0,-4.0,-1.1
-4.0,-4.0,-1.1
-4.0,-4.0,-1.1
-4.0,-4.0,-1.1
-4.0,-4.0,-1.1
-4.0,-4.0,-1.1
-4.0,-4.0,-1.1
-4.0,-4.0,-1.1
-4.0,-4.0,-1.1
-4.0,-4.0,-1.1
-4.0,-4.0,-1.1
-4.0,-4.0,-1.1
-4.0,-4.0,-1.1
-4.0,-4.0,-1.1
-4.0,-4.0,-1.1
-4.0,-4.0,-1.1
-4.0,-4.0,-1.1
-4.0,-4.0,-1.1
-4.0,-4.0,-1.1
-4.0,-4.0,-1.1
-4.0,-4.0,-1.1
-4.0,-4.0,-1.1
-4.0,-4.0,-1.1
-4.0,-4.0,-1.1
-4.0,-4.0,-1.1
-4.0,-4.0,-1.1
-4.0,-4.0,-1.1
-4.0,-4.0,-1.1
-4.0,-4.0,-1.1
-4.0,-4.0,-1.1
-4.0,-4.0,-1.1
-4.0,-4.0,-1.1
-4.0,-4.0,-1.1
-4.0,-4.0,-1.1
-4.0,-4.0,-1.1
-4.0,-4.0,-1.1
-4.0,-4.0,-1.1
-4.0,-4.0,-1.1
-4.0,-4.0,-1.1
-4.0,-4.0,-1.1
-4.0,-4.0,-1.1
-4.0,-4.0,-1.1
-4.0,-4.0,-1.1
-4.0,-4.0,-1.1
-4.0,-4.0,-1.1
-4.0,-4.0,-1.1
-4.0,-4.0,-1.1
-4.0,-4.0,-1.1
-4.0,-4.0,-1.1
-4.0,-4.0,-1.1
-4.0,-4.0,-1.1
-4.0,-4.0,-1.1
-4.0,-4.0,-1.1
-4.0,-4.0,-1.1
-4.0,-4.0,-1.1
-4.0,-4.0,-1.1
-4.0,-4.0,-1.1
-4.0,-4.0,-1.1
-4.0,-4.0,-1.1
-4.0,-4.0,-1.1
-4.0,-4.0,-1.1
-4.0,-4.0,-1.1
-4.0,-4.0,-1.1
-4.0,-4.0,-1.1
-4.0,-4.0,-1.1
-4.0,-4.0,-1.1
-4.0,-4.0,-1.1
-4.0,-4.0,-1.1
-4.0,-4.0,-1.1
-4.0,-4.0,-1.1
-4.0,-4.0,-1.1
-4.0,-4.0,-1.1
-4.0,-4.0,-1.1
-4.0,-4.0,-1.1
-4.0,-4.0,-1.1
-4.0,-4.0,-1.1
-4.0,-4.0,-1.1
-4.0,-4.0,-1.1
-4.0,-4.0,-1.1
-4.0,-4.0,-1.1
-4.0,-4.0,-1.1
-4.0,-4.0,-1.1
-4.0,-4.0,-1.1
-4.0,-4.0,-1.1
-4.0,-4.0,-1.1
-4.0,-4.0,-1.1
-4.0,-4.0,-1.1
-4.0,-4.0,-1.1
-4.0,-4.0,-1.1
-4.0,-4.0,-1.1
-4.0,-4.0,-1.1
-4.0,-4.0,-1.1
-4.0,-4.0,-1.1
-4.0,-4.0,-1.1
-4.0,-4.0,-1.1
-4.0,-4.0,-1.1
-4.0,-4.0,-1.1
-4.0,-4.0,-1.1
-4.0,-4.0,-1.1
-4.0,-4.0,-1.1
-4.0,-4.0,-1.1
-4.0,-4.0,-1.1
-4.0,-4.0,-1.1
-4.0,-4.0,-1.1
-4.0,-4.0,-1.1
-4.0,-4.0,-1.1
-4.0,-4.0,-1.1
-4.0,-4.0,-1.1
-4.0,-4.0,-1.1
-4.0,-4.0,-1.1
-4.0,-4.0,-1.1
-4.0,-4.0,-1.1
-4.0,-4.0,-1.1
-4.0,-4.0,-1.1
-4.0,-4.0,-1.1
-4.0,-4.0,-1.1
-4.0,-4.0,-1.1
-4.0,-4.0,-1.1
-4.0,-4.0,-1.1
-4.0,-4.0,-1.1
-4.0,-4.0,-1.1
-4.0,-4.0,-1.1
-4.0,-4.0,-1.1
-4.0,-4.0,-1.1
-4.0,-4.0,-1.1
-4.0,-4.0,-1.1
-4.0,-4.0,-1.1
-4.0,-4.0,-1.1
-4.0,-4.0,-1.1
-4.0,-4.0,-1.1
-4.0,-4.0,-1.1
-4.0,-4.0,-1.1
-4.0,-4.0,-1.1
-4.0,-4.0,-1.1
-4.0,-4.0,-1.1
-4.0,-4.0,-1.1
-4.0,-4.0,-1.1
-4.0,-4.0,-1.1
-4.0,-4.0,-1.1
-4.0,-4.0,-1.1
-4.0,-4.0,-1.1
-4.0,-4.0,-1.1
-4.0,-4.0,-1.1
-4.0,-4.0,-1.1
-4.0,-4.0,-1.1
-4.0,-4.0,-1.1
-4.0,-4.0,-1.1
-4.0,-4.0,-1.1
-4.0,-4.0,-1.1
-4.0,-4.0,-1.1
-4.0,-4.0,-1.1
-4.0,-4.0,-1.1
-4.0,-4.0,-1.1
-4.0,-4.0,-1.1
-4.0,-4.0,-1.1
-4.0,-4.0,-1.1
-4.0,-4.0,-1.1
-4.0,-4.0,-1.1
-4.0,-4.0,-1.1
-4.0,-4.0,-1.1
-4.0,-4.0,-1.1
-4.0,-4.0,-1.1
-4.0,-4.0,-1.1
-4.0,-4.0,-1.1
-4.0,-4.0,-1.1
-4.0,-4.0,-1.1
-4.0,-4.0,-1.1
-4.0,-4.0,-1.1
-4.0,-4.0,-1.1
-4.0,-4.0,-1.1
-4.0,-4.0,-1.1
-4.0,-4.0,-1.1
-4.0,-4.0,-1.1
-4.0,-4.0,-1.1
-4.0,-4.0,-1.1
-4.0,-4.0,-1.1
-4.0,-4.0,-1.1
-4.0,-4.0,-1.1
-4.0,-4.0,-1.1
-4.0,-4.0,-1.1
-4.0,-4.0,-1.1
-4.0,-4.0,-1.1
-4.0,-4.0,-1.1
-4.0,-4.0,-1.1
-4.0,-4.0,-1.1
-4.0,-4.0,-1.1
-4.0,-4.0,-1.1
-4.0,-4.0,-1.1
-4.0,-4.0,-1.1
-4.0,-4.0,-1.1
-4.0,-4.0,-1.1
-4.0,-4.0,-1.1
-4.0,-4.0,-1.1
-4.0,-4.0,-1.1
-4.0,-4.0,-1.1
-4.0,-4.0,-1.1
-4.0,-4.0,-1.1
-4.0,-4.0,-1.1
-4.0,-4.0,-1.1
-4.0,-4.0,-1.1
-4.0,-4.0,-1.1
-4.0,-4.0,-1.1
-4.0,-4.0,-1.1
-4.0,-4.0,-1.1
-4.0,-4.0,-1.1
-4.0,-4.0,-1.1
-4.0,-4.0,-1.1
-4.0,-4.0,-1.1
-4.0,-4.0,-1.1
-4.0,-4.0,-1.1
-4.0,-4.0,-1.1
-4.0,-4.0,-1.1
-4.0,-4.0,-1.1
-4.0,-4.0,-1.1
-4.0,-4.0,-1.1
-4.0,-4.0,-1.1
-4.0,-4.0,-1.1
-4.0,-4.0,-1.1
-4.0,-4.0,-1.1
-4.0,-4.0,-1.1
-4.0,-4.0,-1.1
-4.0,-4.0,-1.1
-4.0,-4.0,-1.1
-4.0,-4.0,-1.1
-4.0,-4.0,-1.1
-4.0,-4.0,-1.1
-4.0,-4.0,-1.1
-4.0,-4.0,-1.1
-4.0,-4.0,-1.1
-4.0,-4.0,-1.1
-4.0,-4.0,-1.1
-4.0,-4.0,-1.1
-4.0,-4.0,-1.1
-4.0,-4.0,-1.1
-4.0,-4.0,-1.1
-4.0,-4.0,-1.1
-4.0,-4.0,-1.1
-4.0,-4.0,-1.1
-4.0,-4.0,-1.1
-4.0,-4.0,-1.1
-4.0,-4.0,-1.1
-4.0,-4.0,-1.1
-4.0,-4.0,-1.1
-4.0,-4.0,-1.1
-4.0,-4.0,-1.1
-4.0,-4.0,-1.1
-4.0,-4.0,-1.1
-4.0,-4.0,-1.1
-4.0,-4.0,-1.1
-4.0,-4.0,-1.1
-4.0,-4.0,-1.1
-4.0,-4.0,-1.1
-4.0,-4.0,-1.1
-4.0,-4.0,-1.1
-4.0,-4.0,-1.1
-4.0,-4.0,-1.1
-4.0,-4.0,-1.1
-4.0,-4.0,-1.1
-4.0,-4.0,-1.1
-4.0,-4.0,-1.1
-4.0,-4.0,-1.1
-4.0,-4.0,-1.1
-4.0,-4.0,-1.1
-4.0,-4.0,-1.1
-4.0,-4.0,-1.1
-4.0,-4.0,-1.1
-4.0,-4.0,-1.1
-4.0,-4.0,-1.1
-4.0,-4.0,-1.1
-4.0,-4.0,-1.1
-4.0,-4.0,-1.1
-4.0,-4.0,-1.1
-4.0,-4.0,-1.1
-4.0,-4.0,-1.1
-4.0,-4.0,-1.1
-4.0,-4.0,-1.1
-4.0,-4.0,-1.1
-4.0,-4.0,-1.1
-4.0,-4.0,-1.1
-4.0,-4.0,-1.1
-4.0,-4.0,-1.1
-4.0,-4.0,-1.1
-4.0,-4.0,-1.1
-4.0,-4.0,-1.1
-4.0,-4.0,-1.1
-4.0,-4.0,-1.1
-4.0,-4.0,-1.1
-4.0,-4.0,-1.1
-4.0,-4.0,-1.1
-4.0,-4.0,-1.1
-4.0,-4.0,-1.1
-4.0,-4.0,-1.1
-4.0,-4.0,-1.1
-4.0,-4.0,-1.1
-4.0,-4.0,-1.1
-4.0,-4.0,-1.1
-4.0,-4.0,-1.1
-4.0,-4.0,-1.1
-4.0,-4.0,-1.1
-4.0,-4.0,-1.1
-4.0,-4.0,-1.1
-4.0,-4.0,-1.1
-4.0,-4.0,-1.1
-4.0,-4.0,-1.1
-4.0,-4.0,-1.1
-4.0,-4.0,-1.1
-4.0,-4.0,-1.1
-4.0,-4.0,-1.1
-4.0,-4.0,-1.1
-4.0,-4.0,-1.1
-4.0,-4.0,-1.1
-4.0,-4.0,-1.1
-4.0,-4.0,-1.1
-4.0,-4.0,-1.1
-4.0,-4.0,-1.1
-4.0,-4.0,-1.1
-4.0,-4.0,-1.1
-4.0,-4.0,-1.1
-4.0,-4.0,-1.1
-4.0,-4.0,-1.1
-4.0,-4.0,-1.1
-4.0,-4.0,-1.1
-4.0,-4.0,-1.1
-4.0,-4.0,-1.1
-4.0,-4.0,-1.1
-4.0,-4.0,-1.1
-4.0,-4.0,-1.1
-4.0,-4.0,-1.1
-4.0,-4.0,-1.1
-4.0,-4.0,-1.1
-4.0,-4.0,-1.1
-4.0,-4.0,-1.1
-4.0,-4.0,-1.1
-4.0,-4.0,-1.1
-4.0,-4.0,-1.1
-4.0,-4.0,-1.1
-4.0,-4.0,-1.1
-4.0,-4.0,-1.1
-4.0,-4.0,-1.1
-4.0,-4.0,-1.1
-4.0,-4.0,-1.1
-4.0,-4.0,-1.1
-4.0,-4.0,-1.1
-4.0,-4.0,-1.1
-4.0,-4.0,-1.1
-4.0,-4.0,-1.1
-4.0,-4.0,-1.1
-4.0,-4.0,-1.1
-4.0,-4.0,-1.1
-4.0,-4.0,-1.1
-4.0,-4.0,-1.1
-4.0,-4.0,-1.1
-4.0,-4.0,-1.1
-4.0,-4.0,-1.1
-4.0,-4.0,-1.1
-4.0,-4.0,-1.1
-4.0,-4.0,-1.1
-4.0,-4.0,-1.1
-4.0,-4.0,-1.1
-4.0,-4.0,-1.1
-4.0,-4.0,-1.1
-4.0,-4.0,-1.1
-4.0,-4.0,-1.1
-4.0,-4.0,-1.1
-4.0,-4.0,-1.1
-4.0,-4.0,-1.1
-4.0,-4.0,-1.1
-4.0,-4.0,-1.1
-4.0,-4.0,-1.1
-4.0,-4.0,-1.1
-4.0,-4.0,-1.1
-4.0,-4.0,-1.1
-4.0,-4.0,-1.1
-4.0,-4.0,-1.1
-4.0,-4.0,-1.1
-4.0,-4.0,-1.1
-4.0,-4.0,-1.1
-4.0,-4.0,-1.1
-4.0,-4.0,-1.1
-4.0,-4.0,-1.1
-4.0,-4.0,-1.1
-4.0,-4.0,-1.1
-4.0,-4.0,-1.1
-4.0,-4.0,-1.1
-4.0,-4.0,-1.1
-4.0,-4.0,-1.1
-4.0,-4.0,-1.1
-4.0,-4.0,-1.1
-4.0,-4.0,-1.1
-4.0,-4.0,-1.1
-4.0,-4.0,-1.1
-4.0,-4.0,-1.1
-4.0,-4.0,-1.1
-4.0,-4.0,-1.1
-4.0,-4.0,-1.1
-4.0,-4.0,-1.1
-4.0,-4.0,-1.1
-4.0,-4.0,-1.1
-4.0,-4.0,-1.1
-4.0,-4.0,-1.1
-4.0,-4.0,-1.1
-4.0,-4.0,-1.1
-4.0,-4.0,-1.1
-4.0,-4.0,-1.1
-4.0,-4.0,-1.1
-4.0,-4.0,-1.1
-4.0,-4.0,-1.1
-4.0,-4.0,-1.1
-4.0,-4.0,-1.1
-4.0,-4.0,-1.1
-4.0,-4.0,-1.1
-4.0,-4.0,-1.1
-4.0,-4.0,-1.1
-4.0,-4.0,-1.1
-4.0,-4.0,-1.1
-4.0,-4.0,-1.1
-4.0,-4.0,-1.1
-4.0,-4.0,-1.1
-4.0,-4.0,-1.1
-4.0,-4.0,-1.1
-4.0,-4.0,-1.1
-4.0,-4.0,-1.1
-4.0,-4.0,-1.1
-4.0,-4.0,-1.1
-4.0,-4.0,-1.1
-4.0,-4.0,-1.1
-4.0,-4.0,-1.1
-4.0,-4.0,-1.1
-4.0,-4.0,-1.1
-4.0,-4.0,-1.1
-4.0,-4.0,-1.1
-4.0,-4.0,-1.1
-4.0,-4.0,-1.1
-4.0,-4.0,-1.1
-4.0,-4.0,-1.1
-4.0,-4.0,-1.1
-4.0,-4.0,-1.1
-4.0,-4.0,-1.1
-4.0,-4.0,-1.1
-4.0,-4.0,-1.1
-4.0,-4.0,-1.1
-4.0,-4.0,-1.1
-4.0,-4.0,-1.1
-4.0,-4.0,-1.1
-4.0,-4.0,-1.1
-4.0,-4.0,-1.1
-4.0,-4.0,-1.1
-4.0,-4.0,-1.1
-4.0,-4.0,-1.1
-4.0,-4.0,-1.1
-4.0,-4.0,-1.1
-4.0,-4.0,-1.1
-4.0,-4.0,-1.1
-4.0,-4.0,-1.1
-4.0,-4.0,-1.1
-4.0,-4.0,-1.1
-4.0,-4.0,-1.1
-4.0,-4.0,-1.1
-4.0,-4.0,-1.1
-4.0,-4.0,-1.1
-4.0,-4.0,-1.1
-4.0,-4.0,-1.1
-4.0,-4.0,-1.1
-4.0,-4.0,-1.1
-4.0,-4.0,-1.1
-4.0,-4.0,-1.1
-4.0,-4.0,-1.1
-4.0,-4.0,-1.1
-4.0,-4.0,-1.1
-4.0,-4.0,-1.1
-4.0,-4.0,-1.1
-4.0,-4.0,-1.1
-4.0,-4.0,-1.1
-4.0,-4.0,-1.1
-4.0,-4.0,-1.1
-4.0,-4.0,-1.1
-4.0,-4.0,-1.1
-4.0,-4.0,-1.1
-4.0,-4.0,-1.1
-4.0,-4.0,-1.1
-4.0,-4.0,-1.1
-4.0,-4.0,-1.1
-4.0,-4.0,-1.1
-4.0,-4.0,-1.1
-4.0,-4.0,-1.1
-4.0,-4.0,-1.1
-4.0,-4.0,-1.1
-4.0,-4.0,-1.1
-4.0,-4.0,-1.1
-4.0,-4.0,-1.1
-4.0,-4.0,-1.1
-4.0,-4.0,-1.1
-4.0,-4.0,-1.1
-4.0,-4.0,-1.1
-4.0,-4.0,-1.1
-4.0,-4.0,-1.1
-4.0,-4.0,-1.1
-4.0,-4.0,-1.1
-4.0,-4.0,-1.1
-4.0,-4.0,-1.1
-4.0,-4.0,-1.1
-4.0,-4.0,-1.1
-4.0,-4.0,-1.1
-4.0,-4.0,-1.1
-4.0,-4.0,-1.1
-4.0,-4.0,-1.1
-4.0,-4.0,-1.1
-4.0,-4.0,-1.1
-4.0,-4.0,-1.1
-4.0,-4.0,-1.1
-4.0,-4.0,-1.1
-4.0,-4.0,-1.1
-4.0,-4.0,-1.1
-4.0,-4.0,-1.1
-4.0,-4.0,-1.1
-4.0,-4.0,-1.1
-4.0,-4.0,-1.1
-4.0,-4.0,-1.1
-4.0,-4.0,-1.1
-4.0,-4.0,-1.1
-4.0,-4.0,-1.1
-4.0,-4.0,-1.1
-4.0,-4.0,-1.1
-4.0,-4.0,-1.1
-4.0,-4.0,-1.1
-4.0,-4.0,-1.1
-4.0,-4.0,-1.1
-4.0,-4.0,-1.1
-4.0,-4.0,-1.1
-4.0,-4.0,-1.1
-4.0,-4.0,-1.1
-4.0,-4.0,-1.1
-4.0,-4.0,-1.1
-4.0,-4.0,-1.1
-4.0,-4.0,-1.1
-4.0,-4.0,-1.1
-4.0,-4.0,-1.1
-4.0,-4.0,-1.1
-4.0,-4.0,-1.1
-4.0,-4.0,-1.1
-4.0,-4.0,-1.1
-4.0,-4.0,-1.1
-4.0,-4.0,-1.1
-4.0,-4.0,-1.1
-4.0,-4.0,-1.1
-4.0,-4.0,-1.1
-4.0,-4.0,-1.1
-4.0,-4.0,-1.1
-4.0,-4.0,-1.1
-4.0,-4.0,-1.1
-4.0,-4.0,-1.1
-4.0,-4.0,-1.1
-4.0,-4.0,-1.1
-4.0,-4.0,-1.1
-4.0,-4.0,-1.1
-4.0,-4.0,-1.1
-4.0,-4.0,-1.1
-4.0,-4.0,-1.1
-4.0,-4.0,-1.1
-4.0,-4.0,-1.1
-4.0,-4.0,-1.1
-4.0,-4.0,-1.1
-4.0,-4.0,-1.1
-4.0,-4.0,-1.1
-4.0,-4.0,-1.1
-4.0,-4.0,-1.1
-4.0,-4.0,-1.1
-4.0,-4.0,-1.1
-4.0,-4.0,-1.1
-4.0,-4.0,-1.1
-4.0,-4.0,-1.1
-4.0,-4.0,-1.1
-4.0,-4.0,-1.1
-4.0,-4.0,-1.1
-4.0,-4.0,-1.1
-4.0,-4.0,-1.1
-4.0,-4.0,-1.1
-4.0,-4.0,-1.1
-4.0,-4.0,-1.1
-4.0,-4.0,-1.1
-4.0,-4.0,-1.1
-4.0,-4.0,-1.1
-4.0,-4.0,-1.1
-4.0,-4.0,-1.1
-4.0,-4.0,-1.1
-4.0,-4.0,-1.1
-4.0,-4.0,-1.1
-4.0,-4.0,-1.1
-4.0,-4.0,-1.1
-4.0,-4.0,-1.1
-4.0,-4.0,-1.1
-4.0,-4.0,-1.1
-4.0,-4.0,-1.1
-4.0,-4.0,-1.1
-4.0,-4.0,-1.1
-4.0,-4.0,-1.1
-4.0,-4.0,-1.1
-4.0,-4.0,-1.1
-4.0,-4.0,-1.1
-4.0,-4.0,-1.1
-4.0,-4.0,-1.1
-4.0,-4.0,-1.1
-4.0,-4.0,-1.1
-4.0,-4.0,-1.1
-4.0,-4.0,-1.1
-4.0,-4.0,-1.1
-4.0,-4.0,-1.1
-4.0,-4.0,-1.1
-4.0,-4.0,-1.1
-4.0,-4.0,-1.1
-4.0,-4.0,-1.1
-4.0,-4.0,-1.1
-4.0,-4.0,-1.1
-4.0,-4.0,-1.1
-4.0,-4.0,-1.1
-4.0,-4.0,-1.1
-4.0,-4.0,-1.1
-4.0,-4.0,-1.1
-4.0,-4.0,-1.1
-4.0,-4.0,-1.1
-4.0,-4.0,-1.1
-4.0,-4.0,-1.1
-4.0,-4.0,-1.1
-4.0,-4.0,-1.1
-4.0,-4.0,-1.1
-4.0,-4.0,-1.1
-4.0,-4.0,-1.1
-4.0,-4.0,-1.1
-4.0,-4.0,-1.1
-4.0,-4.0,-1.1
-4.0,-4.0,-1.1
-4.0,-4.0,-1.1
-4.0,-4.0,-1.1
-4.0,-4.0,-1.1
-4.0,-4.0,-1.1
-4.0,-4.0,-1.1
-4.0,-4.0,-1.1
-4.0,-4.0,-1.1
-4.0,-4.0,-1.1
-4.0,-4.0,-1.1
-4.0,-4.0,-1.1
-4.0,-4.0,-1.1
-4.0,-4.0,-1.1
-4.0,-4.0,-1.1
-4.0,-4.0,-1.1
-4.0,-4.0,-1.1
-4.0,-4.0,-1.1
-4.0,-4.0,-1.1
-4.0,-4.0,-1.1
-4.0,-4.0,-1.1
-4.0,-4.0,-1.1
-4.0,-4.0,-1.1
-4.0,-4.0,-1.1
-4.0,-4.0,-1.1
-4.0,-4.0,-1.1
-4.0,-4.0,-1.1
-4.0,-4.0,-1.1
-4.0,-4.0,-1.1
-4.0,-4.0,-1.1
-4.0,-4.0,-1.1
-4.0,-4.0,-1.1
-4.0,-4.0,-1.1
-4.0,-4.0,-1.1
-4.0,-4.0,-1.1
-4.0,-4.0,-1.1
-4.0,-4.0,-1.1
-4.0,-4.0,-1.1
-4.0,-4.0,-1.1
-4.0,-4.0,-1.1
-4.0,-4.0,-1.1
-4.0,-4.0,-1.1
-4.0,-4.0,-1.1
-4.0,-4.0,-1.1
-4.0,-4.0,-1.1
-4.0,-4.0,-1.1
-4.0,-4.0,-1.1
-4.0,-4.0,-1.1
-4.0,-4.0,-1.1
-4.0,-4.0,-1.1
-4.0,-4.0,-1.1
-4.0,-4.0,-1.1
-4.0,-4.0,-1.1
-4.0,-4.0,-1.1
-4.0,-4.0,-1.1
-4.0,-4.0,-1.1
-4.0,-4.0,-1.1
-4.0,-4.0,-1.1
-4.0,-4.0,-1.1
-4.0,-4.0,-1.1
-4.0,-4.0,-1.1
-4.0,-4.0,-1.1
-4.0,-4.0,-1.1
-4.0,-4.0,-1.1
-4.0,-4.0,-1.1
-4.0,-4.0,-1.1
-4.0,-4.0,-1.1
-4.0,-4.0,-1.1
-4.0,-4.0,-1.1
-4.0,-4.0,-1.1
-4.0,-4.0,-1.1
-4.0,-4.0,-1.1
-4.0,-4.0,-1.1
-4.0,-4.0,-1.1
-4.0,-4.0,-1.1
-4.0,-4.0,-1.1
-4.0,-4.0,-1.1
-4.0,-4.0,-1.1
-4.0,-4.0,-1.1
-4.0,-4.0,-1.1
-4.0,-4.0,-1.1
-4.0,-4.0,-1.1
-4.0,-4.0,-1.1
-4.0,-4.0,-1.1
-4.0,-4.0,-1.1
-4.0,-4.0,-1.1
-4.0,-4.0,-1.1
-4.0,-4.0,-1.1
-4.0,-4.0,-1.1
-4.0,-4.0,-1.1
-4.0,-4.0,-1.1
-4.0,-4.0,-1.1
-4.0,-4.0,-1.1
-4.0,-4.0,-1.1
-4.0,-4.0,-1.1
-4.0,-4.0,-1.1
-4.0,-4.0,-1.1
-4.0,-4.0,-1.1
-4.0,-4.0,-1.1
-4.0,-4.0,-1.1
-4.0,-4.0,-1.1
-4.0,-4.0,-1.1
-4.0,-4.0,-1.1
-4.0,-4.0,-1.1
-4.0,-4.0,-1.1
-4.0,-4.0,-1.1
-4.0,-4.0,-1.1
-4.0,-4.0,-1.1
-4.0,-4.0,-1.1
-4.0,-4.0,-1.1
-4.0,-4.0,-1.1
-4.0,-4.0,-1.1
-4.0,-4.0,-1.1
-4.0,-4.0,-1.1
-4.0,-4.0,-1.1
-4.0,-4.0,-1.1
-4.0,-4.0,-1.1
-4.0,-4.0,-1.1
-4.0,-4.0,-1.1
-4.0,-4.0,-1.1
-4.0,-4.0,-1.1
-4.0,-4.0,-1.1
-4.0,-4.0,-1.1
-4.0,-4.0,-1.1
-4.0,-4.0,-1.1
-4.0,-4.0,-1.1
-4.0,-4.0,-1.1
-4.0,-4.0,-1.1
-4.0,-4.0,-1.1
-4.0,-4.0,-1.1
-4.0,-4.0,-1.1
-4.0,-4.0,-1.1
-4.0,-4.0,-1.1
-4.0,-4.0,-1.1
-4.0,-4.0,-1.1
-4.0,-4.0,-1.1
-4.0,-4.0,-1.1
-4.0,-4.0,-1.1
-4.0,-4.0,-1.1
-4.0,-4.0,-1.1
-4.0,-4.0,-1.1
-4.0,-4.0,-1.1
-4.0,-4.0,-1.1
-4.0,-4.0,-1.1
-4.0,-4.0,-1.1
-4.0,-4.0,-1.1
-4.0,-4.0,-1.1
-4.0,-4.0,-1.1
-4.0,-4.0,-1.1
-4.0,-4.0,-1.1
-4.0,-4.0,-1.1
-4.0,-4.0,-1.1
-4.0,-4.0,-1.1
-4.0,-4.0,-1.1
-4.0,-4.0,-1.1
-4.0,-4.0,-1.1
-4.0,-4.0,-1.1
-4.0,-4.0,-1.1
-4.0,-4.0,-1.1
-4.0,-4.0,-1.1
-4.0,-4.0,-1.1
-4.0,-4.0,-1.1
-4.0,-4.0,-1.1
-4.0,-4.0,-1.1
-4.0,-4.0,-1.1
-4.0,-4.0,-1.1
-4.0,-4.0,-1.1
-4.0,-4.0,-1.1
-4.0,-4.0,-1.1
-4.0,-4.0,-1.1
-4.0,-4.0,-1.1
-4.0,-4.0,-1.1
-4.0,-4.0,-1.1
-4.0,-4.0,-1.1
-4.0,-4.0,-1.1
-4.0,-4.0,-1.1
-4.0,-4.0,-1.1
-4.0,-4.0,-1.1
-4.0,-4.0,-1.1
-4.0,-4.0,-1.1
-4.0,-4.0,-1.1
-4.0,-4.0,-1.1
-4.0,-4.0,-1.1
-4.0,-4.0,-1.1
-4.0,-4.0,-1.1
-4.0,-4.0,-1.1
-4.0,-4.0,-1.1
-4.0,-4.0,-1.1
-4.0,-4.0,-1.1
-4.0,-4.0,-1.1
-4.0,-4.0,-1.1
-4.0,-4.0,-1.1
-4.0,-4.0,-1.1
-4.0,-4.0,-1.1
-4.0,-4.0,-1.1
-4.0,-4.0,-1.1
-4.0,-4.0,-1.1
-4.0,-4.0,-1.1
-4.0,-4.0,-1.1
-4.0,-4.0,-1.1
-4.0,-4.0,-1.1
-4.0,-4.0,-1.1
-4.0,-4.0,-1.1
-4.0,-4.0,-1.1
-4.0,-4.0,-1.1
-4.0,-4.0,-1.1
-4.0,-4.0,-1.1
-4.0,-4.0,-1.1
-4.0,-4.0,-1.1
-4.0,-4.0,-1.1
-4.0,-4.0,-1.1
-4.0,-4.0,-1.1
-4.0,-4.0,-1.1
-4.0,-4.0,-1.1
-4.0,-4.0,-1.1
-4.0,-4.0,-1.1
-4.0,-4.0,-1.1
-4.0,-4.0,-1.1
-4.0,-4.0,-1.1
-4.0,-4.0,-1.1
-4.0,-4.0,-1.1
-4.0,-4.0,-1.1
-4.0,-4.0,-1.1
-4.0,-4.0,-1.1
-4.0,-4.0,-1.1
-4.0,-4.0,-1.1
-4.0,-4.0,-1.1
-4.0,-4.0,-1.1
-4.0,-4.0,-1.1
-4.0,-4.0,-1.1
-4.0,-4.0,-1.1
-4.0,-4.0,-1.1
-4.0,-4.0,-1.1
-4.0,-4.0,-1.1
-4.0,-4.0,-1.1
-4.0,-4.0,-1.1
-4.0,-4.0,-1.1
-4.0,-4.0,-1.1
-4.0,-4.0,-1.1
-4.0,-4.0,-1.1
-4.0,-4.0,-1.1
-4.0,-4.0,-1.1
-4.0,-4.0,-1.1
-4.0,-4.0,-1.1
-4.0,-4.0,-1.1
-4.0,-4.0,-1.1
-4.0,-4.0,-1.1
-4.0,-4.0,-1.1
-4.0,-4.0,-1.1
-4.0,-4.0,-1.1
-4.0,-4.0,-1.1
-4.0,-4.0,-1.1
-4.0,-4.0,-1.1
-4.0,-4.0,-1.1
-4.0,-4.0,-1.1
-4.0,-4.0,-1.1
-4.0,-4.0,-1.1
-4.0,-4.0,-1.1
-4.0,-4.0,-1.1
-4.0,-4.0,-1.1
-4.0,-4.0,-1.1
-4.0,-4.0,-1.1
-4.0,-4.0,-1.1
-4.0,-4.0,-1.1
-4.0,-4.0,-1.1
-4.0,-4.0,-1.1
-4.0,-4.0,-1.1
-4.0,-4.0,-1.1
-4.0,-4.0,-1.1
-4.0,-4.0,-1.1
-4.0,-4.0,-1.1
-4.0,-4.0,-1.1
-4.0,-4.0,-1.1
-4.0,-4.0,-1.1
-4.0,-4.0,-1.1
-4.0,-4.0,-1.1
-4.0,-4.0,-1.1
-4.0,-4.0,-1.1
-4.0,-4.0,-1.1
-4.0,-4.0,-1.1
-4.0,-4.0,-1.1
-4.0,-4.0,-1.1
-4.0,-4.0,-1.1
-4.0,-4.0,-1.1
-4.0,-4.0,-1.1
-4.0,-4.0,-1.1
-4.0,-4.0,-1.1
-4.0,-4.0,-1.1
-4.0,-4.0,-1.1
-4.0,-4.0,-1.1
-4.0,-4.0,-1.1
-4.0,-4.0,-1.1
-4.0,-4.0,-1.1
-4.0,-4.0,-1.1
-4.0,-4.0,-1.1
-4.0,-4.0,-1.1
-4.0,-4.0,-1.1
-4.0,-4.0,-1.1
-4.0,-4.0,-1.1
-4.0,-4.0,-1.1
-4.0,-4.0,-1.1
-4.0,-4.0,-1.1
-4.0,-4.0,-1.1
-4.0,-4.0,-1.1
-4.0,-4.0,-1.1
-4.0,-4.0,-1.1
-4.0,-4.0,-1.1
-4.0,-4.0,-1.1
-4.0,-4.0,-1.1
-4.0,-4.0,-1.1
-4.0,-4.0,-1.1
-4.0,-4.0,-1.1
-4.0,-4.0,-1.1
-4.0,-4.0,-1.1
-4.0,-4.0,-1.1
-4.0,-4.0,-1.1
-4.0,-4.0,-1.1
-4.0,-4.0,-1.1
-4.0,-4.0,-1.1
-4.0,-4.0,-1.1
-4.0,-4.0,-1.1
-4.0,-4.0,-1.1
-4.0,-4.0,-1.1
-4.0,-4.0,-1.1
-4.0,-4.0,-1.1
-4.0,-4.0,-1.1
-4.0,-4.0,-1.1
-4.0,-4.0,-1.1
-4.0,-4.0,-1.1
-4.0,-4.0,-1.1
-4.0,-4.0,-1.1
-4.0,-4.0,-1.1
-4.0,-4.0,-1.1
-4.0,-4.0,-1.1
-4.0,-4.0,-1.1
-4.0,-4.0,-1.1
-4.0,-4.0,-1.1
-4.0,-4.0,-1.1
-4.0,-4.0,-1.1
-4.0,-4.0,-1.1
-4.0,-4.0,-1.1
-4.0,-4.0,-1.1
-4.0,-4.0,-1.1
-4.0,-4.0,-1.1
-4.0,-4.0,-1.1
-4.0,-4.0,-1.1
-4.0,-4.0,-1.1
-4.0,-4.0,-1.1
-4.0,-4.0,-1.1
-4.0,-4.0,-1.1
-4.0,-4.0,-1.1
-4.0,-4.0,-1.1
-4.0,-4.0,-1.1
-4.0,-4.0,-1.1
-4.0,-4.0,-1.1
-4.0,-4.0,-1.1
-4.0,-4.0,-1.1
-4.0,-4.0,-1.1
-4.0,-4.0,-1.1
-4.0,-4.0,-1.1
-4.0,-4.0,-1.1
-4.0,-4.0,-1.1
-4.0,-4.0,-1.1
-4.0,-4.0,-1.1
-4.0,-4.0,-1.1
-4.0,-4.0,-1.1
-4.0,-4.0,-1.1
-4.0,-4.0,-1.1
-4.0,-4.0,-1.1
-4.0,-4.0,-1.1
-4.0,-4.0,-1.1
-4.0,-4.0,-1.1
-4.0,-4.0,-1.1
-4.0,-4.0,-1.1
-4.0,-4.0,-1.1
-4.0,-4.0,-1.1
-4.0,-4.0,-1.1
-4.0,-4.0,-1.1
-4.0,-4.0,-1.1
-4.0,-4.0,-1.1
-4.0,-4.0,-1.1
-4.0,-4.0,-1.1
-4.0,-4.0,-1.1
-4.0,-4.0,-1.1
-4.0,-4.0,-1.1
-4.0,-4.0,-1.1
-4.0,-4.0,-1.1
-4.0,-4.0,-1.1
-4.0,-4.0,-1.1
-4.0,-4.0,-1.1
-4.0,-4.0,-1.1
-4.0,-4.0,-1.1
-4.0,-4.0,-1.1
-4.0,-4.0,-1.1
-4.0,-4.0,-1.1
-4.0,-4.0,-1.1
-4.0,-4.0,-1.1
-4.0,-4.0,-1.1
-4.0,-4.0,-1.1
-4.0,-4.0,-1.1
-4.0,-4.0,-1.1
-4.0,-4.0,-1.1
-4.0,-4.0,-1.1
-4.0,-4.0,-1.1
-4.0,-4.0,-1.1
-4.0,-4.0,-1.1
-4.0,-4.0,-1.1
-4.0,-4.0,-1.1
-4.0,-4.0,-1.1
-4.0,-4.0,-1.1
-4.0,-4.0,-1.1
-4.0,-4.0,-1.1
-4.0,-4.0,-1.1
-4.0,-4.0,-1.1
-4.0,-4.0,-1.1
-4.0,-4.0,-1.1
-4.0,-4.0,-1.1
-4.0,-4.0,-1.1
-4.0,-4.0,-1.1
-4.0,-4.0,-1.1
-4.0,-4.0,-1.1
-4.0,-4.0,-1.1
-4.0,-4.0,-1.1
-4.0,-4.0,-1.1
-4.0,-4.0,-1.1
-4.0,-4.0,-1.1
-4.0,-4.0,-1.1
-4.0,-4.0,-1.1
-4.0,-4.0,-1.1
-4.0,-4.0,-1.1
-4.0,-4.0,-1.1
-4.0,-4.0,-1.1
-4.0,-4.0,-1.1
-4.0,-4.0,-1.1
-4.0,-4.0,-1.1
-4.0,-4.0,-1.1
-4.0,-4.0,-1.1
-4.0,-4.0,-1.1
-4.0,-4.0,-1.1
-4.0,-4.0,-1.1
-4.0,-4.0,-1.1
-4.0,-4.0,-1.1
-4.0,-4.0,-1.1
-4.0,-4.0,-1.1
-4.0,-4.0,-1.1
-4.0,-4.0,-1.1
-4.0,-4.0,-1.1
-4.0,-4.0,-1.1
-4.0,-4.0,-1.1
-4.0,-4.0,-1.1
-4.0,-4.0,-1.1
-4.0,-4.0,-1.1
-4.0,-4.0,-1.1
-4.0,-4.0,-1.1
-4.0,-4.0,-1.1
-4.0,-4.0,-1.1
-4.0,-4.0,-1.1
-4.0,-4.0,-1.1
-4.0,-4.0,-1.1
-4.0,-4.0,-1.1
-4.0,-4.0,-1.1
-4.0,-4.0,-1.1
-4.0,-4.0,-1.1
-4.0,-4.0,-1.1
-4.0,-4.0,-1.1
-4.0,-4.0,-1.1
-4.0,-4.0,-1.1
-4.0,-4.0,-1.1
-4.0,-4.0,-1.1
-4.0,-4.0,-1.1
-4.0,-4.0,-1.1
-4.0,-4.0,-1.1
-4.0,-4.0,-1.1
-4.0,-4.0,-1.1
-4.0,-4.0,-1.1
-4.0,-4.0,-1.1
-4.0,-4.0,-1.1
-4.0,-4.0,-1.1
-4.0,-4.0,-1.1
-4.0,-4.0,-1.1
-4.0,-4.0,-1.1
-4.0,-4.0,-1.1
-4.0,-4.0,-1.1
-4.0,-4.0,-1.1
-4.0,-4.0,-1.1
-4.0,-4.0,-1.1
-4.0,-4.0,-1.1
-4.0,-4.0,-1.1
-4.0,-4.0,-1.1
-4.0,-4.0,-1.1
-4.0,-4.0,-1.1
-4.0,-4.0,-1.1
-4.0,-4.0,-1.1
-4.0,-4.0,-1.1
-4.0,-4.0,-1.1
-4.0,-4.0,-1.1
-4.0,-4.0,-1.1
-4.0,-4.0,-1.1
-4.0,-4.0,-1.1
-4.0,-4.0,-1.1
-4.0,-4.0,-1.1
-4.0,-4.0,-1.1
-4.0,-4.0,-1.1
-4.0,-4.0,-1.1
-4.0,-4.0,-1.1
-4.0,-4.0,-1.1
-4.0,-4.0,-1.1
-4.0,-4.0,-1.1
-4.0,-4.0,-1.1
-4.0,-4.0,-1.1
-4.0,-4.0,-1.1
-4.0,-4.0,-1.1
-4.0,-4.0,-1.1
-4.0,-4.0,-1.1
-4.0,-4.0,-1.1
-4.0,-4.0,-1.1
-4.0,-4.0,-1.1
-4.0,-4.0,-1.1
-4.0,-4.0,-1.1
-4.0,-4.0,-1.1
-4.0,-4.0,-1.1
-4.0,-4.0,-1.1
-4.0,-4.0,-1.1
-4.0,-4.0,-1.1
-4.0,-4.0,-1.1
-4.0,-4.0,-1.1
-4.0,-4.0,-1.1
-4.0,-4.0,-1.1
-4.0,-4.0,-1.1
-4.0,-4.0,-1.1
-4.0,-4.0,-1.1
-4.0,-4.0,-1.1
-4.0,-4.0,-1.1
-4.0,-4.0,-1.1
-4.0,-4.0,-1.1
-4.0,-4.0,-1.1
-4.0,-4.0,-1.1
-4.0,-4.0,-1.1
-4.0,-4.0,-1.1
-4.0,-4.0,-1.1
-4.0,-4.0,-1.1
-4.0,-4.0,-1.1
-4.0,-4.0,-1.1
-4.0,-4.0,-1.1
-4.0,-4.0,-1.1
-4.0,-4.0,-1.1
-4.0,-4.0,-1.1
-4.0,-4.0,-1.1
-4.0,-4.0,-1.1
-4.0,-4.0,-1.1
-4.0,-4.0,-1.1
-4.0,-4.0,-1.1
-4.0,-4.0,-1.1
-4.0,-4.0,-1.1
-4.0,-4.0,-1.1
-4.0,-4.0,-1.1
-4.0,-4.0,-1.1
-4.0,-4.0,-1.1
-4.0,-4.0,-1.1
-4.0,-4.0,-1.1
-4.0,-4.0,-1.1
-4.0,-4.0,-1.1
-4.0,-4.0,-1.1
-4.0,-4.0,-1.1
-4.0,-4.0,-1.1
-4.0,-4.0,-1.1
-4.0,-4.0,-1.1
-4.0,-4.0,-1.1
-4.0,-4.0,-1.1
-4.0,-4.0,-1.1
-4.0,-4.0,-1.1
-4.0,-4.0,-1.1
-4.0,-4.0,-1.1
-4.0,-4.0,-1.1
-4.0,-4.0,-1.1
-4.0,-4.0,-1.1
-4.0,-4.0,-1.1
-4.0,-4.0,-1.1
-4.0,-4.0,-1.1
-4.0,-4.0,-1.1
-4.0,-4.0,-1.1
-4.0,-4.0,-1.1
-4.0,-4.0,-1.1
-4.0,-4.0,-1.1
-4.0,-4.0,-1.1
-4.0,-4.0,-1.1
-4.0,-4.0,-1.1
-4.0,-4.0,-1.1
-4.0,-4.0,-1.1
-4.0,-4.0,-1.1
-4.0,-4.0,-1.1
-4.0,-4.0,-1.1
-4.0,-4.0,-1.1
-4.0,-4.0,-1.1
-4.0,-4.0,-1.1
-4.0,-4.0,-1.1
-4.0,-4.0,-1.1
-4.0,-4.0,-1.1
-4.0,-4.0,-1.1
-4.0,-4.0,-1.1
-4.0,-4.0,-1.1
-4.0,-4.0,-1.1
-4.0,-4.0,-1.1
-4.0,-4.0,-1.1
-4.0,-4.0,-1.1
-4.0,-4.0,-1.1
-4.0,-4.0,-1.1
-4.0,-4.0,-1.1
-4.0,-4.0,-1.1
-4.0,-4.0,-1.1
-4.0,-4.0,-1.1
-4.0,-4.0,-1.1
-4.0,-4.0,-1.1
-4.0,-4.0,-1.1
-4.0,-4.0,-1.1
-4.0,-4.0,-1.1
-4.0,-4.0,-1.1
-4.0,-4.0,-1.1
-4.0,-4.0,-1.1
-4.0,-4.0,-1.1
-4.0,-4.0,-1.1
-4.0,-4.0,-1.1
-4.0,-4.0,-1.1
-4.0,-4.0,-1.1
-4.0,-4.0,-1.1
-4.0,-4.0,-1.1
-4.0,-4.0,-1.1
-4.0,-4.0,-1.1
-4.0,-4.0,-1.1
-4.0,-4.0,-1.1
-4.0,-4.0,-1.1
-4.0,-4.0,-1.1
-4.0,-4.0,-1.1
-4.0,-4.0,-1.1
-4.0,-4.0,-1.1
-4.0,-4.0,-1.1
-4.0,-4.0,-1.1
-4.0,-4.0,-1.1
-4.0,-4.0,-1.1
-4.0,-4.0,-1.1
-4.0,-4.0,-1.1
-4.0,-4.0,-1.1
-4.0,-4.0,-1.1
-4.0,-4.0,-1.1
-4.0,-4.0,-1.1
-4.0,-4.0,-1.1
-4.0,-4.0,-1.1
-4.0,-4.0,-1.1
-4.0,-4.0,-1.1
-4.0,-4.0,-1.1
-4.0,-4.0,-1.1
-4.0,-4.0,-1.1
-4.0,-4.0,-1.1
-4.0,-4.0,-1.1
-4.0,-4.0,-1.1
-4.0,-4.0,-1.1
-4.0,-4.0,-1.1
-4.0,-4.0,-1.1
-4.0,-4.0,-1.1
-4.0,-4.0,-1.1
-4.0,-4.0,-1.1
-4.0,-4.0,-1.1
-4.0,-4.0,-1.1
-4.0,-4.0,-1.1
-4.0,-4.0,-1.1
-4.0,-4.0,-1.1
-4.0,-4.0,-1.1
-4.0,-4.0,-1.1
-4.0,-4.0,-1.1
-4.0,-4.0,-1.1
-4.0,-4.0,-1.1
-4.0,-4.0,-1.1
-4.0,-4.0,-1.1
-4.0,-4.0,-1.1
-4.0,-4.0,-1.1
-4.0,-4.0,-1.1
-4.0,-4.0,-1.1
-4.0,-4.0,-1.1
-4.0,-4.0,-1.1
-4.0,-4.0,-1.1
-4.0,-4.0,-1.1
-4.0,-4.0,-1.1
-4.0,-4.0,-1.1
-4.0,-4.0,-1.1
-4.0,-4.0,-1.1
-4.0,-4.0,-1.1
-4.0,-4.0,-1.1
-4.0,-4.0,-1.1
-4.0,-4.0,-1.1
-4.0,-4.0,-1.1
-4.0,-4.0,-1.1
-4.0,-4.0,-1.1
-4.0,-4.0,-1.1
-4.0,-4.0,-1.1
-4.0,-4.0,-1.1
-4.0,-4.0,-1.1
-4.0,-4.0,-1.1
-4.0,-4.0,-1.1
-4.0,-4.0,-1.1
-4.0,-4.0,-1.1
-4.0,-4.0,-1.1
-4.0,-4.0,-1.1
-4.0,-4.0,-1.1
-4.0,-4.0,-1.1
-4.0,-4.0,-1.1
-4.0,-4.0,-1.1
-4.0,-4.0,-1.1
-4.0,-4.0,-1.1
-4.0,-4.0,-1.1
-4.0,-4.0,-1.1
-4.0,-4.0,-1.1
-4.0,-4.0,-1.1
-4.0,-4.0,-1.1
-4.0,-4.0,-1.1
-4.0,-4.0,-1.1
-4.0,-4.0,-1.1
-4.0,-4.0,-1.1
-4.0,-4.0,-1.1
-4.0,-4.0,-1.1
-4.0,-4.0,-1.1
-4.0,-4.0,-1.1
-4.0,-4.0,-1.1
-4.0,-4.0,-1.1
-4.0,-4.0,-1.1
-4.0,-4.0,-1.1
-4.0,-4.0,-1.1
-4.0,-4.0,-1.1
-4.0,-4.0,-1.1
-4.0,-4.0,-1.1
-4.0,-4.0,-1.1
-4.0,-4.0,-1.1
-4.0,-4.0,-1.1
-4.0,-4.0,-1.1
-4.0,-4.0,-1.1
-4.0,-4.0,-1.1
-4.0,-4.0,-1.1
-4.0,-4.0,-1.1
-4.0,-4.0,-1.1
-4.0,-4.0,-1.1
-4.0,-4.0,-1.1
-4.0,-4.0,-1.1
-4.0,-4.0,-1.1
-4.0,-4.0,-1.1
-4.0,-4.0,-1.1
-4.0,-4.0,-1.1
-4.0,-4.0,-1.1
-4.0,-4.0,-1.1
-4.0,-4.0,-1.1
-4.0,-4.0,-1.1
-4.0,-4.0,-1.1
-4.0,-4.0,-1.1
-4.0,-4.0,-1.1
-4.0,-4.0,-1.1
-4.0,-4.0,-1.1
-4.0,-4.0,-1.1
-4.0,-4.0,-1.1
-4.0,-4.0,-1.1
-4.0,-4.0,-1.1
-4.0,-4.0,-1.1
-4.0,-4.0,-1.1
-4.0,-4.0,-1.1
-4.0,-4.0,-1.1
-4.0,-4.0,-1.1
-4.0,-4.0,-1.1
-4.0,-4.0,-1.1
-4.0,-4.0,-1.1
-4.0,-4.0,-1.1
-4.0,-4.0,-1.1
-4.0,-4.0,-1.1
-4.0,-4.0,-1.1
-4.0,-4.0,-1.1
-4.0,-4.0,-1.1
-4.0,-4.0,-1.1
-4.0,-4.0,-1.1
-4.0,-4.0,-1.1
-4.0,-4.0,-1.1
-4.0,-4.0,-1.1
-4.0,-4.0,-1.1
-4.0,-4.0,-1.1
-4.0,-4.0,-1.1
-4.0,-4.0,-1.1
-4.0,-4.0,-1.1
-4.0,-4.0,-1.1
-4.0,-4.0,-1.1
-4.0,-4.0,-1.1
-4.0,-4.0,-1.1
-4.0,-4.0,-1.1
-4.0,-4.0,-1.1
-4.0,-4.0,-1.1
-4.0,-4.0,-1.1
-4.0,-4.0,-1.1
-4.0,-4.0,-1.1
-4.0,-4.0,-1.1
-4.0,-4.0,-1.1
-4.0,-4.0,-1.1
-4.0,-4.0,-1.1
-4.0,-4.0,-1.1
-4.0,-4.0,-1.1
-4.0,-4.0,-1.1
-4.0,-4.0,-1.1
-4.0,-4.0,-1.1
-4.0,-4.0,-1.1
-4.0,-4.0,-1.1
-4.0,-4.0,-1.1
-4.0,-4.0,-1.1
-4.0,-4.0,-1.1
-4.0,-4.0,-1.1
-4.0,-4.0,-1.1
-4.0,-4.0,-1.1
-4.0,-4.0,-1.1
-4.0,-4.0,-1.1
-4.0,-4.0,-1.1
-4.0,-4.0,-1.1
-4.0,-4.0,-1.1
-4.0,-4.0,-1.1
-4.0,-4.0,-1.1
-4.0,-4.0,-1.1
-4.0,-4.0,-1.1
-4.0,-4.0,-1.1
-4.0,-4.0,-1.1
-4.0,-4.0,-1.1
-4.0,-4.0,-1.1
-4.0,-4.0,-1.1
-4.0,-4.0,-1.1
-4.0,-4.0,-1.1
-4.0,-4.0,-1.1
-4.0,-4.0,-1.1
-4.0,-4.0,-1.1
-4.0,-4.0,-1.1
-4.0,-4.0,-1.1
-4.0,-4.0,-1.1
-4.0,-4.0,-1.1
-4.0,-4.0,-1.1
-4.0,-4.0,-1.1
-4.0,-4.0,-1.1
-4.0,-4.0,-1.1
-4.0,-4.0,-1.1
-4.0,-4.0,-1.1
-4.0,-4.0,-1.1
-4.0,-4.0,-1.1
-4.0,-4.0,-1.1
-4.0,-4.0,-1.1
-4.0,-4.0,-1.1
-4.0,-4.0,-1.1
-4.0,-4.0,-1.1
-4.0,-4.0,-1.1
-4.0,-4.0,-1.1
-4.0,-4.0,-1.1
-4.0,-4.0,-1.1
-4.0,-4.0,-1.1
-4.0,-4.0,-1.1
-4.0,-4.0,-1.1
-4.0,-4.0,-1.1
-4.0,-4.0,-1.1
-4.0,-4.0,-1.1
-4.0,-4.0,-1.1
-4.0,-4.0,-1.1
-4.0,-4.0,-1.1
-4.0,-4.0,-1.1
-4.0,-4.0,-1.1
-4.0,-4.0,-1.1
-4.0,-4.0,-1.1
-4.0,-4.0,-1.1
-4.0,-4.0,-1.1
-4.0,-4.0,-1.1
-4.0,-4.0,-1.1
-4.0,-4.0,-1.1
-4.0,-4.0,-1.1
-4.0,-4.0,-1.1
-4.0,-4.0,-1.1
-4.0,-4.0,-1.1
-4.0,-4.0,-1.1
-4.0,-4.0,-1.1
-4.0,-4.0,-1.1
-4.0,-4.0,-1.1
-4.0,-4.0,-1.1
-4.0,-4.0,-1.1
-4.0,-4.0,-1.1
-4.0,-4.0,-1.1
-4.0,-4.0,-1.1
-4.0,-4.0,-1.1
-4.0,-4.0,-1.1
-4.0,-4.0,-1.1
-4.0,-4.0,-1.1
-4.0,-4.0,-1.1
-4.0,-4.0,-1.1
-4.0,-4.0,-1.1
-4.0,-4.0,-1.1
-4.0,-4.0,-1.1
-4.0,-4.0,-1.1
-4.0,-4.0,-1.1
-4.0,-4.0,-1.1
-4.0,-4.0,-1.1
-4.0,-4.0,-1.1
-4.0,-4.0,-1.1
-4.0,-4.0,-1.1
-4.0,-4.0,-1.1
-4.0,-4.0,-1.1
-4.0,-4.0,-1.1
-4.0,-4.0,-1.1
-4.0,-4.0,-1.1
-4.0,-4.0,-1.1
-4.0,-4.0,-1.1
-4.0,-4.0,-1.1
-4.0,-4.0,-1.1
-4.0,-4.0,-1.1
-4.0,-4.0,-1.1
-4.0,-4.0,-1.1
-4.0,-4.0,-1.1
-4.0,-4.0,-1.1
-4.0,-4.0,-1.1
-4.0,-4.0,-1.1
-4.0,-4.0,-1.1
-4.0,-4.0,-1.1
-4.0,-4.0,-1.1
-4.0,-4.0,-1.1
-4.0,-4.0,-1.1
-4.0,-4.0,-1.1
-4.0,-4.0,-1.1
-4.0,-4.0,-1.1
-4.0,-4.0,-1.1
-4.0,-4.0,-1.1
-4.0,-4.0,-1.1
-4.0,-4.0,-1.1
-4.0,-4.0,-1.1
-4.0,-4.0,-1.1
-4.0,-4.0,-1.1
-4.0,-4.0,-1.1
-4.0,-4.0,-1.1
-4.0,-4.0,-1.1
-4.0,-4.0,-1.1
-4.0,-4.0,-1.1
-4.0,-4.0,-1.1
-4.0,-4.0,-1.1
-4.0,-4.0,-1.1
-4.0,-4.0,-1.1
-4.0,-4.0,-1.1
-4.0,-4.0,-1.1
-4.0,-4.0,-1.1
-4.0,-4.0,-1.1
-4.0,-4.0,-1.1
-4.0,-4.0,-1.1
-4.0,-4.0,-1.1
-4.0,-4.0,-1.1
-4.0,-4.0,-1.1
-4.0,-4.0,-1.1
-4.0,-4.0,-1.1
-4.0,-4.0,-1.1
-4.0,-4.0,-1.1
-4.0,-4.0,-1.1
-4.0,-4.0,-1.1
-4.0,-4.0,-1.1
-4.0,-4.0,-1.1
-4.0,-4.0,-1.1
-4.0,-4.0,-1.1
-4.0,-4.0,-1.1
-4.0,-4.0,-1.1
-4.0,-4.0,-1.1
-4.0,-4.0,-1.1
-4.0,-4.0,-1.1
-4.0,-4.0,-1.1
-4.0,-4.0,-1.1
-4.0,-4.0,-1.1
-4.0,-4.0,-1.1
-4.0,-4.0,-1.1
-4.0,-4.0,-1.1
-4.0,-4.0,-1.1
-4.0,-4.0,-1.1
-4.0,-4.0,-1.1
-4.0,-4.0,-1.1
-4.0,-4.0,-1.1
-4.0,-4.0,-1.1
-4.0,-4.0,-1.1
-4.0,-4.0,-1.1
-4.0,-4.0,-1.1
-4.0,-4.0,-1.1
-4.0,-4.0,-1.1
-4.0,-4.0,-1.1
-4.0,-4.0,-1.1
-4.0,-4.0,-1.1
-4.0,-4.0,-1.1
-4.0,-4.0,-1.1
-4.0,-4.0,-1.1
-4.0,-4.0,-1.1
-4.0,-4.0,-1.1
-4.0,-4.0,-1.1
-4.0,-4.0,-1.1
-4.0,-4.0,-1.1
-4.0,-4.0,-1.1
-4.0,-4.0,-1.1
-4.0,-4.0,-1.1
-4.0,-4.0,-1.1
-4.0,-4.0,-1.1
-4.0,-4.0,-1.1
-4.0,-4.0,-1.1
-4.0,-4.0,-1.1
-4.0,-4.0,-1.1
-4.0,-4.0,-1.1
-4.0,-4.0,-1.1
-4.0,-4.0,-1.1
-4.0,-4.0,-1.1
-4.0,-4.0,-1.1
-4.0,-4.0,-1.1
-4.0,-4.0,-1.1
-4.0,-4.0,-1.1
-4.0,-4.0,-1.1
-4.0,-4.0,-1.1
-4.0,-4.0,-1.1
-4.0,-4.0,-1.1
-4.0,-4.0,-1.1
-4.0,-4.0,-1.1
-4.0,-4.0,-1.1
-4.0,-4.0,-1.1
-4.0,-4.0,-1.1
-4.0,-4.0,-1.1
-4.0,-4.0,-1.1
-4.0,-4.0,-1.1
-4.0,-4.0,-1.1
-4.0,-4.0,-1.1
-4.0,-4.0,-1.1
-4.0,-4.0,-1.1
-4.0,-4.0,-1.1
-4.0,-4.0,-1.1
-4.0,-4.0,-1.1
-4.0,-4.0,-1.1
-4.0,-4.0,-1.1
-4.0,-4.0,-1.1
-4.0,-4.0,-1.1
-4.0,-4.0,-1.1
-4.0,-4.0,-1.1
-4.0,-4.0,-1.1
-4.0,-4.0,-1.1
-4.0,-4.0,-1.1
-4.0,-4.0,-1.1
-4.0,-4.0,-1.1
-4.0,-4.0,-1.1
-4.0,-4.0,-1.1
-4.0,-4.0,-1.1
-4.0,-4.0,-1.1
-4.0,-4.0,-1.1
-4.0,-4.0,-1.1
-4.0,-4.0,-1.1
-4.0,-4.0,-1.1
-4.0,-4.0,-1.1
-4.0,-4.0,-1.1
-4.0,-4.0,-1.1
-4.0,-4.0,-1.1
-4.0,-4.0,-1.1
-4.0,-4.0,-1.1
-4.0,-4.0,-1.1
-4.0,-4.0,-1.1
-4.0,-4.0,-1.1
-4.0,-4.0,-1.1
-4.0,-4.0,-1.1
-4.0,-4.0,-1.1
-4.0,-4.0,-1.1
-4.0,-4.0,-1.1
-4.0,-4.0,-1.1
-4.0,-4.0,-1.1
-4.0,-4.0,-1.1
-4.0,-4.0,-1.1
-4.0,-4.0,-1.1
-4.0,-4.0,-1.1
-4.0,-4.0,-1.1
-4.0,-4.0,-1.1
-4.0,-4.0,-1.1
-4.0,-4.0,-1.1
-4.0,-4.0,-1.1
-4.0,-4.0,-1.1
-4.0,-4.0,-1.1
-4.0,-4.0,-1.1
-4.0,-4.0,-1.1
-4.0,-4.0,-1.1
-4.0,-4.0,-1.1
-4.0,-4.0,-1.1
-4.0,-4.0,-1.1
-4.0,-4.0,-1.1
-4.0,-4.0,-1.1
-4.0,-4.0,-1.1
-4.0,-4.0,-1.1
-4.0,-4.0,-1.1
-4.0,-4.0,-1.1
-4.0,-4.0,-1.1
-4.0,-4.0,-1.1
-4.0,-4.0,-1.1
-4.0,-4.0,-1.1
-4.0,-4.0,-1.1
-4.0,-4.0,-1.1
-4.0,-4.0,-1.1
-4.0,-4.0,-1.1
-4.0,-4.0,-1.1
-4.0,-4.0,-1.1
-4.0,-4.0,-1.1
-4.0,-4.0,-1.1
-4.0,-4.0,-1.1
-4.0,-4.0,-1.1
-4.0,-4.0,-1.1
-4.0,-4.0,-1.1
-4.0,-4.0,-1.1
-4.0,-4.0,-1.1
-4.0,-4.0,-1.1
-4.0,-4.0,-1.1
-4.0,-4.0,-1.1
-4.0,-4.0,-1.1
-4.0,-4.0,-1.1
-4.0,-4.0,-1.1
-4.0,-4.0,-1.1
-4.0,-4.0,-1.1
-4.0,-4.0,-1.1
-4.0,-4.0,-1.1
-4.0,-4.0,-1.1
-4.0,-4.0,-1.1
-4.0,-4.0,-1.1
-4.0,-4.0,-1.1
-4.0,-4.0,-1.1
-4.0,-4.0,-1.1
-4.0,-4.0,-1.1
-4.0,-4.0,-1.1
-4.0,-4.0,-1.1
-4.0,-4.0,-1.1
-4.0,-4.0,-1.1
-4.0,-4.0,-1.1
-4.0,-4.0,-1.1
-4.0,-4.0,-1.1
-4.0,-4.0,-1.1
-4.0,-4.0,-1.1
-4.0,-4.0,-1.1
-4.0,-4.0,-1.1
-4.0,-4.0,-1.1
-4.0,-4.0,-1.1
-4.0,-4.0,-1.1
-4.0,-4.0,-1.1
-4.0,-4.0,-1.1
-4.0,-4.0,-1.1
-4.0,-4.0,-1.1
-4.0,-4.0,-1.1
-4.0,-4.0,-1.1
-4.0,-4.0,-1.1
-4.0,-4.0,-1.1
-4.0,-4.0,-1.1
-4.0,-4.0,-1.1
-4.0,-4.0,-1.1
-4.0,-4.0,-1.1
-4.0,-4.0,-1.1
-4.0,-4.0,-1.1
-4.0,-4.0,-1.1
-4.0,-4.0,-1.1
-4.0,-4.0,-1.1
-4.0,-4.0,-1.1
-4.0,-4.0,-1.1
-4.0,-4.0,-1.1
-4.0,-4.0,-1.1
-4.0,-4.0,-1.1
-4.0,-4.0,-1.1
-4.0,-4.0,-1.1
-4.0,-4.0,-1.1
-4.0,-4.0,-1.1
-4.0,-4.0,-1.1
-4.0,-4.0,-1.1
-4.0,-4.0,-1.1
-4.0,-4.0,-1.1
-4.0,-4.0,-1.1
-4.0,-4.0,-1.1
-4.0,-4.0,-1.1
-4.0,-4.0,-1.1
-4.0,-4.0,-1.1
-4.0,-4.0,-1.1
-4.0,-4.0,-1.1
-4.0,-4.0,-1.1
-4.0,-4.0,-1.1
-4.0,-4.0,-1.1
-4.0,-4.0,-1.1
-4.0,-4.0,-1.1
-4.0,-4.0,-1.1
-4.0,-4.0,-1.1
-4.0,-4.0,-1.1
-4.0,-4.0,-1.1
-4.0,-4.0,-1.1
-4.0,-4.0,-1.1
-4.0,-4.0,-1.1
-4.0,-4.0,-1.1
-4.0,-4.0,-1.1
-4.0,-4.0,-1.1
-4.0,-4.0,-1.1
-4.0,-4.0,-1.1
-4.0,-4.0,-1.1
-4.0,-4.0,-1.1
-4.0,-4.0,-1.1
-4.0,-4.0,-1.1
-4.0,-4.0,-1.1
-4.0,-4.0,-1.1
-4.0,-4.0,-1.1
-4.0,-4.0,-1.1
-4.0,-4.0,-1.1
-4.0,-4.0,-1.1
-4.0,-4.0,-1.1
-4.0,-4.0,-1.1
-4.0,-4.0,-1.1
-4.0,-4.0,-1.1
-4.0,-4.0,-1.1
-4.0,-4.0,-1.1
-4.0,-4.0,-1.1
-4.0,-4.0,-1.1
-4.0,-4.0,-1.1
-4.0,-4.0,-1.1
-4.0,-4.0,-1.1
-4.0,-4.0,-1.1
-4.0,-4.0,-1.1
-4.0,-4.0,-1.1
-4.0,-4.0,-1.1
-4.0,-4.0,-1.1
-4.0,-4.0,-1.1
-4.0,-4.0,-1.1
-4.0,-4.0,-1.1
-4.0,-4.0,-1.1
-4.0,-4.0,-1.1
-4.0,-4.0,-1.1
-4.0,-4.0,-1.1
-4.0,-4.0,-1.1
-4.0,-4.0,-1.1
-4.0,-4.0,-1.1
-4.0,-4.0,-1.1
-4.0,-4.0,-1.1
-4.0,-4.0,-1.1
-4.0,-4.0,-1.1
-4.0,-4.0,-1.1
-4.0,-4.0,-1.1
-4.0,-4.0,-1.1
-4.0,-4.0,-1.1
-4.0,-4.0,-1.1
-4.0,-4.0,-1.1
-4.0,-4.0,-1.1
-4.0,-4.0,-1.1
-4.0,-4.0,-1.1
-4.0,-4.0,-1.1
-4.0,-4.0,-1.1
-4.0,-4.0,-1.1
-4.0,-4.0,-1.1
-4.0,-4.0,-1.1
-4.0,-4.0,-1.1
-4.0,-4.0,-1.1
-4.0,-4.0,-1.1
-4.0,-4.0,-1.1
-4.0,-4.0,-1.1
-4.0,-4.0,-1.1
-4.0,-4.0,-1.1
-4.0,-4.0,-1.1
-4.0,-4.0,-1.1
-4.0,-4.0,-1.1
-4.0,-4.0,-1.1
-4.0,-4.0,-1.1
-4.0,-4.0,-1.1
-4.0,-4.0,-1.1
-4.0,-4.0,-1.1
-4.0,-4.0,-1.1
-4.0,-4.0,-1.1
-4.0,-4.0,-1.1
-4.0,-4.0,-1.1
-4.0,-4.0,-1.1
-4.0,-4.0,-1.1
-4.0,-4.0,-1.1
-4.0,-4.0,-1.1
-4.0,-4.0,-1.1
-4.0,-4.0,-1.1
-4.0,-4.0,-1.1
-4.0,-4.0,-1.1
-4.0,-4.0,-1.1
-4.0,-4.0,-1.1
-4.0,-4.0,-1.1
-4.0,-4.0,-1.1
-4.0,-4.0,-1.1
-4.0,-4.0,-1.1
-4.0,-4.0,-1.1
-4.0,-4.0,-1.1
-4.0,-4.0,-1.1
-4.0,-4.0,-1.1
-4.0,-4.0,-1.1
-4.0,-4.0,-1.1
-4.0,-4.0,-1.1
-4.0,-4.0,-1.1
-4.0,-4.0,-1.1
-4.0,-4.0,-1.1
-4.0,-4.0,-1.1
-4.0,-4.0,-1.1
-4.0,-4.0,-1.1
-4.0,-4.0,-1.1
-4.0,-4.0,-1.1
-4.0,-4.0,-1.1
-4.0,-4.0,-1.1
-4.0,-4.0,-1.1
-4.0,-4.0,-1.1
-4.0,-4.0,-1.1
-4.0,-4.0,-1.1
-4.0,-4.0,-1.1
-4.0,-4.0,-1.1
-4.0,-4.0,-1.1
-4.0,-4.0,-1.1
-4.0,-4.0,-1.1
-4.0,-4.0,-1.1
-4.0,-4.0,-1.1
-4.0,-4.0,-1.1
-4.0,-4.0,-1.1
-4.0,-4.0,-1.1
-4.0,-4.0,-1.1
-4.0,-4.0,-1.1
-4.0,-4.0,-1.1
-4.0,-4.0,-1.1
-4.0,-4.0,-1.1
-4.0,-4.0,-1.1
-4.0,-4.0,-1.1
-4.0,-4.0,-1.1
-4.0,-4.0,-1.1
-4.0,-4.0,-1.1
-4.0,-4.0,-1.1
-4.0,-4.0,-1.1
-4.0,-4.0,-1.1
-4.0,-4.0,-1.1
-4.0,-4.0,-1.1
-4.0,-4.0,-1.1
-4.0,-4.0,-1.1
-4.0,-4.0,-1.1
-4.0,-4.0,-1.1
-4.0,-4.0,-1.1
-4.0,-4.0,-1.1
-4.0,-4.0,-1.1
-4.0,-4.0,-1.1
-4.0,-4.0,-1.1
-4.0,-4.0,-1.1
-4.0,-4.0,-1.1
-4.0,-4.0,-1.1
-4.0,-4.0,-1.1
-4.0,-4.0,-1.1
-4.0,-4.0,-1.1
-4.0,-4.0,-1.1
-4.0,-4.0,-1.1
-4.0,-4.0,-1.1
-4.0,-4.0,-1.1
-4.0,-4.0,-1.1
-4.0,-4.0,-1.1
-4.0,-4.0,-1.1
-4.0,-4.0,-1.1
-4.0,-4.0,-1.1
-4.0,-4.0,-1.1
-4.0,-4.0,-1.1
-4.0,-4.0,-1.1
-4.0,-4.0,-1.1
-4.0,-4.0,-1.1
-4.0,-4.0,-1.1
-4.0,-4.0,-1.1
-4.0,-4.0,-1.1
-4.0,-4.0,-1.1
-4.0,-4.0,-1.1
-4.0,-4.0,-1.1
-4.0,-4.0,-1.1
-4.0,-4.0,-1.1
-4.0,-4.0,-1.1
-4.0,-4.0,-1.1
-4.0,-4.0,-1.1
-4.0,-4.0,-1.1
-4.0,-4.0,-1.1
-4.0,-4.0,-1.1
-4.0,-4.0,-1.1
-4.0,-4.0,-1.1
-4.0,-4.0,-1.1
-4.0,-4.0,-1.1
-4.0,-4.0,-1.1
-4.0,-4.0,-1.1
-4.0,-4.0,-1.1
-4.0,-4.0,-1.1
-4.0,-4.0,-1.1
-4.0,-4.0,-1.1
-4.0,-4.0,-1.1
-4.0,-4.0,-1.1
-4.0,-4.0,-1.1
-4.0,-4.0,-1.1
-4.0,-4.0,-1.1
-4.0,-4.0,-1.1
-4.0,-4.0,-1.1
-4.0,-4.0,-1.1
-4.0,-4.0,-1.1
-4.0,-4.0,-1.1
-4.0,-4.0,-1.1
-4.0,-4.0,-1.1
-4.0,-4.0,-1.1
-4.0,-4.0,-1.1
-4.0,-4.0,-1.1
-4.0,-4.0,-1.1
-4.0,-4.0,-1.1
-4.0,-4.0,-1.1
-4.0,-4.0,-1.1
-4.0,-4.0,-1.1
-4.0,-4.0,-1.1
-4.0,-4.0,-1.1
-4.0,-4.0,-1.1
-4.0,-4.0,-1.1
-4.0,-4.0,-1.1
-4.0,-4.0,-1.1
-4.0,-4.0,-1.1
-4.0,-4.0,-1.1
-4.0,-4.0,-1.1
-4.0,-4.0,-1.1
-4.0,-4.0,-1.1
-4.0,-4.0,-1.1
-4.0,-4.0,-1.1
-4.0,-4.0,-1.1
-4.0,-4.0,-1.1
-4.0,-4.0,-1.1
-4.0,-4.0,-1.1
-4.0,-4.0,-1.1
-4.0,-4.0,-1.1
-4.0,-4.0,-1.1
-4.0,-4.0,-1.1
-4.0,-4.0,-1.1
-4.0,-4.0,-1.1
-4.0,-4.0,-1.1
-4.0,-4.0,-1.1
-4.0,-4.0,-1.1
-4.0,-4.0,-1.1
-4.0,-4.0,-1.1
-4.0,-4.0,-1.1
-4.0,-4.0,-1.1
-4.0,-4.0,-1.1
-4.0,-4.0,-1.1
-4.0,-4.0,-1.1
-4.0,-4.0,-1.1
-4.0,-4.0,-1.1
-4.0,-4.0,-1.1
-4.0,-4.0,-1.1
-4.0,-4.0,-1.1
-4.0,-4.0,-1.1
-4.0,-4.0,-1.1
-4.0,-4.0,-1.1
-4.0,-4.0,-1.1
-4.0,-4.0,-1.1
-4.0,-4.0,-1.1
-4.0,-4.0,-1.1
-4.0,-4.0,-1.1
-4.0,-4.0,-1.1
-4.0,-4.0,-1.1
-4.0,-4.0,-1.1
-4.0,-4.0,-1.1
-4.0,-4.0,-1.1
-4.0,-4.0,-1.1
-4.0,-4.0,-1.1
-4.0,-4.0,-1.1
-4.0,-4.0,-1.1
-4.0,-4.0,-1.1
-4.0,-4.0,-1.1
-4.0,-4.0,-1.1
-4.0,-4.0,-1.1
-4.0,-4.0,-1.1
-4.0,-4.0,-1.1
-4.0,-4.0,-1.1
-4.0,-4.0,-1.1
-4.0,-4.0,-1.1
-4.0,-4.0,-1.1
-4.0,-4.0,-1.1
-4.0,-4.0,-1.1
-4.0,-4.0,-1.1
-4.0,-4.0,-1.1
-4.0,-4.0,-1.1
-4.0,-4.0,-1.1
-4.0,-4.0,-1.1
-4.0,-4.0,-1.1
-4.0,-4.0,-1.1
-4.0,-4.0,-1.1
-4.0,-4.0,-1.1
-4.0,-4.0,-1.1
-4.0,-4.0,-1.1
-4.0,-4.0,-1.1
-4.0,-4.0,-1.1
-4.0,-4.0,-1.1
-4.0,-4.0,-1.1
-4.0,-4.0,-1.1
-4.0,-4.0,-1.1
-4.0,-4.0,-1.1
-4.0,-4.0,-1.1
-4.0,-4.0,-1.1
-4.0,-4.0,-1.1
-4.0,-4.0,-1.1
-4.0,-4.0,-1.1
-4.0,-4.0,-1.1
-4.0,-4.0,-1.1
-4.0,-4.0,-1.1
-4.0,-4.0,-1.1
-4.0,-4.0,-1.1
-4.0,-4.0,-1.1
-4.0,-4.0,-1.1
-4.0,-4.0,-1.1
-4.0,-4.0,-1.1
-4.0,-4.0,-1.1
-4.0,-4.0,-1.1
-4.0,-4.0,-1.1
-4.0,-4.0,-1.1
-4.0,-4.0,-1.1
-4.0,-4.0,-1.1
-4.0,-4.0,-1.1
-4.0,-4.0,-1.1
-4.0,-4.0,-1.1
-4.0,-4.0,-1.1
-4.0,-4.0,-1.1
-4.0,-4.0,-1.1
-4.0,-4.0,-1.1
-4.0,-4.0,-1.1
-4.0,-4.0,-1.1
-4.0,-4.0,-1.1
-4.0,-4.0,-1.1
-4.0,-4.0,-1.1
-4.0,-4.0,-1.1
-4.0,-4.0,-1.1
-4.0,-4.0,-1.1
-4.0,-4.0,-1.1
-4.0,-4.0,-1.1
-4.0,-4.0,-1.1
-4.0,-4.0,-1.1
-4.0,-4.0,-1.1
-4.0,-4.0,-1.1
-4.0,-4.0,-1.1
-4.0,-4.0,-1.1
-4.0,-4.0,-1.1
-4.0,-4.0,-1.1
-4.0,-4.0,-1.1
-4.0,-4.0,-1.1
-4.0,-4.0,-1.1
-4.0,-4.0,-1.1
-4.0,-4.0,-1.1
-4.0,-4.0,-1.1
-4.0,-4.0,-1.1
-4.0,-4.0,-1.1
-4.0,-4.0,-1.1
-4.0,-4.0,-1.1
-4.0,-4.0,-1.1
-4.0,-4.0,-1.1
-4.0,-4.0,-1.1
-4.0,-4.0,-1.1
-4.0,-4.0,-1.1
-4.0,-4.0,-1.1
-4.0,-4.0,-1.1
-4.0,-4.0,-1.1
-4.0,-4.0,-1.1
-4.0,-4.0,-1.1
-4.0,-4.0,-1.1
-4.0,-4.0,-1.1
-4.0,-4.0,-1.1
-4.0,-4.0,-1.1
-4.0,-4.0,-1.1
-4.0,-4.0,-1.1
-4.0,-4.0,-1.1
-4.0,-4.0,-1.1
-4.0,-4.0,-1.1
-4.0,-4.0,-1.1
-4.0,-4.0,-1.1
-4.0,-4.0,-1.1
-4.0,-4.0,-1.1
-4.0,-4.0,-1.1
-4.0,-4.0,-1.1
-4.0,-4.0,-1.1
-4.0,-4.0,-1.1
-4.0,-4.0,-1.1
-4.0,-4.0,-1.1
-4.0,-4.0,-1.1
-4.0,-4.0,-1.1
-4.0,-4.0,-1.1
-4.0,-4.0,-1.1
-4.0,-4.0,-1.1
-4.0,-4.0,-1.1
-4.0,-4.0,-1.1
-4.0,-4.0,-1.1
-4.0,-4.0,-1.1
-4.0,-4.0,-1.1
-4.0,-4.0,-1.1
-4.0,-4.0,-1.1
-4.0,-4.0,-1.1
-4.0,-4.0,-1.1
-4.0,-4.0,-1.1
-4.0,-4.0,-1.1
-4.0,-4.0,-1.1
-4.0,-4.0,-1.1
-4.0,-4.0,-1.1
-4.0,-4.0,-1.1
-4.0,-4.0,-1.1
-4.0,-4.0,-1.1
-4.0,-4.0,-1.1
-4.0,-4.0,-1.1
-4.0,-4.0,-1.1
-4.0,-4.0,-1.1
-4.0,-4.0,-1.1
-4.0,-4.0,-1.1
-4.0,-4.0,-1.1
-4.0,-4.0,-1.1
-4.0,-4.0,-1.1
-4.0,-4.0,-1.1
-4.0,-4.0,-1.1
-4.0,-4.0,-1.1
-4.0,-4.0,-1.1
-4.0,-4.0,-1.1
-4.0,-4.0,-1.1
-4.0,-4.0,-1.1
-4.0,-4.0,-1.1
-4.0,-4.0,-1.1
-4.0,-4.0,-1.1
-4.0,-4.0,-1.1
-4.0,-4.0,-1.1
-4.0,-4.0,-1.1
-4.0,-4.0,-1.1
-4.0,-4.0,-1.1
-4.0,-4.0,-1.1
-4.0,-4.0,-1.1
-4.0,-4.0,-1.1
-4.0,-4.0,-1.1
-4.0,-4.0,-1.1
-4.0,-4.0,-1.1
-4.0,-4.0,-1.1
-4.0,-4.0,-1.1
-4.0,-4.0,-1.1
-4.0,-4.0,-1.1
-4.0,-4.0,-1.1
-4.0,-4.0,-1.1
-4.0,-4.0,-1.1
-4.0,-4.0,-1.1
-4.0,-4.0,-1.1
-4.0,-4.0,-1.1
-4.0,-4.0,-1.1
-4.0,-4.0,-1.1
-4.0,-4.0,-1.1
-4.0,-4.0,-1.1
-4.0,-4.0,-1.1
-4.0,-4.0,-1.1
-4.0,-4.0,-1.1
-4.0,-4.0,-1.1
-4.0,-4.0,-1.1
-4.0,-4.0,-1.1
-4.0,-4.0,-1.1
-4.0,-4.0,-1.1
-4.0,-4.0,-1.1
-4.0,-4.0,-1.1
-4.0,-4.0,-1.1
-4.0,-4.0,-1.1
-4.0,-4.0,-1.1
-4.0,-4.0,-1.1
-4.0,-4.0,-1.1
-4.0,-4.0,-1.1
-4.0,-4.0,-1.1
-4.0,-4.0,-1.1
-4.0,-4.0,-1.1
-4.0,-4.0,-1.1
-4.0,-4.0,-1.1
-4.0,-4.0,-1.1
-4.0,-4.0,-1.1
-4.0,-4.0,-1.1
-4.0,-4.0,-1.1
-4.0,-4.0,-1.1
-4.0,-4.0,-1.1
-4.0,-4.0,-1.1
-4.0,-4.0,-1.1
-4.0,-4.0,-1.1
-4.0,-4.0,-1.1
-4.0,-4.0,-1.1
-4.0,-4.0,-1.1
-4.0,-4.0,-1.1
-4.0,-4.0,-1.1
-4.0,-4.0,-1.1
-4.0,-4.0,-1.1
-4.0,-4.0,-1.1
-4.0,-4.0,-1.1
-4.0,-4.0,-1.1
-4.0,-4.0,-1.1
-4.0,-4.0,-1.1
-4.0,-4.0,-1.1
-4.0,-4.0,-1.1
-4.0,-4.0,-1.1
-4.0,-4.0,-1.1
-4.0,-4.0,-1.1
-4.0,-4.0,-1.1
-4.0,-4.0,-1.1
-4.0,-4.0,-1.1
-4.0,-4.0,-1.1
-4.0,-4.0,-1.1
-4.0,-4.0,-1.1
-4.0,-4.0,-1.1
-4.0,-4.0,-1.1
-4.0,-4.0,-1.1
-4.0,-4.0,-1.1
-4.0,-4.0,-1.1
-4.0,-4.0,-1.1
-4.0,-4.0,-1.1
-4.0,-4.0,-1.1
-4.0,-4.0,-1.1
-4.0,-4.0,-1.1
-4.0,-4.0,-1.1
-4.0,-4.0,-1.1
-4.0,-4.0,-1.1
-4.0,-4.0,-1.1
-4.0,-4.0,-1.1
-4.0,-4.0,-1.1
-4.0,-4.0,-1.1
-4.0,-4.0,-1.1
-4.0,-4.0,-1.1
-4.0,-4.0,-1.1
-4.0,-4.0,-1.1
-4.0,-4.0,-1.1
-4.0,-4.0,-1.1
-4.0,-4.0,-1.1
-4.0,-4.0,-1.1
-4.0,-4.0,-1.1
-4.0,-4.0,-1.1
-4.0,-4.0,-1.1
-4.0,-4.0,-1.1
-4.0,-4.0,-1.1
-4.0,-4.0,-1.1
-4.0,-4.0,-1.1
-4.0,-4.0,-1.1
-4.0,-4.0,-1.1
-4.0,-4.0,-1.1
-4.0,-4.0,-1.1
-4.0,-4.0,-1.1
-4.0,-4.0,-1.1
-4.0,-4.0,-1.1
-4.0,-4.0,-1.1
-4.0,-4.0,-1.1
-4.0,-4.0,-1.1
-4.0,-4.0,-1.1
-4.0,-4.0,-1.1
-4.0,-4.0,-1.1
-4.0,-4.0,-1.1
-4.0,-4.0,-1.1
-4.0,-4.0,-1.1
-4.0,-4.0,-1.1
-4.0,-4.0,-1.1
-4.0,-4.0,-1.1
-4.0,-4.0,-1.1
-4.0,-4.0,-1.1
-4.0,-4.0,-1.1
-4.0,-4.0,-1.1
-4.0,-4.0,-1.1
-4.0,-4.0,-1.1
-4.0,-4.0,-1.1
-4.0,-4.0,-1.1
-4.0,-4.0,-1.1
-4.0,-4.0,-1.1
-4.0,-4.0,-1.1
-4.0,-4.0,-1.1
-4.0,-4.0,-1.1
-4.0,-4.0,-1.1
-4.0,-4.0,-1.1
-4.0,-4.0,-1.1
-4.0,-4.0,-1.1
-4.0,-4.0,-1.1
-4.0,-4.0,-1.1
-4.0,-4.0,-1.1
-4.0,-4.0,-1.1
-4.0,-4.0,-1.1
-4.0,-4.0,-1.1
-4.0,-4.0,-1.1
-4.0,-4.0,-1.1
-4.0,-4.0,-1.1
-4.0,-4.0,-1.1
-4.0,-4.0,-1.1
-4.0,-4.0,-1.1
-4.0,-4.0,-1.1
-4.0,-4.0,-1.1
-4.0,-4.0,-1.1
-4.0,-4.0,-1.1
-4.0,-4.0,-1.1
-4.0,-4.0,-1.1
-4.0,-4.0,-1.1
-4.0,-4.0,-1.1
-4.0,-4.0,-1.1
-4.0,-4.0,-1.1
-4.0,-4.0,-1.1
-4.0,-4.0,-1.1
-4.0,-4.0,-1.1
-4.0,-4.0,-1.1
-4.0,-4.0,-1.1
-4.0,-4.0,-1.1
-4.0,-4.0,-1.1
-4.0,-4.0,-1.1
-4.0,-4.0,-1.1
-4.0,-4.0,-1.1
-4.0,-4.0,-1.1
-4.0,-4.0,-1.1
-4.0,-4.0,-1.1
-4.0,-4.0,-1.1
-4.0,-4.0,-1.1
-4.0,-4.0,-1.1
-4.0,-4.0,-1.1
-4.0,-4.0,-1.1
-4.0,-4.0,-1.1
-4.0,-4.0,-1.1
-4.0,-4.0,-1.1
-4.0,-4.0,-1.1
-4.0,-4.0,-1.1
-4.0,-4.0,-1.1
-4.0,-4.0,-1.1
-4.0,-4.0,-1.1
-4.0,-4.0,-1.1
-4.0,-4.0,-1.1
-4.0,-4.0,-1.1
-4.0,-4.0,-1.1
-4.0,-4.0,-1.1
-4.0,-4.0,-1.1
-4.0,-4.0,-1.1
-4.0,-4.0,-1.1
-4.0,-4.0,-1.1
-4.0,-4.0,-1.1
-4.0,-4.0,-1.1
-4.0,-4.0,-1.1
-4.0,-4.0,-1.1
-4.0,-4.0,-1.1
-4.0,-4.0,-1.1
-4.0,-4.0,-1.1
-4.0,-4.0,-1.1
-4.0,-4.0,-1.1
-4.0,-4.0,-1.1
-4.0,-4.0,-1.1
-4.0,-4.0,-1.1
-4.0,-4.0,-1.1
-4.0,-4.0,-1.1
-4.0,-4.0,-1.1
-4.0,-4.0,-1.1
-4.0,-4.0,-1.1
-4.0,-4.0,-1.1
-4.0,-4.0,-1.1
-4.0,-4.0,-1.1
-4.0,-4.0,-1.1
-4.0,-4.0,-1.1
-4.0,-4.0,-1.1
-4.0,-4.0,-1.1
-4.0,-4.0,-1.1
-4.0,-4.0,-1.1
-4.0,-4.0,-1.1
-4.0,-4.0,-1.1
-4.0,-4.0,-1.1
-4.0,-4.0,-1.1
-4.0,-4.0,-1.1
-4.0,-4.0,-1.1
-4.0,-4.0,-1.1
-4.0,-4.0,-1.1
-4.0,-4.0,-1.1
-4.0,-4.0,-1.1
-4.0,-4.0,-1.1
-4.0,-4.0,-1.1
-4.0,-4.0,-1.1
-4.0,-4.0,-1.1
-4.0,-4.0,-1.1
-4.0,-4.0,-1.1
-4.0,-4.0,-1.1
-4.0,-4.0,-1.1
-4.0,-4.0,-1.1
-4.0,-4.0,-1.1
-4.0,-4.0,-1.1
-4.0,-4.0,-1.1
-4.0,-4.0,-1.1
-4.0,-4.0,-1.1
-4.0,-4.0,-1.1
-4.0,-4.0,-1.1
-4.0,-4.0,-1.1
-4.0,-4.0,-1.1
-4.0,-4.0,-1.1
-4.0,-4.0,-1.1
-4.0,-4.0,-1.1
-4.0,-4.0,-1.1
-4.0,-4.0,-1.1
-4.0,-4.0,-1.1
-4.0,-4.0,-1.1
-4.0,-4.0,-1.1
-4.0,-4.0,-1.1
-4.0,-4.0,-1.1
-4.0,-4.0,-1.1
-4.0,-4.0,-1.1
-4.0,-4.0,-1.1
-4.0,-4.0,-1.1
-4.0,-4.0,-1.1
-4.0,-4.0,-1.1
-4.0,-4.0,-1.1
-4.0,-4.0,-1.1
-4.0,-4.0,-1.1
-4.0,-4.0,-1.1
-4.0,-4.0,-1.1
-4.0,-4.0,-1.1
-4.0,-4.0,-1.1
-4.0,-4.0,-1.1
-4.0,-4.0,-1.1
-4.0,-4.0,-1.1
-4.0,-4.0,-1.1
-4.0,-4.0,-1.1
-4.0,-4.0,-1.1
-4.0,-4.0,-1.1
-4.0,-4.0,-1.1
-4.0,-4.0,-1.1
-4.0,-4.0,-1.1
-4.0,-4.0,-1.1
-4.0,-4.0,-1.1
-4.0,-4.0,-1.1
-4.0,-4.0,-1.1
-4.0,-4.0,-1.1
-4.0,-4.0,-1.1
-4.0,-4.0,-1.1
-4.0,-4.0,-1.1
-4.0,-4.0,-1.1
-4.0,-4.0,-1.1
-4.0,-4.0,-1.1
-4.0,-4.0,-1.1
-4.0,-4.0,-1.1
-4.0,-4.0,-1.1
-4.0,-4.0,-1.1
-4.0,-4.0,-1.1
-4.0,-4.0,-1.1
-4.0,-4.0,-1.1
-4.0,-4.0,-1.1
-4.0,-4.0,-1.1
-4.0,-4.0,-1.1
-4.0,-4.0,-1.1
-4.0,-4.0,-1.1
-4.0,-4.0,-1.1
-4.0,-4.0,-1.1
-4.0,-4.0,-1.1
-4.0,-4.0,-1.1
-4.0,-4.0,-1.1
-4.0,-4.0,-1.1
-4.0,-4.0,-1.1
-4.0,-4.0,-1.1
-4.0,-4.0,-1.1
-4.0,-4.0,-1.1
-4.0,-4.0,-1.1
-4.0,-4.0,-1.1
-4.0,-4.0,-1.1
-4.0,-4.0,-1.1
-4.0,-4.0,-1.1
-4.0,-4.0,-1.1
-4.0,-4.0,-1.1
-4.0,-4.0,-1.1
-4.0,-4.0,-1.1
-4.0,-4.0,-1.1
-4.0,-4.0,-1.1
-4.0,-4.0,-1.1
-4.0,-4.0,-1.1
-4.0,-4.0,-1.1
-4.0,-4.0,-1.1
-4.0,-4.0,-1.1
-4.0,-4.0,-1.1
-4.0,-4.0,-1.1
-4.0,-4.0,-1.1
-4.0,-4.0,-1.1
-4.0,-4.0,-1.1
-4.0,-4.0,-1.1
-4.0,-4.0,-1.1
-4.0,-4.0,-1.1
-4.0,-4.0,-1.1
-4.0,-4.0,-1.1
-4.0,-4.0,-1.1
-4.0,-4.0,-1.1
-4.0,-4.0,-1.1
-4.0,-4.0,-1.1
-4.0,-4.0,-1.1
-4.0,-4.0,-1.1
-4.0,-4.0,-1.1
-4.0,-4.0,-1.1
-4.0,-4.0,-1.1
-4.0,-4.0,-1.1
-4.0,-4.0,-1.1
-4.0,-4.0,-1.1
-4.0,-4.0,-1.1
-4.0,-4.0,-1.1
-4.0,-4.0,-1.1
-4.0,-4.0,-1.1
-4.0,-4.0,-1.1
-4.0,-4.0,-1.1
-4.0,-4.0,-1.1
-4.0,-4.0,-1.1
-4.0,-4.0,-1.1
-4.0,-4.0,-1.1
-4.0,-4.0,-1.1
-4.0,-4.0,-1.1
-4.0,-4.0,-1.1
-4.0,-4.0,-1.1
-4.0,-4.0,-1.1
-4.0,-4.0,-1.1
-4.0,-4.0,-1.1
-4.0,-4.0,-1.1
-4.0,-4.0,-1.1
-4.0,-4.0,-1.1
-4.0,-4.0,-1.1
-4.0,-4.0,-1.1
-4.0,-4.0,-1.1
-4.0,-4.0,-1.1
-4.0,-4.0,-1.1
-4.0,-4.0,-1.1
-4.0,-4.0,-1.1
-4.0,-4.0,-1.1
-4.0,-4.0,-1.1
-4.0,-4.0,-1.1
-4.0,-4.0,-1.1
-4.0,-4.0,-1.1
-4.0,-4.0,-1.1
-4.0,-4.0,-1.1
-4.0,-4.0,-1.1
-4.0,-4.0,-1.1
-4.0,-4.0,-1.1
-4.0,-4.0,-1.1
-4.0,-4.0,-1.1
-4.0,-4.0,-1.1
-4.0,-4.0,-1.1
-4.0,-4.0,-1.1
-4.0,-4.0,-1.1
-4.0,-4.0,-1.1
-4.0,-4.0,-1.1
-4.0,-4.0,-1.1
-4.0,-4.0,-1.1
-4.0,-4.0,-1.1
-4.0,-4.0,-1.1
-4.0,-4.0,-1.1
-4.0,-4.0,-1.1
-4.0,-4.0,-1.1
-4.0,-4.0,-1.1
-4.0,-4.0,-1.1
-4.0,-4.0,-1.1
-4.0,-4.0,-1.1
-4.0,-4.0,-1.1
-4.0,-4.0,-1.1
-4.0,-4.0,-1.1
-4.0,-4.0,-1.1
-4.0,-4.0,-1.1
-4.0,-4.0,-1.1
-4.0,-4.0,-1.1
-4.0,-4.0,-1.1
-4.0,-4.0,-1.1
-4.0,-4.0,-1.1
-4.0,-4.0,-1.1
-4.0,-4.0,-1.1
-4.0,-4.0,-1.1
-4.0,-4.0,-1.1
-4.0,-4.0,-1.1
-4.0,-4.0,-1.1
-4.0,-4.0,-1.1
-4.0,-4.0,-1.1
-4.0,-4.0,-1.1
-4.0,-4.0,-1.1
-4.0,-4.0,-1.1
-4.0,-4.0,-1.1
-4.0,-4.0,-1.1
-4.0,-4.0,-1.1
-4.0,-4.0,-1.1
-4.0,-4.0,-1.1
-4.0,-4.0,-1.1
-4.0,-4.0,-1.1
-4.0,-4.0,-1.1
-4.0,-4.0,-1.1
-4.0,-4.0,-1.1
-4.0,-4.0,-1.1
-4.0,-4.0,-1.1
-4.0,-4.0,-1.1
-4.0,-4.0,-1.1
-4.0,-4.0,-1.1
-4.0,-4.0,-1.1
-4.0,-4.0,-1.1
-4.0,-4.0,-1.1
-4.0,-4.0,-1.1
-4.0,-4.0,-1.1
-4.0,-4.0,-1.1
-4.0,-4.0,-1.1
-4.0,-4.0,-1.1
-4.0,-4.0,-1.1
-4.0,-4.0,-1.1
-4.0,-4.0,-1.1
-4.0,-4.0,-1.1
-4.0,-4.0,-1.1
-4.0,-4.0,-1.1
-4.0,-4.0,-1.1
-4.0,-4.0,-1.1
-4.0,-4.0,-1.1
-4.0,-4.0,-1.1
-4.0,-4.0,-1.1
-4.0,-4.0,-1.1
-4.0,-4.0,-1.1
-4.0,-4.0,-1.1
-4.0,-4.0,-1.1
-4.0,-4.0,-1.1
-4.0,-4.0,-1.1
-4.0,-4.0,-1.1
-4.0,-4.0,-1.1
-4.0,-4.0,-1.1
-4.0,-4.0,-1.1
-4.0,-4.0,-1.1
-4.0,-4.0,-1.1
-4.0,-4.0,-1.1
-4.0,-4.0,-1.1
-4.0,-4.0,-1.1
-4.0,-4.0,-1.1
-4.0,-4.0,-1.1
-4.0,-4.0,-1.1
-4.0,-4.0,-1.1
-4.0,-4.0,-1.1
-4.0,-4.0,-1.1
-4.0,-4.0,-1.1
-4.0,-4.0,-1.1
-4.0,-4.0,-1.1
-4.0,-4.0,-1.1
-4.0,-4.0,-1.1
-4.0,-4.0,-1.1
-4.0,-4.0,-1.1
-4.0,-4.0,-1.1
-4.0,-4.0,-1.1
-4.0,-4.0,-1.1
-4.0,-4.0,-1.1
-4.0,-4.0,-1.1
-4.0,-4.0,-1.1
-4.0,-4.0,-1.1
-4.0,-4.0,-1.1
-4.0,-4.0,-1.1
-4.0,-4.0,-1.1
-4.0,-4.0,-1.1
-4.0,-4.0,-1.1
-4.0,-4.0,-1.1
-4.0,-4.0,-1.1
-4.0,-4.0,-1.1
-4.0,-4.0,-1.1
-4.0,-4.0,-1.1
-4.0,-4.0,-1.1
-4.0,-4.0,-1.1
-4.0,-4.0,-1.1
-4.0,-4.0,-1.1
-4.0,-4.0,-1.1
-4.0,-4.0,-1.1
-4.0,-4.0,-1.1
-4.0,-4.0,-1.1
-4.0,-4.0,-1.1
-4.0,-4.0,-1.1
-4.0,-4.0,-1.1
-4.0,-4.0,-1.1
-4.0,-4.0,-1.1
-4.0,-4.0,-1.1
-4.0,-4.0,-1.1
-4.0,-4.0,-1.1
-4.0,-4.0,-1.1
-4.0,-4.0,-1.1
-4.0,-4.0,-1.1
-4.0,-4.0,-1.1
-4.0,-4.0,-1.1
-4.0,-4.0,-1.1
-4.0,-4.0,-1.1
-4.0,-4.0,-1.1
-4.0,-4.0,-1.1
-4.0,-4.0,-1.1
-4.0,-4.0,-1.1
-4.0,-4.0,-1.1
-4.0,-4.0,-1.1
-4.0,-4.0,-1.1
-4.0,-4.0,-1.1
-4.0,-4.0,-1.1
-4.0,-4.0,-1.1
-4.0,-4.0,-1.1
-4.0,-4.0,-1.1
-4.0,-4.0,-1.1
-4.0,-4.0,-1.1
-4.0,-4.0,-1.1
-4.0,-4.0,-1.1
-4.0,-4.0,-1.1
-4.0,-4.0,-1.1
-4.0,-4.0,-1.1
-4.0,-4.0,-1.1
-4.0,-4.0,-1.1
-4.0,-4.0,-1.1
-4.0,-4.0,-1.1
-4.0,-4.0,-1.1
-4.0,-4.0,-1.1
-4.0,-4.0,-1.1
-4.0,-4.0,-1.1
-4.0,-4.0,-1.1
-4.0,-4.0,-1.1
-4.0,-4.0,-1.1
-4.0,-4.0,-1.1
-4.0,-4.0,-1.1
-4.0,-4.0,-1.1
-4.0,-4.0,-1.1
-4.0,-4.0,-1.1
-4.0,-4.0,-1.1
-4.0,-4.0,-1.1
-4.0,-4.0,-1.1
-4.0,-4.0,-1.1
-4.0,-4.0,-1.1
-4.0,-4.0,-1.1
-4.0,-4.0,-1.1
-4.0,-4.0,-1.1
-4.0,-4.0,-1.1
-4.0,-4.0,-1.1
-4.0,-4.0,-1.1
-4.0,-4.0,-1.1
-4.0,-4.0,-1.1
-4.0,-4.0,-1.1
-4.0,-4.0,-1.1
-4.0,-4.0,-1.1
-4.0,-4.0,-1.1
-4.0,-4.0,-1.1
-4.0,-4.0,-1.1
-4.0,-4.0,-1.1
-4.0,-4.0,-1.1
-4.0,-4.0,-1.1
-4.0,-4.0,-1.1
-4.0,-4.0,-1.1
-4.0,-4.0,-1.1
-4.0,-4.0,-1.1
-4.0,-4.0,-1.1
-4.0,-4.0,-1.1
-4.0,-4.0,-1.1
-4.0,-4.0,-1.1
-4.0,-4.0,-1.1
-4.0,-4.0,-1.1
-4.0,-4.0,-1.1
-4.0,-4.0,-1.1
-4.0,-4.0,-1.1
-4.0,-4.0,-1.1
-4.0,-4.0,-1.1
-4.0,-4.0,-1.1
-4.0,-4.0,-1.1
-4.0,-4.0,-1.1
-4.0,-4.0,-1.1
-4.0,-4.0,-1.1
-4.0,-4.0,-1.1
-4.0,-4.0,-1.1
-4.0,-4.0,-1.1
-4.0,-4.0,-1.1
-4.0,-4.0,-1.1
-4.0,-4.0,-1.1
-4.0,-4.0,-1.1
-4.0,-4.0,-1.1
-4.0,-4.0,-1.1
-4.0,-4.0,-1.1
-4.0,-4.0,-1.1
-4.0,-4.0,-1.1
-4.0,-4.0,-1.1
-4.0,-4.0,-1.1
-4.0,-4.0,-1.1
-4.0,-4.0,-1.1
-4.0,-4.0,-1.1
-4.0,-4.0,-1.1
-4.0,-4.0,-1.1
-4.0,-4.0,-1.1
-4.0,-4.0,-1.1
-4.0,-4.0,-1.1
-4.0,-4.0,-1.1
-4.0,-4.0,-1.1
-4.0,-4.0,-1.1
-4.0,-4.0,-1.1
-4.0,-4.0,-1.1
-4.0,-4.0,-1.1
-4.0,-4.0,-1.1
-4.0,-4.0,-1.1
-4.0,-4.0,-1.1
-4.0,-4.0,-1.1
-4.0,-4.0,-1.1
-4.0,-4.0,-1.1
-4.0,-4.0,-1.1
-4.0,-4.0,-1.1
-4.0,-4.0,-1.1
-4.0,-4.0,-1.1
-4.0,-4.0,-1.1
-4.0,-4.0,-1.1
-4.0,-4.0,-1.1
-4.0,-4.0,-1.1
-4.0,-4.0,-1.1
-4.0,-4.0,-1.1
-4.0,-4.0,-1.1
-4.0,-4.0,-1.1
-4.0,-4.0,-1.1
-4.0,-4.0,-1.1
-4.0,-4.0,-1.1
-4.0,-4.0,-1.1
-4.0,-4.0,-1.1
-4.0,-4.0,-1.1
-4.0,-4.0,-1.1
-4.0,-4.0,-1.1
-4.0,-4.0,-1.1
-4.0,-4.0,-1.1
-4.0,-4.0,-1.1
-4.0,-4.0,-1.1
-4.0,-4.0,-1.1
-4.0,-4.0,-1.1
-4.0,-4.0,-1.1
-4.0,-4.0,-1.1
-4.0,-4.0,-1.1
-4.0,-4.0,-1.1
-4.0,-4.0,-1.1
-4.0,-4.0,-1.1
-4.0,-4.0,-1.1
-4.0,-4.0,-1.1
-4.0,-4.0,-1.1
-4.0,-4.0,-1.1
-4.0,-4.0,-1.1
-4.0,-4.0,-1.1
-4.0,-4.0,-1.1
-4.0,-4.0,-1.1
-4.0,-4.0,-1.1
-4.0,-4.0,-1.1
-4.0,-4.0,-1.1
-4.0,-4.0,-1.1
-4.0,-4.0,-1.1
-4.0,-4.0,-1.1
-4.0,-4.0,-1.1
-4.0,-4.0,-1.1
-4.0,-4.0,-1.1
-4.0,-4.0,-1.1
-4.0,-4.0,-1.1
-4.0,-4.0,-1.1
-4.0,-4.0,-1.1
-4.0,-4.0,-1.1
-4.0,-4.0,-1.1
-4.0,-4.0,-1.1
-4.0,-4.0,-1.1
-4.0,-4.0,-1.1
-4.0,-4.0,-1.1
-4.0,-4.0,-1.1
-4.0,-4.0,-1.1
-4.0,-4.0,-1.1
-4.0,-4.0,-1.1
-4.0,-4.0,-1.1
-4.0,-4.0,-1.1
-4.0,-4.0,-1.1
-4.0,-4.0,-1.1
-4.0,-4.0,-1.1
-4.0,-4.0,-1.1
-4.0,-4.0,-1.1
-4.0,-4.0,-1.1
-4.0,-4.0,-1.1
-4.0,-4.0,-1.1
-4.0,-4.0,-1.1
-4.0,-4.0,-1.1
-4.0,-4.0,-1.1
-4.0,-4.0,-1.1
-4.0,-4.0,-1.1
-4.0,-4.0,-1.1
-4.0,-4.0,-1.1
-4.0,-4.0,-1.1
-4.0,-4.0,-1.1
-4.0,-4.0,-1.1
-4.0,-4.0,-1.1
-4.0,-4.0,-1.1
-4.0,-4.0,-1.1
-4.0,-4.0,-1.1
-4.0,-4.0,-1.1
-4.0,-4.0,-1.1
-4.0,-4.0,-1.1
-4.0,-4.0,-1.1
-4.0,-4.0,-1.1
-4.0,-4.0,-1.1
-4.0,-4.0,-1.1
-4.0,-4.0,-1.1
-4.0,-4.0,-1.1
-4.0,-4.0,-1.1
-4.0,-4.0,-1.1
-4.0,-4.0,-1.1
-4.0,-4.0,-1.1
-4.0,-4.0,-1.1
-4.0,-4.0,-1.1
-4.0,-4.0,-1.1
-4.0,-4.0,-1.1
-4.0,-4.0,-1.1
-4.0,-4.0,-1.1
-4.0,-4.0,-1.1
-4.0,-4.0,-1.1
-4.0,-4.0,-1.1
-4.0,-4.0,-1.1
-4.0,-4.0,-1.1
-4.0,-4.0,-1.1
-4.0,-4.0,-1.1
-4.0,-4.0,-1.1
-4.0,-4.0,-1.1
-4.0,-4.0,-1.1
-4.0,-4.0,-1.1
-4.0,-4.0,-1.1
-4.0,-4.0,-1.1
-4.0,-4.0,-1.1
-4.0,-4.0,-1.1
-4.0,-4.0,-1.1
-4.0,-4.0,-1.1
-4.0,-4.0,-1.1
-4.0,-4.0,-1.1
-4.0,-4.0,-1.1
-4.0,-4.0,-1.1
-4.0,-4.0,-1.1
-4.0,-4.0,-1.1
-4.0,-4.0,-1.1
-4.0,-4.0,-1.1
-4.0,-4.0,-1.1
-4.0,-4.0,-1.1
-4.0,-4.0,-1.1
-4.0,-4.0,-1.1
-4.0,-4.0,-1.1
-4.0,-4.0,-1.1
-4.0,-4.0,-1.1
-4.0,-4.0,-1.1
-4.0,-4.0,-1.1
-4.0,-4.0,-1.1
-4.0,-4.0,-1.1
-4.0,-4.0,-1.1
-4.0,-4.0,-1.1
-4.0,-4.0,-1.1
-4.0,-4.0,-1.1
-4.0,-4.0,-1.1
-4.0,-4.0,-1.1
-4.0,-4.0,-1.1
-4.0,-4.0,-1.1
-4.0,-4.0,-1.1
-4.0,-4.0,-1.1
-4.0,-4.0,-1.1
-4.0,-4.0,-1.1
-4.0,-4.0,-1.1
-4.0,-4.0,-1.1
-4.0,-4.0,-1.1
-4.0,-4.0,-1.1
-4.0,-4.0,-1.1
-4.0,-4.0,-1.1
-4.0,-4.0,-1.1
-4.0,-4.0,-1.1
-4.0,-4.0,-1.1
-4.0,-4.0,-1.1
-4.0,-4.0,-1.1
-4.0,-4.0,-1.1
-4.0,-4.0,-1.1
-4.0,-4.0,-1.1
-4.0,-4.0,-1.1
-4.0,-4.0,-1.1
-4.0,-4.0,-1.1
-4.0,-4.0,-1.1
-4.0,-4.0,-1.1
-4.0,-4.0,-1.1
-4.0,-4.0,-1.1
-4.0,-4.0,-1.1
-4.0,-4.0,-1.1
-4.0,-4.0,-1.1
-4.0,-4.0,-1.1
-4.0,-4.0,-1.1
-4.0,-4.0,-1.1
-4.0,-4.0,-1.1
-4.0,-4.0,-1.1
-4.0,-4.0,-1.1
-4.0,-4.0,-1.1
-4.0,-4.0,-1.1
-4.0,-4.0,-1.1
-4.0,-4.0,-1.1
-4.0,-4.0,-1.1
-4.0,-4.0,-1.1
-4.0,-4.0,-1.1
-4.0,-4.0,-1.1
-4.0,-4.0,-1.1
-4.0,-4.0,-1.1
-4.0,-4.0,-1.1
-4.0,-4.0,-1.1
-4.0,-4.0,-1.1
-4.0,-4.0,-1.1
-4.0,-4.0,-1.1
-4.0,-4.0,-1.1
-4.0,-4.0,-1.1
-4.0,-4.0,-1.1
-4.0,-4.0,-1.1
-4.0,-4.0,-1.1
-4.0,-4.0,-1.1
-4.0,-4.0,-1.1
-4.0,-4.0,-1.1
-4.0,-4.0,-1.1
-4.0,-4.0,-1.1
-4.0,-4.0,-1.1
-4.0,-4.0,-1.1
-4.0,-4.0,-1.1
-4.0,-4.0,-1.1
-4.0,-4.0,-1.1
-4.0,-4.0,-1.1
-4.0,-4.0,-1.1
-4.0,-4.0,-1.1
-4.0,-4.0,-1.1
-4.0,-4.0,-1.1
-4.0,-4.0,-1.1
-4.0,-4.0,-1.1
-4.0,-4.0,-1.1
-4.0,-4.0,-1.1
-4.0,-4.0,-1.1
-4.0,-4.0,-1.1
-4.0,-4.0,-1.1
-4.0,-4.0,-1.1
-4.0,-4.0,-1.1
-4.0,-4.0,-1.1
-4.0,-4.0,-1.1
-4.0,-4.0,-1.1
-4.0,-4.0,-1.1
-4.0,-4.0,-1.1
-4.0,-4.0,-1.1
-4.0,-4.0,-1.1
-4.0,-4.0,-1.1
-4.0,-4.0,-1.1
-4.0,-4.0,-1.1
-4.0,-4.0,-1.1
-4.0,-4.0,-1.1
-4.0,-4.0,-1.1
-4.0,-4.0,-1.1
-4.0,-4.0,-1.1
-4.0,-4.0,-1.1
-4.0,-4.0,-1.1
-4.0,-4.0,-1.1
-4.0,-4.0,-1.1
-4.0,-4.0,-1.1
-4.0,-4.0,-1.1
-4.0,-4.0,-1.1
-4.0,-4.0,-1.1
-4.0,-4.0,-1.1
-4.0,-4.0,-1.1
-4.0,-4.0,-1.1
-4.0,-4.0,-1.1
-4.0,-4.0,-1.1
-4.0,-4.0,-1.1
-4.0,-4.0,-1.1
-4.0,-4.0,-1.1
-4.0,-4.0,-1.1
-4.0,-4.0,-1.1
-4.0,-4.0,-1.1
-4.0,-4.0,-1.1
-4.0,-4.0,-1.1
-4.0,-4.0,-1.1
-4.0,-4.0,-1.1
-4.0,-4.0,-1.1
-4.0,-4.0,-1.1
-4.0,-4.0,-1.1
-4.0,-4.0,-1.1
-4.0,-4.0,-1.1
-4.0,-4.0,-1.1
-4.0,-4.0,-1.1
-4.0,-4.0,-1.1
-4.0,-4.0,-1.1
-4.0,-4.0,-1.1
-4.0,-4.0,-1.1
-4.0,-4.0,-1.1
-4.0,-4.0,-1.1
-4.0,-4.0,-1.1
-4.0,-4.0,-1.1
-4.0,-4.0,-1.1
-4.0,-4.0,-1.1
-4.0,-4.0,-1.1
-4.0,-4.0,-1.1
-4.0,-4.0,-1.1
-4.0,-4.0,-1.1
-4.0,-4.0,-1.1
-4.0,-4.0,-1.1
-4.0,-4.0,-1.1
-4.0,-4.0,-1.1
-4.0,-4.0,-1.1
-4.0,-4.0,-1.1
-4.0,-4.0,-1.1
-4.0,-4.0,-1.1
-4.0,-4.0,-1.1
-4.0,-4.0,-1.1
-4.0,-4.0,-1.1
-4.0,-4.0,-1.1
-4.0,-4.0,-1.1
-4.0,-4.0,-1.1
-4.0,-4.0,-1.1
-4.0,-4.0,-1.1
-4.0,-4.0,-1.1
-4.0,-4.0,-1.1
-4.0,-4.0,-1.1
-4.0,-4.0,-1.1
-4.0,-4.0,-1.1
-4.0,-4.0,-1.1
-4.0,-4.0,-1.1
-4.0,-4.0,-1.1
-4.0,-4.0,-1.1
-4.0,-4.0,-1.1
-4.0,-4.0,-1.1
-4.0,-4.0,-1.1
-4.0,-4.0,-1.1
-4.0,-4.0,-1.1
-4.0,-4.0,-1.1
-4.0,-4.0,-1.1
-4.0,-4.0,-1.1
-4.0,-4.0,-1.1
-4.0,-4.0,-1.1
-4.0,-4.0,-1.1
-4.0,-4.0,-1.1
-4.0,-4.0,-1.1
-4.0,-4.0,-1.1
-4.0,-4.0,-1.1
-4.0,-4.0,-1.1
-4.0,-4.0,-1.1
-4.0,-4.0,-1.1
-4.0,-4.0,-1.1
-4.0,-4.0,-1.1
-4.0,-4.0,-1.1
-4.0,-4.0,-1.1
-4.0,-4.0,-1.1
-4.0,-4.0,-1.1
-4.0,-4.0,-1.1
-4.0,-4.0,-1.1
-4.0,-4.0,-1.1
-4.0,-4.0,-1.1
-4.0,-4.0,-1.1
-4.0,-4.0,-1.1
-4.0,-4.0,-1.1
-4.0,-4.0,-1.1
-4.0,-4.0,-1.1
-4.0,-4.0,-1.1
-4.0,-4.0,-1.1
-4.0,-4.0,-1.1
-4.0,-4.0,-1.1
-4.0,-4.0,-1.1
-4.0,-4.0,-1.1
-4.0,-4.0,-1.1
-4.0,-4.0,-1.1
-4.0,-4.0,-1.1
-4.0,-4.0,-1.1
-4.0,-4.0,-1.1
-4.0,-4.0,-1.1
-4.0,-4.0,-1.1
-4.0,-4.0,-1.1
-4.0,-4.0,-1.1
-4.0,-4.0,-1.1
-4.0,-4.0,-1.1
-4.0,-4.0,-1.1
-4.0,-4.0,-1.1
-4.0,-4.0,-1.1
-4.0,-4.0,-1.1
-4.0,-4.0,-1.1
-4.0,-4.0,-1.1
-4.0,-4.0,-1.1
-4.0,-4.0,-1.1
-4.0,-4.0,-1.1
-4.0,-4.0,-1.1
-4.0,-4.0,-1.1
-4.0,-4.0,-1.1
-4.0,-4.0,-1.1
-4.0,-4.0,-1.1
-4.0,-4.0,-1.1
-4.0,-4.0,-1.1
-4.0,-4.0,-1.1
-4.0,-4.0,-1.1
-4.0,-4.0,-1.1
-4.0,-4.0,-1.1
-4.0,-4.0,-1.1
-4.0,-4.0,-1.1
-4.0,-4.0,-1.1
-4.0,-4.0,-1.1
-4.0,-4.0,-1.1
-4.0,-4.0,-1.1
-4.0,-4.0,-1.1
-4.0,-4.0,-1.1
-4.0,-4.0,-1.1
-4.0,-4.0,-1.1
-4.0,-4.0,-1.1
-4.0,-4.0,-1.1
-4.0,-4.0,-1.1
-4.0,-4.0,-1.1
-4.0,-4.0,-1.1
-4.0,-4.0,-1.1
-4.0,-4.0,-1.1
-4.0,-4.0,-1.1
-4.0,-4.0,-1.1
-4.0,-4.0,-1.1
-4.0,-4.0,-1.1
-4.0,-4.0,-1.1
-4.0,-4.0,-1.1
-4.0,-4.0,-1.1
-4.0,-4.0,-1.1
-4.0,-4.0,-1.1
-4.0,-4.0,-1.1
-4.0,-4.0,-1.1
-4.0,-4.0,-1.1
-4.0,-4.0,-1.1
-4.0,-4.0,-1.1
-4.0,-4.0,-1.1
-4.0,-4.0,-1.1
-4.0,-4.0,-1.1
-4.0,-4.0,-1.1
-4.0,-4.0,-1.1
-4.0,-4.0,-1.1
-4.0,-4.0,-1.1
-4.0,-4.0,-1.1
-4.0,-4.0,-1.1
-4.0,-4.0,-1.1
-4.0,-4.0,-1.1
-4.0,-4.0,-1.1
-4.0,-4.0,-1.1
-4.0,-4.0,-1.1
-4.0,-4.0,-1.1
-4.0,-4.0,-1.1
-4.0,-4.0,-1.1
-4.0,-4.0,-1.1
-4.0,-4.0,-1.1
-4.0,-4.0,-1.1
-4.0,-4.0,-1.1
-4.0,-4.0,-1.1
-4.0,-4.0,-1.1
-4.0,-4.0,-1.1
-4.0,-4.0,-1.1
-4.0,-4.0,-1.1
-4.0,-4.0,-1.1
-4.0,-4.0,-1.1
-4.0,-4.0,-1.1
-4.0,-4.0,-1.1
-4.0,-4.0,-1.1
-4.0,-4.0,-1.1
-4.0,-4.0,-1.1
-4.0,-4.0,-1.1
-4.0,-4.0,-1.1
-4.0,-4.0,-1.1
-4.0,-4.0,-1.1
-4.0,-4.0,-1.1
-4.0,-4.0,-1.1
-4.0,-4.0,-1.1
-4.0,-4.0,-1.1
-4.0,-4.0,-1.1
-4.0,-4.0,-1.1
-4.0,-4.0,-1.1
-4.0,-4.0,-1.1
-4.0,-4.0,-1.1
-4.0,-4.0,-1.1
-4.0,-4.0,-1.1
-4.0,-4.0,-1.1
-4.0,-4.0,-1.1
-4.0,-4.0,-1.1
-4.0,-4.0,-1.1
-4.0,-4.0,-1.1
-4.0,-4.0,-1.1
-4.0,-4.0,-1.1
-4.0,-4.0,-1.1
-4.0,-4.0,-1.1
-4.0,-4.0,-1.1
-4.0,-4.0,-1.1
-4.0,-4.0,-1.1
-4.0,-4.0,-1.1
-4.0,-4.0,-1.1
-4.0,-4.0,-1.1
-4.0,-4.0,-1.1
-4.0,-4.0,-1.1
-4.0,-4.0,-1.1
-4.0,-4.0,-1.1
-4.0,-4.0,-1.1
-4.0,-4.0,-1.1
-4.0,-4.0,-1.1
-4.0,-4.0,-1.1
-4.0,-4.0,-1.1
-4.0,-4.0,-1.1
-4.0,-4.0,-1.1
-4.0,-4.0,-1.1
-4.0,-4.0,-1.1
-4.0,-4.0,-1.1
-4.0,-4.0,-1.1
-4.0,-4.0,-1.1
-4.0,-4.0,-1.1
-4.0,-4.0,-1.1
-4.0,-4.0,-1.1
-4.0,-4.0,-1.1
-4.0,-4.0,-1.1
-4.0,-4.0,-1.1
-4.0,-4.0,-1.1
-4.0,-4.0,-1.1
-4.0,-4.0,-1.1
-4.0,-4.0,-1.1
-4.0,-4.0,-1.1
-4.0,-4.0,-1.1
-4.0,-4.0,-1.1
-4.0,-4.0,-1.1
-4.0,-4.0,-1.1
-4.0,-4.0,-1.1
-4.0,-4.0,-1.1
-4.0,-4.0,-1.1
-4.0,-4.0,-1.1
-4.0,-4.0,-1.1
-4.0,-4.0,-1.1
-4.0,-4.0,-1.1
-4.0,-4.0,-1.1
-4.0,-4.0,-1.1
-4.0,-4.0,-1.1
-4.0,-4.0,-1.1
-4.0,-4.0,-1.1
-4.0,-4.0,-1.1
-4.0,-4.0,-1.1
-4.0,-4.0,-1.1
-4.0,-4.0,-1.1
-4.0,-4.0,-1.1
-4.0,-4.0,-1.1
-4.0,-4.0,-1.1
-4.0,-4.0,-1.1
-4.0,-4.0,-1.1
-4.0,-4.0,-1.1
-4.0,-4.0,-1.1
-4.0,-4.0,-1.1
-4.0,-4.0,-1.1
-4.0,-4.0,-1.1
-4.0,-4.0,-1.1
-4.0,-4.0,-1.1
-4.0,-4.0,-1.1
-4.0,-4.0,-1.1
-4.0,-4.0,-1.1
-4.0,-4.0,-1.1
-4.0,-4.0,-1.1
-4.0,-4.0,-1.1
-4.0,-4.0,-1.1
-4.0,-4.0,-1.1
-4.0,-4.0,-1.1
-4.0,-4.0,-1.1
-4.0,-4.0,-1.1
-4.0,-4.0,-1.1
-4.0,-4.0,-1.1
-4.0,-4.0,-1.1
-4.0,-4.0,-1.1
-4.0,-4.0,-1.1
-4.0,-4.0,-1.1
-4.0,-4.0,-1.1
-4.0,-4.0,-1.1
-4.0,-4.0,-1.1
-4.0,-4.0,-1.1
-4.0,-4.0,-1.1
-4.0,-4.0,-1.1
-4.0,-4.0,-1.1
-4.0,-4.0,-1.1
-4.0,-4.0,-1.1
-4.0,-4.0,-1.1
-4.0,-4.0,-1.1
-4.0,-4.0,-1.1
-4.0,-4.0,-1.1
-4.0,-4.0,-1.1
-4.0,-4.0,-1.1
-4.0,-4.0,-1.1
-4.0,-4.0,-1.1
-4.0,-4.0,-1.1
-4.0,-4.0,-1.1
-4.0,-4.0,-1.1
-4.0,-4.0,-1.1
-4.0,-4.0,-1.1
-4.0,-4.0,-1.1
-4.0,-4.0,-1.1
-4.0,-4.0,-1.1
-4.0,-4.0,-1.1
-4.0,-4.0,-1.1
-4.0,-4.0,-1.1
-4.0,-4.0,-1.1
-4.0,-4.0,-1.1
-4.0,-4.0,-1.1
-4.0,-4.0,-1.1
-4.0,-4.0,-1.1
-4.0,-4.0,-1.1
-4.0,-4.0,-1.1
-4.0,-4.0,-1.1
-4.0,-4.0,-1.1
-4.0,-4.0,-1.1
-4.0,-4.0,-1.1
-4.0,-4.0,-1.1
-4.0,-4.0,-1.1
-4.0,-4.0,-1.1
-4.0,-4.0,-1.1
-4.0,-4.0,-1.1
-4.0,-4.0,-1.1
-4.0,-4.0,-1.1
-4.0,-4.0,-1.1
-4.0,-4.0,-1.1
-4.0,-4.0,-1.1
-4.0,-4.0,-1.1
-4.0,-4.0,-1.1
-4.0,-4.0,-1.1
-4.0,-4.0,-1.1
-4.0,-4.0,-1.1
-4.0,-4.0,-1.1
-4.0,-4.0,-1.1
-4.0,-4.0,-1.1
-4.0,-4.0,-1.1
-4.0,-4.0,-1.1
-4.0,-4.0,-1.1
-4.0,-4.0,-1.1
-4.0,-4.0,-1.1
-4.0,-4.0,-1.1
-4.0,-4.0,-1.1
-4.0,-4.0,-1.1
-4.0,-4.0,-1.1
-4.0,-4.0,-1.1
-4.0,-4.0,-1.1
-4.0,-4.0,-1.1
-4.0,-4.0,-1.1
-4.0,-4.0,-1.1
-4.0,-4.0,-1.1
-4.0,-4.0,-1.1
-4.0,-4.0,-1.1
-4.0,-4.0,-1.1
-4.0,-4.0,-1.1
-4.0,-4.0,-1.1
-4.0,-4.0,-1.1
-4.0,-4.0,-1.1
-4.0,-4.0,-1.1
-4.0,-4.0,-1.1
-4.0,-4.0,-1.1
-4.0,-4.0,-1.1
-4.0,-4.0,-1.1
-4.0,-4.0,-1.1
-4.0,-4.0,-1.1
-4.0,-4.0,-1.1
-4.0,-4.0,-1.1
-4.0,-4.0,-1.1
-4.0,-4.0,-1.1
-4.0,-4.0,-1.1
-4.0,-4.0,-1.1
-4.0,-4.0,-1.1
-4.0,-4.0,-1.1
-4.0,-4.0,-1.1
-4.0,-4.0,-1.1
-4.0,-4.0,-1.1
-4.0,-4.0,-1.1
-4.0,-4.0,-1.1
-4.0,-4.0,-1.1
-4.0,-4.0,-1.1
-4.0,-4.0,-1.1
-4.0,-4.0,-1.1
-4.0,-4.0,-1.1
-4.0,-4.0,-1.1
-4.0,-4.0,-1.1
-4.0,-4.0,-1.1
-4.0,-4.0,-1.1
-4.0,-4.0,-1.1
-4.0,-4.0,-1.1
-4.0,-4.0,-1.1
-4.0,-4.0,-1.1
-4.0,-4.0,-1.1
-4.0,-4.0,-1.1
-4.0,-4.0,-1.1
-4.0,-4.0,-1.1
-4.0,-4.0,-1.1
-4.0,-4.0,-1.1
-4.0,-4.0,-1.1
-4.0,-4.0,-1.1
-4.0,-4.0,-1.1
-4.0,-4.0,-1.1
-4.0,-4.0,-1.1
-4.0,-4.0,-1.1
-4.0,-4.0,-1.1
-4.0,-4.0,-1.1
-4.0,-4.0,-1.1
-4.0,-4.0,-1.1
-4.0,-4.0,-1.1
-4.0,-4.0,-1.1
-4.0,-4.0,-1.1
-4.0,-4.0,-1.1
-4.0,-4.0,-1.1
-4.0,-4.0,-1.1
-4.0,-4.0,-1.1
-4.0,-4.0,-1.1
-4.0,-4.0,-1.1
-4.0,-4.0,-1.1
-4.0,-4.0,-1.1
-4.0,-4.0,-1.1
-4.0,-4.0,-1.1
-4.0,-4.0,-1.1
-4.0,-4.0,-1.1
-4.0,-4.0,-1.1
-4.0,-4.0,-1.1
-4.0,-4.0,-1.1
-4.0,-4.0,-1.1
-4.0,-4.0,-1.1
-4.0,-4.0,-1.1
-4.0,-4.0,-1.1
-4.0,-4.0,-1.1
-4.0,-4.0,-1.1
-4.0,-4.0,-1.1
-4.0,-4.0,-1.1
-4.0,-4.0,-1.1
-4.0,-4.0,-1.1
-4.0,-4.0,-1.1
-4.0,-4.0,-1.1
-4.0,-4.0,-1.1
-4.0,-4.0,-1.1
-4.0,-4.0,-1.1
-4.0,-4.0,-1.1
-4.0,-4.0,-1.1
-4.0,-4.0,-1.1
-4.0,-4.0,-1.1
-4.0,-4.0,-1.1
-4.0,-4.0,-1.1
-4.0,-4.0,-1.1
-4.0,-4.0,-1.1
-4.0,-4.0,-1.1
-4.0,-4.0,-1.1
-4.0,-4.0,-1.1
-4.0,-4.0,-1.1
-4.0,-4.0,-1.1
-4.0,-4.0,-1.1
-4.0,-4.0,-1.1
-4.0,-4.0,-1.1
-4.0,-4.0,-1.1
-4.0,-4.0,-1.1
-4.0,-4.0,-1.1
-4.0,-4.0,-1.1
-4.0,-4.0,-1.1
-4.0,-4.0,-1.1
-4.0,-4.0,-1.1
-4.0,-4.0,-1.1
-4.0,-4.0,-1.1
-4.0,-4.0,-1.1
-4.0,-4.0,-1.1
-4.0,-4.0,-1.1
-4.0,-4.0,-1.1
-4.0,-4.0,-1.1
-4.0,-4.0,-1.1
-4.0,-4.0,-1.1
-4.0,-4.0,-1.1
-4.0,-4.0,-1.1
-4.0,-4.0,-1.1
-4.0,-4.0,-1.1
-4.0,-4.0,-1.1
-4.0,-4.0,-1.1
-4.0,-4.0,-1.1
-4.0,-4.0,-1.1
-4.0,-4.0,-1.1
-4.0,-4.0,-1.1
-4.0,-4.0,-1.1
-4.0,-4.0,-1.1
-4.0,-4.0,-1.1
-4.0,-4.0,-1.1
-4.0,-4.0,-1.1
-4.0,-4.0,-1.1
-4.0,-4.0,-1.1
-4.0,-4.0,-1.1
-4.0,-4.0,-1.1
-4.0,-4.0,-1.1
-4.0,-4.0,-1.1
-4.0,-4.0,-1.1
-4.0,-4.0,-1.1
-4.0,-4.0,-1.1
-4.0,-4.0,-1.1
-4.0,-4.0,-1.1
-4.0,-4.0,-1.1
-4.0,-4.0,-1.1
-4.0,-4.0,-1.1
-4.0,-4.0,-1.1
-4.0,-4.0,-1.1
-4.0,-4.0,-1.1
-4.0,-4.0,-1.1
-4.0,-4.0,-1.1
-4.0,-4.0,-1.1
-4.0,-4.0,-1.1
-4.0,-4.0,-1.1
-4.0,-4.0,-1.1
-4.0,-4.0,-1.1
-4.0,-4.0,-1.1
-4.0,-4.0,-1.1
-4.0,-4.0,-1.1
-4.0,-4.0,-1.1
-4.0,-4.0,-1.1
-4.0,-4.0,-1.1
-4.0,-4.0,-1.1
-4.0,-4.0,-1.1
-4.0,-4.0,-1.1
-4.0,-4.0,-1.1
-4.0,-4.0,-1.1
-4.0,-4.0,-1.1
-4.0,-4.0,-1.1
-4.0,-4.0,-1.1
-4.0,-4.0,-1.1
-4.0,-4.0,-1.1
-4.0,-4.0,-1.1
-4.0,-4.0,-1.1
-4.0,-4.0,-1.1
-4.0,-4.0,-1.1
-4.0,-4.0,-1.1
-4.0,-4.0,-1.1
-4.0,-4.0,-1.1
-4.0,-4.0,-1.1
-4.0,-4.0,-1.1
-4.0,-4.0,-1.1
-4.0,-4.0,-1.1
-4.0,-4.0,-1.1
-4.0,-4.0,-1.1
-4.0,-4.0,-1.1
-4.0,-4.0,-1.1
-4.0,-4.0,-1.1
-4.0,-4.0,-1.1
-4.0,-4.0,-1.1
-4.0,-4.0,-1.1
-4.0,-4.0,-1.1
-4.0,-4.0,-1.1
-4.0,-4.0,-1.1
-4.0,-4.0,-1.1
-4.0,-4.0,-1.1
-4.0,-4.0,-1.1
-4.0,-4.0,-1.1
-4.0,-4.0,-1.1
-4.0,-4.0,-1.1
-4.0,-4.0,-1.1
-4.0,-4.0,-1.1
-4.0,-4.0,-1.1
-4.0,-4.0,-1.1
-4.0,-4.0,-1.1
-4.0,-4.0,-1.1
-4.0,-4.0,-1.1
-4.0,-4.0,-1.1
-4.0,-4.0,-1.1
-4.0,-4.0,-1.1
-4.0,-4.0,-1.1
-4.0,-4.0,-1.1
-4.0,-4.0,-1.1
-4.0,-4.0,-1.1
-4.0,-4.0,-1.1
-4.0,-4.0,-1.1
-4.0,-4.0,-1.1
-4.0,-4.0,-1.1
-4.0,-4.0,-1.1
-4.0,-4.0,-1.1
-4.0,-4.0,-1.1
-4.0,-4.0,-1.1
-4.0,-4.0,-1.1
-4.0,-4.0,-1.1
-4.0,-4.0,-1.1
-4.0,-4.0,-1.1
-4.0,-4.0,-1.1
-4.0,-4.0,-1.1
-4.0,-4.0,-1.1
-4.0,-4.0,-1.1
-4.0,-4.0,-1.1
-4.0,-4.0,-1.1
-4.0,-4.0,-1.1
-4.0,-4.0,-1.1
-4.0,-4.0,-1.1
-4.0,-4.0,-1.1
-4.0,-4.0,-1.1
-4.0,-4.0,-1.1
-4.0,-4.0,-1.1
-4.0,-4.0,-1.1
-4.0,-4.0,-1.1
-4.0,-4.0,-1.1
-4.0,-4.0,-1.1
-4.0,-4.0,-1.1
-4.0,-4.0,-1.1
-4.0,-4.0,-1.1
-4.0,-4.0,-1.1
-4.0,-4.0,-1.1
-4.0,-4.0,-1.1
-4.0,-4.0,-1.1
-4.0,-4.0,-1.1
-4.0,-4.0,-1.1
-4.0,-4.0,-1.1
-4.0,-4.0,-1.1
-4.0,-4.0,-1.1
-4.0,-4.0,-1.1
-4.0,-4.0,-1.1
-4.0,-4.0,-1.1
-4.0,-4.0,-1.1
-4.0,-4.0,-1.1
-4.0,-4.0,-1.1
-4.0,-4.0,-1.1
-4.0,-4.0,-1.1
-4.0,-4.0,-1.1
-4.0,-4.0,-1.1
-4.0,-4.0,-1.1
-4.0,-4.0,-1.1
-4.0,-4.0,-1.1
-4.0,-4.0,-1.1
-4.0,-4.0,-1.1
-4.0,-4.0,-1.1
-4.0,-4.0,-1.1
-4.0,-4.0,-1.1
-4.0,-4.0,-1.1
-4.0,-4.0,-1.1
-4.0,-4.0,-1.1
-4.0,-4.0,-1.1
-4.0,-4.0,-1.1
-4.0,-4.0,-1.1
-4.0,-4.0,-1.1
-4.0,-4.0,-1.1
-4.0,-4.0,-1.1
-4.0,-4.0,-1.1
-4.0,-4.0,-1.1
-4.0,-4.0,-1.1
-4.0,-4.0,-1.1
-4.0,-4.0,-1.1
-4.0,-4.0,-1.1
-4.0,-4.0,-1.1
-4.0,-4.0,-1.1
-4.0,-4.0,-1.1
-4.0,-4.0,-1.1
-4.0,-4.0,-1.1
-4.0,-4.0,-1.1
-4.0,-4.0,-1.1
-4.0,-4.0,-1.1
-4.0,-4.0,-1.1
-4.0,-4.0,-1.1
-4.0,-4.0,-1.1
-4.0,-4.0,-1.1
-4.0,-4.0,-1.1
-4.0,-4.0,-1.1
-4.0,-4.0,-1.1
-4.0,-4.0,-1.1
-4.0,-4.0,-1.1
-4.0,-4.0,-1.1
-4.0,-4.0,-1.1
-4.0,-4.0,-1.1
-4.0,-4.0,-1.1
-4.0,-4.0,-1.1
-4.0,-4.0,-1.1
-4.0,-4.0,-1.1
-4.0,-4.0,-1.1
-4.0,-4.0,-1.1
-4.0,-4.0,-1.1
-4.0,-4.0,-1.1
-4.0,-4.0,-1.1
-4.0,-4.0,-1.1
-4.0,-4.0,-1.1
-4.0,-4.0,-1.1
-4.0,-4.0,-1.1
-4.0,-4.0,-1.1
-4.0,-4.0,-1.1
-4.0,-4.0,-1.1
-4.0,-4.0,-1.1
-4.0,-4.0,-1.1
-4.0,-4.0,-1.1
-4.0,-4.0,-1.1
-4.0,-4.0,-1.1
-4.0,-4.0,-1.1
-4.0,-4.0,-1.1
-4.0,-4.0,-1.1
-4.0,-4.0,-1.1
-4.0,-4.0,-1.1
-4.0,-4.0,-1.1
-4.0,-4.0,-1.1
-4.0,-4.0,-1.1
-4.0,-4.0,-1.1
-4.0,-4.0,-1.1
-4.0,-4.0,-1.1
-4.0,-4.0,-1.1
-4.0,-4.0,-1.1
-4.0,-4.0,-1.1
-4.0,-4.0,-1.1
-4.0,-4.0,-1.1
-4.0,-4.0,-1.1
-4.0,-4.0,-1.1
-4.0,-4.0,-1.1
-4.0,-4.0,-1.1
-4.0,-4.0,-1.1
-4.0,-4.0,-1.1
-4.0,-4.0,-1.1
-4.0,-4.0,-1.1
-4.0,-4.0,-1.1
-4.0,-4.0,-1.1
-4.0,-4.0,-1.1
-4.0,-4.0,-1.1
-4.0,-4.0,-1.1
-4.0,-4.0,-1.1
-4.0,-4.0,-1.1
-4.0,-4.0,-1.1
-4.0,-4.0,-1.1
-4.0,-4.0,-1.1
-4.0,-4.0,-1.1
-4.0,-4.0,-1.1
-4.0,-4.0,-1.1
-4.0,-4.0,-1.1
-4.0,-4.0,-1.1
-4.0,-4.0,-1.1
-4.0,-4.0,-1.1
-4.0,-4.0,-1.1
-4.0,-4.0,-1.1
-4.0,-4.0,-1.1
-4.0,-4.0,-1.1
-4.0,-4.0,-1.1
-4.0,-4.0,-1.1
-4.0,-4.0,-1.1
-4.0,-4.0,-1.1
-4.0,-4.0,-1.1
-4.0,-4.0,-1.1
-4.0,-4.0,-1.1
-4.0,-4.0,-1.1
-4.0,-4.0,-1.1
-4.0,-4.0,-1.1
-4.0,-4.0,-1.1
-4.0,-4.0,-1.1
-4.0,-4.0,-1.1
-4.0,-4.0,-1.1
-4.0,-4.0,-1.1
-4.0,-4.0,-1.1
-4.0,-4.0,-1.1
-4.0,-4.0,-1.1
-4.0,-4.0,-1.1
-4.0,-4.0,-1.1
-4.0,-4.0,-1.1
-4.0,-4.0,-1.1
-4.0,-4.0,-1.1
-4.0,-4.0,-1.1
-4.0,-4.0,-1.1
-4.0,-4.0,-1.1
-4.0,-4.0,-1.1
-4.0,-4.0,-1.1
-4.0,-4.0,-1.1
-4.0,-4.0,-1.1
-4.0,-4.0,-1.1
-4.0,-4.0,-1.1
-4.0,-4.0,-1.1
-4.0,-4.0,-1.1
-4.0,-4.0,-1.1
-4.0,-4.0,-1.1
-4.0,-4.0,-1.1
-4.0,-4.0,-1.1
-4.0,-4.0,-1.1
-4.0,-4.0,-1.1
-4.0,-4.0,-1.1
-4.0,-4.0,-1.1
-4.0,-4.0,-1.1
-4.0,-4.0,-1.1
-4.0,-4.0,-1.1
-4.0,-4.0,-1.1
-4.0,-4.0,-1.1
-4.0,-4.0,-1.1
-4.0,-4.0,-1.1
-4.0,-4.0,-1.1
-4.0,-4.0,-1.1
-4.0,-4.0,-1.1
-4.0,-4.0,-1.1
-4.0,-4.0,-1.1
-4.0,-4.0,-1.1
-4.0,-4.0,-1.1
-4.0,-4.0,-1.1
-4.0,-4.0,-1.1
-4.0,-4.0,-1.1
-4.0,-4.0,-1.1
-4.0,-4.0,-1.1
-4.0,-4.0,-1.1
-4.0,-4.0,-1.1
-4.0,-4.0,-1.1
-4.0,-4.0,-1.1
-4.0,-4.0,-1.1
-4.0,-4.0,-1.1
-4.0,-4.0,-1.1
-4.0,-4.0,-1.1
-4.0,-4.0,-1.1
-4.0,-4.0,-1.1
-4.0,-4.0,-1.1
-4.0,-4.0,-1.1
-4.0,-4.0,-1.1
-4.0,-4.0,-1.1
-4.0,-4.0,-1.1
-4.0,-4.0,-1.1
-4.0,-4.0,-1.1
-4.0,-4.0,-1.1
-4.0,-4.0,-1.1
-4.0,-4.0,-1.1
-4.0,-4.0,-1.1
-4.0,-4.0,-1.1
-4.0,-4.0,-1.1
-4.0,-4.0,-1.1
-4.0,-4.0,-1.1
-4.0,-4.0,-1.1
-4.0,-4.0,-1.1
-4.0,-4.0,-1.1
-4.0,-4.0,-1.1
-4.0,-4.0,-1.1
-4.0,-4.0,-1.1
-4.0,-4.0,-1.1
-4.0,-4.0,-1.1
-4.0,-4.0,-1.1
-4.0,-4.0,-1.1
-4.0,-4.0,-1.1
-4.0,-4.0,-1.1
-4.0,-4.0,-1.1
-4.0,-4.0,-1.1
-4.0,-4.0,-1.1
-4.0,-4.0,-1.1
-4.0,-4.0,-1.1
-4.0,-4.0,-1.1
-4.0,-4.0,-1.1
-4.0,-4.0,-1.1
-4.0,-4.0,-1.1
-4.0,-4.0,-1.1
-4.0,-4.0,-1.1
-4.0,-4.0,-1.1
-4.0,-4.0,-1.1
-4.0,-4.0,-1.1
-4.0,-4.0,-1.1
-4.0,-4.0,-1.1
-4.0,-4.0,-1.1
-4.0,-4.0,-1.1
-4.0,-4.0,-1.1
-4.0,-4.0,-1.1
-4.0,-4.0,-1.1
-4.0,-4.0,-1.1
-4.0,-4.0,-1.1
-4.0,-4.0,-1.1
-4.0,-4.0,-1.1
-4.0,-4.0,-1.1
-4.0,-4.0,-1.1
-4.0,-4.0,-1.1
-4.0,-4.0,-1.1
-4.0,-4.0,-1.1
-4.0,-4.0,-1.1
-4.0,-4.0,-1.1
-4.0,-4.0,-1.1
-4.0,-4.0,-1.1
-4.0,-4.0,-1.1
-4.0,-4.0,-1.1
-4.0,-4.0,-1.1
-4.0,-4.0,-1.1
-4.0,-4.0,-1.1
-4.0,-4.0,-1.1
-4.0,-4.0,-1.1
-4.0,-4.0,-1.1
-4.0,-4.0,-1.1
-4.0,-4.0,-1.1
-4.0,-4.0,-1.1
-4.0,-4.0,-1.1
-4.0,-4.0,-1.1
-4.0,-4.0,-1.1
-4.0,-4.0,-1.1
-4.0,-4.0,-1.1
-4.0,-4.0,-1.1
-4.0,-4.0,-1.1
-4.0,-4.0,-1.1
-4.0,-4.0,-1.1
-4.0,-4.0,-1.1
-4.0,-4.0,-1.1
-4.0,-4.0,-1.1
-4.0,-4.0,-1.1
-4.0,-4.0,-1.1
-4.0,-4.0,-1.1
-4.0,-4.0,-1.1
-4.0,-4.0,-1.1
-4.0,-4.0,-1.1
-4.0,-4.0,-1.1
-4.0,-4.0,-1.1
-4.0,-4.0,-1.1
-4.0,-4.0,-1.1
-4.0,-4.0,-1.1
-4.0,-4.0,-1.1
-4.0,-4.0,-1.1
-4.0,-4.0,-1.1
-4.0,-4.0,-1.1
-4.0,-4.0,-1.1
-4.0,-4.0,-1.1
-4.0,-4.0,-1.1
-4.0,-4.0,-1.1
-4.0,-4.0,-1.1
-4.0,-4.0,-1.1
-4.0,-4.0,-1.1
-4.0,-4.0,-1.1
-4.0,-4.0,-1.1
-4.0,-4.0,-1.1
-4.0,-4.0,-1.1
-4.0,-4.0,-1.1
-4.0,-4.0,-1.1
-4.0,-4.0,-1.1
-4.0,-4.0,-1.1
-4.0,-4.0,-1.1
-4.0,-4.0,-1.1
-4.0,-4.0,-1.1
-4.0,-4.0,-1.1
-4.0,-4.0,-1.1
-4.0,-4.0,-1.1
-4.0,-4.0,-1.1
-4.0,-4.0,-1.1
-4.0,-4.0,-1.1
-4.0,-4.0,-1.1
-4.0,-4.0,-1.1
-4.0,-4.0,-1.1
-4.0,-4.0,-1.1
-4.0,-4.0,-1.1
-4.0,-4.0,-1.1
-4.0,-4.0,-1.1
-4.0,-4.0,-1.1
-4.0,-4.0,-1.1
-4.0,-4.0,-1.1
-4.0,-4.0,-1.1
-4.0,-4.0,-1.1
-4.0,-4.0,-1.1
-4.0,-4.0,-1.1
-4.0,-4.0,-1.1
-4.0,-4.0,-1.1
-4.0,-4.0,-1.1
-4.0,-4.0,-1.1
-4.0,-4.0,-1.1
-4.0,-4.0,-1.1
-4.0,-4.0,-1.1
-4.0,-4.0,-1.1
-4.0,-4.0,-1.1
-4.0,-4.0,-1.1
-4.0,-4.0,-1.1
-4.0,-4.0,-1.1
-4.0,-4.0,-1.1
-4.0,-4.0,-1.1
-4.0,-4.0,-1.1
-4.0,-4.0,-1.1
-4.0,-4.0,-1.1
-4.0,-4.0,-1.1
-4.0,-4.0,-1.1
-4.0,-4.0,-1.1
-4.0,-4.0,-1.1
-4.0,-4.0,-1.1
-4.0,-4.0,-1.1
-4.0,-4.0,-1.1
-4.0,-4.0,-1.1
-4.0,-4.0,-1.1
-4.0,-4.0,-1.1
-4.0,-4.0,-1.1
-4.0,-4.0,-1.1
-4.0,-4.0,-1.1
-4.0,-4.0,-1.1
-4.0,-4.0,-1.1
-4.0,-4.0,-1.1
-4.0,-4.0,-1.1
-4.0,-4.0,-1.1
-4.0,-4.0,-1.1
-4.0,-4.0,-1.1
-4.0,-4.0,-1.1
-4.0,-4.0,-1.1
-4.0,-4.0,-1.1
-4.0,-4.0,-1.1
-4.0,-4.0,-1.1
-4.0,-4.0,-1.1
-4.0,-4.0,-1.1
-4.0,-4.0,-1.1
-4.0,-4.0,-1.1
-4.0,-4.0,-1.1
-4.0,-4.0,-1.1
-4.0,-4.0,-1.1
-4.0,-4.0,-1.1
-4.0,-4.0,-1.1
-4.0,-4.0,-1.1
-4.0,-4.0,-1.1
-4.0,-4.0,-1.1
-4.0,-4.0,-1.1
-4.0,-4.0,-1.1
-4.0,-4.0,-1.1
-4.0,-4.0,-1.1
-4.0,-4.0,-1.1
-4.0,-4.0,-1.1
-4.0,-4.0,-1.1
-4.0,-4.0,-1.1
-4.0,-4.0,-1.1
-4.0,-4.0,-1.1
-4.0,-4.0,-1.1
-4.0,-4.0,-1.1
-4.0,-4.0,-1.1
-4.0,-4.0,-1.1
-4.0,-4.0,-1.1
-4.0,-4.0,-1.1
-4.0,-4.0,-1.1
-4.0,-4.0,-1.1
-4.0,-4.0,-1.1
-4.0,-4.0,-1.1
-4.0,-4.0,-1.1
-4.0,-4.0,-1.1
-4.0,-4.0,-1.1
-4.0,-4.0,-1.1
-4.0,-4.0,-1.1
-4.0,-4.0,-1.1
-4.0,-4.0,-1.1
-4.0,-4.0,-1.1
-4.0,-4.0,-1.1
-4.0,-4.0,-1.1
-4.0,-4.0,-1.1
-4.0,-4.0,-1.1
-4.0,-4.0,-1.1
-4.0,-4.0,-1.1
-4.0,-4.0,-1.1
-4.0,-4.0,-1.1
-4.0,-4.0,-1.1
-4.0,-4.0,-1.1
-4.0,-4.0,-1.1
-4.0,-4.0,-1.1
-4.0,-4.0,-1.1
-4.0,-4.0,-1.1
-4.0,-4.0,-1.1
-4.0,-4.0,-1.1
-4.0,-4.0,-1.1
-4.0,-4.0,-1.1
-4.0,-4.0,-1.1
-4.0,-4.0,-1.1
-4.0,-4.0,-1.1
-4.0,-4.0,-1.1
-4.0,-4.0,-1.1
-4.0,-4.0,-1.1
-4.0,-4.0,-1.1
-4.0,-4.0,-1.1
-4.0,-4.0,-1.1
-4.0,-4.0,-1.1
-4.0,-4.0,-1.1
-4.0,-4.0,-1.1
-4.0,-4.0,-1.1
-4.0,-4.0,-1.1
-4.0,-4.0,-1.1
-4.0,-4.0,-1.1
-4.0,-4.0,-1.1
-4.0,-4.0,-1.1
-4.0,-4.0,-1.1
-4.0,-4.0,-1.1
-4.0,-4.0,-1.1
-4.0,-4.0,-1.1
-4.0,-4.0,-1.1
-4.0,-4.0,-1.1
-4.0,-4.0,-1.1
-4.0,-4.0,-1.1
-4.0,-4.0,-1.1
-4.0,-4.0,-1.1
-4.0,-4.0,-1.1
-4.0,-4.0,-1.1
-4.0,-4.0,-1.1
-4.0,-4.0,-1.1
-4.0,-4.0,-1.1
-4.0,-4.0,-1.1
-4.0,-4.0,-1.1
-4.0,-4.0,-1.1
-4.0,-4.0,-1.1
-4.0,-4.0,-1.1
-4.0,-4.0,-1.1
-4.0,-4.0,-1.1
-4.0,-4.0,-1.1
-4.0,-4.0,-1.1
-4.0,-4.0,-1.1
-4.0,-4.0,-1.1
-4.0,-4.0,-1.1
-4.0,-4.0,-1.1
-4.0,-4.0,-1.1
-4.0,-4.0,-1.1
-4.0,-4.0,-1.1
-4.0,-4.0,-1.1
-4.0,-4.0,-1.1
-4.0,-4.0,-1.1
-4.0,-4.0,-1.1
-4.0,-4.0,-1.1
-4.0,-4.0,-1.1
-4.0,-4.0,-1.1
-4.0,-4.0,-1.1
-4.0,-4.0,-1.1
-4.0,-4.0,-1.1
-4.0,-4.0,-1.1
-4.0,-4.0,-1.1
-4.0,-4.0,-1.1
-4.0,-4.0,-1.1
-4.0,-4.0,-1.1
-4.0,-4.0,-1.1
-4.0,-4.0,-1.1
-4.0,-4.0,-1.1
-4.0,-4.0,-1.1
-4.0,-4.0,-1.1
-4.0,-4.0,-1.1
-4.0,-4.0,-1.1
-4.0,-4.0,-1.1
-4.0,-4.0,-1.1
-4.0,-4.0,-1.1
-4.0,-4.0,-1.1
-4.0,-4.0,-1.1
-4.0,-4.0,-1.1
-4.0,-4.0,-1.1
-4.0,-4.0,-1.1
-4.0,-4.0,-1.1
-4.0,-4.0,-1.1
-4.0,-4.0,-1.1
-4.0,-4.0,-1.1
-4.0,-4.0,-1.1
-4.0,-4.0,-1.1
-4.0,-4.0,-1.1
-4.0,-4.0,-1.1
-4.0,-4.0,-1.1
-4.0,-4.0,-1.1
-4.0,-4.0,-1.1
-4.0,-4.0,-1.1
-4.0,-4.0,-1.1
-4.0,-4.0,-1.1
-4.0,-4.0,-1.1
-4.0,-4.0,-1.1
-4.0,-4.0,-1.1
-4.0,-4.0,-1.1
-4.0,-4.0,-1.1
-4.0,-4.0,-1.1
-4.0,-4.0,-1.1
-4.0,-4.0,-1.1
-4.0,-4.0,-1.1
-4.0,-4.0,-1.1
-4.0,-4.0,-1.1
-4.0,-4.0,-1.1
-4.0,-4.0,-1.1
-4.0,-4.0,-1.1
-4.0,-4.0,-1.1
-4.0,-4.0,-1.1
-4.0,-4.0,-1.1
-4.0,-4.0,-1.1
-4.0,-4.0,-1.1
-4.0,-4.0,-1.1
-4.0,-4.0,-1.1
-4.0,-4.0,-1.1
-4.0,-4.0,-1.1
-4.0,-4.0,-1.1
-4.0,-4.0,-1.1
-4.0,-4.0,-1.1
-4.0,-4.0,-1.1
-4.0,-4.0,-1.1
-4.0,-4.0,-1.1
-4.0,-4.0,-1.1
-4.0,-4.0,-1.1
-4.0,-4.0,-1.1
-4.0,-4.0,-1.1
-4.0,-4.0,-1.1
-4.0,-4.0,-1.1
-4.0,-4.0,-1.1
-4.0,-4.0,-1.1
-4.0,-4.0,-1.1
-4.0,-4.0,-1.1
-4.0,-4.0,-1.1
-4.0,-4.0,-1.1
-4.0,-4.0,-1.1
-4.0,-4.0,-1.1
-4.0,-4.0,-1.1
-4.0,-4.0,-1.1
-4.0,-4.0,-1.1
-4.0,-4.0,-1.1
-4.0,-4.0,-1.1
-4.0,-4.0,-1.1
-4.0,-4.0,-1.1
-4.0,-4.0,-1.1
-4.0,-4.0,-1.1
-4.0,-4.0,-1.1
-4.0,-4.0,-1.1
-4.0,-4.0,-1.1
-4.0,-4.0,-1.1
-4.0,-4.0,-1.1
-4.0,-4.0,-1.1
-4.0,-4.0,-1.1
-4.0,-4.0,-1.1
-4.0,-4.0,-1.1
-4.0,-4.0,-1.1
-4.0,-4.0,-1.1
-4.0,-4.0,-1.1
-4.0,-4.0,-1.1
-4.0,-4.0,-1.1
-4.0,-4.0,-1.1
-4.0,-4.0,-1.1
-4.0,-4.0,-1.1
-4.0,-4.0,-1.1
-4.0,-4.0,-1.1
-4.0,-4.0,-1.1
-4.0,-4.0,-1.1
-4.0,-4.0,-1.1
-4.0,-4.0,-1.1
-4.0,-4.0,-1.1
-4.0,-4.0,-1.1
-4.0,-4.0,-1.1
-4.0,-4.0,-1.1
-4.0,-4.0,-1.1
-4.0,-4.0,-1.1
-4.0,-4.0,-1.1
-4.0,-4.0,-1.1
-4.0,-4.0,-1.1
-4.0,-4.0,-1.1
-4.0,-4.0,-1.1
-4.0,-4.0,-1.1
-4.0,-4.0,-1.1
-4.0,-4.0,-1.1
-4.0,-4.0,-1.1
-4.0,-4.0,-1.1
-4.0,-4.0,-1.1
-4.0,-4.0,-1.1
-4.0,-4.0,-1.1
-4.0,-4.0,-1.1
-4.0,-4.0,-1.1
-4.0,-4.0,-1.1
-4.0,-4.0,-1.1
-4.0,-4.0,-1.1
-4.0,-4.0,-1.1
-4.0,-4.0,-1.1
-4.0,-4.0,-1.1
-4.0,-4.0,-1.1
-4.0,-4.0,-1.1
-4.0,-4.0,-1.1
-4.0,-4.0,-1.1
-4.0,-4.0,-1.1
-4.0,-4.0,-1.1
-4.0,-4.0,-1.1
-4.0,-4.0,-1.1
-4.0,-4.0,-1.1
-4.0,-4.0,-1.1
-4.0,-4.0,-1.1
-4.0,-4.0,-1.1
-4.0,-4.0,-1.1
-4.0,-4.0,-1.1
-4.0,-4.0,-1.1
-4.0,-4.0,-1.1
-4.0,-4.0,-1.1
-4.0,-4.0,-1.1
-4.0,-4.0,-1.1
-4.0,-4.0,-1.1
-4.0,-4.0,-1.1
-4.0,-4.0,-1.1
-4.0,-4.0,-1.1
-4.0,-4.0,-1.1
-4.0,-4.0,-1.1
-4.0,-4.0,-1.1
-4.0,-4.0,-1.1
-4.0,-4.0,-1.1
-4.0,-4.0,-1.1
-4.0,-4.0,-1.1
-4.0,-4.0,-1.1
-4.0,-4.0,-1.1
-4.0,-4.0,-1.1
-4.0,-4.0,-1.1
-4.0,-4.0,-1.1
-4.0,-4.0,-1.1
-4.0,-4.0,-1.1
-4.0,-4.0,-1.1
-4.0,-4.0,-1.1
-4.0,-4.0,-1.1
-4.0,-4.0,-1.1
-4.0,-4.0,-1.1
-4.0,-4.0,-1.1
-4.0,-4.0,-1.1
-4.0,-4.0,-1.1
-4.0,-4.0,-1.1
-4.0,-4.0,-1.1
-4.0,-4.0,-1.1
-4.0,-4.0,-1.1
-4.0,-4.0,-1.1
-4.0,-4.0,-1.1
-4.0,-4.0,-1.1
-4.0,-4.0,-1.1
-4.0,-4.0,-1.1
-4.0,-4.0,-1.1
-4.0,-4.0,-1.1
-4.0,-4.0,-1.1
-4.0,-4.0,-1.1
-4.0,-4.0,-1.1
-4.0,-4.0,-1.1
-4.0,-4.0,-1.1
-4.0,-4.0,-1.1
-4.0,-4.0,-1.1
-4.0,-4.0,-1.1
-4.0,-4.0,-1.1
-4.0,-4.0,-1.1
-4.0,-4.0,-1.1
-4.0,-4.0,-1.1
-4.0,-4.0,-1.1
-4.0,-4.0,-1.1
-4.0,-4.0,-1.1
-4.0,-4.0,-1.1
-4.0,-4.0,-1.1
-4.0,-4.0,-1.1
-4.0,-4.0,-1.1
-4.0,-4.0,-1.1
-4.0,-4.0,-1.1
-4.0,-4.0,-1.1
-4.0,-4.0,-1.1
-4.0,-4.0,-1.1
-4.0,-4.0,-1.1
-4.0,-4.0,-1.1
-4.0,-4.0,-1.1
-4.0,-4.0,-1.1
-4.0,-4.0,-1.1
-4.0,-4.0,-1.1
-4.0,-4.0,-1.1
-4.0,-4.0,-1.1
-4.0,-4.0,-1.1
-4.0,-4.0,-1.1
-4.0,-4.0,-1.1
-4.0,-4.0,-1.1
-4.0,-4.0,-1.1
-4.0,-4.0,-1.1
-4.0,-4.0,-1.1
-4.0,-4.0,-1.1
-4.0,-4.0,-1.1
-4.0,-4.0,-1.1
-4.0,-4.0,-1.1
-4.0,-4.0,-1.1
-4.0,-4.0,-1.1
-4.0,-4.0,-1.1
-4.0,-4.0,-1.1
-4.0,-4.0,-1.1
-4.0,-4.0,-1.1
-4.0,-4.0,-1.1
-4.0,-4.0,-1.1
-4.0,-4.0,-1.1
-4.0,-4.0,-1.1
-4.0,-4.0,-1.1
-4.0,-4.0,-1.1
-4.0,-4.0,-1.1
-4.0,-4.0,-1.1
-4.0,-4.0,-1.1
-4.0,-4.0,-1.1
-4.0,-4.0,-1.1
-4.0,-4.0,-1.1
-4.0,-4.0,-1.1
-4.0,-4.0,-1.1
-4.0,-4.0,-1.1
-4.0,-4.0,-1.1
-4.0,-4.0,-1.1
-4.0,-4.0,-1.1
-4.0,-4.0,-1.1
-4.0,-4.0,-1.1
-4.0,-4.0,-1.1
-4.0,-4.0,-1.1
-4.0,-4.0,-1.1
-4.0,-4.0,-1.1
-4.0,-4.0,-1.1
-4.0,-4.0,-1.1
-4.0,-4.0,-1.1
-4.0,-4.0,-1.1
-4.0,-4.0,-1.1
-4.0,-4.0,-1.1
-4.0,-4.0,-1.1
-4.0,-4.0,-1.1
-4.0,-4.0,-1.1
-4.0,-4.0,-1.1
-4.0,-4.0,-1.1
-4.0,-4.0,-1.1
-4.0,-4.0,-1.1
-4.0,-4.0,-1.1
-4.0,-4.0,-1.1
-4.0,-4.0,-1.1
-4.0,-4.0,-1.1
-4.0,-4.0,-1.1
-4.0,-4.0,-1.1
-4.0,-4.0,-1.1
-4.0,-4.0,-1.1
-4.0,-4.0,-1.1
-4.0,-4.0,-1.1
-4.0,-4.0,-1.1
-4.0,-4.0,-1.1
-4.0,-4.0,-1.1
-4.0,-4.0,-1.1
-4.0,-4.0,-1.1
-4.0,-4.0,-1.1
-4.0,-4.0,-1.1
-4.0,-4.0,-1.1
-4.0,-4.0,-1.1
-4.0,-4.0,-1.1
-4.0,-4.0,-1.1
-4.0,-4.0,-1.1
-4.0,-4.0,-1.1
-4.0,-4.0,-1.1
-4.0,-4.0,-1.1
-4.0,-4.0,-1.1
-4.0,-4.0,-1.1
-4.0,-4.0,-1.1
-4.0,-4.0,-1.1
-4.0,-4.0,-1.1
-4.0,-4.0,-1.1
-4.0,-4.0,-1.1
-4.0,-4.0,-1.1
-4.0,-4.0,-1.1
-4.0,-4.0,-1.1
-4.0,-4.0,-1.1
-4.0,-4.0,-1.1
-4.0,-4.0,-1.1
-4.0,-4.0,-1.1
-4.0,-4.0,-1.1
-4.0,-4.0,-1.1
-4.0,-4.0,-1.1
-4.0,-4.0,-1.1
-4.0,-4.0,-1.1
-4.0,-4.0,-1.1
-4.0,-4.0,-1.1
-4.0,-4.0,-1.1
-4.0,-4.0,-1.1
-4.0,-4.0,-1.1
-4.0,-4.0,-1.1
-4.0,-4.0,-1.1
-4.0,-4.0,-1.1
-4.0,-4.0,-1.1
-4.0,-4.0,-1.1
-4.0,-4.0,-1.1
-4.0,-4.0,-1.1
-4.0,-4.0,-1.1
-4.0,-4.0,-1.1
-4.0,-4.0,-1.1
-4.0,-4.0,-1.1
-4.0,-4.0,-1.1
-4.0,-4.0,-1.1
-4.0,-4.0,-1.1
-4.0,-4.0,-1.1
-4.0,-4.0,-1.1
-4.0,-4.0,-1.1
-4.0,-4.0,-1.1
-4.0,-4.0,-1.1
-4.0,-4.0,-1.1
-4.0,-4.0,-1.1
-4.0,-4.0,-1.1
-4.0,-4.0,-1.1
-4.0,-4.0,-1.1
-4.0,-4.0,-1.1
-4.0,-4.0,-1.1
-4.0,-4.0,-1.1
-4.0,-4.0,-1.1
-4.0,-4.0,-1.1
-4.0,-4.0,-1.1
-4.0,-4.0,-1.1
-4.0,-4.0,-1.1
-4.0,-4.0,-1.1
-4.0,-4.0,-1.1
-4.0,-4.0,-1.1
-4.0,-4.0,-1.1
-4.0,-4.0,-1.1
-4.0,-4.0,-1.1
-4.0,-4.0,-1.1
-4.0,-4.0,-1.1
-4.0,-4.0,-1.1
-4.0,-4.0,-1.1
-4.0,-4.0,-1.1
-4.0,-4.0,-1.1
-4.0,-4.0,-1.1
-4.0,-4.0,-1.1
-4.0,-4.0,-1.1
-4.0,-4.0,-1.1
-4.0,-4.0,-1.1
-4.0,-4.0,-1.1
-4.0,-4.0,-1.1
-4.0,-4.0,-1.1
-4.0,-4.0,-1.1
-4.0,-4.0,-1.1
-4.0,-4.0,-1.1
-4.0,-4.0,-1.1
-4.0,-4.0,-1.1
-4.0,-4.0,-1.1
-4.0,-4.0,-1.1
-4.0,-4.0,-1.1
-4.0,-4.0,-1.1
-4.0,-4.0,-1.1
-4.0,-4.0,-1.1
-4.0,-4.0,-1.1
-4.0,-4.0,-1.1
-4.0,-4.0,-1.1
-4.0,-4.0,-1.1
-4.0,-4.0,-1.1
-4.0,-4.0,-1.1
-4.0,-4.0,-1.1
-4.0,-4.0,-1.1
-4.0,-4.0,-1.1
-4.0,-4.0,-1.1
-4.0,-4.0,-1.1
-4.0,-4.0,-1.1
-4.0,-4.0,-1.1
-4.0,-4.0,-1.1
-4.0,-4.0,-1.1
-4.0,-4.0,-1.1
-4.0,-4.0,-1.1
-4.0,-4.0,-1.1
-4.0,-4.0,-1.1
-4.0,-4.0,-1.1
-4.0,-4.0,-1.1
-4.0,-4.0,-1.1
-4.0,-4.0,-1.1
-4.0,-4.0,-1.1
-4.0,-4.0,-1.1
-4.0,-4.0,-1.1
-4.0,-4.0,-1.1
-4.0,-4.0,-1.1
-4.0,-4.0,-1.1
-4.0,-4.0,-1.1
-4.0,-4.0,-1.1
-4.0,-4.0,-1.1
-4.0,-4.0,-1.1
-4.0,-4.0,-1.1
-4.0,-4.0,-1.1
-4.0,-4.0,-1.1
-4.0,-4.0,-1.1
-4.0,-4.0,-1.1
-4.0,-4.0,-1.1
-4.0,-4.0,-1.1
-4.0,-4.0,-1.1
-4.0,-4.0,-1.1
-4.0,-4.0,-1.1
-4.0,-4.0,-1.1
-4.0,-4.0,-1.1
-4.0,-4.0,-1.1
-4.0,-4.0,-1.1
-4.0,-4.0,-1.1
-4.0,-4.0,-1.1
-4.0,-4.0,-1.1
-4.0,-4.0,-1.1
-4.0,-4.0,-1.1
-4.0,-4.0,-1.1
-4.0,-4.0,-1.1
-4.0,-4.0,-1.1
-4.0,-4.0,-1.1
-4.0,-4.0,-1.1
-4.0,-4.0,-1.1
-4.0,-4.0,-1.1
-4.0,-4.0,-1.1
-4.0,-4.0,-1.1
-4.0,-4.0,-1.1
-4.0,-4.0,-1.1
-4.0,-4.0,-1.1
-4.0,-4.0,-1.1
-4.0,-4.0,-1.1
-4.0,-4.0,-1.1
-4.0,-4.0,-1.1
-4.0,-4.0,-1.1
-4.0,-4.0,-1.1
-4.0,-4.0,-1.1
-4.0,-4.0,-1.1
-4.0,-4.0,-1.1
-4.0,-4.0,-1.1
-4.0,-4.0,-1.1
-4.0,-4.0,-1.1
-4.0,-4.0,-1.1
-4.0,-4.0,-1.1
-4.0,-4.0,-1.1
-4.0,-4.0,-1.1
-4.0,-4.0,-1.1
-4.0,-4.0,-1.1
-4.0,-4.0,-1.1
-4.0,-4.0,-1.1
-4.0,-4.0,-1.1
-4.0,-4.0,-1.1
-4.0,-4.0,-1.1
-4.0,-4.0,-1.1
-4.0,-4.0,-1.1
-4.0,-4.0,-1.1
-4.0,-4.0,-1.1
-4.0,-4.0,-1.1
-4.0,-4.0,-1.1
-4.0,-4.0,-1.1
-4.0,-4.0,-1.1
-4.0,-4.0,-1.1
-4.0,-4.0,-1.1
-4.0,-4.0,-1.1
-4.0,-4.0,-1.1
-4.0,-4.0,-1.1
-4.0,-4.0,-1.1
-4.0,-4.0,-1.1
-4.0,-4.0,-1.1
-4.0,-4.0,-1.1
-4.0,-4.0,-1.1
-4.0,-4.0,-1.1
-4.0,-4.0,-1.1
-4.0,-4.0,-1.1
-4.0,-4.0,-1.1
-4.0,-4.0,-1.1
-4.0,-4.0,-1.1
-4.0,-4.0,-1.1
-4.0,-4.0,-1.1
-4.0,-4.0,-1.1
-4.0,-4.0,-1.1
-4.0,-4.0,-1.1
-4.0,-4.0,-1.1
-4.0,-4.0,-1.1
-4.0,-4.0,-1.1
-4.0,-4.0,-1.1
-4.0,-4.0,-1.1
-4.0,-4.0,-1.1
-4.0,-4.0,-1.1
-4.0,-4.0,-1.1
-4.0,-4.0,-1.1
-4.0,-4.0,-1.1
-4.0,-4.0,-1.1
-4.0,-4.0,-1.1
-4.0,-4.0,-1.1
-4.0,-4.0,-1.1
-4.0,-4.0,-1.1
-4.0,-4.0,-1.1
-4.0,-4.0,-1.1
-4.0,-4.0,-1.1
-4.0,-4.0,-1.1
-4.0,-4.0,-1.1
-4.0,-4.0,-1.1
-4.0,-4.0,-1.1
-4.0,-4.0,-1.1
-4.0,-4.0,-1.1
-4.0,-4.0,-1.1
-4.0,-4.0,-1.1
-4.0,-4.0,-1.1
-4.0,-4.0,-1.1
-4.0,-4.0,-1.1
-4.0,-4.0,-1.1
-4.0,-4.0,-1.1
-4.0,-4.0,-1.1
-4.0,-4.0,-1.1
-4.0,-4.0,-1.1
-4.0,-4.0,-1.1
-4.0,-4.0,-1.1
-4.0,-4.0,-1.1
-4.0,-4.0,-1.1
-4.0,-4.0,-1.1
-4.0,-4.0,-1.1
-4.0,-4.0,-1.1
-4.0,-4.0,-1.1
-4.0,-4.0,-1.1
-4.0,-4.0,-1.1
-4.0,-4.0,-1.1
-4.0,-4.0,-1.1
-4.0,-4.0,-1.1
-4.0,-4.0,-1.1
-4.0,-4.0,-1.1
-4.0,-4.0,-1.1
-4.0,-4.0,-1.1
-4.0,-4.0,-1.1
-4.0,-4.0,-1.1
-4.0,-4.0,-1.1
-4.0,-4.0,-1.1
-4.0,-4.0,-1.1
-4.0,-4.0,-1.1
-4.0,-4.0,-1.1
-4.0,-4.0,-1.1
-4.0,-4.0,-1.1
-4.0,-4.0,-1.1
-4.0,-4.0,-1.1
-4.0,-4.0,-1.1
-4.0,-4.0,-1.1
-4.0,-4.0,-1.1
-4.0,-4.0,-1.1
-4.0,-4.0,-1.1
-4.0,-4.0,-1.1
-4.0,-4.0,-1.1
-4.0,-4.0,-1.1
-4.0,-4.0,-1.1
-4.0,-4.0,-1.1
-4.0,-4.0,-1.1
-4.0,-4.0,-1.1
-4.0,-4.0,-1.1
-4.0,-4.0,-1.1
-4.0,-4.0,-1.1
-4.0,-4.0,-1.1
-4.0,-4.0,-1.1
-4.0,-4.0,-1.1
-4.0,-4.0,-1.1
-4.0,-4.0,-1.1
-4.0,-4.0,-1.1
-4.0,-4.0,-1.1
-4.0,-4.0,-1.1
-4.0,-4.0,-1.1
-4.0,-4.0,-1.1
-4.0,-4.0,-1.1
-4.0,-4.0,-1.1
-4.0,-4.0,-1.1
-4.0,-4.0,-1.1
-4.0,-4.0,-1.1
-4.0,-4.0,-1.1
-4.0,-4.0,-1.1
-4.0,-4.0,-1.1
-4.0,-4.0,-1.1
-4.0,-4.0,-1.1
-4.0,-4.0,-1.1
-4.0,-4.0,-1.1
-4.0,-4.0,-1.1
-4.0,-4.0,-1.1
-4.0,-4.0,-1.1
-4.0,-4.0,-1.1
-4.0,-4.0,-1.1
-4.0,-4.0,-1.1
-4.0,-4.0,-1.1
-4.0,-4.0,-1.1
-4.0,-4.0,-1.1
-4.0,-4.0,-1.1
-4.0,-4.0,-1.1
-4.0,-4.0,-1.1
-4.0,-4.0,-1.1
-4.0,-4.0,-1.1
-4.0,-4.0,-1.1
-4.0,-4.0,-1.1
-4.0,-4.0,-1.1
-4.0,-4.0,-1.1
-4.0,-4.0,-1.1
-4.0,-4.0,-1.1
-4.0,-4.0,-1.1
-4.0,-4.0,-1.1
-4.0,-4.0,-1.1
-4.0,-4.0,-1.1
-4.0,-4.0,-1.1
-4.0,-4.0,-1.1
-4.0,-4.0,-1.1
-4.0,-4.0,-1.1
-4.0,-4.0,-1.1
-4.0,-4.0,-1.1
-4.0,-4.0,-1.1
-4.0,-4.0,-1.1
-4.0,-4.0,-1.1
-4.0,-4.0,-1.1
-4.0,-4.0,-1.1
-4.0,-4.0,-1.1
-4.0,-4.0,-1.1
-4.0,-4.0,-1.1
-4.0,-4.0,-1.1
-4.0,-4.0,-1.1
-4.0,-4.0,-1.1
-4.0,-4.0,-1.1
-4.0,-4.0,-1.1
-4.0,-4.0,-1.1
-4.0,-4.0,-1.1
-4.0,-4.0,-1.1
-4.0,-4.0,-1.1
-4.0,-4.0,-1.1
-4.0,-4.0,-1.1
-4.0,-4.0,-1.1
-4.0,-4.0,-1.1
-4.0,-4.0,-1.1
-4.0,-4.0,-1.1
-4.0,-4.0,-1.1
-4.0,-4.0,-1.1
-4.0,-4.0,-1.1
-4.0,-4.0,-1.1
-4.0,-4.0,-1.1
-4.0,-4.0,-1.1
-4.0,-4.0,-1.1
-4.0,-4.0,-1.1
-4.0,-4.0,-1.1
-4.0,-4.0,-1.1
-4.0,-4.0,-1.1
-4.0,-4.0,-1.1
-4.0,-4.0,-1.1
-4.0,-4.0,-1.1
-4.0,-4.0,-1.1
-4.0,-4.0,-1.1
-4.0,-4.0,-1.1
-4.0,-4.0,-1.1
-4.0,-4.0,-1.1
-4.0,-4.0,-1.1
-4.0,-4.0,-1.1
-4.0,-4.0,-1.1
-4.0,-4.0,-1.1
-4.0,-4.0,-1.1
-4.0,-4.0,-1.1
-4.0,-4.0,-1.1
-4.0,-4.0,-1.1
-4.0,-4.0,-1.1
-4.0,-4.0,-1.1
-4.0,-4.0,-1.1
-4.0,-4.0,-1.1
-4.0,-4.0,-1.1
-4.0,-4.0,-1.1
-4.0,-4.0,-1.1
-4.0,-4.0,-1.1
-4.0,-4.0,-1.1
-4.0,-4.0,-1.1
-4.0,-4.0,-1.1
-4.0,-4.0,-1.1
-4.0,-4.0,-1.1
-4.0,-4.0,-1.1
-4.0,-4.0,-1.1
-4.0,-4.0,-1.1
-4.0,-4.0,-1.1
-4.0,-4.0,-1.1
-4.0,-4.0,-1.1
-4.0,-4.0,-1.1
-4.0,-4.0,-1.1
-4.0,-4.0,-1.1
-4.0,-4.0,-1.1
-4.0,-4.0,-1.1
-4.0,-4.0,-1.1
-4.0,-4.0,-1.1
-4.0,-4.0,-1.1
-4.0,-4.0,-1.1
-4.0,-4.0,-1.1
-4.0,-4.0,-1.1
-4.0,-4.0,-1.1
-4.0,-4.0,-1.1
-4.0,-4.0,-1.1
-4.0,-4.0,-1.1
-4.0,-4.0,-1.1
-4.0,-4.0,-1.1
-4.0,-4.0,-1.1
-4.0,-4.0,-1.1
-4.0,-4.0,-1.1
-4.0,-4.0,-1.1
-4.0,-4.0,-1.1
-4.0,-4.0,-1.1
-4.0,-4.0,-1.1
-4.0,-4.0,-1.1
-4.0,-4.0,-1.1
-4.0,-4.0,-1.1
-4.0,-4.0,-1.1
-4.0,-4.0,-1.1
-4.0,-4.0,-1.1
-4.0,-4.0,-1.1
-4.0,-4.0,-1.1
-4.0,-4.0,-1.1
-4.0,-4.0,-1.1
-4.0,-4.0,-1.1
-4.0,-4.0,-1.1
-4.0,-4.0,-1.1
-4.0,-4.0,-1.1
-4.0,-4.0,-1.1
-4.0,-4.0,-1.1
-4.0,-4.0,-1.1
-4.0,-4.0,-1.1
-4.0,-4.0,-1.1
-4.0,-4.0,-1.1
-4.0,-4.0,-1.1
-4.0,-4.0,-1.1
-4.0,-4.0,-1.1
-4.0,-4.0,-1.1
-4.0,-4.0,-1.1
-4.0,-4.0,-1.1
-4.0,-4.0,-1.1
-4.0,-4.0,-1.1
-4.0,-4.0,-1.1
-4.0,-4.0,-1.1
-4.0,-4.0,-1.1
-4.0,-4.0,-1.1
-4.0,-4.0,-1.1
-4.0,-4.0,-1.1
-4.0,-4.0,-1.1
-4.0,-4.0,-1.1
-4.0,-4.0,-1.1
-4.0,-4.0,-1.1
-4.0,-4.0,-1.1
-4.0,-4.0,-1.1
-4.0,-4.0,-1.1
-4.0,-4.0,-1.1
-4.0,-4.0,-1.1
-4.0,-4.0,-1.1
-4.0,-4.0,-1.1
-4.0,-4.0,-1.1
-4.0,-4.0,-1.1
-4.0,-4.0,-1.1
-4.0,-4.0,-1.1
-4.0,-4.0,-1.1
-4.0,-4.0,-1.1
-4.0,-4.0,-1.1
-4.0,-4.0,-1.1
-4.0,-4.0,-1.1
-4.0,-4.0,-1.1
-4.0,-4.0,-1.1
-4.0,-4.0,-1.1
-4.0,-4.0,-1.1
-4.0,-4.0,-1.1
-4.0,-4.0,-1.1
-4.0,-4.0,-1.1
-4.0,-4.0,-1.1
-4.0,-4.0,-1.1
-4.0,-4.0,-1.1
-4.0,-4.0,-1.1
-4.0,-4.0,-1.1
-4.0,-4.0,-1.1
-4.0,-4.0,-1.1
-4.0,-4.0,-1.1
-4.0,-4.0,-1.1
-4.0,-4.0,-1.1
-4.0,-4.0,-1.1
-4.0,-4.0,-1.1
-4.0,-4.0,-1.1
-4.0,-4.0,-1.1
-4.0,-4.0,-1.1
-4.0,-4.0,-1.1
-4.0,-4.0,-1.1
-4.0,-4.0,-1.1
-4.0,-4.0,-1.1
-4.0,-4.0,-1.1
-4.0,-4.0,-1.1
-4.0,-4.0,-1.1
-4.0,-4.0,-1.1
-4.0,-4.0,-1.1
-4.0,-4.0,-1.1
-4.0,-4.0,-1.1
-4.0,-4.0,-1.1
-4.0,-4.0,-1.1
-4.0,-4.0,-1.1
-4.0,-4.0,-1.1
-4.0,-4.0,-1.1
-4.0,-4.0,-1.1
-4.0,-4.0,-1.1
-4.0,-4.0,-1.1
-4.0,-4.0,-1.1
-4.0,-4.0,-1.1
-4.0,-4.0,-1.1
-4.0,-4.0,-1.1
-4.0,-4.0,-1.1
-4.0,-4.0,-1.1
-4.0,-4.0,-1.1
-4.0,-4.0,-1.1
-4.0,-4.0,-1.1
-4.0,-4.0,-1.1
-4.0,-4.0,-1.1
-4.0,-4.0,-1.1
-4.0,-4.0,-1.1
-4.0,-4.0,-1.1
-4.0,-4.0,-1.1
-4.0,-4.0,-1.1
-4.0,-4.0,-1.1
-4.0,-4.0,-1.1
-4.0,-4.0,-1.1
-4.0,-4.0,-1.1
-4.0,-4.0,-1.1
-4.0,-4.0,-1.1
-4.0,-4.0,-1.1
-4.0,-4.0,-1.1
-4.0,-4.0,-1.1
-4.0,-4.0,-1.1
-4.0,-4.0,-1.1
-4.0,-4.0,-1.1
-4.0,-4.0,-1.1
-4.0,-4.0,-1.1
-4.0,-4.0,-1.1
-4.0,-4.0,-1.1
-4.0,-4.0,-1.1
-4.0,-4.0,-1.1
-4.0,-4.0,-1.1
-4.0,-4.0,-1.1
-4.0,-4.0,-1.1
-4.0,-4.0,-1.1
-4.0,-4.0,-1.1
-4.0,-4.0,-1.1
-4.0,-4.0,-1.1
-4.0,-4.0,-1.1
-4.0,-4.0,-1.1
-4.0,-4.0,-1.1
-4.0,-4.0,-1.1
-4.0,-4.0,-1.1
-4.0,-4.0,-1.1
-4.0,-4.0,-1.1
-4.0,-4.0,-1.1
-4.0,-4.0,-1.1
-4.0,-4.0,-1.1
-4.0,-4.0,-1.1
-4.0,-4.0,-1.1
-4.0,-4.0,-1.1
-4.0,-4.0,-1.1
-4.0,-4.0,-1.1
-4.0,-4.0,-1.1
-4.0,-4.0,-1.1
-4.0,-4.0,-1.1
-4.0,-4.0,-1.1
-4.0,-4.0,-1.1
-4.0,-4.0,-1.1
-4.0,-4.0,-1.1
-4.0,-4.0,-1.1
-4.0,-4.0,-1.1
-4.0,-4.0,-1.1
-4.0,-4.0,-1.1
-4.0,-4.0,-1.1
-4.0,-4.0,-1.1
-4.0,-4.0,-1.1
-4.0,-4.0,-1.1
-4.0,-4.0,-1.1
-4.0,-4.0,-1.1
-4.0,-4.0,-1.1
-4.0,-4.0,-1.1
-4.0,-4.0,-1.1
-4.0,-4.0,-1.1
-4.0,-4.0,-1.1
-4.0,-4.0,-1.1
-4.0,-4.0,-1.1
-4.0,-4.0,-1.1
-4.0,-4.0,-1.1
-4.0,-4.0,-1.1
-4.0,-4.0,-1.1
-4.0,-4.0,-1.1
-4.0,-4.0,-1.1
-4.0,-4.0,-1.1
-4.0,-4.0,-1.1
-4.0,-4.0,-1.1
-4.0,-4.0,-1.1
-4.0,-4.0,-1.1
-4.0,-4.0,-1.1
-4.0,-4.0,-1.1
-4.0,-4.0,-1.1
-4.0,-4.0,-1.1
-4.0,-4.0,-1.1
-4.0,-4.0,-1.1
-4.0,-4.0,-1.1
-4.0,-4.0,-1.1
-4.0,-4.0,-1.1
-4.0,-4.0,-1.1
-4.0,-4.0,-1.1
-4.0,-4.0,-1.1
-4.0,-4.0,-1.1
-4.0,-4.0,-1.1
-4.0,-4.0,-1.1
-4.0,-4.0,-1.1
-4.0,-4.0,-1.1
-4.0,-4.0,-1.1
-4.0,-4.0,-1.1
-4.0,-4.0,-1.1
-4.0,-4.0,-1.1
-4.0,-4.0,-1.1
-4.0,-4.0,-1.1
-4.0,-4.0,-1.1
-4.0,-4.0,-1.1
-4.0,-4.0,-1.1
-4.0,-4.0,-1.1
-4.0,-4.0,-1.1
-4.0,-4.0,-1.1
-4.0,-4.0,-1.1
-4.0,-4.0,-1.1
-4.0,-4.0,-1.1
-4.0,-4.0,-1.1
-4.0,-4.0,-1.1
-4.0,-4.0,-1.1
-4.0,-4.0,-1.1
-4.0,-4.0,-1.1
-4.0,-4.0,-1.1
-4.0,-4.0,-1.1
-4.0,-4.0,-1.1
-4.0,-4.0,-1.1
-4.0,-4.0,-1.1
-4.0,-4.0,-1.1
-4.0,-4.0,-1.1
-4.0,-4.0,-1.1
-4.0,-4.0,-1.1
-4.0,-4.0,-1.1
-4.0,-4.0,-1.1
-4.0,-4.0,-1.1
-4.0,-4.0,-1.1
-4.0,-4.0,-1.1
-4.0,-4.0,-1.1
-4.0,-4.0,-1.1
-4.0,-4.0,-1.1
-4.0,-4.0,-1.1
-4.0,-4.0,-1.1
-4.0,-4.0,-1.1
-4.0,-4.0,-1.1
-4.0,-4.0,-1.1
-4.0,-4.0,-1.1
-4.0,-4.0,-1.1
-4.0,-4.0,-1.1
-4.0,-4.0,-1.1
-4.0,-4.0,-1.1
-4.0,-4.0,-1.1
-4.0,-4.0,-1.1
-4.0,-4.0,-1.1
-4.0,-4.0,-1.1
-4.0,-4.0,-1.1
-4.0,-4.0,-1.1
-4.0,-4.0,-1.1
-4.0,-4.0,-1.1
-4.0,-4.0,-1.1
-4.0,-4.0,-1.1
-4.0,-4.0,-1.1
-4.0,-4.0,-1.1
-4.0,-4.0,-1.1
-4.0,-4.0,-1.1
-4.0,-4.0,-1.1
-4.0,-4.0,-1.1
-4.0,-4.0,-1.1
-4.0,-4.0,-1.1
-4.0,-4.0,-1.1
-4.0,-4.0,-1.1
-4.0,-4.0,-1.1
-4.0,-4.0,-1.1
-4.0,-4.0,-1.1
-4.0,-4.0,-1.1
-4.0,-4.0,-1.1
-4.0,-4.0,-1.1
-4.0,-4.0,-1.1
-4.0,-4.0,-1.1
-4.0,-4.0,-1.1
-4.0,-4.0,-1.1
-4.0,-4.0,-1.1
-4.0,-4.0,-1.1
-4.0,-4.0,-1.1
-4.0,-4.0,-1.1
-4.0,-4.0,-1.1
-4.0,-4.0,-1.1
-4.0,-4.0,-1.1
-4.0,-4.0,-1.1
-4.0,-4.0,-1.1
-4.0,-4.0,-1.1
-4.0,-4.0,-1.1
-4.0,-4.0,-1.1
-4.0,-4.0,-1.1
-4.0,-4.0,-1.1
-4.0,-4.0,-1.1
-4.0,-4.0,-1.1
-4.0,-4.0,-1.1
-4.0,-4.0,-1.1
-4.0,-4.0,-1.1
-4.0,-4.0,-1.1
-4.0,-4.0,-1.1
-4.0,-4.0,-1.1
-4.0,-4.0,-1.1
-4.0,-4.0,-1.1
-4.0,-4.0,-1.1
-4.0,-4.0,-1.1
-4.0,-4.0,-1.1
-4.0,-4.0,-1.1
-4.0,-4.0,-1.1
-4.0,-4.0,-1.1
-4.0,-4.0,-1.1
-4.0,-4.0,-1.1
-4.0,-4.0,-1.1
-4.0,-4.0,-1.1
-4.0,-4.0,-1.1
-4.0,-4.0,-1.1
-4.0,-4.0,-1.1
-4.0,-4.0,-1.1
-4.0,-4.0,-1.1
-4.0,-4.0,-1.1
-4.0,-4.0,-1.1
-4.0,-4.0,-1.1
-4.0,-4.0,-1.1
-4.0,-4.0,-1.1
-4.0,-4.0,-1.1
-4.0,-4.0,-1.1
-4.0,-4.0,-1.1
-4.0,-4.0,-1.1
-4.0,-4.0,-1.1
-4.0,-4.0,-1.1
-4.0,-4.0,-1.1
-4.0,-4.0,-1.1
-4.0,-4.0,-1.1
-4.0,-4.0,-1.1
-4.0,-4.0,-1.1
-4.0,-4.0,-1.1
-4.0,-4.0,-1.1
-4.0,-4.0,-1.1
-4.0,-4.0,-1.1
-4.0,-4.0,-1.1
-4.0,-4.0,-1.1
-4.0,-4.0,-1.1
-4.0,-4.0,-1.1
-4.0,-4.0,-1.1
-4.0,-4.0,-1.1
-4.0,-4.0,-1.1
-4.0,-4.0,-1.1
-4.0,-4.0,-1.1
-4.0,-4.0,-1.1
-4.0,-4.0,-1.1
-4.0,-4.0,-1.1
-4.0,-4.0,-1.1
-4.0,-4.0,-1.1
-4.0,-4.0,-1.1
-4.0,-4.0,-1.1
-4.0,-4.0,-1.1
-4.0,-4.0,-1.1
-4.0,-4.0,-1.1
-4.0,-4.0,-1.1
-4.0,-4.0,-1.1
-4.0,-4.0,-1.1
-4.0,-4.0,-1.1
-4.0,-4.0,-1.1
-4.0,-4.0,-1.1
-4.0,-4.0,-1.1
-4.0,-4.0,-1.1
-4.0,-4.0,-1.1
-4.0,-4.0,-1.1
-4.0,-4.0,-1.1
-4.0,-4.0,-1.1
-4.0,-4.0,-1.1
-4.0,-4.0,-1.1
-4.0,-4.0,-1.1
-4.0,-4.0,-1.1
-4.0,-4.0,-1.1
-4.0,-4.0,-1.1
-4.0,-4.0,-1.1
-4.0,-4.0,-1.1
-4.0,-4.0,-1.1
-4.0,-4.0,-1.1
-4.0,-4.0,-1.1
-4.0,-4.0,-1.1
-4.0,-4.0,-1.1
-4.0,-4.0,-1.1
-4.0,-4.0,-1.1
-4.0,-4.0,-1.1
-4.0,-4.0,-1.1
-4.0,-4.0,-1.1
-4.0,-4.0,-1.1
-4.0,-4.0,-1.1
-4.0,-4.0,-1.1
-4.0,-4.0,-1.1
-4.0,-4.0,-1.1
-4.0,-4.0,-1.1
-4.0,-4.0,-1.1
-4.0,-4.0,-1.1
-4.0,-4.0,-1.1
-4.0,-4.0,-1.1
-4.0,-4.0,-1.1
-4.0,-4.0,-1.1
-4.0,-4.0,-1.1
-4.0,-4.0,-1.1
-4.0,-4.0,-1.1
-4.0,-4.0,-1.1
-4.0,-4.0,-1.1
-4.0,-4.0,-1.1
-4.0,-4.0,-1.1
-4.0,-4.0,-1.1
-4.0,-4.0,-1.1
-4.0,-4.0,-1.1
-4.0,-4.0,-1.1
-4.0,-4.0,-1.1
-4.0,-4.0,-1.1
-4.0,-4.0,-1.1
-4.0,-4.0,-1.1
-4.0,-4.0,-1.1
-4.0,-4.0,-1.1
-4.0,-4.0,-1.1
-4.0,-4.0,-1.1
-4.0,-4.0,-1.1
-4.0,-4.0,-1.1
-4.0,-4.0,-1.1
-4.0,-4.0,-1.1
-4.0,-4.0,-1.1
-4.0,-4.0,-1.1
-4.0,-4.0,-1.1
-4.0,-4.0,-1.1
-4.0,-4.0,-1.1
-4.0,-4.0,-1.1
-4.0,-4.0,-1.1
-4.0,-4.0,-1.1
-4.0,-4.0,-1.1
-4.0,-4.0,-1.1
-4.0,-4.0,-1.1
-4.0,-4.0,-1.1
-4.0,-4.0,-1.1
-4.0,-4.0,-1.1
-4.0,-4.0,-1.1
-4.0,-4.0,-1.1
-4.0,-4.0,-1.1
-4.0,-4.0,-1.1
-4.0,-4.0,-1.1
-4.0,-4.0,-1.1
-4.0,-4.0,-1.1
-4.0,-4.0,-1.1
-4.0,-4.0,-1.1
-4.0,-4.0,-1.1
-4.0,-4.0,-1.1
-4.0,-4.0,-1.1
-4.0,-4.0,-1.1
-4.0,-4.0,-1.1
-4.0,-4.0,-1.1
-4.0,-4.0,-1.1
-4.0,-4.0,-1.1
-4.0,-4.0,-1.1
-4.0,-4.0,-1.1
-4.0,-4.0,-1.1
-4.0,-4.0,-1.1
-4.0,-4.0,-1.1
-4.0,-4.0,-1.1
-4.0,-4.0,-1.1
-4.0,-4.0,-1.1
-4.0,-4.0,-1.1
-4.0,-4.0,-1.1
-4.0,-4.0,-1.1
-4.0,-4.0,-1.1
-4.0,-4.0,-1.1
-4.0,-4.0,-1.1
-4.0,-4.0,-1.1
-4.0,-4.0,-1.1
-4.0,-4.0,-1.1
-4.0,-4.0,-1.1
-4.0,-4.0,-1.1
-4.0,-4.0,-1.1
-4.0,-4.0,-1.1
-4.0,-4.0,-1.1
-4.0,-4.0,-1.1
-4.0,-4.0,-1.1
-4.0,-4.0,-1.1
-4.0,-4.0,-1.1
-4.0,-4.0,-1.1
-4.0,-4.0,-1.1
-4.0,-4.0,-1.1
-4.0,-4.0,-1.1
-4.0,-4.0,-1.1
-4.0,-4.0,-1.1
-4.0,-4.0,-1.1
-4.0,-4.0,-1.1
-4.0,-4.0,-1.1
-4.0,-4.0,-1.1
-4.0,-4.0,-1.1
-4.0,-4.0,-1.1
-4.0,-4.0,-1.1
-4.0,-4.0,-1.1
-4.0,-4.0,-1.1
-4.0,-4.0,-1.1
-4.0,-4.0,-1.1
-4.0,-4.0,-1.1
-4.0,-4.0,-1.1
-4.0,-4.0,-1.1
-4.0,-4.0,-1.1
-4.0,-4.0,-1.1
-4.0,-4.0,-1.1
-4.0,-4.0,-1.1
-4.0,-4.0,-1.1
-4.0,-4.0,-1.1
-4.0,-4.0,-1.1
-4.0,-4.0,-1.1
-4.0,-4.0,-1.1
-4.0,-4.0,-1.1
-4.0,-4.0,-1.1
-4.0,-4.0,-1.1
-4.0,-4.0,-1.1
-4.0,-4.0,-1.1
-4.0,-4.0,-1.1
-4.0,-4.0,-1.1
-4.0,-4.0,-1.1
-4.0,-4.0,-1.1
-4.0,-4.0,-1.1
-4.0,-4.0,-1.1
-4.0,-4.0,-1.1
-4.0,-4.0,-1.1
-4.0,-4.0,-1.1
-4.0,-4.0,-1.1
-4.0,-4.0,-1.1
-4.0,-4.0,-1.1
-4.0,-4.0,-1.1
-4.0,-4.0,-1.1
-4.0,-4.0,-1.1
-4.0,-4.0,-1.1
-4.0,-4.0,-1.1
-4.0,-4.0,-1.1
-4.0,-4.0,-1.1
-4.0,-4.0,-1.1
-4.0,-4.0,-1.1
-4.0,-4.0,-1.1
-4.0,-4.0,-1.1
-4.0,-4.0,-1.1
-4.0,-4.0,-1.1
-4.0,-4.0,-1.1
-4.0,-4.0,-1.1
-4.0,-4.0,-1.1
-4.0,-4.0,-1.1
-4.0,-4.0,-1.1
-4.0,-4.0,-1.1
-4.0,-4.0,-1.1
-4.0,-4.0,-1.1
-4.0,-4.0,-1.1
-4.0,-4.0,-1.1
-4.0,-4.0,-1.1
-4.0,-4.0,-1.1
-4.0,-4.0,-1.1
-4.0,-4.0,-1.1
-4.0,-4.0,-1.1
-4.0,-4.0,-1.1
-4.0,-4.0,-1.1
-4.0,-4.0,-1.1
-4.0,-4.0,-1.1
-4.0,-4.0,-1.1
-4.0,-4.0,-1.1
-4.0,-4.0,-1.1
-4.0,-4.0,-1.1
-4.0,-4.0,-1.1
-4.0,-4.0,-1.1
-4.0,-4.0,-1.1
-4.0,-4.0,-1.1
-4.0,-4.0,-1.1
-4.0,-4.0,-1.1
-4.0,-4.0,-1.1
-4.0,-4.0,-1.1
-4.0,-4.0,-1.1
-4.0,-4.0,-1.1
-4.0,-4.0,-1.1
-4.0,-4.0,-1.1
-4.0,-4.0,-1.1
-4.0,-4.0,-1.1
-4.0,-4.0,-1.1
-4.0,-4.0,-1.1
-4.0,-4.0,-1.1
-4.0,-4.0,-1.1
-4.0,-4.0,-1.1
-4.0,-4.0,-1.1
-4.0,-4.0,-1.1
-4.0,-4.0,-1.1
-4.0,-4.0,-1.1
-4.0,-4.0,-1.1
-4.0,-4.0,-1.1
-4.0,-4.0,-1.1
-4.0,-4.0,-1.1
-4.0,-4.0,-1.1
-4.0,-4.0,-1.1
-4.0,-4.0,-1.1
-4.0,-4.0,-1.1
-4.0,-4.0,-1.1
-4.0,-4.0,-1.1
-4.0,-4.0,-1.1
-4.0,-4.0,-1.1
-4.0,-4.0,-1.1
-4.0,-4.0,-1.1
-4.0,-4.0,-1.1
-4.0,-4.0,-1.1
-4.0,-4.0,-1.1
-4.0,-4.0,-1.1
-4.0,-4.0,-1.1
-4.0,-4.0,-1.1
-4.0,-4.0,-1.1
-4.0,-4.0,-1.1
-4.0,-4.0,-1.1
-4.0,-4.0,-1.1
-4.0,-4.0,-1.1
-4.0,-4.0,-1.1
-4.0,-4.0,-1.1
-4.0,-4.0,-1.1
-4.0,-4.0,-1.1
-4.0,-4.0,-1.1
-4.0,-4.0,-1.1
-4.0,-4.0,-1.1
-4.0,-4.0,-1.1
-4.0,-4.0,-1.1
-4.0,-4.0,-1.1
-4.0,-4.0,-1.1
-4.0,-4.0,-1.1
-4.0,-4.0,-1.1
-4.0,-4.0,-1.1
-4.0,-4.0,-1.1
-4.0,-4.0,-1.1
-4.0,-4.0,-1.1
-4.0,-4.0,-1.1
-4.0,-4.0,-1.1
-4.0,-4.0,-1.1
-4.0,-4.0,-1.1
-4.0,-4.0,-1.1
-4.0,-4.0,-1.1
-4.0,-4.0,-1.1
-4.0,-4.0,-1.1
-4.0,-4.0,-1.1
-4.0,-4.0,-1.1
-4.0,-4.0,-1.1
-4.0,-4.0,-1.1
-4.0,-4.0,-1.1
-4.0,-4.0,-1.1
-4.0,-4.0,-1.1
-4.0,-4.0,-1.1
-4.0,-4.0,-1.1
-4.0,-4.0,-1.1
-4.0,-4.0,-1.1
-4.0,-4.0,-1.1
-4.0,-4.0,-1.1
-4.0,-4.0,-1.1
-4.0,-4.0,-1.1
-4.0,-4.0,-1.1
-4.0,-4.0,-1.1
-4.0,-4.0,-1.1
-4.0,-4.0,-1.1
-4.0,-4.0,-1.1
-4.0,-4.0,-1.1
-4.0,-4.0,-1.1
-4.0,-4.0,-1.1
-4.0,-4.0,-1.1
-4.0,-4.0,-1.1
-4.0,-4.0,-1.1
-4.0,-4.0,-1.1
-4.0,-4.0,-1.1
-4.0,-4.0,-1.1
-4.0,-4.0,-1.1
-4.0,-4.0,-1.1
-4.0,-4.0,-1.1
-4.0,-4.0,-1.1
-4.0,-4.0,-1.1
-4.0,-4.0,-1.1
-4.0,-4.0,-1.1
-4.0,-4.0,-1.1
-4.0,-4.0,-1.1
-4.0,-4.0,-1.1
-4.0,-4.0,-1.1
-4.0,-4.0,-1.1
-4.0,-4.0,-1.1
-4.0,-4.0,-1.1
-4.0,-4.0,-1.1
-4.0,-4.0,-1.1
-4.0,-4.0,-1.1
-4.0,-4.0,-1.1
-4.0,-4.0,-1.1
-4.0,-4.0,-1.1
-4.0,-4.0,-1.1
-4.0,-4.0,-1.1
-4.0,-4.0,-1.1
-4.0,-4.0,-1.1
-4.0,-4.0,-1.1
-4.0,-4.0,-1.1
-4.0,-4.0,-1.1
-4.0,-4.0,-1.1
-4.0,-4.0,-1.1
-4.0,-4.0,-1.1
-4.0,-4.0,-1.1
-4.0,-4.0,-1.1
-4.0,-4.0,-1.1
-4.0,-4.0,-1.1
-4.0,-4.0,-1.1
-4.0,-4.0,-1.1
-4.0,-4.0,-1.1
-4.0,-4.0,-1.1
-4.0,-4.0,-1.1
-4.0,-4.0,-1.1
-4.0,-4.0,-1.1
-4.0,-4.0,-1.1
-4.0,-4.0,-1.1
-4.0,-4.0,-1.1
-4.0,-4.0,-1.1
-4.0,-4.0,-1.1
-4.0,-4.0,-1.1
-4.0,-4.0,-1.1
-4.0,-4.0,-1.1
-4.0,-4.0,-1.1
-4.0,-4.0,-1.1
-4.0,-4.0,-1.1
-4.0,-4.0,-1.1
-4.0,-4.0,-1.1
-4.0,-4.0,-1.1
-4.0,-4.0,-1.1
-4.0,-4.0,-1.1
-4.0,-4.0,-1.1
-4.0,-4.0,-1.1
-4.0,-4.0,-1.1
-4.0,-4.0,-1.1
-4.0,-4.0,-1.1
-4.0,-4.0,-1.1
-4.0,-4.0,-1.1
-4.0,-4.0,-1.1
-4.0,-4.0,-1.1
-4.0,-4.0,-1.1
-4.0,-4.0,-1.1
-4.0,-4.0,-1.1
-4.0,-4.0,-1.1
-4.0,-4.0,-1.1
-4.0,-4.0,-1.1
-4.0,-4.0,-1.1
-4.0,-4.0,-1.1
-4.0,-4.0,-1.1
-4.0,-4.0,-1.1
-4.0,-4.0,-1.1
-4.0,-4.0,-1.1
-4.0,-4.0,-1.1
-4.0,-4.0,-1.1
-4.0,-4.0,-1.1
-4.0,-4.0,-1.1
-4.0,-4.0,-1.1
-4.0,-4.0,-1.1
-4.0,-4.0,-1.1
-4.0,-4.0,-1.1
-4.0,-4.0,-1.1
-4.0,-4.0,-1.1
-4.0,-4.0,-1.1
-4.0,-4.0,-1.1
-4.0,-4.0,-1.1
-4.0,-4.0,-1.1
-4.0,-4.0,-1.1
-4.0,-4.0,-1.1
-4.0,-4.0,-1.1
-4.0,-4.0,-1.1
-4.0,-4.0,-1.1
-4.0,-4.0,-1.1
-4.0,-4.0,-1.1
-4.0,-4.0,-1.1
-4.0,-4.0,-1.1
-4.0,-4.0,-1.1
-4.0,-4.0,-1.1
-4.0,-4.0,-1.1
-4.0,-4.0,-1.1
-4.0,-4.0,-1.1
-4.0,-4.0,-1.1
-4.0,-4.0,-1.1
-4.0,-4.0,-1.1
-4.0,-4.0,-1.1
-4.0,-4.0,-1.1
-4.0,-4.0,-1.1
-4.0,-4.0,-1.1
-4.0,-4.0,-1.1
-4.0,-4.0,-1.1
-4.0,-4.0,-1.1
-4.0,-4.0,-1.1
-4.0,-4.0,-1.1
-4.0,-4.0,-1.1
-4.0,-4.0,-1.1
-4.0,-4.0,-1.1
-4.0,-4.0,-1.1
-4.0,-4.0,-1.1
-4.0,-4.0,-1.1
-4.0,-4.0,-1.1
-4.0,-4.0,-1.1
-4.0,-4.0,-1.1
-4.0,-4.0,-1.1
-4.0,-4.0,-1.1
-4.0,-4.0,-1.1
-4.0,-4.0,-1.1
-4.0,-4.0,-1.1
-4.0,-4.0,-1.1
-4.0,-4.0,-1.1
-4.0,-4.0,-1.1
-4.0,-4.0,-1.1
-4.0,-4.0,-1.1
-4.0,-4.0,-1.1
-4.0,-4.0,-1.1
-4.0,-4.0,-1.1
-4.0,-4.0,-1.1
-4.0,-4.0,-1.1
-4.0,-4.0,-1.1
-4.0,-4.0,-1.1
-4.0,-4.0,-1.1
-4.0,-4.0,-1.1
-4.0,-4.0,-1.1
-4.0,-4.0,-1.1
-4.0,-4.0,-1.1
-4.0,-4.0,-1.1
-4.0,-4.0,-1.1
-4.0,-4.0,-1.1
-4.0,-4.0,-1.1
-4.0,-4.0,-1.1
-4.0,-4.0,-1.1
-4.0,-4.0,-1.1
-4.0,-4.0,-1.1
-4.0,-4.0,-1.1
-4.0,-4.0,-1.1
-4.0,-4.0,-1.1
-4.0,-4.0,-1.1
-4.0,-4.0,-1.1
-4.0,-4.0,-1.1
-4.0,-4.0,-1.1
-4.0,-4.0,-1.1
-4.0,-4.0,-1.1
-4.0,-4.0,-1.1
-4.0,-4.0,-1.1
-4.0,-4.0,-1.1
-4.0,-4.0,-1.1
-4.0,-4.0,-1.1
-4.0,-4.0,-1.1
-4.0,-4.0,-1.1
-4.0,-4.0,-1.1
-4.0,-4.0,-1.1
-4.0,-4.0,-1.1
-4.0,-4.0,-1.1
-4.0,-4.0,-1.1
-4.0,-4.0,-1.1
-4.0,-4.0,-1.1
-4.0,-4.0,-1.1
-4.0,-4.0,-1.1
-4.0,-4.0,-1.1
-4.0,-4.0,-1.1
-4.0,-4.0,-1.1
-4.0,-4.0,-1.1
-4.0,-4.0,-1.1
-4.0,-4.0,-1.1
-4.0,-4.0,-1.1
-4.0,-4.0,-1.1
-4.0,-4.0,-1.1
-4.0,-4.0,-1.1
-4.0,-4.0,-1.1
-4.0,-4.0,-1.1
-4.0,-4.0,-1.1
-4.0,-4.0,-1.1
-4.0,-4.0,-1.1
-4.0,-4.0,-1.1
-4.0,-4.0,-1.1
-4.0,-4.0,-1.1
-4.0,-4.0,-1.1
-4.0,-4.0,-1.1
-4.0,-4.0,-1.1
-4.0,-4.0,-1.1
-4.0,-4.0,-1.1
-4.0,-4.0,-1.1
-4.0,-4.0,-1.1
-4.0,-4.0,-1.1
-4.0,-4.0,-1.1
-4.0,-4.0,-1.1
-4.0,-4.0,-1.1
-4.0,-4.0,-1.1
-4.0,-4.0,-1.1
-4.0,-4.0,-1.1
-4.0,-4.0,-1.1
-4.0,-4.0,-1.1
-4.0,-4.0,-1.1
-4.0,-4.0,-1.1
-4.0,-4.0,-1.1
-4.0,-4.0,-1.1
-4.0,-4.0,-1.1
-4.0,-4.0,-1.1
-4.0,-4.0,-1.1
-4.0,-4.0,-1.1
-4.0,-4.0,-1.1
-4.0,-4.0,-1.1
-4.0,-4.0,-1.1
-4.0,-4.0,-1.1
-4.0,-4.0,-1.1
-4.0,-4.0,-1.1
-4.0,-4.0,-1.1
-4.0,-4.0,-1.1
-4.0,-4.0,-1.1
-4.0,-4.0,-1.1
-4.0,-4.0,-1.1
-4.0,-4.0,-1.1
-4.0,-4.0,-1.1
-4.0,-4.0,-1.1
-4.0,-4.0,-1.1
-4.0,-4.0,-1.1
-4.0,-4.0,-1.1
-4.0,-4.0,-1.1
-4.0,-4.0,-1.1
-4.0,-4.0,-1.1
-4.0,-4.0,-1.1
-4.0,-4.0,-1.1
-4.0,-4.0,-1.1
-4.0,-4.0,-1.1
-4.0,-4.0,-1.1
-4.0,-4.0,-1.1
-4.0,-4.0,-1.1
-4.0,-4.0,-1.1
-4.0,-4.0,-1.1
-4.0,-4.0,-1.1
-4.0,-4.0,-1.1
-4.0,-4.0,-1.1
-4.0,-4.0,-1.1
-4.0,-4.0,-1.1
-4.0,-4.0,-1.1
-4.0,-4.0,-1.1
-4.0,-4.0,-1.1
-4.0,-4.0,-1.1
-4.0,-4.0,-1.1
-4.0,-4.0,-1.1
-4.0,-4.0,-1.1
-4.0,-4.0,-1.1
-4.0,-4.0,-1.1
-4.0,-4.0,-1.1
-4.0,-4.0,-1.1
-4.0,-4.0,-1.1
-4.0,-4.0,-1.1
-4.0,-4.0,-1.1
-4.0,-4.0,-1.1
-4.0,-4.0,-1.1
-4.0,-4.0,-1.1
-4.0,-4.0,-1.1
-4.0,-4.0,-1.1
-4.0,-4.0,-1.1
-4.0,-4.0,-1.1
-4.0,-4.0,-1.1
-4.0,-4.0,-1.1
-4.0,-4.0,-1.1
-4.0,-4.0,-1.1
-4.0,-4.0,-1.1
-4.0,-4.0,-1.1
-4.0,-4.0,-1.1
-4.0,-4.0,-1.1
-4.0,-4.0,-1.1
-4.0,-4.0,-1.1
-4.0,-4.0,-1.1
-4.0,-4.0,-1.1
-4.0,-4.0,-1.1
-4.0,-4.0,-1.1
-4.0,-4.0,-1.1
-4.0,-4.0,-1.1
-4.0,-4.0,-1.1
-4.0,-4.0,-1.1
-4.0,-4.0,-1.1
-4.0,-4.0,-1.1
-4.0,-4.0,-1.1
-4.0,-4.0,-1.1
-4.0,-4.0,-1.1
-4.0,-4.0,-1.1
-4.0,-4.0,-1.1
-4.0,-4.0,-1.1
-4.0,-4.0,-1.1
-4.0,-4.0,-1.1
-4.0,-4.0,-1.1
-4.0,-4.0,-1.1
-4.0,-4.0,-1.1
-4.0,-4.0,-1.1
-4.0,-4.0,-1.1
-4.0,-4.0,-1.1
-4.0,-4.0,-1.1
-4.0,-4.0,-1.1
-4.0,-4.0,-1.1
-4.0,-4.0,-1.1
-4.0,-4.0,-1.1
-4.0,-4.0,-1.1
-4.0,-4.0,-1.1
-4.0,-4.0,-1.1
-4.0,-4.0,-1.1
-4.0,-4.0,-1.1
-4.0,-4.0,-1.1
-4.0,-4.0,-1.1
-4.0,-4.0,-1.1
-4.0,-4.0,-1.1
-4.0,-4.0,-1.1
-4.0,-4.0,-1.1
-4.0,-4.0,-1.1
-4.0,-4.0,-1.1
-4.0,-4.0,-1.1
-4.0,-4.0,-1.1
-4.0,-4.0,-1.1
-4.0,-4.0,-1.1
-4.0,-4.0,-1.1
-4.0,-4.0,-1.1
-4.0,-4.0,-1.1
-4.0,-4.0,-1.1
-4.0,-4.0,-1.1
-4.0,-4.0,-1.1
-4.0,-4.0,-1.1
-4.0,-4.0,-1.1
-4.0,-4.0,-1.1
-4.0,-4.0,-1.1
-4.0,-4.0,-1.1
-4.0,-4.0,-1.1
-4.0,-4.0,-1.1
-4.0,-4.0,-1.1
-4.0,-4.0,-1.1
-4.0,-4.0,-1.1
-4.0,-4.0,-1.1
-4.0,-4.0,-1.1
-4.0,-4.0,-1.1
-4.0,-4.0,-1.1
-4.0,-4.0,-1.1
-4.0,-4.0,-1.1
-4.0,-4.0,-1.1
-4.0,-4.0,-1.1
-4.0,-4.0,-1.1
-4.0,-4.0,-1.1
-4.0,-4.0,-1.1
-4.0,-4.0,-1.1
-4.0,-4.0,-1.1
-4.0,-4.0,-1.1
-4.0,-4.0,-1.1
-4.0,-4.0,-1.1
-4.0,-4.0,-1.1
-4.0,-4.0,-1.1
-4.0,-4.0,-1.1
-4.0,-4.0,-1.1
-4.0,-4.0,-1.1
-4.0,-4.0,-1.1
-4.0,-4.0,-1.1
-4.0,-4.0,-1.1
-4.0,-4.0,-1.1
-4.0,-4.0,-1.1
-4.0,-4.0,-1.1
-4.0,-4.0,-1.1
-4.0,-4.0,-1.1
-4.0,-4.0,-1.1
-4.0,-4.0,-1.1
-4.0,-4.0,-1.1
-4.0,-4.0,-1.1
-4.0,-4.0,-1.1
-4.0,-4.0,-1.1
-4.0,-4.0,-1.1
-4.0,-4.0,-1.1
-4.0,-4.0,-1.1
-4.0,-4.0,-1.1
-4.0,-4.0,-1.1
-4.0,-4.0,-1.1
-4.0,-4.0,-1.1
-4.0,-4.0,-1.1
-4.0,-4.0,-1.1
-4.0,-4.0,-1.1
-4.0,-4.0,-1.1
-4.0,-4.0,-1.1
-4.0,-4.0,-1.1
-4.0,-4.0,-1.1
-4.0,-4.0,-1.1
-4.0,-4.0,-1.1
-4.0,-4.0,-1.1
-4.0,-4.0,-1.1
-4.0,-4.0,-1.1
-4.0,-4.0,-1.1
-4.0,-4.0,-1.1
-4.0,-4.0,-1.1
-4.0,-4.0,-1.1
-4.0,-4.0,-1.1
-4.0,-4.0,-1.1
-4.0,-4.0,-1.1
-4.0,-4.0,-1.1
-4.0,-4.0,-1.1
-4.0,-4.0,-1.1
-4.0,-4.0,-1.1
-4.0,-4.0,-1.1
-4.0,-4.0,-1.1
-4.0,-4.0,-1.1
-4.0,-4.0,-1.1
-4.0,-4.0,-1.1
-4.0,-4.0,-1.1
-4.0,-4.0,-1.1
-4.0,-4.0,-1.1
-4.0,-4.0,-1.1
-4.0,-4.0,-1.1
-4.0,-4.0,-1.1
-4.0,-4.0,-1.1
-4.0,-4.0,-1.1
-4.0,-4.0,-1.1
-4.0,-4.0,-1.1
-4.0,-4.0,-1.1
-4.0,-4.0,-1.1
-4.0,-4.0,-1.1
-4.0,-4.0,-1.1
-4.0,-4.0,-1.1
-4.0,-4.0,-1.1
-4.0,-4.0,-1.1
-4.0,-4.0,-1.1
-4.0,-4.0,-1.1
-4.0,-4.0,-1.1
-4.0,-4.0,-1.1
-4.0,-4.0,-1.1
-4.0,-4.0,-1.1
-4.0,-4.0,-1.1
-4.0,-4.0,-1.1
-4.0,-4.0,-1.1
-4.0,-4.0,-1.1
-4.0,-4.0,-1.1
-4.0,-4.0,-1.1
-4.0,-4.0,-1.1
-4.0,-4.0,-1.1
-4.0,-4.0,-1.1
-4.0,-4.0,-1.1
-4.0,-4.0,-1.1
-4.0,-4.0,-1.1
-4.0,-4.0,-1.1
-4.0,-4.0,-1.1
-4.0,-4.0,-1.1
-4.0,-4.0,-1.1
-4.0,-4.0,-1.1
-4.0,-4.0,-1.1
-4.0,-4.0,-1.1
-4.0,-4.0,-1.1
-4.0,-4.0,-1.1
-4.0,-4.0,-1.1
-4.0,-4.0,-1.1
-4.0,-4.0,-1.1
-4.0,-4.0,-1.1
-4.0,-4.0,-1.1
-4.0,-4.0,-1.1
-4.0,-4.0,-1.1
-4.0,-4.0,-1.1
-4.0,-4.0,-1.1
-4.0,-4.0,-1.1
-4.0,-4.0,-1.1
-4.0,-4.0,-1.1
-4.0,-4.0,-1.1
-4.0,-4.0,-1.1
-4.0,-4.0,-1.1
-4.0,-4.0,-1.1
-4.0,-4.0,-1.1
-4.0,-4.0,-1.1
-4.0,-4.0,-1.1
-4.0,-4.0,-1.1
-4.0,-4.0,-1.1
-4.0,-4.0,-1.1
-4.0,-4.0,-1.1
-4.0,-4.0,-1.1
-4.0,-4.0,-1.1
-4.0,-4.0,-1.1
-4.0,-4.0,-1.1
-4.0,-4.0,-1.1
-4.0,-4.0,-1.1
-4.0,-4.0,-1.1
-4.0,-4.0,-1.1
-4.0,-4.0,-1.1
-4.0,-4.0,-1.1
-4.0,-4.0,-1.1
-4.0,-4.0,-1.1
-4.0,-4.0,-1.1
-4.0,-4.0,-1.1
-4.0,-4.0,-1.1
-4.0,-4.0,-1.1
-4.0,-4.0,-1.1
-4.0,-4.0,-1.1
-4.0,-4.0,-1.1
-4.0,-4.0,-1.1
-4.0,-4.0,-1.1
-4.0,-4.0,-1.1
-4.0,-4.0,-1.1
-4.0,-4.0,-1.1
-4.0,-4.0,-1.1
-4.0,-4.0,-1.1
-4.0,-4.0,-1.1
-4.0,-4.0,-1.1
-4.0,-4.0,-1.1
-4.0,-4.0,-1.1
-4.0,-4.0,-1.1
-4.0,-4.0,-1.1
-4.0,-4.0,-1.1
-4.0,-4.0,-1.1
-4.0,-4.0,-1.1
-4.0,-4.0,-1.1
-4.0,-4.0,-1.1
-4.0,-4.0,-1.1
-4.0,-4.0,-1.1
-4.0,-4.0,-1.1
-4.0,-4.0,-1.1
-4.0,-4.0,-1.1
-4.0,-4.0,-1.1
-4.0,-4.0,-1.1
-4.0,-4.0,-1.1
-4.0,-4.0,-1.1
-4.0,-4.0,-1.1
-4.0,-4.0,-1.1
-4.0,-4.0,-1.1
-4.0,-4.0,-1.1
-4.0,-4.0,-1.1
-4.0,-4.0,-1.1
-4.0,-4.0,-1.1
-4.0,-4.0,-1.1
-4.0,-4.0,-1.1
-4.0,-4.0,-1.1
-4.0,-4.0,-1.1
-4.0,-4.0,-1.1
-4.0,-4.0,-1.1
-4.0,-4.0,-1.1
-4.0,-4.0,-1.1
-4.0,-4.0,-1.1
-4.0,-4.0,-1.1
-4.0,-4.0,-1.1
-4.0,-4.0,-1.1
-4.0,-4.0,-1.1
-4.0,-4.0,-1.1
-4.0,-4.0,-1.1
-4.0,-4.0,-1.1
-4.0,-4.0,-1.1
-4.0,-4.0,-1.1
-4.0,-4.0,-1.1
-4.0,-4.0,-1.1
-4.0,-4.0,-1.1
-4.0,-4.0,-1.1
-4.0,-4.0,-1.1
-4.0,-4.0,-1.1
-4.0,-4.0,-1.1
-4.0,-4.0,-1.1
-4.0,-4.0,-1.1
-4.0,-4.0,-1.1
-4.0,-4.0,-1.1
-4.0,-4.0,-1.1
-4.0,-4.0,-1.1
-4.0,-4.0,-1.1
-4.0,-4.0,-1.1
-4.0,-4.0,-1.1
-4.0,-4.0,-1.1
-4.0,-4.0,-1.1
-4.0,-4.0,-1.1
-4.0,-4.0,-1.1
-4.0,-4.0,-1.1
-4.0,-4.0,-1.1
-4.0,-4.0,-1.1
-4.0,-4.0,-1.1
-4.0,-4.0,-1.1
-4.0,-4.0,-1.1
-4.0,-4.0,-1.1
-4.0,-4.0,-1.1
-4.0,-4.0,-1.1
-4.0,-4.0,-1.1
-4.0,-4.0,-1.1
-4.0,-4.0,-1.1
-4.0,-4.0,-1.1
-4.0,-4.0,-1.1
-4.0,-4.0,-1.1
-4.0,-4.0,-1.1
-4.0,-4.0,-1.1
-4.0,-4.0,-1.1
-4.0,-4.0,-1.1
-4.0,-4.0,-1.1
-4.0,-4.0,-1.1
-4.0,-4.0,-1.1
-4.0,-4.0,-1.1
-4.0,-4.0,-1.1
-4.0,-4.0,-1.1
-4.0,-4.0,-1.1
-4.0,-4.0,-1.1
-4.0,-4.0,-1.1
-4.0,-4.0,-1.1
-4.0,-4.0,-1.1
-4.0,-4.0,-1.1
-4.0,-4.0,-1.1
-4.0,-4.0,-1.1
-4.0,-4.0,-1.1
-4.0,-4.0,-1.1
-4.0,-4.0,-1.1
-4.0,-4.0,-1.1
-4.0,-4.0,-1.1
-4.0,-4.0,-1.1
-4.0,-4.0,-1.1
-4.0,-4.0,-1.1
-4.0,-4.0,-1.1
-4.0,-4.0,-1.1
-4.0,-4.0,-1.1
-4.0,-4.0,-1.1
-4.0,-4.0,-1.1
-4.0,-4.0,-1.1
-4.0,-4.0,-1.1
-4.0,-4.0,-1.1
-4.0,-4.0,-1.1
-4.0,-4.0,-1.1
-4.0,-4.0,-1.1
-4.0,-4.0,-1.1
-4.0,-4.0,-1.1
-4.0,-4.0,-1.1
-4.0,-4.0,-1.1
-4.0,-4.0,-1.1
-4.0,-4.0,-1.1
-4.0,-4.0,-1.1
-4.0,-4.0,-1.1
-4.0,-4.0,-1.1
-4.0,-4.0,-1.1
-4.0,-4.0,-1.1
-4.0,-4.0,-1.1
-4.0,-4.0,-1.1
-4.0,-4.0,-1.1
-4.0,-4.0,-1.1
-4.0,-4.0,-1.1
-4.0,-4.0,-1.1
-4.0,-4.0,-1.1
-4.0,-4.0,-1.1
-4.0,-4.0,-1.1
-4.0,-4.0,-1.1
-4.0,-4.0,-1.1
-4.0,-4.0,-1.1
-4.0,-4.0,-1.1
-4.0,-4.0,-1.1
-4.0,-4.0,-1.1
-4.0,-4.0,-1.1
-4.0,-4.0,-1.1
-4.0,-4.0,-1.1
-4.0,-4.0,-1.1
-4.0,-4.0,-1.1
-4.0,-4.0,-1.1
-4.0,-4.0,-1.1
-4.0,-4.0,-1.1
-4.0,-4.0,-1.1
-4.0,-4.0,-1.1
-4.0,-4.0,-1.1
-4.0,-4.0,-1.1
-4.0,-4.0,-1.1
-4.0,-4.0,-1.1
-4.0,-4.0,-1.1
-4.0,-4.0,-1.1
-4.0,-4.0,-1.1
-4.0,-4.0,-1.1
-4.0,-4.0,-1.1
-4.0,-4.0,-1.1
-4.0,-4.0,-1.1
-4.0,-4.0,-1.1
-4.0,-4.0,-1.1
-4.0,-4.0,-1.1
-4.0,-4.0,-1.1
-4.0,-4.0,-1.1
-4.0,-4.0,-1.1
-4.0,-4.0,-1.1
-4.0,-4.0,-1.1
-4.0,-4.0,-1.1
-4.0,-4.0,-1.1
-4.0,-4.0,-1.1
-4.0,-4.0,-1.1
-4.0,-4.0,-1.1
-4.0,-4.0,-1.1
-4.0,-4.0,-1.1
-4.0,-4.0,-1.1
-4.0,-4.0,-1.1
-4.0,-4.0,-1.1
-4.0,-4.0,-1.1
-4.0,-4.0,-1.1
-4.0,-4.0,-1.1
-4.0,-4.0,-1.1
-4.0,-4.0,-1.1
-4.0,-4.0,-1.1
-4.0,-4.0,-1.1
-4.0,-4.0,-1.1
-4.0,-4.0,-1.1
-4.0,-4.0,-1.1
-4.0,-4.0,-1.1
-4.0,-4.0,-1.1
-4.0,-4.0,-1.1
-4.0,-4.0,-1.1
-4.0,-4.0,-1.1
-4.0,-4.0,-1.1
-4.0,-4.0,-1.1
-4.0,-4.0,-1.1
-4.0,-4.0,-1.1
-4.0,-4.0,-1.1
-4.0,-4.0,-1.1
-4.0,-4.0,-1.1
-4.0,-4.0,-1.1
-4.0,-4.0,-1.1
-4.0,-4.0,-1.1
-4.0,-4.0,-1.1
-4.0,-4.0,-1.1
-4.0,-4.0,-1.1
-4.0,-4.0,-1.1
-4.0,-4.0,-1.1
-4.0,-4.0,-1.1
-4.0,-4.0,-1.1
-4.0,-4.0,-1.1
-4.0,-4.0,-1.1
-4.0,-4.0,-1.1
-4.0,-4.0,-1.1
-4.0,-4.0,-1.1
-4.0,-4.0,-1.1
-4.0,-4.0,-1.1
-4.0,-4.0,-1.1
-4.0,-4.0,-1.1
-4.0,-4.0,-1.1
-4.0,-4.0,-1.1
-4.0,-4.0,-1.1
-4.0,-4.0,-1.1
-4.0,-4.0,-1.1
-4.0,-4.0,-1.1
-4.0,-4.0,-1.1
-4.0,-4.0,-1.1
-4.0,-4.0,-1.1
-4.0,-4.0,-1.1
-4.0,-4.0,-1.1
-4.0,-4.0,-1.1
-4.0,-4.0,-1.1
-4.0,-4.0,-1.1
-4.0,-4.0,-1.1
-4.0,-4.0,-1.1
-4.0,-4.0,-1.1
-4.0,-4.0,-1.1
-4.0,-4.0,-1.1
-4.0,-4.0,-1.1
-4.0,-4.0,-1.1
-4.0,-4.0,-1.1
-4.0,-4.0,-1.1
-4.0,-4.0,-1.1
-4.0,-4.0,-1.1
-4.0,-4.0,-1.1
-4.0,-4.0,-1.1
-4.0,-4.0,-1.1
-4.0,-4.0,-1.1
-4.0,-4.0,-1.1
-4.0,-4.0,-1.1
-4.0,-4.0,-1.1
-4.0,-4.0,-1.1
-4.0,-4.0,-1.1
-4.0,-4.0,-1.1
-4.0,-4.0,-1.1
-4.0,-4.0,-1.1
-4.0,-4.0,-1.1
-4.0,-4.0,-1.1
-4.0,-4.0,-1.1
-4.0,-4.0,-1.1
-4.0,-4.0,-1.1
-4.0,-4.0,-1.1
-4.0,-4.0,-1.1
-4.0,-4.0,-1.1
-4.0,-4.0,-1.1
-4.0,-4.0,-1.1
-4.0,-4.0,-1.1
-4.0,-4.0,-1.1
-4.0,-4.0,-1.1
-4.0,-4.0,-1.1
-4.0,-4.0,-1.1
-4.0,-4.0,-1.1
-4.0,-4.0,-1.1
-4.0,-4.0,-1.1
-4.0,-4.0,-1.1
-4.0,-4.0,-1.1
-4.0,-4.0,-1.1
-4.0,-4.0,-1.1
-4.0,-4.0,-1.1
-4.0,-4.0,-1.1
-4.0,-4.0,-1.1
-4.0,-4.0,-1.1
-4.0,-4.0,-1.1
-4.0,-4.0,-1.1
-4.0,-4.0,-1.1
-4.0,-4.0,-1.1
-4.0,-4.0,-1.1
-4.0,-4.0,-1.1
-4.0,-4.0,-1.1
-4.0,-4.0,-1.1
-4.0,-4.0,-1.1
-4.0,-4.0,-1.1
-4.0,-4.0,-1.1
-4.0,-4.0,-1.1
-4.0,-4.0,-1.1
-4.0,-4.0,-1.1
-4.0,-4.0,-1.1
-4.0,-4.0,-1.1
-4.0,-4.0,-1.1
-4.0,-4.0,-1.1
-4.0,-4.0,-1.1
-4.0,-4.0,-1.1
-4.0,-4.0,-1.1
-4.0,-4.0,-1.1
-4.0,-4.0,-1.1
-4.0,-4.0,-1.1
-4.0,-4.0,-1.1
-4.0,-4.0,-1.1
-4.0,-4.0,-1.1
-4.0,-4.0,-1.1
-4.0,-4.0,-1.1
-4.0,-4.0,-1.1
-4.0,-4.0,-1.1
-4.0,-4.0,-1.1
-4.0,-4.0,-1.1
-4.0,-4.0,-1.1
-4.0,-4.0,-1.1
-4.0,-4.0,-1.1
-4.0,-4.0,-1.1
-4.0,-4.0,-1.1
-4.0,-4.0,-1.1
-4.0,-4.0,-1.1
-4.0,-4.0,-1.1
-4.0,-4.0,-1.1
-4.0,-4.0,-1.1
-4.0,-4.0,-1.1
-4.0,-4.0,-1.1
-4.0,-4.0,-1.1
-4.0,-4.0,-1.1
-4.0,-4.0,-1.1
-4.0,-4.0,-1.1
-4.0,-4.0,-1.1
-4.0,-4.0,-1.1
-4.0,-4.0,-1.1
-4.0,-4.0,-1.1
-4.0,-4.0,-1.1
-4.0,-4.0,-1.1
-4.0,-4.0,-1.1
-4.0,-4.0,-1.1
-4.0,-4.0,-1.1
-4.0,-4.0,-1.1
-4.0,-4.0,-1.1
-4.0,-4.0,-1.1
-4.0,-4.0,-1.1
-4.0,-4.0,-1.1
-4.0,-4.0,-1.1
-4.0,-4.0,-1.1
-4.0,-4.0,-1.1
-4.0,-4.0,-1.1
-4.0,-4.0,-1.1
-4.0,-4.0,-1.1
-4.0,-4.0,-1.1
-4.0,-4.0,-1.1
-4.0,-4.0,-1.1
-4.0,-4.0,-1.1
-4.0,-4.0,-1.1
-4.0,-4.0,-1.1
-4.0,-4.0,-1.1
-4.0,-4.0,-1.1
-4.0,-4.0,-1.1
-4.0,-4.0,-1.1
-4.0,-4.0,-1.1
-4.0,-4.0,-1.1
-4.0,-4.0,-1.1
-4.0,-4.0,-1.1
-4.0,-4.0,-1.1
-4.0,-4.0,-1.1
-4.0,-4.0,-1.1
-4.0,-4.0,-1.1
-4.0,-4.0,-1.1
-4.0,-4.0,-1.1
-4.0,-4.0,-1.1
-4.0,-4.0,-1.1
-4.0,-4.0,-1.1
-4.0,-4.0,-1.1
-4.0,-4.0,-1.1
-4.0,-4.0,-1.1
-4.0,-4.0,-1.1
-4.0,-4.0,-1.1
-4.0,-4.0,-1.1
-4.0,-4.0,-1.1
-4.0,-4.0,-1.1
-4.0,-4.0,-1.1
-4.0,-4.0,-1.1
-4.0,-4.0,-1.1
-4.0,-4.0,-1.1
-4.0,-4.0,-1.1
-4.0,-4.0,-1.1
-4.0,-4.0,-1.1
-4.0,-4.0,-1.1
-4.0,-4.0,-1.1
-4.0,-4.0,-1.1
-4.0,-4.0,-1.1
-4.0,-4.0,-1.1
-4.0,-4.0,-1.1
-4.0,-4.0,-1.1
-4.0,-4.0,-1.1
-4.0,-4.0,-1.1
-4.0,-4.0,-1.1
-4.0,-4.0,-1.1
-4.0,-4.0,-1.1
-4.0,-4.0,-1.1
-4.0,-4.0,-1.1
-4.0,-4.0,-1.1
-4.0,-4.0,-1.1
-4.0,-4.0,-1.1
-4.0,-4.0,-1.1
-4.0,-4.0,-1.1
-4.0,-4.0,-1.1
-4.0,-4.0,-1.1
-4.0,-4.0,-1.1
-4.0,-4.0,-1.1
-4.0,-4.0,-1.1
-4.0,-4.0,-1.1
-4.0,-4.0,-1.1
-4.0,-4.0,-1.1
-4.0,-4.0,-1.1
-4.0,-4.0,-1.1
-4.0,-4.0,-1.1
-4.0,-4.0,-1.1
-4.0,-4.0,-1.1
-4.0,-4.0,-1.1
-4.0,-4.0,-1.1
-4.0,-4.0,-1.1
-4.0,-4.0,-1.1
-4.0,-4.0,-1.1
-4.0,-4.0,-1.1
-4.0,-4.0,-1.1
-4.0,-4.0,-1.1
-4.0,-4.0,-1.1
-4.0,-4.0,-1.1
-4.0,-4.0,-1.1
-4.0,-4.0,-1.1
-4.0,-4.0,-1.1
-4.0,-4.0,-1.1
-4.0,-4.0,-1.1
-4.0,-4.0,-1.1
-4.0,-4.0,-1.1
-4.0,-4.0,-1.1
-4.0,-4.0,-1.1
-4.0,-4.0,-1.1
-4.0,-4.0,-1.1
-4.0,-4.0,-1.1
-4.0,-4.0,-1.1
-4.0,-4.0,-1.1
-4.0,-4.0,-1.1
-4.0,-4.0,-1.1
-4.0,-4.0,-1.1
-4.0,-4.0,-1.1
-4.0,-4.0,-1.1
-4.0,-4.0,-1.1
-4.0,-4.0,-1.1
-4.0,-4.0,-1.1
-4.0,-4.0,-1.1
-4.0,-4.0,-1.1
-4.0,-4.0,-1.1
-4.0,-4.0,-1.1
-4.0,-4.0,-1.1
-4.0,-4.0,-1.1
-4.0,-4.0,-1.1
-4.0,-4.0,-1.1
-4.0,-4.0,-1.1
-4.0,-4.0,-1.1
-4.0,-4.0,-1.1
-4.0,-4.0,-1.1
-4.0,-4.0,-1.1
-4.0,-4.0,-1.1
-4.0,-4.0,-1.1
-4.0,-4.0,-1.1
-4.0,-4.0,-1.1
-4.0,-4.0,-1.1
-4.0,-4.0,-1.1
-4.0,-4.0,-1.1
-4.0,-4.0,-1.1
-4.0,-4.0,-1.1
-4.0,-4.0,-1.1
-4.0,-4.0,-1.1
-4.0,-4.0,-1.1
-4.0,-4.0,-1.1
-4.0,-4.0,-1.1
-4.0,-4.0,-1.1
-4.0,-4.0,-1.1
-4.0,-4.0,-1.1
-4.0,-4.0,-1.1
-4.0,-4.0,-1.1
-4.0,-4.0,-1.1
-4.0,-4.0,-1.1
-4.0,-4.0,-1.1
-4.0,-4.0,-1.1
-4.0,-4.0,-1.1
-4.0,-4.0,-1.1
-4.0,-4.0,-1.1
-4.0,-4.0,-1.1
-4.0,-4.0,-1.1
-4.0,-4.0,-1.1
-4.0,-4.0,-1.1
-4.0,-4.0,-1.1
-4.0,-4.0,-1.1
-4.0,-4.0,-1.1
-4.0,-4.0,-1.1
-4.0,-4.0,-1.1
-4.0,-4.0,-1.1
-4.0,-4.0,-1.1
-4.0,-4.0,-1.1
-4.0,-4.0,-1.1
-4.0,-4.0,-1.1
-4.0,-4.0,-1.1
-4.0,-4.0,-1.1
-4.0,-4.0,-1.1
-4.0,-4.0,-1.1
-4.0,-4.0,-1.1
-4.0,-4.0,-1.1
-4.0,-4.0,-1.1
-4.0,-4.0,-1.1
-4.0,-4.0,-1.1
-4.0,-4.0,-1.1
-4.0,-4.0,-1.1
-4.0,-4.0,-1.1
-4.0,-4.0,-1.1
-4.0,-4.0,-1.1
-4.0,-4.0,-1.1
-4.0,-4.0,-1.1
-4.0,-4.0,-1.1
-4.0,-4.0,-1.1
-4.0,-4.0,-1.1
-4.0,-4.0,-1.1
-4.0,-4.0,-1.1
-4.0,-4.0,-1.1
-4.0,-4.0,-1.1
-4.0,-4.0,-1.1
-4.0,-4.0,-1.1
-4.0,-4.0,-1.1
-4.0,-4.0,-1.1
-4.0,-4.0,-1.1
-4.0,-4.0,-1.1
-4.0,-4.0,-1.1
-4.0,-4.0,-1.1
-4.0,-4.0,-1.1
-4.0,-4.0,-1.1
-4.0,-4.0,-1.1
-4.0,-4.0,-1.1
-4.0,-4.0,-1.1
-4.0,-4.0,-1.1
-4.0,-4.0,-1.1
-4.0,-4.0,-1.1
-4.0,-4.0,-1.1
-4.0,-4.0,-1.1
-4.0,-4.0,-1.1
-4.0,-4.0,-1.1
-4.0,-4.0,-1.1
-4.0,-4.0,-1.1
-4.0,-4.0,-1.1
-4.0,-4.0,-1.1
-4.0,-4.0,-1.1
-4.0,-4.0,-1.1
-4.0,-4.0,-1.1
-4.0,-4.0,-1.1
-4.0,-4.0,-1.1
-4.0,-4.0,-1.1
-4.0,-4.0,-1.1
-4.0,-4.0,-1.1
-4.0,-4.0,-1.1
-4.0,-4.0,-1.1
-4.0,-4.0,-1.1
-4.0,-4.0,-1.1
-4.0,-4.0,-1.1
-4.0,-4.0,-1.1
-4.0,-4.0,-1.1
-4.0,-4.0,-1.1
-4.0,-4.0,-1.1
-4.0,-4.0,-1.1
-4.0,-4.0,-1.1
-4.0,-4.0,-1.1
-4.0,-4.0,-1.1
-4.0,-4.0,-1.1
-4.0,-4.0,-1.1
-4.0,-4.0,-1.1
-4.0,-4.0,-1.1
-4.0,-4.0,-1.1
-4.0,-4.0,-1.1
-4.0,-4.0,-1.1
-4.0,-4.0,-1.1
-4.0,-4.0,-1.1
-4.0,-4.0,-1.1
-4.0,-4.0,-1.1
-4.0,-4.0,-1.1
-4.0,-4.0,-1.1
-4.0,-4.0,-1.1
-4.0,-4.0,-1.1
-4.0,-4.0,-1.1
-4.0,-4.0,-1.1
-4.0,-4.0,-1.1
-4.0,-4.0,-1.1
-4.0,-4.0,-1.1
-4.0,-4.0,-1.1
-4.0,-4.0,-1.1
-4.0,-4.0,-1.1
-4.0,-4.0,-1.1
-4.0,-4.0,-1.1
-4.0,-4.0,-1.1
-4.0,-4.0,-1.1
-4.0,-4.0,-1.1
-4.0,-4.0,-1.1
-4.0,-4.0,-1.1
-4.0,-4.0,-1.1
-4.0,-4.0,-1.1
-4.0,-4.0,-1.1
-4.0,-4.0,-1.1
-4.0,-4.0,-1.1
-4.0,-4.0,-1.1
-4.0,-4.0,-1.1
-4.0,-4.0,-1.1
-4.0,-4.0,-1.1
-4.0,-4.0,-1.1
-4.0,-4.0,-1.1
-4.0,-4.0,-1.1
-4.0,-4.0,-1.1
-4.0,-4.0,-1.1
-4.0,-4.0,-1.1
-4.0,-4.0,-1.1
-4.0,-4.0,-1.1
-4.0,-4.0,-1.1
-4.0,-4.0,-1.1
-4.0,-4.0,-1.1
-4.0,-4.0,-1.1
-4.0,-4.0,-1.1
-4.0,-4.0,-1.1
-4.0,-4.0,-1.1
-4.0,-4.0,-1.1
-4.0,-4.0,-1.1
-4.0,-4.0,-1.1
-4.0,-4.0,-1.1
-4.0,-4.0,-1.1
-4.0,-4.0,-1.1
-4.0,-4.0,-1.1
-4.0,-4.0,-1.1
-4.0,-4.0,-1.1
-4.0,-4.0,-1.1
-4.0,-4.0,-1.1
-4.0,-4.0,-1.1
-4.0,-4.0,-1.1
-4.0,-4.0,-1.1
-4.0,-4.0,-1.1
-4.0,-4.0,-1.1
-4.0,-4.0,-1.1
-4.0,-4.0,-1.1
-4.0,-4.0,-1.1
-4.0,-4.0,-1.1
-4.0,-4.0,-1.1
-4.0,-4.0,-1.1
-4.0,-4.0,-1.1
-4.0,-4.0,-1.1
-4.0,-4.0,-1.1
-4.0,-4.0,-1.1
-4.0,-4.0,-1.1
-4.0,-4.0,-1.1
-4.0,-4.0,-1.1
-4.0,-4.0,-1.1
-4.0,-4.0,-1.1
-4.0,-4.0,-1.1
-4.0,-4.0,-1.1
-4.0,-4.0,-1.1
-4.0,-4.0,-1.1
-4.0,-4.0,-1.1
-4.0,-4.0,-1.1
-4.0,-4.0,-1.1
-4.0,-4.0,-1.1
-4.0,-4.0,-1.1
-4.0,-4.0,-1.1
-4.0,-4.0,-1.1
-4.0,-4.0,-1.1
-4.0,-4.0,-1.1
-4.0,-4.0,-1.1
-4.0,-4.0,-1.1
-4.0,-4.0,-1.1
-4.0,-4.0,-1.1
-4.0,-4.0,-1.1
-4.0,-4.0,-1.1
-4.0,-4.0,-1.1
-4.0,-4.0,-1.1
-4.0,-4.0,-1.1
-4.0,-4.0,-1.1
-4.0,-4.0,-1.1
-4.0,-4.0,-1.1
-4.0,-4.0,-1.1
-4.0,-4.0,-1.1
-4.0,-4.0,-1.1
-4.0,-4.0,-1.1
-4.0,-4.0,-1.1
-4.0,-4.0,-1.1
-4.0,-4.0,-1.1
-4.0,-4.0,-1.1
-4.0,-4.0,-1.1
-4.0,-4.0,-1.1
-4.0,-4.0,-1.1
-4.0,-4.0,-1.1
-4.0,-4.0,-1.1
-4.0,-4.0,-1.1
-4.0,-4.0,-1.1
-4.0,-4.0,-1.1
-4.0,-4.0,-1.1
-4.0,-4.0,-1.1
-4.0,-4.0,-1.1
-4.0,-4.0,-1.1
-4.0,-4.0,-1.1
-4.0,-4.0,-1.1
-4.0,-4.0,-1.1
-4.0,-4.0,-1.1
-4.0,-4.0,-1.1
-4.0,-4.0,-1.1
-4.0,-4.0,-1.1
-4.0,-4.0,-1.1
-4.0,-4.0,-1.1
-4.0,-4.0,-1.1
-4.0,-4.0,-1.1
-4.0,-4.0,-1.1
-4.0,-4.0,-1.1
-4.0,-4.0,-1.1
-4.0,-4.0,-1.1
-4.0,-4.0,-1.1
-4.0,-4.0,-1.1
-4.0,-4.0,-1.1
-4.0,-4.0,-1.1
-4.0,-4.0,-1.1
-4.0,-4.0,-1.1
-4.0,-4.0,-1.1
-4.0,-4.0,-1.1
-4.0,-4.0,-1.1
-4.0,-4.0,-1.1
-4.0,-4.0,-1.1
-4.0,-4.0,-1.1
-4.0,-4.0,-1.1
-4.0,-4.0,-1.1
-4.0,-4.0,-1.1
-4.0,-4.0,-1.1
-4.0,-4.0,-1.1
-4.0,-4.0,-1.1
-4.0,-4.0,-1.1
-4.0,-4.0,-1.1
-4.0,-4.0,-1.1
-4.0,-4.0,-1.1
-4.0,-4.0,-1.1
-4.0,-4.0,-1.1
-4.0,-4.0,-1.1
-4.0,-4.0,-1.1
-4.0,-4.0,-1.1
-4.0,-4.0,-1.1
-4.0,-4.0,-1.1
-4.0,-4.0,-1.1
-4.0,-4.0,-1.1
-4.0,-4.0,-1.1
-4.0,-4.0,-1.1
-4.0,-4.0,-1.1
-4.0,-4.0,-1.1
-4.0,-4.0,-1.1
-4.0,-4.0,-1.1
-4.0,-4.0,-1.1
-4.0,-4.0,-1.1
-4.0,-4.0,-1.1
-4.0,-4.0,-1.1
-4.0,-4.0,-1.1
-4.0,-4.0,-1.1
-4.0,-4.0,-1.1
-4.0,-4.0,-1.1
-4.0,-4.0,-1.1
-4.0,-4.0,-1.1
-4.0,-4.0,-1.1
-4.0,-4.0,-1.1
-4.0,-4.0,-1.1
-4.0,-4.0,-1.1
-4.0,-4.0,-1.1
-4.0,-4.0,-1.1
-4.0,-4.0,-1.1
-4.0,-4.0,-1.1
-4.0,-4.0,-1.1
-4.0,-4.0,-1.1
-4.0,-4.0,-1.1
-4.0,-4.0,-1.1
-4.0,-4.0,-1.1
-4.0,-4.0,-1.1
-4.0,-4.0,-1.1
-4.0,-4.0,-1.1
-4.0,-4.0,-1.1
-4.0,-4.0,-1.1
-4.0,-4.0,-1.1
-4.0,-4.0,-1.1
-4.0,-4.0,-1.1
-4.0,-4.0,-1.1
-4.0,-4.0,-1.1
-4.0,-4.0,-1.1
-4.0,-4.0,-1.1
-4.0,-4.0,-1.1
-4.0,-4.0,-1.1
-4.0,-4.0,-1.1
-4.0,-4.0,-1.1
-4.0,-4.0,-1.1
-4.0,-4.0,-1.1
-4.0,-4.0,-1.1
-4.0,-4.0,-1.1
-4.0,-4.0,-1.1
-4.0,-4.0,-1.1
-4.0,-4.0,-1.1
-4.0,-4.0,-1.1
-4.0,-4.0,-1.1
-4.0,-4.0,-1.1
-4.0,-4.0,-1.1
-4.0,-4.0,-1.1
-4.0,-4.0,-1.1
-4.0,-4.0,-1.1
-4.0,-4.0,-1.1
-4.0,-4.0,-1.1
-4.0,-4.0,-1.1
-4.0,-4.0,-1.1
-4.0,-4.0,-1.1
-4.0,-4.0,-1.1
-4.0,-4.0,-1.1
-4.0,-4.0,-1.1
-4.0,-4.0,-1.1
-4.0,-4.0,-1.1
-4.0,-4.0,-1.1
-4.0,-4.0,-1.1
-4.0,-4.0,-1.1
-4.0,-4.0,-1.1
-4.0,-4.0,-1.1
-4.0,-4.0,-1.1
-4.0,-4.0,-1.1
-4.0,-4.0,-1.1
-4.0,-4.0,-1.1
-4.0,-4.0,-1.1
-4.0,-4.0,-1.1
-4.0,-4.0,-1.1
-4.0,-4.0,-1.1
-4.0,-4.0,-1.1
-4.0,-4.0,-1.1
-4.0,-4.0,-1.1
-4.0,-4.0,-1.1
-4.0,-4.0,-1.1
-4.0,-4.0,-1.1
-4.0,-4.0,-1.1
-4.0,-4.0,-1.1
-4.0,-4.0,-1.1
-4.0,-4.0,-1.1
-4.0,-4.0,-1.1
-4.0,-4.0,-1.1
-4.0,-4.0,-1.1
-4.0,-4.0,-1.1
-4.0,-4.0,-1.1
-4.0,-4.0,-1.1
-4.0,-4.0,-1.1
-4.0,-4.0,-1.1
-4.0,-4.0,-1.1
-4.0,-4.0,-1.1
-4.0,-4.0,-1.1
-4.0,-4.0,-1.1
-4.0,-4.0,-1.1
-4.0,-4.0,-1.1
-4.0,-4.0,-1.1
-4.0,-4.0,-1.1
-4.0,-4.0,-1.1
-4.0,-4.0,-1.1
-4.0,-4.0,-1.1
-4.0,-4.0,-1.1
-4.0,-4.0,-1.1
-4.0,-4.0,-1.1
-4.0,-4.0,-1.1
-4.0,-4.0,-1.1
-4.0,-4.0,-1.1
-4.0,-4.0,-1.1
-4.0,-4.0,-1.1
-4.0,-4.0,-1.1
-4.0,-4.0,-1.1
-4.0,-4.0,-1.1
-4.0,-4.0,-1.1
-4.0,-4.0,-1.1
-4.0,-4.0,-1.1
-4.0,-4.0,-1.1
-4.0,-4.0,-1.1
-4.0,-4.0,-1.1
-4.0,-4.0,-1.1
-4.0,-4.0,-1.1
-4.0,-4.0,-1.1
-4.0,-4.0,-1.1
-4.0,-4.0,-1.1
-4.0,-4.0,-1.1
-4.0,-4.0,-1.1
-4.0,-4.0,-1.1
-4.0,-4.0,-1.1
-4.0,-4.0,-1.1
-4.0,-4.0,-1.1
-4.0,-4.0,-1.1
-4.0,-4.0,-1.1
-4.0,-4.0,-1.1
-4.0,-4.0,-1.1
-4.0,-4.0,-1.1
-4.0,-4.0,-1.1
-4.0,-4.0,-1.1
-4.0,-4.0,-1.1
-4.0,-4.0,-1.1
-4.0,-4.0,-1.1
-4.0,-4.0,-1.1
-4.0,-4.0,-1.1
-4.0,-4.0,-1.1
-4.0,-4.0,-1.1
-4.0,-4.0,-1.1
-4.0,-4.0,-1.1
-4.0,-4.0,-1.1
-4.0,-4.0,-1.1
-4.0,-4.0,-1.1
-4.0,-4.0,-1.1
-4.0,-4.0,-1.1
-4.0,-4.0,-1.1
-4.0,-4.0,-1.1
-4.0,-4.0,-1.1
-4.0,-4.0,-1.1
-4.0,-4.0,-1.1
-4.0,-4.0,-1.1
-4.0,-4.0,-1.1
-4.0,-4.0,-1.1
-4.0,-4.0,-1.1
-4.0,-4.0,-1.1
-4.0,-4.0,-1.1
-4.0,-4.0,-1.1
-4.0,-4.0,-1.1
-4.0,-4.0,-1.1
-4.0,-4.0,-1.1
-4.0,-4.0,-1.1
-4.0,-4.0,-1.1
-4.0,-4.0,-1.1
-4.0,-4.0,-1.1
-4.0,-4.0,-1.1
-4.0,-4.0,-1.1
-4.0,-4.0,-1.1
-4.0,-4.0,-1.1
-4.0,-4.0,-1.1
-4.0,-4.0,-1.1
-4.0,-4.0,-1.1
-4.0,-4.0,-1.1
-4.0,-4.0,-1.1
-4.0,-4.0,-1.1
-4.0,-4.0,-1.1
-4.0,-4.0,-1.1
-4.0,-4.0,-1.1
-4.0,-4.0,-1.1
-4.0,-4.0,-1.1
-4.0,-4.0,-1.1
-4.0,-4.0,-1.1
-4.0,-4.0,-1.1
-4.0,-4.0,-1.1
-4.0,-4.0,-1.1
-4.0,-4.0,-1.1
-4.0,-4.0,-1.1
-4.0,-4.0,-1.1
-4.0,-4.0,-1.1
-4.0,-4.0,-1.1
-4.0,-4.0,-1.1
-4.0,-4.0,-1.1
-4.0,-4.0,-1.1
-4.0,-4.0,-1.1
-4.0,-4.0,-1.1
-4.0,-4.0,-1.1
-4.0,-4.0,-1.1
-4.0,-4.0,-1.1
-4.0,-4.0,-1.1
-4.0,-4.0,-1.1
-4.0,-4.0,-1.1
-4.0,-4.0,-1.1
-4.0,-4.0,-1.1
-4.0,-4.0,-1.1
-4.0,-4.0,-1.1
-4.0,-4.0,-1.1
-4.0,-4.0,-1.1
-4.0,-4.0,-1.1
-4.0,-4.0,-1.1
-4.0,-4.0,-1.1
-4.0,-4.0,-1.1
-4.0,-4.0,-1.1
-4.0,-4.0,-1.1
-4.0,-4.0,-1.1
-4.0,-4.0,-1.1
-4.0,-4.0,-1.1
-4.0,-4.0,-1.1
-4.0,-4.0,-1.1
-4.0,-4.0,-1.1
-4.0,-4.0,-1.1
-4.0,-4.0,-1.1
-4.0,-4.0,-1.1
-4.0,-4.0,-1.1
-4.0,-4.0,-1.1
-4.0,-4.0,-1.1
-4.0,-4.0,-1.1
-4.0,-4.0,-1.1
-4.0,-4.0,-1.1
-4.0,-4.0,-1.1
-4.0,-4.0,-1.1
-4.0,-4.0,-1.1
-4.0,-4.0,-1.1
-4.0,-4.0,-1.1
-4.0,-4.0,-1.1
-4.0,-4.0,-1.1
-4.0,-4.0,-1.1
-4.0,-4.0,-1.1
-4.0,-4.0,-1.1
-4.0,-4.0,-1.1
-4.0,-4.0,-1.1
-4.0,-4.0,-1.1
-4.0,-4.0,-1.1
-4.0,-4.0,-1.1
-4.0,-4.0,-1.1
-4.0,-4.0,-1.1
-4.0,-4.0,-1.1
-4.0,-4.0,-1.1
-4.0,-4.0,-1.1
-4.0,-4.0,-1.1
-4.0,-4.0,-1.1
-4.0,-4.0,-1.1
-4.0,-4.0,-1.1
-4.0,-4.0,-1.1
-4.0,-4.0,-1.1
-4.0,-4.0,-1.1
-4.0,-4.0,-1.1
-4.0,-4.0,-1.1
-4.0,-4.0,-1.1
-4.0,-4.0,-1.1
-4.0,-4.0,-1.1
-4.0,-4.0,-1.1
-4.0,-4.0,-1.1
-4.0,-4.0,-1.1
-4.0,-4.0,-1.1
-4.0,-4.0,-1.1
-4.0,-4.0,-1.1
-4.0,-4.0,-1.1
-4.0,-4.0,-1.1
-4.0,-4.0,-1.1
-4.0,-4.0,-1.1
-4.0,-4.0,-1.1
-4.0,-4.0,-1.1
-4.0,-4.0,-1.1
-4.0,-4.0,-1.1
-4.0,-4.0,-1.1
-4.0,-4.0,-1.1
-4.0,-4.0,-1.1
-4.0,-4.0,-1.1
-4.0,-4.0,-1.1
-4.0,-4.0,-1.1
-4.0,-4.0,-1.1
-4.0,-4.0,-1.1
-4.0,-4.0,-1.1
-4.0,-4.0,-1.1
-4.0,-4.0,-1.1
-4.0,-4.0,-1.1
-4.0,-4.0,-1.1
-4.0,-4.0,-1.1
-4.0,-4.0,-1.1
-4.0,-4.0,-1.1
-4.0,-4.0,-1.1
-4.0,-4.0,-1.1
-4.0,-4.0,-1.1
-4.0,-4.0,-1.1
-4.0,-4.0,-1.1
-4.0,-4.0,-1.1
-4.0,-4.0,-1.1
-4.0,-4.0,-1.1
-4.0,-4.0,-1.1
-4.0,-4.0,-1.1
-4.0,-4.0,-1.1
-4.0,-4.0,-1.1
-4.0,-4.0,-1.1
-4.0,-4.0,-1.1
-4.0,-4.0,-1.1
-4.0,-4.0,-1.1
-4.0,-4.0,-1.1
-4.0,-4.0,-1.1
-4.0,-4.0,-1.1
-4.0,-4.0,-1.1
-4.0,-4.0,-1.1
-4.0,-4.0,-1.1
-4.0,-4.0,-1.1
-4.0,-4.0,-1.1
-4.0,-4.0,-1.1
-4.0,-4.0,-1.1
-4.0,-4.0,-1.1
-4.0,-4.0,-1.1
-4.0,-4.0,-1.1
-4.0,-4.0,-1.1
-4.0,-4.0,-1.1
-4.0,-4.0,-1.1
-4.0,-4.0,-1.1
-4.0,-4.0,-1.1
-4.0,-4.0,-1.1
-4.0,-4.0,-1.1
-4.0,-4.0,-1.1
-4.0,-4.0,-1.1
-4.0,-4.0,-1.1
-4.0,-4.0,-1.1
-4.0,-4.0,-1.1
-4.0,-4.0,-1.1
-4.0,-4.0,-1.1
-4.0,-4.0,-1.1
-4.0,-4.0,-1.1
-4.0,-4.0,-1.1
-4.0,-4.0,-1.1
-4.0,-4.0,-1.1
-4.0,-4.0,-1.1
-4.0,-4.0,-1.1
-4.0,-4.0,-1.1
-4.0,-4.0,-1.1
-4.0,-4.0,-1.1
-4.0,-4.0,-1.1
-4.0,-4.0,-1.1
-4.0,-4.0,-1.1
-4.0,-4.0,-1.1
-4.0,-4.0,-1.1
-4.0,-4.0,-1.1
-4.0,-4.0,-1.1
-4.0,-4.0,-1.1
-4.0,-4.0,-1.1
-4.0,-4.0,-1.1
-4.0,-4.0,-1.1
-4.0,-4.0,-1.1
-4.0,-4.0,-1.1
-4.0,-4.0,-1.1
-4.0,-4.0,-1.1
-4.0,-4.0,-1.1
-4.0,-4.0,-1.1
-4.0,-4.0,-1.1
-4.0,-4.0,-1.1
-4.0,-4.0,-1.1
-4.0,-4.0,-1.1
-4.0,-4.0,-1.1
-4.0,-4.0,-1.1
-4.0,-4.0,-1.1
-4.0,-4.0,-1.1
-4.0,-4.0,-1.1
-4.0,-4.0,-1.1
-4.0,-4.0,-1.1
-4.0,-4.0,-1.1
-4.0,-4.0,-1.1
-4.0,-4.0,-1.1
-4.0,-4.0,-1.1
-4.0,-4.0,-1.1
-4.0,-4.0,-1.1
-4.0,-4.0,-1.1
-4.0,-4.0,-1.1
-4.0,-4.0,-1.1
-4.0,-4.0,-1.1
-4.0,-4.0,-1.1
-4.0,-4.0,-1.1
-4.0,-4.0,-1.1
-4.0,-4.0,-1.1
-4.0,-4.0,-1.1
-4.0,-4.0,-1.1
-4.0,-4.0,-1.1
-4.0,-4.0,-1.1
-4.0,-4.0,-1.1
-4.0,-4.0,-1.1
-4.0,-4.0,-1.1
-4.0,-4.0,-1.1
-4.0,-4.0,-1.1
-4.0,-4.0,-1.1
-4.0,-4.0,-1.1
-4.0,-4.0,-1.1
-4.0,-4.0,-1.1
-4.0,-4.0,-1.1
-4.0,-4.0,-1.1
-4.0,-4.0,-1.1
-4.0,-4.0,-1.1
-4.0,-4.0,-1.1
-4.0,-4.0,-1.1
-4.0,-4.0,-1.1
-4.0,-4.0,-1.1
-4.0,-4.0,-1.1
-4.0,-4.0,-1.1
-4.0,-4.0,-1.1
-4.0,-4.0,-1.1
-4.0,-4.0,-1.1
-4.0,-4.0,-1.1
-4.0,-4.0,-1.1
-4.0,-4.0,-1.1
-4.0,-4.0,-1.1
-4.0,-4.0,-1.1
-4.0,-4.0,-1.1
-4.0,-4.0,-1.1
-4.0,-4.0,-1.1
-4.0,-4.0,-1.1
-4.0,-4.0,-1.1
-4.0,-4.0,-1.1
-4.0,-4.0,-1.1
-4.0,-4.0,-1.1
-4.0,-4.0,-1.1
-4.0,-4.0,-1.1
-4.0,-4.0,-1.1
-4.0,-4.0,-1.1
-4.0,-4.0,-1.1
-4.0,-4.0,-1.1
-4.0,-4.0,-1.1
-4.0,-4.0,-1.1
-4.0,-4.0,-1.1
-4.0,-4.0,-1.1
-4.0,-4.0,-1.1
-4.0,-4.0,-1.1
-4.0,-4.0,-1.1
-4.0,-4.0,-1.1
-4.0,-4.0,-1.1
-4.0,-4.0,-1.1
-4.0,-4.0,-1.1
-4.0,-4.0,-1.1
-4.0,-4.0,-1.1
-4.0,-4.0,-1.1
-4.0,-4.0,-1.1
-4.0,-4.0,-1.1
-4.0,-4.0,-1.1
-4.0,-4.0,-1.1
-4.0,-4.0,-1.1
-4.0,-4.0,-1.1
-4.0,-4.0,-1.1
-4.0,-4.0,-1.1
-4.0,-4.0,-1.1
-4.0,-4.0,-1.1
-4.0,-4.0,-1.1
-4.0,-4.0,-1.1
-4.0,-4.0,-1.1
-4.0,-4.0,-1.1
-4.0,-4.0,-1.1
-4.0,-4.0,-1.1
-4.0,-4.0,-1.1
-4.0,-4.0,-1.1
-4.0,-4.0,-1.1
-4.0,-4.0,-1.1
-4.0,-4.0,-1.1
-4.0,-4.0,-1.1
-4.0,-4.0,-1.1
-4.0,-4.0,-1.1
-4.0,-4.0,-1.1
-4.0,-4.0,-1.1
-4.0,-4.0,-1.1
-4.0,-4.0,-1.1
-4.0,-4.0,-1.1
-4.0,-4.0,-1.1
-4.0,-4.0,-1.1
-4.0,-4.0,-1.1
-4.0,-4.0,-1.1
-4.0,-4.0,-1.1
-4.0,-4.0,-1.1
-4.0,-4.0,-1.1
-4.0,-4.0,-1.1
-4.0,-4.0,-1.1
-4.0,-4.0,-1.1
-4.0,-4.0,-1.1
-4.0,-4.0,-1.1
-4.0,-4.0,-1.1
-4.0,-4.0,-1.1
-4.0,-4.0,-1.1
-4.0,-4.0,-1.1
-4.0,-4.0,-1.1
-4.0,-4.0,-1.1
-4.0,-4.0,-1.1
-4.0,-4.0,-1.1
-4.0,-4.0,-1.1
-4.0,-4.0,-1.1
-4.0,-4.0,-1.1
-4.0,-4.0,-1.1
-4.0,-4.0,-1.1
-4.0,-4.0,-1.1
-4.0,-4.0,-1.1
-4.0,-4.0,-1.1
-4.0,-4.0,-1.1
-4.0,-4.0,-1.1
-4.0,-4.0,-1.1
-4.0,-4.0,-1.1
-4.0,-4.0,-1.1
-4.0,-4.0,-1.1
-4.0,-4.0,-1.1
-4.0,-4.0,-1.1
-4.0,-4.0,-1.1
-4.0,-4.0,-1.1
-4.0,-4.0,-1.1
-4.0,-4.0,-1.1
-4.0,-4.0,-1.1
-4.0,-4.0,-1.1
-4.0,-4.0,-1.1
-4.0,-4.0,-1.1
-4.0,-4.0,-1.1
-4.0,-4.0,-1.1
-4.0,-4.0,-1.1
-4.0,-4.0,-1.1
-4.0,-4.0,-1.1
-4.0,-4.0,-1.1
-4.0,-4.0,-1.1
-4.0,-4.0,-1.1
-4.0,-4.0,-1.1
-4.0,-4.0,-1.1
-4.0,-4.0,-1.1
-4.0,-4.0,-1.1
-4.0,-4.0,-1.1
-4.0,-4.0,-1.1
-4.0,-4.0,-1.1
-4.0,-4.0,-1.1
-4.0,-4.0,-1.1
-4.0,-4.0,-1.1
-4.0,-4.0,-1.1
-4.0,-4.0,-1.1
-4.0,-4.0,-1.1
-4.0,-4.0,-1.1
-4.0,-4.0,-1.1
-4.0,-4.0,-1.1
-4.0,-4.0,-1.1
-4.0,-4.0,-1.1
-4.0,-4.0,-1.1
-4.0,-4.0,-1.1
-4.0,-4.0,-1.1
-4.0,-4.0,-1.1
-4.0,-4.0,-1.1
-4.0,-4.0,-1.1
-4.0,-4.0,-1.1
-4.0,-4.0,-1.1
-4.0,-4.0,-1.1
-4.0,-4.0,-1.1
-4.0,-4.0,-1.1
-4.0,-4.0,-1.1
-4.0,-4.0,-1.1
-4.0,-4.0,-1.1
-4.0,-4.0,-1.1
-4.0,-4.0,-1.1
-4.0,-4.0,-1.1
-4.0,-4.0,-1.1
-4.0,-4.0,-1.1
-4.0,-4.0,-1.1
-4.0,-4.0,-1.1
-4.0,-4.0,-1.1
-4.0,-4.0,-1.1
-4.0,-4.0,-1.1
-4.0,-4.0,-1.1
-4.0,-4.0,-1.1
-4.0,-4.0,-1.1
-4.0,-4.0,-1.1
-4.0,-4.0,-1.1
-4.0,-4.0,-1.1
-4.0,-4.0,-1.1
-4.0,-4.0,-1.1
-4.0,-4.0,-1.1
-4.0,-4.0,-1.1
-4.0,-4.0,-1.1
-4.0,-4.0,-1.1
-4.0,-4.0,-1.1
-4.0,-4.0,-1.1
-4.0,-4.0,-1.1
-4.0,-4.0,-1.1
-4.0,-4.0,-1.1
-4.0,-4.0,-1.1
-4.0,-4.0,-1.1
-4.0,-4.0,-1.1
-4.0,-4.0,-1.1
-4.0,-4.0,-1.1
-4.0,-4.0,-1.1
-4.0,-4.0,-1.1
-4.0,-4.0,-1.1
-4.0,-4.0,-1.1
-4.0,-4.0,-1.1
-4.0,-4.0,-1.1
-4.0,-4.0,-1.1
-4.0,-4.0,-1.1
-4.0,-4.0,-1.1
-4.0,-4.0,-1.1
-4.0,-4.0,-1.1
-4.0,-4.0,-1.1
-4.0,-4.0,-1.1
-4.0,-4.0,-1.1
-4.0,-4.0,-1.1
-4.0,-4.0,-1.1
-4.0,-4.0,-1.1
-4.0,-4.0,-1.1
-4.0,-4.0,-1.1
-4.0,-4.0,-1.1
-4.0,-4.0,-1.1
-4.0,-4.0,-1.1
-4.0,-4.0,-1.1
-4.0,-4.0,-1.1
-4.0,-4.0,-1.1
-4.0,-4.0,-1.1
-4.0,-4.0,-1.1
-4.0,-4.0,-1.1
-4.0,-4.0,-1.1
-4.0,-4.0,-1.1
-4.0,-4.0,-1.1
-4.0,-4.0,-1.1
-4.0,-4.0,-1.1
-4.0,-4.0,-1.1
-4.0,-4.0,-1.1
-4.0,-4.0,-1.1
-4.0,-4.0,-1.1
-4.0,-4.0,-1.1
-4.0,-4.0,-1.1
-4.0,-4.0,-1.1
-4.0,-4.0,-1.1
-4.0,-4.0,-1.1
-4.0,-4.0,-1.1
-4.0,-4.0,-1.1
-4.0,-4.0,-1.1
-4.0,-4.0,-1.1
-4.0,-4.0,-1.1
-4.0,-4.0,-1.1
-4.0,-4.0,-1.1
-4.0,-4.0,-1.1
-4.0,-4.0,-1.1
-4.0,-4.0,-1.1
-4.0,-4.0,-1.1
-4.0,-4.0,-1.1
-4.0,-4.0,-1.1
-4.0,-4.0,-1.1
-4.0,-4.0,-1.1
-4.0,-4.0,-1.1
-4.0,-4.0,-1.1
-4.0,-4.0,-1.1
-4.0,-4.0,-1.1
-4.0,-4.0,-1.1
-4.0,-4.0,-1.1
-4.0,-4.0,-1.1
-4.0,-4.0,-1.1
-4.0,-4.0,-1.1
-4.0,-4.0,-1.1
-4.0,-4.0,-1.1
-4.0,-4.0,-1.1
-4.0,-4.0,-1.1
-4.0,-4.0,-1.1
-4.0,-4.0,-1.1
-4.0,-4.0,-1.1
-4.0,-4.0,-1.1
-4.0,-4.0,-1.1
-4.0,-4.0,-1.1
-4.0,-4.0,-1.1
-4.0,-4.0,-1.1
-4.0,-4.0,-1.1
-4.0,-4.0,-1.1
-4.0,-4.0,-1.1
-4.0,-4.0,-1.1
-4.0,-4.0,-1.1
-4.0,-4.0,-1.1
-4.0,-4.0,-1.1
-4.0,-4.0,-1.1
-4.0,-4.0,-1.1
-4.0,-4.0,-1.1
-4.0,-4.0,-1.1
-4.0,-4.0,-1.1
-4.0,-4.0,-1.1
-4.0,-4.0,-1.1
-4.0,-4.0,-1.1
-4.0,-4.0,-1.1
-4.0,-4.0,-1.1
-4.0,-4.0,-1.1
-4.0,-4.0,-1.1
-4.0,-4.0,-1.1
-4.0,-4.0,-1.1
-4.0,-4.0,-1.1
-4.0,-4.0,-1.1
-4.0,-4.0,-1.1
-4.0,-4.0,-1.1
-4.0,-4.0,-1.1
-4.0,-4.0,-1.1
-4.0,-4.0,-1.1
-4.0,-4.0,-1.1
-4.0,-4.0,-1.1
-4.0,-4.0,-1.1
-4.0,-4.0,-1.1
-4.0,-4.0,-1.1
-4.0,-4.0,-1.1
-4.0,-4.0,-1.1
-4.0,-4.0,-1.1
-4.0,-4.0,-1.1
-4.0,-4.0,-1.1
-4.0,-4.0,-1.1
-4.0,-4.0,-1.1
-4.0,-4.0,-1.1
-4.0,-4.0,-1.1
-4.0,-4.0,-1.1
-4.0,-4.0,-1.1
-4.0,-4.0,-1.1
-4.0,-4.0,-1.1
-4.0,-4.0,-1.1
-4.0,-4.0,-1.1
-4.0,-4.0,-1.1
-4.0,-4.0,-1.1
-4.0,-4.0,-1.1
-4.0,-4.0,-1.1
-4.0,-4.0,-1.1
-4.0,-4.0,-1.1
-4.0,-4.0,-1.1
-4.0,-4.0,-1.1
-4.0,-4.0,-1.1
-4.0,-4.0,-1.1
-4.0,-4.0,-1.1
-4.0,-4.0,-1.1
-4.0,-4.0,-1.1
-4.0,-4.0,-1.1
-4.0,-4.0,-1.1
-4.0,-4.0,-1.1
-4.0,-4.0,-1.1
-4.0,-4.0,-1.1
-4.0,-4.0,-1.1
-4.0,-4.0,-1.1
-4.0,-4.0,-1.1
-4.0,-4.0,-1.1
-4.0,-4.0,-1.1
-4.0,-4.0,-1.1
-4.0,-4.0,-1.1
-4.0,-4.0,-1.1
-4.0,-4.0,-1.1
-4.0,-4.0,-1.1
-4.0,-4.0,-1.1
-4.0,-4.0,-1.1
-4.0,-4.0,-1.1
-4.0,-4.0,-1.1
-4.0,-4.0,-1.1
-4.0,-4.0,-1.1
-4.0,-4.0,-1.1
-4.0,-4.0,-1.1
-4.0,-4.0,-1.1
-4.0,-4.0,-1.1
-4.0,-4.0,-1.1
-4.0,-4.0,-1.1
-4.0,-4.0,-1.1
-4.0,-4.0,-1.1
-4.0,-4.0,-1.1
-4.0,-4.0,-1.1
-4.0,-4.0,-1.1
-4.0,-4.0,-1.1
-4.0,-4.0,-1.1
-4.0,-4.0,-1.1
-4.0,-4.0,-1.1
-4.0,-4.0,-1.1
-4.0,-4.0,-1.1
-4.0,-4.0,-1.1
-4.0,-4.0,-1.1
-4.0,-4.0,-1.1
-4.0,-4.0,-1.1
-4.0,-4.0,-1.1
-4.0,-4.0,-1.1
-4.0,-4.0,-1.1
-4.0,-4.0,-1.1
-4.0,-4.0,-1.1
-4.0,-4.0,-1.1
-4.0,-4.0,-1.1
-4.0,-4.0,-1.1
-4.0,-4.0,-1.1
-4.0,-4.0,-1.1
-4.0,-4.0,-1.1
-4.0,-4.0,-1.1
-4.0,-4.0,-1.1
-4.0,-4.0,-1.1
-4.0,-4.0,-1.1
-4.0,-4.0,-1.1
-4.0,-4.0,-1.1
-4.0,-4.0,-1.1
-4.0,-4.0,-1.1
-4.0,-4.0,-1.1
-4.0,-4.0,-1.1
-4.0,-4.0,-1.1
-4.0,-4.0,-1.1
-4.0,-4.0,-1.1
-4.0,-4.0,-1.1
-4.0,-4.0,-1.1
-4.0,-4.0,-1.1
-4.0,-4.0,-1.1
-4.0,-4.0,-1.1
-4.0,-4.0,-1.1
-4.0,-4.0,-1.1
-4.0,-4.0,-1.1
-4.0,-4.0,-1.1
-4.0,-4.0,-1.1
-4.0,-4.0,-1.1
-4.0,-4.0,-1.1
-4.0,-4.0,-1.1
-4.0,-4.0,-1.1
-4.0,-4.0,-1.1
-4.0,-4.0,-1.1
-4.0,-4.0,-1.1
-4.0,-4.0,-1.1
-4.0,-4.0,-1.1
-4.0,-4.0,-1.1
-4.0,-4.0,-1.1
-4.0,-4.0,-1.1
-4.0,-4.0,-1.1
-4.0,-4.0,-1.1
-4.0,-4.0,-1.1
-4.0,-4.0,-1.1
-4.0,-4.0,-1.1
-4.0,-4.0,-1.1
-4.0,-4.0,-1.1
-4.0,-4.0,-1.1
-4.0,-4.0,-1.1
-4.0,-4.0,-1.1
-4.0,-4.0,-1.1
-4.0,-4.0,-1.1
-4.0,-4.0,-1.1
-4.0,-4.0,-1.1
-4.0,-4.0,-1.1
-4.0,-4.0,-1.1
-4.0,-4.0,-1.1
-4.0,-4.0,-1.1
-4.0,-4.0,-1.1
-4.0,-4.0,-1.1
-4.0,-4.0,-1.1
-4.0,-4.0,-1.1
-4.0,-4.0,-1.1
-4.0,-4.0,-1.1
-4.0,-4.0,-1.1
-4.0,-4.0,-1.1
-4.0,-4.0,-1.1
-4.0,-4.0,-1.1
-4.0,-4.0,-1.1
-4.0,-4.0,-1.1
-4.0,-4.0,-1.1
-4.0,-4.0,-1.1
-4.0,-4.0,-1.1
-4.0,-4.0,-1.1
-4.0,-4.0,-1.1
-4.0,-4.0,-1.1
-4.0,-4.0,-1.1
-4.0,-4.0,-1.1
-4.0,-4.0,-1.1
-4.0,-4.0,-1.1
-4.0,-4.0,-1.1
-4.0,-4.0,-1.1
-4.0,-4.0,-1.1
-4.0,-4.0,-1.1
-4.0,-4.0,-1.1
-4.0,-4.0,-1.1
-4.0,-4.0,-1.1
-4.0,-4.0,-1.1
-4.0,-4.0,-1.1
-4.0,-4.0,-1.1
-4.0,-4.0,-1.1
-4.0,-4.0,-1.1
-4.0,-4.0,-1.1
-4.0,-4.0,-1.1
-4.0,-4.0,-1.1
-4.0,-4.0,-1.1
-4.0,-4.0,-1.1
-4.0,-4.0,-1.1
-4.0,-4.0,-1.1
-4.0,-4.0,-1.1
-4.0,-4.0,-1.1
-4.0,-4.0,-1.1
-4.0,-4.0,-1.1
-4.0,-4.0,-1.1
-4.0,-4.0,-1.1
-4.0,-4.0,-1.1
-4.0,-4.0,-1.1
-4.0,-4.0,-1.1
-4.0,-4.0,-1.1
-4.0,-4.0,-1.1
-4.0,-4.0,-1.1
-4.0,-4.0,-1.1
-4.0,-4.0,-1.1
-4.0,-4.0,-1.1
-4.0,-4.0,-1.1
-4.0,-4.0,-1.1
-4.0,-4.0,-1.1
-4.0,-4.0,-1.1
-4.0,-4.0,-1.1
-4.0,-4.0,-1.1
-4.0,-4.0,-1.1
-4.0,-4.0,-1.1
-4.0,-4.0,-1.1
-4.0,-4.0,-1.1
-4.0,-4.0,-1.1
-4.0,-4.0,-1.1
-4.0,-4.0,-1.1
-4.0,-4.0,-1.1
-4.0,-4.0,-1.1
-4.0,-4.0,-1.1
-4.0,-4.0,-1.1
-4.0,-4.0,-1.1
-4.0,-4.0,-1.1
-4.0,-4.0,-1.1
-4.0,-4.0,-1.1
-4.0,-4.0,-1.1
-4.0,-4.0,-1.1
-4.0,-4.0,-1.1
-4.0,-4.0,-1.1
-4.0,-4.0,-1.1
-4.0,-4.0,-1.1
-4.0,-4.0,-1.1
-4.0,-4.0,-1.1
-4.0,-4.0,-1.1
-4.0,-4.0,-1.1
-4.0,-4.0,-1.1
-4.0,-4.0,-1.1
-4.0,-4.0,-1.1
-4.0,-4.0,-1.1
-4.0,-4.0,-1.1
-4.0,-4.0,-1.1
-4.0,-4.0,-1.1
-4.0,-4.0,-1.1
-4.0,-4.0,-1.1
-4.0,-4.0,-1.1
-4.0,-4.0,-1.1
-4.0,-4.0,-1.1
-4.0,-4.0,-1.1
-4.0,-4.0,-1.1
-4.0,-4.0,-1.1
-4.0,-4.0,-1.1
-4.0,-4.0,-1.1
-4.0,-4.0,-1.1
-4.0,-4.0,-1.1
-4.0,-4.0,-1.1
-4.0,-4.0,-1.1
-4.0,-4.0,-1.1
-4.0,-4.0,-1.1
-4.0,-4.0,-1.1
-4.0,-4.0,-1.1
-4.0,-4.0,-1.1
-4.0,-4.0,-1.1
-4.0,-4.0,-1.1
-4.0,-4.0,-1.1
-4.0,-4.0,-1.1
-4.0,-4.0,-1.1
-4.0,-4.0,-1.1
-4.0,-4.0,-1.1
-4.0,-4.0,-1.1
-4.0,-4.0,-1.1
-4.0,-4.0,-1.1
-4.0,-4.0,-1.1
-4.0,-4.0,-1.1
-4.0,-4.0,-1.1
-4.0,-4.0,-1.1
-4.0,-4.0,-1.1
-4.0,-4.0,-1.1
-4.0,-4.0,-1.1
-4.0,-4.0,-1.1
-4.0,-4.0,-1.1
-4.0,-4.0,-1.1
-4.0,-4.0,-1.1
-4.0,-4.0,-1.1
-4.0,-4.0,-1.1
-4.0,-4.0,-1.1
-4.0,-4.0,-1.1
-4.0,-4.0,-1.1
-4.0,-4.0,-1.1
-4.0,-4.0,-1.1
-4.0,-4.0,-1.1
-4.0,-4.0,-1.1
-4.0,-4.0,-1.1
-4.0,-4.0,-1.1
-4.0,-4.0,-1.1
-4.0,-4.0,-1.1
-4.0,-4.0,-1.1
-4.0,-4.0,-1.1
-4.0,-4.0,-1.1
-4.0,-4.0,-1.1
-4.0,-4.0,-1.1
-4.0,-4.0,-1.1
-4.0,-4.0,-1.1
-4.0,-4.0,-1.1
-4.0,-4.0,-1.1
-4.0,-4.0,-1.1
-4.0,-4.0,-1.1
-4.0,-4.0,-1.1
-4.0,-4.0,-1.1
-4.0,-4.0,-1.1
-4.0,-4.0,-1.1
-4.0,-4.0,-1.1
-4.0,-4.0,-1.1
-4.0,-4.0,-1.1
-4.0,-4.0,-1.1
-4.0,-4.0,-1.1
-4.0,-4.0,-1.1
-4.0,-4.0,-1.1
-4.0,-4.0,-1.1
-4.0,-4.0,-1.1
-4.0,-4.0,-1.1
-4.0,-4.0,-1.1
-4.0,-4.0,-1.1
-4.0,-4.0,-1.1
-4.0,-4.0,-1.1
-4.0,-4.0,-1.1
-4.0,-4.0,-1.1
-4.0,-4.0,-1.1
-4.0,-4.0,-1.1
-4.0,-4.0,-1.1
-4.0,-4.0,-1.1
-4.0,-4.0,-1.1
-4.0,-4.0,-1.1
-4.0,-4.0,-1.1
-4.0,-4.0,-1.1
-4.0,-4.0,-1.1
-4.0,-4.0,-1.1
-4.0,-4.0,-1.1
-4.0,-4.0,-1.1
-4.0,-4.0,-1.1
-4.0,-4.0,-1.1
-4.0,-4.0,-1.1
-4.0,-4.0,-1.1
-4.0,-4.0,-1.1
-4.0,-4.0,-1.1
-4.0,-4.0,-1.1
-4.0,-4.0,-1.1
-4.0,-4.0,-1.1
-4.0,-4.0,-1.1
-4.0,-4.0,-1.1
-4.0,-4.0,-1.1
-4.0,-4.0,-1.1
-4.0,-4.0,-1.1
-4.0,-4.0,-1.1
-4.0,-4.0,-1.1
-4.0,-4.0,-1.1
-4.0,-4.0,-1.1
-4.0,-4.0,-1.1
-4.0,-4.0,-1.1
-4.0,-4.0,-1.1
-4.0,-4.0,-1.1
-4.0,-4.0,-1.1
-4.0,-4.0,-1.1
-4.0,-4.0,-1.1
-4.0,-4.0,-1.1
-4.0,-4.0,-1.1
-4.0,-4.0,-1.1
-4.0,-4.0,-1.1
-4.0,-4.0,-1.1
-4.0,-4.0,-1.1
-4.0,-4.0,-1.1
-4.0,-4.0,-1.1
-4.0,-4.0,-1.1
-4.0,-4.0,-1.1
-4.0,-4.0,-1.1
-4.0,-4.0,-1.1
-4.0,-4.0,-1.1
-4.0,-4.0,-1.1
-4.0,-4.0,-1.1
-4.0,-4.0,-1.1
-4.0,-4.0,-1.1
-4.0,-4.0,-1.1
-4.0,-4.0,-1.1
-4.0,-4.0,-1.1
-4.0,-4.0,-1.1
-4.0,-4.0,-1.1
-4.0,-4.0,-1.1
-4.0,-4.0,-1.1
-4.0,-4.0,-1.1
-4.0,-4.0,-1.1
-4.0,-4.0,-1.1
-4.0,-4.0,-1.1
-4.0,-4.0,-1.1
-4.0,-4.0,-1.1
-4.0,-4.0,-1.1
-4.0,-4.0,-1.1
-4.0,-4.0,-1.1
-4.0,-4.0,-1.1
-4.0,-4.0,-1.1
-4.0,-4.0,-1.1
-4.0,-4.0,-1.1
-4.0,-4.0,-1.1
-4.0,-4.0,-1.1
-4.0,-4.0,-1.1
-4.0,-4.0,-1.1
-4.0,-4.0,-1.1
-4.0,-4.0,-1.1
-4.0,-4.0,-1.1
-4.0,-4.0,-1.1
-4.0,-4.0,-1.1
-4.0,-4.0,-1.1
-4.0,-4.0,-1.1
-4.0,-4.0,-1.1
-4.0,-4.0,-1.1
-4.0,-4.0,-1.1
-4.0,-4.0,-1.1
-4.0,-4.0,-1.1
-4.0,-4.0,-1.1
-4.0,-4.0,-1.1
-4.0,-4.0,-1.1
-4.0,-4.0,-1.1
-4.0,-4.0,-1.1
-4.0,-4.0,-1.1
-4.0,-4.0,-1.1
-4.0,-4.0,-1.1
-4.0,-4.0,-1.1
-4.0,-4.0,-1.1
-4.0,-4.0,-1.1
-4.0,-4.0,-1.1
-4.0,-4.0,-1.1
-4.0,-4.0,-1.1
-4.0,-4.0,-1.1
-4.0,-4.0,-1.1
-4.0,-4.0,-1.1
-4.0,-4.0,-1.1
-4.0,-4.0,-1.1
-4.0,-4.0,-1.1
-4.0,-4.0,-1.1
-4.0,-4.0,-1.1
-4.0,-4.0,-1.1
-4.0,-4.0,-1.1
-4.0,-4.0,-1.1
-4.0,-4.0,-1.1
-4.0,-4.0,-1.1
-4.0,-4.0,-1.1
-4.0,-4.0,-1.1
-4.0,-4.0,-1.1
-4.0,-4.0,-1.1
-4.0,-4.0,-1.1
-4.0,-4.0,-1.1
-4.0,-4.0,-1.1
-4.0,-4.0,-1.1
-4.0,-4.0,-1.1
-4.0,-4.0,-1.1
-4.0,-4.0,-1.1
-4.0,-4.0,-1.1
-4.0,-4.0,-1.1
-4.0,-4.0,-1.1
-4.0,-4.0,-1.1
-4.0,-4.0,-1.1
-4.0,-4.0,-1.1
-4.0,-4.0,-1.1
-4.0,-4.0,-1.1
-4.0,-4.0,-1.1
-4.0,-4.0,-1.1
-4.0,-4.0,-1.1
-4.0,-4.0,-1.1
-4.0,-4.0,-1.1
-4.0,-4.0,-1.1
-4.0,-4.0,-1.1
-4.0,-4.0,-1.1
-4.0,-4.0,-1.1
-4.0,-4.0,-1.1
-4.0,-4.0,-1.1
-4.0,-4.0,-1.1
-4.0,-4.0,-1.1
-4.0,-4.0,-1.1
-4.0,-4.0,-1.1
-4.0,-4.0,-1.1
-4.0,-4.0,-1.1
-4.0,-4.0,-1.1
-4.0,-4.0,-1.1
-4.0,-4.0,-1.1
-4.0,-4.0,-1.1
-4.0,-4.0,-1.1
-4.0,-4.0,-1.1
-4.0,-4.0,-1.1
-4.0,-4.0,-1.1
-4.0,-4.0,-1.1
-4.0,-4.0,-1.1
-4.0,-4.0,-1.1
-4.0,-4.0,-1.1
-4.0,-4.0,-1.1
-4.0,-4.0,-1.1
-4.0,-4.0,-1.1
-4.0,-4.0,-1.1
-4.0,-4.0,-1.1
-4.0,-4.0,-1.1
-4.0,-4.0,-1.1
-4.0,-4.0,-1.1
-4.0,-4.0,-1.1
-4.0,-4.0,-1.1
-4.0,-4.0,-1.1
-4.0,-4.0,-1.1
-4.0,-4.0,-1.1
-4.0,-4.0,-1.1
-4.0,-4.0,-1.1
-4.0,-4.0,-1.1
-4.0,-4.0,-1.1
-4.0,-4.0,-1.1
-4.0,-4.0,-1.1
-4.0,-4.0,-1.1
-4.0,-4.0,-1.1
-4.0,-4.0,-1.1
-4.0,-4.0,-1.1
-4.0,-4.0,-1.1
-4.0,-4.0,-1.1
-4.0,-4.0,-1.1
-4.0,-4.0,-1.1
-4.0,-4.0,-1.1
-4.0,-4.0,-1.1
-4.0,-4.0,-1.1
-4.0,-4.0,-1.1
-4.0,-4.0,-1.1
-4.0,-4.0,-1.1
-4.0,-4.0,-1.1
-4.0,-4.0,-1.1
-4.0,-4.0,-1.1
-4.0,-4.0,-1.1
-4.0,-4.0,-1.1
-4.0,-4.0,-1.1
-4.0,-4.0,-1.1
-4.0,-4.0,-1.1
-4.0,-4.0,-1.1
-4.0,-4.0,-1.1
-4.0,-4.0,-1.1
-4.0,-4.0,-1.1
-4.0,-4.0,-1.1
-4.0,-4.0,-1.1
-4.0,-4.0,-1.1
-4.0,-4.0,-1.1
-4.0,-4.0,-1.1
-4.0,-4.0,-1.1
-4.0,-4.0,-1.1
-4.0,-4.0,-1.1
-4.0,-4.0,-1.1
-4.0,-4.0,-1.1
-4.0,-4.0,-1.1
-4.0,-4.0,-1.1
-4.0,-4.0,-1.1
-4.0,-4.0,-1.1
-4.0,-4.0,-1.1
-4.0,-4.0,-1.1
-4.0,-4.0,-1.1
-4.0,-4.0,-1.1
-4.0,-4.0,-1.1
-4.0,-4.0,-1.1
-4.0,-4.0,-1.1
-4.0,-4.0,-1.1
-4.0,-4.0,-1.1
-4.0,-4.0,-1.1
-4.0,-4.0,-1.1
-4.0,-4.0,-1.1
-4.0,-4.0,-1.1
-4.0,-4.0,-1.1
-4.0,-4.0,-1.1
-4.0,-4.0,-1.1
-4.0,-4.0,-1.1
-4.0,-4.0,-1.1
-4.0,-4.0,-1.1
-4.0,-4.0,-1.1
-4.0,-4.0,-1.1
-4.0,-4.0,-1.1
-4.0,-4.0,-1.1
-4.0,-4.0,-1.1
-4.0,-4.0,-1.1
-4.0,-4.0,-1.1
-4.0,-4.0,-1.1
-4.0,-4.0,-1.1
-4.0,-4.0,-1.1
-4.0,-4.0,-1.1
-4.0,-4.0,-1.1
-4.0,-4.0,-1.1
-4.0,-4.0,-1.1
-4.0,-4.0,-1.1
-4.0,-4.0,-1.1
-4.0,-4.0,-1.1
-4.0,-4.0,-1.1
-4.0,-4.0,-1.1
-4.0,-4.0,-1.1
-4.0,-4.0,-1.1
-4.0,-4.0,-1.1
-4.0,-4.0,-1.1
-4.0,-4.0,-1.1
-4.0,-4.0,-1.1
-4.0,-4.0,-1.1
-4.0,-4.0,-1.1
-4.0,-4.0,-1.1
-4.0,-4.0,-1.1
-4.0,-4.0,-1.1
-4.0,-4.0,-1.1
-4.0,-4.0,-1.1
-4.0,-4.0,-1.1
-4.0,-4.0,-1.1
-4.0,-4.0,-1.1
-4.0,-4.0,-1.1
-4.0,-4.0,-1.1
-4.0,-4.0,-1.1
-4.0,-4.0,-1.1
-4.0,-4.0,-1.1
-4.0,-4.0,-1.1
-4.0,-4.0,-1.1
-4.0,-4.0,-1.1
-4.0,-4.0,-1.1
-4.0,-4.0,-1.1
-4.0,-4.0,-1.1
-4.0,-4.0,-1.1
-4.0,-4.0,-1.1
-4.0,-4.0,-1.1
-4.0,-4.0,-1.1
-4.0,-4.0,-1.1
-4.0,-4.0,-1.1
-4.0,-4.0,-1.1
-4.0,-4.0,-1.1
-4.0,-4.0,-1.1
-4.0,-4.0,-1.1
-4.0,-4.0,-1.1
-4.0,-4.0,-1.1
-4.0,-4.0,-1.1
-4.0,-4.0,-1.1
-4.0,-4.0,-1.1
-4.0,-4.0,-1.1
-4.0,-4.0,-1.1
-4.0,-4.0,-1.1
-4.0,-4.0,-1.1
-4.0,-4.0,-1.1
-4.0,-4.0,-1.1
-4.0,-4.0,-1.1
-4.0,-4.0,-1.1
-4.0,-4.0,-1.1
-4.0,-4.0,-1.1
-4.0,-4.0,-1.1
-4.0,-4.0,-1.1
-4.0,-4.0,-1.1
-4.0,-4.0,-1.1
-4.0,-4.0,-1.1
-4.0,-4.0,-1.1
-4.0,-4.0,-1.1
-4.0,-4.0,-1.1
-4.0,-4.0,-1.1
-4.0,-4.0,-1.1
-4.0,-4.0,-1.1
-4.0,-4.0,-1.1
-4.0,-4.0,-1.1
-4.0,-4.0,-1.1
-4.0,-4.0,-1.1
-4.0,-4.0,-1.1
-4.0,-4.0,-1.1
-4.0,-4.0,-1.1
-4.0,-4.0,-1.1
-4.0,-4.0,-1.1
-4.0,-4.0,-1.1
-4.0,-4.0,-1.1
-4.0,-4.0,-1.1
-4.0,-4.0,-1.1
-4.0,-4.0,-1.1
-4.0,-4.0,-1.1
-4.0,-4.0,-1.1
-4.0,-4.0,-1.1
-4.0,-4.0,-1.1
-4.0,-4.0,-1.1
-4.0,-4.0,-1.1
-4.0,-4.0,-1.1
-4.0,-4.0,-1.1
-4.0,-4.0,-1.1
-4.0,-4.0,-1.1
-4.0,-4.0,-1.1
-4.0,-4.0,-1.1
-4.0,-4.0,-1.1
-4.0,-4.0,-1.1
-4.0,-4.0,-1.1
-4.0,-4.0,-1.1
-4.0,-4.0,-1.1
-4.0,-4.0,-1.1
-4.0,-4.0,-1.1
-4.0,-4.0,-1.1
-4.0,-4.0,-1.1
-4.0,-4.0,-1.1
-4.0,-4.0,-1.1
-4.0,-4.0,-1.1
-4.0,-4.0,-1.1
-4.0,-4.0,-1.1
-4.0,-4.0,-1.1
-4.0,-4.0,-1.1
-4.0,-4.0,-1.1
-4.0,-4.0,-1.1
-4.0,-4.0,-1.1
-4.0,-4.0,-1.1
-4.0,-4.0,-1.1
-4.0,-4.0,-1.1
-4.0,-4.0,-1.1
-4.0,-4.0,-1.1
-4.0,-4.0,-1.1
-4.0,-4.0,-1.1
-4.0,-4.0,-1.1
-4.0,-4.0,-1.1
-4.0,-4.0,-1.1
-4.0,-4.0,-1.1
-4.0,-4.0,-1.1
-4.0,-4.0,-1.1
-4.0,-4.0,-1.1
-4.0,-4.0,-1.1
-4.0,-4.0,-1.1
-4.0,-4.0,-1.1
-4.0,-4.0,-1.1
-4.0,-4.0,-1.1
-4.0,-4.0,-1.1
-4.0,-4.0,-1.1
-4.0,-4.0,-1.1
-4.0,-4.0,-1.1
-4.0,-4.0,-1.1
-4.0,-4.0,-1.1
-4.0,-4.0,-1.1
-4.0,-4.0,-1.1
-4.0,-4.0,-1.1
-4.0,-4.0,-1.1
-4.0,-4.0,-1.1
-4.0,-4.0,-1.1
-4.0,-4.0,-1.1
-4.0,-4.0,-1.1
-4.0,-4.0,-1.1
-4.0,-4.0,-1.1
-4.0,-4.0,-1.1
-4.0,-4.0,-1.1
-4.0,-4.0,-1.1
-4.0,-4.0,-1.1
-4.0,-4.0,-1.1
-4.0,-4.0,-1.1
-4.0,-4.0,-1.1
-4.0,-4.0,-1.1
-4.0,-4.0,-1.1
-4.0,-4.0,-1.1
-4.0,-4.0,-1.1
-4.0,-4.0,-1.1
-4.0,-4.0,-1.1
-4.0,-4.0,-1.1
-4.0,-4.0,-1.1
-4.0,-4.0,-1.1
-4.0,-4.0,-1.1
-4.0,-4.0,-1.1
-4.0,-4.0,-1.1
-4.0,-4.0,-1.1
-4.0,-4.0,-1.1
-4.0,-4.0,-1.1
-4.0,-4.0,-1.1
-4.0,-4.0,-1.1
-4.0,-4.0,-1.1
-4.0,-4.0,-1.1
-4.0,-4.0,-1.1
-4.0,-4.0,-1.1
-4.0,-4.0,-1.1
-4.0,-4.0,-1.1
-4.0,-4.0,-1.1
-4.0,-4.0,-1.1
-4.0,-4.0,-1.1
-4.0,-4.0,-1.1
-4.0,-4.0,-1.1
-4.0,-4.0,-1.1
-4.0,-4.0,-1.1
-4.0,-4.0,-1.1
-4.0,-4.0,-1.1
-4.0,-4.0,-1.1
-4.0,-4.0,-1.1
-4.0,-4.0,-1.1
-4.0,-4.0,-1.1
-4.0,-4.0,-1.1
-4.0,-4.0,-1.1
-4.0,-4.0,-1.1
-4.0,-4.0,-1.1
-4.0,-4.0,-1.1
-4.0,-4.0,-1.1
-4.0,-4.0,-1.1
-4.0,-4.0,-1.1
-4.0,-4.0,-1.1
-4.0,-4.0,-1.1
-4.0,-4.0,-1.1
-4.0,-4.0,-1.1
-4.0,-4.0,-1.1
-4.0,-4.0,-1.1
-4.0,-4.0,-1.1
-4.0,-4.0,-1.1
-4.0,-4.0,-1.1
-4.0,-4.0,-1.1
-4.0,-4.0,-1.1
-4.0,-4.0,-1.1
-4.0,-4.0,-1.1
-4.0,-4.0,-1.1
-4.0,-4.0,-1.1
-4.0,-4.0,-1.1
-4.0,-4.0,-1.1
-4.0,-4.0,-1.1
-4.0,-4.0,-1.1
-4.0,-4.0,-1.1
-4.0,-4.0,-1.1
-4.0,-4.0,-1.1
-4.0,-4.0,-1.1
-4.0,-4.0,-1.1
-4.0,-4.0,-1.1
-4.0,-4.0,-1.1
-4.0,-4.0,-1.1
-4.0,-4.0,-1.1
-4.0,-4.0,-1.1
-4.0,-4.0,-1.1
-4.0,-4.0,-1.1
-4.0,-4.0,-1.1
-4.0,-4.0,-1.1
-4.0,-4.0,-1.1
-4.0,-4.0,-1.1
-4.0,-4.0,-1.1
-4.0,-4.0,-1.1
-4.0,-4.0,-1.1
-4.0,-4.0,-1.1
-4.0,-4.0,-1.1
-4.0,-4.0,-1.1
-4.0,-4.0,-1.1
-4.0,-4.0,-1.1
-4.0,-4.0,-1.1
-4.0,-4.0,-1.1
-4.0,-4.0,-1.1
-4.0,-4.0,-1.1
-4.0,-4.0,-1.1
-4.0,-4.0,-1.1
-4.0,-4.0,-1.1
-4.0,-4.0,-1.1
-4.0,-4.0,-1.1
-4.0,-4.0,-1.1
-4.0,-4.0,-1.1
-4.0,-4.0,-1.1
-4.0,-4.0,-1.1
-4.0,-4.0,-1.1
-4.0,-4.0,-1.1
-4.0,-4.0,-1.1
-4.0,-4.0,-1.1
-4.0,-4.0,-1.1
-4.0,-4.0,-1.1
-4.0,-4.0,-1.1
-4.0,-4.0,-1.1
-4.0,-4.0,-1.1
-4.0,-4.0,-1.1
-4.0,-4.0,-1.1
-4.0,-4.0,-1.1
-4.0,-4.0,-1.1
-4.0,-4.0,-1.1
-4.0,-4.0,-1.1
-4.0,-4.0,-1.1
-4.0,-4.0,-1.1
-4.0,-4.0,-1.1
-4.0,-4.0,-1.1
-4.0,-4.0,-1.1
-4.0,-4.0,-1.1
-4.0,-4.0,-1.1
-4.0,-4.0,-1.1
-4.0,-4.0,-1.1
-4.0,-4.0,-1.1
-4.0,-4.0,-1.1
-4.0,-4.0,-1.1
-4.0,-4.0,-1.1
-4.0,-4.0,-1.1
-4.0,-4.0,-1.1
-4.0,-4.0,-1.1
-4.0,-4.0,-1.1
-4.0,-4.0,-1.1
-4.0,-4.0,-1.1
-4.0,-4.0,-1.1
-4.0,-4.0,-1.1
-4.0,-4.0,-1.1
-4.0,-4.0,-1.1
-4.0,-4.0,-1.1
-4.0,-4.0,-1.1
-4.0,-4.0,-1.1
-4.0,-4.0,-1.1
-4.0,-4.0,-1.1
-4.0,-4.0,-1.1
-4.0,-4.0,-1.1
-4.0,-4.0,-1.1
-4.0,-4.0,-1.1
-4.0,-4.0,-1.1
-4.0,-4.0,-1.1
-4.0,-4.0,-1.1
-4.0,-4.0,-1.1
-4.0,-4.0,-1.1
-4.0,-4.0,-1.1
-4.0,-4.0,-1.1
-4.0,-4.0,-1.1
-4.0,-4.0,-1.1
-4.0,-4.0,-1.1
-4.0,-4.0,-1.1
-4.0,-4.0,-1.1
-4.0,-4.0,-1.1
-4.0,-4.0,-1.1
-4.0,-4.0,-1.1
-4.0,-4.0,-1.1
-4.0,-4.0,-1.1
-4.0,-4.0,-1.1
-4.0,-4.0,-1.1
-4.0,-4.0,-1.1
-4.0,-4.0,-1.1
-4.0,-4.0,-1.1
-4.0,-4.0,-1.1
-4.0,-4.0,-1.1
-4.0,-4.0,-1.1
-4.0,-4.0,-1.1
-4.0,-4.0,-1.1
-4.0,-4.0,-1.1
-4.0,-4.0,-1.1
-4.0,-4.0,-1.1
-4.0,-4.0,-1.1
-4.0,-4.0,-1.1
-4.0,-4.0,-1.1
-4.0,-4.0,-1.1
-4.0,-4.0,-1.1
-4.0,-4.0,-1.1
-4.0,-4.0,-1.1
-4.0,-4.0,-1.1
-4.0,-4.0,-1.1
-4.0,-4.0,-1.1
-4.0,-4.0,-1.1
-4.0,-4.0,-1.1
-4.0,-4.0,-1.1
-4.0,-4.0,-1.1
-4.0,-4.0,-1.1
-4.0,-4.0,-1.1
-4.0,-4.0,-1.1
-4.0,-4.0,-1.1
-4.0,-4.0,-1.1
-4.0,-4.0,-1.1
-4.0,-4.0,-1.1
-4.0,-4.0,-1.1
-4.0,-4.0,-1.1
-4.0,-4.0,-1.1
-4.0,-4.0,-1.1
-4.0,-4.0,-1.1
-4.0,-4.0,-1.1
-4.0,-4.0,-1.1
-4.0,-4.0,-1.1
-4.0,-4.0,-1.1
-4.0,-4.0,-1.1
-4.0,-4.0,-1.1
-4.0,-4.0,-1.1
-4.0,-4.0,-1.1
-4.0,-4.0,-1.1
-4.0,-4.0,-1.1
-4.0,-4.0,-1.1
-4.0,-4.0,-1.1
-4.0,-4.0,-1.1
-4.0,-4.0,-1.1
-4.0,-4.0,-1.1
-4.0,-4.0,-1.1
-4.0,-4.0,-1.1
-4.0,-4.0,-1.1
-4.0,-4.0,-1.1
-4.0,-4.0,-1.1
-4.0,-4.0,-1.1
-4.0,-4.0,-1.1
-4.0,-4.0,-1.1
-4.0,-4.0,-1.1
-4.0,-4.0,-1.1
-4.0,-4.0,-1.1
-4.0,-4.0,-1.1
-4.0,-4.0,-1.1
-4.0,-4.0,-1.1
-4.0,-4.0,-1.1
-4.0,-4.0,-1.1
-4.0,-4.0,-1.1
-4.0,-4.0,-1.1
-4.0,-4.0,-1.1
-4.0,-4.0,-1.1
-4.0,-4.0,-1.1
-4.0,-4.0,-1.1
-4.0,-4.0,-1.1
-4.0,-4.0,-1.1
-4.0,-4.0,-1.1
-4.0,-4.0,-1.1
-4.0,-4.0,-1.1
-4.0,-4.0,-1.1
-4.0,-4.0,-1.1
-4.0,-4.0,-1.1
-4.0,-4.0,-1.1
-4.0,-4.0,-1.1
-4.0,-4.0,-1.1
-4.0,-4.0,-1.1
-4.0,-4.0,-1.1
-4.0,-4.0,-1.1
-4.0,-4.0,-1.1
-4.0,-4.0,-1.1
-4.0,-4.0,-1.1
-4.0,-4.0,-1.1
-4.0,-4.0,-1.1
-4.0,-4.0,-1.1
-4.0,-4.0,-1.1
-4.0,-4.0,-1.1
-4.0,-4.0,-1.1
-4.0,-4.0,-1.1
-4.0,-4.0,-1.1
-4.0,-4.0,-1.1
-4.0,-4.0,-1.1
-4.0,-4.0,-1.1
-4.0,-4.0,-1.1
-4.0,-4.0,-1.1
-4.0,-4.0,-1.1
-4.0,-4.0,-1.1
-4.0,-4.0,-1.1
-4.0,-4.0,-1.1
-4.0,-4.0,-1.1
-4.0,-4.0,-1.1
-4.0,-4.0,-1.1
-4.0,-4.0,-1.1
-4.0,-4.0,-1.1
-4.0,-4.0,-1.1
-4.0,-4.0,-1.1
-4.0,-4.0,-1.1
-4.0,-4.0,-1.1
-4.0,-4.0,-1.1
-4.0,-4.0,-1.1
-4.0,-4.0,-1.1
-4.0,-4.0,-1.1
-4.0,-4.0,-1.1
-4.0,-4.0,-1.1
-4.0,-4.0,-1.1
-4.0,-4.0,-1.1
-4.0,-4.0,-1.1
-4.0,-4.0,-1.1
-4.0,-4.0,-1.1
-4.0,-4.0,-1.1
-4.0,-4.0,-1.1
-4.0,-4.0,-1.1
-4.0,-4.0,-1.1
-4.0,-4.0,-1.1
-4.0,-4.0,-1.1
-4.0,-4.0,-1.1
-4.0,-4.0,-1.1
-4.0,-4.0,-1.1
-4.0,-4.0,-1.1
-4.0,-4.0,-1.1
-4.0,-4.0,-1.1
-4.0,-4.0,-1.1
-4.0,-4.0,-1.1
-4.0,-4.0,-1.1
-4.0,-4.0,-1.1
-4.0,-4.0,-1.1
-4.0,-4.0,-1.1
-4.0,-4.0,-1.1
-4.0,-4.0,-1.1
-4.0,-4.0,-1.1
-4.0,-4.0,-1.1
-4.0,-4.0,-1.1
-4.0,-4.0,-1.1
-4.0,-4.0,-1.1
-4.0,-4.0,-1.1
-4.0,-4.0,-1.1
-4.0,-4.0,-1.1
-4.0,-4.0,-1.1
-4.0,-4.0,-1.1
-4.0,-4.0,-1.1
-4.0,-4.0,-1.1
-4.0,-4.0,-1.1
-4.0,-4.0,-1.1
-4.0,-4.0,-1.1
-4.0,-4.0,-1.1
-4.0,-4.0,-1.1
-4.0,-4.0,-1.1
-4.0,-4.0,-1.1
-4.0,-4.0,-1.1
-4.0,-4.0,-1.1
-4.0,-4.0,-1.1
-4.0,-4.0,-1.1
-4.0,-4.0,-1.1
-4.0,-4.0,-1.1
-4.0,-4.0,-1.1
-4.0,-4.0,-1.1
-4.0,-4.0,-1.1
-4.0,-4.0,-1.1
-4.0,-4.0,-1.1
-4.0,-4.0,-1.1
-4.0,-4.0,-1.1
-4.0,-4.0,-1.1
-4.0,-4.0,-1.1
-4.0,-4.0,-1.1
-4.0,-4.0,-1.1
-4.0,-4.0,-1.1
-4.0,-4.0,-1.1
-4.0,-4.0,-1.1
-4.0,-4.0,-1.1
-4.0,-4.0,-1.1
-4.0,-4.0,-1.1
-4.0,-4.0,-1.1
-4.0,-4.0,-1.1
-4.0,-4.0,-1.1
-4.0,-4.0,-1.1
-4.0,-4.0,-1.1
-4.0,-4.0,-1.1
-4.0,-4.0,-1.1
-4.0,-4.0,-1.1
-4.0,-4.0,-1.1
-4.0,-4.0,-1.1
-4.0,-4.0,-1.1
-4.0,-4.0,-1.1
-4.0,-4.0,-1.1
-4.0,-4.0,-1.1
-4.0,-4.0,-1.1
-4.0,-4.0,-1.1
-4.0,-4.0,-1.1
-4.0,-4.0,-1.1
-4.0,-4.0,-1.1
-4.0,-4.0,-1.1
-4.0,-4.0,-1.1
-4.0,-4.0,-1.1
-4.0,-4.0,-1.1
-4.0,-4.0,-1.1
-4.0,-4.0,-1.1
-4.0,-4.0,-1.1
-4.0,-4.0,-1.1
-4.0,-4.0,-1.1
-4.0,-4.0,-1.1
-4.0,-4.0,-1.1
-4.0,-4.0,-1.1
-4.0,-4.0,-1.1
-4.0,-4.0,-1.1
-4.0,-4.0,-1.1
-4.0,-4.0,-1.1
-4.0,-4.0,-1.1
-4.0,-4.0,-1.1
-4.0,-4.0,-1.1
-4.0,-4.0,-1.1
-4.0,-4.0,-1.1
-4.0,-4.0,-1.1
-4.0,-4.0,-1.1
-4.0,-4.0,-1.1
-4.0,-4.0,-1.1
-4.0,-4.0,-1.1
-4.0,-4.0,-1.1
-4.0,-4.0,-1.1
-4.0,-4.0,-1.1
-4.0,-4.0,-1.1
-4.0,-4.0,-1.1
-4.0,-4.0,-1.1
-4.0,-4.0,-1.1
-4.0,-4.0,-1.1
-4.0,-4.0,-1.1
-4.0,-4.0,-1.1
-4.0,-4.0,-1.1
-4.0,-4.0,-1.1
-4.0,-4.0,-1.1
-4.0,-4.0,-1.1
-4.0,-4.0,-1.1
-4.0,-4.0,-1.1
-4.0,-4.0,-1.1
-4.0,-4.0,-1.1
-4.0,-4.0,-1.1
-4.0,-4.0,-1.1
-4.0,-4.0,-1.1
-4.0,-4.0,-1.1
-4.0,-4.0,-1.1
-4.0,-4.0,-1.1
-4.0,-4.0,-1.1
-4.0,-4.0,-1.1
-4.0,-4.0,-1.1
-4.0,-4.0,-1.1
-4.0,-4.0,-1.1
-4.0,-4.0,-1.1
-4.0,-4.0,-1.1
-4.0,-4.0,-1.1
-4.0,-4.0,-1.1
-4.0,-4.0,-1.1
-4.0,-4.0,-1.1
-4.0,-4.0,-1.1
-4.0,-4.0,-1.1
-4.0,-4.0,-1.1
-4.0,-4.0,-1.1
-4.0,-4.0,-1.1
-4.0,-4.0,-1.1
-4.0,-4.0,-1.1
-4.0,-4.0,-1.1
-4.0,-4.0,-1.1
-4.0,-4.0,-1.1
-4.0,-4.0,-1.1
-4.0,-4.0,-1.1
-4.0,-4.0,-1.1
-4.0,-4.0,-1.1
-4.0,-4.0,-1.1
-4.0,-4.0,-1.1
-4.0,-4.0,-1.1
-4.0,-4.0,-1.1
-4.0,-4.0,-1.1
-4.0,-4.0,-1.1
-4.0,-4.0,-1.1
-4.0,-4.0,-1.1
-4.0,-4.0,-1.1
-4.0,-4.0,-1.1
-4.0,-4.0,-1.1
-4.0,-4.0,-1.1
-4.0,-4.0,-1.1
-4.0,-4.0,-1.1
-4.0,-4.0,-1.1
-4.0,-4.0,-1.1
-4.0,-4.0,-1.1
-4.0,-4.0,-1.1
-4.0,-4.0,-1.1
-4.0,-4.0,-1.1
-4.0,-4.0,-1.1
-4.0,-4.0,-1.1
-4.0,-4.0,-1.1
-4.0,-4.0,-1.1
-4.0,-4.0,-1.1
-4.0,-4.0,-1.1
-4.0,-4.0,-1.1
-4.0,-4.0,-1.1
-4.0,-4.0,-1.1
-4.0,-4.0,-1.1
-4.0,-4.0,-1.1
-4.0,-4.0,-1.1
-4.0,-4.0,-1.1
-4.0,-4.0,-1.1
-4.0,-4.0,-1.1
-4.0,-4.0,-1.1
-4.0,-4.0,-1.1
-4.0,-4.0,-1.1
-4.0,-4.0,-1.1
-4.0,-4.0,-1.1
-4.0,-4.0,-1.1
-4.0,-4.0,-1.1
-4.0,-4.0,-1.1
-4.0,-4.0,-1.1
-4.0,-4.0,-1.1
-4.0,-4.0,-1.1
-4.0,-4.0,-1.1
-4.0,-4.0,-1.1
-4.0,-4.0,-1.1
-4.0,-4.0,-1.1
-4.0,-4.0,-1.1
-4.0,-4.0,-1.1
-4.0,-4.0,-1.1
-4.0,-4.0,-1.1
-4.0,-4.0,-1.1
-4.0,-4.0,-1.1
-4.0,-4.0,-1.1
-4.0,-4.0,-1.1
-4.0,-4.0,-1.1
-4.0,-4.0,-1.1
-4.0,-4.0,-1.1
-4.0,-4.0,-1.1
-4.0,-4.0,-1.1
-4.0,-4.0,-1.1
-4.0,-4.0,-1.1
-4.0,-4.0,-1.1
-4.0,-4.0,-1.1
-4.0,-4.0,-1.1
-4.0,-4.0,-1.1
-4.0,-4.0,-1.1
-4.0,-4.0,-1.1
-4.0,-4.0,-1.1
-4.0,-4.0,-1.1
-4.0,-4.0,-1.1
-4.0,-4.0,-1.1
-4.0,-4.0,-1.1
-4.0,-4.0,-1.1
-4.0,-4.0,-1.1
-4.0,-4.0,-1.1
-4.0,-4.0,-1.1
-4.0,-4.0,-1.1
-4.0,-4.0,-1.1
-4.0,-4.0,-1.1
-4.0,-4.0,-1.1
-4.0,-4.0,-1.1
-4.0,-4.0,-1.1
-4.0,-4.0,-1.1
-4.0,-4.0,-1.1
-4.0,-4.0,-1.1
-4.0,-4.0,-1.1
-4.0,-4.0,-1.1
-4.0,-4.0,-1.1
-4.0,-4.0,-1.1
-4.0,-4.0,-1.1
-4.0,-4.0,-1.1
-4.0,-4.0,-1.1
-4.0,-4.0,-1.1
-4.0,-4.0,-1.1
-4.0,-4.0,-1.1
-4.0,-4.0,-1.1
-4.0,-4.0,-1.1
-4.0,-4.0,-1.1
-4.0,-4.0,-1.1
-4.0,-4.0,-1.1
-4.0,-4.0,-1.1
-4.0,-4.0,-1.1
-4.0,-4.0,-1.1
-4.0,-4.0,-1.1
-4.0,-4.0,-1.1
-4.0,-4.0,-1.1
-4.0,-4.0,-1.1
-4.0,-4.0,-1.1
-4.0,-4.0,-1.1
-4.0,-4.0,-1.1
-4.0,-4.0,-1.1
-4.0,-4.0,-1.1
-4.0,-4.0,-1.1
-4.0,-4.0,-1.1
-4.0,-4.0,-1.1
-4.0,-4.0,-1.1
-4.0,-4.0,-1.1
-4.0,-4.0,-1.1
-4.0,-4.0,-1.1
-4.0,-4.0,-1.1
-4.0,-4.0,-1.1
-4.0,-4.0,-1.1
-4.0,-4.0,-1.1
-4.0,-4.0,-1.1
-4.0,-4.0,-1.1
-4.0,-4.0,-1.1
-4.0,-4.0,-1.1
-4.0,-4.0,-1.1
-4.0,-4.0,-1.1
-4.0,-4.0,-1.1
-4.0,-4.0,-1.1
-4.0,-4.0,-1.1
-4.0,-4.0,-1.1
-4.0,-4.0,-1.1
-4.0,-4.0,-1.1
-4.0,-4.0,-1.1
-4.0,-4.0,-1.1
-4.0,-4.0,-1.1
-4.0,-4.0,-1.1
-4.0,-4.0,-1.1
-4.0,-4.0,-1.1
-4.0,-4.0,-1.1
-4.0,-4.0,-1.1
-4.0,-4.0,-1.1
-4.0,-4.0,-1.1
-4.0,-4.0,-1.1
-4.0,-4.0,-1.1
-4.0,-4.0,-1.1
-4.0,-4.0,-1.1
-4.0,-4.0,-1.1
-4.0,-4.0,-1.1
-4.0,-4.0,-1.1
-4.0,-4.0,-1.1
-4.0,-4.0,-1.1
-4.0,-4.0,-1.1
-4.0,-4.0,-1.1
-4.0,-4.0,-1.1
-4.0,-4.0,-1.1
-4.0,-4.0,-1.1
-4.0,-4.0,-1.1
-4.0,-4.0,-1.1
-4.0,-4.0,-1.1
-4.0,-4.0,-1.1
-4.0,-4.0,-1.1
-4.0,-4.0,-1.1
-4.0,-4.0,-1.1
-4.0,-4.0,-1.1
-4.0,-4.0,-1.1
-4.0,-4.0,-1.1
-4.0,-4.0,-1.1
-4.0,-4.0,-1.1
-4.0,-4.0,-1.1
-4.0,-4.0,-1.1
-4.0,-4.0,-1.1
-4.0,-4.0,-1.1
-4.0,-4.0,-1.1
-4.0,-4.0,-1.1
-4.0,-4.0,-1.1
-4.0,-4.0,-1.1
-4.0,-4.0,-1.1
-4.0,-4.0,-1.1
-4.0,-4.0,-1.1
-4.0,-4.0,-1.1
-4.0,-4.0,-1.1
-4.0,-4.0,-1.1
-4.0,-4.0,-1.1
-4.0,-4.0,-1.1
-4.0,-4.0,-1.1
-4.0,-4.0,-1.1
-4.0,-4.0,-1.1
-4.0,-4.0,-1.1
-4.0,-4.0,-1.1
-4.0,-4.0,-1.1
-4.0,-4.0,-1.1
-4.0,-4.0,-1.1
-4.0,-4.0,-1.1
-4.0,-4.0,-1.1
-4.0,-4.0,-1.1
-4.0,-4.0,-1.1
-4.0,-4.0,-1.1
-4.0,-4.0,-1.1
-4.0,-4.0,-1.1
-4.0,-4.0,-1.1
-4.0,-4.0,-1.1
-4.0,-4.0,-1.1
-4.0,-4.0,-1.1
-4.0,-4.0,-1.1
-4.0,-4.0,-1.1
-4.0,-4.0,-1.1
-4.0,-4.0,-1.1
-4.0,-4.0,-1.1
-4.0,-4.0,-1.1
-4.0,-4.0,-1.1
-4.0,-4.0,-1.1
-4.0,-4.0,-1.1
-4.0,-4.0,-1.1
-4.0,-4.0,-1.1
-4.0,-4.0,-1.1
-4.0,-4.0,-1.1
-4.0,-4.0,-1.1
-4.0,-4.0,-1.1
-4.0,-4.0,-1.1
-4.0,-4.0,-1.1
-4.0,-4.0,-1.1
-4.0,-4.0,-1.1
-4.0,-4.0,-1.1
-4.0,-4.0,-1.1
-4.0,-4.0,-1.1
-4.0,-4.0,-1.1
-4.0,-4.0,-1.1
-4.0,-4.0,-1.1
-4.0,-4.0,-1.1
-4.0,-4.0,-1.1
-4.0,-4.0,-1.1
-4.0,-4.0,-1.1
-4.0,-4.0,-1.1
-4.0,-4.0,-1.1
-4.0,-4.0,-1.1
-4.0,-4.0,-1.1
-4.0,-4.0,-1.1
-4.0,-4.0,-1.1
-4.0,-4.0,-1.1
-4.0,-4.0,-1.1
-4.0,-4.0,-1.1
-4.0,-4.0,-1.1
-4.0,-4.0,-1.1
-4.0,-4.0,-1.1
-4.0,-4.0,-1.1
-4.0,-4.0,-1.1
-4.0,-4.0,-1.1
-4.0,-4.0,-1.1
-4.0,-4.0,-1.1
-4.0,-4.0,-1.1
-4.0,-4.0,-1.1
-4.0,-4.0,-1.1
-4.0,-4.0,-1.1
-4.0,-4.0,-1.1
-4.0,-4.0,-1.1
-4.0,-4.0,-1.1
-4.0,-4.0,-1.1
-4.0,-4.0,-1.1
-4.0,-4.0,-1.1
-4.0,-4.0,-1.1
-4.0,-4.0,-1.1
-4.0,-4.0,-1.1
-4.0,-4.0,-1.1
-4.0,-4.0,-1.1
-4.0,-4.0,-1.1
-4.0,-4.0,-1.1
-4.0,-4.0,-1.1
-4.0,-4.0,-1.1
-4.0,-4.0,-1.1
-4.0,-4.0,-1.1
-4.0,-4.0,-1.1
-4.0,-4.0,-1.1
-4.0,-4.0,-1.1
-4.0,-4.0,-1.1
-4.0,-4.0,-1.1
-4.0,-4.0,-1.1
-4.0,-4.0,-1.1
-4.0,-4.0,-1.1
-4.0,-4.0,-1.1
-4.0,-4.0,-1.1
-4.0,-4.0,-1.1
-4.0,-4.0,-1.1
-4.0,-4.0,-1.1
-4.0,-4.0,-1.1
-4.0,-4.0,-1.1
-4.0,-4.0,-1.1
-4.0,-4.0,-1.1
-4.0,-4.0,-1.1
-4.0,-4.0,-1.1
-4.0,-4.0,-1.1
-4.0,-4.0,-1.1
-4.0,-4.0,-1.1
-4.0,-4.0,-1.1
-4.0,-4.0,-1.1
-4.0,-4.0,-1.1
-4.0,-4.0,-1.1
-4.0,-4.0,-1.1
-4.0,-4.0,-1.1
-4.0,-4.0,-1.1
-4.0,-4.0,-1.1
-4.0,-4.0,-1.1
-4.0,-4.0,-1.1
-4.0,-4.0,-1.1
-4.0,-4.0,-1.1
-4.0,-4.0,-1.1
-4.0,-4.0,-1.1
-4.0,-4.0,-1.1
-4.0,-4.0,-1.1
-4.0,-4.0,-1.1
-4.0,-4.0,-1.1
-4.0,-4.0,-1.1
-4.0,-4.0,-1.1
-4.0,-4.0,-1.1
-4.0,-4.0,-1.1
-4.0,-4.0,-1.1
-4.0,-4.0,-1.1
-4.0,-4.0,-1.1
-4.0,-4.0,-1.1
-4.0,-4.0,-1.1
-4.0,-4.0,-1.1
-4.0,-4.0,-1.1
-4.0,-4.0,-1.1
-4.0,-4.0,-1.1
-4.0,-4.0,-1.1
-4.0,-4.0,-1.1
-4.0,-4.0,-1.1
-4.0,-4.0,-1.1
-4.0,-4.0,-1.1
-4.0,-4.0,-1.1
-4.0,-4.0,-1.1
-4.0,-4.0,-1.1
-4.0,-4.0,-1.1
-4.0,-4.0,-1.1
-4.0,-4.0,-1.1
-4.0,-4.0,-1.1
-4.0,-4.0,-1.1
-4.0,-4.0,-1.1
-4.0,-4.0,-1.1
-4.0,-4.0,-1.1
-4.0,-4.0,-1.1
-4.0,-4.0,-1.1
-4.0,-4.0,-1.1
-4.0,-4.0,-1.1
-4.0,-4.0,-1.1
-4.0,-4.0,-1.1
-4.0,-4.0,-1.1
-4.0,-4.0,-1.1
-4.0,-4.0,-1.1
-4.0,-4.0,-1.1
-4.0,-4.0,-1.1
-4.0,-4.0,-1.1
-4.0,-4.0,-1.1
-4.0,-4.0,-1.1
-4.0,-4.0,-1.1
-4.0,-4.0,-1.1
-4.0,-4.0,-1.1
-4.0,-4.0,-1.1
-4.0,-4.0,-1.1
-4.0,-4.0,-1.1
-4.0,-4.0,-1.1
-4.0,-4.0,-1.1
-4.0,-4.0,-1.1
-4.0,-4.0,-1.1
-4.0,-4.0,-1.1
-4.0,-4.0,-1.1
-4.0,-4.0,-1.1
-4.0,-4.0,-1.1
-4.0,-4.0,-1.1
-4.0,-4.0,-1.1
-4.0,-4.0,-1.1
-4.0,-4.0,-1.1
-4.0,-4.0,-1.1
-4.0,-4.0,-1.1
-4.0,-4.0,-1.1
-4.0,-4.0,-1.1
-4.0,-4.0,-1.1
-4.0,-4.0,-1.1
-4.0,-4.0,-1.1
-4.0,-4.0,-1.1
-4.0,-4.0,-1.1
-4.0,-4.0,-1.1
-4.0,-4.0,-1.1
-4.0,-4.0,-1.1
-4.0,-4.0,-1.1
-4.0,-4.0,-1.1
-4.0,-4.0,-1.1
-4.0,-4.0,-1.1
-4.0,-4.0,-1.1
-4.0,-4.0,-1.1
-4.0,-4.0,-1.1
-4.0,-4.0,-1.1
-4.0,-4.0,-1.1
-4.0,-4.0,-1.1
-4.0,-4.0,-1.1
-4.0,-4.0,-1.1
-4.0,-4.0,-1.1
-4.0,-4.0,-1.1
-4.0,-4.0,-1.1
-4.0,-4.0,-1.1
-4.0,-4.0,-1.1
-4.0,-4.0,-1.1
-4.0,-4.0,-1.1
-4.0,-4.0,-1.1
-4.0,-4.0,-1.1
-4.0,-4.0,-1.1
-4.0,-4.0,-1.1
-4.0,-4.0,-1.1
-4.0,-4.0,-1.1
-4.0,-4.0,-1.1
-4.0,-4.0,-1.1
-4.0,-4.0,-1.1
-4.0,-4.0,-1.1
-4.0,-4.0,-1.1
-4.0,-4.0,-1.1
-4.0,-4.0,-1.1
-4.0,-4.0,-1.1
-4.0,-4.0,-1.1
-4.0,-4.0,-1.1
-4.0,-4.0,-1.1
-4.0,-4.0,-1.1
-4.0,-4.0,-1.1
-4.0,-4.0,-1.1
-4.0,-4.0,-1.1
-4.0,-4.0,-1.1
-4.0,-4.0,-1.1
-4.0,-4.0,-1.1
-4.0,-4.0,-1.1
-4.0,-4.0,-1.1
-4.0,-4.0,-1.1
-4.0,-4.0,-1.1
-4.0,-4.0,-1.1
-4.0,-4.0,-1.1
-4.0,-4.0,-1.1
-4.0,-4.0,-1.1
-4.0,-4.0,-1.1
-4.0,-4.0,-1.1
-4.0,-4.0,-1.1
-4.0,-4.0,-1.1
-4.0,-4.0,-1.1
-4.0,-4.0,-1.1
-4.0,-4.0,-1.1
-4.0,-4.0,-1.1
-4.0,-4.0,-1.1
-4.0,-4.0,-1.1
-4.0,-4.0,-1.1
-4.0,-4.0,-1.1
-4.0,-4.0,-1.1
-4.0,-4.0,-1.1
-4.0,-4.0,-1.1
-4.0,-4.0,-1.1
-4.0,-4.0,-1.1
-4.0,-4.0,-1.1
-4.0,-4.0,-1.1
-4.0,-4.0,-1.1
-4.0,-4.0,-1.1
-4.0,-4.0,-1.1
-4.0,-4.0,-1.1
-4.0,-4.0,-1.1
-4.0,-4.0,-1.1
-4.0,-4.0,-1.1
-4.0,-4.0,-1.1
-4.0,-4.0,-1.1
-4.0,-4.0,-1.1
-4.0,-4.0,-1.1
-4.0,-4.0,-1.1
-4.0,-4.0,-1.1
-4.0,-4.0,-1.1
-4.0,-4.0,-1.1
-4.0,-4.0,-1.1
-4.0,-4.0,-1.1
-4.0,-4.0,-1.1
-4.0,-4.0,-1.1
-4.0,-4.0,-1.1
-4.0,-4.0,-1.1
-4.0,-4.0,-1.1
-4.0,-4.0,-1.1
-4.0,-4.0,-1.1
-4.0,-4.0,-1.1
-4.0,-4.0,-1.1
-4.0,-4.0,-1.1
-4.0,-4.0,-1.1
-4.0,-4.0,-1.1
-4.0,-4.0,-1.1
-4.0,-4.0,-1.1
-4.0,-4.0,-1.1
-4.0,-4.0,-1.1
-4.0,-4.0,-1.1
-4.0,-4.0,-1.1
-4.0,-4.0,-1.1
-4.0,-4.0,-1.1
-4.0,-4.0,-1.1
-4.0,-4.0,-1.1
-4.0,-4.0,-1.1
-4.0,-4.0,-1.1
-4.0,-4.0,-1.1
-4.0,-4.0,-1.1
-4.0,-4.0,-1.1
-4.0,-4.0,-1.1
-4.0,-4.0,-1.1
-4.0,-4.0,-1.1
-4.0,-4.0,-1.1
-4.0,-4.0,-1.1
-4.0,-4.0,-1.1
-4.0,-4.0,-1.1
-4.0,-4.0,-1.1
-4.0,-4.0,-1.1
-4.0,-4.0,-1.1
-4.0,-4.0,-1.1
-4.0,-4.0,-1.1
-4.0,-4.0,-1.1
-4.0,-4.0,-1.1
-4.0,-4.0,-1.1
-4.0,-4.0,-1.1
-4.0,-4.0,-1.1
-4.0,-4.0,-1.1
-4.0,-4.0,-1.1
-4.0,-4.0,-1.1
-4.0,-4.0,-1.1
-4.0,-4.0,-1.1
-4.0,-4.0,-1.1
-4.0,-4.0,-1.1
-4.0,-4.0,-1.1
-4.0,-4.0,-1.1
-4.0,-4.0,-1.1
-4.0,-4.0,-1.1
-4.0,-4.0,-1.1
-4.0,-4.0,-1.1
-4.0,-4.0,-1.1
-4.0,-4.0,-1.1
-4.0,-4.0,-1.1
-4.0,-4.0,-1.1
-4.0,-4.0,-1.1
-4.0,-4.0,-1.1
-4.0,-4.0,-1.1
-4.0,-4.0,-1.1
-4.0,-4.0,-1.1
-4.0,-4.0,-1.1
-4.0,-4.0,-1.1
-4.0,-4.0,-1.1
-4.0,-4.0,-1.1
-4.0,-4.0,-1.1
-4.0,-4.0,-1.1
-4.0,-4.0,-1.1
-4.0,-4.0,-1.1
-4.0,-4.0,-1.1
-4.0,-4.0,-1.1
-4.0,-4.0,-1.1
-4.0,-4.0,-1.1
-4.0,-4.0,-1.1
-4.0,-4.0,-1.1
-4.0,-4.0,-1.1
-4.0,-4.0,-1.1
-4.0,-4.0,-1.1
-4.0,-4.0,-1.1
-4.0,-4.0,-1.1
-4.0,-4.0,-1.1
-4.0,-4.0,-1.1
-4.0,-4.0,-1.1
-4.0,-4.0,-1.1
-4.0,-4.0,-1.1
-4.0,-4.0,-1.1
-4.0,-4.0,-1.1
-4.0,-4.0,-1.1
-4.0,-4.0,-1.1
-4.0,-4.0,-1.1
-4.0,-4.0,-1.1
-4.0,-4.0,-1.1
-4.0,-4.0,-1.1
-4.0,-4.0,-1.1
-4.0,-4.0,-1.1
-4.0,-4.0,-1.1
-4.0,-4.0,-1.1
-4.0,-4.0,-1.1
-4.0,-4.0,-1.1
-4.0,-4.0,-1.1
-4.0,-4.0,-1.1
-4.0,-4.0,-1.1
-4.0,-4.0,-1.1
-4.0,-4.0,-1.1
-4.0,-4.0,-1.1
-4.0,-4.0,-1.1
-4.0,-4.0,-1.1
-4.0,-4.0,-1.1
-4.0,-4.0,-1.1
-4.0,-4.0,-1.1
-4.0,-4.0,-1.1
-4.0,-4.0,-1.1
-4.0,-4.0,-1.1
-4.0,-4.0,-1.1
-4.0,-4.0,-1.1
-4.0,-4.0,-1.1
-4.0,-4.0,-1.1
-4.0,-4.0,-1.1
-4.0,-4.0,-1.1
-4.0,-4.0,-1.1
-4.0,-4.0,-1.1
-4.0,-4.0,-1.1
-4.0,-4.0,-1.1
-4.0,-4.0,-1.1
-4.0,-4.0,-1.1
-4.0,-4.0,-1.1
-4.0,-4.0,-1.1
-4.0,-4.0,-1.1
-4.0,-4.0,-1.1
-4.0,-4.0,-1.1
-4.0,-4.0,-1.1
-4.0,-4.0,-1.1
-4.0,-4.0,-1.1
-4.0,-4.0,-1.1
-4.0,-4.0,-1.1
-4.0,-4.0,-1.1
-4.0,-4.0,-1.1
-4.0,-4.0,-1.1
-4.0,-4.0,-1.1
-4.0,-4.0,-1.1
-4.0,-4.0,-1.1
-4.0,-4.0,-1.1
-4.0,-4.0,-1.1
-4.0,-4.0,-1.1
-4.0,-4.0,-1.1
-4.0,-4.0,-1.1
-4.0,-4.0,-1.1
-4.0,-4.0,-1.1
-4.0,-4.0,-1.1
-4.0,-4.0,-1.1
-4.0,-4.0,-1.1
-4.0,-4.0,-1.1
-4.0,-4.0,-1.1
-4.0,-4.0,-1.1
-4.0,-4.0,-1.1
-4.0,-4.0,-1.1
-4.0,-4.0,-1.1
-4.0,-4.0,-1.1
-4.0,-4.0,-1.1
-4.0,-4.0,-1.1
-4.0,-4.0,-1.1
-4.0,-4.0,-1.1
-4.0,-4.0,-1.1
-4.0,-4.0,-1.1
-4.0,-4.0,-1.1
-4.0,-4.0,-1.1
-4.0,-4.0,-1.1
-4.0,-4.0,-1.1
-4.0,-4.0,-1.1
-4.0,-4.0,-1.1
-4.0,-4.0,-1.1
-4.0,-4.0,-1.1
-4.0,-4.0,-1.1
-4.0,-4.0,-1.1
-4.0,-4.0,-1.1
-4.0,-4.0,-1.1
-4.0,-4.0,-1.1
-4.0,-4.0,-1.1
-4.0,-4.0,-1.1
-4.0,-4.0,-1.1
-4.0,-4.0,-1.1
-4.0,-4.0,-1.1
-4.0,-4.0,-1.1
-4.0,-4.0,-1.1
-4.0,-4.0,-1.1
-4.0,-4.0,-1.1
-4.0,-4.0,-1.1
-4.0,-4.0,-1.1
-4.0,-4.0,-1.1
-4.0,-4.0,-1.1
-4.0,-4.0,-1.1
-4.0,-4.0,-1.1
-4.0,-4.0,-1.1
-4.0,-4.0,-1.1
-4.0,-4.0,-1.1
-4.0,-4.0,-1.1
-4.0,-4.0,-1.1
-4.0,-4.0,-1.1
-4.0,-4.0,-1.1
-4.0,-4.0,-1.1
-4.0,-4.0,-1.1
-4.0,-4.0,-1.1
-4.0,-4.0,-1.1
-4.0,-4.0,-1.1
-4.0,-4.0,-1.1
-4.0,-4.0,-1.1
-4.0,-4.0,-1.1
-4.0,-4.0,-1.1
-4.0,-4.0,-1.1
-4.0,-4.0,-1.1
-4.0,-4.0,-1.1
-4.0,-4.0,-1.1
-4.0,-4.0,-1.1
-4.0,-4.0,-1.1
-4.0,-4.0,-1.1
-4.0,-4.0,-1.1
-4.0,-4.0,-1.1
-4.0,-4.0,-1.1
-4.0,-4.0,-1.1
-4.0,-4.0,-1.1
-4.0,-4.0,-1.1
-4.0,-4.0,-1.1
-4.0,-4.0,-1.1
-4.0,-4.0,-1.1
-4.0,-4.0,-1.1
-4.0,-4.0,-1.1
-4.0,-4.0,-1.1
-4.0,-4.0,-1.1
-4.0,-4.0,-1.1
-4.0,-4.0,-1.1
-4.0,-4.0,-1.1
-4.0,-4.0,-1.1
-4.0,-4.0,-1.1
-4.0,-4.0,-1.1
-4.0,-4.0,-1.1
-4.0,-4.0,-1.1
-4.0,-4.0,-1.1
-4.0,-4.0,-1.1
-4.0,-4.0,-1.1
-4.0,-4.0,-1.1
-4.0,-4.0,-1.1
-4.0,-4.0,-1.1
-4.0,-4.0,-1.1
-4.0,-4.0,-1.1
-4.0,-4.0,-1.1
-4.0,-4.0,-1.1
-4.0,-4.0,-1.1
-4.0,-4.0,-1.1
-4.0,-4.0,-1.1
-4.0,-4.0,-1.1
-4.0,-4.0,-1.1
-4.0,-4.0,-1.1
-4.0,-4.0,-1.1
-4.0,-4.0,-1.1
-4.0,-4.0,-1.1
-4.0,-4.0,-1.1
-4.0,-4.0,-1.1
-4.0,-4.0,-1.1
-4.0,-4.0,-1.1
-4.0,-4.0,-1.1
-4.0,-4.0,-1.1
-4.0,-4.0,-1.1
-4.0,-4.0,-1.1
-4.0,-4.0,-1.1
-4.0,-4.0,-1.1
-4.0,-4.0,-1.1
-4.0,-4.0,-1.1
-4.0,-4.0,-1.1
-4.0,-4.0,-1.1
-4.0,-4.0,-1.1
-4.0,-4.0,-1.1
-4.0,-4.0,-1.1
-4.0,-4.0,-1.1
-4.0,-4.0,-1.1
-4.0,-4.0,-1.1
-4.0,-4.0,-1.1
-4.0,-4.0,-1.1
-4.0,-4.0,-1.1
-4.0,-4.0,-1.1
-4.0,-4.0,-1.1
-4.0,-4.0,-1.1
-4.0,-4.0,-1.1
-4.0,-4.0,-1.1
-4.0,-4.0,-1.1
-4.0,-4.0,-1.1
-4.0,-4.0,-1.1
-4.0,-4.0,-1.1
-4.0,-4.0,-1.1
-4.0,-4.0,-1.1
-4.0,-4.0,-1.1
-4.0,-4.0,-1.1
-4.0,-4.0,-1.1
-4.0,-4.0,-1.1
-4.0,-4.0,-1.1
-4.0,-4.0,-1.1
-4.0,-4.0,-1.1
-4.0,-4.0,-1.1
-4.0,-4.0,-1.1
-4.0,-4.0,-1.1
-4.0,-4.0,-1.1
-4.0,-4.0,-1.1
-4.0,-4.0,-1.1
-4.0,-4.0,-1.1
-4.0,-4.0,-1.1
-4.0,-4.0,-1.1
-4.0,-4.0,-1.1
-4.0,-4.0,-1.1
-4.0,-4.0,-1.1
-4.0,-4.0,-1.1
-4.0,-4.0,-1.1
-4.0,-4.0,-1.1
-4.0,-4.0,-1.1
-4.0,-4.0,-1.1
-4.0,-4.0,-1.1
-4.0,-4.0,-1.1
-4.0,-4.0,-1.1
-4.0,-4.0,-1.1
-4.0,-4.0,-1.1
-4.0,-4.0,-1.1
-4.0,-4.0,-1.1
-4.0,-4.0,-1.1
-4.0,-4.0,-1.1
-4.0,-4.0,-1.1
-4.0,-4.0,-1.1
-4.0,-4.0,-1.1
-4.0,-4.0,-1.1
-4.0,-4.0,-1.1
-4.0,-4.0,-1.1
-4.0,-4.0,-1.1
-4.0,-4.0,-1.1
-4.0,-4.0,-1.1
-4.0,-4.0,-1.1
-4.0,-4.0,-1.1
-4.0,-4.0,-1.1
-4.0,-4.0,-1.1
-4.0,-4.0,-1.1
-4.0,-4.0,-1.1
-4.0,-4.0,-1.1
-4.0,-4.0,-1.1
-4.0,-4.0,-1.1
-4.0,-4.0,-1.1
-4.0,-4.0,-1.1
-4.0,-4.0,-1.1
-4.0,-4.0,-1.1
-4.0,-4.0,-1.1
-4.0,-4.0,-1.1
-4.0,-4.0,-1.1
-4.0,-4.0,-1.1
-4.0,-4.0,-1.1
-4.0,-4.0,-1.1
-4.0,-4.0,-1.1
-4.0,-4.0,-1.1
-4.0,-4.0,-1.1
-4.0,-4.0,-1.1
-4.0,-4.0,-1.1
-4.0,-4.0,-1.1
-4.0,-4.0,-1.1
-4.0,-4.0,-1.1
-4.0,-4.0,-1.1
-4.0,-4.0,-1.1
-4.0,-4.0,-1.1
-4.0,-4.0,-1.1
-4.0,-4.0,-1.1
-4.0,-4.0,-1.1
-4.0,-4.0,-1.1
-4.0,-4.0,-1.1
-4.0,-4.0,-1.1
-4.0,-4.0,-1.1
-4.0,-4.0,-1.1
-4.0,-4.0,-1.1
-4.0,-4.0,-1.1
-4.0,-4.0,-1.1
-4.0,-4.0,-1.1
-4.0,-4.0,-1.1
-4.0,-4.0,-1.1
-4.0,-4.0,-1.1
-4.0,-4.0,-1.1
-4.0,-4.0,-1.1
-4.0,-4.0,-1.1
-4.0,-4.0,-1.1
-4.0,-4.0,-1.1
-4.0,-4.0,-1.1
-4.0,-4.0,-1.1
-4.0,-4.0,-1.1
-4.0,-4.0,-1.1
-4.0,-4.0,-1.1
-4.0,-4.0,-1.1
-4.0,-4.0,-1.1
-4.0,-4.0,-1.1
-4.0,-4.0,-1.1
-4.0,-4.0,-1.1
-4.0,-4.0,-1.1
-4.0,-4.0,-1.1
-4.0,-4.0,-1.1
-4.0,-4.0,-1.1
-4.0,-4.0,-1.1
-4.0,-4.0,-1.1
-4.0,-4.0,-1.1
-4.0,-4.0,-1.1
-4.0,-4.0,-1.1
-4.0,-4.0,-1.1
-4.0,-4.0,-1.1
-4.0,-4.0,-1.1
-4.0,-4.0,-1.1
-4.0,-4.0,-1.1
-4.0,-4.0,-1.1
-4.0,-4.0,-1.1
-4.0,-4.0,-1.1
-4.0,-4.0,-1.1
-4.0,-4.0,-1.1
-4.0,-4.0,-1.1
-4.0,-4.0,-1.1
-4.0,-4.0,-1.1
-4.0,-4.0,-1.1
-4.0,-4.0,-1.1
-4.0,-4.0,-1.1
-4.0,-4.0,-1.1
-4.0,-4.0,-1.1
-4.0,-4.0,-1.1
-4.0,-4.0,-1.1
-4.0,-4.0,-1.1
-4.0,-4.0,-1.1
-4.0,-4.0,-1.1
-4.0,-4.0,-1.1
-4.0,-4.0,-1.1
-4.0,-4.0,-1.1
-4.0,-4.0,-1.1
-4.0,-4.0,-1.1
-4.0,-4.0,-1.1
-4.0,-4.0,-1.1
-4.0,-4.0,-1.1
-4.0,-4.0,-1.1
-4.0,-4.0,-1.1
-4.0,-4.0,-1.1
-4.0,-4.0,-1.1
-4.0,-4.0,-1.1
-4.0,-4.0,-1.1
-4.0,-4.0,-1.1
-4.0,-4.0,-1.1
-4.0,-4.0,-1.1
-4.0,-4.0,-1.1
-4.0,-4.0,-1.1
-4.0,-4.0,-1.1
-4.0,-4.0,-1.1
-4.0,-4.0,-1.1
-4.0,-4.0,-1.1
-4.0,-4.0,-1.1
-4.0,-4.0,-1.1
-4.0,-4.0,-1.1
-4.0,-4.0,-1.1
-4.0,-4.0,-1.1
-4.0,-4.0,-1.1
-4.0,-4.0,-1.1
-4.0,-4.0,-1.1
-4.0,-4.0,-1.1
-4.0,-4.0,-1.1
-4.0,-4.0,-1.1
-4.0,-4.0,-1.1
-4.0,-4.0,-1.1
-4.0,-4.0,-1.1
-4.0,-4.0,-1.1
-4.0,-4.0,-1.1
-4.0,-4.0,-1.1
-4.0,-4.0,-1.1
-4.0,-4.0,-1.1
-4.0,-4.0,-1.1
-4.0,-4.0,-1.1
-4.0,-4.0,-1.1
-4.0,-4.0,-1.1
-4.0,-4.0,-1.1
-4.0,-4.0,-1.1
-4.0,-4.0,-1.1
-4.0,-4.0,-1.1
-4.0,-4.0,-1.1
-4.0,-4.0,-1.1
-4.0,-4.0,-1.1
-4.0,-4.0,-1.1
-4.0,-4.0,-1.1
-4.0,-4.0,-1.1
-4.0,-4.0,-1.1
-4.0,-4.0,-1.1
-4.0,-4.0,-1.1
-4.0,-4.0,-1.1
-4.0,-4.0,-1.1
-4.0,-4.0,-1.1
-4.0,-4.0,-1.1
-4.0,-4.0,-1.1
-4.0,-4.0,-1.1
-4.0,-4.0,-1.1
-4.0,-4.0,-1.1
-4.0,-4.0,-1.1
-4.0,-4.0,-1.1
-4.0,-4.0,-1.1
-4.0,-4.0,-1.1
-4.0,-4.0,-1.1
-4.0,-4.0,-1.1
-4.0,-4.0,-1.1
-4.0,-4.0,-1.1
-4.0,-4.0,-1.1
-4.0,-4.0,-1.1
-4.0,-4.0,-1.1
-4.0,-4.0,-1.1
-4.0,-4.0,-1.1
-4.0,-4.0,-1.1
-4.0,-4.0,-1.1
-4.0,-4.0,-1.1
-4.0,-4.0,-1.1
-4.0,-4.0,-1.1
-4.0,-4.0,-1.1
-4.0,-4.0,-1.1
-4.0,-4.0,-1.1
-4.0,-4.0,-1.1
-4.0,-4.0,-1.1
-4.0,-4.0,-1.1
-4.0,-4.0,-1.1
-4.0,-4.0,-1.1
-4.0,-4.0,-1.1
-4.0,-4.0,-1.1
-4.0,-4.0,-1.1
-4.0,-4.0,-1.1
-4.0,-4.0,-1.1
-4.0,-4.0,-1.1
-4.0,-4.0,-1.1
-4.0,-4.0,-1.1
-4.0,-4.0,-1.1
-4.0,-4.0,-1.1
-4.0,-4.0,-1.1
-4.0,-4.0,-1.1
-4.0,-4.0,-1.1
-4.0,-4.0,-1.1
-4.0,-4.0,-1.1
-4.0,-4.0,-1.1
-4.0,-4.0,-1.1
-4.0,-4.0,-1.1
-4.0,-4.0,-1.1
-4.0,-4.0,-1.1
-4.0,-4.0,-1.1
-4.0,-4.0,-1.1
-4.0,-4.0,-1.1
-4.0,-4.0,-1.1
-4.0,-4.0,-1.1
-4.0,-4.0,-1.1
-4.0,-4.0,-1.1
-4.0,-4.0,-1.1
-4.0,-4.0,-1.1
-4.0,-4.0,-1.1
-4.0,-4.0,-1.1
-4.0,-4.0,-1.1
-4.0,-4.0,-1.1
-4.0,-4.0,-1.1
-4.0,-4.0,-1.1
-4.0,-4.0,-1.1
-4.0,-4.0,-1.1
-4.0,-4.0,-1.1
-4.0,-4.0,-1.1
-4.0,-4.0,-1.1
-4.0,-4.0,-1.1
-4.0,-4.0,-1.1
-4.0,-4.0,-1.1
-4.0,-4.0,-1.1
-4.0,-4.0,-1.1
-4.0,-4.0,-1.1
-4.0,-4.0,-1.1
-4.0,-4.0,-1.1
-4.0,-4.0,-1.1
-4.0,-4.0,-1.1
-4.0,-4.0,-1.1
-4.0,-4.0,-1.1
-4.0,-4.0,-1.1
-4.0,-4.0,-1.1
-4.0,-4.0,-1.1
-4.0,-4.0,-1.1
-4.0,-4.0,-1.1
-4.0,-4.0,-1.1
-4.0,-4.0,-1.1
-4.0,-4.0,-1.1
-4.0,-4.0,-1.1
-4.0,-4.0,-1.1
-4.0,-4.0,-1.1
-4.0,-4.0,-1.1
-4.0,-4.0,-1.1
-4.0,-4.0,-1.1
-4.0,-4.0,-1.1
-4.0,-4.0,-1.1
-4.0,-4.0,-1.1
-4.0,-4.0,-1.1
-4.0,-4.0,-1.1
-4.0,-4.0,-1.1
-4.0,-4.0,-1.1
-4.0,-4.0,-1.1
-4.0,-4.0,-1.1
-4.0,-4.0,-1.1
-4.0,-4.0,-1.1
-4.0,-4.0,-1.1
-4.0,-4.0,-1.1
-4.0,-4.0,-1.1
-4.0,-4.0,-1.1
-4.0,-4.0,-1.1
-4.0,-4.0,-1.1
-4.0,-4.0,-1.1
-4.0,-4.0,-1.1
-4.0,-4.0,-1.1
-4.0,-4.0,-1.1
-4.0,-4.0,-1.1
-4.0,-4.0,-1.1
-4.0,-4.0,-1.1
-4.0,-4.0,-1.1
-4.0,-4.0,-1.1
-4.0,-4.0,-1.1
-4.0,-4.0,-1.1
-4.0,-4.0,-1.1
-4.0,-4.0,-1.1
-4.0,-4.0,-1.1
-4.0,-4.0,-1.1
-4.0,-4.0,-1.1
-4.0,-4.0,-1.1
-4.0,-4.0,-1.1
-4.0,-4.0,-1.1
-4.0,-4.0,-1.1
-4.0,-4.0,-1.1
-4.0,-4.0,-1.1
-4.0,-4.0,-1.1
-4.0,-4.0,-1.1
-4.0,-4.0,-1.1
-4.0,-4.0,-1.1
-4.0,-4.0,-1.1
-4.0,-4.0,-1.1
-4.0,-4.0,-1.1
-4.0,-4.0,-1.1
-4.0,-4.0,-1.1
-4.0,-4.0,-1.1
-4.0,-4.0,-1.1
-4.0,-4.0,-1.1
-4.0,-4.0,-1.1
-4.0,-4.0,-1.1
-4.0,-4.0,-1.1
-4.0,-4.0,-1.1
-4.0,-4.0,-1.1
-4.0,-4.0,-1.1
-4.0,-4.0,-1.1
-4.0,-4.0,-1.1
-4.0,-4.0,-1.1
-4.0,-4.0,-1.1
-4.0,-4.0,-1.1
-4.0,-4.0,-1.1
-4.0,-4.0,-1.1
-4.0,-4.0,-1.1
-4.0,-4.0,-1.1
-4.0,-4.0,-1.1
-4.0,-4.0,-1.1
-4.0,-4.0,-1.1
-4.0,-4.0,-1.1
-4.0,-4.0,-1.1
-4.0,-4.0,-1.1
-4.0,-4.0,-1.1
-4.0,-4.0,-1.1
-4.0,-4.0,-1.1
-4.0,-4.0,-1.1
-4.0,-4.0,-1.1
-4.0,-4.0,-1.1
-4.0,-4.0,-1.1
-4.0,-4.0,-1.1
-4.0,-4.0,-1.1
-4.0,-4.0,-1.1
-4.0,-4.0,-1.1
-4.0,-4.0,-1.1
-4.0,-4.0,-1.1
-4.0,-4.0,-1.1
-4.0,-4.0,-1.1
-4.0,-4.0,-1.1
-4.0,-4.0,-1.1
-4.0,-4.0,-1.1
-4.0,-4.0,-1.1
-4.0,-4.0,-1.1
-4.0,-4.0,-1.1
-4.0,-4.0,-1.1
-4.0,-4.0,-1.1
-4.0,-4.0,-1.1
-4.0,-4.0,-1.1
-4.0,-4.0,-1.1
-4.0,-4.0,-1.1
-4.0,-4.0,-1.1
-4.0,-4.0,-1.1
-4.0,-4.0,-1.1
-4.0,-4.0,-1.1
-4.0,-4.0,-1.1
-4.0,-4.0,-1.1
-4.0,-4.0,-1.1
-4.0,-4.0,-1.1
-4.0,-4.0,-1.1
-4.0,-4.0,-1.1
-4.0,-4.0,-1.1
-4.0,-4.0,-1.1
-4.0,-4.0,-1.1
-4.0,-4.0,-1.1
-4.0,-4.0,-1.1
-4.0,-4.0,-1.1
-4.0,-4.0,-1.1
-4.0,-4.0,-1.1
-4.0,-4.0,-1.1
-4.0,-4.0,-1.1
-4.0,-4.0,-1.1
-4.0,-4.0,-1.1
-4.0,-4.0,-1.1
-4.0,-4.0,-1.1
-4.0,-4.0,-1.1
-4.0,-4.0,-1.1
-4.0,-4.0,-1.1
-4.0,-4.0,-1.1
-4.0,-4.0,-1.1
-4.0,-4.0,-1.1
-4.0,-4.0,-1.1
-4.0,-4.0,-1.1
-4.0,-4.0,-1.1
-4.0,-4.0,-1.1
-4.0,-4.0,-1.1
-4.0,-4.0,-1.1
-4.0,-4.0,-1.1
-4.0,-4.0,-1.1
-4.0,-4.0,-1.1
-4.0,-4.0,-1.1
-4.0,-4.0,-1.1
-4.0,-4.0,-1.1
-4.0,-4.0,-1.1
-4.0,-4.0,-1.1
-4.0,-4.0,-1.1
-4.0,-4.0,-1.1
-4.0,-4.0,-1.1
-4.0,-4.0,-1.1
-4.0,-4.0,-1.1
-4.0,-4.0,-1.1
-4.0,-4.0,-1.1
-4.0,-4.0,-1.1
-4.0,-4.0,-1.1
-4.0,-4.0,-1.1
-4.0,-4.0,-1.1
-4.0,-4.0,-1.1
-4.0,-4.0,-1.1
-4.0,-4.0,-1.1
-4.0,-4.0,-1.1
-4.0,-4.0,-1.1
-4.0,-4.0,-1.1
-4.0,-4.0,-1.1
-4.0,-4.0,-1.1
-4.0,-4.0,-1.1
-4.0,-4.0,-1.1
-4.0,-4.0,-1.1
-4.0,-4.0,-1.1
-4.0,-4.0,-1.1
-4.0,-4.0,-1.1
-4.0,-4.0,-1.1
-4.0,-4.0,-1.1
-4.0,-4.0,-1.1
-4.0,-4.0,-1.1
-4.0,-4.0,-1.1
-4.0,-4.0,-1.1
-4.0,-4.0,-1.1
-4.0,-4.0,-1.1
-4.0,-4.0,-1.1
-4.0,-4.0,-1.1
-4.0,-4.0,-1.1
-4.0,-4.0,-1.1
-4.0,-4.0,-1.1
-4.0,-4.0,-1.1
-4.0,-4.0,-1.1
-4.0,-4.0,-1.1
-4.0,-4.0,-1.1
-4.0,-4.0,-1.1
-4.0,-4.0,-1.1
-4.0,-4.0,-1.1
-4.0,-4.0,-1.1
-4.0,-4.0,-1.1
-4.0,-4.0,-1.1
-4.0,-4.0,-1.1
-4.0,-4.0,-1.1
-4.0,-4.0,-1.1
-4.0,-4.0,-1.1
-4.0,-4.0,-1.1
-4.0,-4.0,-1.1
-4.0,-4.0,-1.1
-4.0,-4.0,-1.1
-4.0,-4.0,-1.1
-4.0,-4.0,-1.1
-4.0,-4.0,-1.1
-4.0,-4.0,-1.1
-4.0,-4.0,-1.1
-4.0,-4.0,-1.1
-4.0,-4.0,-1.1
-4.0,-4.0,-1.1
-4.0,-4.0,-1.1
-4.0,-4.0,-1.1
-4.0,-4.0,-1.1
-4.0,-4.0,-1.1
-4.0,-4.0,-1.1
-4.0,-4.0,-1.1
-4.0,-4.0,-1.1
-4.0,-4.0,-1.1
-4.0,-4.0,-1.1
-4.0,-4.0,-1.1
-4.0,-4.0,-1.1
-4.0,-4.0,-1.1
-4.0,-4.0,-1.1
-4.0,-4.0,-1.1
-4.0,-4.0,-1.1
-4.0,-4.0,-1.1
-4.0,-4.0,-1.1
-4.0,-4.0,-1.1
-4.0,-4.0,-1.1
-4.0,-4.0,-1.1
-4.0,-4.0,-1.1
-4.0,-4.0,-1.1
-4.0,-4.0,-1.1
-4.0,-4.0,-1.1
-4.0,-4.0,-1.1
-4.0,-4.0,-1.1
-4.0,-4.0,-1.1
-4.0,-4.0,-1.1
-4.0,-4.0,-1.1
-4.0,-4.0,-1.1
-4.0,-4.0,-1.1
-4.0,-4.0,-1.1
-4.0,-4.0,-1.1
-4.0,-4.0,-1.1
-4.0,-4.0,-1.1
-4.0,-4.0,-1.1
-4.0,-4.0,-1.1
-4.0,-4.0,-1.1
-4.0,-4.0,-1.1
-4.0,-4.0,-1.1
-4.0,-4.0,-1.1
-4.0,-4.0,-1.1
-4.0,-4.0,-1.1
-4.0,-4.0,-1.1
-4.0,-4.0,-1.1
-4.0,-4.0,-1.1
-4.0,-4.0,-1.1
-4.0,-4.0,-1.1
-4.0,-4.0,-1.1
-4.0,-4.0,-1.1
-4.0,-4.0,-1.1
-4.0,-4.0,-1.1
-4.0,-4.0,-1.1
-4.0,-4.0,-1.1
-4.0,-4.0,-1.1
-4.0,-4.0,-1.1
-4.0,-4.0,-1.1
-4.0,-4.0,-1.1
-4.0,-4.0,-1.1
-4.0,-4.0,-1.1
-4.0,-4.0,-1.1
-4.0,-4.0,-1.1
-4.0,-4.0,-1.1
-4.0,-4.0,-1.1
-4.0,-4.0,-1.1
-4.0,-4.0,-1.1
-4.0,-4.0,-1.1
-4.0,-4.0,-1.1
-4.0,-4.0,-1.1
-4.0,-4.0,-1.1
-4.0,-4.0,-1.1
-4.0,-4.0,-1.1
-4.0,-4.0,-1.1
-4.0,-4.0,-1.1
-4.0,-4.0,-1.1
-4.0,-4.0,-1.1
-4.0,-4.0,-1.1
-4.0,-4.0,-1.1
-4.0,-4.0,-1.1
-4.0,-4.0,-1.1
-4.0,-4.0,-1.1
-4.0,-4.0,-1.1
-4.0,-4.0,-1.1
-4.0,-4.0,-1.1
-4.0,-4.0,-1.1
-4.0,-4.0,-1.1
-4.0,-4.0,-1.1
-4.0,-4.0,-1.1
-4.0,-4.0,-1.1
-4.0,-4.0,-1.1
-4.0,-4.0,-1.1
-4.0,-4.0,-1.1
-4.0,-4.0,-1.1
-4.0,-4.0,-1.1
-4.0,-4.0,-1.1
-4.0,-4.0,-1.1
-4.0,-4.0,-1.1
-4.0,-4.0,-1.1
-4.0,-4.0,-1.1
-4.0,-4.0,-1.1
-4.0,-4.0,-1.1
-4.0,-4.0,-1.1
-4.0,-4.0,-1.1
-4.0,-4.0,-1.1
-4.0,-4.0,-1.1
-4.0,-4.0,-1.1
-4.0,-4.0,-1.1
-4.0,-4.0,-1.1
-4.0,-4.0,-1.1
-4.0,-4.0,-1.1
-4.0,-4.0,-1.1
-4.0,-4.0,-1.1
-4.0,-4.0,-1.1
-4.0,-4.0,-1.1
-4.0,-4.0,-1.1
-4.0,-4.0,-1.1
-4.0,-4.0,-1.1
-4.0,-4.0,-1.1
-4.0,-4.0,-1.1
-4.0,-4.0,-1.1
-4.0,-4.0,-1.1
-4.0,-4.0,-1.1
-4.0,-4.0,-1.1
-4.0,-4.0,-1.1
-4.0,-4.0,-1.1
-4.0,-4.0,-1.1
-4.0,-4.0,-1.1
-4.0,-4.0,-1.1
-4.0,-4.0,-1.1
-4.0,-4.0,-1.1
-4.0,-4.0,-1.1
-4.0,-4.0,-1.1
-4.0,-4.0,-1.1
-4.0,-4.0,-1.1
-4.0,-4.0,-1.1
-4.0,-4.0,-1.1
-4.0,-4.0,-1.1
-4.0,-4.0,-1.1
-4.0,-4.0,-1.1
-4.0,-4.0,-1.1
-4.0,-4.0,-1.1
-4.0,-4.0,-1.1
-4.0,-4.0,-1.1
-4.0,-4.0,-1.1
-4.0,-4.0,-1.1
-4.0,-4.0,-1.1
-4.0,-4.0,-1.1
-4.0,-4.0,-1.1
-4.0,-4.0,-1.1
-4.0,-4.0,-1.1
-4.0,-4.0,-1.1
-4.0,-4.0,-1.1
-4.0,-4.0,-1.1
-4.0,-4.0,-1.1
-4.0,-4.0,-1.1
-4.0,-4.0,-1.1
-4.0,-4.0,-1.1
-4.0,-4.0,-1.1
-4.0,-4.0,-1.1
-4.0,-4.0,-1.1
-4.0,-4.0,-1.1
-4.0,-4.0,-1.1
-4.0,-4.0,-1.1
-4.0,-4.0,-1.1
-4.0,-4.0,-1.1
-4.0,-4.0,-1.1
-4.0,-4.0,-1.1
-4.0,-4.0,-1.1
-4.0,-4.0,-1.1
-4.0,-4.0,-1.1
-4.0,-4.0,-1.1
-4.0,-4.0,-1.1
-4.0,-4.0,-1.1
-4.0,-4.0,-1.1
-4.0,-4.0,-1.1
-4.0,-4.0,-1.1
-4.0,-4.0,-1.1
-4.0,-4.0,-1.1
-4.0,-4.0,-1.1
-4.0,-4.0,-1.1
-4.0,-4.0,-1.1
-4.0,-4.0,-1.1
-4.0,-4.0,-1.1
-4.0,-4.0,-1.1
-4.0,-4.0,-1.1
-4.0,-4.0,-1.1
-4.0,-4.0,-1.1
-4.0,-4.0,-1.1
-4.0,-4.0,-1.1
-4.0,-4.0,-1.1
-4.0,-4.0,-1.1
-4.0,-4.0,-1.1
-4.0,-4.0,-1.1
-4.0,-4.0,-1.1
-4.0,-4.0,-1.1
-4.0,-4.0,-1.1
-4.0,-4.0,-1.1
-4.0,-4.0,-1.1
-4.0,-4.0,-1.1
-4.0,-4.0,-1.1
-4.0,-4.0,-1.1
-4.0,-4.0,-1.1
-4.0,-4.0,-1.1
-4.0,-4.0,-1.1
-4.0,-4.0,-1.1
-4.0,-4.0,-1.1
-4.0,-4.0,-1.1
-4.0,-4.0,-1.1
-4.0,-4.0,-1.1
-4.0,-4.0,-1.1
-4.0,-4.0,-1.1
-4.0,-4.0,-1.1
-4.0,-4.0,-1.1
-4.0,-4.0,-1.1
-4.0,-4.0,-1.1
-4.0,-4.0,-1.1
-4.0,-4.0,-1.1
-4.0,-4.0,-1.1
-4.0,-4.0,-1.1
-4.0,-4.0,-1.1
-4.0,-4.0,-1.1
-4.0,-4.0,-1.1
-4.0,-4.0,-1.1
-4.0,-4.0,-1.1
-4.0,-4.0,-1.1
-4.0,-4.0,-1.1
-4.0,-4.0,-1.1
-4.0,-4.0,-1.1
-4.0,-4.0,-1.1
-4.0,-4.0,-1.1
-4.0,-4.0,-1.1
-4.0,-4.0,-1.1
-4.0,-4.0,-1.1
-4.0,-4.0,-1.1
-4.0,-4.0,-1.1
-4.0,-4.0,-1.1
-4.0,-4.0,-1.1
-4.0,-4.0,-1.1
-4.0,-4.0,-1.1
-4.0,-4.0,-1.1
-4.0,-4.0,-1.1
-4.0,-4.0,-1.1
-4.0,-4.0,-1.1
-4.0,-4.0,-1.1
-4.0,-4.0,-1.1
-4.0,-4.0,-1.1
-4.0,-4.0,-1.1
-4.0,-4.0,-1.1
-4.0,-4.0,-1.1
-4.0,-4.0,-1.1
-4.0,-4.0,-1.1
-4.0,-4.0,-1.1
-4.0,-4.0,-1.1
-4.0,-4.0,-1.1
-4.0,-4.0,-1.1
-4.0,-4.0,-1.1
-4.0,-4.0,-1.1
-4.0,-4.0,-1.1
-4.0,-4.0,-1.1
-4.0,-4.0,-1.1
-4.0,-4.0,-1.1
-4.0,-4.0,-1.1
-4.0,-4.0,-1.1
-4.0,-4.0,-1.1
-4.0,-4.0,-1.1
-4.0,-4.0,-1.1
-4.0,-4.0,-1.1
-4.0,-4.0,-1.1
-4.0,-4.0,-1.1
-4.0,-4.0,-1.1
-4.0,-4.0,-1.1
-4.0,-4.0,-1.1
-4.0,-4.0,-1.1
-4.0,-4.0,-1.1
-4.0,-4.0,-1.1
-4.0,-4.0,-1.1
-4.0,-4.0,-1.1
-4.0,-4.0,-1.1
-4.0,-4.0,-1.1
-4.0,-4.0,-1.1
-4.0,-4.0,-1.1
-4.0,-4.0,-1.1
-4.0,-4.0,-1.1
-4.0,-4.0,-1.1
-4.0,-4.0,-1.1
-4.0,-4.0,-1.1
-4.0,-4.0,-1.1
-4.0,-4.0,-1.1
-4.0,-4.0,-1.1
-4.0,-4.0,-1.1
-4.0,-4.0,-1.1
-4.0,-4.0,-1.1
-4.0,-4.0,-1.1
-4.0,-4.0,-1.1
-4.0,-4.0,-1.1
-4.0,-4.0,-1.1
-4.0,-4.0,-1.1
-4.0,-4.0,-1.1
-4.0,-4.0,-1.1
-4.0,-4.0,-1.1
-4.0,-4.0,-1.1
-4.0,-4.0,-1.1
-4.0,-4.0,-1.1
-4.0,-4.0,-1.1
-4.0,-4.0,-1.1
-4.0,-4.0,-1.1
-4.0,-4.0,-1.1
-4.0,-4.0,-1.1
-4.0,-4.0,-1.1
-4.0,-4.0,-1.1
-4.0,-4.0,-1.1
-4.0,-4.0,-1.1
-4.0,-4.0,-1.1
-4.0,-4.0,-1.1
-4.0,-4.0,-1.1
-4.0,-4.0,-1.1
-4.0,-4.0,-1.1
-4.0,-4.0,-1.1
-4.0,-4.0,-1.1
-4.0,-4.0,-1.1
-4.0,-4.0,-1.1
-4.0,-4.0,-1.1
-4.0,-4.0,-1.1
-4.0,-4.0,-1.1
-4.0,-4.0,-1.1
-4.0,-4.0,-1.1
-4.0,-4.0,-1.1
-4.0,-4.0,-1.1
-4.0,-4.0,-1.1
-4.0,-4.0,-1.1
-4.0,-4.0,-1.1
-4.0,-4.0,-1.1
-4.0,-4.0,-1.1
-4.0,-4.0,-1.1
-4.0,-4.0,-1.1
-4.0,-4.0,-1.1
-4.0,-4.0,-1.1
-4.0,-4.0,-1.1
-4.0,-4.0,-1.1
-4.0,-4.0,-1.1
-4.0,-4.0,-1.1
-4.0,-4.0,-1.1
-4.0,-4.0,-1.1
-4.0,-4.0,-1.1
-4.0,-4.0,-1.1
-4.0,-4.0,-1.1
-4.0,-4.0,-1.1
-4.0,-4.0,-1.1
-4.0,-4.0,-1.1
-4.0,-4.0,-1.1
-4.0,-4.0,-1.1
-4.0,-4.0,-1.1
-4.0,-4.0,-1.1
-4.0,-4.0,-1.1
-4.0,-4.0,-1.1
-4.0,-4.0,-1.1
-4.0,-4.0,-1.1
-4.0,-4.0,-1.1
-4.0,-4.0,-1.1
-4.0,-4.0,-1.1
-4.0,-4.0,-1.1
-4.0,-4.0,-1.1
-4.0,-4.0,-1.1
-4.0,-4.0,-1.1
-4.0,-4.0,-1.1
-4.0,-4.0,-1.1
-4.0,-4.0,-1.1
-4.0,-4.0,-1.1
-4.0,-4.0,-1.1
-4.0,-4.0,-1.1
-4.0,-4.0,-1.1
-4.0,-4.0,-1.1
-4.0,-4.0,-1.1
-4.0,-4.0,-1.1
-4.0,-4.0,-1.1
-4.0,-4.0,-1.1
-4.0,-4.0,-1.1
-4.0,-4.0,-1.1
-4.0,-4.0,-1.1
-4.0,-4.0,-1.1
-4.0,-4.0,-1.1
-4.0,-4.0,-1.1
-4.0,-4.0,-1.1
-4.0,-4.0,-1.1
-4.0,-4.0,-1.1
-4.0,-4.0,-1.1
-4.0,-4.0,-1.1
-4.0,-4.0,-1.1
-4.0,-4.0,-1.1
-4.0,-4.0,-1.1
-4.0,-4.0,-1.1
-4.0,-4.0,-1.1
-4.0,-4.0,-1.1
-4.0,-4.0,-1.1
-4.0,-4.0,-1.1
-4.0,-4.0,-1.1
-4.0,-4.0,-1.1
-4.0,-4.0,-1.1
-4.0,-4.0,-1.1
-4.0,-4.0,-1.1
-4.0,-4.0,-1.1
-4.0,-4.0,-1.1
-4.0,-4.0,-1.1
-4.0,-4.0,-1.1
-4.0,-4.0,-1.1
-4.0,-4.0,-1.1
-4.0,-4.0,-1.1
-4.0,-4.0,-1.1
-4.0,-4.0,-1.1
-4.0,-4.0,-1.1
-4.0,-4.0,-1.1
-4.0,-4.0,-1.1
-4.0,-4.0,-1.1
-4.0,-4.0,-1.1
-4.0,-4.0,-1.1
-4.0,-4.0,-1.1
-4.0,-4.0,-1.1
-4.0,-4.0,-1.1
-4.0,-4.0,-1.1
-4.0,-4.0,-1.1
-4.0,-4.0,-1.1
-4.0,-4.0,-1.1
-4.0,-4.0,-1.1
-4.0,-4.0,-1.1
-4.0,-4.0,-1.1
-4.0,-4.0,-1.1
-4.0,-4.0,-1.1
-4.0,-4.0,-1.1
-4.0,-4.0,-1.1
-4.0,-4.0,-1.1
-4.0,-4.0,-1.1
-4.0,-4.0,-1.1
-4.0,-4.0,-1.1
-4.0,-4.0,-1.1
-4.0,-4.0,-1.1
-4.0,-4.0,-1.1
-4.0,-4.0,-1.1
-4.0,-4.0,-1.1
-4.0,-4.0,-1.1
-4.0,-4.0,-1.1
-4.0,-4.0,-1.1
-4.0,-4.0,-1.1
-4.0,-4.0,-1.1
-4.0,-4.0,-1.1
-4.0,-4.0,-1.1
-4.0,-4.0,-1.1
-4.0,-4.0,-1.1
-4.0,-4.0,-1.1
-4.0,-4.0,-1.1
-4.0,-4.0,-1.1
-4.0,-4.0,-1.1
-4.0,-4.0,-1.1
-4.0,-4.0,-1.1
-4.0,-4.0,-1.1
-4.0,-4.0,-1.1
-4.0,-4.0,-1.1
-4.0,-4.0,-1.1
-4.0,-4.0,-1.1
-4.0,-4.0,-1.1
-4.0,-4.0,-1.1
-4.0,-4.0,-1.1
-4.0,-4.0,-1.1
-4.0,-4.0,-1.1
-4.0,-4.0,-1.1
-4.0,-4.0,-1.1
-4.0,-4.0,-1.1
-4.0,-4.0,-1.1
-4.0,-4.0,-1.1
-4.0,-4.0,-1.1
-4.0,-4.0,-1.1
-4.0,-4.0,-1.1
-4.0,-4.0,-1.1
-4.0,-4.0,-1.1
-4.0,-4.0,-1.1
-4.0,-4.0,-1.1
-4.0,-4.0,-1.1
-4.0,-4.0,-1.1
-4.0,-4.0,-1.1
-4.0,-4.0,-1.1
-4.0,-4.0,-1.1
-4.0,-4.0,-1.1
-4.0,-4.0,-1.1
-4.0,-4.0,-1.1
-4.0,-4.0,-1.1
-4.0,-4.0,-1.1
-4.0,-4.0,-1.1
-4.0,-4.0,-1.1
-4.0,-4.0,-1.1
-4.0,-4.0,-1.1
-4.0,-4.0,-1.1
-4.0,-4.0,-1.1
-4.0,-4.0,-1.1
-4.0,-4.0,-1.1
-4.0,-4.0,-1.1
-4.0,-4.0,-1.1
-4.0,-4.0,-1.1
-4.0,-4.0,-1.1
-4.0,-4.0,-1.1
-4.0,-4.0,-1.1
-4.0,-4.0,-1.1
-4.0,-4.0,-1.1
-4.0,-4.0,-1.1
-4.0,-4.0,-1.1
-4.0,-4.0,-1.1
-4.0,-4.0,-1.1
-4.0,-4.0,-1.1
-4.0,-4.0,-1.1
-4.0,-4.0,-1.1
-4.0,-4.0,-1.1
-4.0,-4.0,-1.1
-4.0,-4.0,-1.1
-4.0,-4.0,-1.1
-4.0,-4.0,-1.1
-4.0,-4.0,-1.1
-4.0,-4.0,-1.1
-4.0,-4.0,-1.1
-4.0,-4.0,-1.1
-4.0,-4.0,-1.1
-4.0,-4.0,-1.1
-4.0,-4.0,-1.1
-4.0,-4.0,-1.1
-4.0,-4.0,-1.1
-4.0,-4.0,-1.1
-4.0,-4.0,-1.1
-4.0,-4.0,-1.1
-4.0,-4.0,-1.1
-4.0,-4.0,-1.1
-4.0,-4.0,-1.1
-4.0,-4.0,-1.1
-4.0,-4.0,-1.1
-4.0,-4.0,-1.1
-4.0,-4.0,-1.1
-4.0,-4.0,-1.1
-4.0,-4.0,-1.1
-4.0,-4.0,-1.1
-4.0,-4.0,-1.1
-4.0,-4.0,-1.1
-4.0,-4.0,-1.1
-4.0,-4.0,-1.1
-4.0,-4.0,-1.1
-4.0,-4.0,-1.1
-4.0,-4.0,-1.1
-4.0,-4.0,-1.1
-4.0,-4.0,-1.1
-4.0,-4.0,-1.1
-4.0,-4.0,-1.1
-4.0,-4.0,-1.1
-4.0,-4.0,-1.1
-4.0,-4.0,-1.1
-4.0,-4.0,-1.1
-4.0,-4.0,-1.1
-4.0,-4.0,-1.1
-4.0,-4.0,-1.1
-4.0,-4.0,-1.1
-4.0,-4.0,-1.1
-4.0,-4.0,-1.1
-4.0,-4.0,-1.1
-4.0,-4.0,-1.1
-4.0,-4.0,-1.1
-4.0,-4.0,-1.1
-4.0,-4.0,-1.1
-4.0,-4.0,-1.1
-4.0,-4.0,-1.1
-4.0,-4.0,-1.1
-4.0,-4.0,-1.1
-4.0,-4.0,-1.1
-4.0,-4.0,-1.1
-4.0,-4.0,-1.1
-4.0,-4.0,-1.1
-4.0,-4.0,-1.1
-4.0,-4.0,-1.1
-4.0,-4.0,-1.1
-4.0,-4.0,-1.1
-4.0,-4.0,-1.1
-4.0,-4.0,-1.1
-4.0,-4.0,-1.1
-4.0,-4.0,-1.1
-4.0,-4.0,-1.1
-4.0,-4.0,-1.1
-4.0,-4.0,-1.1
-4.0,-4.0,-1.1
-4.0,-4.0,-1.1
-4.0,-4.0,-1.1
-4.0,-4.0,-1.1
-4.0,-4.0,-1.1
-4.0,-4.0,-1.1
-4.0,-4.0,-1.1
-4.0,-4.0,-1.1
-4.0,-4.0,-1.1
-4.0,-4.0,-1.1
-4.0,-4.0,-1.1
-4.0,-4.0,-1.1
-4.0,-4.0,-1.1
-4.0,-4.0,-1.1
-4.0,-4.0,-1.1
-4.0,-4.0,-1.1
-4.0,-4.0,-1.1
-4.0,-4.0,-1.1
-4.0,-4.0,-1.1
-4.0,-4.0,-1.1
-4.0,-4.0,-1.1
-4.0,-4.0,-1.1
-4.0,-4.0,-1.1
-4.0,-4.0,-1.1
-4.0,-4.0,-1.1
-4.0,-4.0,-1.1
-4.0,-4.0,-1.1
-4.0,-4.0,-1.1
-4.0,-4.0,-1.1
-4.0,-4.0,-1.1
-4.0,-4.0,-1.1
-4.0,-4.0,-1.1
-4.0,-4.0,-1.1
-4.0,-4.0,-1.1
-4.0,-4.0,-1.1
-4.0,-4.0,-1.1
-4.0,-4.0,-1.1
-4.0,-4.0,-1.1
-4.0,-4.0,-1.1
-4.0,-4.0,-1.1
-4.0,-4.0,-1.1
-4.0,-4.0,-1.1
-4.0,-4.0,-1.1
-4.0,-4.0,-1.1
-4.0,-4.0,-1.1
-4.0,-4.0,-1.1
-4.0,-4.0,-1.1
-4.0,-4.0,-1.1
-4.0,-4.0,-1.1
-4.0,-4.0,-1.1
-4.0,-4.0,-1.1
-4.0,-4.0,-1.1
-4.0,-4.0,-1.1
-4.0,-4.0,-1.1
-4.0,-4.0,-1.1
-4.0,-4.0,-1.1
-4.0,-4.0,-1.1
-4.0,-4.0,-1.1
-4.0,-4.0,-1.1
-4.0,-4.0,-1.1
-4.0,-4.0,-1.1
-4.0,-4.0,-1.1
-4.0,-4.0,-1.1
-4.0,-4.0,-1.1
-4.0,-4.0,-1.1
-4.0,-4.0,-1.1
-4.0,-4.0,-1.1
-4.0,-4.0,-1.1
-4.0,-4.0,-1.1
-4.0,-4.0,-1.1
-4.0,-4.0,-1.1
-4.0,-4.0,-1.1
-4.0,-4.0,-1.1
-4.0,-4.0,-1.1
-4.0,-4.0,-1.1
-4.0,-4.0,-1.1
-4.0,-4.0,-1.1
-4.0,-4.0,-1.1
-4.0,-4.0,-1.1
-4.0,-4.0,-1.1
-4.0,-4.0,-1.1
-4.0,-4.0,-1.1
-4.0,-4.0,-1.1
-4.0,-4.0,-1.1
-4.0,-4.0,-1.1
-4.0,-4.0,-1.1
-4.0,-4.0,-1.1
-4.0,-4.0,-1.1
-4.0,-4.0,-1.1
-4.0,-4.0,-1.1
-4.0,-4.0,-1.1
-4.0,-4.0,-1.1
-4.0,-4.0,-1.1
-4.0,-4.0,-1.1
-4.0,-4.0,-1.1
-4.0,-4.0,-1.1
-4.0,-4.0,-1.1
-4.0,-4.0,-1.1
-4.0,-4.0,-1.1
-4.0,-4.0,-1.1
-4.0,-4.0,-1.1
-4.0,-4.0,-1.1
-4.0,-4.0,-1.1
-4.0,-4.0,-1.1
-4.0,-4.0,-1.1
-4.0,-4.0,-1.1
-4.0,-4.0,-1.1
-4.0,-4.0,-1.1
-4.0,-4.0,-1.1
-4.0,-4.0,-1.1
-4.0,-4.0,-1.1
-4.0,-4.0,-1.1
-4.0,-4.0,-1.1
-4.0,-4.0,-1.1
-4.0,-4.0,-1.1
-4.0,-4.0,-1.1
-4.0,-4.0,-1.1
-4.0,-4.0,-1.1
-4.0,-4.0,-1.1
-4.0,-4.0,-1.1
-4.0,-4.0,-1.1
-4.0,-4.0,-1.1
-4.0,-4.0,-1.1
-4.0,-4.0,-1.1
-4.0,-4.0,-1.1
-4.0,-4.0,-1.1
-4.0,-4.0,-1.1
-4.0,-4.0,-1.1
-4.0,-4.0,-1.1
-4.0,-4.0,-1.1
-4.0,-4.0,-1.1
-4.0,-4.0,-1.1
-4.0,-4.0,-1.1
-4.0,-4.0,-1.1
-4.0,-4.0,-1.1
-4.0,-4.0,-1.1
-4.0,-4.0,-1.1
-4.0,-4.0,-1.1
-4.0,-4.0,-1.1
-4.0,-4.0,-1.1
-4.0,-4.0,-1.1
-4.0,-4.0,-1.1
-4.0,-4.0,-1.1
-4.0,-4.0,-1.1
-4.0,-4.0,-1.1
-4.0,-4.0,-1.1
-4.0,-4.0,-1.1
-4.0,-4.0,-1.1
-4.0,-4.0,-1.1
-4.0,-4.0,-1.1
-4.0,-4.0,-1.1
-4.0,-4.0,-1.1
-4.0,-4.0,-1.1
-4.0,-4.0,-1.1
-4.0,-4.0,-1.1
-4.0,-4.0,-1.1
-4.0,-4.0,-1.1
-4.0,-4.0,-1.1
-4.0,-4.0,-1.1
-4.0,-4.0,-1.1
-4.0,-4.0,-1.1
-4.0,-4.0,-1.1
-4.0,-4.0,-1.1
-4.0,-4.0,-1.1
-4.0,-4.0,-1.1
-4.0,-4.0,-1.1
-4.0,-4.0,-1.1
-4.0,-4.0,-1.1
-4.0,-4.0,-1.1
-4.0,-4.0,-1.1
-4.0,-4.0,-1.1
-4.0,-4.0,-1.1
-4.0,-4.0,-1.1
-4.0,-4.0,-1.1
-4.0,-4.0,-1.1
-4.0,-4.0,-1.1
-4.0,-4.0,-1.1
-4.0,-4.0,-1.1
-4.0,-4.0,-1.1
-4.0,-4.0,-1.1
-4.0,-4.0,-1.1
-4.0,-4.0,-1.1
-4.0,-4.0,-1.1
-4.0,-4.0,-1.1
-4.0,-4.0,-1.1
-4.0,-4.0,-1.1
-4.0,-4.0,-1.1
-4.0,-4.0,-1.1
-4.0,-4.0,-1.1
-4.0,-4.0,-1.1
-4.0,-4.0,-1.1
-4.0,-4.0,-1.1
-4.0,-4.0,-1.1
-4.0,-4.0,-1.1
-4.0,-4.0,-1.1
-4.0,-4.0,-1.1
-4.0,-4.0,-1.1
-4.0,-4.0,-1.1
-4.0,-4.0,-1.1
-4.0,-4.0,-1.1
-4.0,-4.0,-1.1
-4.0,-4.0,-1.1
-4.0,-4.0,-1.1
-4.0,-4.0,-1.1
-4.0,-4.0,-1.1
-4.0,-4.0,-1.1
-4.0,-4.0,-1.1
-4.0,-4.0,-1.1
-4.0,-4.0,-1.1
-4.0,-4.0,-1.1
-4.0,-4.0,-1.1
-4.0,-4.0,-1.1
-4.0,-4.0,-1.1
-4.0,-4.0,-1.1
-4.0,-4.0,-1.1
-4.0,-4.0,-1.1
-4.0,-4.0,-1.1
-4.0,-4.0,-1.1
-4.0,-4.0,-1.1
-4.0,-4.0,-1.1
-4.0,-4.0,-1.1
-4.0,-4.0,-1.1
-4.0,-4.0,-1.1
-4.0,-4.0,-1.1
-4.0,-4.0,-1.1
-4.0,-4.0,-1.1
-4.0,-4.0,-1.1
-4.0,-4.0,-1.1
-4.0,-4.0,-1.1
-4.0,-4.0,-1.1
-4.0,-4.0,-1.1
-4.0,-4.0,-1.1
-4.0,-4.0,-1.1
-4.0,-4.0,-1.1
-4.0,-4.0,-1.1
-4.0,-4.0,-1.1
-4.0,-4.0,-1.1
-4.0,-4.0,-1.1
-4.0,-4.0,-1.1
-4.0,-4.0,-1.1
-4.0,-4.0,-1.1
-4.0,-4.0,-1.1
-4.0,-4.0,-1.1
-4.0,-4.0,-1.1
-4.0,-4.0,-1.1
-4.0,-4.0,-1.1
-4.0,-4.0,-1.1
-4.0,-4.0,-1.1
-4.0,-4.0,-1.1
-4.0,-4.0,-1.1
-4.0,-4.0,-1.1
-4.0,-4.0,-1.1
-4.0,-4.0,-1.1
-4.0,-4.0,-1.1
-4.0,-4.0,-1.1
-4.0,-4.0,-1.1
-4.0,-4.0,-1.1
-4.0,-4.0,-1.1
-4.0,-4.0,-1.1
-4.0,-4.0,-1.1
-4.0,-4.0,-1.1
-4.0,-4.0,-1.1
-4.0,-4.0,-1.1
-4.0,-4.0,-1.1
-4.0,-4.0,-1.1
-4.0,-4.0,-1.1
-4.0,-4.0,-1.1
-4.0,-4.0,-1.1
-4.0,-4.0,-1.1
-4.0,-4.0,-1.1
-4.0,-4.0,-1.1
-4.0,-4.0,-1.1
-4.0,-4.0,-1.1
-4.0,-4.0,-1.1
-4.0,-4.0,-1.1
-4.0,-4.0,-1.1
-4.0,-4.0,-1.1
-4.0,-4.0,-1.1
-4.0,-4.0,-1.1
-4.0,-4.0,-1.1
-4.0,-4.0,-1.1
-4.0,-4.0,-1.1
-4.0,-4.0,-1.1
-4.0,-4.0,-1.1
-4.0,-4.0,-1.1
-4.0,-4.0,-1.1
-4.0,-4.0,-1.1
-4.0,-4.0,-1.1
-4.0,-4.0,-1.1
-4.0,-4.0,-1.1
-4.0,-4.0,-1.1
-4.0,-4.0,-1.1
-4.0,-4.0,-1.1
-4.0,-4.0,-1.1
-4.0,-4.0,-1.1
-4.0,-4.0,-1.1
-4.0,-4.0,-1.1
-4.0,-4.0,-1.1
-4.0,-4.0,-1.1
-4.0,-4.0,-1.1
-4.0,-4.0,-1.1
-4.0,-4.0,-1.1
-4.0,-4.0,-1.1
-4.0,-4.0,-1.1
-4.0,-4.0,-1.1
-4.0,-4.0,-1.1
-4.0,-4.0,-1.1
-4.0,-4.0,-1.1
-4.0,-4.0,-1.1
-4.0,-4.0,-1.1
-4.0,-4.0,-1.1
-4.0,-4.0,-1.1
-4.0,-4.0,-1.1
-4.0,-4.0,-1.1
-4.0,-4.0,-1.1
-4.0,-4.0,-1.1
-4.0,-4.0,-1.1
-4.0,-4.0,-1.1
-4.0,-4.0,-1.1
-4.0,-4.0,-1.1
-4.0,-4.0,-1.1
-4.0,-4.0,-1.1
-4.0,-4.0,-1.1
-4.0,-4.0,-1.1
-4.0,-4.0,-1.1
-4.0,-4.0,-1.1
-4.0,-4.0,-1.1
-4.0,-4.0,-1.1
-4.0,-4.0,-1.1
-4.0,-4.0,-1.1
-4.0,-4.0,-1.1
-4.0,-4.0,-1.1
-4.0,-4.0,-1.1
-4.0,-4.0,-1.1
-4.0,-4.0,-1.1
-4.0,-4.0,-1.1
-4.0,-4.0,-1.1
-4.0,-4.0,-1.1
-4.0,-4.0,-1.1
-4.0,-4.0,-1.1
-4.0,-4.0,-1.1
-4.0,-4.0,-1.1
-4.0,-4.0,-1.1
-4.0,-4.0,-1.1
-4.0,-4.0,-1.1
-4.0,-4.0,-1.1
-4.0,-4.0,-1.1
-4.0,-4.0,-1.1
-4.0,-4.0,-1.1
-4.0,-4.0,-1.1
-4.0,-4.0,-1.1
-4.0,-4.0,-1.1
-4.0,-4.0,-1.1
-4.0,-4.0,-1.1
-4.0,-4.0,-1.1
-4.0,-4.0,-1.1
-4.0,-4.0,-1.1
-4.0,-4.0,-1.1
-4.0,-4.0,-1.1
-4.0,-4.0,-1.1
-4.0,-4.0,-1.1
-4.0,-4.0,-1.1
-4.0,-4.0,-1.1
-4.0,-4.0,-1.1
-4.0,-4.0,-1.1
-4.0,-4.0,-1.1
-4.0,-4.0,-1.1
-4.0,-4.0,-1.1
-4.0,-4.0,-1.1
-4.0,-4.0,-1.1
-4.0,-4.0,-1.1
-4.0,-4.0,-1.1
-4.0,-4.0,-1.1
-4.0,-4.0,-1.1
-4.0,-4.0,-1.1
-4.0,-4.0,-1.1
-4.0,-4.0,-1.1
-4.0,-4.0,-1.1
-4.0,-4.0,-1.1
-4.0,-4.0,-1.1
-4.0,-4.0,-1.1
-4.0,-4.0,-1.1
-4.0,-4.0,-1.1
-4.0,-4.0,-1.1
-4.0,-4.0,-1.1
-4.0,-4.0,-1.1
-4.0,-4.0,-1.1
-4.0,-4.0,-1.1
-4.0,-4.0,-1.1
-4.0,-4.0,-1.1
-4.0,-4.0,-1.1
-4.0,-4.0,-1.1
-4.0,-4.0,-1.1
-4.0,-4.0,-1.1
-4.0,-4.0,-1.1
-4.0,-4.0,-1.1
-4.0,-4.0,-1.1
-4.0,-4.0,-1.1
-4.0,-4.0,-1.1
-4.0,-4.0,-1.1
-4.0,-4.0,-1.1
-4.0,-4.0,-1.1
-4.0,-4.0,-1.1
-4.0,-4.0,-1.1
-4.0,-4.0,-1.1
-4.0,-4.0,-1.1
-4.0,-4.0,-1.1
-4.0,-4.0,-1.1
-4.0,-4.0,-1.1
-4.0,-4.0,-1.1
-4.0,-4.0,-1.1
-4.0,-4.0,-1.1
-4.0,-4.0,-1.1
-4.0,-4.0,-1.1
-4.0,-4.0,-1.1
-4.0,-4.0,-1.1
-4.0,-4.0,-1.1
-4.0,-4.0,-1.1
-4.0,-4.0,-1.1
-4.0,-4.0,-1.1
-4.0,-4.0,-1.1
-4.0,-4.0,-1.1
-4.0,-4.0,-1.1
-4.0,-4.0,-1.1
-4.0,-4.0,-1.1
-4.0,-4.0,-1.1
-4.0,-4.0,-1.1
-4.0,-4.0,-1.1
-4.0,-4.0,-1.1
-4.0,-4.0,-1.1
-4.0,-4.0,-1.1
-4.0,-4.0,-1.1
-4.0,-4.0,-1.1
-4.0,-4.0,-1.1
-4.0,-4.0,-1.1
-4.0,-4.0,-1.1
-4.0,-4.0,-1.1
-4.0,-4.0,-1.1
-4.0,-4.0,-1.1
-4.0,-4.0,-1.1
-4.0,-4.0,-1.1
-4.0,-4.0,-1.1
-4.0,-4.0,-1.1
-4.0,-4.0,-1.1
-4.0,-4.0,-1.1
-4.0,-4.0,-1.1
-4.0,-4.0,-1.1
-4.0,-4.0,-1.1
-4.0,-4.0,-1.1
-4.0,-4.0,-1.1
-4.0,-4.0,-1.1
-4.0,-4.0,-1.1
-4.0,-4.0,-1.1
-4.0,-4.0,-1.1
-4.0,-4.0,-1.1
-4.0,-4.0,-1.1
-4.0,-4.0,-1.1
-4.0,-4.0,-1.1
-4.0,-4.0,-1.1
-4.0,-4.0,-1.1
-4.0,-4.0,-1.1
-4.0,-4.0,-1.1
-4.0,-4.0,-1.1
-4.0,-4.0,-1.1
-4.0,-4.0,-1.1
-4.0,-4.0,-1.1
-4.0,-4.0,-1.1
-4.0,-4.0,-1.1
-4.0,-4.0,-1.1
-4.0,-4.0,-1.1
-4.0,-4.0,-1.1
-4.0,-4.0,-1.1
-4.0,-4.0,-1.1
-4.0,-4.0,-1.1
-4.0,-4.0,-1.1
-4.0,-4.0,-1.1
-4.0,-4.0,-1.1
-4.0,-4.0,-1.1
-4.0,-4.0,-1.1
-4.0,-4.0,-1.1
-4.0,-4.0,-1.1
-4.0,-4.0,-1.1
-4.0,-4.0,-1.1
-4.0,-4.0,-1.1
-4.0,-4.0,-1.1
-4.0,-4.0,-1.1
-4.0,-4.0,-1.1
-4.0,-4.0,-1.1
-4.0,-4.0,-1.1
-4.0,-4.0,-1.1
-4.0,-4.0,-1.1
-4.0,-4.0,-1.1
-4.0,-4.0,-1.1
-4.0,-4.0,-1.1
-4.0,-4.0,-1.1
-4.0,-4.0,-1.1
-4.0,-4.0,-1.1
-4.0,-4.0,-1.1
-4.0,-4.0,-1.1
-4.0,-4.0,-1.1
-4.0,-4.0,-1.1
-4.0,-4.0,-1.1
-4.0,-4.0,-1.1
-4.0,-4.0,-1.1
-4.0,-4.0,-1.1
-4.0,-4.0,-1.1
-4.0,-4.0,-1.1
-4.0,-4.0,-1.1
-4.0,-4.0,-1.1
-4.0,-4.0,-1.1
-4.0,-4.0,-1.1
-4.0,-4.0,-1.1
-4.0,-4.0,-1.1
-4.0,-4.0,-1.1
-4.0,-4.0,-1.1
-4.0,-4.0,-1.1
-4.0,-4.0,-1.1
-4.0,-4.0,-1.1
-4.0,-4.0,-1.1
-4.0,-4.0,-1.1
-4.0,-4.0,-1.1
-4.0,-4.0,-1.1
-4.0,-4.0,-1.1
-4.0,-4.0,-1.1
-4.0,-4.0,-1.1
-4.0,-4.0,-1.1
-4.0,-4.0,-1.1
-4.0,-4.0,-1.1
-4.0,-4.0,-1.1
-4.0,-4.0,-1.1
-4.0,-4.0,-1.1
-4.0,-4.0,-1.1
-4.0,-4.0,-1.1
-4.0,-4.0,-1.1
-4.0,-4.0,-1.1
-4.0,-4.0,-1.1
-4.0,-4.0,-1.1
-4.0,-4.0,-1.1
-4.0,-4.0,-1.1
-4.0,-4.0,-1.1
-4.0,-4.0,-1.1
-4.0,-4.0,-1.1
-4.0,-4.0,-1.1
-4.0,-4.0,-1.1
-4.0,-4.0,-1.1
-4.0,-4.0,-1.1
-4.0,-4.0,-1.1
-4.0,-4.0,-1.1
-4.0,-4.0,-1.1
-4.0,-4.0,-1.1
-4.0,-4.0,-1.1
-4.0,-4.0,-1.1
-4.0,-4.0,-1.1
-4.0,-4.0,-1.1
-4.0,-4.0,-1.1
-4.0,-4.0,-1.1
-4.0,-4.0,-1.1
-4.0,-4.0,-1.1
-4.0,-4.0,-1.1
-4.0,-4.0,-1.1
-4.0,-4.0,-1.1
-4.0,-4.0,-1.1
-4.0,-4.0,-1.1
-4.0,-4.0,-1.1
-4.0,-4.0,-1.1
-4.0,-4.0,-1.1
-4.0,-4.0,-1.1
-4.0,-4.0,-1.1
-4.0,-4.0,-1.1
-4.0,-4.0,-1.1
-4.0,-4.0,-1.1
-4.0,-4.0,-1.1
-4.0,-4.0,-1.1
-4.0,-4.0,-1.1
-4.0,-4.0,-1.1
-4.0,-4.0,-1.1
-4.0,-4.0,-1.1
-4.0,-4.0,-1.1
-4.0,-4.0,-1.1
-4.0,-4.0,-1.1
-4.0,-4.0,-1.1
-4.0,-4.0,-1.1
-4.0,-4.0,-1.1
-4.0,-4.0,-1.1
-4.0,-4.0,-1.1
-4.0,-4.0,-1.1
-4.0,-4.0,-1.1
-4.0,-4.0,-1.1
-4.0,-4.0,-1.1
-4.0,-4.0,-1.1
-4.0,-4.0,-1.1
-4.0,-4.0,-1.1
-4.0,-4.0,-1.1
-4.0,-4.0,-1.1
-4.0,-4.0,-1.1
-4.0,-4.0,-1.1
-4.0,-4.0,-1.1
-4.0,-4.0,-1.1
-4.0,-4.0,-1.1
-4.0,-4.0,-1.1
-4.0,-4.0,-1.1
-4.0,-4.0,-1.1
-4.0,-4.0,-1.1
-4.0,-4.0,-1.1
-4.0,-4.0,-1.1
-4.0,-4.0,-1.1
-4.0,-4.0,-1.1
-4.0,-4.0,-1.1
-4.0,-4.0,-1.1
-4.0,-4.0,-1.1
-4.0,-4.0,-1.1
-4.0,-4.0,-1.1
-4.0,-4.0,-1.1
-4.0,-4.0,-1.1
-4.0,-4.0,-1.1
-4.0,-4.0,-1.1
-4.0,-4.0,-1.1
-4.0,-4.0,-1.1
-4.0,-4.0,-1.1
-4.0,-4.0,-1.1
-4.0,-4.0,-1.1
-4.0,-4.0,-1.1
-4.0,-4.0,-1.1
-4.0,-4.0,-1.1
-4.0,-4.0,-1.1
-4.0,-4.0,-1.1
-4.0,-4.0,-1.1
-4.0,-4.0,-1.1
-4.0,-4.0,-1.1
-4.0,-4.0,-1.1
-4.0,-4.0,-1.1
-4.0,-4.0,-1.1
-4.0,-4.0,-1.1
-4.0,-4.0,-1.1
-4.0,-4.0,-1.1
-4.0,-4.0,-1.1
-4.0,-4.0,-1.1
-4.0,-4.0,-1.1
-4.0,-4.0,-1.1
-4.0,-4.0,-1.1
-4.0,-4.0,-1.1
-4.0,-4.0,-1.1
-4.0,-4.0,-1.1
-4.0,-4.0,-1.1
-4.0,-4.0,-1.1
-4.0,-4.0,-1.1
-4.0,-4.0,-1.1
-4.0,-4.0,-1.1
-4.0,-4.0,-1.1
-4.0,-4.0,-1.1
-4.0,-4.0,-1.1
-4.0,-4.0,-1.1
-4.0,-4.0,-1.1
-4.0,-4.0,-1.1
-4.0,-4.0,-1.1
-4.0,-4.0,-1.1
-4.0,-4.0,-1.1
-4.0,-4.0,-1.1
-4.0,-4.0,-1.1
-4.0,-4.0,-1.1
-4.0,-4.0,-1.1
-4.0,-4.0,-1.1
-4.0,-4.0,-1.1
-4.0,-4.0,-1.1
-4.0,-4.0,-1.1
-4.0,-4.0,-1.1
-4.0,-4.0,-1.1
-4.0,-4.0,-1.1
-4.0,-4.0,-1.1
-4.0,-4.0,-1.1
-4.0,-4.0,-1.1
-4.0,-4.0,-1.1
-4.0,-4.0,-1.1
-4.0,-4.0,-1.1
-4.0,-4.0,-1.1
-4.0,-4.0,-1.1
-4.0,-4.0,-1.1
-4.0,-4.0,-1.1
-4.0,-4.0,-1.1
-4.0,-4.0,-1.1
-4.0,-4.0,-1.1
-4.0,-4.0,-1.1
-4.0,-4.0,-1.1
-4.0,-4.0,-1.1
-4.0,-4.0,-1.1
-4.0,-4.0,-1.1
-4.0,-4.0,-1.1
-4.0,-4.0,-1.1
-4.0,-4.0,-1.1
-4.0,-4.0,-1.1
-4.0,-4.0,-1.1
-4.0,-4.0,-1.1
-4.0,-4.0,-1.1
-4.0,-4.0,-1.1
-4.0,-4.0,-1.1
-4.0,-4.0,-1.1
-4.0,-4.0,-1.1
-4.0,-4.0,-1.1
-4.0,-4.0,-1.1
-4.0,-4.0,-1.1
-4.0,-4.0,-1.1
-4.0,-4.0,-1.1
-4.0,-4.0,-1.1
-4.0,-4.0,-1.1
-4.0,-4.0,-1.1
-4.0,-4.0,-1.1
-4.0,-4.0,-1.1
-4.0,-4.0,-1.1
-4.0,-4.0,-1.1
-4.0,-4.0,-1.1
-4.0,-4.0,-1.1
-4.0,-4.0,-1.1
-4.0,-4.0,-1.1
-4.0,-4.0,-1.1
-4.0,-4.0,-1.1
-4.0,-4.0,-1.1
-4.0,-4.0,-1.1
-4.0,-4.0,-1.1
-4.0,-4.0,-1.1
-4.0,-4.0,-1.1
-4.0,-4.0,-1.1
-4.0,-4.0,-1.1
-4.0,-4.0,-1.1
-4.0,-4.0,-1.1
-4.0,-4.0,-1.1
-4.0,-4.0,-1.1
-4.0,-4.0,-1.1
-4.0,-4.0,-1.1
-4.0,-4.0,-1.1
-4.0,-4.0,-1.1
-4.0,-4.0,-1.1
-4.0,-4.0,-1.1
-4.0,-4.0,-1.1
-4.0,-4.0,-1.1
-4.0,-4.0,-1.1
-4.0,-4.0,-1.1
-4.0,-4.0,-1.1
-4.0,-4.0,-1.1
-4.0,-4.0,-1.1
-4.0,-4.0,-1.1
-4.0,-4.0,-1.1
-4.0,-4.0,-1.1
-4.0,-4.0,-1.1
-4.0,-4.0,-1.1
-4.0,-4.0,-1.1
-4.0,-4.0,-1.1
-4.0,-4.0,-1.1
-4.0,-4.0,-1.1
-4.0,-4.0,-1.1
-4.0,-4.0,-1.1
-4.0,-4.0,-1.1
-4.0,-4.0,-1.1
-4.0,-4.0,-1.1
-4.0,-4.0,-1.1
-4.0,-4.0,-1.1
-4.0,-4.0,-1.1
-4.0,-4.0,-1.1
-4.0,-4.0,-1.1
-4.0,-4.0,-1.1
-4.0,-4.0,-1.1
-4.0,-4.0,-1.1
-4.0,-4.0,-1.1
-4.0,-4.0,-1.1
-4.0,-4.0,-1.1
-4.0,-4.0,-1.1
-4.0,-4.0,-1.1
-4.0,-4.0,-1.1
-4.0,-4.0,-1.1
-4.0,-4.0,-1.1
-4.0,-4.0,-1.1
-4.0,-4.0,-1.1
-4.0,-4.0,-1.1
-4.0,-4.0,-1.1
-4.0,-4.0,-1.1
-4.0,-4.0,-1.1
-4.0,-4.0,-1.1
-4.0,-4.0,-1.1
-4.0,-4.0,-1.1
-4.0,-4.0,-1.1
-4.0,-4.0,-1.1
-4.0,-4.0,-1.1
-4.0,-4.0,-1.1
-4.0,-4.0,-1.1
-4.0,-4.0,-1.1
-4.0,-4.0,-1.1
-4.0,-4.0,-1.1
-4.0,-4.0,-1.1
-4.0,-4.0,-1.1
-4.0,-4.0,-1.1
-4.0,-4.0,-1.1
-4.0,-4.0,-1.1
-4.0,-4.0,-1.1
-4.0,-4.0,-1.1
-4.0,-4.0,-1.1
-4.0,-4.0,-1.1
-4.0,-4.0,-1.1
-4.0,-4.0,-1.1
-4.0,-4.0,-1.1
-4.0,-4.0,-1.1
-4.0,-4.0,-1.1
-4.0,-4.0,-1.1
-4.0,-4.0,-1.1
-4.0,-4.0,-1.1
-4.0,-4.0,-1.1
-4.0,-4.0,-1.1
-4.0,-4.0,-1.1
-4.0,-4.0,-1.1
-4.0,-4.0,-1.1
-4.0,-4.0,-1.1
-4.0,-4.0,-1.1
-4.0,-4.0,-1.1
-4.0,-4.0,-1.1
-4.0,-4.0,-1.1
-4.0,-4.0,-1.1
-4.0,-4.0,-1.1
-4.0,-4.0,-1.1
-4.0,-4.0,-1.1
-4.0,-4.0,-1.1
-4.0,-4.0,-1.1
-4.0,-4.0,-1.1
-4.0,-4.0,-1.1
-4.0,-4.0,-1.1
-4.0,-4.0,-1.1
-4.0,-4.0,-1.1
-4.0,-4.0,-1.1
-4.0,-4.0,-1.1
-4.0,-4.0,-1.1
-4.0,-4.0,-1.1
-4.0,-4.0,-1.1
-4.0,-4.0,-1.1
-4.0,-4.0,-1.1
-4.0,-4.0,-1.1
-4.0,-4.0,-1.1
-4.0,-4.0,-1.1
-4.0,-4.0,-1.1
-4.0,-4.0,-1.1
-4.0,-4.0,-1.1
-4.0,-4.0,-1.1
-4.0,-4.0,-1.1
-4.0,-4.0,-1.1
-4.0,-4.0,-1.1
-4.0,-4.0,-1.1
-4.0,-4.0,-1.1
-4.0,-4.0,-1.1
-4.0,-4.0,-1.1
-4.0,-4.0,-1.1
-4.0,-4.0,-1.1
-4.0,-4.0,-1.1
-4.0,-4.0,-1.1
-4.0,-4.0,-1.1
-4.0,-4.0,-1.1
-4.0,-4.0,-1.1
-4.0,-4.0,-1.1
-4.0,-4.0,-1.1
-4.0,-4.0,-1.1
-4.0,-4.0,-1.1
-4.0,-4.0,-1.1
-4.0,-4.0,-1.1
-4.0,-4.0,-1.1
-4.0,-4.0,-1.1
-4.0,-4.0,-1.1
-4.0,-4.0,-1.1
-4.0,-4.0,-1.1
-4.0,-4.0,-1.1
-4.0,-4.0,-1.1
-4.0,-4.0,-1.1
-4.0,-4.0,-1.1
-4.0,-4.0,-1.1
-4.0,-4.0,-1.1
-4.0,-4.0,-1.1
-4.0,-4.0,-1.1
-4.0,-4.0,-1.1
-4.0,-4.0,-1.1
-4.0,-4.0,-1.1
-4.0,-4.0,-1.1
-4.0,-4.0,-1.1
-4.0,-4.0,-1.1
-4.0,-4.0,-1.1
-4.0,-4.0,-1.1
-4.0,-4.0,-1.1
-4.0,-4.0,-1.1
-4.0,-4.0,-1.1
-4.0,-4.0,-1.1
-4.0,-4.0,-1.1
-4.0,-4.0,-1.1
-4.0,-4.0,-1.1
-4.0,-4.0,-1.1
-4.0,-4.0,-1.1
-4.0,-4.0,-1.1
-4.0,-4.0,-1.1
-4.0,-4.0,-1.1
-4.0,-4.0,-1.1
-4.0,-4.0,-1.1
-4.0,-4.0,-1.1
-4.0,-4.0,-1.1
-4.0,-4.0,-1.1
-4.0,-4.0,-1.1
-4.0,-4.0,-1.1
-4.0,-4.0,-1.1
-4.0,-4.0,-1.1
-4.0,-4.0,-1.1
-4.0,-4.0,-1.1
-4.0,-4.0,-1.1
-4.0,-4.0,-1.1
-4.0,-4.0,-1.1
-4.0,-4.0,-1.1
-4.0,-4.0,-1.1
-4.0,-4.0,-1.1
-4.0,-4.0,-1.1
-4.0,-4.0,-1.1
-4.0,-4.0,-1.1
-4.0,-4.0,-1.1
-4.0,-4.0,-1.1
-4.0,-4.0,-1.1
-4.0,-4.0,-1.1
-4.0,-4.0,-1.1
-4.0,-4.0,-1.1
-4.0,-4.0,-1.1
-4.0,-4.0,-1.1
-4.0,-4.0,-1.1
-4.0,-4.0,-1.1
-4.0,-4.0,-1.1
-4.0,-4.0,-1.1
-4.0,-4.0,-1.1
-4.0,-4.0,-1.1
-4.0,-4.0,-1.1
-4.0,-4.0,-1.1
-4.0,-4.0,-1.1
-4.0,-4.0,-1.1
-4.0,-4.0,-1.1
-4.0,-4.0,-1.1
-4.0,-4.0,-1.1
-4.0,-4.0,-1.1
-4.0,-4.0,-1.1
-4.0,-4.0,-1.1
-4.0,-4.0,-1.1
-4.0,-4.0,-1.1
-4.0,-4.0,-1.1
-4.0,-4.0,-1.1
-4.0,-4.0,-1.1
-4.0,-4.0,-1.1
-4.0,-4.0,-1.1
-4.0,-4.0,-1.1
-4.0,-4.0,-1.1
-4.0,-4.0,-1.1
-4.0,-4.0,-1.1
-4.0,-4.0,-1.1
-4.0,-4.0,-1.1
-4.0,-4.0,-1.1
-4.0,-4.0,-1.1
-4.0,-4.0,-1.1
-4.0,-4.0,-1.1
-4.0,-4.0,-1.1
-4.0,-4.0,-1.1
-4.0,-4.0,-1.1
-4.0,-4.0,-1.1
-4.0,-4.0,-1.1
-4.0,-4.0,-1.1
-4.0,-4.0,-1.1
-4.0,-4.0,-1.1
-4.0,-4.0,-1.1
-4.0,-4.0,-1.1
-4.0,-4.0,-1.1
-4.0,-4.0,-1.1
-4.0,-4.0,-1.1
-4.0,-4.0,-1.1
-4.0,-4.0,-1.1
-4.0,-4.0,-1.1
-4.0,-4.0,-1.1
-4.0,-4.0,-1.1
-4.0,-4.0,-1.1
-4.0,-4.0,-1.1
-4.0,-4.0,-1.1
-4.0,-4.0,-1.1
-4.0,-4.0,-1.1
-4.0,-4.0,-1.1
-4.0,-4.0,-1.1
-4.0,-4.0,-1.1
-4.0,-4.0,-1.1
-4.0,-4.0,-1.1
-4.0,-4.0,-1.1
-4.0,-4.0,-1.1
-4.0,-4.0,-1.1
-4.0,-4.0,-1.1
-4.0,-4.0,-1.1
-4.0,-4.0,-1.1
-4.0,-4.0,-1.1
-4.0,-4.0,-1.1
-4.0,-4.0,-1.1
-4.0,-4.0,-1.1
-4.0,-4.0,-1.1
-4.0,-4.0,-1.1
-4.0,-4.0,-1.1
-4.0,-4.0,-1.1
-4.0,-4.0,-1.1
-4.0,-4.0,-1.1
-4.0,-4.0,-1.1
-4.0,-4.0,-1.1
-4.0,-4.0,-1.1
-4.0,-4.0,-1.1
-4.0,-4.0,-1.1
-4.0,-4.0,-1.1
-4.0,-4.0,-1.1
-4.0,-4.0,-1.1
-4.0,-4.0,-1.1
-4.0,-4.0,-1.1
-4.0,-4.0,-1.1
-4.0,-4.0,-1.1
-4.0,-4.0,-1.1
-4.0,-4.0,-1.1
-4.0,-4.0,-1.1
-4.0,-4.0,-1.1
-4.0,-4.0,-1.1
-4.0,-4.0,-1.1
-4.0,-4.0,-1.1
-4.0,-4.0,-1.1
-4.0,-4.0,-1.1
-4.0,-4.0,-1.1
-4.0,-4.0,-1.1
-4.0,-4.0,-1.1
-4.0,-4.0,-1.1
-4.0,-4.0,-1.1
-4.0,-4.0,-1.1
-4.0,-4.0,-1.1
-4.0,-4.0,-1.1
-4.0,-4.0,-1.1
-4.0,-4.0,-1.1
-4.0,-4.0,-1.1
-4.0,-4.0,-1.1
-4.0,-4.0,-1.1
-4.0,-4.0,-1.1
-4.0,-4.0,-1.1
-4.0,-4.0,-1.1
-4.0,-4.0,-1.1
-4.0,-4.0,-1.1
-4.0,-4.0,-1.1
-4.0,-4.0,-1.1
-4.0,-4.0,-1.1
-4.0,-4.0,-1.1
-4.0,-4.0,-1.1
-4.0,-4.0,-1.1
-4.0,-4.0,-1.1
-4.0,-4.0,-1.1
-4.0,-4.0,-1.1
-4.0,-4.0,-1.1
-4.0,-4.0,-1.1
-4.0,-4.0,-1.1
-4.0,-4.0,-1.1
-4.0,-4.0,-1.1
-4.0,-4.0,-1.1
-4.0,-4.0,-1.1
-4.0,-4.0,-1.1
-4.0,-4.0,-1.1
-4.0,-4.0,-1.1
-4.0,-4.0,-1.1
-4.0,-4.0,-1.1
-4.0,-4.0,-1.1
-4.0,-4.0,-1.1
-4.0,-4.0,-1.1
-4.0,-4.0,-1.1
-4.0,-4.0,-1.1
-4.0,-4.0,-1.1
-4.0,-4.0,-1.1
-4.0,-4.0,-1.1
-4.0,-4.0,-1.1
-4.0,-4.0,-1.1
-4.0,-4.0,-1.1
-4.0,-4.0,-1.1
-4.0,-4.0,-1.1
-4.0,-4.0,-1.1
-4.0,-4.0,-1.1
-4.0,-4.0,-1.1
-4.0,-4.0,-1.1
-4.0,-4.0,-1.1
-4.0,-4.0,-1.1
-4.0,-4.0,-1.1
-4.0,-4.0,-1.1
-4.0,-4.0,-1.1
-4.0,-4.0,-1.1
-4.0,-4.0,-1.1
-4.0,-4.0,-1.1
-4.0,-4.0,-1.1
-4.0,-4.0,-1.1
-4.0,-4.0,-1.1
-4.0,-4.0,-1.1
-4.0,-4.0,-1.1
-4.0,-4.0,-1.1
-4.0,-4.0,-1.1
-4.0,-4.0,-1.1
-4.0,-4.0,-1.1
-4.0,-4.0,-1.1
-4.0,-4.0,-1.1
-4.0,-4.0,-1.1
-4.0,-4.0,-1.1
-4.0,-4.0,-1.1
-4.0,-4.0,-1.1
-4.0,-4.0,-1.1
-4.0,-4.0,-1.1
-4.0,-4.0,-1.1
-4.0,-4.0,-1.1
-4.0,-4.0,-1.1
-4.0,-4.0,-1.1
-4.0,-4.0,-1.1
-4.0,-4.0,-1.1
-4.0,-4.0,-1.1
-4.0,-4.0,-1.1
-4.0,-4.0,-1.1
-4.0,-4.0,-1.1
-4.0,-4.0,-1.1
-4.0,-4.0,-1.1
-4.0,-4.0,-1.1
-4.0,-4.0,-1.1
-4.0,-4.0,-1.1
-4.0,-4.0,-1.1
-4.0,-4.0,-1.1
-4.0,-4.0,-1.1
-4.0,-4.0,-1.1
-4.0,-4.0,-1.1
-4.0,-4.0,-1.1
-4.0,-4.0,-1.1
-4.0,-4.0,-1.1
-4.0,-4.0,-1.1
-4.0,-4.0,-1.1
-4.0,-4.0,-1.1
-4.0,-4.0,-1.1
-4.0,-4.0,-1.1
-4.0,-4.0,-1.1
-4.0,-4.0,-1.1
-4.0,-4.0,-1.1
-4.0,-4.0,-1.1
-4.0,-4.0,-1.1
-4.0,-4.0,-1.1
-4.0,-4.0,-1.1
-4.0,-4.0,-1.1
-4.0,-4.0,-1.1
-4.0,-4.0,-1.1
-4.0,-4.0,-1.1
-4.0,-4.0,-1.1
-4.0,-4.0,-1.1
-4.0,-4.0,-1.1
-4.0,-4.0,-1.1
-4.0,-4.0,-1.1
-4.0,-4.0,-1.1
-4.0,-4.0,-1.1
-4.0,-4.0,-1.1
-4.0,-4.0,-1.1
-4.0,-4.0,-1.1
-4.0,-4.0,-1.1
-4.0,-4.0,-1.1
-4.0,-4.0,-1.1
-4.0,-4.0,-1.1
-4.0,-4.0,-1.1
-4.0,-4.0,-1.1
-4.0,-4.0,-1.1
-4.0,-4.0,-1.1
-4.0,-4.0,-1.1
-4.0,-4.0,-1.1
-4.0,-4.0,-1.1
-4.0,-4.0,-1.1
-4.0,-4.0,-1.1
-4.0,-4.0,-1.1
-4.0,-4.0,-1.1
-4.0,-4.0,-1.1
-4.0,-4.0,-1.1
-4.0,-4.0,-1.1
-4.0,-4.0,-1.1
-4.0,-4.0,-1.1
-4.0,-4.0,-1.1
-4.0,-4.0,-1.1
-4.0,-4.0,-1.1
-4.0,-4.0,-1.1
-4.0,-4.0,-1.1
-4.0,-4.0,-1.1
-4.0,-4.0,-1.1
-4.0,-4.0,-1.1
-4.0,-4.0,-1.1
-4.0,-4.0,-1.1
-4.0,-4.0,-1.1
-4.0,-4.0,-1.1
-4.0,-4.0,-1.1
-4.0,-4.0,-1.1
-4.0,-4.0,-1.1
-4.0,-4.0,-1.1
-4.0,-4.0,-1.1
-4.0,-4.0,-1.1
-4.0,-4.0,-1.1
-4.0,-4.0,-1.1
-4.0,-4.0,-1.1
-4.0,-4.0,-1.1
-4.0,-4.0,-1.1
-4.0,-4.0,-1.1
-4.0,-4.0,-1.1
-4.0,-4.0,-1.1
-4.0,-4.0,-1.1
-4.0,-4.0,-1.1
-4.0,-4.0,-1.1
-4.0,-4.0,-1.1
-4.0,-4.0,-1.1
-4.0,-4.0,-1.1
-4.0,-4.0,-1.1
-4.0,-4.0,-1.1
-4.0,-4.0,-1.1
-4.0,-4.0,-1.1
-4.0,-4.0,-1.1
-4.0,-4.0,-1.1
-4.0,-4.0,-1.1
-4.0,-4.0,-1.1
-4.0,-4.0,-1.1
-4.0,-4.0,-1.1
-4.0,-4.0,-1.1
-4.0,-4.0,-1.1
-4.0,-4.0,-1.1
-4.0,-4.0,-1.1
-4.0,-4.0,-1.1
-4.0,-4.0,-1.1
-4.0,-4.0,-1.1
-4.0,-4.0,-1.1
-4.0,-4.0,-1.1
-4.0,-4.0,-1.1
-4.0,-4.0,-1.1
-4.0,-4.0,-1.1
-4.0,-4.0,-1.1
-4.0,-4.0,-1.1
-4.0,-4.0,-1.1
-4.0,-4.0,-1.1
-4.0,-4.0,-1.1
-4.0,-4.0,-1.1
-4.0,-4.0,-1.1
-4.0,-4.0,-1.1
-4.0,-4.0,-1.1
-4.0,-4.0,-1.1
-4.0,-4.0,-1.1
-4.0,-4.0,-1.1
-4.0,-4.0,-1.1
-4.0,-4.0,-1.1
-4.0,-4.0,-1.1
-4.0,-4.0,-1.1
-4.0,-4.0,-1.1
-4.0,-4.0,-1.1
-4.0,-4.0,-1.1
-4.0,-4.0,-1.1
-4.0,-4.0,-1.1
-4.0,-4.0,-1.1
-4.0,-4.0,-1.1
-4.0,-4.0,-1.1
-4.0,-4.0,-1.1
-4.0,-4.0,-1.1
-4.0,-4.0,-1.1
-4.0,-4.0,-1.1
-4.0,-4.0,-1.1
-4.0,-4.0,-1.1
-4.0,-4.0,-1.1
-4.0,-4.0,-1.1
-4.0,-4.0,-1.1
-4.0,-4.0,-1.1
-4.0,-4.0,-1.1
-4.0,-4.0,-1.1
-4.0,-4.0,-1.1
-4.0,-4.0,-1.1
-4.0,-4.0,-1.1
-4.0,-4.0,-1.1
-4.0,-4.0,-1.1
-4.0,-4.0,-1.1
-4.0,-4.0,-1.1
-4.0,-4.0,-1.1
-4.0,-4.0,-1.1
-4.0,-4.0,-1.1
-4.0,-4.0,-1.1
-4.0,-4.0,-1.1
-4.0,-4.0,-1.1
-4.0,-4.0,-1.1
-4.0,-4.0,-1.1
-4.0,-4.0,-1.1
-4.0,-4.0,-1.1
-4.0,-4.0,-1.1
-4.0,-4.0,-1.1
-4.0,-4.0,-1.1
-4.0,-4.0,-1.1
-4.0,-4.0,-1.1
-4.0,-4.0,-1.1
-4.0,-4.0,-1.1
-4.0,-4.0,-1.1
-4.0,-4.0,-1.1
-4.0,-4.0,-1.1
-4.0,-4.0,-1.1
-4.0,-4.0,-1.1
-4.0,-4.0,-1.1
-4.0,-4.0,-1.1
-4.0,-4.0,-1.1
-4.0,-4.0,-1.1
-4.0,-4.0,-1.1
-4.0,-4.0,-1.1
-4.0,-4.0,-1.1
-4.0,-4.0,-1.1
-4.0,-4.0,-1.1
-4.0,-4.0,-1.1
-4.0,-4.0,-1.1
-4.0,-4.0,-1.1
-4.0,-4.0,-1.1
-4.0,-4.0,-1.1
-4.0,-4.0,-1.1
-4.0,-4.0,-1.1
-4.0,-4.0,-1.1
-4.0,-4.0,-1.1
-4.0,-4.0,-1.1
-4.0,-4.0,-1.1
-4.0,-4.0,-1.1
-4.0,-4.0,-1.1
-4.0,-4.0,-1.1
-4.0,-4.0,-1.1
-4.0,-4.0,-1.1
-4.0,-4.0,-1.1
-4.0,-4.0,-1.1
-4.0,-4.0,-1.1
-4.0,-4.0,-1.1
-4.0,-4.0,-1.1
-4.0,-4.0,-1.1
-4.0,-4.0,-1.1
-4.0,-4.0,-1.1
-4.0,-4.0,-1.1
-4.0,-4.0,-1.1
-4.0,-4.0,-1.1
-4.0,-4.0,-1.1
-4.0,-4.0,-1.1
-4.0,-4.0,-1.1
-4.0,-4.0,-1.1
-4.0,-4.0,-1.1
-4.0,-4.0,-1.1
-4.0,-4.0,-1.1
-4.0,-4.0,-1.1
-4.0,-4.0,-1.1
-4.0,-4.0,-1.1
-4.0,-4.0,-1.1
-4.0,-4.0,-1.1
-4.0,-4.0,-1.1
-4.0,-4.0,-1.1
-4.0,-4.0,-1.1
-4.0,-4.0,-1.1
-4.0,-4.0,-1.1
-4.0,-4.0,-1.1
-4.0,-4.0,-1.1
-4.0,-4.0,-1.1
-4.0,-4.0,-1.1
-4.0,-4.0,-1.1
-4.0,-4.0,-1.1
-4.0,-4.0,-1.1
-4.0,-4.0,-1.1
-4.0,-4.0,-1.1
-4.0,-4.0,-1.1
-4.0,-4.0,-1.1
-4.0,-4.0,-1.1
-4.0,-4.0,-1.1
-4.0,-4.0,-1.1
-4.0,-4.0,-1.1
-4.0,-4.0,-1.1
-4.0,-4.0,-1.1
-4.0,-4.0,-1.1
-4.0,-4.0,-1.1
-4.0,-4.0,-1.1
-4.0,-4.0,-1.1
-4.0,-4.0,-1.1
-4.0,-4.0,-1.1
-4.0,-4.0,-1.1
-4.0,-4.0,-1.1
-4.0,-4.0,-1.1
-4.0,-4.0,-1.1
-4.0,-4.0,-1.1
-4.0,-4.0,-1.1
-4.0,-4.0,-1.1
-4.0,-4.0,-1.1
-4.0,-4.0,-1.1
-4.0,-4.0,-1.1
-4.0,-4.0,-1.1
-4.0,-4.0,-1.1
-4.0,-4.0,-1.1
-4.0,-4.0,-1.1
-4.0,-4.0,-1.1
-4.0,-4.0,-1.1
-4.0,-4.0,-1.1
-4.0,-4.0,-1.1
-4.0,-4.0,-1.1
-4.0,-4.0,-1.1
-4.0,-4.0,-1.1
-4.0,-4.0,-1.1
-4.0,-4.0,-1.1
-4.0,-4.0,-1.1
-4.0,-4.0,-1.1
-4.0,-4.0,-1.1
-4.0,-4.0,-1.1
-4.0,-4.0,-1.1
-4.0,-4.0,-1.1
-4.0,-4.0,-1.1
-4.0,-4.0,-1.1
-4.0,-4.0,-1.1
-4.0,-4.0,-1.1
-4.0,-4.0,-1.1
-4.0,-4.0,-1.1
-4.0,-4.0,-1.1
-4.0,-4.0,-1.1
-4.0,-4.0,-1.1
-4.0,-4.0,-1.1
-4.0,-4.0,-1.1
-4.0,-4.0,-1.1
-4.0,-4.0,-1.1
-4.0,-4.0,-1.1
-4.0,-4.0,-1.1
-4.0,-4.0,-1.1
-4.0,-4.0,-1.1
-4.0,-4.0,-1.1
-4.0,-4.0,-1.1
-4.0,-4.0,-1.1
-4.0,-4.0,-1.1
-4.0,-4.0,-1.1
-4.0,-4.0,-1.1
-4.0,-4.0,-1.1
-4.0,-4.0,-1.1
-4.0,-4.0,-1.1
-4.0,-4.0,-1.1
-4.0,-4.0,-1.1
-4.0,-4.0,-1.1
-4.0,-4.0,-1.1
-4.0,-4.0,-1.1
-4.0,-4.0,-1.1
-4.0,-4.0,-1.1
-4.0,-4.0,-1.1
-4.0,-4.0,-1.1
-4.0,-4.0,-1.1
-4.0,-4.0,-1.1
-4.0,-4.0,-1.1
-4.0,-4.0,-1.1
-4.0,-4.0,-1.1
-4.0,-4.0,-1.1
-4.0,-4.0,-1.1
-4.0,-4.0,-1.1
-4.0,-4.0,-1.1
-4.0,-4.0,-1.1
-4.0,-4.0,-1.1
-4.0,-4.0,-1.1
-4.0,-4.0,-1.1
-4.0,-4.0,-1.1
-4.0,-4.0,-1.1
-4.0,-4.0,-1.1
-4.0,-4.0,-1.1
-4.0,-4.0,-1.1
-4.0,-4.0,-1.1
-4.0,-4.0,-1.1
-4.0,-4.0,-1.1
-4.0,-4.0,-1.1
-4.0,-4.0,-1.1
-4.0,-4.0,-1.1
-4.0,-4.0,-1.1
-4.0,-4.0,-1.1
-4.0,-4.0,-1.1
-4.0,-4.0,-1.1
-4.0,-4.0,-1.1
-4.0,-4.0,-1.1
-4.0,-4.0,-1.1
-4.0,-4.0,-1.1
-4.0,-4.0,-1.1
-4.0,-4.0,-1.1
-4.0,-4.0,-1.1
-4.0,-4.0,-1.1
-4.0,-4.0,-1.1
-4.0,-4.0,-1.1
-4.0,-4.0,-1.1
-4.0,-4.0,-1.1
-4.0,-4.0,-1.1
-4.0,-4.0,-1.1
-4.0,-4.0,-1.1
-4.0,-4.0,-1.1
-4.0,-4.0,-1.1
-4.0,-4.0,-1.1
-4.0,-4.0,-1.1
-4.0,-4.0,-1.1
-4.0,-4.0,-1.1
-4.0,-4.0,-1.1
-4.0,-4.0,-1.1
-4.0,-4.0,-1.1
-4.0,-4.0,-1.1
-4.0,-4.0,-1.1
-4.0,-4.0,-1.1
-4.0,-4.0,-1.1
-4.0,-4.0,-1.1
-4.0,-4.0,-1.1
-4.0,-4.0,-1.1
-4.0,-4.0,-1.1
-4.0,-4.0,-1.1
-4.0,-4.0,-1.1
-4.0,-4.0,-1.1
-4.0,-4.0,-1.1
-4.0,-4.0,-1.1
-4.0,-4.0,-1.1
-4.0,-4.0,-1.1
-4.0,-4.0,-1.1
-4.0,-4.0,-1.1
-4.0,-4.0,-1.1
-4.0,-4.0,-1.1
-4.0,-4.0,-1.1
-4.0,-4.0,-1.1
-4.0,-4.0,-1.1
-4.0,-4.0,-1.1
-4.0,-4.0,-1.1
-4.0,-4.0,-1.1
-4.0,-4.0,-1.1
-4.0,-4.0,-1.1
-4.0,-4.0,-1.1
-4.0,-4.0,-1.1
-4.0,-4.0,-1.1
-4.0,-4.0,-1.1
-4.0,-4.0,-1.1
-4.0,-4.0,-1.1
-4.0,-4.0,-1.1
-4.0,-4.0,-1.1
-4.0,-4.0,-1.1
-4.0,-4.0,-1.1
-4.0,-4.0,-1.1
-4.0,-4.0,-1.1
-4.0,-4.0,-1.1
-4.0,-4.0,-1.1
-4.0,-4.0,-1.1
-4.0,-4.0,-1.1
-4.0,-4.0,-1.1
-4.0,-4.0,-1.1
-4.0,-4.0,-1.1
-4.0,-4.0,-1.1
-4.0,-4.0,-1.1
-4.0,-4.0,-1.1
-4.0,-4.0,-1.1
-4.0,-4.0,-1.1
-4.0,-4.0,-1.1
-4.0,-4.0,-1.1
-4.0,-4.0,-1.1
-4.0,-4.0,-1.1
-4.0,-4.0,-1.1
-4.0,-4.0,-1.1
-4.0,-4.0,-1.1
-4.0,-4.0,-1.1
-4.0,-4.0,-1.1
-4.0,-4.0,-1.1
-4.0,-4.0,-1.1
-4.0,-4.0,-1.1
-4.0,-4.0,-1.1
-4.0,-4.0,-1.1
-4.0,-4.0,-1.1
-4.0,-4.0,-1.1
-4.0,-4.0,-1.1
-4.0,-4.0,-1.1
-4.0,-4.0,-1.1
-4.0,-4.0,-1.1
-4.0,-4.0,-1.1
-4.0,-4.0,-1.1
-4.0,-4.0,-1.1
-4.0,-4.0,-1.1
-4.0,-4.0,-1.1
-4.0,-4.0,-1.1
-4.0,-4.0,-1.1
-4.0,-4.0,-1.1
-4.0,-4.0,-1.1
-4.0,-4.0,-1.1
-4.0,-4.0,-1.1
-4.0,-4.0,-1.1
-4.0,-4.0,-1.1
-4.0,-4.0,-1.1
-4.0,-4.0,-1.1
-4.0,-4.0,-1.1
-4.0,-4.0,-1.1
-4.0,-4.0,-1.1
-4.0,-4.0,-1.1
-4.0,-4.0,-1.1
-4.0,-4.0,-1.1
-4.0,-4.0,-1.1
-4.0,-4.0,-1.1
-4.0,-4.0,-1.1
-4.0,-4.0,-1.1
-4.0,-4.0,-1.1
-4.0,-4.0,-1.1
-4.0,-4.0,-1.1
-4.0,-4.0,-1.1
-4.0,-4.0,-1.1
-4.0,-4.0,-1.1
-4.0,-4.0,-1.1
-4.0,-4.0,-1.1
-4.0,-4.0,-1.1
-4.0,-4.0,-1.1
-4.0,-4.0,-1.1
-4.0,-4.0,-1.1
-4.0,-4.0,-1.1
-4.0,-4.0,-1.1
-4.0,-4.0,-1.1
-4.0,-4.0,-1.1
-4.0,-4.0,-1.1
-4.0,-4.0,-1.1
-4.0,-4.0,-1.1
-4.0,-4.0,-1.1
-4.0,-4.0,-1.1
-4.0,-4.0,-1.1
-4.0,-4.0,-1.1
-4.0,-4.0,-1.1
-4.0,-4.0,-1.1
-4.0,-4.0,-1.1
-4.0,-4.0,-1.1
-4.0,-4.0,-1.1
-4.0,-4.0,-1.1
-4.0,-4.0,-1.1
-4.0,-4.0,-1.1
-4.0,-4.0,-1.1
-4.0,-4.0,-1.1
-4.0,-4.0,-1.1
-4.0,-4.0,-1.1
-4.0,-4.0,-1.1
-4.0,-4.0,-1.1
-4.0,-4.0,-1.1
-4.0,-4.0,-1.1
-4.0,-4.0,-1.1
-4.0,-4.0,-1.1
-4.0,-4.0,-1.1
-4.0,-4.0,-1.1
-4.0,-4.0,-1.1
-4.0,-4.0,-1.1
-4.0,-4.0,-1.1
-4.0,-4.0,-1.1
-4.0,-4.0,-1.1
-4.0,-4.0,-1.1
-4.0,-4.0,-1.1
-4.0,-4.0,-1.1
-4.0,-4.0,-1.1
-4.0,-4.0,-1.1
-4.0,-4.0,-1.1
-4.0,-4.0,-1.1
-4.0,-4.0,-1.1
-4.0,-4.0,-1.1
-4.0,-4.0,-1.1
-4.0,-4.0,-1.1
-4.0,-4.0,-1.1
-4.0,-4.0,-1.1
-4.0,-4.0,-1.1
-4.0,-4.0,-1.1
-4.0,-4.0,-1.1
-4.0,-4.0,-1.1
-4.0,-4.0,-1.1
-4.0,-4.0,-1.1
-4.0,-4.0,-1.1
-4.0,-4.0,-1.1
-4.0,-4.0,-1.1
-4.0,-4.0,-1.1
-4.0,-4.0,-1.1
-4.0,-4.0,-1.1
-4.0,-4.0,-1.1
-4.0,-4.0,-1.1
-4.0,-4.0,-1.1
-4.0,-4.0,-1.1
-4.0,-4.0,-1.1
-4.0,-4.0,-1.1
-4.0,-4.0,-1.1
-4.0,-4.0,-1.1
-4.0,-4.0,-1.1
-4.0,-4.0,-1.1
-4.0,-4.0,-1.1
-4.0,-4.0,-1.1
-4.0,-4.0,-1.1
-4.0,-4.0,-1.1
-4.0,-4.0,-1.1
-4.0,-4.0,-1.1
-4.0,-4.0,-1.1
-4.0,-4.0,-1.1
-4.0,-4.0,-1.1
-4.0,-4.0,-1.1
-4.0,-4.0,-1.1
-4.0,-4.0,-1.1
-4.0,-4.0,-1.1
-4.0,-4.0,-1.1
-4.0,-4.0,-1.1
-4.0,-4.0,-1.1
-4.0,-4.0,-1.1
-4.0,-4.0,-1.1
-4.0,-4.0,-1.1
-4.0,-4.0,-1.1
-4.0,-4.0,-1.1
-4.0,-4.0,-1.1
-4.0,-4.0,-1.1
-4.0,-4.0,-1.1
-4.0,-4.0,-1.1
-4.0,-4.0,-1.1
-4.0,-4.0,-1.1
-4.0,-4.0,-1.1
-4.0,-4.0,-1.1
-4.0,-4.0,-1.1
-4.0,-4.0,-1.1
-4.0,-4.0,-1.1
-4.0,-4.0,-1.1
-4.0,-4.0,-1.1
-4.0,-4.0,-1.1
-4.0,-4.0,-1.1
-4.0,-4.0,-1.1
-4.0,-4.0,-1.1
-4.0,-4.0,-1.1
-4.0,-4.0,-1.1
-4.0,-4.0,-1.1
-4.0,-4.0,-1.1
-4.0,-4.0,-1.1
-4.0,-4.0,-1.1
-4.0,-4.0,-1.1
-4.0,-4.0,-1.1
-4.0,-4.0,-1.1
-4.0,-4.0,-1.1
-4.0,-4.0,-1.1
-4.0,-4.0,-1.1
-4.0,-4.0,-1.1
-4.0,-4.0,-1.1
-4.0,-4.0,-1.1
-4.0,-4.0,-1.1
-4.0,-4.0,-1.1
-4.0,-4.0,-1.1
-4.0,-4.0,-1.1
-4.0,-4.0,-1.1
-4.0,-4.0,-1.1
-4.0,-4.0,-1.1
-4.0,-4.0,-1.1
-4.0,-4.0,-1.1
-4.0,-4.0,-1.1
-4.0,-4.0,-1.1
-4.0,-4.0,-1.1
-4.0,-4.0,-1.1
-4.0,-4.0,-1.1
-4.0,-4.0,-1.1
-4.0,-4.0,-1.1
-4.0,-4.0,-1.1
-4.0,-4.0,-1.1
-4.0,-4.0,-1.1
-4.0,-4.0,-1.1
-4.0,-4.0,-1.1
-4.0,-4.0,-1.1
-4.0,-4.0,-1.1
-4.0,-4.0,-1.1
-4.0,-4.0,-1.1
-4.0,-4.0,-1.1
-4.0,-4.0,-1.1
-4.0,-4.0,-1.1
-4.0,-4.0,-1.1
-4.0,-4.0,-1.1
-4.0,-4.0,-1.1
-4.0,-4.0,-1.1
-4.0,-4.0,-1.1
-4.0,-4.0,-1.1
-4.0,-4.0,-1.1
-4.0,-4.0,-1.1
-4.0,-4.0,-1.1
-4.0,-4.0,-1.1
-4.0,-4.0,-1.1
-4.0,-4.0,-1.1
-4.0,-4.0,-1.1
-4.0,-4.0,-1.1
-4.0,-4.0,-1.1
-4.0,-4.0,-1.1
-4.0,-4.0,-1.1
-4.0,-4.0,-1.1
-4.0,-4.0,-1.1
-4.0,-4.0,-1.1
-4.0,-4.0,-1.1
-4.0,-4.0,-1.1
-4.0,-4.0,-1.1
-4.0,-4.0,-1.1
-4.0,-4.0,-1.1
-4.0,-4.0,-1.1
-4.0,-4.0,-1.1
-4.0,-4.0,-1.1
-4.0,-4.0,-1.1
-4.0,-4.0,-1.1
-4.0,-4.0,-1.1
-4.0,-4.0,-1.1
-4.0,-4.0,-1.1
-4.0,-4.0,-1.1
-4.0,-4.0,-1.1
-4.0,-4.0,-1.1
-4.0,-4.0,-1.1
-4.0,-4.0,-1.1
-4.0,-4.0,-1.1
-4.0,-4.0,-1.1
-4.0,-4.0,-1.1
-4.0,-4.0,-1.1
-4.0,-4.0,-1.1
-4.0,-4.0,-1.1
-4.0,-4.0,-1.1
-4.0,-4.0,-1.1
-4.0,-4.0,-1.1
-4.0,-4.0,-1.1
-4.0,-4.0,-1.1
-4.0,-4.0,-1.1
-4.0,-4.0,-1.1
-4.0,-4.0,-1.1
-4.0,-4.0,-1.1
-4.0,-4.0,-1.1
-4.0,-4.0,-1.1
-4.0,-4.0,-1.1
-4.0,-4.0,-1.1
-4.0,-4.0,-1.1
-4.0,-4.0,-1.1
-4.0,-4.0,-1.1
-4.0,-4.0,-1.1
-4.0,-4.0,-1.1
-4.0,-4.0,-1.1
-4.0,-4.0,-1.1
-4.0,-4.0,-1.1
-4.0,-4.0,-1.1
-4.0,-4.0,-1.1
-4.0,-4.0,-1.1
-4.0,-4.0,-1.1
-4.0,-4.0,-1.1
-4.0,-4.0,-1.1
-4.0,-4.0,-1.1
-4.0,-4.0,-1.1
-4.0,-4.0,-1.1
-4.0,-4.0,-1.1
-4.0,-4.0,-1.1
-4.0,-4.0,-1.1
-4.0,-4.0,-1.1
-4.0,-4.0,-1.1
-4.0,-4.0,-1.1
-4.0,-4.0,-1.1
-4.0,-4.0,-1.1
-4.0,-4.0,-1.1
-4.0,-4.0,-1.1
-4.0,-4.0,-1.1
-4.0,-4.0,-1.1
-4.0,-4.0,-1.1
-4.0,-4.0,-1.1
-4.0,-4.0,-1.1
-4.0,-4.0,-1.1
-4.0,-4.0,-1.1
-4.0,-4.0,-1.1
-4.0,-4.0,-1.1
-4.0,-4.0,-1.1
-4.0,-4.0,-1.1
-4.0,-4.0,-1.1
-4.0,-4.0,-1.1
-4.0,-4.0,-1.1
-4.0,-4.0,-1.1
-4.0,-4.0,-1.1
-4.0,-4.0,-1.1
-4.0,-4.0,-1.1
-4.0,-4.0,-1.1
-4.0,-4.0,-1.1
-4.0,-4.0,-1.1
-4.0,-4.0,-1.1
-4.0,-4.0,-1.1
-4.0,-4.0,-1.1
-4.0,-4.0,-1.1
-4.0,-4.0,-1.1
-4.0,-4.0,-1.1
-4.0,-4.0,-1.1
-4.0,-4.0,-1.1
-4.0,-4.0,-1.1
-4.0,-4.0,-1.1
-4.0,-4.0,-1.1
-4.0,-4.0,-1.1
-4.0,-4.0,-1.1
-4.0,-4.0,-1.1
-4.0,-4.0,-1.1
-4.0,-4.0,-1.1
-4.0,-4.0,-1.1
-4.0,-4.0,-1.1
-4.0,-4.0,-1.1
-4.0,-4.0,-1.1
-4.0,-4.0,-1.1
-4.0,-4.0,-1.1
-4.0,-4.0,-1.1
-4.0,-4.0,-1.1
-4.0,-4.0,-1.1
-4.0,-4.0,-1.1
-4.0,-4.0,-1.1
-4.0,-4.0,-1.1
-4.0,-4.0,-1.1
-4.0,-4.0,-1.1
-4.0,-4.0,-1.1
-4.0,-4.0,-1.1
-4.0,-4.0,-1.1
-4.0,-4.0,-1.1
-4.0,-4.0,-1.1
-4.0,-4.0,-1.1
-4.0,-4.0,-1.1
-4.0,-4.0,-1.1
-4.0,-4.0,-1.1
-4.0,-4.0,-1.1
-4.0,-4.0,-1.1
-4.0,-4.0,-1.1
-4.0,-4.0,-1.1
-4.0,-4.0,-1.1
-4.0,-4.0,-1.1
-4.0,-4.0,-1.1
-4.0,-4.0,-1.1
-4.0,-4.0,-1.1
-4.0,-4.0,-1.1
-4.0,-4.0,-1.1
-4.0,-4.0,-1.1
-4.0,-4.0,-1.1
-4.0,-4.0,-1.1
-4.0,-4.0,-1.1
-4.0,-4.0,-1.1
-4.0,-4.0,-1.1
-4.0,-4.0,-1.1
-4.0,-4.0,-1.1
-4.0,-4.0,-1.1
-4.0,-4.0,-1.1
-4.0,-4.0,-1.1
-4.0,-4.0,-1.1
-4.0,-4.0,-1.1
-4.0,-4.0,-1.1
-4.0,-4.0,-1.1
-4.0,-4.0,-1.1
-4.0,-4.0,-1.1
-4.0,-4.0,-1.1
-4.0,-4.0,-1.1
-4.0,-4.0,-1.1
-4.0,-4.0,-1.1
-4.0,-4.0,-1.1
-4.0,-4.0,-1.1
-4.0,-4.0,-1.1
-4.0,-4.0,-1.1
-4.0,-4.0,-1.1
-4.0,-4.0,-1.1
-4.0,-4.0,-1.1
-4.0,-4.0,-1.1
-4.0,-4.0,-1.1
-4.0,-4.0,-1.1
-4.0,-4.0,-1.1
-4.0,-4.0,-1.1
-4.0,-4.0,-1.1
-4.0,-4.0,-1.1
-4.0,-4.0,-1.1
-4.0,-4.0,-1.1
-4.0,-4.0,-1.1
-4.0,-4.0,-1.1
-4.0,-4.0,-1.1
-4.0,-4.0,-1.1
-4.0,-4.0,-1.1
-4.0,-4.0,-1.1
-4.0,-4.0,-1.1
-4.0,-4.0,-1.1
-4.0,-4.0,-1.1
-4.0,-4.0,-1.1
-4.0,-4.0,-1.1
-4.0,-4.0,-1.1
-4.0,-4.0,-1.1
-4.0,-4.0,-1.1
-4.0,-4.0,-1.1
-4.0,-4.0,-1.1
-4.0,-4.0,-1.1
-4.0,-4.0,-1.1
-4.0,-4.0,-1.1
-4.0,-4.0,-1.1
-4.0,-4.0,-1.1
-4.0,-4.0,-1.1
-4.0,-4.0,-1.1
-4.0,-4.0,-1.1
-4.0,-4.0,-1.1
-4.0,-4.0,-1.1
-4.0,-4.0,-1.1
-4.0,-4.0,-1.1
-4.0,-4.0,-1.1
-4.0,-4.0,-1.1
-4.0,-4.0,-1.1
-4.0,-4.0,-1.1
-4.0,-4.0,-1.1
-4.0,-4.0,-1.1
-4.0,-4.0,-1.1
-4.0,-4.0,-1.1
-4.0,-4.0,-1.1
-4.0,-4.0,-1.1
-4.0,-4.0,-1.1
-4.0,-4.0,-1.1
-4.0,-4.0,-1.1
-4.0,-4.0,-1.1
-4.0,-4.0,-1.1
-4.0,-4.0,-1.1
-4.0,-4.0,-1.1
-4.0,-4.0,-1.1
-4.0,-4.0,-1.1
-4.0,-4.0,-1.1
-4.0,-4.0,-1.1
-4.0,-4.0,-1.1
-4.0,-4.0,-1.1
-4.0,-4.0,-1.1
-4.0,-4.0,-1.1
-4.0,-4.0,-1.1
-4.0,-4.0,-1.1
-4.0,-4.0,-1.1
-4.0,-4.0,-1.1
-4.0,-4.0,-1.1
-4.0,-4.0,-1.1
-4.0,-4.0,-1.1
-4.0,-4.0,-1.1
-4.0,-4.0,-1.1
-4.0,-4.0,-1.1
-4.0,-4.0,-1.1
-4.0,-4.0,-1.1
-4.0,-4.0,-1.1
-4.0,-4.0,-1.1
-4.0,-4.0,-1.1
-4.0,-4.0,-1.1
-4.0,-4.0,-1.1
-4.0,-4.0,-1.1
-4.0,-4.0,-1.1
-4.0,-4.0,-1.1
-4.0,-4.0,-1.1
-4.0,-4.0,-1.1
-4.0,-4.0,-1.1
-4.0,-4.0,-1.1
-4.0,-4.0,-1.1
-4.0,-4.0,-1.1
-4.0,-4.0,-1.1
-4.0,-4.0,-1.1
-4.0,-4.0,-1.1
-4.0,-4.0,-1.1
-4.0,-4.0,-1.1
-4.0,-4.0,-1.1
-4.0,-4.0,-1.1
-4.0,-4.0,-1.1
-4.0,-4.0,-1.1
-4.0,-4.0,-1.1
-4.0,-4.0,-1.1
-4.0,-4.0,-1.1
-4.0,-4.0,-1.1
-4.0,-4.0,-1.1
-4.0,-4.0,-1.1
-4.0,-4.0,-1.1
-4.0,-4.0,-1.1
-4.0,-4.0,-1.1
-4.0,-4.0,-1.1
-4.0,-4.0,-1.1
-4.0,-4.0,-1.1
-4.0,-4.0,-1.1
-4.0,-4.0,-1.1
-4.0,-4.0,-1.1
-4.0,-4.0,-1.1
-4.0,-4.0,-1.1
-4.0,-4.0,-1.1
-4.0,-4.0,-1.1
-4.0,-4.0,-1.1
-4.0,-4.0,-1.1
-4.0,-4.0,-1.1
-4.0,-4.0,-1.1
-4.0,-4.0,-1.1
-4.0,-4.0,-1.1
-4.0,-4.0,-1.1
-4.0,-4.0,-1.1
-4.0,-4.0,-1.1
-4.0,-4.0,-1.1
-4.0,-4.0,-1.1
-4.0,-4.0,-1.1
-4.0,-4.0,-1.1
-4.0,-4.0,-1.1
-4.0,-4.0,-1.1
-4.0,-4.0,-1.1
-4.0,-4.0,-1.1
-4.0,-4.0,-1.1
-4.0,-4.0,-1.1
-4.0,-4.0,-1.1
-4.0,-4.0,-1.1
-4.0,-4.0,-1.1
-4.0,-4.0,-1.1
-4.0,-4.0,-1.1
-4.0,-4.0,-1.1
-4.0,-4.0,-1.1
-4.0,-4.0,-1.1
-4.0,-4.0,-1.1
-4.0,-4.0,-1.1
-4.0,-4.0,-1.1
-4.0,-4.0,-1.1
-4.0,-4.0,-1.1
-4.0,-4.0,-1.1
-4.0,-4.0,-1.1
-4.0,-4.0,-1.1
-4.0,-4.0,-1.1
-4.0,-4.0,-1.1
-4.0,-4.0,-1.1
-4.0,-4.0,-1.1
-4.0,-4.0,-1.1
-4.0,-4.0,-1.1
-4.0,-4.0,-1.1
-4.0,-4.0,-1.1
-4.0,-4.0,-1.1
-4.0,-4.0,-1.1
-4.0,-4.0,-1.1
-4.0,-4.0,-1.1
-4.0,-4.0,-1.1
-4.0,-4.0,-1.1
-4.0,-4.0,-1.1
-4.0,-4.0,-1.1
-4.0,-4.0,-1.1
-4.0,-4.0,-1.1
-4.0,-4.0,-1.1
-4.0,-4.0,-1.1
-4.0,-4.0,-1.1
-4.0,-4.0,-1.1
-4.0,-4.0,-1.1
-4.0,-4.0,-1.1
-4.0,-4.0,-1.1
-4.0,-4.0,-1.1
-4.0,-4.0,-1.1
-4.0,-4.0,-1.1
-4.0,-4.0,-1.1
-4.0,-4.0,-1.1
-4.0,-4.0,-1.1
-4.0,-4.0,-1.1
-4.0,-4.0,-1.1
-4.0,-4.0,-1.1
-4.0,-4.0,-1.1
-4.0,-4.0,-1.1
-4.0,-4.0,-1.1
-4.0,-4.0,-1.1
-4.0,-4.0,-1.1
-4.0,-4.0,-1.1
-4.0,-4.0,-1.1
-4.0,-4.0,-1.1
-4.0,-4.0,-1.1
-4.0,-4.0,-1.1
-4.0,-4.0,-1.1
-4.0,-4.0,-1.1
-4.0,-4.0,-1.1
-4.0,-4.0,-1.1
-4.0,-4.0,-1.1
-4.0,-4.0,-1.1
-4.0,-4.0,-1.1
-4.0,-4.0,-1.1
-4.0,-4.0,-1.1
-4.0,-4.0,-1.1
-4.0,-4.0,-1.1
-4.0,-4.0,-1.1
-4.0,-4.0,-1.1
-4.0,-4.0,-1.1
-4.0,-4.0,-1.1
-4.0,-4.0,-1.1
-4.0,-4.0,-1.1
-4.0,-4.0,-1.1
-4.0,-4.0,-1.1
-4.0,-4.0,-1.1
-4.0,-4.0,-1.1
-4.0,-4.0,-1.1
-4.0,-4.0,-1.1
-4.0,-4.0,-1.1
-4.0,-4.0,-1.1
-4.0,-4.0,-1.1
-4.0,-4.0,-1.1
-4.0,-4.0,-1.1
-4.0,-4.0,-1.1
-4.0,-4.0,-1.1
-4.0,-4.0,-1.1
-4.0,-4.0,-1.1
-4.0,-4.0,-1.1
-4.0,-4.0,-1.1
-4.0,-4.0,-1.1
-4.0,-4.0,-1.1
-4.0,-4.0,-1.1
-4.0,-4.0,-1.1
-4.0,-4.0,-1.1
-4.0,-4.0,-1.1
-4.0,-4.0,-1.1
-4.0,-4.0,-1.1
-4.0,-4.0,-1.1
-4.0,-4.0,-1.1
-4.0,-4.0,-1.1
-4.0,-4.0,-1.1
-4.0,-4.0,-1.1
-4.0,-4.0,-1.1
-4.0,-4.0,-1.1
-4.0,-4.0,-1.1
-4.0,-4.0,-1.1
-4.0,-4.0,-1.1
-4.0,-4.0,-1.1
-4.0,-4.0,-1.1
-4.0,-4.0,-1.1
-4.0,-4.0,-1.1
-4.0,-4.0,-1.1
-4.0,-4.0,-1.1
-4.0,-4.0,-1.1
-4.0,-4.0,-1.1
-4.0,-4.0,-1.1
-4.0,-4.0,-1.1
-4.0,-4.0,-1.1
-4.0,-4.0,-1.1
-4.0,-4.0,-1.1
-4.0,-4.0,-1.1
-4.0,-4.0,-1.1
-4.0,-4.0,-1.1
-4.0,-4.0,-1.1
-4.0,-4.0,-1.1
-4.0,-4.0,-1.1
-4.0,-4.0,-1.1
-4.0,-4.0,-1.1
-4.0,-4.0,-1.1
-4.0,-4.0,-1.1
-4.0,-4.0,-1.1
-4.0,-4.0,-1.1
-4.0,-4.0,-1.1
-4.0,-4.0,-1.1
-4.0,-4.0,-1.1
-4.0,-4.0,-1.1
-4.0,-4.0,-1.1
-4.0,-4.0,-1.1
-4.0,-4.0,-1.1
-4.0,-4.0,-1.1
-4.0,-4.0,-1.1
-4.0,-4.0,-1.1
-4.0,-4.0,-1.1
-4.0,-4.0,-1.1
-4.0,-4.0,-1.1
-4.0,-4.0,-1.1
-4.0,-4.0,-1.1
-4.0,-4.0,-1.1
-4.0,-4.0,-1.1
-4.0,-4.0,-1.1
-4.0,-4.0,-1.1
-4.0,-4.0,-1.1
-4.0,-4.0,-1.1
-4.0,-4.0,-1.1
-4.0,-4.0,-1.1
-4.0,-4.0,-1.1
-4.0,-4.0,-1.1
-4.0,-4.0,-1.1
-4.0,-4.0,-1.1
-4.0,-4.0,-1.1
-4.0,-4.0,-1.1
-4.0,-4.0,-1.1
-4.0,-4.0,-1.1
-4.0,-4.0,-1.1
-4.0,-4.0,-1.1
-4.0,-4.0,-1.1
-4.0,-4.0,-1.1
-4.0,-4.0,-1.1
-4.0,-4.0,-1.1
-4.0,-4.0,-1.1
-4.0,-4.0,-1.1
-4.0,-4.0,-1.1
-4.0,-4.0,-1.1
-4.0,-4.0,-1.1
-4.0,-4.0,-1.1
-4.0,-4.0,-1.1
-4.0,-4.0,-1.1
-4.0,-4.0,-1.1
-4.0,-4.0,-1.1
-4.0,-4.0,-1.1
-4.0,-4.0,-1.1
-4.0,-4.0,-1.1
-4.0,-4.0,-1.1
-4.0,-4.0,-1.1
-4.0,-4.0,-1.1
-4.0,-4.0,-1.1
-4.0,-4.0,-1.1
-4.0,-4.0,-1.1
-4.0,-4.0,-1.1
-4.0,-4.0,-1.1
-4.0,-4.0,-1.1
-4.0,-4.0,-1.1
-4.0,-4.0,-1.1
-4.0,-4.0,-1.1
-4.0,-4.0,-1.1
-4.0,-4.0,-1.1
-4.0,-4.0,-1.1
-4.0,-4.0,-1.1
-4.0,-4.0,-1.1
-4.0,-4.0,-1.1
-4.0,-4.0,-1.1
-4.0,-4.0,-1.1
-4.0,-4.0,-1.1
-4.0,-4.0,-1.1
-4.0,-4.0,-1.1
-4.0,-4.0,-1.1
-4.0,-4.0,-1.1
-4.0,-4.0,-1.1
-4.0,-4.0,-1.1
-4.0,-4.0,-1.1
-4.0,-4.0,-1.1
-4.0,-4.0,-1.1
-4.0,-4.0,-1.1
-4.0,-4.0,-1.1
-4.0,-4.0,-1.1
-4.0,-4.0,-1.1
-4.0,-4.0,-1.1
-4.0,-4.0,-1.1
-4.0,-4.0,-1.1
-4.0,-4.0,-1.1
-4.0,-4.0,-1.1
-4.0,-4.0,-1.1
-4.0,-4.0,-1.1
-4.0,-4.0,-1.1
-4.0,-4.0,-1.1
-4.0,-4.0,-1.1
-4.0,-4.0,-1.1
-4.0,-4.0,-1.1
-4.0,-4.0,-1.1
-4.0,-4.0,-1.1
-4.0,-4.0,-1.1
-4.0,-4.0,-1.1
-4.0,-4.0,-1.1
-4.0,-4.0,-1.1
-4.0,-4.0,-1.1
-4.0,-4.0,-1.1
-4.0,-4.0,-1.1
-4.0,-4.0,-1.1
-4.0,-4.0,-1.1
-4.0,-4.0,-1.1
-4.0,-4.0,-1.1
-4.0,-4.0,-1.1
-4.0,-4.0,-1.1
-4.0,-4.0,-1.1
-4.0,-4.0,-1.1
-4.0,-4.0,-1.1
-4.0,-4.0,-1.1
-4.0,-4.0,-1.1
-4.0,-4.0,-1.1
-4.0,-4.0,-1.1
-4.0,-4.0,-1.1
-4.0,-4.0,-1.1
-4.0,-4.0,-1.1
-4.0,-4.0,-1.1
-4.0,-4.0,-1.1
-4.0,-4.0,-1.1
-4.0,-4.0,-1.1
-4.0,-4.0,-1.1
-4.0,-4.0,-1.1
-4.0,-4.0,-1.1
-4.0,-4.0,-1.1
-4.0,-4.0,-1.1
-4.0,-4.0,-1.1
-4.0,-4.0,-1.1
-4.0,-4.0,-1.1
-4.0,-4.0,-1.1
-4.0,-4.0,-1.1
-4.0,-4.0,-1.1
-4.0,-4.0,-1.1
-4.0,-4.0,-1.1
-4.0,-4.0,-1.1
-4.0,-4.0,-1.1
-4.0,-4.0,-1.1
-4.0,-4.0,-1.1
-4.0,-4.0,-1.1
-4.0,-4.0,-1.1
-4.0,-4.0,-1.1
-4.0,-4.0,-1.1
-4.0,-4.0,-1.1
-4.0,-4.0,-1.1
-4.0,-4.0,-1.1
-4.0,-4.0,-1.1
-4.0,-4.0,-1.1
-4.0,-4.0,-1.1
-4.0,-4.0,-1.1
-4.0,-4.0,-1.1
-4.0,-4.0,-1.1
-4.0,-4.0,-1.1
-4.0,-4.0,-1.1
-4.0,-4.0,-1.1
-4.0,-4.0,-1.1
-4.0,-4.0,-1.1
-4.0,-4.0,-1.1
-4.0,-4.0,-1.1
-4.0,-4.0,-1.1
-4.0,-4.0,-1.1
-4.0,-4.0,-1.1
-4.0,-4.0,-1.1
-4.0,-4.0,-1.1
-4.0,-4.0,-1.1
-4.0,-4.0,-1.1
-4.0,-4.0,-1.1
-4.0,-4.0,-1.1
-4.0,-4.0,-1.1
-4.0,-4.0,-1.1
-4.0,-4.0,-1.1
-4.0,-4.0,-1.1
-4.0,-4.0,-1.1
-4.0,-4.0,-1.1
-4.0,-4.0,-1.1
-4.0,-4.0,-1.1
-4.0,-4.0,-1.1
-4.0,-4.0,-1.1
-4.0,-4.0,-1.1
-4.0,-4.0,-1.1
-4.0,-4.0,-1.1
-4.0,-4.0,-1.1
-4.0,-4.0,-1.1
-4.0,-4.0,-1.1
-4.0,-4.0,-1.1
-4.0,-4.0,-1.1
-4.0,-4.0,-1.1
-4.0,-4.0,-1.1
-4.0,-4.0,-1.1
-4.0,-4.0,-1.1
-4.0,-4.0,-1.1
-4.0,-4.0,-1.1
-4.0,-4.0,-1.1
-4.0,-4.0,-1.1
-4.0,-4.0,-1.1
-4.0,-4.0,-1.1
-4.0,-4.0,-1.1
-4.0,-4.0,-1.1
-4.0,-4.0,-1.1
-4.0,-4.0,-1.1
-4.0,-4.0,-1.1
-4.0,-4.0,-1.1
-4.0,-4.0,-1.1
-4.0,-4.0,-1.1
-4.0,-4.0,-1.1
-4.0,-4.0,-1.1
-4.0,-4.0,-1.1
-4.0,-4.0,-1.1
-4.0,-4.0,-1.1
-4.0,-4.0,-1.1
-4.0,-4.0,-1.1
-4.0,-4.0,-1.1
-4.0,-4.0,-1.1
-4.0,-4.0,-1.1
-4.0,-4.0,-1.1
-4.0,-4.0,-1.1
-4.0,-4.0,-1.1
-4.0,-4.0,-1.1
-4.0,-4.0,-1.1
-4.0,-4.0,-1.1
-4.0,-4.0,-1.1
-4.0,-4.0,-1.1
-4.0,-4.0,-1.1
-4.0,-4.0,-1.1
-4.0,-4.0,-1.1
-4.0,-4.0,-1.1
-4.0,-4.0,-1.1
-4.0,-4.0,-1.1
-4.0,-4.0,-1.1
-4.0,-4.0,-1.1
-4.0,-4.0,-1.1
-4.0,-4.0,-1.1
-4.0,-4.0,-1.1
-4.0,-4.0,-1.1
-4.0,-4.0,-1.1
-4.0,-4.0,-1.1
-4.0,-4.0,-1.1
-4.0,-4.0,-1.1
-4.0,-4.0,-1.1
-4.0,-4.0,-1.1
-4.0,-4.0,-1.1
-4.0,-4.0,-1.1
-4.0,-4.0,-1.1
-4.0,-4.0,-1.1
-4.0,-4.0,-1.1
-4.0,-4.0,-1.1
-4.0,-4.0,-1.1
-4.0,-4.0,-1.1
-4.0,-4.0,-1.1
-4.0,-4.0,-1.1
-4.0,-4.0,-1.1
-4.0,-4.0,-1.1
-4.0,-4.0,-1.1
-4.0,-4.0,-1.1
-4.0,-4.0,-1.1
-4.0,-4.0,-1.1
-4.0,-4.0,-1.1
-4.0,-4.0,-1.1
-4.0,-4.0,-1.1
-4.0,-4.0,-1.1
-4.0,-4.0,-1.1
-4.0,-4.0,-1.1
-4.0,-4.0,-1.1
-4.0,-4.0,-1.1
-4.0,-4.0,-1.1
-4.0,-4.0,-1.1
-4.0,-4.0,-1.1
-4.0,-4.0,-1.1
-4.0,-4.0,-1.1
-4.0,-4.0,-1.1
-4.0,-4.0,-1.1
-4.0,-4.0,-1.1
-4.0,-4.0,-1.1
-4.0,-4.0,-1.1
-4.0,-4.0,-1.1
-4.0,-4.0,-1.1
-4.0,-4.0,-1.1
-4.0,-4.0,-1.1
-4.0,-4.0,-1.1
-4.0,-4.0,-1.1
-4.0,-4.0,-1.1
-4.0,-4.0,-1.1
-4.0,-4.0,-1.1
-4.0,-4.0,-1.1
-4.0,-4.0,-1.1
-4.0,-4.0,-1.1
-4.0,-4.0,-1.1
-4.0,-4.0,-1.1
-4.0,-4.0,-1.1
-4.0,-4.0,-1.1
-4.0,-4.0,-1.1
-4.0,-4.0,-1.1
-4.0,-4.0,-1.1
-4.0,-4.0,-1.1
-4.0,-4.0,-1.1
-4.0,-4.0,-1.1
-4.0,-4.0,-1.1
-4.0,-4.0,-1.1
-4.0,-4.0,-1.1
-4.0,-4.0,-1.1
-4.0,-4.0,-1.1
-4.0,-4.0,-1.1
-4.0,-4.0,-1.1
-4.0,-4.0,-1.1
-4.0,-4.0,-1.1
-4.0,-4.0,-1.1
-4.0,-4.0,-1.1
-4.0,-4.0,-1.1
-4.0,-4.0,-1.1
-4.0,-4.0,-1.1
-4.0,-4.0,-1.1
-4.0,-4.0,-1.1
-4.0,-4.0,-1.1
-4.0,-4.0,-1.1
-4.0,-4.0,-1.1
-4.0,-4.0,-1.1
-4.0,-4.0,-1.1
-4.0,-4.0,-1.1
-4.0,-4.0,-1.1
-4.0,-4.0,-1.1
-4.0,-4.0,-1.1
-4.0,-4.0,-1.1
-4.0,-4.0,-1.1
-4.0,-4.0,-1.1
-4.0,-4.0,-1.1
-4.0,-4.0,-1.1
-4.0,-4.0,-1.1
-4.0,-4.0,-1.1
-4.0,-4.0,-1.1
-4.0,-4.0,-1.1
-4.0,-4.0,-1.1
-4.0,-4.0,-1.1
-4.0,-4.0,-1.1
-4.0,-4.0,-1.1
-4.0,-4.0,-1.1
-4.0,-4.0,-1.1
-4.0,-4.0,-1.1
-4.0,-4.0,-1.1
-4.0,-4.0,-1.1
-4.0,-4.0,-1.1
-4.0,-4.0,-1.1
-4.0,-4.0,-1.1
-4.0,-4.0,-1.1
-4.0,-4.0,-1.1
-4.0,-4.0,-1.1
-4.0,-4.0,-1.1
-4.0,-4.0,-1.1
-4.0,-4.0,-1.1
-4.0,-4.0,-1.1
-4.0,-4.0,-1.1
-4.0,-4.0,-1.1
-4.0,-4.0,-1.1
-4.0,-4.0,-1.1
-4.0,-4.0,-1.1
-4.0,-4.0,-1.1
-4.0,-4.0,-1.1
-4.0,-4.0,-1.1
-4.0,-4.0,-1.1
-4.0,-4.0,-1.1
-4.0,-4.0,-1.1
-4.0,-4.0,-1.1
-4.0,-4.0,-1.1
-4.0,-4.0,-1.1
-4.0,-4.0,-1.1
-4.0,-4.0,-1.1
-4.0,-4.0,-1.1
-4.0,-4.0,-1.1
-4.0,-4.0,-1.1
-4.0,-4.0,-1.1
-4.0,-4.0,-1.1
-4.0,-4.0,-1.1
-4.0,-4.0,-1.1
-4.0,-4.0,-1.1
-4.0,-4.0,-1.1
-4.0,-4.0,-1.1
-4.0,-4.0,-1.1
-4.0,-4.0,-1.1
-4.0,-4.0,-1.1
-4.0,-4.0,-1.1
-4.0,-4.0,-1.1
-4.0,-4.0,-1.1
-4.0,-4.0,-1.1
-4.0,-4.0,-1.1
-4.0,-4.0,-1.1
-4.0,-4.0,-1.1
-4.0,-4.0,-1.1
-4.0,-4.0,-1.1
-4.0,-4.0,-1.1
-4.0,-4.0,-1.1
-4.0,-4.0,-1.1
-4.0,-4.0,-1.1
-4.0,-4.0,-1.1
-4.0,-4.0,-1.1
-4.0,-4.0,-1.1
-4.0,-4.0,-1.1
-4.0,-4.0,-1.1
-4.0,-4.0,-1.1
-4.0,-4.0,-1.1
-4.0,-4.0,-1.1
-4.0,-4.0,-1.1
-4.0,-4.0,-1.1
-4.0,-4.0,-1.1
-4.0,-4.0,-1.1
-4.0,-4.0,-1.1
-4.0,-4.0,-1.1
-4.0,-4.0,-1.1
-4.0,-4.0,-1.1
-4.0,-4.0,-1.1
-4.0,-4.0,-1.1
-4.0,-4.0,-1.1
-4.0,-4.0,-1.1
-4.0,-4.0,-1.1
-4.0,-4.0,-1.1
-4.0,-4.0,-1.1
-4.0,-4.0,-1.1
-4.0,-4.0,-1.1
-4.0,-4.0,-1.1
-4.0,-4.0,-1.1
-4.0,-4.0,-1.1
-4.0,-4.0,-1.1
-4.0,-4.0,-1.1
-4.0,-4.0,-1.1
-4.0,-4.0,-1.1
-4.0,-4.0,-1.1
-4.0,-4.0,-1.1
-4.0,-4.0,-1.1
-4.0,-4.0,-1.1
-4.0,-4.0,-1.1
-4.0,-4.0,-1.1
-4.0,-4.0,-1.1
-4.0,-4.0,-1.1
-4.0,-4.0,-1.1
-4.0,-4.0,-1.1
-4.0,-4.0,-1.1
-4.0,-4.0,-1.1
-4.0,-4.0,-1.1
-4.0,-4.0,-1.1
-4.0,-4.0,-1.1
-4.0,-4.0,-1.1
-4.0,-4.0,-1.1
-4.0,-4.0,-1.1
-4.0,-4.0,-1.1
-4.0,-4.0,-1.1
-4.0,-4.0,-1.1
-4.0,-4.0,-1.1
-4.0,-4.0,-1.1
-4.0,-4.0,-1.1
-4.0,-4.0,-1.1
-4.0,-4.0,-1.1
-4.0,-4.0,-1.1
-4.0,-4.0,-1.1
-4.0,-4.0,-1.1
-4.0,-4.0,-1.1
-4.0,-4.0,-1.1
-4.0,-4.0,-1.1
-4.0,-4.0,-1.1
-4.0,-4.0,-1.1
-4.0,-4.0,-1.1
-4.0,-4.0,-1.1
-4.0,-4.0,-1.1
-4.0,-4.0,-1.1
-4.0,-4.0,-1.1
-4.0,-4.0,-1.1
-4.0,-4.0,-1.1
-4.0,-4.0,-1.1
-4.0,-4.0,-1.1
-4.0,-4.0,-1.1
-4.0,-4.0,-1.1
-4.0,-4.0,-1.1
-4.0,-4.0,-1.1
-4.0,-4.0,-1.1
-4.0,-4.0,-1.1
-4.0,-4.0,-1.1
-4.0,-4.0,-1.1
-4.0,-4.0,-1.1
-4.0,-4.0,-1.1
-4.0,-4.0,-1.1
-4.0,-4.0,-1.1
-4.0,-4.0,-1.1
-4.0,-4.0,-1.1
-4.0,-4.0,-1.1
-4.0,-4.0,-1.1
-4.0,-4.0,-1.1
-4.0,-4.0,-1.1
-4.0,-4.0,-1.1
-4.0,-4.0,-1.1
-4.0,-4.0,-1.1
-4.0,-4.0,-1.1
-4.0,-4.0,-1.1
-4.0,-4.0,-1.1
-4.0,-4.0,-1.1
-4.0,-4.0,-1.1
-4.0,-4.0,-1.1
-4.0,-4.0,-1.1
-4.0,-4.0,-1.1
-4.0,-4.0,-1.1
-4.0,-4.0,-1.1
-4.0,-4.0,-1.1
-4.0,-4.0,-1.1
-4.0,-4.0,-1.1
-4.0,-4.0,-1.1
-4.0,-4.0,-1.1
-4.0,-4.0,-1.1
-4.0,-4.0,-1.1
-4.0,-4.0,-1.1
-4.0,-4.0,-1.1
-4.0,-4.0,-1.1
-4.0,-4.0,-1.1
-4.0,-4.0,-1.1
-4.0,-4.0,-1.1
-4.0,-4.0,-1.1
-4.0,-4.0,-1.1
-4.0,-4.0,-1.1
-4.0,-4.0,-1.1
-4.0,-4.0,-1.1
-4.0,-4.0,-1.1
-4.0,-4.0,-1.1
-4.0,-4.0,-1.1
-4.0,-4.0,-1.1
-4.0,-4.0,-1.1
-4.0,-4.0,-1.1
-4.0,-4.0,-1.1
-4.0,-4.0,-1.1
-4.0,-4.0,-1.1
-4.0,-4.0,-1.1
-4.0,-4.0,-1.1
-4.0,-4.0,-1.1
-4.0,-4.0,-1.1
-4.0,-4.0,-1.1
-4.0,-4.0,-1.1
-4.0,-4.0,-1.1
-4.0,-4.0,-1.1
-4.0,-4.0,-1.1
-4.0,-4.0,-1.1
-4.0,-4.0,-1.1
-4.0,-4.0,-1.1
-4.0,-4.0,-1.1
-4.0,-4.0,-1.1
-4.0,-4.0,-1.1
-4.0,-4.0,-1.1
-4.0,-4.0,-1.1
-4.0,-4.0,-1.1
-4.0,-4.0,-1.1
-4.0,-4.0,-1.1
-4.0,-4.0,-1.1
-4.0,-4.0,-1.1
-4.0,-4.0,-1.1
-4.0,-4.0,-1.1
-4.0,-4.0,-1.1
-4.0,-4.0,-1.1
-4.0,-4.0,-1.1
-4.0,-4.0,-1.1
-4.0,-4.0,-1.1
-4.0,-4.0,-1.1
-4.0,-4.0,-1.1
-4.0,-4.0,-1.1
-4.0,-4.0,-1.1
-4.0,-4.0,-1.1
-4.0,-4.0,-1.1
-4.0,-4.0,-1.1
-4.0,-4.0,-1.1
-4.0,-4.0,-1.1
-4.0,-4.0,-1.1
-4.0,-4.0,-1.1
-4.0,-4.0,-1.1
-4.0,-4.0,-1.1
-4.0,-4.0,-1.1
-4.0,-4.0,-1.1
-4.0,-4.0,-1.1
-4.0,-4.0,-1.1
-4.0,-4.0,-1.1
-4.0,-4.0,-1.1
-4.0,-4.0,-1.1
-4.0,-4.0,-1.1
-4.0,-4.0,-1.1
-4.0,-4.0,-1.1
-4.0,-4.0,-1.1
-4.0,-4.0,-1.1
-4.0,-4.0,-1.1
-4.0,-4.0,-1.1
-4.0,-4.0,-1.1
-4.0,-4.0,-1.1
-4.0,-4.0,-1.1
-4.0,-4.0,-1.1
-4.0,-4.0,-1.1
-4.0,-4.0,-1.1
-4.0,-4.0,-1.1
-4.0,-4.0,-1.1
-4.0,-4.0,-1.1
-4.0,-4.0,-1.1
-4.0,-4.0,-1.1
-4.0,-4.0,-1.1
-4.0,-4.0,-1.1
-4.0,-4.0,-1.1
-4.0,-4.0,-1.1
-4.0,-4.0,-1.1
-4.0,-4.0,-1.1
-4.0,-4.0,-1.1
-4.0,-4.0,-1.1
-4.0,-4.0,-1.1
-4.0,-4.0,-1.1
-4.0,-4.0,-1.1
-4.0,-4.0,-1.1
-4.0,-4.0,-1.1
-4.0,-4.0,-1.1
-4.0,-4.0,-1.1
-4.0,-4.0,-1.1
-4.0,-4.0,-1.1
-4.0,-4.0,-1.1
-4.0,-4.0,-1.1
-4.0,-4.0,-1.1
-4.0,-4.0,-1.1
-4.0,-4.0,-1.1
-4.0,-4.0,-1.1
-4.0,-4.0,-1.1
-4.0,-4.0,-1.1
-4.0,-4.0,-1.1
-4.0,-4.0,-1.1
-4.0,-4.0,-1.1
-4.0,-4.0,-1.1
-4.0,-4.0,-1.1
-4.0,-4.0,-1.1
-4.0,-4.0,-1.1
-4.0,-4.0,-1.1
-4.0,-4.0,-1.1
-4.0,-4.0,-1.1
-4.0,-4.0,-1.1
-4.0,-4.0,-1.1
-4.0,-4.0,-1.1
-4.0,-4.0,-1.1
-4.0,-4.0,-1.1
-4.0,-4.0,-1.1
-4.0,-4.0,-1.1
-4.0,-4.0,-1.1
-4.0,-4.0,-1.1
-4.0,-4.0,-1.1
-4.0,-4.0,-1.1
-4.0,-4.0,-1.1
-4.0,-4.0,-1.1
-4.0,-4.0,-1.1
-4.0,-4.0,-1.1
-4.0,-4.0,-1.1
-4.0,-4.0,-1.1
-4.0,-4.0,-1.1
-4.0,-4.0,-1.1
-4.0,-4.0,-1.1
-4.0,-4.0,-1.1
-4.0,-4.0,-1.1
-4.0,-4.0,-1.1
-4.0,-4.0,-1.1
-4.0,-4.0,-1.1
-4.0,-4.0,-1.1
-4.0,-4.0,-1.1
-4.0,-4.0,-1.1
-4.0,-4.0,-1.1
-4.0,-4.0,-1.1
-4.0,-4.0,-1.1
-4.0,-4.0,-1.1
-4.0,-4.0,-1.1
-4.0,-4.0,-1.1
-4.0,-4.0,-1.1
-4.0,-4.0,-1.1
-4.0,-4.0,-1.1
-4.0,-4.0,-1.1
-4.0,-4.0,-1.1
-4.0,-4.0,-1.1
-4.0,-4.0,-1.1
-4.0,-4.0,-1.1
-4.0,-4.0,-1.1
-4.0,-4.0,-1.1
-4.0,-4.0,-1.1
-4.0,-4.0,-1.1
-4.0,-4.0,-1.1
-4.0,-4.0,-1.1
-4.0,-4.0,-1.1
-4.0,-4.0,-1.1
-4.0,-4.0,-1.1
-4.0,-4.0,-1.1
-4.0,-4.0,-1.1
-4.0,-4.0,-1.1
-4.0,-4.0,-1.1
-4.0,-4.0,-1.1
-4.0,-4.0,-1.1
-4.0,-4.0,-1.1
-4.0,-4.0,-1.1
-4.0,-4.0,-1.1
-4.0,-4.0,-1.1
-4.0,-4.0,-1.1
-4.0,-4.0,-1.1
-4.0,-4.0,-1.1
-4.0,-4.0,-1.1
-4.0,-4.0,-1.1
-4.0,-4.0,-1.1
-4.0,-4.0,-1.1
-4.0,-4.0,-1.1
-4.0,-4.0,-1.1
-4.0,-4.0,-1.1
-4.0,-4.0,-1.1
-4.0,-4.0,-1.1
-4.0,-4.0,-1.1
-4.0,-4.0,-1.1
-4.0,-4.0,-1.1
-4.0,-4.0,-1.1
-4.0,-4.0,-1.1
-4.0,-4.0,-1.1
-4.0,-4.0,-1.1
-4.0,-4.0,-1.1
-4.0,-4.0,-1.1
-4.0,-4.0,-1.1
-4.0,-4.0,-1.1
-4.0,-4.0,-1.1
-4.0,-4.0,-1.1
-4.0,-4.0,-1.1
-4.0,-4.0,-1.1
-4.0,-4.0,-1.1
-4.0,-4.0,-1.1
-4.0,-4.0,-1.1
-4.0,-4.0,-1.1
-4.0,-4.0,-1.1
-4.0,-4.0,-1.1
-4.0,-4.0,-1.1
-4.0,-4.0,-1.1
-4.0,-4.0,-1.1
-4.0,-4.0,-1.1
-4.0,-4.0,-1.1
-4.0,-4.0,-1.1
-4.0,-4.0,-1.1
-4.0,-4.0,-1.1
-4.0,-4.0,-1.1
-4.0,-4.0,-1.1
-4.0,-4.0,-1.1
-4.0,-4.0,-1.1
-4.0,-4.0,-1.1
-4.0,-4.0,-1.1
-4.0,-4.0,-1.1
-4.0,-4.0,-1.1
-4.0,-4.0,-1.1
-4.0,-4.0,-1.1
-4.0,-4.0,-1.1
-4.0,-4.0,-1.1
-4.0,-4.0,-1.1
-4.0,-4.0,-1.1
-4.0,-4.0,-1.1
-4.0,-4.0,-1.1
-4.0,-4.0,-1.1
-4.0,-4.0,-1.1
-4.0,-4.0,-1.1
-4.0,-4.0,-1.1
-4.0,-4.0,-1.1
-4.0,-4.0,-1.1
-4.0,-4.0,-1.1
-4.0,-4.0,-1.1
-4.0,-4.0,-1.1
-4.0,-4.0,-1.1
-4.0,-4.0,-1.1
-4.0,-4.0,-1.1
-4.0,-4.0,-1.1
-4.0,-4.0,-1.1
-4.0,-4.0,-1.1
-4.0,-4.0,-1.1
-4.0,-4.0,-1.1
-4.0,-4.0,-1.1
-4.0,-4.0,-1.1
-4.0,-4.0,-1.1
-4.0,-4.0,-1.1
-4.0,-4.0,-1.1
-4.0,-4.0,-1.1
-4.0,-4.0,-1.1
-4.0,-4.0,-1.1
-4.0,-4.0,-1.1
-4.0,-4.0,-1.1
-4.0,-4.0,-1.1
-4.0,-4.0,-1.1
-4.0,-4.0,-1.1
-4.0,-4.0,-1.1
-4.0,-4.0,-1.1
-4.0,-4.0,-1.1
-4.0,-4.0,-1.1
-4.0,-4.0,-1.1
-4.0,-4.0,-1.1
-4.0,-4.0,-1.1
-4.0,-4.0,-1.1
-4.0,-4.0,-1.1
-4.0,-4.0,-1.1
-4.0,-4.0,-1.1
-4.0,-4.0,-1.1
-4.0,-4.0,-1.1
-4.0,-4.0,-1.1
-4.0,-4.0,-1.1
-4.0,-4.0,-1.1
-4.0,-4.0,-1.1
-4.0,-4.0,-1.1
-4.0,-4.0,-1.1
-4.0,-4.0,-1.1
-4.0,-4.0,-1.1
-4.0,-4.0,-1.1
-4.0,-4.0,-1.1
-4.0,-4.0,-1.1
-4.0,-4.0,-1.1
-4.0,-4.0,-1.1
-4.0,-4.0,-1.1
-4.0,-4.0,-1.1
-4.0,-4.0,-1.1
-4.0,-4.0,-1.1
-4.0,-4.0,-1.1
-4.0,-4.0,-1.1
-4.0,-4.0,-1.1
-4.0,-4.0,-1.1
-4.0,-4.0,-1.1
-4.0,-4.0,-1.1
-4.0,-4.0,-1.1
-4.0,-4.0,-1.1
-4.0,-4.0,-1.1
-4.0,-4.0,-1.1
-4.0,-4.0,-1.1
-4.0,-4.0,-1.1
-4.0,-4.0,-1.1
-4.0,-4.0,-1.1
-4.0,-4.0,-1.1
-4.0,-4.0,-1.1
-4.0,-4.0,-1.1
-4.0,-4.0,-1.1
-4.0,-4.0,-1.1
-4.0,-4.0,-1.1
-4.0,-4.0,-1.1
-4.0,-4.0,-1.1
-4.0,-4.0,-1.1
-4.0,-4.0,-1.1
-4.0,-4.0,-1.1
-4.0,-4.0,-1.1
-4.0,-4.0,-1.1
-4.0,-4.0,-1.1
-4.0,-4.0,-1.1
-4.0,-4.0,-1.1
-4.0,-4.0,-1.1
-4.0,-4.0,-1.1
-4.0,-4.0,-1.1
-4.0,-4.0,-1.1
-4.0,-4.0,-1.1
-4.0,-4.0,-1.1
-4.0,-4.0,-1.1
-4.0,-4.0,-1.1
-4.0,-4.0,-1.1
-4.0,-4.0,-1.1
-4.0,-4.0,-1.1
-4.0,-4.0,-1.1
-4.0,-4.0,-1.1
-4.0,-4.0,-1.1
-4.0,-4.0,-1.1
-4.0,-4.0,-1.1
-4.0,-4.0,-1.1
-4.0,-4.0,-1.1
-4.0,-4.0,-1.1
-4.0,-4.0,-1.1
-4.0,-4.0,-1.1
-4.0,-4.0,-1.1
-4.0,-4.0,-1.1
-4.0,-4.0,-1.1
-4.0,-4.0,-1.1
-4.0,-4.0,-1.1
-4.0,-4.0,-1.1
-4.0,-4.0,-1.1
-4.0,-4.0,-1.1
-4.0,-4.0,-1.1
-4.0,-4.0,-1.1
-4.0,-4.0,-1.1
-4.0,-4.0,-1.1
-4.0,-4.0,-1.1
-4.0,-4.0,-1.1
-4.0,-4.0,-1.1
-4.0,-4.0,-1.1
-4.0,-4.0,-1.1
-4.0,-4.0,-1.1
-4.0,-4.0,-1.1
-4.0,-4.0,-1.1
-4.0,-4.0,-1.1
-4.0,-4.0,-1.1
-4.0,-4.0,-1.1
-4.0,-4.0,-1.1
-4.0,-4.0,-1.1
-4.0,-4.0,-1.1
-4.0,-4.0,-1.1
-4.0,-4.0,-1.1
-4.0,-4.0,-1.1
-4.0,-4.0,-1.1
-4.0,-4.0,-1.1
-4.0,-4.0,-1.1
-4.0,-4.0,-1.1
-4.0,-4.0,-1.1
-4.0,-4.0,-1.1
-4.0,-4.0,-1.1
-4.0,-4.0,-1.1
-4.0,-4.0,-1.1
-4.0,-4.0,-1.1
-4.0,-4.0,-1.1
-4.0,-4.0,-1.1
-4.0,-4.0,-1.1
-4.0,-4.0,-1.1
-4.0,-4.0,-1.1
-4.0,-4.0,-1.1
-4.0,-4.0,-1.1
-4.0,-4.0,-1.1
-4.0,-4.0,-1.1
-4.0,-4.0,-1.1
-4.0,-4.0,-1.1
-4.0,-4.0,-1.1
-4.0,-4.0,-1.1
-4.0,-4.0,-1.1
-4.0,-4.0,-1.1
-4.0,-4.0,-1.1
-4.0,-4.0,-1.1
-4.0,-4.0,-1.1
-4.0,-4.0,-1.1
-4.0,-4.0,-1.1
-4.0,-4.0,-1.1
-4.0,-4.0,-1.1
-4.0,-4.0,-1.1
-4.0,-4.0,-1.1
-4.0,-4.0,-1.1
-4.0,-4.0,-1.1
-4.0,-4.0,-1.1
-4.0,-4.0,-1.1
-4.0,-4.0,-1.1
-4.0,-4.0,-1.1
-4.0,-4.0,-1.1
-4.0,-4.0,-1.1
-4.0,-4.0,-1.1
-4.0,-4.0,-1.1
-4.0,-4.0,-1.1
-4.0,-4.0,-1.1
-4.0,-4.0,-1.1
-4.0,-4.0,-1.1
-4.0,-4.0,-1.1
-4.0,-4.0,-1.1
-4.0,-4.0,-1.1
-4.0,-4.0,-1.1
-4.0,-4.0,-1.1
-4.0,-4.0,-1.1
-4.0,-4.0,-1.1
-4.0,-4.0,-1.1
-4.0,-4.0,-1.1
-4.0,-4.0,-1.1
-4.0,-4.0,-1.1
-4.0,-4.0,-1.1
-4.0,-4.0,-1.1
-4.0,-4.0,-1.1
-4.0,-4.0,-1.1
-4.0,-4.0,-1.1
-4.0,-4.0,-1.1
-4.0,-4.0,-1.1
-4.0,-4.0,-1.1
-4.0,-4.0,-1.1
-4.0,-4.0,-1.1
-4.0,-4.0,-1.1
-4.0,-4.0,-1.1
-4.0,-4.0,-1.1
-4.0,-4.0,-1.1
-4.0,-4.0,-1.1
-4.0,-4.0,-1.1
-4.0,-4.0,-1.1
-4.0,-4.0,-1.1
-4.0,-4.0,-1.1
-4.0,-4.0,-1.1
-4.0,-4.0,-1.1
-4.0,-4.0,-1.1
-4.0,-4.0,-1.1
-4.0,-4.0,-1.1
-4.0,-4.0,-1.1
-4.0,-4.0,-1.1
-4.0,-4.0,-1.1
-4.0,-4.0,-1.1
-4.0,-4.0,-1.1
-4.0,-4.0,-1.1
-4.0,-4.0,-1.1
-4.0,-4.0,-1.1
-4.0,-4.0,-1.1
-4.0,-4.0,-1.1
-4.0,-4.0,-1.1
-4.0,-4.0,-1.1
-4.0,-4.0,-1.1
-4.0,-4.0,-1.1
-4.0,-4.0,-1.1
-4.0,-4.0,-1.1
-4.0,-4.0,-1.1
-4.0,-4.0,-1.1
-4.0,-4.0,-1.1
-4.0,-4.0,-1.1
-4.0,-4.0,-1.1
-4.0,-4.0,-1.1
-4.0,-4.0,-1.1
-4.0,-4.0,-1.1
-4.0,-4.0,-1.1
-4.0,-4.0,-1.1
-4.0,-4.0,-1.1
-4.0,-4.0,-1.1
-4.0,-4.0,-1.1
-4.0,-4.0,-1.1
-4.0,-4.0,-1.1
-4.0,-4.0,-1.1
-4.0,-4.0,-1.1
-4.0,-4.0,-1.1
-4.0,-4.0,-1.1
-4.0,-4.0,-1.1
-4.0,-4.0,-1.1
-4.0,-4.0,-1.1
-4.0,-4.0,-1.1
-4.0,-4.0,-1.1
-4.0,-4.0,-1.1
-4.0,-4.0,-1.1
-4.0,-4.0,-1.1
-4.0,-4.0,-1.1
-4.0,-4.0,-1.1
-4.0,-4.0,-1.1
-4.0,-4.0,-1.1
-4.0,-4.0,-1.1
-4.0,-4.0,-1.1
-4.0,-4.0,-1.1
-4.0,-4.0,-1.1
-4.0,-4.0,-1.1
-4.0,-4.0,-1.1
-4.0,-4.0,-1.1
-4.0,-4.0,-1.1
-4.0,-4.0,-1.1
-4.0,-4.0,-1.1
-4.0,-4.0,-1.1
-4.0,-4.0,-1.1
-4.0,-4.0,-1.1
-4.0,-4.0,-1.1
-4.0,-4.0,-1.1
-4.0,-4.0,-1.1
-4.0,-4.0,-1.1
-4.0,-4.0,-1.1
-4.0,-4.0,-1.1
-4.0,-4.0,-1.1
-4.0,-4.0,-1.1
-4.0,-4.0,-1.1
-4.0,-4.0,-1.1
-4.0,-4.0,-1.1
-4.0,-4.0,-1.1
-4.0,-4.0,-1.1
-4.0,-4.0,-1.1
-4.0,-4.0,-1.1
-4.0,-4.0,-1.1
-4.0,-4.0,-1.1
-4.0,-4.0,-1.1
-4.0,-4.0,-1.1
-4.0,-4.0,-1.1
-4.0,-4.0,-1.1
-4.0,-4.0,-1.1
-4.0,-4.0,-1.1
-4.0,-4.0,-1.1
-4.0,-4.0,-1.1
-4.0,-4.0,-1.1
-4.0,-4.0,-1.1
-4.0,-4.0,-1.1
-4.0,-4.0,-1.1
-4.0,-4.0,-1.1
-4.0,-4.0,-1.1
-4.0,-4.0,-1.1
-4.0,-4.0,-1.1
-4.0,-4.0,-1.1
-4.0,-4.0,-1.1
-4.0,-4.0,-1.1
-4.0,-4.0,-1.1
-4.0,-4.0,-1.1
-4.0,-4.0,-1.1
-4.0,-4.0,-1.1
-4.0,-4.0,-1.1
-4.0,-4.0,-1.1
-4.0,-4.0,-1.1
-4.0,-4.0,-1.1
-4.0,-4.0,-1.1
-4.0,-4.0,-1.1
-4.0,-4.0,-1.1
-4.0,-4.0,-1.1
-4.0,-4.0,-1.1
-4.0,-4.0,-1.1
-4.0,-4.0,-1.1
-4.0,-4.0,-1.1
-4.0,-4.0,-1.1
-4.0,-4.0,-1.1
-4.0,-4.0,-1.1
-4.0,-4.0,-1.1
-4.0,-4.0,-1.1
-4.0,-4.0,-1.1
-4.0,-4.0,-1.1
-4.0,-4.0,-1.1
-4.0,-4.0,-1.1
-4.0,-4.0,-1.1
-4.0,-4.0,-1.1
-4.0,-4.0,-1.1
-4.0,-4.0,-1.1
-4.0,-4.0,-1.1
-4.0,-4.0,-1.1
-4.0,-4.0,-1.1
-4.0,-4.0,-1.1
-4.0,-4.0,-1.1
-4.0,-4.0,-1.1
-4.0,-4.0,-1.1
-4.0,-4.0,-1.1
-4.0,-4.0,-1.1
-4.0,-4.0,-1.1
-4.0,-4.0,-1.1
-4.0,-4.0,-1.1
-4.0,-4.0,-1.1
-4.0,-4.0,-1.1
-4.0,-4.0,-1.1
-4.0,-4.0,-1.1
-4.0,-4.0,-1.1
-4.0,-4.0,-1.1
-4.0,-4.0,-1.1
-4.0,-4.0,-1.1
-4.0,-4.0,-1.1
-4.0,-4.0,-1.1
-4.0,-4.0,-1.1
-4.0,-4.0,-1.1
-4.0,-4.0,-1.1
-4.0,-4.0,-1.1
-4.0,-4.0,-1.1
-4.0,-4.0,-1.1
-4.0,-4.0,-1.1
-4.0,-4.0,-1.1
-4.0,-4.0,-1.1
-4.0,-4.0,-1.1
-4.0,-4.0,-1.1
-4.0,-4.0,-1.1
-4.0,-4.0,-1.1
-4.0,-4.0,-1.1
-4.0,-4.0,-1.1
-4.0,-4.0,-1.1
-4.0,-4.0,-1.1
-4.0,-4.0,-1.1
-4.0,-4.0,-1.1
-4.0,-4.0,-1.1
-4.0,-4.0,-1.1
-4.0,-4.0,-1.1
-4.0,-4.0,-1.1
-4.0,-4.0,-1.1
-4.0,-4.0,-1.1
-4.0,-4.0,-1.1
-4.0,-4.0,-1.1
-4.0,-4.0,-1.1
-4.0,-4.0,-1.1
-4.0,-4.0,-1.1
-4.0,-4.0,-1.1
-4.0,-4.0,-1.1
-4.0,-4.0,-1.1
-4.0,-4.0,-1.1
-4.0,-4.0,-1.1
-4.0,-4.0,-1.1
-4.0,-4.0,-1.1
-4.0,-4.0,-1.1
-4.0,-4.0,-1.1
-4.0,-4.0,-1.1
-4.0,-4.0,-1.1
-4.0,-4.0,-1.1
-4.0,-4.0,-1.1
-4.0,-4.0,-1.1
-4.0,-4.0,-1.1
-4.0,-4.0,-1.1
-4.0,-4.0,-1.1
-4.0,-4.0,-1.1
-4.0,-4.0,-1.1
-4.0,-4.0,-1.1
-4.0,-4.0,-1.1
-4.0,-4.0,-1.1
-4.0,-4.0,-1.1
-4.0,-4.0,-1.1
-4.0,-4.0,-1.1
-4.0,-4.0,-1.1
-4.0,-4.0,-1.1
-4.0,-4.0,-1.1
-4.0,-4.0,-1.1
-4.0,-4.0,-1.1
-4.0,-4.0,-1.1
-4.0,-4.0,-1.1
-4.0,-4.0,-1.1
-4.0,-4.0,-1.1
-4.0,-4.0,-1.1
-4.0,-4.0,-1.1
-4.0,-4.0,-1.1
-4.0,-4.0,-1.1
-4.0,-4.0,-1.1
-4.0,-4.0,-1.1
-4.0,-4.0,-1.1
-4.0,-4.0,-1.1
-4.0,-4.0,-1.1
-4.0,-4.0,-1.1
-4.0,-4.0,-1.1
-4.0,-4.0,-1.1
-4.0,-4.0,-1.1
-4.0,-4.0,-1.1
-4.0,-4.0,-1.1
-4.0,-4.0,-1.1
-4.0,-4.0,-1.1
-4.0,-4.0,-1.1
-4.0,-4.0,-1.1
-4.0,-4.0,-1.1
-4.0,-4.0,-1.1
-4.0,-4.0,-1.1
-4.0,-4.0,-1.1
-4.0,-4.0,-1.1
-4.0,-4.0,-1.1
-4.0,-4.0,-1.1
-4.0,-4.0,-1.1
-4.0,-4.0,-1.1
-4.0,-4.0,-1.1
-4.0,-4.0,-1.1
-4.0,-4.0,-1.1
-4.0,-4.0,-1.1
-4.0,-4.0,-1.1
-4.0,-4.0,-1.1
-4.0,-4.0,-1.1
-4.0,-4.0,-1.1
-4.0,-4.0,-1.1
-4.0,-4.0,-1.1
-4.0,-4.0,-1.1
-4.0,-4.0,-1.1
-4.0,-4.0,-1.1
-4.0,-4.0,-1.1
-4.0,-4.0,-1.1
-4.0,-4.0,-1.1
-4.0,-4.0,-1.1
-4.0,-4.0,-1.1
-4.0,-4.0,-1.1
-4.0,-4.0,-1.1
-4.0,-4.0,-1.1
-4.0,-4.0,-1.1
-4.0,-4.0,-1.1
-4.0,-4.0,-1.1
-4.0,-4.0,-1.1
-4.0,-4.0,-1.1
-4.0,-4.0,-1.1
-4.0,-4.0,-1.1
-4.0,-4.0,-1.1
-4.0,-4.0,-1.1
-4.0,-4.0,-1.1
-4.0,-4.0,-1.1
-4.0,-4.0,-1.1
-4.0,-4.0,-1.1
-4.0,-4.0,-1.1
-4.0,-4.0,-1.1
-4.0,-4.0,-1.1
-4.0,-4.0,-1.1
-4.0,-4.0,-1.1
-4.0,-4.0,-1.1
-4.0,-4.0,-1.1
-4.0,-4.0,-1.1
-4.0,-4.0,-1.1
-4.0,-4.0,-1.1
-4.0,-4.0,-1.1
-4.0,-4.0,-1.1
-4.0,-4.0,-1.1
-4.0,-4.0,-1.1
-4.0,-4.0,-1.1
-4.0,-4.0,-1.1
-4.0,-4.0,-1.1
-4.0,-4.0,-1.1
-4.0,-4.0,-1.1
-4.0,-4.0,-1.1
-4.0,-4.0,-1.1
-4.0,-4.0,-1.1
-4.0,-4.0,-1.1
-4.0,-4.0,-1.1
-4.0,-4.0,-1.1
-4.0,-4.0,-1.1
-4.0,-4.0,-1.1
-4.0,-4.0,-1.1
-4.0,-4.0,-1.1
-4.0,-4.0,-1.1
-4.0,-4.0,-1.1
-4.0,-4.0,-1.1
-4.0,-4.0,-1.1
-4.0,-4.0,-1.1
-4.0,-4.0,-1.1
-4.0,-4.0,-1.1
-4.0,-4.0,-1.1
-4.0,-4.0,-1.1
-4.0,-4.0,-1.1
-4.0,-4.0,-1.1
-4.0,-4.0,-1.1
-4.0,-4.0,-1.1
-4.0,-4.0,-1.1
-4.0,-4.0,-1.1
-4.0,-4.0,-1.1
-4.0,-4.0,-1.1
-4.0,-4.0,-1.1
-4.0,-4.0,-1.1
-4.0,-4.0,-1.1
-4.0,-4.0,-1.1
-4.0,-4.0,-1.1
-4.0,-4.0,-1.1
-4.0,-4.0,-1.1
-4.0,-4.0,-1.1
-4.0,-4.0,-1.1
-4.0,-4.0,-1.1
-4.0,-4.0,-1.1
-4.0,-4.0,-1.1
-4.0,-4.0,-1.1
-4.0,-4.0,-1.1
-4.0,-4.0,-1.1
-4.0,-4.0,-1.1
-4.0,-4.0,-1.1
-4.0,-4.0,-1.1
-4.0,-4.0,-1.1
-4.0,-4.0,-1.1
-4.0,-4.0,-1.1
-4.0,-4.0,-1.1
-4.0,-4.0,-1.1
-4.0,-4.0,-1.1
-4.0,-4.0,-1.1
-4.0,-4.0,-1.1
-4.0,-4.0,-1.1
-4.0,-4.0,-1.1
-4.0,-4.0,-1.1
-4.0,-4.0,-1.1
-4.0,-4.0,-1.1
-4.0,-4.0,-1.1
-4.0,-4.0,-1.1
-4.0,-4.0,-1.1
-4.0,-4.0,-1.1
-4.0,-4.0,-1.1
-4.0,-4.0,-1.1
-4.0,-4.0,-1.1
-4.0,-4.0,-1.1
-4.0,-4.0,-1.1
-4.0,-4.0,-1.1
-4.0,-4.0,-1.1
-4.0,-4.0,-1.1
-4.0,-4.0,-1.1
-4.0,-4.0,-1.1
-4.0,-4.0,-1.1
-4.0,-4.0,-1.1
-4.0,-4.0,-1.1
-4.0,-4.0,-1.1
-4.0,-4.0,-1.1
-4.0,-4.0,-1.1
-4.0,-4.0,-1.1
-4.0,-4.0,-1.1
-4.0,-4.0,-1.1
-4.0,-4.0,-1.1
-4.0,-4.0,-1.1
-4.0,-4.0,-1.1
-4.0,-4.0,-1.1
-4.0,-4.0,-1.1
-4.0,-4.0,-1.1
-4.0,-4.0,-1.1
-4.0,-4.0,-1.1
-4.0,-4.0,-1.1
-4.0,-4.0,-1.1
-4.0,-4.0,-1.1
-4.0,-4.0,-1.1
-4.0,-4.0,-1.1
-4.0,-4.0,-1.1
-4.0,-4.0,-1.1
-4.0,-4.0,-1.1
-4.0,-4.0,-1.1
-4.0,-4.0,-1.1
-4.0,-4.0,-1.1
-4.0,-4.0,-1.1
-4.0,-4.0,-1.1
-4.0,-4.0,-1.1
-4.0,-4.0,-1.1
-4.0,-4.0,-1.1
-4.0,-4.0,-1.1
-4.0,-4.0,-1.1
-4.0,-4.0,-1.1
-4.0,-4.0,-1.1
-4.0,-4.0,-1.1
-4.0,-4.0,-1.1
-4.0,-4.0,-1.1
-4.0,-4.0,-1.1
-4.0,-4.0,-1.1
-4.0,-4.0,-1.1
-4.0,-4.0,-1.1
-4.0,-4.0,-1.1
-4.0,-4.0,-1.1
-4.0,-4.0,-1.1
-4.0,-4.0,-1.1
-4.0,-4.0,-1.1
-4.0,-4.0,-1.1
-4.0,-4.0,-1.1
-4.0,-4.0,-1.1
-4.0,-4.0,-1.1
-4.0,-4.0,-1.1
-4.0,-4.0,-1.1
-4.0,-4.0,-1.1
-4.0,-4.0,-1.1
-4.0,-4.0,-1.1
-4.0,-4.0,-1.1
-4.0,-4.0,-1.1
-4.0,-4.0,-1.1
-4.0,-4.0,-1.1
-4.0,-4.0,-1.1
-4.0,-4.0,-1.1
-4.0,-4.0,-1.1
-4.0,-4.0,-1.1
-4.0,-4.0,-1.1
-4.0,-4.0,-1.1
-4.0,-4.0,-1.1
-4.0,-4.0,-1.1
-4.0,-4.0,-1.1
-4.0,-4.0,-1.1
-4.0,-4.0,-1.1
-4.0,-4.0,-1.1
-4.0,-4.0,-1.1
-4.0,-4.0,-1.1
-4.0,-4.0,-1.1
-4.0,-4.0,-1.1
-4.0,-4.0,-1.1
-4.0,-4.0,-1.1
-4.0,-4.0,-1.1
-4.0,-4.0,-1.1
-4.0,-4.0,-1.1
-4.0,-4.0,-1.1
-4.0,-4.0,-1.1
-4.0,-4.0,-1.1
-4.0,-4.0,-1.1
-4.0,-4.0,-1.1
-4.0,-4.0,-1.1
-4.0,-4.0,-1.1
-4.0,-4.0,-1.1
-4.0,-4.0,-1.1
-4.0,-4.0,-1.1
-4.0,-4.0,-1.1
-4.0,-4.0,-1.1
-4.0,-4.0,-1.1
-4.0,-4.0,-1.1
-4.0,-4.0,-1.1
-4.0,-4.0,-1.1
-4.0,-4.0,-1.1
-4.0,-4.0,-1.1
-4.0,-4.0,-1.1
-4.0,-4.0,-1.1
-4.0,-4.0,-1.1
-4.0,-4.0,-1.1
-4.0,-4.0,-1.1
-4.0,-4.0,-1.1
-4.0,-4.0,-1.1
-4.0,-4.0,-1.1
-4.0,-4.0,-1.1
-4.0,-4.0,-1.1
-4.0,-4.0,-1.1
-4.0,-4.0,-1.1
-4.0,-4.0,-1.1
-4.0,-4.0,-1.1
-4.0,-4.0,-1.1
-4.0,-4.0,-1.1
-4.0,-4.0,-1.1
-4.0,-4.0,-1.1
-4.0,-4.0,-1.1
-4.0,-4.0,-1.1
-4.0,-4.0,-1.1
-4.0,-4.0,-1.1
-4.0,-4.0,-1.1
-4.0,-4.0,-1.1
-4.0,-4.0,-1.1
-4.0,-4.0,-1.1
-4.0,-4.0,-1.1
-4.0,-4.0,-1.1
-4.0,-4.0,-1.1
-4.0,-4.0,-1.1
-4.0,-4.0,-1.1
-4.0,-4.0,-1.1
-4.0,-4.0,-1.1
-4.0,-4.0,-1.1
-4.0,-4.0,-1.1
-4.0,-4.0,-1.1
-4.0,-4.0,-1.1
-4.0,-4.0,-1.1
-4.0,-4.0,-1.1
-4.0,-4.0,-1.1
-4.0,-4.0,-1.1
-4.0,-4.0,-1.1
-4.0,-4.0,-1.1
-4.0,-4.0,-1.1
-4.0,-4.0,-1.1
-4.0,-4.0,-1.1
-4.0,-4.0,-1.1
-4.0,-4.0,-1.1
-4.0,-4.0,-1.1
-4.0,-4.0,-1.1
-4.0,-4.0,-1.1
-4.0,-4.0,-1.1
-4.0,-4.0,-1.1
-4.0,-4.0,-1.1
-4.0,-4.0,-1.1
-4.0,-4.0,-1.1
-4.0,-4.0,-1.1
-4.0,-4.0,-1.1
-4.0,-4.0,-1.1
-4.0,-4.0,-1.1
-4.0,-4.0,-1.1
-4.0,-4.0,-1.1
-4.0,-4.0,-1.1
-4.0,-4.0,-1.1
-4.0,-4.0,-1.1
-4.0,-4.0,-1.1
-4.0,-4.0,-1.1
-4.0,-4.0,-1.1
-4.0,-4.0,-1.1
-4.0,-4.0,-1.1
-4.0,-4.0,-1.1
-4.0,-4.0,-1.1
-4.0,-4.0,-1.1
-4.0,-4.0,-1.1
-4.0,-4.0,-1.1
-4.0,-4.0,-1.1
-4.0,-4.0,-1.1
-4.0,-4.0,-1.1
-4.0,-4.0,-1.1
-4.0,-4.0,-1.1
-4.0,-4.0,-1.1
-4.0,-4.0,-1.1
-4.0,-4.0,-1.1
-4.0,-4.0,-1.1
-4.0,-4.0,-1.1
-4.0,-4.0,-1.1
-4.0,-4.0,-1.1
-4.0,-4.0,-1.1
-4.0,-4.0,-1.1
-4.0,-4.0,-1.1
-4.0,-4.0,-1.1
-4.0,-4.0,-1.1
-4.0,-4.0,-1.1
-4.0,-4.0,-1.1
-4.0,-4.0,-1.1
-4.0,-4.0,-1.1
-4.0,-4.0,-1.1
-4.0,-4.0,-1.1
-4.0,-4.0,-1.1
-4.0,-4.0,-1.1
-4.0,-4.0,-1.1
-4.0,-4.0,-1.1
-4.0,-4.0,-1.1
-4.0,-4.0,-1.1
-4.0,-4.0,-1.1
-4.0,-4.0,-1.1
-4.0,-4.0,-1.1
-4.0,-4.0,-1.1
-4.0,-4.0,-1.1
-4.0,-4.0,-1.1
-4.0,-4.0,-1.1
-4.0,-4.0,-1.1
-4.0,-4.0,-1.1
-4.0,-4.0,-1.1
-4.0,-4.0,-1.1
-4.0,-4.0,-1.1
-4.0,-4.0,-1.1
-4.0,-4.0,-1.1
-4.0,-4.0,-1.1
-4.0,-4.0,-1.1
-4.0,-4.0,-1.1
-4.0,-4.0,-1.1
-4.0,-4.0,-1.1
-4.0,-4.0,-1.1
-4.0,-4.0,-1.1
-4.0,-4.0,-1.1
-4.0,-4.0,-1.1
-4.0,-4.0,-1.1
-4.0,-4.0,-1.1
-4.0,-4.0,-1.1
-4.0,-4.0,-1.1
-4.0,-4.0,-1.1
-4.0,-4.0,-1.1
-4.0,-4.0,-1.1
-4.0,-4.0,-1.1
-4.0,-4.0,-1.1
-4.0,-4.0,-1.1
-4.0,-4.0,-1.1
-4.0,-4.0,-1.1
-4.0,-4.0,-1.1
-4.0,-4.0,-1.1
-4.0,-4.0,-1.1
-4.0,-4.0,-1.1
-4.0,-4.0,-1.1
-4.0,-4.0,-1.1
-4.0,-4.0,-1.1
-4.0,-4.0,-1.1
-4.0,-4.0,-1.1
-4.0,-4.0,-1.1
-4.0,-4.0,-1.1
-4.0,-4.0,-1.1
-4.0,-4.0,-1.1
-4.0,-4.0,-1.1
-4.0,-4.0,-1.1
-4.0,-4.0,-1.1
-4.0,-4.0,-1.1
-4.0,-4.0,-1.1
-4.0,-4.0,-1.1
-4.0,-4.0,-1.1
-4.0,-4.0,-1.1
-4.0,-4.0,-1.1
-4.0,-4.0,-1.1
-4.0,-4.0,-1.1
-4.0,-4.0,-1.1
-4.0,-4.0,-1.1
-4.0,-4.0,-1.1
-4.0,-4.0,-1.1
-4.0,-4.0,-1.1
-4.0,-4.0,-1.1
-4.0,-4.0,-1.1
-4.0,-4.0,-1.1
-4.0,-4.0,-1.1
-4.0,-4.0,-1.1
-4.0,-4.0,-1.1
-4.0,-4.0,-1.1
-4.0,-4.0,-1.1
-4.0,-4.0,-1.1
-4.0,-4.0,-1.1
-4.0,-4.0,-1.1
-4.0,-4.0,-1.1
-4.0,-4.0,-1.1
-4.0,-4.0,-1.1
-4.0,-4.0,-1.1
-4.0,-4.0,-1.1
-4.0,-4.0,-1.1
-4.0,-4.0,-1.1
-4.0,-4.0,-1.1
-4.0,-4.0,-1.1
-4.0,-4.0,-1.1
-4.0,-4.0,-1.1
-4.0,-4.0,-1.1
-4.0,-4.0,-1.1
-4.0,-4.0,-1.1
-4.0,-4.0,-1.1
-4.0,-4.0,-1.1
-4.0,-4.0,-1.1
-4.0,-4.0,-1.1
-4.0,-4.0,-1.1
-4.0,-4.0,-1.1
-4.0,-4.0,-1.1
-4.0,-4.0,-1.1
-4.0,-4.0,-1.1
-4.0,-4.0,-1.1
-4.0,-4.0,-1.1
-4.0,-4.0,-1.1
-4.0,-4.0,-1.1
-4.0,-4.0,-1.1
-4.0,-4.0,-1.1
-4.0,-4.0,-1.1
-4.0,-4.0,-1.1
-4.0,-4.0,-1.1
-4.0,-4.0,-1.1
-4.0,-4.0,-1.1
-4.0,-4.0,-1.1
-4.0,-4.0,-1.1
-4.0,-4.0,-1.1
-4.0,-4.0,-1.1
-4.0,-4.0,-1.1
-4.0,-4.0,-1.1
-4.0,-4.0,-1.1
-4.0,-4.0,-1.1
-4.0,-4.0,-1.1
-4.0,-4.0,-1.1
-4.0,-4.0,-1.1
-4.0,-4.0,-1.1
-4.0,-4.0,-1.1
-4.0,-4.0,-1.1
-4.0,-4.0,-1.1
-4.0,-4.0,-1.1
-4.0,-4.0,-1.1
-4.0,-4.0,-1.1
-4.0,-4.0,-1.1
-4.0,-4.0,-1.1
-4.0,-4.0,-1.1
-4.0,-4.0,-1.1
-4.0,-4.0,-1.1
-4.0,-4.0,-1.1
-4.0,-4.0,-1.1
-4.0,-4.0,-1.1
-4.0,-4.0,-1.1
-4.0,-4.0,-1.1
-4.0,-4.0,-1.1
-4.0,-4.0,-1.1
-4.0,-4.0,-1.1
-4.0,-4.0,-1.1
-4.0,-4.0,-1.1
-4.0,-4.0,-1.1
-4.0,-4.0,-1.1
-4.0,-4.0,-1.1
-4.0,-4.0,-1.1
-4.0,-4.0,-1.1
-4.0,-4.0,-1.1
-4.0,-4.0,-1.1
-4.0,-4.0,-1.1
-4.0,-4.0,-1.1
-4.0,-4.0,-1.1
-4.0,-4.0,-1.1
-4.0,-4.0,-1.1
-4.0,-4.0,-1.1
-4.0,-4.0,-1.1
-4.0,-4.0,-1.1
-4.0,-4.0,-1.1
-4.0,-4.0,-1.1
-4.0,-4.0,-1.1
-4.0,-4.0,-1.1
-4.0,-4.0,-1.1
-4.0,-4.0,-1.1
-4.0,-4.0,-1.1
-4.0,-4.0,-1.1
-4.0,-4.0,-1.1
-4.0,-4.0,-1.1
-4.0,-4.0,-1.1
-4.0,-4.0,-1.1
-4.0,-4.0,-1.1
-4.0,-4.0,-1.1
-4.0,-4.0,-1.1
-4.0,-4.0,-1.1
-4.0,-4.0,-1.1
-4.0,-4.0,-1.1
-4.0,-4.0,-1.1
-4.0,-4.0,-1.1
-4.0,-4.0,-1.1
-4.0,-4.0,-1.1
-4.0,-4.0,-1.1
-4.0,-4.0,-1.1
-4.0,-4.0,-1.1
-4.0,-4.0,-1.1
-4.0,-4.0,-1.1
-4.0,-4.0,-1.1
-4.0,-4.0,-1.1
-4.0,-4.0,-1.1
-4.0,-4.0,-1.1
-4.0,-4.0,-1.1
-4.0,-4.0,-1.1
-4.0,-4.0,-1.1
-4.0,-4.0,-1.1
-4.0,-4.0,-1.1
-4.0,-4.0,-1.1
-4.0,-4.0,-1.1
-4.0,-4.0,-1.1
-4.0,-4.0,-1.1
-4.0,-4.0,-1.1
-4.0,-4.0,-1.1
-4.0,-4.0,-1.1
-4.0,-4.0,-1.1
-4.0,-4.0,-1.1
-4.0,-4.0,-1.1
-4.0,-4.0,-1.1
-4.0,-4.0,-1.1
-4.0,-4.0,-1.1
-4.0,-4.0,-1.1
-4.0,-4.0,-1.1
-4.0,-4.0,-1.1
-4.0,-4.0,-1.1
-4.0,-4.0,-1.1
-4.0,-4.0,-1.1
-4.0,-4.0,-1.1
-4.0,-4.0,-1.1
-4.0,-4.0,-1.1
-4.0,-4.0,-1.1
-4.0,-4.0,-1.1
-4.0,-4.0,-1.1
-4.0,-4.0,-1.1
-4.0,-4.0,-1.1
-4.0,-4.0,-1.1
-4.0,-4.0,-1.1
-4.0,-4.0,-1.1
-4.0,-4.0,-1.1
-4.0,-4.0,-1.1
-4.0,-4.0,-1.1
-4.0,-4.0,-1.1
-4.0,-4.0,-1.1
-4.0,-4.0,-1.1
-4.0,-4.0,-1.1
-4.0,-4.0,-1.1
-4.0,-4.0,-1.1
-4.0,-4.0,-1.1
-4.0,-4.0,-1.1
-4.0,-4.0,-1.1
-4.0,-4.0,-1.1
-4.0,-4.0,-1.1
-4.0,-4.0,-1.1
-4.0,-4.0,-1.1
-4.0,-4.0,-1.1
-4.0,-4.0,-1.1
-4.0,-4.0,-1.1
-4.0,-4.0,-1.1
-4.0,-4.0,-1.1
-4.0,-4.0,-1.1
-4.0,-4.0,-1.1
-4.0,-4.0,-1.1
-4.0,-4.0,-1.1
-4.0,-4.0,-1.1
-4.0,-4.0,-1.1
-4.0,-4.0,-1.1
-4.0,-4.0,-1.1
-4.0,-4.0,-1.1
-4.0,-4.0,-1.1
-4.0,-4.0,-1.1
-4.0,-4.0,-1.1
-4.0,-4.0,-1.1
-4.0,-4.0,-1.1
-4.0,-4.0,-1.1
-4.0,-4.0,-1.1
-4.0,-4.0,-1.1
-4.0,-4.0,-1.1
-4.0,-4.0,-1.1
-4.0,-4.0,-1.1
-4.0,-4.0,-1.1
-4.0,-4.0,-1.1
-4.0,-4.0,-1.1
-4.0,-4.0,-1.1
-4.0,-4.0,-1.1
-4.0,-4.0,-1.1
-4.0,-4.0,-1.1
-4.0,-4.0,-1.1
-4.0,-4.0,-1.1
-4.0,-4.0,-1.1
-4.0,-4.0,-1.1
-4.0,-4.0,-1.1
-4.0,-4.0,-1.1
-4.0,-4.0,-1.1
-4.0,-4.0,-1.1
-4.0,-4.0,-1.1
-4.0,-4.0,-1.1
-4.0,-4.0,-1.1
-4.0,-4.0,-1.1
-4.0,-4.0,-1.1
-4.0,-4.0,-1.1
-4.0,-4.0,-1.1
-4.0,-4.0,-1.1
-4.0,-4.0,-1.1
-4.0,-4.0,-1.1
-4.0,-4.0,-1.1
-4.0,-4.0,-1.1
-4.0,-4.0,-1.1
-4.0,-4.0,-1.1
-4.0,-4.0,-1.1
-4.0,-4.0,-1.1
-4.0,-4.0,-1.1
-4.0,-4.0,-1.1
-4.0,-4.0,-1.1
-4.0,-4.0,-1.1
-4.0,-4.0,-1.1
-4.0,-4.0,-1.1
-4.0,-4.0,-1.1
-4.0,-4.0,-1.1
-4.0,-4.0,-1.1
-4.0,-4.0,-1.1
-4.0,-4.0,-1.1
-4.0,-4.0,-1.1
-4.0,-4.0,-1.1
-4.0,-4.0,-1.1
-4.0,-4.0,-1.1
-4.0,-4.0,-1.1
-4.0,-4.0,-1.1
-4.0,-4.0,-1.1
-4.0,-4.0,-1.1
-4.0,-4.0,-1.1
-4.0,-4.0,-1.1
-4.0,-4.0,-1.1
-4.0,-4.0,-1.1
-4.0,-4.0,-1.1
-4.0,-4.0,-1.1
-4.0,-4.0,-1.1
-4.0,-4.0,-1.1
-4.0,-4.0,-1.1
-4.0,-4.0,-1.1
-4.0,-4.0,-1.1
-4.0,-4.0,-1.1
-4.0,-4.0,-1.1
-4.0,-4.0,-1.1
-4.0,-4.0,-1.1
-4.0,-4.0,-1.1
-4.0,-4.0,-1.1
-4.0,-4.0,-1.1
-4.0,-4.0,-1.1
-4.0,-4.0,-1.1
-4.0,-4.0,-1.1
-4.0,-4.0,-1.1
-4.0,-4.0,-1.1
-4.0,-4.0,-1.1
-4.0,-4.0,-1.1
-4.0,-4.0,-1.1
-4.0,-4.0,-1.1
-4.0,-4.0,-1.1
-4.0,-4.0,-1.1
-4.0,-4.0,-1.1
-4.0,-4.0,-1.1
-4.0,-4.0,-1.1
-4.0,-4.0,-1.1
-4.0,-4.0,-1.1
-4.0,-4.0,-1.1
-4.0,-4.0,-1.1
-4.0,-4.0,-1.1
-4.0,-4.0,-1.1
-4.0,-4.0,-1.1
-4.0,-4.0,-1.1
-4.0,-4.0,-1.1
-4.0,-4.0,-1.1
-4.0,-4.0,-1.1
-4.0,-4.0,-1.1
-4.0,-4.0,-1.1
-4.0,-4.0,-1.1
-4.0,-4.0,-1.1
-4.0,-4.0,-1.1
-4.0,-4.0,-1.1
-4.0,-4.0,-1.1
-4.0,-4.0,-1.1
-4.0,-4.0,-1.1
-4.0,-4.0,-1.1
-4.0,-4.0,-1.1
-4.0,-4.0,-1.1
-4.0,-4.0,-1.1
-4.0,-4.0,-1.1
-4.0,-4.0,-1.1
-4.0,-4.0,-1.1
-4.0,-4.0,-1.1
-4.0,-4.0,-1.1
-4.0,-4.0,-1.1
-4.0,-4.0,-1.1
-4.0,-4.0,-1.1
-4.0,-4.0,-1.1
-4.0,-4.0,-1.1
-4.0,-4.0,-1.1
-4.0,-4.0,-1.1
-4.0,-4.0,-1.1
-4.0,-4.0,-1.1
-4.0,-4.0,-1.1
-4.0,-4.0,-1.1
-4.0,-4.0,-1.1
-4.0,-4.0,-1.1
-4.0,-4.0,-1.1
-4.0,-4.0,-1.1
-4.0,-4.0,-1.1
-4.0,-4.0,-1.1
-4.0,-4.0,-1.1
-4.0,-4.0,-1.1
-4.0,-4.0,-1.1
-4.0,-4.0,-1.1
-4.0,-4.0,-1.1
-4.0,-4.0,-1.1
-4.0,-4.0,-1.1
-4.0,-4.0,-1.1
-4.0,-4.0,-1.1
-4.0,-4.0,-1.1
-4.0,-4.0,-1.1
-4.0,-4.0,-1.1
-4.0,-4.0,-1.1
-4.0,-4.0,-1.1
-4.0,-4.0,-1.1
-4.0,-4.0,-1.1
-4.0,-4.0,-1.1
-4.0,-4.0,-1.1
-4.0,-4.0,-1.1
-4.0,-4.0,-1.1
-4.0,-4.0,-1.1
-4.0,-4.0,-1.1
-4.0,-4.0,-1.1
-4.0,-4.0,-1.1
-4.0,-4.0,-1.1
-4.0,-4.0,-1.1
-4.0,-4.0,-1.1
-4.0,-4.0,-1.1
-4.0,-4.0,-1.1
-4.0,-4.0,-1.1
-4.0,-4.0,-1.1
-4.0,-4.0,-1.1
-4.0,-4.0,-1.1
-4.0,-4.0,-1.1
-4.0,-4.0,-1.1
-4.0,-4.0,-1.1
-4.0,-4.0,-1.1
-4.0,-4.0,-1.1
-4.0,-4.0,-1.1
-4.0,-4.0,-1.1
-4.0,-4.0,-1.1
-4.0,-4.0,-1.1
-4.0,-4.0,-1.1
-4.0,-4.0,-1.1
-4.0,-4.0,-1.1
-4.0,-4.0,-1.1
-4.0,-4.0,-1.1
-4.0,-4.0,-1.1
-4.0,-4.0,-1.1
-4.0,-4.0,-1.1
-4.0,-4.0,-1.1
-4.0,-4.0,-1.1
-4.0,-4.0,-1.1
-4.0,-4.0,-1.1
-4.0,-4.0,-1.1
-4.0,-4.0,-1.1
-4.0,-4.0,-1.1
-4.0,-4.0,-1.1
-4.0,-4.0,-1.1
-4.0,-4.0,-1.1
-4.0,-4.0,-1.1
-4.0,-4.0,-1.1
-4.0,-4.0,-1.1
-4.0,-4.0,-1.1
-4.0,-4.0,-1.1
-4.0,-4.0,-1.1
-4.0,-4.0,-1.1
-4.0,-4.0,-1.1
-4.0,-4.0,-1.1
-4.0,-4.0,-1.1
-4.0,-4.0,-1.1
-4.0,-4.0,-1.1
-4.0,-4.0,-1.1
-4.0,-4.0,-1.1
-4.0,-4.0,-1.1
-4.0,-4.0,-1.1
-4.0,-4.0,-1.1
-4.0,-4.0,-1.1
-4.0,-4.0,-1.1
-4.0,-4.0,-1.1
-4.0,-4.0,-1.1
-4.0,-4.0,-1.1
-4.0,-4.0,-1.1
-4.0,-4.0,-1.1
-4.0,-4.0,-1.1
-4.0,-4.0,-1.1
-4.0,-4.0,-1.1
-4.0,-4.0,-1.1
-4.0,-4.0,-1.1
-4.0,-4.0,-1.1
-4.0,-4.0,-1.1
-4.0,-4.0,-1.1
-4.0,-4.0,-1.1
-4.0,-4.0,-1.1
-4.0,-4.0,-1.1
-4.0,-4.0,-1.1
-4.0,-4.0,-1.1
-4.0,-4.0,-1.1
-4.0,-4.0,-1.1
-4.0,-4.0,-1.1
-4.0,-4.0,-1.1
-4.0,-4.0,-1.1
-4.0,-4.0,-1.1
-4.0,-4.0,-1.1
-4.0,-4.0,-1.1
-4.0,-4.0,-1.1
-4.0,-4.0,-1.1
-4.0,-4.0,-1.1
-4.0,-4.0,-1.1
-4.0,-4.0,-1.1
-4.0,-4.0,-1.1
-4.0,-4.0,-1.1
-4.0,-4.0,-1.1
-4.0,-4.0,-1.1
-4.0,-4.0,-1.1
-4.0,-4.0,-1.1
-4.0,-4.0,-1.1
-4.0,-4.0,-1.1
-4.0,-4.0,-1.1
-4.0,-4.0,-1.1
-4.0,-4.0,-1.1
-4.0,-4.0,-1.1
-4.0,-4.0,-1.1
-4.0,-4.0,-1.1
-4.0,-4.0,-1.1
-4.0,-4.0,-1.1
-4.0,-4.0,-1.1
-4.0,-4.0,-1.1
-4.0,-4.0,-1.1
-4.0,-4.0,-1.1
-4.0,-4.0,-1.1
-4.0,-4.0,-1.1
-4.0,-4.0,-1.1
-4.0,-4.0,-1.1
-4.0,-4.0,-1.1
-4.0,-4.0,-1.1
-4.0,-4.0,-1.1
-4.0,-4.0,-1.1
-4.0,-4.0,-1.1
-4.0,-4.0,-1.1
-4.0,-4.0,-1.1
-4.0,-4.0,-1.1
-4.0,-4.0,-1.1
-4.0,-4.0,-1.1
-4.0,-4.0,-1.1
-4.0,-4.0,-1.1
-4.0,-4.0,-1.1
-4.0,-4.0,-1.1
-4.0,-4.0,-1.1
-4.0,-4.0,-1.1
-4.0,-4.0,-1.1
-4.0,-4.0,-1.1
-4.0,-4.0,-1.1
-4.0,-4.0,-1.1
-4.0,-4.0,-1.1
-4.0,-4.0,-1.1
-4.0,-4.0,-1.1
-4.0,-4.0,-1.1
-4.0,-4.0,-1.1
-4.0,-4.0,-1.1
-4.0,-4.0,-1.1
-4.0,-4.0,-1.1
-4.0,-4.0,-1.1
-4.0,-4.0,-1.1
-4.0,-4.0,-1.1
-4.0,-4.0,-1.1
-4.0,-4.0,-1.1
-4.0,-4.0,-1.1
-4.0,-4.0,-1.1
-4.0,-4.0,-1.1
-4.0,-4.0,-1.1
-4.0,-4.0,-1.1
-4.0,-4.0,-1.1
-4.0,-4.0,-1.1
-4.0,-4.0,-1.1
-4.0,-4.0,-1.1
-4.0,-4.0,-1.1
-4.0,-4.0,-1.1
-4.0,-4.0,-1.1
-4.0,-4.0,-1.1
-4.0,-4.0,-1.1
-4.0,-4.0,-1.1
-4.0,-4.0,-1.1
-4.0,-4.0,-1.1
-4.0,-4.0,-1.1
-4.0,-4.0,-1.1
-4.0,-4.0,-1.1
-4.0,-4.0,-1.1
-4.0,-4.0,-1.1
-4.0,-4.0,-1.1
-4.0,-4.0,-1.1
-4.0,-4.0,-1.1
-4.0,-4.0,-1.1
-4.0,-4.0,-1.1
-4.0,-4.0,-1.1
-4.0,-4.0,-1.1
-4.0,-4.0,-1.1
-4.0,-4.0,-1.1
-4.0,-4.0,-1.1
-4.0,-4.0,-1.1
-4.0,-4.0,-1.1
-4.0,-4.0,-1.1
-4.0,-4.0,-1.1
-4.0,-4.0,-1.1
-4.0,-4.0,-1.1
-4.0,-4.0,-1.1
-4.0,-4.0,-1.1
-4.0,-4.0,-1.1
-4.0,-4.0,-1.1
-4.0,-4.0,-1.1
-4.0,-4.0,-1.1
-4.0,-4.0,-1.1
-4.0,-4.0,-1.1
-4.0,-4.0,-1.1
-4.0,-4.0,-1.1
-4.0,-4.0,-1.1
-4.0,-4.0,-1.1
-4.0,-4.0,-1.1
-4.0,-4.0,-1.1
-4.0,-4.0,-1.1
-4.0,-4.0,-1.1
-4.0,-4.0,-1.1
-4.0,-4.0,-1.1
-4.0,-4.0,-1.1
-4.0,-4.0,-1.1
-4.0,-4.0,-1.1
-4.0,-4.0,-1.1
-4.0,-4.0,-1.1
-4.0,-4.0,-1.1
-4.0,-4.0,-1.1
-4.0,-4.0,-1.1
-4.0,-4.0,-1.1
-4.0,-4.0,-1.1
-4.0,-4.0,-1.1
-4.0,-4.0,-1.1
-4.0,-4.0,-1.1
-4.0,-4.0,-1.1
-4.0,-4.0,-1.1
-4.0,-4.0,-1.1
-4.0,-4.0,-1.1
-4.0,-4.0,-1.1
-4.0,-4.0,-1.1
-4.0,-4.0,-1.1
-4.0,-4.0,-1.1
-4.0,-4.0,-1.1
-4.0,-4.0,-1.1
-4.0,-4.0,-1.1
-4.0,-4.0,-1.1
-4.0,-4.0,-1.1
-4.0,-4.0,-1.1
-4.0,-4.0,-1.1
-4.0,-4.0,-1.1
-4.0,-4.0,-1.1
-4.0,-4.0,-1.1
-4.0,-4.0,-1.1
-4.0,-4.0,-1.1
-4.0,-4.0,-1.1
-4.0,-4.0,-1.1
-4.0,-4.0,-1.1
-4.0,-4.0,-1.1
-4.0,-4.0,-1.1
-4.0,-4.0,-1.1
-4.0,-4.0,-1.1
-4.0,-4.0,-1.1
-4.0,-4.0,-1.1
-4.0,-4.0,-1.1
-4.0,-4.0,-1.1
-4.0,-4.0,-1.1
-4.0,-4.0,-1.1
-4.0,-4.0,-1.1
-4.0,-4.0,-1.1
-4.0,-4.0,-1.1
-4.0,-4.0,-1.1
-4.0,-4.0,-1.1
-4.0,-4.0,-1.1
-4.0,-4.0,-1.1
-4.0,-4.0,-1.1
-4.0,-4.0,-1.1
-4.0,-4.0,-1.1
-4.0,-4.0,-1.1
-4.0,-4.0,-1.1
-4.0,-4.0,-1.1
-4.0,-4.0,-1.1
-4.0,-4.0,-1.1
-4.0,-4.0,-1.1
-4.0,-4.0,-1.1
-4.0,-4.0,-1.1
-4.0,-4.0,-1.1
-4.0,-4.0,-1.1
-4.0,-4.0,-1.1
-4.0,-4.0,-1.1
-4.0,-4.0,-1.1
-4.0,-4.0,-1.1
-4.0,-4.0,-1.1
-4.0,-4.0,-1.1
-4.0,-4.0,-1.1
-4.0,-4.0,-1.1
-4.0,-4.0,-1.1
-4.0,-4.0,-1.1
-4.0,-4.0,-1.1
-4.0,-4.0,-1.1
-4.0,-4.0,-1.1
-4.0,-4.0,-1.1
-4.0,-4.0,-1.1
-4.0,-4.0,-1.1
-4.0,-4.0,-1.1
-4.0,-4.0,-1.1
-4.0,-4.0,-1.1
-4.0,-4.0,-1.1
-4.0,-4.0,-1.1
-4.0,-4.0,-1.1
-4.0,-4.0,-1.1
-4.0,-4.0,-1.1
-4.0,-4.0,-1.1
-4.0,-4.0,-1.1
-4.0,-4.0,-1.1
-4.0,-4.0,-1.1
-4.0,-4.0,-1.1
-4.0,-4.0,-1.1
-4.0,-4.0,-1.1
-4.0,-4.0,-1.1
-4.0,-4.0,-1.1
-4.0,-4.0,-1.1
-4.0,-4.0,-1.1
-4.0,-4.0,-1.1
-4.0,-4.0,-1.1
-4.0,-4.0,-1.1
-4.0,-4.0,-1.1
-4.0,-4.0,-1.1
-4.0,-4.0,-1.1
-4.0,-4.0,-1.1
-4.0,-4.0,-1.1
-4.0,-4.0,-1.1
-4.0,-4.0,-1.1
-4.0,-4.0,-1.1
-4.0,-4.0,-1.1
-4.0,-4.0,-1.1
-4.0,-4.0,-1.1
-4.0,-4.0,-1.1
-4.0,-4.0,-1.1
-4.0,-4.0,-1.1
-4.0,-4.0,-1.1
-4.0,-4.0,-1.1
-4.0,-4.0,-1.1
-4.0,-4.0,-1.1
-4.0,-4.0,-1.1
-4.0,-4.0,-1.1
-4.0,-4.0,-1.1
-4.0,-4.0,-1.1
-4.0,-4.0,-1.1
-4.0,-4.0,-1.1
-4.0,-4.0,-1.1
-4.0,-4.0,-1.1
-4.0,-4.0,-1.1
-4.0,-4.0,-1.1
-4.0,-4.0,-1.1
-4.0,-4.0,-1.1
-4.0,-4.0,-1.1
-4.0,-4.0,-1.1
-4.0,-4.0,-1.1
-4.0,-4.0,-1.1
-4.0,-4.0,-1.1
-4.0,-4.0,-1.1
-4.0,-4.0,-1.1
-4.0,-4.0,-1.1
-4.0,-4.0,-1.1
-4.0,-4.0,-1.1
-4.0,-4.0,-1.1
-4.0,-4.0,-1.1
-4.0,-4.0,-1.1
-4.0,-4.0,-1.1
-4.0,-4.0,-1.1
-4.0,-4.0,-1.1
-4.0,-4.0,-1.1
-4.0,-4.0,-1.1
-4.0,-4.0,-1.1
-4.0,-4.0,-1.1
-4.0,-4.0,-1.1
-4.0,-4.0,-1.1
-4.0,-4.0,-1.1
-4.0,-4.0,-1.1
-4.0,-4.0,-1.1
-4.0,-4.0,-1.1
-4.0,-4.0,-1.1
-4.0,-4.0,-1.1
-4.0,-4.0,-1.1
-4.0,-4.0,-1.1
-4.0,-4.0,-1.1
-4.0,-4.0,-1.1
-4.0,-4.0,-1.1
-4.0,-4.0,-1.1
-4.0,-4.0,-1.1
-4.0,-4.0,-1.1
-4.0,-4.0,-1.1
-4.0,-4.0,-1.1
-4.0,-4.0,-1.1
-4.0,-4.0,-1.1
-4.0,-4.0,-1.1
-4.0,-4.0,-1.1
-4.0,-4.0,-1.1
-4.0,-4.0,-1.1
-4.0,-4.0,-1.1
-4.0,-4.0,-1.1
-4.0,-4.0,-1.1
-4.0,-4.0,-1.1
-4.0,-4.0,-1.1
-4.0,-4.0,-1.1
-4.0,-4.0,-1.1
-4.0,-4.0,-1.1
-4.0,-4.0,-1.1
-4.0,-4.0,-1.1
-4.0,-4.0,-1.1
-4.0,-4.0,-1.1
-4.0,-4.0,-1.1
-4.0,-4.0,-1.1
-4.0,-4.0,-1.1
-4.0,-4.0,-1.1
-4.0,-4.0,-1.1
-4.0,-4.0,-1.1
-4.0,-4.0,-1.1
-4.0,-4.0,-1.1
-4.0,-4.0,-1.1
-4.0,-4.0,-1.1
-4.0,-4.0,-1.1
-4.0,-4.0,-1.1
-4.0,-4.0,-1.1
-4.0,-4.0,-1.1
-4.0,-4.0,-1.1
-4.0,-4.0,-1.1
-4.0,-4.0,-1.1
-4.0,-4.0,-1.1
-4.0,-4.0,-1.1
-4.0,-4.0,-1.1
-4.0,-4.0,-1.1
-4.0,-4.0,-1.1
-4.0,-4.0,-1.1
-4.0,-4.0,-1.1
-4.0,-4.0,-1.1
-4.0,-4.0,-1.1
-4.0,-4.0,-1.1
-4.0,-4.0,-1.1
-4.0,-4.0,-1.1
-4.0,-4.0,-1.1
-4.0,-4.0,-1.1
-4.0,-4.0,-1.1
-4.0,-4.0,-1.1
-4.0,-4.0,-1.1
-4.0,-4.0,-1.1
-4.0,-4.0,-1.1
-4.0,-4.0,-1.1
-4.0,-4.0,-1.1
-4.0,-4.0,-1.1
-4.0,-4.0,-1.1
-4.0,-4.0,-1.1
-4.0,-4.0,-1.1
-4.0,-4.0,-1.1
-4.0,-4.0,-1.1
-4.0,-4.0,-1.1
-4.0,-4.0,-1.1
-4.0,-4.0,-1.1
-4.0,-4.0,-1.1
-4.0,-4.0,-1.1
-4.0,-4.0,-1.1
-4.0,-4.0,-1.1
-4.0,-4.0,-1.1
-4.0,-4.0,-1.1
-4.0,-4.0,-1.1
-4.0,-4.0,-1.1
-4.0,-4.0,-1.1
-4.0,-4.0,-1.1
-4.0,-4.0,-1.1
-4.0,-4.0,-1.1
-4.0,-4.0,-1.1
-4.0,-4.0,-1.1
-4.0,-4.0,-1.1
-4.0,-4.0,-1.1
-4.0,-4.0,-1.1
-4.0,-4.0,-1.1
-4.0,-4.0,-1.1
-4.0,-4.0,-1.1
-4.0,-4.0,-1.1
-4.0,-4.0,-1.1
-4.0,-4.0,-1.1
-4.0,-4.0,-1.1
-4.0,-4.0,-1.1
-4.0,-4.0,-1.1
-4.0,-4.0,-1.1
-4.0,-4.0,-1.1
-4.0,-4.0,-1.1
-4.0,-4.0,-1.1
-4.0,-4.0,-1.1
-4.0,-4.0,-1.1
-4.0,-4.0,-1.1
-4.0,-4.0,-1.1
-4.0,-4.0,-1.1
-4.0,-4.0,-1.1
-4.0,-4.0,-1.1
-4.0,-4.0,-1.1
-4.0,-4.0,-1.1
-4.0,-4.0,-1.1
-4.0,-4.0,-1.1
-4.0,-4.0,-1.1
-4.0,-4.0,-1.1
-4.0,-4.0,-1.1
-4.0,-4.0,-1.1
-4.0,-4.0,-1.1
-4.0,-4.0,-1.1
-4.0,-4.0,-1.1
-4.0,-4.0,-1.1
-4.0,-4.0,-1.1
-4.0,-4.0,-1.1
-4.0,-4.0,-1.1
-4.0,-4.0,-1.1
-4.0,-4.0,-1.1
-4.0,-4.0,-1.1
-4.0,-4.0,-1.1
-4.0,-4.0,-1.1
-4.0,-4.0,-1.1
-4.0,-4.0,-1.1
-4.0,-4.0,-1.1
-4.0,-4.0,-1.1
-4.0,-4.0,-1.1
-4.0,-4.0,-1.1
-4.0,-4.0,-1.1
-4.0,-4.0,-1.1
-4.0,-4.0,-1.1
-4.0,-4.0,-1.1
-4.0,-4.0,-1.1
-4.0,-4.0,-1.1
-4.0,-4.0,-1.1
-4.0,-4.0,-1.1
-4.0,-4.0,-1.1
-4.0,-4.0,-1.1
-4.0,-4.0,-1.1
-4.0,-4.0,-1.1
-4.0,-4.0,-1.1
-4.0,-4.0,-1.1
-4.0,-4.0,-1.1
-4.0,-4.0,-1.1
-4.0,-4.0,-1.1
-4.0,-4.0,-1.1
-4.0,-4.0,-1.1
-4.0,-4.0,-1.1
-4.0,-4.0,-1.1
-4.0,-4.0,-1.1
-4.0,-4.0,-1.1
-4.0,-4.0,-1.1
-4.0,-4.0,-1.1
-4.0,-4.0,-1.1
-4.0,-4.0,-1.1
-4.0,-4.0,-1.1
-4.0,-4.0,-1.1
-4.0,-4.0,-1.1
-4.0,-4.0,-1.1
-4.0,-4.0,-1.1
-4.0,-4.0,-1.1
-4.0,-4.0,-1.1
-4.0,-4.0,-1.1
-4.0,-4.0,-1.1
-4.0,-4.0,-1.1
-4.0,-4.0,-1.1
-4.0,-4.0,-1.1
-4.0,-4.0,-1.1
-4.0,-4.0,-1.1
-4.0,-4.0,-1.1
-4.0,-4.0,-1.1
-4.0,-4.0,-1.1
-4.0,-4.0,-1.1
-4.0,-4.0,-1.1
-4.0,-4.0,-1.1
-4.0,-4.0,-1.1
-4.0,-4.0,-1.1
-4.0,-4.0,-1.1
-4.0,-4.0,-1.1
-4.0,-4.0,-1.1
-4.0,-4.0,-1.1
-4.0,-4.0,-1.1
-4.0,-4.0,-1.1
-4.0,-4.0,-1.1
-4.0,-4.0,-1.1
-4.0,-4.0,-1.1
-4.0,-4.0,-1.1
-4.0,-4.0,-1.1
-4.0,-4.0,-1.1
-4.0,-4.0,-1.1
-4.0,-4.0,-1.1
-4.0,-4.0,-1.1
-4.0,-4.0,-1.1
-4.0,-4.0,-1.1
-4.0,-4.0,-1.1
-4.0,-4.0,-1.1
-4.0,-4.0,-1.1
-4.0,-4.0,-1.1
-4.0,-4.0,-1.1
-4.0,-4.0,-1.1
-4.0,-4.0,-1.1
-4.0,-4.0,-1.1
-4.0,-4.0,-1.1
-4.0,-4.0,-1.1
-4.0,-4.0,-1.1
-4.0,-4.0,-1.1
-4.0,-4.0,-1.1
-4.0,-4.0,-1.1
-4.0,-4.0,-1.1
-4.0,-4.0,-1.1
-4.0,-4.0,-1.1
-4.0,-4.0,-1.1
-4.0,-4.0,-1.1
-4.0,-4.0,-1.1
-4.0,-4.0,-1.1
-4.0,-4.0,-1.1
-4.0,-4.0,-1.1
-4.0,-4.0,-1.1
-4.0,-4.0,-1.1
-4.0,-4.0,-1.1
-4.0,-4.0,-1.1
-4.0,-4.0,-1.1
-4.0,-4.0,-1.1
-4.0,-4.0,-1.1
-4.0,-4.0,-1.1
-4.0,-4.0,-1.1
-4.0,-4.0,-1.1
-4.0,-4.0,-1.1
-4.0,-4.0,-1.1
-4.0,-4.0,-1.1
-4.0,-4.0,-1.1
-4.0,-4.0,-1.1
-4.0,-4.0,-1.1
-4.0,-4.0,-1.1
-4.0,-4.0,-1.1
-4.0,-4.0,-1.1
-4.0,-4.0,-1.1
-4.0,-4.0,-1.1
-4.0,-4.0,-1.1
-4.0,-4.0,-1.1
-4.0,-4.0,-1.1
-4.0,-4.0,-1.1
-4.0,-4.0,-1.1
-4.0,-4.0,-1.1
-4.0,-4.0,-1.1
-4.0,-4.0,-1.1
-4.0,-4.0,-1.1
-4.0,-4.0,-1.1
-4.0,-4.0,-1.1
-4.0,-4.0,-1.1
-4.0,-4.0,-1.1
-4.0,-4.0,-1.1
-4.0,-4.0,-1.1
-4.0,-4.0,-1.1
-4.0,-4.0,-1.1
-4.0,-4.0,-1.1
-4.0,-4.0,-1.1
-4.0,-4.0,-1.1
-4.0,-4.0,-1.1
-4.0,-4.0,-1.1
-4.0,-4.0,-1.1
-4.0,-4.0,-1.1
-4.0,-4.0,-1.1
-4.0,-4.0,-1.1
-4.0,-4.0,-1.1
-4.0,-4.0,-1.1
-4.0,-4.0,-1.1
-4.0,-4.0,-1.1
-4.0,-4.0,-1.1
-4.0,-4.0,-1.1
-4.0,-4.0,-1.1
-4.0,-4.0,-1.1
-4.0,-4.0,-1.1
-4.0,-4.0,-1.1
-4.0,-4.0,-1.1
-4.0,-4.0,-1.1
-4.0,-4.0,-1.1
-4.0,-4.0,-1.1
-4.0,-4.0,-1.1
-4.0,-4.0,-1.1
-4.0,-4.0,-1.1
-4.0,-4.0,-1.1
-4.0,-4.0,-1.1
-4.0,-4.0,-1.1
-4.0,-4.0,-1.1
-4.0,-4.0,-1.1
-4.0,-4.0,-1.1
-4.0,-4.0,-1.1
-4.0,-4.0,-1.1
-4.0,-4.0,-1.1
-4.0,-4.0,-1.1
-4.0,-4.0,-1.1
-4.0,-4.0,-1.1
-4.0,-4.0,-1.1
-4.0,-4.0,-1.1
-4.0,-4.0,-1.1
-4.0,-4.0,-1.1
-4.0,-4.0,-1.1
-4.0,-4.0,-1.1
-4.0,-4.0,-1.1
-4.0,-4.0,-1.1
-4.0,-4.0,-1.1
-4.0,-4.0,-1.1
-4.0,-4.0,-1.1
-4.0,-4.0,-1.1
-4.0,-4.0,-1.1
-4.0,-4.0,-1.1
-4.0,-4.0,-1.1
-4.0,-4.0,-1.1
-4.0,-4.0,-1.1
-4.0,-4.0,-1.1
-4.0,-4.0,-1.1
-4.0,-4.0,-1.1
-4.0,-4.0,-1.1
-4.0,-4.0,-1.1
-4.0,-4.0,-1.1
-4.0,-4.0,-1.1
-4.0,-4.0,-1.1
-4.0,-4.0,-1.1
-4.0,-4.0,-1.1
-4.0,-4.0,-1.1
-4.0,-4.0,-1.1
-4.0,-4.0,-1.1
-4.0,-4.0,-1.1
-4.0,-4.0,-1.1
-4.0,-4.0,-1.1
-4.0,-4.0,-1.1
-4.0,-4.0,-1.1
-4.0,-4.0,-1.1
-4.0,-4.0,-1.1
-4.0,-4.0,-1.1
-4.0,-4.0,-1.1
-4.0,-4.0,-1.1
-4.0,-4.0,-1.1
-4.0,-4.0,-1.1
-4.0,-4.0,-1.1
-4.0,-4.0,-1.1
-4.0,-4.0,-1.1
-4.0,-4.0,-1.1
-4.0,-4.0,-1.1
-4.0,-4.0,-1.1
-4.0,-4.0,-1.1
-4.0,-4.0,-1.1
-4.0,-4.0,-1.1
-4.0,-4.0,-1.1
-4.0,-4.0,-1.1
-4.0,-4.0,-1.1
-4.0,-4.0,-1.1
-4.0,-4.0,-1.1
-4.0,-4.0,-1.1
-4.0,-4.0,-1.1
-4.0,-4.0,-1.1
-4.0,-4.0,-1.1
-4.0,-4.0,-1.1
-4.0,-4.0,-1.1
-4.0,-4.0,-1.1
-4.0,-4.0,-1.1
-4.0,-4.0,-1.1
-4.0,-4.0,-1.1
-4.0,-4.0,-1.1
-4.0,-4.0,-1.1
-4.0,-4.0,-1.1
-4.0,-4.0,-1.1
-4.0,-4.0,-1.1
-4.0,-4.0,-1.1
-4.0,-4.0,-1.1
-4.0,-4.0,-1.1
-4.0,-4.0,-1.1
-4.0,-4.0,-1.1
-4.0,-4.0,-1.1
-4.0,-4.0,-1.1
-4.0,-4.0,-1.1
-4.0,-4.0,-1.1
-4.0,-4.0,-1.1
-4.0,-4.0,-1.1
-4.0,-4.0,-1.1
-4.0,-4.0,-1.1
-4.0,-4.0,-1.1
-4.0,-4.0,-1.1
-4.0,-4.0,-1.1
-4.0,-4.0,-1.1
-4.0,-4.0,-1.1
-4.0,-4.0,-1.1
-4.0,-4.0,-1.1
-4.0,-4.0,-1.1
-4.0,-4.0,-1.1
-4.0,-4.0,-1.1
-4.0,-4.0,-1.1
-4.0,-4.0,-1.1
-4.0,-4.0,-1.1
-4.0,-4.0,-1.1
-4.0,-4.0,-1.1
-4.0,-4.0,-1.1
-4.0,-4.0,-1.1
-4.0,-4.0,-1.1
-4.0,-4.0,-1.1
-4.0,-4.0,-1.1
-4.0,-4.0,-1.1
-4.0,-4.0,-1.1
-4.0,-4.0,-1.1
-4.0,-4.0,-1.1
-4.0,-4.0,-1.1
-4.0,-4.0,-1.1
-4.0,-4.0,-1.1
-4.0,-4.0,-1.1
-4.0,-4.0,-1.1
-4.0,-4.0,-1.1
-4.0,-4.0,-1.1
-4.0,-4.0,-1.1
-4.0,-4.0,-1.1
-4.0,-4.0,-1.1
-4.0,-4.0,-1.1
-4.0,-4.0,-1.1
-4.0,-4.0,-1.1
-4.0,-4.0,-1.1
-4.0,-4.0,-1.1
-4.0,-4.0,-1.1
-4.0,-4.0,-1.1
-4.0,-4.0,-1.1
-4.0,-4.0,-1.1
-4.0,-4.0,-1.1
-4.0,-4.0,-1.1
-4.0,-4.0,-1.1
-4.0,-4.0,-1.1
-4.0,-4.0,-1.1
-4.0,-4.0,-1.1
-4.0,-4.0,-1.1
-4.0,-4.0,-1.1
-4.0,-4.0,-1.1
-4.0,-4.0,-1.1
-4.0,-4.0,-1.1
-4.0,-4.0,-1.1
-4.0,-4.0,-1.1
-4.0,-4.0,-1.1
-4.0,-4.0,-1.1
-4.0,-4.0,-1.1
-4.0,-4.0,-1.1
-4.0,-4.0,-1.1
-4.0,-4.0,-1.1
-4.0,-4.0,-1.1
-4.0,-4.0,-1.1
-4.0,-4.0,-1.1
-4.0,-4.0,-1.1
-4.0,-4.0,-1.1
-4.0,-4.0,-1.1
-4.0,-4.0,-1.1
-4.0,-4.0,-1.1
-4.0,-4.0,-1.1
-4.0,-4.0,-1.1
-4.0,-4.0,-1.1
-4.0,-4.0,-1.1
-4.0,-4.0,-1.1
-4.0,-4.0,-1.1
-4.0,-4.0,-1.1
-4.0,-4.0,-1.1
-4.0,-4.0,-1.1
-4.0,-4.0,-1.1
-4.0,-4.0,-1.1
-4.0,-4.0,-1.1
-4.0,-4.0,-1.1
-4.0,-4.0,-1.1
-4.0,-4.0,-1.1
-4.0,-4.0,-1.1
-4.0,-4.0,-1.1
-4.0,-4.0,-1.1
-4.0,-4.0,-1.1
-4.0,-4.0,-1.1
-4.0,-4.0,-1.1
-4.0,-4.0,-1.1
-4.0,-4.0,-1.1
-4.0,-4.0,-1.1
-4.0,-4.0,-1.1
-4.0,-4.0,-1.1
-4.0,-4.0,-1.1
-4.0,-4.0,-1.1
-4.0,-4.0,-1.1
-4.0,-4.0,-1.1
-4.0,-4.0,-1.1
-4.0,-4.0,-1.1
-4.0,-4.0,-1.1
-4.0,-4.0,-1.1
-4.0,-4.0,-1.1
-4.0,-4.0,-1.1
-4.0,-4.0,-1.1
-4.0,-4.0,-1.1
-4.0,-4.0,-1.1
-4.0,-4.0,-1.1
-4.0,-4.0,-1.1
-4.0,-4.0,-1.1
-4.0,-4.0,-1.1
-4.0,-4.0,-1.1
-4.0,-4.0,-1.1
-4.0,-4.0,-1.1
-4.0,-4.0,-1.1
-4.0,-4.0,-1.1
-4.0,-4.0,-1.1
-4.0,-4.0,-1.1
-4.0,-4.0,-1.1
-4.0,-4.0,-1.1
-4.0,-4.0,-1.1
-4.0,-4.0,-1.1
-4.0,-4.0,-1.1
-4.0,-4.0,-1.1
-4.0,-4.0,-1.1
-4.0,-4.0,-1.1
-4.0,-4.0,-1.1
-4.0,-4.0,-1.1
-4.0,-4.0,-1.1
-4.0,-4.0,-1.1
-4.0,-4.0,-1.1
-4.0,-4.0,-1.1
-4.0,-4.0,-1.1
-4.0,-4.0,-1.1
-4.0,-4.0,-1.1
-4.0,-4.0,-1.1
-4.0,-4.0,-1.1
-4.0,-4.0,-1.1
-4.0,-4.0,-1.1
-4.0,-4.0,-1.1
-4.0,-4.0,-1.1
-4.0,-4.0,-1.1
-4.0,-4.0,-1.1
-4.0,-4.0,-1.1
-4.0,-4.0,-1.1
-4.0,-4.0,-1.1
-4.0,-4.0,-1.1
-4.0,-4.0,-1.1
-4.0,-4.0,-1.1
-4.0,-4.0,-1.1
-4.0,-4.0,-1.1
-4.0,-4.0,-1.1
-4.0,-4.0,-1.1
-4.0,-4.0,-1.1
-4.0,-4.0,-1.1
-4.0,-4.0,-1.1
-4.0,-4.0,-1.1
-4.0,-4.0,-1.1
-4.0,-4.0,-1.1
-4.0,-4.0,-1.1
-4.0,-4.0,-1.1
-4.0,-4.0,-1.1
-4.0,-4.0,-1.1
-4.0,-4.0,-1.1
-4.0,-4.0,-1.1
-4.0,-4.0,-1.1
-4.0,-4.0,-1.1
-4.0,-4.0,-1.1
-4.0,-4.0,-1.1
-4.0,-4.0,-1.1
-4.0,-4.0,-1.1
-4.0,-4.0,-1.1
-4.0,-4.0,-1.1
-4.0,-4.0,-1.1
-4.0,-4.0,-1.1
-4.0,-4.0,-1.1
-4.0,-4.0,-1.1
-4.0,-4.0,-1.1
-4.0,-4.0,-1.1
-4.0,-4.0,-1.1
-4.0,-4.0,-1.1
-4.0,-4.0,-1.1
-4.0,-4.0,-1.1
-4.0,-4.0,-1.1
-4.0,-4.0,-1.1
-4.0,-4.0,-1.1
-4.0,-4.0,-1.1
-4.0,-4.0,-1.1
-4.0,-4.0,-1.1
-4.0,-4.0,-1.1
-4.0,-4.0,-1.1
-4.0,-4.0,-1.1
-4.0,-4.0,-1.1
-4.0,-4.0,-1.1
-4.0,-4.0,-1.1
-4.0,-4.0,-1.1
-4.0,-4.0,-1.1
-4.0,-4.0,-1.1
-4.0,-4.0,-1.1
-4.0,-4.0,-1.1
-4.0,-4.0,-1.1
-4.0,-4.0,-1.1
-4.0,-4.0,-1.1
-4.0,-4.0,-1.1
-4.0,-4.0,-1.1
-4.0,-4.0,-1.1
-4.0,-4.0,-1.1
-4.0,-4.0,-1.1
-4.0,-4.0,-1.1
-4.0,-4.0,-1.1
-4.0,-4.0,-1.1
-4.0,-4.0,-1.1
-4.0,-4.0,-1.1
-4.0,-4.0,-1.1
-4.0,-4.0,-1.1
-4.0,-4.0,-1.1
-4.0,-4.0,-1.1
-4.0,-4.0,-1.1
-4.0,-4.0,-1.1
-4.0,-4.0,-1.1
-4.0,-4.0,-1.1
-4.0,-4.0,-1.1
-4.0,-4.0,-1.1
-4.0,-4.0,-1.1
-4.0,-4.0,-1.1
-4.0,-4.0,-1.1
-4.0,-4.0,-1.1
-4.0,-4.0,-1.1
-4.0,-4.0,-1.1
-4.0,-4.0,-1.1
-4.0,-4.0,-1.1
-4.0,-4.0,-1.1
-4.0,-4.0,-1.1
-4.0,-4.0,-1.1
-4.0,-4.0,-1.1
-4.0,-4.0,-1.1
-4.0,-4.0,-1.1
-4.0,-4.0,-1.1
-4.0,-4.0,-1.1
-4.0,-4.0,-1.1
-4.0,-4.0,-1.1
-4.0,-4.0,-1.1
-4.0,-4.0,-1.1
-4.0,-4.0,-1.1
-4.0,-4.0,-1.1
-4.0,-4.0,-1.1
-4.0,-4.0,-1.1
-4.0,-4.0,-1.1
-4.0,-4.0,-1.1
-4.0,-4.0,-1.1
-4.0,-4.0,-1.1
-4.0,-4.0,-1.1
-4.0,-4.0,-1.1
-4.0,-4.0,-1.1
-4.0,-4.0,-1.1
-4.0,-4.0,-1.1
-4.0,-4.0,-1.1
-4.0,-4.0,-1.1
-4.0,-4.0,-1.1
-4.0,-4.0,-1.1
-4.0,-4.0,-1.1
-4.0,-4.0,-1.1
-4.0,-4.0,-1.1
-4.0,-4.0,-1.1
-4.0,-4.0,-1.1
-4.0,-4.0,-1.1
-4.0,-4.0,-1.1
-4.0,-4.0,-1.1
-4.0,-4.0,-1.1
-4.0,-4.0,-1.1
-4.0,-4.0,-1.1
-4.0,-4.0,-1.1
-4.0,-4.0,-1.1
-4.0,-4.0,-1.1
-4.0,-4.0,-1.1
-4.0,-4.0,-1.1
-4.0,-4.0,-1.1
-4.0,-4.0,-1.1
-4.0,-4.0,-1.1
-4.0,-4.0,-1.1
-4.0,-4.0,-1.1
-4.0,-4.0,-1.1
-4.0,-4.0,-1.1
-4.0,-4.0,-1.1
-4.0,-4.0,-1.1
-4.0,-4.0,-1.1
-4.0,-4.0,-1.1
-4.0,-4.0,-1.1
-4.0,-4.0,-1.1
-4.0,-4.0,-1.1
-4.0,-4.0,-1.1
-4.0,-4.0,-1.1
-4.0,-4.0,-1.1
-4.0,-4.0,-1.1
-4.0,-4.0,-1.1
-4.0,-4.0,-1.1
-4.0,-4.0,-1.1
-4.0,-4.0,-1.1
-4.0,-4.0,-1.1
-4.0,-4.0,-1.1
-4.0,-4.0,-1.1
-4.0,-4.0,-1.1
-4.0,-4.0,-1.1
-4.0,-4.0,-1.1
-4.0,-4.0,-1.1
-4.0,-4.0,-1.1
-4.0,-4.0,-1.1
-4.0,-4.0,-1.1
-4.0,-4.0,-1.1
-4.0,-4.0,-1.1
-4.0,-4.0,-1.1
-4.0,-4.0,-1.1
-4.0,-4.0,-1.1
-4.0,-4.0,-1.1
-4.0,-4.0,-1.1
-4.0,-4.0,-1.1
-4.0,-4.0,-1.1
-4.0,-4.0,-1.1
-4.0,-4.0,-1.1
-4.0,-4.0,-1.1
-4.0,-4.0,-1.1
-4.0,-4.0,-1.1
-4.0,-4.0,-1.1
-4.0,-4.0,-1.1
-4.0,-4.0,-1.1
-4.0,-4.0,-1.1
-4.0,-4.0,-1.1
-4.0,-4.0,-1.1
-4.0,-4.0,-1.1
-4.0,-4.0,-1.1
-4.0,-4.0,-1.1
-4.0,-4.0,-1.1
-4.0,-4.0,-1.1
-4.0,-4.0,-1.1
-4.0,-4.0,-1.1
-4.0,-4.0,-1.1
-4.0,-4.0,-1.1
-4.0,-4.0,-1.1
-4.0,-4.0,-1.1
-4.0,-4.0,-1.1
-4.0,-4.0,-1.1
-4.0,-4.0,-1.1
-4.0,-4.0,-1.1
-4.0,-4.0,-1.1
-4.0,-4.0,-1.1
-4.0,-4.0,-1.1
-4.0,-4.0,-1.1
-4.0,-4.0,-1.1
-4.0,-4.0,-1.1
-4.0,-4.0,-1.1
-4.0,-4.0,-1.1
-4.0,-4.0,-1.1
-4.0,-4.0,-1.1
-4.0,-4.0,-1.1
-4.0,-4.0,-1.1
-4.0,-4.0,-1.1
-4.0,-4.0,-1.1
-4.0,-4.0,-1.1
-4.0,-4.0,-1.1
-4.0,-4.0,-1.1
-4.0,-4.0,-1.1
-4.0,-4.0,-1.1
-4.0,-4.0,-1.1
-4.0,-4.0,-1.1
-4.0,-4.0,-1.1
-4.0,-4.0,-1.1
-4.0,-4.0,-1.1
-4.0,-4.0,-1.1
-4.0,-4.0,-1.1
-4.0,-4.0,-1.1
-4.0,-4.0,-1.1
-4.0,-4.0,-1.1
-4.0,-4.0,-1.1
-4.0,-4.0,-1.1
-4.0,-4.0,-1.1
-4.0,-4.0,-1.1
-4.0,-4.0,-1.1
-4.0,-4.0,-1.1
-4.0,-4.0,-1.1
-4.0,-4.0,-1.1
-4.0,-4.0,-1.1
-4.0,-4.0,-1.1
-4.0,-4.0,-1.1
-4.0,-4.0,-1.1
-4.0,-4.0,-1.1
-4.0,-4.0,-1.1
-4.0,-4.0,-1.1
-4.0,-4.0,-1.1
-4.0,-4.0,-1.1
-4.0,-4.0,-1.1
-4.0,-4.0,-1.1
-4.0,-4.0,-1.1
-4.0,-4.0,-1.1
-4.0,-4.0,-1.1
-4.0,-4.0,-1.1
-4.0,-4.0,-1.1
-4.0,-4.0,-1.1
-4.0,-4.0,-1.1
-4.0,-4.0,-1.1
-4.0,-4.0,-1.1
-4.0,-4.0,-1.1
-4.0,-4.0,-1.1
-4.0,-4.0,-1.1
-4.0,-4.0,-1.1
-4.0,-4.0,-1.1
-4.0,-4.0,-1.1
-4.0,-4.0,-1.1
-4.0,-4.0,-1.1
-4.0,-4.0,-1.1
-4.0,-4.0,-1.1
-4.0,-4.0,-1.1
-4.0,-4.0,-1.1
-4.0,-4.0,-1.1
-4.0,-4.0,-1.1
-4.0,-4.0,-1.1
-4.0,-4.0,-1.1
-4.0,-4.0,-1.1
-4.0,-4.0,-1.1
-4.0,-4.0,-1.1
-4.0,-4.0,-1.1
-4.0,-4.0,-1.1
-4.0,-4.0,-1.1
-4.0,-4.0,-1.1
-4.0,-4.0,-1.1
-4.0,-4.0,-1.1
-4.0,-4.0,-1.1
-4.0,-4.0,-1.1
-4.0,-4.0,-1.1
-4.0,-4.0,-1.1
-4.0,-4.0,-1.1
-4.0,-4.0,-1.1
-4.0,-4.0,-1.1
-4.0,-4.0,-1.1
-4.0,-4.0,-1.1
-4.0,-4.0,-1.1
-4.0,-4.0,-1.1
-4.0,-4.0,-1.1
-4.0,-4.0,-1.1
-4.0,-4.0,-1.1
-4.0,-4.0,-1.1
-4.0,-4.0,-1.1
-4.0,-4.0,-1.1
-4.0,-4.0,-1.1
-4.0,-4.0,-1.1
-4.0,-4.0,-1.1
-4.0,-4.0,-1.1
-4.0,-4.0,-1.1
-4.0,-4.0,-1.1
-4.0,-4.0,-1.1
-4.0,-4.0,-1.1
-4.0,-4.0,-1.1
-4.0,-4.0,-1.1
-4.0,-4.0,-1.1
-4.0,-4.0,-1.1
-4.0,-4.0,-1.1
-4.0,-4.0,-1.1
-4.0,-4.0,-1.1
-4.0,-4.0,-1.1
-4.0,-4.0,-1.1
-4.0,-4.0,-1.1
-4.0,-4.0,-1.1
-4.0,-4.0,-1.1
-4.0,-4.0,-1.1
-4.0,-4.0,-1.1
-4.0,-4.0,-1.1
-4.0,-4.0,-1.1
-4.0,-4.0,-1.1
-4.0,-4.0,-1.1
-4.0,-4.0,-1.1
-4.0,-4.0,-1.1
-4.0,-4.0,-1.1
-4.0,-4.0,-1.1
-4.0,-4.0,-1.1
-4.0,-4.0,-1.1
-4.0,-4.0,-1.1
-4.0,-4.0,-1.1
-4.0,-4.0,-1.1
-4.0,-4.0,-1.1
-4.0,-4.0,-1.1
-4.0,-4.0,-1.1
-4.0,-4.0,-1.1
-4.0,-4.0,-1.1
-4.0,-4.0,-1.1
-4.0,-4.0,-1.1
-4.0,-4.0,-1.1
-4.0,-4.0,-1.1
-4.0,-4.0,-1.1
-4.0,-4.0,-1.1
-4.0,-4.0,-1.1
-4.0,-4.0,-1.1
-4.0,-4.0,-1.1
-4.0,-4.0,-1.1
-4.0,-4.0,-1.1
-4.0,-4.0,-1.1
-4.0,-4.0,-1.1
-4.0,-4.0,-1.1
-4.0,-4.0,-1.1
-4.0,-4.0,-1.1
-4.0,-4.0,-1.1
-4.0,-4.0,-1.1
-4.0,-4.0,-1.1
-4.0,-4.0,-1.1
-4.0,-4.0,-1.1
-4.0,-4.0,-1.1
-4.0,-4.0,-1.1
-4.0,-4.0,-1.1
-4.0,-4.0,-1.1
-4.0,-4.0,-1.1
-4.0,-4.0,-1.1
-4.0,-4.0,-1.1
-4.0,-4.0,-1.1
-4.0,-4.0,-1.1
-4.0,-4.0,-1.1
-4.0,-4.0,-1.1
-4.0,-4.0,-1.1
-4.0,-4.0,-1.1
-4.0,-4.0,-1.1
-4.0,-4.0,-1.1
-4.0,-4.0,-1.1
-4.0,-4.0,-1.1
-4.0,-4.0,-1.1
-4.0,-4.0,-1.1
-4.0,-4.0,-1.1
-4.0,-4.0,-1.1
-4.0,-4.0,-1.1
-4.0,-4.0,-1.1
-4.0,-4.0,-1.1
-4.0,-4.0,-1.1
-4.0,-4.0,-1.1
-4.0,-4.0,-1.1
-4.0,-4.0,-1.1
-4.0,-4.0,-1.1
-4.0,-4.0,-1.1
-4.0,-4.0,-1.1
-4.0,-4.0,-1.1
-4.0,-4.0,-1.1
-4.0,-4.0,-1.1
-4.0,-4.0,-1.1
-4.0,-4.0,-1.1
-4.0,-4.0,-1.1
-4.0,-4.0,-1.1
-4.0,-4.0,-1.1
-4.0,-4.0,-1.1
-4.0,-4.0,-1.1
-4.0,-4.0,-1.1
-4.0,-4.0,-1.1
-4.0,-4.0,-1.1
-4.0,-4.0,-1.1
-4.0,-4.0,-1.1
-4.0,-4.0,-1.1
-4.0,-4.0,-1.1
-4.0,-4.0,-1.1
-4.0,-4.0,-1.1
-4.0,-4.0,-1.1
-4.0,-4.0,-1.1
-4.0,-4.0,-1.1
-4.0,-4.0,-1.1
-4.0,-4.0,-1.1
-4.0,-4.0,-1.1
-4.0,-4.0,-1.1
-4.0,-4.0,-1.1
-4.0,-4.0,-1.1
-4.0,-4.0,-1.1
-4.0,-4.0,-1.1
-4.0,-4.0,-1.1
-4.0,-4.0,-1.1
-4.0,-4.0,-1.1
-4.0,-4.0,-1.1
-4.0,-4.0,-1.1
-4.0,-4.0,-1.1
-4.0,-4.0,-1.1
-4.0,-4.0,-1.1
-4.0,-4.0,-1.1
-4.0,-4.0,-1.1
-4.0,-4.0,-1.1
-4.0,-4.0,-1.1
-4.0,-4.0,-1.1
-4.0,-4.0,-1.1
-4.0,-4.0,-1.1
-4.0,-4.0,-1.1
-4.0,-4.0,-1.1
-4.0,-4.0,-1.1
-4.0,-4.0,-1.1
-4.0,-4.0,-1.1
-4.0,-4.0,-1.1
-4.0,-4.0,-1.1
-4.0,-4.0,-1.1
-4.0,-4.0,-1.1
-4.0,-4.0,-1.1
-4.0,-4.0,-1.1
-4.0,-4.0,-1.1
-4.0,-4.0,-1.1
-4.0,-4.0,-1.1
-4.0,-4.0,-1.1
-4.0,-4.0,-1.1
-4.0,-4.0,-1.1
-4.0,-4.0,-1.1
-4.0,-4.0,-1.1
-4.0,-4.0,-1.1
-4.0,-4.0,-1.1
-4.0,-4.0,-1.1
-4.0,-4.0,-1.1
-4.0,-4.0,-1.1
-4.0,-4.0,-1.1
-4.0,-4.0,-1.1
-4.0,-4.0,-1.1
-4.0,-4.0,-1.1
-4.0,-4.0,-1.1
-4.0,-4.0,-1.1
-4.0,-4.0,-1.1
-4.0,-4.0,-1.1
-4.0,-4.0,-1.1
-4.0,-4.0,-1.1
-4.0,-4.0,-1.1
-4.0,-4.0,-1.1
-4.0,-4.0,-1.1
-4.0,-4.0,-1.1
-4.0,-4.0,-1.1
-4.0,-4.0,-1.1
-4.0,-4.0,-1.1
-4.0,-4.0,-1.1
-4.0,-4.0,-1.1
-4.0,-4.0,-1.1
-4.0,-4.0,-1.1
-4.0,-4.0,-1.1
-4.0,-4.0,-1.1
-4.0,-4.0,-1.1
-4.0,-4.0,-1.1
-4.0,-4.0,-1.1
-4.0,-4.0,-1.1
-4.0,-4.0,-1.1
-4.0,-4.0,-1.1
-4.0,-4.0,-1.1
-4.0,-4.0,-1.1
-4.0,-4.0,-1.1
-4.0,-4.0,-1.1
-4.0,-4.0,-1.1
-4.0,-4.0,-1.1
-4.0,-4.0,-1.1
-4.0,-4.0,-1.1
-4.0,-4.0,-1.1
-4.0,-4.0,-1.1
-4.0,-4.0,-1.1
-4.0,-4.0,-1.1
-4.0,-4.0,-1.1
-4.0,-4.0,-1.1
-4.0,-4.0,-1.1
-4.0,-4.0,-1.1
-4.0,-4.0,-1.1
-4.0,-4.0,-1.1
-4.0,-4.0,-1.1
-4.0,-4.0,-1.1
-4.0,-4.0,-1.1
-4.0,-4.0,-1.1
-4.0,-4.0,-1.1
-4.0,-4.0,-1.1
-4.0,-4.0,-1.1
-4.0,-4.0,-1.1
-4.0,-4.0,-1.1
-4.0,-4.0,-1.1
-4.0,-4.0,-1.1
-4.0,-4.0,-1.1
-4.0,-4.0,-1.1
-4.0,-4.0,-1.1
-4.0,-4.0,-1.1
-4.0,-4.0,-1.1
-4.0,-4.0,-1.1
-4.0,-4.0,-1.1
-4.0,-4.0,-1.1
-4.0,-4.0,-1.1
-4.0,-4.0,-1.1
-4.0,-4.0,-1.1
-4.0,-4.0,-1.1
-4.0,-4.0,-1.1
-4.0,-4.0,-1.1
-4.0,-4.0,-1.1
-4.0,-4.0,-1.1
-4.0,-4.0,-1.1
-4.0,-4.0,-1.1
-4.0,-4.0,-1.1
-4.0,-4.0,-1.1
-4.0,-4.0,-1.1
-4.0,-4.0,-1.1
-4.0,-4.0,-1.1
-4.0,-4.0,-1.1
-4.0,-4.0,-1.1
-4.0,-4.0,-1.1
-4.0,-4.0,-1.1
-4.0,-4.0,-1.1
-4.0,-4.0,-1.1
-4.0,-4.0,-1.1
-4.0,-4.0,-1.1
-4.0,-4.0,-1.1
-4.0,-4.0,-1.1
-4.0,-4.0,-1.1
-4.0,-4.0,-1.1
-4.0,-4.0,-1.1
-4.0,-4.0,-1.1
-4.0,-4.0,-1.1
-4.0,-4.0,-1.1
-4.0,-4.0,-1.1
-4.0,-4.0,-1.1
-4.0,-4.0,-1.1
-4.0,-4.0,-1.1
-4.0,-4.0,-1.1
-4.0,-4.0,-1.1
-4.0,-4.0,-1.1
-4.0,-4.0,-1.1
-4.0,-4.0,-1.1
-4.0,-4.0,-1.1
-4.0,-4.0,-1.1
-4.0,-4.0,-1.1
-4.0,-4.0,-1.1
-4.0,-4.0,-1.1
-4.0,-4.0,-1.1
-4.0,-4.0,-1.1
-4.0,-4.0,-1.1
-4.0,-4.0,-1.1
-4.0,-4.0,-1.1
-4.0,-4.0,-1.1
-4.0,-4.0,-1.1
-4.0,-4.0,-1.1
-4.0,-4.0,-1.1
-4.0,-4.0,-1.1
-4.0,-4.0,-1.1
-4.0,-4.0,-1.1
-4.0,-4.0,-1.1
-4.0,-4.0,-1.1
-4.0,-4.0,-1.1
-4.0,-4.0,-1.1
-4.0,-4.0,-1.1
-4.0,-4.0,-1.1
-4.0,-4.0,-1.1
-4.0,-4.0,-1.1
-4.0,-4.0,-1.1
-4.0,-4.0,-1.1
-4.0,-4.0,-1.1
-4.0,-4.0,-1.1
-4.0,-4.0,-1.1
-4.0,-4.0,-1.1
-4.0,-4.0,-1.1
-4.0,-4.0,-1.1
-4.0,-4.0,-1.1
-4.0,-4.0,-1.1
-4.0,-4.0,-1.1
-4.0,-4.0,-1.1
-4.0,-4.0,-1.1
-4.0,-4.0,-1.1
-4.0,-4.0,-1.1
-4.0,-4.0,-1.1
-4.0,-4.0,-1.1
-4.0,-4.0,-1.1
-4.0,-4.0,-1.1
-4.0,-4.0,-1.1
-4.0,-4.0,-1.1
-4.0,-4.0,-1.1
-4.0,-4.0,-1.1
-4.0,-4.0,-1.1
-4.0,-4.0,-1.1
-4.0,-4.0,-1.1
-4.0,-4.0,-1.1
-4.0,-4.0,-1.1
-4.0,-4.0,-1.1
-4.0,-4.0,-1.1
-4.0,-4.0,-1.1
-4.0,-4.0,-1.1
-4.0,-4.0,-1.1
-4.0,-4.0,-1.1
-4.0,-4.0,-1.1
-4.0,-4.0,-1.1
-4.0,-4.0,-1.1
-4.0,-4.0,-1.1
-4.0,-4.0,-1.1
-4.0,-4.0,-1.1
-4.0,-4.0,-1.1
-4.0,-4.0,-1.1
-4.0,-4.0,-1.1
-4.0,-4.0,-1.1
-4.0,-4.0,-1.1
-4.0,-4.0,-1.1
-4.0,-4.0,-1.1
-4.0,-4.0,-1.1
-4.0,-4.0,-1.1
-4.0,-4.0,-1.1
-4.0,-4.0,-1.1
-4.0,-4.0,-1.1
-4.0,-4.0,-1.1
-4.0,-4.0,-1.1
-4.0,-4.0,-1.1
-4.0,-4.0,-1.1
-4.0,-4.0,-1.1
-4.0,-4.0,-1.1
-4.0,-4.0,-1.1
-4.0,-4.0,-1.1
-4.0,-4.0,-1.1
-4.0,-4.0,-1.1
-4.0,-4.0,-1.1
-4.0,-4.0,-1.1
-4.0,-4.0,-1.1
-4.0,-4.0,-1.1
-4.0,-4.0,-1.1
-4.0,-4.0,-1.1
-4.0,-4.0,-1.1
-4.0,-4.0,-1.1
-4.0,-4.0,-1.1
-4.0,-4.0,-1.1
-4.0,-4.0,-1.1
-4.0,-4.0,-1.1
-4.0,-4.0,-1.1
-4.0,-4.0,-1.1
-4.0,-4.0,-1.1
-4.0,-4.0,-1.1
-4.0,-4.0,-1.1
-4.0,-4.0,-1.1
-4.0,-4.0,-1.1
-4.0,-4.0,-1.1
-4.0,-4.0,-1.1
-4.0,-4.0,-1.1
-4.0,-4.0,-1.1
-4.0,-4.0,-1.1
-4.0,-4.0,-1.1
-4.0,-4.0,-1.1
-4.0,-4.0,-1.1
-4.0,-4.0,-1.1
-4.0,-4.0,-1.1
-4.0,-4.0,-1.1
-4.0,-4.0,-1.1
-4.0,-4.0,-1.1
-4.0,-4.0,-1.1
-4.0,-4.0,-1.1
-4.0,-4.0,-1.1
-4.0,-4.0,-1.1
-4.0,-4.0,-1.1
-4.0,-4.0,-1.1
-4.0,-4.0,-1.1
-4.0,-4.0,-1.1
-4.0,-4.0,-1.1
-4.0,-4.0,-1.1
-4.0,-4.0,-1.1
-4.0,-4.0,-1.1
-4.0,-4.0,-1.1
-4.0,-4.0,-1.1
-4.0,-4.0,-1.1
-4.0,-4.0,-1.1
-4.0,-4.0,-1.1
-4.0,-4.0,-1.1
-4.0,-4.0,-1.1
-4.0,-4.0,-1.1
-4.0,-4.0,-1.1
-4.0,-4.0,-1.1
-4.0,-4.0,-1.1
-4.0,-4.0,-1.1
-4.0,-4.0,-1.1
-4.0,-4.0,-1.1
-4.0,-4.0,-1.1
-4.0,-4.0,-1.1
-4.0,-4.0,-1.1
-4.0,-4.0,-1.1
-4.0,-4.0,-1.1
-4.0,-4.0,-1.1
-4.0,-4.0,-1.1
-4.0,-4.0,-1.1
-4.0,-4.0,-1.1
-4.0,-4.0,-1.1
-4.0,-4.0,-1.1
-4.0,-4.0,-1.1
-4.0,-4.0,-1.1
-4.0,-4.0,-1.1
-4.0,-4.0,-1.1
-4.0,-4.0,-1.1
-4.0,-4.0,-1.1
-4.0,-4.0,-1.1
-4.0,-4.0,-1.1
-4.0,-4.0,-1.1
-4.0,-4.0,-1.1
-4.0,-4.0,-1.1
-4.0,-4.0,-1.1
-4.0,-4.0,-1.1
-4.0,-4.0,-1.1
-4.0,-4.0,-1.1
-4.0,-4.0,-1.1
-4.0,-4.0,-1.1
-4.0,-4.0,-1.1
-4.0,-4.0,-1.1
-4.0,-4.0,-1.1
-4.0,-4.0,-1.1
-4.0,-4.0,-1.1
-4.0,-4.0,-1.1
-4.0,-4.0,-1.1
-4.0,-4.0,-1.1
-4.0,-4.0,-1.1
-4.0,-4.0,-1.1
-4.0,-4.0,-1.1
-4.0,-4.0,-1.1
-4.0,-4.0,-1.1
-4.0,-4.0,-1.1
-4.0,-4.0,-1.1
-4.0,-4.0,-1.1
-4.0,-4.0,-1.1
-4.0,-4.0,-1.1
-4.0,-4.0,-1.1
-4.0,-4.0,-1.1
-4.0,-4.0,-1.1
-4.0,-4.0,-1.1
-4.0,-4.0,-1.1
-4.0,-4.0,-1.1
-4.0,-4.0,-1.1
-4.0,-4.0,-1.1
-4.0,-4.0,-1.1
-4.0,-4.0,-1.1
-4.0,-4.0,-1.1
-4.0,-4.0,-1.1
-4.0,-4.0,-1.1
-4.0,-4.0,-1.1
-4.0,-4.0,-1.1
-4.0,-4.0,-1.1
-4.0,-4.0,-1.1
-4.0,-4.0,-1.1
-4.0,-4.0,-1.1
-4.0,-4.0,-1.1
-4.0,-4.0,-1.1
-4.0,-4.0,-1.1
-4.0,-4.0,-1.1
-4.0,-4.0,-1.1
-4.0,-4.0,-1.1
-4.0,-4.0,-1.1
-4.0,-4.0,-1.1
-4.0,-4.0,-1.1
-4.0,-4.0,-1.1
-4.0,-4.0,-1.1
-4.0,-4.0,-1.1
-4.0,-4.0,-1.1
-4.0,-4.0,-1.1
-4.0,-4.0,-1.1
-4.0,-4.0,-1.1
-4.0,-4.0,-1.1
-4.0,-4.0,-1.1
-4.0,-4.0,-1.1
-4.0,-4.0,-1.1
-4.0,-4.0,-1.1
-4.0,-4.0,-1.1
-4.0,-4.0,-1.1
-4.0,-4.0,-1.1
-4.0,-4.0,-1.1
-4.0,-4.0,-1.1
-4.0,-4.0,-1.1
-4.0,-4.0,-1.1
-4.0,-4.0,-1.1
-4.0,-4.0,-1.1
-4.0,-4.0,-1.1
-4.0,-4.0,-1.1
-4.0,-4.0,-1.1
-4.0,-4.0,-1.1
-4.0,-4.0,-1.1
-4.0,-4.0,-1.1
-4.0,-4.0,-1.1
-4.0,-4.0,-1.1
-4.0,-4.0,-1.1
-4.0,-4.0,-1.1
-4.0,-4.0,-1.1
-4.0,-4.0,-1.1
-4.0,-4.0,-1.1
-4.0,-4.0,-1.1
-4.0,-4.0,-1.1
-4.0,-4.0,-1.1
-4.0,-4.0,-1.1
-4.0,-4.0,-1.1
-4.0,-4.0,-1.1
-4.0,-4.0,-1.1
-4.0,-4.0,-1.1
-4.0,-4.0,-1.1
-4.0,-4.0,-1.1
-4.0,-4.0,-1.1
-4.0,-4.0,-1.1
-4.0,-4.0,-1.1
-4.0,-4.0,-1.1
-4.0,-4.0,-1.1
-4.0,-4.0,-1.1
-4.0,-4.0,-1.1
-4.0,-4.0,-1.1
-4.0,-4.0,-1.1
-4.0,-4.0,-1.1
-4.0,-4.0,-1.1
-4.0,-4.0,-1.1
-4.0,-4.0,-1.1
-4.0,-4.0,-1.1
-4.0,-4.0,-1.1
-4.0,-4.0,-1.1
-4.0,-4.0,-1.1
-4.0,-4.0,-1.1
-4.0,-4.0,-1.1
-4.0,-4.0,-1.1
-4.0,-4.0,-1.1
-4.0,-4.0,-1.1
-4.0,-4.0,-1.1
-4.0,-4.0,-1.1
-4.0,-4.0,-1.1
-4.0,-4.0,-1.1
-4.0,-4.0,-1.1
-4.0,-4.0,-1.1
-4.0,-4.0,-1.1
-4.0,-4.0,-1.1
-4.0,-4.0,-1.1
-4.0,-4.0,-1.1
-4.0,-4.0,-1.1
-4.0,-4.0,-1.1
-4.0,-4.0,-1.1
-4.0,-4.0,-1.1
-4.0,-4.0,-1.1
-4.0,-4.0,-1.1
-4.0,-4.0,-1.1
-4.0,-4.0,-1.1
-4.0,-4.0,-1.1
-4.0,-4.0,-1.1
-4.0,-4.0,-1.1
-4.0,-4.0,-1.1
-4.0,-4.0,-1.1
-4.0,-4.0,-1.1
-4.0,-4.0,-1.1
-4.0,-4.0,-1.1
-4.0,-4.0,-1.1
-4.0,-4.0,-1.1
-4.0,-4.0,-1.1
-4.0,-4.0,-1.1
-4.0,-4.0,-1.1
-4.0,-4.0,-1.1
-4.0,-4.0,-1.1
-4.0,-4.0,-1.1
-4.0,-4.0,-1.1
-4.0,-4.0,-1.1
-4.0,-4.0,-1.1
-4.0,-4.0,-1.1
-4.0,-4.0,-1.1
-4.0,-4.0,-1.1
-4.0,-4.0,-1.1
-4.0,-4.0,-1.1
-4.0,-4.0,-1.1
-4.0,-4.0,-1.1
-4.0,-4.0,-1.1
-4.0,-4.0,-1.1
-4.0,-4.0,-1.1
-4.0,-4.0,-1.1
-4.0,-4.0,-1.1
-4.0,-4.0,-1.1
-4.0,-4.0,-1.1
-4.0,-4.0,-1.1
-4.0,-4.0,-1.1
-4.0,-4.0,-1.1
-4.0,-4.0,-1.1
-4.0,-4.0,-1.1
-4.0,-4.0,-1.1
-4.0,-4.0,-1.1
-4.0,-4.0,-1.1
-4.0,-4.0,-1.1
-4.0,-4.0,-1.1
-4.0,-4.0,-1.1
-4.0,-4.0,-1.1
-4.0,-4.0,-1.1
-4.0,-4.0,-1.1
-4.0,-4.0,-1.1
-4.0,-4.0,-1.1
-4.0,-4.0,-1.1
-4.0,-4.0,-1.1
-4.0,-4.0,-1.1
-4.0,-4.0,-1.1
-4.0,-4.0,-1.1
-4.0,-4.0,-1.1
-4.0,-4.0,-1.1
-4.0,-4.0,-1.1
-4.0,-4.0,-1.1
-4.0,-4.0,-1.1
-4.0,-4.0,-1.1
-4.0,-4.0,-1.1
-4.0,-4.0,-1.1
-4.0,-4.0,-1.1
-4.0,-4.0,-1.1
-4.0,-4.0,-1.1
-4.0,-4.0,-1.1
-4.0,-4.0,-1.1
-4.0,-4.0,-1.1
-4.0,-4.0,-1.1
-4.0,-4.0,-1.1
-4.0,-4.0,-1.1
-4.0,-4.0,-1.1
-4.0,-4.0,-1.1
-4.0,-4.0,-1.1
-4.0,-4.0,-1.1
-4.0,-4.0,-1.1
-4.0,-4.0,-1.1
-4.0,-4.0,-1.1
-4.0,-4.0,-1.1
-4.0,-4.0,-1.1
-4.0,-4.0,-1.1
-4.0,-4.0,-1.1
-4.0,-4.0,-1.1
-4.0,-4.0,-1.1
-4.0,-4.0,-1.1
-4.0,-4.0,-1.1
-4.0,-4.0,-1.1
-4.0,-4.0,-1.1
-4.0,-4.0,-1.1
-4.0,-4.0,-1.1
-4.0,-4.0,-1.1
-4.0,-4.0,-1.1
-4.0,-4.0,-1.1
-4.0,-4.0,-1.1
-4.0,-4.0,-1.1
-4.0,-4.0,-1.1
-4.0,-4.0,-1.1
-4.0,-4.0,-1.1
-4.0,-4.0,-1.1
-4.0,-4.0,-1.1
-4.0,-4.0,-1.1
-4.0,-4.0,-1.1
-4.0,-4.0,-1.1
-4.0,-4.0,-1.1
-4.0,-4.0,-1.1
-4.0,-4.0,-1.1
-4.0,-4.0,-1.1
-4.0,-4.0,-1.1
-4.0,-4.0,-1.1
-4.0,-4.0,-1.1
-4.0,-4.0,-1.1
-4.0,-4.0,-1.1
-4.0,-4.0,-1.1
-4.0,-4.0,-1.1
-4.0,-4.0,-1.1
-4.0,-4.0,-1.1
-4.0,-4.0,-1.1
-4.0,-4.0,-1.1
-4.0,-4.0,-1.1
-4.0,-4.0,-1.1
-4.0,-4.0,-1.1
-4.0,-4.0,-1.1
-4.0,-4.0,-1.1
-4.0,-4.0,-1.1
-4.0,-4.0,-1.1
-4.0,-4.0,-1.1
-4.0,-4.0,-1.1
-4.0,-4.0,-1.1
-4.0,-4.0,-1.1
-4.0,-4.0,-1.1
-4.0,-4.0,-1.1
-4.0,-4.0,-1.1
-4.0,-4.0,-1.1
-4.0,-4.0,-1.1
-4.0,-4.0,-1.1
-4.0,-4.0,-1.1
-4.0,-4.0,-1.1
-4.0,-4.0,-1.1
-4.0,-4.0,-1.1
-4.0,-4.0,-1.1
-4.0,-4.0,-1.1
-4.0,-4.0,-1.1
-4.0,-4.0,-1.1
-4.0,-4.0,-1.1
-4.0,-4.0,-1.1
-4.0,-4.0,-1.1
-4.0,-4.0,-1.1
-4.0,-4.0,-1.1
-4.0,-4.0,-1.1
-4.0,-4.0,-1.1
-4.0,-4.0,-1.1
-4.0,-4.0,-1.1
-4.0,-4.0,-1.1
-4.0,-4.0,-1.1
-4.0,-4.0,-1.1
-4.0,-4.0,-1.1
-4.0,-4.0,-1.1
-4.0,-4.0,-1.1
-4.0,-4.0,-1.1
-4.0,-4.0,-1.1
-4.0,-4.0,-1.1
-4.0,-4.0,-1.1
-4.0,-4.0,-1.1
-4.0,-4.0,-1.1
-4.0,-4.0,-1.1
-4.0,-4.0,-1.1
-4.0,-4.0,-1.1
-4.0,-4.0,-1.1
-4.0,-4.0,-1.1
-4.0,-4.0,-1.1
-4.0,-4.0,-1.1
-4.0,-4.0,-1.1
-4.0,-4.0,-1.1
-4.0,-4.0,-1.1
-4.0,-4.0,-1.1
-4.0,-4.0,-1.1
-4.0,-4.0,-1.1
-4.0,-4.0,-1.1
-4.0,-4.0,-1.1
-4.0,-4.0,-1.1
-4.0,-4.0,-1.1
-4.0,-4.0,-1.1
-4.0,-4.0,-1.1
-4.0,-4.0,-1.1
-4.0,-4.0,-1.1
-4.0,-4.0,-1.1
-4.0,-4.0,-1.1
-4.0,-4.0,-1.1
-4.0,-4.0,-1.1
-4.0,-4.0,-1.1
-4.0,-4.0,-1.1
-4.0,-4.0,-1.1
-4.0,-4.0,-1.1
-4.0,-4.0,-1.1
-4.0,-4.0,-1.1
-4.0,-4.0,-1.1
-4.0,-4.0,-1.1
-4.0,-4.0,-1.1
-4.0,-4.0,-1.1
-4.0,-4.0,-1.1
-4.0,-4.0,-1.1
-4.0,-4.0,-1.1
-4.0,-4.0,-1.1
-4.0,-4.0,-1.1
-4.0,-4.0,-1.1
-4.0,-4.0,-1.1
-4.0,-4.0,-1.1
-4.0,-4.0,-1.1
-4.0,-4.0,-1.1
-4.0,-4.0,-1.1
-4.0,-4.0,-1.1
-4.0,-4.0,-1.1
-4.0,-4.0,-1.1
-4.0,-4.0,-1.1
-4.0,-4.0,-1.1
-4.0,-4.0,-1.1
-4.0,-4.0,-1.1
-4.0,-4.0,-1.1
-4.0,-4.0,-1.1
-4.0,-4.0,-1.1
-4.0,-4.0,-1.1
-4.0,-4.0,-1.1
-4.0,-4.0,-1.1
-4.0,-4.0,-1.1
-4.0,-4.0,-1.1
-4.0,-4.0,-1.1
-4.0,-4.0,-1.1
-4.0,-4.0,-1.1
-4.0,-4.0,-1.1
-4.0,-4.0,-1.1
-4.0,-4.0,-1.1
-4.0,-4.0,-1.1
-4.0,-4.0,-1.1
-4.0,-4.0,-1.1
-4.0,-4.0,-1.1
-4.0,-4.0,-1.1
-4.0,-4.0,-1.1
-4.0,-4.0,-1.1
-4.0,-4.0,-1.1
-4.0,-4.0,-1.1
-4.0,-4.0,-1.1
-4.0,-4.0,-1.1
-4.0,-4.0,-1.1
-4.0,-4.0,-1.1
-4.0,-4.0,-1.1
-4.0,-4.0,-1.1
-4.0,-4.0,-1.1
-4.0,-4.0,-1.1
-4.0,-4.0,-1.1
-4.0,-4.0,-1.1
-4.0,-4.0,-1.1
-4.0,-4.0,-1.1
-4.0,-4.0,-1.1
-4.0,-4.0,-1.1
-4.0,-4.0,-1.1
-4.0,-4.0,-1.1
-4.0,-4.0,-1.1
-4.0,-4.0,-1.1
-4.0,-4.0,-1.1
-4.0,-4.0,-1.1
-4.0,-4.0,-1.1
-4.0,-4.0,-1.1
-4.0,-4.0,-1.1
-4.0,-4.0,-1.1
-4.0,-4.0,-1.1
-4.0,-4.0,-1.1
-4.0,-4.0,-1.1
-4.0,-4.0,-1.1
-4.0,-4.0,-1.1
-4.0,-4.0,-1.1
-4.0,-4.0,-1.1
-4.0,-4.0,-1.1
-4.0,-4.0,-1.1
-4.0,-4.0,-1.1
-4.0,-4.0,-1.1
-4.0,-4.0,-1.1
-4.0,-4.0,-1.1
-4.0,-4.0,-1.1
-4.0,-4.0,-1.1
-4.0,-4.0,-1.1
-4.0,-4.0,-1.1
-4.0,-4.0,-1.1
-4.0,-4.0,-1.1
-4.0,-4.0,-1.1
-4.0,-4.0,-1.1
-4.0,-4.0,-1.1
-4.0,-4.0,-1.1
-4.0,-4.0,-1.1
-4.0,-4.0,-1.1
-4.0,-4.0,-1.1
-4.0,-4.0,-1.1
-4.0,-4.0,-1.1
-4.0,-4.0,-1.1
-4.0,-4.0,-1.1
-4.0,-4.0,-1.1
-4.0,-4.0,-1.1
-4.0,-4.0,-1.1
-4.0,-4.0,-1.1
-4.0,-4.0,-1.1
-4.0,-4.0,-1.1
-4.0,-4.0,-1.1
-4.0,-4.0,-1.1
-4.0,-4.0,-1.1
-4.0,-4.0,-1.1
-4.0,-4.0,-1.1
-4.0,-4.0,-1.1
-4.0,-4.0,-1.1
-4.0,-4.0,-1.1
-4.0,-4.0,-1.1
-4.0,-4.0,-1.1
-4.0,-4.0,-1.1
-4.0,-4.0,-1.1
-4.0,-4.0,-1.1
-4.0,-4.0,-1.1
-4.0,-4.0,-1.1
-4.0,-4.0,-1.1
-4.0,-4.0,-1.1
-4.0,-4.0,-1.1
-4.0,-4.0,-1.1
-4.0,-4.0,-1.1
-4.0,-4.0,-1.1
-4.0,-4.0,-1.1
-4.0,-4.0,-1.1
-4.0,-4.0,-1.1
-4.0,-4.0,-1.1
-4.0,-4.0,-1.1
-4.0,-4.0,-1.1
-4.0,-4.0,-1.1
-4.0,-4.0,-1.1
-4.0,-4.0,-1.1
-4.0,-4.0,-1.1
-4.0,-4.0,-1.1
-4.0,-4.0,-1.1
-4.0,-4.0,-1.1
-4.0,-4.0,-1.1
-4.0,-4.0,-1.1
-4.0,-4.0,-1.1
-4.0,-4.0,-1.1
-4.0,-4.0,-1.1
-4.0,-4.0,-1.1
-4.0,-4.0,-1.1
-4.0,-4.0,-1.1
-4.0,-4.0,-1.1
-4.0,-4.0,-1.1
-4.0,-4.0,-1.1
-4.0,-4.0,-1.1
-4.0,-4.0,-1.1
-4.0,-4.0,-1.1
-4.0,-4.0,-1.1
-4.0,-4.0,-1.1
-4.0,-4.0,-1.1
-4.0,-4.0,-1.1
-4.0,-4.0,-1.1
-4.0,-4.0,-1.1
-4.0,-4.0,-1.1
-4.0,-4.0,-1.1
-4.0,-4.0,-1.1
-4.0,-4.0,-1.1
-4.0,-4.0,-1.1
-4.0,-4.0,-1.1
-4.0,-4.0,-1.1
-4.0,-4.0,-1.1
-4.0,-4.0,-1.1
-4.0,-4.0,-1.1
-4.0,-4.0,-1.1
-4.0,-4.0,-1.1
-4.0,-4.0,-1.1
-4.0,-4.0,-1.1
-4.0,-4.0,-1.1
-4.0,-4.0,-1.1
-4.0,-4.0,-1.1
-4.0,-4.0,-1.1
-4.0,-4.0,-1.1
-4.0,-4.0,-1.1
-4.0,-4.0,-1.1
-4.0,-4.0,-1.1
-4.0,-4.0,-1.1
-4.0,-4.0,-1.1
-4.0,-4.0,-1.1
-4.0,-4.0,-1.1
-4.0,-4.0,-1.1
-4.0,-4.0,-1.1
-4.0,-4.0,-1.1
-4.0,-4.0,-1.1
-4.0,-4.0,-1.1
-4.0,-4.0,-1.1
-4.0,-4.0,-1.1
-4.0,-4.0,-1.1
-4.0,-4.0,-1.1
-4.0,-4.0,-1.1
-4.0,-4.0,-1.1
-4.0,-4.0,-1.1
-4.0,-4.0,-1.1
-4.0,-4.0,-1.1
-4.0,-4.0,-1.1
-4.0,-4.0,-1.1
-4.0,-4.0,-1.1
-4.0,-4.0,-1.1
-4.0,-4.0,-1.1
-4.0,-4.0,-1.1
-4.0,-4.0,-1.1
-4.0,-4.0,-1.1
-4.0,-4.0,-1.1
-4.0,-4.0,-1.1
-4.0,-4.0,-1.1
-4.0,-4.0,-1.1
-4.0,-4.0,-1.1
-4.0,-4.0,-1.1
-4.0,-4.0,-1.1
-4.0,-4.0,-1.1
-4.0,-4.0,-1.1
-4.0,-4.0,-1.1
-4.0,-4.0,-1.1
-4.0,-4.0,-1.1
-4.0,-4.0,-1.1
-4.0,-4.0,-1.1
-4.0,-4.0,-1.1
-4.0,-4.0,-1.1
-4.0,-4.0,-1.1
-4.0,-4.0,-1.1
-4.0,-4.0,-1.1
-4.0,-4.0,-1.1
-4.0,-4.0,-1.1
-4.0,-4.0,-1.1
-4.0,-4.0,-1.1
-4.0,-4.0,-1.1
-4.0,-4.0,-1.1
-4.0,-4.0,-1.1
-4.0,-4.0,-1.1
-4.0,-4.0,-1.1
-4.0,-4.0,-1.1
-4.0,-4.0,-1.1
-4.0,-4.0,-1.1
-4.0,-4.0,-1.1
-4.0,-4.0,-1.1
-4.0,-4.0,-1.1
-4.0,-4.0,-1.1
-4.0,-4.0,-1.1
-4.0,-4.0,-1.1
-4.0,-4.0,-1.1
-4.0,-4.0,-1.1
-4.0,-4.0,-1.1
-4.0,-4.0,-1.1
-4.0,-4.0,-1.1
-4.0,-4.0,-1.1
-4.0,-4.0,-1.1
-4.0,-4.0,-1.1
-4.0,-4.0,-1.1
-4.0,-4.0,-1.1
-4.0,-4.0,-1.1
-4.0,-4.0,-1.1
-4.0,-4.0,-1.1
-4.0,-4.0,-1.1
-4.0,-4.0,-1.1
-4.0,-4.0,-1.1
-4.0,-4.0,-1.1
-4.0,-4.0,-1.1
-4.0,-4.0,-1.1
-4.0,-4.0,-1.1
-4.0,-4.0,-1.1
-4.0,-4.0,-1.1
-4.0,-4.0,-1.1
-4.0,-4.0,-1.1
-4.0,-4.0,-1.1
-4.0,-4.0,-1.1
-4.0,-4.0,-1.1
-4.0,-4.0,-1.1
-4.0,-4.0,-1.1
-4.0,-4.0,-1.1
-4.0,-4.0,-1.1
-4.0,-4.0,-1.1
-4.0,-4.0,-1.1
-4.0,-4.0,-1.1
-4.0,-4.0,-1.1
-4.0,-4.0,-1.1
-4.0,-4.0,-1.1
-4.0,-4.0,-1.1
-4.0,-4.0,-1.1
-4.0,-4.0,-1.1
-4.0,-4.0,-1.1
-4.0,-4.0,-1.1
-4.0,-4.0,-1.1
-4.0,-4.0,-1.1
-4.0,-4.0,-1.1
-4.0,-4.0,-1.1
-4.0,-4.0,-1.1
-4.0,-4.0,-1.1
-4.0,-4.0,-1.1
-4.0,-4.0,-1.1
-4.0,-4.0,-1.1
-4.0,-4.0,-1.1
-4.0,-4.0,-1.1
-4.0,-4.0,-1.1
-4.0,-4.0,-1.1
-4.0,-4.0,-1.1
-4.0,-4.0,-1.1
-4.0,-4.0,-1.1
-4.0,-4.0,-1.1
-4.0,-4.0,-1.1
-4.0,-4.0,-1.1
-4.0,-4.0,-1.1
-4.0,-4.0,-1.1
-4.0,-4.0,-1.1
-4.0,-4.0,-1.1
-4.0,-4.0,-1.1
-4.0,-4.0,-1.1
-4.0,-4.0,-1.1
-4.0,-4.0,-1.1
-4.0,-4.0,-1.1
-4.0,-4.0,-1.1
-4.0,-4.0,-1.1
-4.0,-4.0,-1.1
-4.0,-4.0,-1.1
-4.0,-4.0,-1.1
-4.0,-4.0,-1.1
-4.0,-4.0,-1.1
-4.0,-4.0,-1.1
-4.0,-4.0,-1.1
-4.0,-4.0,-1.1
-4.0,-4.0,-1.1
-4.0,-4.0,-1.1
-4.0,-4.0,-1.1
-4.0,-4.0,-1.1
-4.0,-4.0,-1.1
-4.0,-4.0,-1.1
-4.0,-4.0,-1.1
-4.0,-4.0,-1.1
-4.0,-4.0,-1.1
-4.0,-4.0,-1.1
-4.0,-4.0,-1.1
-4.0,-4.0,-1.1
-4.0,-4.0,-1.1
-4.0,-4.0,-1.1
-4.0,-4.0,-1.1
-4.0,-4.0,-1.1
-4.0,-4.0,-1.1
-4.0,-4.0,-1.1
-4.0,-4.0,-1.1
-4.0,-4.0,-1.1
-4.0,-4.0,-1.1
-4.0,-4.0,-1.1
-4.0,-4.0,-1.1
-4.0,-4.0,-1.1
-4.0,-4.0,-1.1
-4.0,-4.0,-1.1
-4.0,-4.0,-1.1
-4.0,-4.0,-1.1
-4.0,-4.0,-1.1
-4.0,-4.0,-1.1
-4.0,-4.0,-1.1
-4.0,-4.0,-1.1
-4.0,-4.0,-1.1
-4.0,-4.0,-1.1
-4.0,-4.0,-1.1
-4.0,-4.0,-1.1
-4.0,-4.0,-1.1
-4.0,-4.0,-1.1
-4.0,-4.0,-1.1
-4.0,-4.0,-1.1
-4.0,-4.0,-1.1
-4.0,-4.0,-1.1
-4.0,-4.0,-1.1
-4.0,-4.0,-1.1
-4.0,-4.0,-1.1
-4.0,-4.0,-1.1
-4.0,-4.0,-1.1
-4.0,-4.0,-1.1
-4.0,-4.0,-1.1
-4.0,-4.0,-1.1
-4.0,-4.0,-1.1
-4.0,-4.0,-1.1
-4.0,-4.0,-1.1
-4.0,-4.0,-1.1
-4.0,-4.0,-1.1
-4.0,-4.0,-1.1
-4.0,-4.0,-1.1
-4.0,-4.0,-1.1
-4.0,-4.0,-1.1
-4.0,-4.0,-1.1
-4.0,-4.0,-1.1
-4.0,-4.0,-1.1
-4.0,-4.0,-1.1
-4.0,-4.0,-1.1
-4.0,-4.0,-1.1
-4.0,-4.0,-1.1
-4.0,-4.0,-1.1
-4.0,-4.0,-1.1
-4.0,-4.0,-1.1
-4.0,-4.0,-1.1
-4.0,-4.0,-1.1
-4.0,-4.0,-1.1
-4.0,-4.0,-1.1
-4.0,-4.0,-1.1
-4.0,-4.0,-1.1
-4.0,-4.0,-1.1
-4.0,-4.0,-1.1
-4.0,-4.0,-1.1
-4.0,-4.0,-1.1
-4.0,-4.0,-1.1
-4.0,-4.0,-1.1
-4.0,-4.0,-1.1
-4.0,-4.0,-1.1
-4.0,-4.0,-1.1
-4.0,-4.0,-1.1
-4.0,-4.0,-1.1
-4.0,-4.0,-1.1
-4.0,-4.0,-1.1
-4.0,-4.0,-1.1
-4.0,-4.0,-1.1
-4.0,-4.0,-1.1
-4.0,-4.0,-1.1
-4.0,-4.0,-1.1
-4.0,-4.0,-1.1
-4.0,-4.0,-1.1
-4.0,-4.0,-1.1
-4.0,-4.0,-1.1
-4.0,-4.0,-1.1
-4.0,-4.0,-1.1
-4.0,-4.0,-1.1
-4.0,-4.0,-1.1
-4.0,-4.0,-1.1
-4.0,-4.0,-1.1
-4.0,-4.0,-1.1
-4.0,-4.0,-1.1
-4.0,-4.0,-1.1
-4.0,-4.0,-1.1
-4.0,-4.0,-1.1
-4.0,-4.0,-1.1
-4.0,-4.0,-1.1
-4.0,-4.0,-1.1
-4.0,-4.0,-1.1
-4.0,-4.0,-1.1
-4.0,-4.0,-1.1
-4.0,-4.0,-1.1
-4.0,-4.0,-1.1
-4.0,-4.0,-1.1
-4.0,-4.0,-1.1
-4.0,-4.0,-1.1
-4.0,-4.0,-1.1
-4.0,-4.0,-1.1
-4.0,-4.0,-1.1
-4.0,-4.0,-1.1
-4.0,-4.0,-1.1
-4.0,-4.0,-1.1
-4.0,-4.0,-1.1
-4.0,-4.0,-1.1
-4.0,-4.0,-1.1
-4.0,-4.0,-1.1
-4.0,-4.0,-1.1
-4.0,-4.0,-1.1
-4.0,-4.0,-1.1
-4.0,-4.0,-1.1
-4.0,-4.0,-1.1
-4.0,-4.0,-1.1
-4.0,-4.0,-1.1
-4.0,-4.0,-1.1
-4.0,-4.0,-1.1
-4.0,-4.0,-1.1
-4.0,-4.0,-1.1
-4.0,-4.0,-1.1
-4.0,-4.0,-1.1
-4.0,-4.0,-1.1
-4.0,-4.0,-1.1
-4.0,-4.0,-1.1
-4.0,-4.0,-1.1
-4.0,-4.0,-1.1
-4.0,-4.0,-1.1
-4.0,-4.0,-1.1
-4.0,-4.0,-1.1
-4.0,-4.0,-1.1
-4.0,-4.0,-1.1
-4.0,-4.0,-1.1
-4.0,-4.0,-1.1
-4.0,-4.0,-1.1
-4.0,-4.0,-1.1
-4.0,-4.0,-1.1
-4.0,-4.0,-1.1
-4.0,-4.0,-1.1
-4.0,-4.0,-1.1
-4.0,-4.0,-1.1
-4.0,-4.0,-1.1
-4.0,-4.0,-1.1
-4.0,-4.0,-1.1
-4.0,-4.0,-1.1
-4.0,-4.0,-1.1
-4.0,-4.0,-1.1
-4.0,-4.0,-1.1
-4.0,-4.0,-1.1
-4.0,-4.0,-1.1
-4.0,-4.0,-1.1
-4.0,-4.0,-1.1
-4.0,-4.0,-1.1
-4.0,-4.0,-1.1
-4.0,-4.0,-1.1
-4.0,-4.0,-1.1
-4.0,-4.0,-1.1
-4.0,-4.0,-1.1
-4.0,-4.0,-1.1
-4.0,-4.0,-1.1
-4.0,-4.0,-1.1
-4.0,-4.0,-1.1
-4.0,-4.0,-1.1
-4.0,-4.0,-1.1
-4.0,-4.0,-1.1
-4.0,-4.0,-1.1
-4.0,-4.0,-1.1
-4.0,-4.0,-1.1
-4.0,-4.0,-1.1
-4.0,-4.0,-1.1
-4.0,-4.0,-1.1
-4.0,-4.0,-1.1
-4.0,-4.0,-1.1
-4.0,-4.0,-1.1
-4.0,-4.0,-1.1
-4.0,-4.0,-1.1
-4.0,-4.0,-1.1
-4.0,-4.0,-1.1
-4.0,-4.0,-1.1
-4.0,-4.0,-1.1
-4.0,-4.0,-1.1
-4.0,-4.0,-1.1
-4.0,-4.0,-1.1
-4.0,-4.0,-1.1
-4.0,-4.0,-1.1
-4.0,-4.0,-1.1
-4.0,-4.0,-1.1
-4.0,-4.0,-1.1
-4.0,-4.0,-1.1
-4.0,-4.0,-1.1
-4.0,-4.0,-1.1
-4.0,-4.0,-1.1
-4.0,-4.0,-1.1
-4.0,-4.0,-1.1
-4.0,-4.0,-1.1
-4.0,-4.0,-1.1
-4.0,-4.0,-1.1
-4.0,-4.0,-1.1
-4.0,-4.0,-1.1
-4.0,-4.0,-1.1
-4.0,-4.0,-1.1
-4.0,-4.0,-1.1
-4.0,-4.0,-1.1
-4.0,-4.0,-1.1
-4.0,-4.0,-1.1
-4.0,-4.0,-1.1
-4.0,-4.0,-1.1
-4.0,-4.0,-1.1
-4.0,-4.0,-1.1
-4.0,-4.0,-1.1
-4.0,-4.0,-1.1
-4.0,-4.0,-1.1
-4.0,-4.0,-1.1
-4.0,-4.0,-1.1
-4.0,-4.0,-1.1
-4.0,-4.0,-1.1
-4.0,-4.0,-1.1
-4.0,-4.0,-1.1
-4.0,-4.0,-1.1
-4.0,-4.0,-1.1
-4.0,-4.0,-1.1
-4.0,-4.0,-1.1
-4.0,-4.0,-1.1
-4.0,-4.0,-1.1
-4.0,-4.0,-1.1
-4.0,-4.0,-1.1
-4.0,-4.0,-1.1
-4.0,-4.0,-1.1
-4.0,-4.0,-1.1
-4.0,-4.0,-1.1
-4.0,-4.0,-1.1
-4.0,-4.0,-1.1
-4.0,-4.0,-1.1
-4.0,-4.0,-1.1
-4.0,-4.0,-1.1
-4.0,-4.0,-1.1
-4.0,-4.0,-1.1
-4.0,-4.0,-1.1
-4.0,-4.0,-1.1
-4.0,-4.0,-1.1
-4.0,-4.0,-1.1
-4.0,-4.0,-1.1
-4.0,-4.0,-1.1
-4.0,-4.0,-1.1
-4.0,-4.0,-1.1
-4.0,-4.0,-1.1
-4.0,-4.0,-1.1
-4.0,-4.0,-1.1
-4.0,-4.0,-1.1
-4.0,-4.0,-1.1
-4.0,-4.0,-1.1
-4.0,-4.0,-1.1
-4.0,-4.0,-1.1
-4.0,-4.0,-1.1
-4.0,-4.0,-1.1
-4.0,-4.0,-1.1
-4.0,-4.0,-1.1
-4.0,-4.0,-1.1
-4.0,-4.0,-1.1
-4.0,-4.0,-1.1
-4.0,-4.0,-1.1
-4.0,-4.0,-1.1
-4.0,-4.0,-1.1
-4.0,-4.0,-1.1
-4.0,-4.0,-1.1
-4.0,-4.0,-1.1
-4.0,-4.0,-1.1
-4.0,-4.0,-1.1
-4.0,-4.0,-1.1
-4.0,-4.0,-1.1
-4.0,-4.0,-1.1
-4.0,-4.0,-1.1
-4.0,-4.0,-1.1
-4.0,-4.0,-1.1
-4.0,-4.0,-1.1
-4.0,-4.0,-1.1
-4.0,-4.0,-1.1
-4.0,-4.0,-1.1
-4.0,-4.0,-1.1
-4.0,-4.0,-1.1
-4.0,-4.0,-1.1
-4.0,-4.0,-1.1
-4.0,-4.0,-1.1
-4.0,-4.0,-1.1
-4.0,-4.0,-1.1
-4.0,-4.0,-1.1
-4.0,-4.0,-1.1
-4.0,-4.0,-1.1
-4.0,-4.0,-1.1
-4.0,-4.0,-1.1
-4.0,-4.0,-1.1
-4.0,-4.0,-1.1
-4.0,-4.0,-1.1
-4.0,-4.0,-1.1
-4.0,-4.0,-1.1
-4.0,-4.0,-1.1
-4.0,-4.0,-1.1
-4.0,-4.0,-1.1
-4.0,-4.0,-1.1
-4.0,-4.0,-1.1
-4.0,-4.0,-1.1
-4.0,-4.0,-1.1
-4.0,-4.0,-1.1
-4.0,-4.0,-1.1
-4.0,-4.0,-1.1
-4.0,-4.0,-1.1
-4.0,-4.0,-1.1
-4.0,-4.0,-1.1
-4.0,-4.0,-1.1
-4.0,-4.0,-1.1
-4.0,-4.0,-1.1
-4.0,-4.0,-1.1
-4.0,-4.0,-1.1
-4.0,-4.0,-1.1
-4.0,-4.0,-1.1
-4.0,-4.0,-1.1
-4.0,-4.0,-1.1
-4.0,-4.0,-1.1
-4.0,-4.0,-1.1
-4.0,-4.0,-1.1
-4.0,-4.0,-1.1
-4.0,-4.0,-1.1
-4.0,-4.0,-1.1
-4.0,-4.0,-1.1
-4.0,-4.0,-1.1
-4.0,-4.0,-1.1
-4.0,-4.0,-1.1
-4.0,-4.0,-1.1
-4.0,-4.0,-1.1
-4.0,-4.0,-1.1
-4.0,-4.0,-1.1
-4.0,-4.0,-1.1
-4.0,-4.0,-1.1
-4.0,-4.0,-1.1
-4.0,-4.0,-1.1
-4.0,-4.0,-1.1
-4.0,-4.0,-1.1
-4.0,-4.0,-1.1
-4.0,-4.0,-1.1
-4.0,-4.0,-1.1
-4.0,-4.0,-1.1
-4.0,-4.0,-1.1
-4.0,-4.0,-1.1
-4.0,-4.0,-1.1
-4.0,-4.0,-1.1
-4.0,-4.0,-1.1
-4.0,-4.0,-1.1
-4.0,-4.0,-1.1
-4.0,-4.0,-1.1
-4.0,-4.0,-1.1
-4.0,-4.0,-1.1
-4.0,-4.0,-1.1
-4.0,-4.0,-1.1
-4.0,-4.0,-1.1
-4.0,-4.0,-1.1
-4.0,-4.0,-1.1
-4.0,-4.0,-1.1
-4.0,-4.0,-1.1
-4.0,-4.0,-1.1
-4.0,-4.0,-1.1
-4.0,-4.0,-1.1
-4.0,-4.0,-1.1
-4.0,-4.0,-1.1
-4.0,-4.0,-1.1
-4.0,-4.0,-1.1
-4.0,-4.0,-1.1
-4.0,-4.0,-1.1
-4.0,-4.0,-1.1
-4.0,-4.0,-1.1
-4.0,-4.0,-1.1
-4.0,-4.0,-1.1
-4.0,-4.0,-1.1
-4.0,-4.0,-1.1
-4.0,-4.0,-1.1
-4.0,-4.0,-1.1
-4.0,-4.0,-1.1
-4.0,-4.0,-1.1
-4.0,-4.0,-1.1
-4.0,-4.0,-1.1
-4.0,-4.0,-1.1
-4.0,-4.0,-1.1
-4.0,-4.0,-1.1
-4.0,-4.0,-1.1
-4.0,-4.0,-1.1
-4.0,-4.0,-1.1
-4.0,-4.0,-1.1
-4.0,-4.0,-1.1
-4.0,-4.0,-1.1
-4.0,-4.0,-1.1
-4.0,-4.0,-1.1
-4.0,-4.0,-1.1
-4.0,-4.0,-1.1
-4.0,-4.0,-1.1
-4.0,-4.0,-1.1
-4.0,-4.0,-1.1
-4.0,-4.0,-1.1
-4.0,-4.0,-1.1
-4.0,-4.0,-1.1
-4.0,-4.0,-1.1
-4.0,-4.0,-1.1
-4.0,-4.0,-1.1
-4.0,-4.0,-1.1
-4.0,-4.0,-1.1
-4.0,-4.0,-1.1
-4.0,-4.0,-1.1
-4.0,-4.0,-1.1
-4.0,-4.0,-1.1
-4.0,-4.0,-1.1
-4.0,-4.0,-1.1
-4.0,-4.0,-1.1
-4.0,-4.0,-1.1
-4.0,-4.0,-1.1
-4.0,-4.0,-1.1
-4.0,-4.0,-1.1
-4.0,-4.0,-1.1
-4.0,-4.0,-1.1
-4.0,-4.0,-1.1
-4.0,-4.0,-1.1
-4.0,-4.0,-1.1
-4.0,-4.0,-1.1
-4.0,-4.0,-1.1
-4.0,-4.0,-1.1
-4.0,-4.0,-1.1
-4.0,-4.0,-1.1
-4.0,-4.0,-1.1
-4.0,-4.0,-1.1
-4.0,-4.0,-1.1
-4.0,-4.0,-1.1
-4.0,-4.0,-1.1
-4.0,-4.0,-1.1
-4.0,-4.0,-1.1
-4.0,-4.0,-1.1
-4.0,-4.0,-1.1
-4.0,-4.0,-1.1
-4.0,-4.0,-1.1
-4.0,-4.0,-1.1
-4.0,-4.0,-1.1
-4.0,-4.0,-1.1
-4.0,-4.0,-1.1
-4.0,-4.0,-1.1
-4.0,-4.0,-1.1
-4.0,-4.0,-1.1
-4.0,-4.0,-1.1
-4.0,-4.0,-1.1
-4.0,-4.0,-1.1
-4.0,-4.0,-1.1
-4.0,-4.0,-1.1
-4.0,-4.0,-1.1
-4.0,-4.0,-1.1
-4.0,-4.0,-1.1
-4.0,-4.0,-1.1
-4.0,-4.0,-1.1
-4.0,-4.0,-1.1
-4.0,-4.0,-1.1
-4.0,-4.0,-1.1
-4.0,-4.0,-1.1
-4.0,-4.0,-1.1
-4.0,-4.0,-1.1
-4.0,-4.0,-1.1
-4.0,-4.0,-1.1
-4.0,-4.0,-1.1
-4.0,-4.0,-1.1
-4.0,-4.0,-1.1
-4.0,-4.0,-1.1
-4.0,-4.0,-1.1
-4.0,-4.0,-1.1
-4.0,-4.0,-1.1
-4.0,-4.0,-1.1
-4.0,-4.0,-1.1
-4.0,-4.0,-1.1
-4.0,-4.0,-1.1
-4.0,-4.0,-1.1
-4.0,-4.0,-1.1
-4.0,-4.0,-1.1
-4.0,-4.0,-1.1
-4.0,-4.0,-1.1
-4.0,-4.0,-1.1
-4.0,-4.0,-1.1
-4.0,-4.0,-1.1
-4.0,-4.0,-1.1
-4.0,-4.0,-1.1
-4.0,-4.0,-1.1
-4.0,-4.0,-1.1
-4.0,-4.0,-1.1
-4.0,-4.0,-1.1
-4.0,-4.0,-1.1
-4.0,-4.0,-1.1
-4.0,-4.0,-1.1
-4.0,-4.0,-1.1
-4.0,-4.0,-1.1
-4.0,-4.0,-1.1
-4.0,-4.0,-1.1
-4.0,-4.0,-1.1
-4.0,-4.0,-1.1
-4.0,-4.0,-1.1
-4.0,-4.0,-1.1
-4.0,-4.0,-1.1
-4.0,-4.0,-1.1
-4.0,-4.0,-1.1
-4.0,-4.0,-1.1
-4.0,-4.0,-1.1
-4.0,-4.0,-1.1
-4.0,-4.0,-1.1
-4.0,-4.0,-1.1
-4.0,-4.0,-1.1
-4.0,-4.0,-1.1
-4.0,-4.0,-1.1
-4.0,-4.0,-1.1
-4.0,-4.0,-1.1
-4.0,-4.0,-1.1
-4.0,-4.0,-1.1
-4.0,-4.0,-1.1
-4.0,-4.0,-1.1
-4.0,-4.0,-1.1
-4.0,-4.0,-1.1
-4.0,-4.0,-1.1
-4.0,-4.0,-1.1
-4.0,-4.0,-1.1
-4.0,-4.0,-1.1
-4.0,-4.0,-1.1
-4.0,-4.0,-1.1
-4.0,-4.0,-1.1
-4.0,-4.0,-1.1
-4.0,-4.0,-1.1
-4.0,-4.0,-1.1
-4.0,-4.0,-1.1
-4.0,-4.0,-1.1
-4.0,-4.0,-1.1
-4.0,-4.0,-1.1
-4.0,-4.0,-1.1
-4.0,-4.0,-1.1
-4.0,-4.0,-1.1
-4.0,-4.0,-1.1
-4.0,-4.0,-1.1
-4.0,-4.0,-1.1
-4.0,-4.0,-1.1
-4.0,-4.0,-1.1
-4.0,-4.0,-1.1
-4.0,-4.0,-1.1
-4.0,-4.0,-1.1
-4.0,-4.0,-1.1
-4.0,-4.0,-1.1
-4.0,-4.0,-1.1
-4.0,-4.0,-1.1
-4.0,-4.0,-1.1
-4.0,-4.0,-1.1
-4.0,-4.0,-1.1
-4.0,-4.0,-1.1
-4.0,-4.0,-1.1
-4.0,-4.0,-1.1
-4.0,-4.0,-1.1
-4.0,-4.0,-1.1
-4.0,-4.0,-1.1
-4.0,-4.0,-1.1
-4.0,-4.0,-1.1
-4.0,-4.0,-1.1
-4.0,-4.0,-1.1
-4.0,-4.0,-1.1
-4.0,-4.0,-1.1
-4.0,-4.0,-1.1
-4.0,-4.0,-1.1
-4.0,-4.0,-1.1
-4.0,-4.0,-1.1
-4.0,-4.0,-1.1
-4.0,-4.0,-1.1
-4.0,-4.0,-1.1
-4.0,-4.0,-1.1
-4.0,-4.0,-1.1
-4.0,-4.0,-1.1
-4.0,-4.0,-1.1
-4.0,-4.0,-1.1
-4.0,-4.0,-1.1
-4.0,-4.0,-1.1
-4.0,-4.0,-1.1
-4.0,-4.0,-1.1
-4.0,-4.0,-1.1
-4.0,-4.0,-1.1
-4.0,-4.0,-1.1
-4.0,-4.0,-1.1
-4.0,-4.0,-1.1
-4.0,-4.0,-1.1
-4.0,-4.0,-1.1
-4.0,-4.0,-1.1
-4.0,-4.0,-1.1
-4.0,-4.0,-1.1
-4.0,-4.0,-1.1
-4.0,-4.0,-1.1
-4.0,-4.0,-1.1
-4.0,-4.0,-1.1
-4.0,-4.0,-1.1
-4.0,-4.0,-1.1
-4.0,-4.0,-1.1
-4.0,-4.0,-1.1
-4.0,-4.0,-1.1
-4.0,-4.0,-1.1
-4.0,-4.0,-1.1
-4.0,-4.0,-1.1
-4.0,-4.0,-1.1
-4.0,-4.0,-1.1
-4.0,-4.0,-1.1
-4.0,-4.0,-1.1
-4.0,-4.0,-1.1
-4.0,-4.0,-1.1
-4.0,-4.0,-1.1
-4.0,-4.0,-1.1
-4.0,-4.0,-1.1
-4.0,-4.0,-1.1
-4.0,-4.0,-1.1
-4.0,-4.0,-1.1
-4.0,-4.0,-1.1
-4.0,-4.0,-1.1
-4.0,-4.0,-1.1
-4.0,-4.0,-1.1
-4.0,-4.0,-1.1
-4.0,-4.0,-1.1
-4.0,-4.0,-1.1
-4.0,-4.0,-1.1
-4.0,-4.0,-1.1
-4.0,-4.0,-1.1
-4.0,-4.0,-1.1
-4.0,-4.0,-1.1
-4.0,-4.0,-1.1
-4.0,-4.0,-1.1
-4.0,-4.0,-1.1
-4.0,-4.0,-1.1
-4.0,-4.0,-1.1
-4.0,-4.0,-1.1
-4.0,-4.0,-1.1
-4.0,-4.0,-1.1
-4.0,-4.0,-1.1
-4.0,-4.0,-1.1
-4.0,-4.0,-1.1
-4.0,-4.0,-1.1
-4.0,-4.0,-1.1
-4.0,-4.0,-1.1
-4.0,-4.0,-1.1
-4.0,-4.0,-1.1
-4.0,-4.0,-1.1
-4.0,-4.0,-1.1
-4.0,-4.0,-1.1
-4.0,-4.0,-1.1
-4.0,-4.0,-1.1
-4.0,-4.0,-1.1
-4.0,-4.0,-1.1
-4.0,-4.0,-1.1
-4.0,-4.0,-1.1
-4.0,-4.0,-1.1
-4.0,-4.0,-1.1
-4.0,-4.0,-1.1
-4.0,-4.0,-1.1
-4.0,-4.0,-1.1
-4.0,-4.0,-1.1
-4.0,-4.0,-1.1
-4.0,-4.0,-1.1
-4.0,-4.0,-1.1
-4.0,-4.0,-1.1
-4.0,-4.0,-1.1
-4.0,-4.0,-1.1
-4.0,-4.0,-1.1
-4.0,-4.0,-1.1
-4.0,-4.0,-1.1
-4.0,-4.0,-1.1
-4.0,-4.0,-1.1
-4.0,-4.0,-1.1
-4.0,-4.0,-1.1
-4.0,-4.0,-1.1
-4.0,-4.0,-1.1
-4.0,-4.0,-1.1
-4.0,-4.0,-1.1
-4.0,-4.0,-1.1
-4.0,-4.0,-1.1
-4.0,-4.0,-1.1
-4.0,-4.0,-1.1
-4.0,-4.0,-1.1
-4.0,-4.0,-1.1
-4.0,-4.0,-1.1
-4.0,-4.0,-1.1
-4.0,-4.0,-1.1
-4.0,-4.0,-1.1
-4.0,-4.0,-1.1
-4.0,-4.0,-1.1
-4.0,-4.0,-1.1
-4.0,-4.0,-1.1
-4.0,-4.0,-1.1
-4.0,-4.0,-1.1
-4.0,-4.0,-1.1
-4.0,-4.0,-1.1
-4.0,-4.0,-1.1
-4.0,-4.0,-1.1
-4.0,-4.0,-1.1
-4.0,-4.0,-1.1
-4.0,-4.0,-1.1
-4.0,-4.0,-1.1
-4.0,-4.0,-1.1
-4.0,-4.0,-1.1
-4.0,-4.0,-1.1
-4.0,-4.0,-1.1
-4.0,-4.0,-1.1
-4.0,-4.0,-1.1
-4.0,-4.0,-1.1
-4.0,-4.0,-1.1
-4.0,-4.0,-1.1
-4.0,-4.0,-1.1
-4.0,-4.0,-1.1
-4.0,-4.0,-1.1
-4.0,-4.0,-1.1
-4.0,-4.0,-1.1
-4.0,-4.0,-1.1
-4.0,-4.0,-1.1
-4.0,-4.0,-1.1
-4.0,-4.0,-1.1
-4.0,-4.0,-1.1
-4.0,-4.0,-1.1
-4.0,-4.0,-1.1
-4.0,-4.0,-1.1
-4.0,-4.0,-1.1
-4.0,-4.0,-1.1
-4.0,-4.0,-1.1
-4.0,-4.0,-1.1
-4.0,-4.0,-1.1
-4.0,-4.0,-1.1
-4.0,-4.0,-1.1
-4.0,-4.0,-1.1
-4.0,-4.0,-1.1
-4.0,-4.0,-1.1
-4.0,-4.0,-1.1
-4.0,-4.0,-1.1
-4.0,-4.0,-1.1
-4.0,-4.0,-1.1
-4.0,-4.0,-1.1
-4.0,-4.0,-1.1
-4.0,-4.0,-1.1
-4.0,-4.0,-1.1
-4.0,-4.0,-1.1
-4.0,-4.0,-1.1
-4.0,-4.0,-1.1
-4.0,-4.0,-1.1
-4.0,-4.0,-1.1
-4.0,-4.0,-1.1
-4.0,-4.0,-1.1
-4.0,-4.0,-1.1
-4.0,-4.0,-1.1
-4.0,-4.0,-1.1
-4.0,-4.0,-1.1
-4.0,-4.0,-1.1
-4.0,-4.0,-1.1
-4.0,-4.0,-1.1
-4.0,-4.0,-1.1
-4.0,-4.0,-1.1
-4.0,-4.0,-1.1
-4.0,-4.0,-1.1
-4.0,-4.0,-1.1
-4.0,-4.0,-1.1
-4.0,-4.0,-1.1
-4.0,-4.0,-1.1
-4.0,-4.0,-1.1
-4.0,-4.0,-1.1
-4.0,-4.0,-1.1
-4.0,-4.0,-1.1
-4.0,-4.0,-1.1
-4.0,-4.0,-1.1
-4.0,-4.0,-1.1
-4.0,-4.0,-1.1
-4.0,-4.0,-1.1
-4.0,-4.0,-1.1
-4.0,-4.0,-1.1
-4.0,-4.0,-1.1
-4.0,-4.0,-1.1
-4.0,-4.0,-1.1
-4.0,-4.0,-1.1
-4.0,-4.0,-1.1
-4.0,-4.0,-1.1
-4.0,-4.0,-1.1
-4.0,-4.0,-1.1
-4.0,-4.0,-1.1
-4.0,-4.0,-1.1
-4.0,-4.0,-1.1
-4.0,-4.0,-1.1
-4.0,-4.0,-1.1
-4.0,-4.0,-1.1
-4.0,-4.0,-1.1
-4.0,-4.0,-1.1
-4.0,-4.0,-1.1
-4.0,-4.0,-1.1
-4.0,-4.0,-1.1
-4.0,-4.0,-1.1
-4.0,-4.0,-1.1
-4.0,-4.0,-1.1
-4.0,-4.0,-1.1
-4.0,-4.0,-1.1
-4.0,-4.0,-1.1
-4.0,-4.0,-1.1
-4.0,-4.0,-1.1
-4.0,-4.0,-1.1
-4.0,-4.0,-1.1
-4.0,-4.0,-1.1
-4.0,-4.0,-1.1
-4.0,-4.0,-1.1
-4.0,-4.0,-1.1
-4.0,-4.0,-1.1
-4.0,-4.0,-1.1
-4.0,-4.0,-1.1
-4.0,-4.0,-1.1
-4.0,-4.0,-1.1
-4.0,-4.0,-1.1
-4.0,-4.0,-1.1
-4.0,-4.0,-1.1
-4.0,-4.0,-1.1
-4.0,-4.0,-1.1
-4.0,-4.0,-1.1
-4.0,-4.0,-1.1
-4.0,-4.0,-1.1
-4.0,-4.0,-1.1
-4.0,-4.0,-1.1
-4.0,-4.0,-1.1
-4.0,-4.0,-1.1
-4.0,-4.0,-1.1
-4.0,-4.0,-1.1
-4.0,-4.0,-1.1
-4.0,-4.0,-1.1
-4.0,-4.0,-1.1
-4.0,-4.0,-1.1
-4.0,-4.0,-1.1
-4.0,-4.0,-1.1
-4.0,-4.0,-1.1
-4.0,-4.0,-1.1
-4.0,-4.0,-1.1
-4.0,-4.0,-1.1
-4.0,-4.0,-1.1
-4.0,-4.0,-1.1
-4.0,-4.0,-1.1
-4.0,-4.0,-1.1
-4.0,-4.0,-1.1
-4.0,-4.0,-1.1
-4.0,-4.0,-1.1
-4.0,-4.0,-1.1
-4.0,-4.0,-1.1
-4.0,-4.0,-1.1
-4.0,-4.0,-1.1
-4.0,-4.0,-1.1
-4.0,-4.0,-1.1
-4.0,-4.0,-1.1
-4.0,-4.0,-1.1
-4.0,-4.0,-1.1
-4.0,-4.0,-1.1
-4.0,-4.0,-1.1
-4.0,-4.0,-1.1
-4.0,-4.0,-1.1
-4.0,-4.0,-1.1
-4.0,-4.0,-1.1
-4.0,-4.0,-1.1
-4.0,-4.0,-1.1
-4.0,-4.0,-1.1
-4.0,-4.0,-1.1
-4.0,-4.0,-1.1
-4.0,-4.0,-1.1
-4.0,-4.0,-1.1
-4.0,-4.0,-1.1
-4.0,-4.0,-1.1
-4.0,-4.0,-1.1
-4.0,-4.0,-1.1
-4.0,-4.0,-1.1
-4.0,-4.0,-1.1
-4.0,-4.0,-1.1
-4.0,-4.0,-1.1
-4.0,-4.0,-1.1
-4.0,-4.0,-1.1
-4.0,-4.0,-1.1
-4.0,-4.0,-1.1
-4.0,-4.0,-1.1
-4.0,-4.0,-1.1
-4.0,-4.0,-1.1
-4.0,-4.0,-1.1
-4.0,-4.0,-1.1
-4.0,-4.0,-1.1
-4.0,-4.0,-1.1
-4.0,-4.0,-1.1
-4.0,-4.0,-1.1
-4.0,-4.0,-1.1
-4.0,-4.0,-1.1
-4.0,-4.0,-1.1
-4.0,-4.0,-1.1
-4.0,-4.0,-1.1
-4.0,-4.0,-1.1
-4.0,-4.0,-1.1
-4.0,-4.0,-1.1
-4.0,-4.0,-1.1
-4.0,-4.0,-1.1
-4.0,-4.0,-1.1
-4.0,-4.0,-1.1
-4.0,-4.0,-1.1
-4.0,-4.0,-1.1
-4.0,-4.0,-1.1
-4.0,-4.0,-1.1
-4.0,-4.0,-1.1
-4.0,-4.0,-1.1
-4.0,-4.0,-1.1
-4.0,-4.0,-1.1
-4.0,-4.0,-1.1
-4.0,-4.0,-1.1
-4.0,-4.0,-1.1
-4.0,-4.0,-1.1
-4.0,-4.0,-1.1
-4.0,-4.0,-1.1
-4.0,-4.0,-1.1
-4.0,-4.0,-1.1
-4.0,-4.0,-1.1
-4.0,-4.0,-1.1
-4.0,-4.0,-1.1
-4.0,-4.0,-1.1
-4.0,-4.0,-1.1
-4.0,-4.0,-1.1
-4.0,-4.0,-1.1
-4.0,-4.0,-1.1
-4.0,-4.0,-1.1
-4.0,-4.0,-1.1
-4.0,-4.0,-1.1
-4.0,-4.0,-1.1
-4.0,-4.0,-1.1
-4.0,-4.0,-1.1
-4.0,-4.0,-1.1
-4.0,-4.0,-1.1
-4.0,-4.0,-1.1
-4.0,-4.0,-1.1
-4.0,-4.0,-1.1
-4.0,-4.0,-1.1
-4.0,-4.0,-1.1
-4.0,-4.0,-1.1
-4.0,-4.0,-1.1
-4.0,-4.0,-1.1
-4.0,-4.0,-1.1
-4.0,-4.0,-1.1
-4.0,-4.0,-1.1
-4.0,-4.0,-1.1
-4.0,-4.0,-1.1
-4.0,-4.0,-1.1
-4.0,-4.0,-1.1
-4.0,-4.0,-1.1
-4.0,-4.0,-1.1
-4.0,-4.0,-1.1
-4.0,-4.0,-1.1
-4.0,-4.0,-1.1
-4.0,-4.0,-1.1
-4.0,-4.0,-1.1
-4.0,-4.0,-1.1
-4.0,-4.0,-1.1
-4.0,-4.0,-1.1
-4.0,-4.0,-1.1
-4.0,-4.0,-1.1
-4.0,-4.0,-1.1
-4.0,-4.0,-1.1
-4.0,-4.0,-1.1
-4.0,-4.0,-1.1
-4.0,-4.0,-1.1
-4.0,-4.0,-1.1
-4.0,-4.0,-1.1
-4.0,-4.0,-1.1
-4.0,-4.0,-1.1
-4.0,-4.0,-1.1
-4.0,-4.0,-1.1
-4.0,-4.0,-1.1
-4.0,-4.0,-1.1
-4.0,-4.0,-1.1
-4.0,-4.0,-1.1
-4.0,-4.0,-1.1
-4.0,-4.0,-1.1
-4.0,-4.0,-1.1
-4.0,-4.0,-1.1
-4.0,-4.0,-1.1
-4.0,-4.0,-1.1
-4.0,-4.0,-1.1
-4.0,-4.0,-1.1
-4.0,-4.0,-1.1
-4.0,-4.0,-1.1
-4.0,-4.0,-1.1
-4.0,-4.0,-1.1
-4.0,-4.0,-1.1
-4.0,-4.0,-1.1
-4.0,-4.0,-1.1
-4.0,-4.0,-1.1
-4.0,-4.0,-1.1
-4.0,-4.0,-1.1
-4.0,-4.0,-1.1
-4.0,-4.0,-1.1
-4.0,-4.0,-1.1
-4.0,-4.0,-1.1
-4.0,-4.0,-1.1
-4.0,-4.0,-1.1
-4.0,-4.0,-1.1
-4.0,-4.0,-1.1
-4.0,-4.0,-1.1
-4.0,-4.0,-1.1
-4.0,-4.0,-1.1
-4.0,-4.0,-1.1
-4.0,-4.0,-1.1
-4.0,-4.0,-1.1
-4.0,-4.0,-1.1
-4.0,-4.0,-1.1
-4.0,-4.0,-1.1
-4.0,-4.0,-1.1
-4.0,-4.0,-1.1
-4.0,-4.0,-1.1
-4.0,-4.0,-1.1
-4.0,-4.0,-1.1
-4.0,-4.0,-1.1
-4.0,-4.0,-1.1
-4.0,-4.0,-1.1
-4.0,-4.0,-1.1
-4.0,-4.0,-1.1
-4.0,-4.0,-1.1
-4.0,-4.0,-1.1
-4.0,-4.0,-1.1
-4.0,-4.0,-1.1
-4.0,-4.0,-1.1
-4.0,-4.0,-1.1
-4.0,-4.0,-1.1
-4.0,-4.0,-1.1
-4.0,-4.0,-1.1
-4.0,-4.0,-1.1
-4.0,-4.0,-1.1
-4.0,-4.0,-1.1
-4.0,-4.0,-1.1
-4.0,-4.0,-1.1
-4.0,-4.0,-1.1
-4.0,-4.0,-1.1
-4.0,-4.0,-1.1
-4.0,-4.0,-1.1
-4.0,-4.0,-1.1
-4.0,-4.0,-1.1
-4.0,-4.0,-1.1
-4.0,-4.0,-1.1
-4.0,-4.0,-1.1
-4.0,-4.0,-1.1
-4.0,-4.0,-1.1
-4.0,-4.0,-1.1
-4.0,-4.0,-1.1
-4.0,-4.0,-1.1
-4.0,-4.0,-1.1
-4.0,-4.0,-1.1
-4.0,-4.0,-1.1
-4.0,-4.0,-1.1
-4.0,-4.0,-1.1
-4.0,-4.0,-1.1
-4.0,-4.0,-1.1
-4.0,-4.0,-1.1
-4.0,-4.0,-1.1
-4.0,-4.0,-1.1
-4.0,-4.0,-1.1
-4.0,-4.0,-1.1
-4.0,-4.0,-1.1
-4.0,-4.0,-1.1
-4.0,-4.0,-1.1
-4.0,-4.0,-1.1
-4.0,-4.0,-1.1
-4.0,-4.0,-1.1
-4.0,-4.0,-1.1
-4.0,-4.0,-1.1
-4.0,-4.0,-1.1
-4.0,-4.0,-1.1
-4.0,-4.0,-1.1
-4.0,-4.0,-1.1
-4.0,-4.0,-1.1
-4.0,-4.0,-1.1
-4.0,-4.0,-1.1
-4.0,-4.0,-1.1
-4.0,-4.0,-1.1
-4.0,-4.0,-1.1
-4.0,-4.0,-1.1
-4.0,-4.0,-1.1
-4.0,-4.0,-1.1
-4.0,-4.0,-1.1
-4.0,-4.0,-1.1
-4.0,-4.0,-1.1
-4.0,-4.0,-1.1
-4.0,-4.0,-1.1
-4.0,-4.0,-1.1
-4.0,-4.0,-1.1
-4.0,-4.0,-1.1
-4.0,-4.0,-1.1
-4.0,-4.0,-1.1
-4.0,-4.0,-1.1
-4.0,-4.0,-1.1
-4.0,-4.0,-1.1
-4.0,-4.0,-1.1
-4.0,-4.0,-1.1
-4.0,-4.0,-1.1
-4.0,-4.0,-1.1
-4.0,-4.0,-1.1
-4.0,-4.0,-1.1
-4.0,-4.0,-1.1
-4.0,-4.0,-1.1
-4.0,-4.0,-1.1
-4.0,-4.0,-1.1
-4.0,-4.0,-1.1
-4.0,-4.0,-1.1
-4.0,-4.0,-1.1
-4.0,-4.0,-1.1
-4.0,-4.0,-1.1
-4.0,-4.0,-1.1
-4.0,-4.0,-1.1
-4.0,-4.0,-1.1
-4.0,-4.0,-1.1
-4.0,-4.0,-1.1
-4.0,-4.0,-1.1
-4.0,-4.0,-1.1
-4.0,-4.0,-1.1
-4.0,-4.0,-1.1
-4.0,-4.0,-1.1
-4.0,-4.0,-1.1
-4.0,-4.0,-1.1
-4.0,-4.0,-1.1
-4.0,-4.0,-1.1
-4.0,-4.0,-1.1
-4.0,-4.0,-1.1
-4.0,-4.0,-1.1
-4.0,-4.0,-1.1
-4.0,-4.0,-1.1
-4.0,-4.0,-1.1
-4.0,-4.0,-1.1
-4.0,-4.0,-1.1
-4.0,-4.0,-1.1
-4.0,-4.0,-1.1
-4.0,-4.0,-1.1
-4.0,-4.0,-1.1
-4.0,-4.0,-1.1
-4.0,-4.0,-1.1
-4.0,-4.0,-1.1
-4.0,-4.0,-1.1
-4.0,-4.0,-1.1
-4.0,-4.0,-1.1
-4.0,-4.0,-1.1
-4.0,-4.0,-1.1
-4.0,-4.0,-1.1
-4.0,-4.0,-1.1
-4.0,-4.0,-1.1
-4.0,-4.0,-1.1
-4.0,-4.0,-1.1
-4.0,-4.0,-1.1
-4.0,-4.0,-1.1
-4.0,-4.0,-1.1
-4.0,-4.0,-1.1
-4.0,-4.0,-1.1
-4.0,-4.0,-1.1
-4.0,-4.0,-1.1
-4.0,-4.0,-1.1
-4.0,-4.0,-1.1
-4.0,-4.0,-1.1
-4.0,-4.0,-1.1
-4.0,-4.0,-1.1
-4.0,-4.0,-1.1
-4.0,-4.0,-1.1
-4.0,-4.0,-1.1
-4.0,-4.0,-1.1
-4.0,-4.0,-1.1
-4.0,-4.0,-1.1
-4.0,-4.0,-1.1
-4.0,-4.0,-1.1
-4.0,-4.0,-1.1
-4.0,-4.0,-1.1
-4.0,-4.0,-1.1
-4.0,-4.0,-1.1
-4.0,-4.0,-1.1
-4.0,-4.0,-1.1
-4.0,-4.0,-1.1
-4.0,-4.0,-1.1
-4.0,-4.0,-1.1
-4.0,-4.0,-1.1
-4.0,-4.0,-1.1
-4.0,-4.0,-1.1
-4.0,-4.0,-1.1
-4.0,-4.0,-1.1
-4.0,-4.0,-1.1
-4.0,-4.0,-1.1
-4.0,-4.0,-1.1
-4.0,-4.0,-1.1
-4.0,-4.0,-1.1
-4.0,-4.0,-1.1
-4.0,-4.0,-1.1
-4.0,-4.0,-1.1
-4.0,-4.0,-1.1
-4.0,-4.0,-1.1
-4.0,-4.0,-1.1
-4.0,-4.0,-1.1
-4.0,-4.0,-1.1
-4.0,-4.0,-1.1
-4.0,-4.0,-1.1
-4.0,-4.0,-1.1
-4.0,-4.0,-1.1
-4.0,-4.0,-1.1
-4.0,-4.0,-1.1
-4.0,-4.0,-1.1
-4.0,-4.0,-1.1
-4.0,-4.0,-1.1
-4.0,-4.0,-1.1
-4.0,-4.0,-1.1
-4.0,-4.0,-1.1
-4.0,-4.0,-1.1
-4.0,-4.0,-1.1
-4.0,-4.0,-1.1
-4.0,-4.0,-1.1
-4.0,-4.0,-1.1
-4.0,-4.0,-1.1
-4.0,-4.0,-1.1
-4.0,-4.0,-1.1
-4.0,-4.0,-1.1
-4.0,-4.0,-1.1
-4.0,-4.0,-1.1
-4.0,-4.0,-1.1
-4.0,-4.0,-1.1
-4.0,-4.0,-1.1
-4.0,-4.0,-1.1
-4.0,-4.0,-1.1
-4.0,-4.0,-1.1
-4.0,-4.0,-1.1
-4.0,-4.0,-1.1
-4.0,-4.0,-1.1
-4.0,-4.0,-1.1
-4.0,-4.0,-1.1
-4.0,-4.0,-1.1
-4.0,-4.0,-1.1
-4.0,-4.0,-1.1
-4.0,-4.0,-1.1
-4.0,-4.0,-1.1
-4.0,-4.0,-1.1
-4.0,-4.0,-1.1
-4.0,-4.0,-1.1
-4.0,-4.0,-1.1
-4.0,-4.0,-1.1
-4.0,-4.0,-1.1
-4.0,-4.0,-1.1
-4.0,-4.0,-1.1
-4.0,-4.0,-1.1
-4.0,-4.0,-1.1
-4.0,-4.0,-1.1
-4.0,-4.0,-1.1
-4.0,-4.0,-1.1
-4.0,-4.0,-1.1
-4.0,-4.0,-1.1
-4.0,-4.0,-1.1
-4.0,-4.0,-1.1
-4.0,-4.0,-1.1
-4.0,-4.0,-1.1
-4.0,-4.0,-1.1
-4.0,-4.0,-1.1
-4.0,-4.0,-1.1
-4.0,-4.0,-1.1
-4.0,-4.0,-1.1
-4.0,-4.0,-1.1
-4.0,-4.0,-1.1
-4.0,-4.0,-1.1
-4.0,-4.0,-1.1
-4.0,-4.0,-1.1
-4.0,-4.0,-1.1
-4.0,-4.0,-1.1
-4.0,-4.0,-1.1
-4.0,-4.0,-1.1
-4.0,-4.0,-1.1
-4.0,-4.0,-1.1
-4.0,-4.0,-1.1
-4.0,-4.0,-1.1
-4.0,-4.0,-1.1
-4.0,-4.0,-1.1
-4.0,-4.0,-1.1
-4.0,-4.0,-1.1
-4.0,-4.0,-1.1
-4.0,-4.0,-1.1
-4.0,-4.0,-1.1
-4.0,-4.0,-1.1
-4.0,-4.0,-1.1
-4.0,-4.0,-1.1
-4.0,-4.0,-1.1
-4.0,-4.0,-1.1
-4.0,-4.0,-1.1
-4.0,-4.0,-1.1
-4.0,-4.0,-1.1
-4.0,-4.0,-1.1
-4.0,-4.0,-1.1
-4.0,-4.0,-1.1
-4.0,-4.0,-1.1
-4.0,-4.0,-1.1
-4.0,-4.0,-1.1
-4.0,-4.0,-1.1
-4.0,-4.0,-1.1
-4.0,-4.0,-1.1
-4.0,-4.0,-1.1
-4.0,-4.0,-1.1
-4.0,-4.0,-1.1
-4.0,-4.0,-1.1
-4.0,-4.0,-1.1
-4.0,-4.0,-1.1
-4.0,-4.0,-1.1
-4.0,-4.0,-1.1
-4.0,-4.0,-1.1
-4.0,-4.0,-1.1
-4.0,-4.0,-1.1
-4.0,-4.0,-1.1
-4.0,-4.0,-1.1
-4.0,-4.0,-1.1
-4.0,-4.0,-1.1
-4.0,-4.0,-1.1
-4.0,-4.0,-1.1
-4.0,-4.0,-1.1
-4.0,-4.0,-1.1
-4.0,-4.0,-1.1
-4.0,-4.0,-1.1
-4.0,-4.0,-1.1
-4.0,-4.0,-1.1
-4.0,-4.0,-1.1
-4.0,-4.0,-1.1
-4.0,-4.0,-1.1
-4.0,-4.0,-1.1
-4.0,-4.0,-1.1
-4.0,-4.0,-1.1
-4.0,-4.0,-1.1
-4.0,-4.0,-1.1
-4.0,-4.0,-1.1
-4.0,-4.0,-1.1
-4.0,-4.0,-1.1
-4.0,-4.0,-1.1
-4.0,-4.0,-1.1
-4.0,-4.0,-1.1
-4.0,-4.0,-1.1
-4.0,-4.0,-1.1
-4.0,-4.0,-1.1
-4.0,-4.0,-1.1
-4.0,-4.0,-1.1
-4.0,-4.0,-1.1
-4.0,-4.0,-1.1
-4.0,-4.0,-1.1
-4.0,-4.0,-1.1
-4.0,-4.0,-1.1
-4.0,-4.0,-1.1
-4.0,-4.0,-1.1
-4.0,-4.0,-1.1
-4.0,-4.0,-1.1
-4.0,-4.0,-1.1
-4.0,-4.0,-1.1
-4.0,-4.0,-1.1
-4.0,-4.0,-1.1
-4.0,-4.0,-1.1
-4.0,-4.0,-1.1
-4.0,-4.0,-1.1
-4.0,-4.0,-1.1
-4.0,-4.0,-1.1
-4.0,-4.0,-1.1
-4.0,-4.0,-1.1
-4.0,-4.0,-1.1
-4.0,-4.0,-1.1
-4.0,-4.0,-1.1
-4.0,-4.0,-1.1
-4.0,-4.0,-1.1
-4.0,-4.0,-1.1
-4.0,-4.0,-1.1
-4.0,-4.0,-1.1
-4.0,-4.0,-1.1
-4.0,-4.0,-1.1
-4.0,-4.0,-1.1
-4.0,-4.0,-1.1
-4.0,-4.0,-1.1
-4.0,-4.0,-1.1
-4.0,-4.0,-1.1
-4.0,-4.0,-1.1
-4.0,-4.0,-1.1
-4.0,-4.0,-1.1
-4.0,-4.0,-1.1
-4.0,-4.0,-1.1
-4.0,-4.0,-1.1
-4.0,-4.0,-1.1
-4.0,-4.0,-1.1
-4.0,-4.0,-1.1
-4.0,-4.0,-1.1
-4.0,-4.0,-1.1
-4.0,-4.0,-1.1
-4.0,-4.0,-1.1
-4.0,-4.0,-1.1
-4.0,-4.0,-1.1
-4.0,-4.0,-1.1
-4.0,-4.0,-1.1
-4.0,-4.0,-1.1
-4.0,-4.0,-1.1
-4.0,-4.0,-1.1
-4.0,-4.0,-1.1
-4.0,-4.0,-1.1
-4.0,-4.0,-1.1
-4.0,-4.0,-1.1
-4.0,-4.0,-1.1
-4.0,-4.0,-1.1
-4.0,-4.0,-1.1
-4.0,-4.0,-1.1
-4.0,-4.0,-1.1
-4.0,-4.0,-1.1
-4.0,-4.0,-1.1
-4.0,-4.0,-1.1
-4.0,-4.0,-1.1
-4.0,-4.0,-1.1
-4.0,-4.0,-1.1
-4.0,-4.0,-1.1
-4.0,-4.0,-1.1
-4.0,-4.0,-1.1
-4.0,-4.0,-1.1
-4.0,-4.0,-1.1
-4.0,-4.0,-1.1
-4.0,-4.0,-1.1
-4.0,-4.0,-1.1
-4.0,-4.0,-1.1
-4.0,-4.0,-1.1
-4.0,-4.0,-1.1
-4.0,-4.0,-1.1
-4.0,-4.0,-1.1
-4.0,-4.0,-1.1
-4.0,-4.0,-1.1
-4.0,-4.0,-1.1
-4.0,-4.0,-1.1
-4.0,-4.0,-1.1
-4.0,-4.0,-1.1
-4.0,-4.0,-1.1
-4.0,-4.0,-1.1
-4.0,-4.0,-1.1
-4.0,-4.0,-1.1
-4.0,-4.0,-1.1
-4.0,-4.0,-1.1
-4.0,-4.0,-1.1
-4.0,-4.0,-1.1
-4.0,-4.0,-1.1
-4.0,-4.0,-1.1
-4.0,-4.0,-1.1
-4.0,-4.0,-1.1
-4.0,-4.0,-1.1
-4.0,-4.0,-1.1
-4.0,-4.0,-1.1
-4.0,-4.0,-1.1
-4.0,-4.0,-1.1
-4.0,-4.0,-1.1
-4.0,-4.0,-1.1
-4.0,-4.0,-1.1
-4.0,-4.0,-1.1
-4.0,-4.0,-1.1
-4.0,-4.0,-1.1
-4.0,-4.0,-1.1
-4.0,-4.0,-1.1
-4.0,-4.0,-1.1
-4.0,-4.0,-1.1
-4.0,-4.0,-1.1
-4.0,-4.0,-1.1
-4.0,-4.0,-1.1
-4.0,-4.0,-1.1
-4.0,-4.0,-1.1
-4.0,-4.0,-1.1
-4.0,-4.0,-1.1
-4.0,-4.0,-1.1
-4.0,-4.0,-1.1
-4.0,-4.0,-1.1
-4.0,-4.0,-1.1
-4.0,-4.0,-1.1
-4.0,-4.0,-1.1
-4.0,-4.0,-1.1
-4.0,-4.0,-1.1
-4.0,-4.0,-1.1
-4.0,-4.0,-1.1
-4.0,-4.0,-1.1
-4.0,-4.0,-1.1
-4.0,-4.0,-1.1
-4.0,-4.0,-1.1
-4.0,-4.0,-1.1
-4.0,-4.0,-1.1
-4.0,-4.0,-1.1
-4.0,-4.0,-1.1
-4.0,-4.0,-1.1
-4.0,-4.0,-1.1
-4.0,-4.0,-1.1
-4.0,-4.0,-1.1
-4.0,-4.0,-1.1
-4.0,-4.0,-1.1
-4.0,-4.0,-1.1
-4.0,-4.0,-1.1
-4.0,-4.0,-1.1
-4.0,-4.0,-1.1
-4.0,-4.0,-1.1
-4.0,-4.0,-1.1
-4.0,-4.0,-1.1
-4.0,-4.0,-1.1
-4.0,-4.0,-1.1
-4.0,-4.0,-1.1
-4.0,-4.0,-1.1
-4.0,-4.0,-1.1
-4.0,-4.0,-1.1
-4.0,-4.0,-1.1
-4.0,-4.0,-1.1
-4.0,-4.0,-1.1
-4.0,-4.0,-1.1
-4.0,-4.0,-1.1
-4.0,-4.0,-1.1
-4.0,-4.0,-1.1
-4.0,-4.0,-1.1
-4.0,-4.0,-1.1
-4.0,-4.0,-1.1
-4.0,-4.0,-1.1
-4.0,-4.0,-1.1
-4.0,-4.0,-1.1
-4.0,-4.0,-1.1
-4.0,-4.0,-1.1
-4.0,-4.0,-1.1
-4.0,-4.0,-1.1
-4.0,-4.0,-1.1
-4.0,-4.0,-1.1
-4.0,-4.0,-1.1
-4.0,-4.0,-1.1
-4.0,-4.0,-1.1
-4.0,-4.0,-1.1
-4.0,-4.0,-1.1
-4.0,-4.0,-1.1
-4.0,-4.0,-1.1
-4.0,-4.0,-1.1
-4.0,-4.0,-1.1
-4.0,-4.0,-1.1
-4.0,-4.0,-1.1
-4.0,-4.0,-1.1
-4.0,-4.0,-1.1
-4.0,-4.0,-1.1
-4.0,-4.0,-1.1
-4.0,-4.0,-1.1
-4.0,-4.0,-1.1
-4.0,-4.0,-1.1
-4.0,-4.0,-1.1
-4.0,-4.0,-1.1
-4.0,-4.0,-1.1
-4.0,-4.0,-1.1
-4.0,-4.0,-1.1
-4.0,-4.0,-1.1
-4.0,-4.0,-1.1
-4.0,-4.0,-1.1
-4.0,-4.0,-1.1
-4.0,-4.0,-1.1
-4.0,-4.0,-1.1
-4.0,-4.0,-1.1
-4.0,-4.0,-1.1
-4.0,-4.0,-1.1
-4.0,-4.0,-1.1
-4.0,-4.0,-1.1
-4.0,-4.0,-1.1
-4.0,-4.0,-1.1
-4.0,-4.0,-1.1
-4.0,-4.0,-1.1
-4.0,-4.0,-1.1
-4.0,-4.0,-1.1
-4.0,-4.0,-1.1
-4.0,-4.0,-1.1
-4.0,-4.0,-1.1
-4.0,-4.0,-1.1
-4.0,-4.0,-1.1
-4.0,-4.0,-1.1
-4.0,-4.0,-1.1
-4.0,-4.0,-1.1
-4.0,-4.0,-1.1
-4.0,-4.0,-1.1
-4.0,-4.0,-1.1
-4.0,-4.0,-1.1
-4.0,-4.0,-1.1
-4.0,-4.0,-1.1
-4.0,-4.0,-1.1
-4.0,-4.0,-1.1
-4.0,-4.0,-1.1
-4.0,-4.0,-1.1
-4.0,-4.0,-1.1
-4.0,-4.0,-1.1
-4.0,-4.0,-1.1
-4.0,-4.0,-1.1
-4.0,-4.0,-1.1
-4.0,-4.0,-1.1
-4.0,-4.0,-1.1
-4.0,-4.0,-1.1
-4.0,-4.0,-1.1
-4.0,-4.0,-1.1
-4.0,-4.0,-1.1
-4.0,-4.0,-1.1
-4.0,-4.0,-1.1
-4.0,-4.0,-1.1
-4.0,-4.0,-1.1
-4.0,-4.0,-1.1
-4.0,-4.0,-1.1
-4.0,-4.0,-1.1
-4.0,-4.0,-1.1
-4.0,-4.0,-1.1
-4.0,-4.0,-1.1
-4.0,-4.0,-1.1
-4.0,-4.0,-1.1
-4.0,-4.0,-1.1
-4.0,-4.0,-1.1
-4.0,-4.0,-1.1
-4.0,-4.0,-1.1
-4.0,-4.0,-1.1
-4.0,-4.0,-1.1
-4.0,-4.0,-1.1
-4.0,-4.0,-1.1
-4.0,-4.0,-1.1
-4.0,-4.0,-1.1
-4.0,-4.0,-1.1
-4.0,-4.0,-1.1
-4.0,-4.0,-1.1
-4.0,-4.0,-1.1
-4.0,-4.0,-1.1
-4.0,-4.0,-1.1
-4.0,-4.0,-1.1
-4.0,-4.0,-1.1
-4.0,-4.0,-1.1
-4.0,-4.0,-1.1
-4.0,-4.0,-1.1
-4.0,-4.0,-1.1
-4.0,-4.0,-1.1
-4.0,-4.0,-1.1
-4.0,-4.0,-1.1
-4.0,-4.0,-1.1
-4.0,-4.0,-1.1
-4.0,-4.0,-1.1
-4.0,-4.0,-1.1
-4.0,-4.0,-1.1
-4.0,-4.0,-1.1
-4.0,-4.0,-1.1
-4.0,-4.0,-1.1
-4.0,-4.0,-1.1
-4.0,-4.0,-1.1
-4.0,-4.0,-1.1
-4.0,-4.0,-1.1
-4.0,-4.0,-1.1
-4.0,-4.0,-1.1
-4.0,-4.0,-1.1
-4.0,-4.0,-1.1
-4.0,-4.0,-1.1
-4.0,-4.0,-1.1
-4.0,-4.0,-1.1
-4.0,-4.0,-1.1
-4.0,-4.0,-1.1
-4.0,-4.0,-1.1
-4.0,-4.0,-1.1
-4.0,-4.0,-1.1
-4.0,-4.0,-1.1
-4.0,-4.0,-1.1
-4.0,-4.0,-1.1
-4.0,-4.0,-1.1
-4.0,-4.0,-1.1
-4.0,-4.0,-1.1
-4.0,-4.0,-1.1
-4.0,-4.0,-1.1
-4.0,-4.0,-1.1
-4.0,-4.0,-1.1
-4.0,-4.0,-1.1
-4.0,-4.0,-1.1
-4.0,-4.0,-1.1
-4.0,-4.0,-1.1
-4.0,-4.0,-1.1
-4.0,-4.0,-1.1
-4.0,-4.0,-1.1
-4.0,-4.0,-1.1
-4.0,-4.0,-1.1
-4.0,-4.0,-1.1
-4.0,-4.0,-1.1
-4.0,-4.0,-1.1
-4.0,-4.0,-1.1
-4.0,-4.0,-1.1
-4.0,-4.0,-1.1
-4.0,-4.0,-1.1
-4.0,-4.0,-1.1
-4.0,-4.0,-1.1
-4.0,-4.0,-1.1
-4.0,-4.0,-1.1
-4.0,-4.0,-1.1
-4.0,-4.0,-1.1
-4.0,-4.0,-1.1
-4.0,-4.0,-1.1
-4.0,-4.0,-1.1
-4.0,-4.0,-1.1
-4.0,-4.0,-1.1
-4.0,-4.0,-1.1
-4.0,-4.0,-1.1
-4.0,-4.0,-1.1
-4.0,-4.0,-1.1
-4.0,-4.0,-1.1
-4.0,-4.0,-1.1
-4.0,-4.0,-1.1
-4.0,-4.0,-1.1
-4.0,-4.0,-1.1
-4.0,-4.0,-1.1
-4.0,-4.0,-1.1
-4.0,-4.0,-1.1
-4.0,-4.0,-1.1
-4.0,-4.0,-1.1
-4.0,-4.0,-1.1
-4.0,-4.0,-1.1
-4.0,-4.0,-1.1
-4.0,-4.0,-1.1
-4.0,-4.0,-1.1
-4.0,-4.0,-1.1
-4.0,-4.0,-1.1
-4.0,-4.0,-1.1
-4.0,-4.0,-1.1
-4.0,-4.0,-1.1
-4.0,-4.0,-1.1
-4.0,-4.0,-1.1
-4.0,-4.0,-1.1
-4.0,-4.0,-1.1
-4.0,-4.0,-1.1
-4.0,-4.0,-1.1
-4.0,-4.0,-1.1
-4.0,-4.0,-1.1
-4.0,-4.0,-1.1
-4.0,-4.0,-1.1
-4.0,-4.0,-1.1
-4.0,-4.0,-1.1
-4.0,-4.0,-1.1
-4.0,-4.0,-1.1
-4.0,-4.0,-1.1
-4.0,-4.0,-1.1
-4.0,-4.0,-1.1
-4.0,-4.0,-1.1
-4.0,-4.0,-1.1
-4.0,-4.0,-1.1
-4.0,-4.0,-1.1
-4.0,-4.0,-1.1
-4.0,-4.0,-1.1
-4.0,-4.0,-1.1
-4.0,-4.0,-1.1
-4.0,-4.0,-1.1
-4.0,-4.0,-1.1
-4.0,-4.0,-1.1
-4.0,-4.0,-1.1
-4.0,-4.0,-1.1
-4.0,-4.0,-1.1
-4.0,-4.0,-1.1
-4.0,-4.0,-1.1
-4.0,-4.0,-1.1
-4.0,-4.0,-1.1
-4.0,-4.0,-1.1
-4.0,-4.0,-1.1
-4.0,-4.0,-1.1
-4.0,-4.0,-1.1
-4.0,-4.0,-1.1
-4.0,-4.0,-1.1
-4.0,-4.0,-1.1
-4.0,-4.0,-1.1
-4.0,-4.0,-1.1
-4.0,-4.0,-1.1
-4.0,-4.0,-1.1
-4.0,-4.0,-1.1
-4.0,-4.0,-1.1
-4.0,-4.0,-1.1
-4.0,-4.0,-1.1
-4.0,-4.0,-1.1
-4.0,-4.0,-1.1
-4.0,-4.0,-1.1
-4.0,-4.0,-1.1
-4.0,-4.0,-1.1
-4.0,-4.0,-1.1
-4.0,-4.0,-1.1
-4.0,-4.0,-1.1
-4.0,-4.0,-1.1
-4.0,-4.0,-1.1
-4.0,-4.0,-1.1
-4.0,-4.0,-1.1
-4.0,-4.0,-1.1
-4.0,-4.0,-1.1
-4.0,-4.0,-1.1
-4.0,-4.0,-1.1
-4.0,-4.0,-1.1
-4.0,-4.0,-1.1
-4.0,-4.0,-1.1
-4.0,-4.0,-1.1
-4.0,-4.0,-1.1
-4.0,-4.0,-1.1
-4.0,-4.0,-1.1
-4.0,-4.0,-1.1
-4.0,-4.0,-1.1
-4.0,-4.0,-1.1
-4.0,-4.0,-1.1
-4.0,-4.0,-1.1
-4.0,-4.0,-1.1
-4.0,-4.0,-1.1
-4.0,-4.0,-1.1
-4.0,-4.0,-1.1
-4.0,-4.0,-1.1
-4.0,-4.0,-1.1
-4.0,-4.0,-1.1
-4.0,-4.0,-1.1
-4.0,-4.0,-1.1
-4.0,-4.0,-1.1
-4.0,-4.0,-1.1
-4.0,-4.0,-1.1
-4.0,-4.0,-1.1
-4.0,-4.0,-1.1
-4.0,-4.0,-1.1
-4.0,-4.0,-1.1
-4.0,-4.0,-1.1
-4.0,-4.0,-1.1
-4.0,-4.0,-1.1
-4.0,-4.0,-1.1
-4.0,-4.0,-1.1
-4.0,-4.0,-1.1
-4.0,-4.0,-1.1
-4.0,-4.0,-1.1
-4.0,-4.0,-1.1
-4.0,-4.0,-1.1
-4.0,-4.0,-1.1
-4.0,-4.0,-1.1
-4.0,-4.0,-1.1
-4.0,-4.0,-1.1
-4.0,-4.0,-1.1
-4.0,-4.0,-1.1
-4.0,-4.0,-1.1
-4.0,-4.0,-1.1
-4.0,-4.0,-1.1
-4.0,-4.0,-1.1
-4.0,-4.0,-1.1
-4.0,-4.0,-1.1
-4.0,-4.0,-1.1
-4.0,-4.0,-1.1
-4.0,-4.0,-1.1
-4.0,-4.0,-1.1
-4.0,-4.0,-1.1
-4.0,-4.0,-1.1
-4.0,-4.0,-1.1
-4.0,-4.0,-1.1
-4.0,-4.0,-1.1
-4.0,-4.0,-1.1
-4.0,-4.0,-1.1
-4.0,-4.0,-1.1
-4.0,-4.0,-1.1
-4.0,-4.0,-1.1
-4.0,-4.0,-1.1
-4.0,-4.0,-1.1
-4.0,-4.0,-1.1
-4.0,-4.0,-1.1
-4.0,-4.0,-1.1
-4.0,-4.0,-1.1
-4.0,-4.0,-1.1
-4.0,-4.0,-1.1
-4.0,-4.0,-1.1
-4.0,-4.0,-1.1
-4.0,-4.0,-1.1
-4.0,-4.0,-1.1
-4.0,-4.0,-1.1
-4.0,-4.0,-1.1
-4.0,-4.0,-1.1
-4.0,-4.0,-1.1
-4.0,-4.0,-1.1
-4.0,-4.0,-1.1
-4.0,-4.0,-1.1
-4.0,-4.0,-1.1
-4.0,-4.0,-1.1
-4.0,-4.0,-1.1
-4.0,-4.0,-1.1
-4.0,-4.0,-1.1
-4.0,-4.0,-1.1
-4.0,-4.0,-1.1
-4.0,-4.0,-1.1
-4.0,-4.0,-1.1
-4.0,-4.0,-1.1
-4.0,-4.0,-1.1
-4.0,-4.0,-1.1
-4.0,-4.0,-1.1
-4.0,-4.0,-1.1
-4.0,-4.0,-1.1
-4.0,-4.0,-1.1
-4.0,-4.0,-1.1
-4.0,-4.0,-1.1
-4.0,-4.0,-1.1
-4.0,-4.0,-1.1
-4.0,-4.0,-1.1
-4.0,-4.0,-1.1
-4.0,-4.0,-1.1
-4.0,-4.0,-1.1
-4.0,-4.0,-1.1
-4.0,-4.0,-1.1
-4.0,-4.0,-1.1
-4.0,-4.0,-1.1
-4.0,-4.0,-1.1
-4.0,-4.0,-1.1
-4.0,-4.0,-1.1
-4.0,-4.0,-1.1
-4.0,-4.0,-1.1
-4.0,-4.0,-1.1
-4.0,-4.0,-1.1
-4.0,-4.0,-1.1
-4.0,-4.0,-1.1
-4.0,-4.0,-1.1
-4.0,-4.0,-1.1
-4.0,-4.0,-1.1
-4.0,-4.0,-1.1
-4.0,-4.0,-1.1
-4.0,-4.0,-1.1
-4.0,-4.0,-1.1
-4.0,-4.0,-1.1
-4.0,-4.0,-1.1
-4.0,-4.0,-1.1
-4.0,-4.0,-1.1
-4.0,-4.0,-1.1
-4.0,-4.0,-1.1
-4.0,-4.0,-1.1
-4.0,-4.0,-1.1
-4.0,-4.0,-1.1
-4.0,-4.0,-1.1
-4.0,-4.0,-1.1
-4.0,-4.0,-1.1
-4.0,-4.0,-1.1
-4.0,-4.0,-1.1
-4.0,-4.0,-1.1
-4.0,-4.0,-1.1
-4.0,-4.0,-1.1
-4.0,-4.0,-1.1
-4.0,-4.0,-1.1
-4.0,-4.0,-1.1
-4.0,-4.0,-1.1
-4.0,-4.0,-1.1
-4.0,-4.0,-1.1
-4.0,-4.0,-1.1
-4.0,-4.0,-1.1
-4.0,-4.0,-1.1
-4.0,-4.0,-1.1
-4.0,-4.0,-1.1
-4.0,-4.0,-1.1
-4.0,-4.0,-1.1
-4.0,-4.0,-1.1
-4.0,-4.0,-1.1
-4.0,-4.0,-1.1
-4.0,-4.0,-1.1
-4.0,-4.0,-1.1
-4.0,-4.0,-1.1
-4.0,-4.0,-1.1
-4.0,-4.0,-1.1
-4.0,-4.0,-1.1
-4.0,-4.0,-1.1
-4.0,-4.0,-1.1
-4.0,-4.0,-1.1
-4.0,-4.0,-1.1
-4.0,-4.0,-1.1
-4.0,-4.0,-1.1
-4.0,-4.0,-1.1
-4.0,-4.0,-1.1
-4.0,-4.0,-1.1
-4.0,-4.0,-1.1
-4.0,-4.0,-1.1
-4.0,-4.0,-1.1
-4.0,-4.0,-1.1
-4.0,-4.0,-1.1
-4.0,-4.0,-1.1
-4.0,-4.0,-1.1
-4.0,-4.0,-1.1
-4.0,-4.0,-1.1
-4.0,-4.0,-1.1
-4.0,-4.0,-1.1
-4.0,-4.0,-1.1
-4.0,-4.0,-1.1
-4.0,-4.0,-1.1
-4.0,-4.0,-1.1
-4.0,-4.0,-1.1
-4.0,-4.0,-1.1
-4.0,-4.0,-1.1
-4.0,-4.0,-1.1
-4.0,-4.0,-1.1
-4.0,-4.0,-1.1
-4.0,-4.0,-1.1
-4.0,-4.0,-1.1
-4.0,-4.0,-1.1
-4.0,-4.0,-1.1
-4.0,-4.0,-1.1
-4.0,-4.0,-1.1
-4.0,-4.0,-1.1
-4.0,-4.0,-1.1
-4.0,-4.0,-1.1
-4.0,-4.0,-1.1
-4.0,-4.0,-1.1
-4.0,-4.0,-1.1
-4.0,-4.0,-1.1
-4.0,-4.0,-1.1
-4.0,-4.0,-1.1
-4.0,-4.0,-1.1
-4.0,-4.0,-1.1
-4.0,-4.0,-1.1
-4.0,-4.0,-1.1
-4.0,-4.0,-1.1
-4.0,-4.0,-1.1
-4.0,-4.0,-1.1
-4.0,-4.0,-1.1
-4.0,-4.0,-1.1
-4.0,-4.0,-1.1
-4.0,-4.0,-1.1
-4.0,-4.0,-1.1
-4.0,-4.0,-1.1
-4.0,-4.0,-1.1
-4.0,-4.0,-1.1
-4.0,-4.0,-1.1
-4.0,-4.0,-1.1
-4.0,-4.0,-1.1
-4.0,-4.0,-1.1
-4.0,-4.0,-1.1
-4.0,-4.0,-1.1
-4.0,-4.0,-1.1
-4.0,-4.0,-1.1
-4.0,-4.0,-1.1
-4.0,-4.0,-1.1
-4.0,-4.0,-1.1
-4.0,-4.0,-1.1
-4.0,-4.0,-1.1
-4.0,-4.0,-1.1
-4.0,-4.0,-1.1
-4.0,-4.0,-1.1
-4.0,-4.0,-1.1
-4.0,-4.0,-1.1
-4.0,-4.0,-1.1
-4.0,-4.0,-1.1
-4.0,-4.0,-1.1
-4.0,-4.0,-1.1
-4.0,-4.0,-1.1
-4.0,-4.0,-1.1
-4.0,-4.0,-1.1
-4.0,-4.0,-1.1
-4.0,-4.0,-1.1
-4.0,-4.0,-1.1
-4.0,-4.0,-1.1
-4.0,-4.0,-1.1
-4.0,-4.0,-1.1
-4.0,-4.0,-1.1
-4.0,-4.0,-1.1
-4.0,-4.0,-1.1
-4.0,-4.0,-1.1
-4.0,-4.0,-1.1
-4.0,-4.0,-1.1
-4.0,-4.0,-1.1
-4.0,-4.0,-1.1
-4.0,-4.0,-1.1
-4.0,-4.0,-1.1
-4.0,-4.0,-1.1
-4.0,-4.0,-1.1
-4.0,-4.0,-1.1
-4.0,-4.0,-1.1
-4.0,-4.0,-1.1
-4.0,-4.0,-1.1
-4.0,-4.0,-1.1
-4.0,-4.0,-1.1
-4.0,-4.0,-1.1
-4.0,-4.0,-1.1
-4.0,-4.0,-1.1
-4.0,-4.0,-1.1
-4.0,-4.0,-1.1
-4.0,-4.0,-1.1
-4.0,-4.0,-1.1
-4.0,-4.0,-1.1
-4.0,-4.0,-1.1
-4.0,-4.0,-1.1
-4.0,-4.0,-1.1
-4.0,-4.0,-1.1
-4.0,-4.0,-1.1
-4.0,-4.0,-1.1
-4.0,-4.0,-1.1
-4.0,-4.0,-1.1
-4.0,-4.0,-1.1
-4.0,-4.0,-1.1
-4.0,-4.0,-1.1
-4.0,-4.0,-1.1
-4.0,-4.0,-1.1
-4.0,-4.0,-1.1
-4.0,-4.0,-1.1
-4.0,-4.0,-1.1
-4.0,-4.0,-1.1
-4.0,-4.0,-1.1
-4.0,-4.0,-1.1
-4.0,-4.0,-1.1
-4.0,-4.0,-1.1
-4.0,-4.0,-1.1
-4.0,-4.0,-1.1
-4.0,-4.0,-1.1
-4.0,-4.0,-1.1
-4.0,-4.0,-1.1
-4.0,-4.0,-1.1
-4.0,-4.0,-1.1
-4.0,-4.0,-1.1
-4.0,-4.0,-1.1
-4.0,-4.0,-1.1
-4.0,-4.0,-1.1
-4.0,-4.0,-1.1
-4.0,-4.0,-1.1
-4.0,-4.0,-1.1
-4.0,-4.0,-1.1
-4.0,-4.0,-1.1
-4.0,-4.0,-1.1
-4.0,-4.0,-1.1
-4.0,-4.0,-1.1
-4.0,-4.0,-1.1
-4.0,-4.0,-1.1
-4.0,-4.0,-1.1
-4.0,-4.0,-1.1
-4.0,-4.0,-1.1
-4.0,-4.0,-1.1
-4.0,-4.0,-1.1
-4.0,-4.0,-1.1
-4.0,-4.0,-1.1
-4.0,-4.0,-1.1
-4.0,-4.0,-1.1
-4.0,-4.0,-1.1
-4.0,-4.0,-1.1
-4.0,-4.0,-1.1
-4.0,-4.0,-1.1
-4.0,-4.0,-1.1
-4.0,-4.0,-1.1
-4.0,-4.0,-1.1
-4.0,-4.0,-1.1
-4.0,-4.0,-1.1
-4.0,-4.0,-1.1
-4.0,-4.0,-1.1
-4.0,-4.0,-1.1
-4.0,-4.0,-1.1
-4.0,-4.0,-1.1
-4.0,-4.0,-1.1
-4.0,-4.0,-1.1
-4.0,-4.0,-1.1
-4.0,-4.0,-1.1
-4.0,-4.0,-1.1
-4.0,-4.0,-1.1
-4.0,-4.0,-1.1
-4.0,-4.0,-1.1
-4.0,-4.0,-1.1
-4.0,-4.0,-1.1
-4.0,-4.0,-1.1
-4.0,-4.0,-1.1
-4.0,-4.0,-1.1
-4.0,-4.0,-1.1
-4.0,-4.0,-1.1
-4.0,-4.0,-1.1
-4.0,-4.0,-1.1
-4.0,-4.0,-1.1
-4.0,-4.0,-1.1
-4.0,-4.0,-1.1
-4.0,-4.0,-1.1
-4.0,-4.0,-1.1
-4.0,-4.0,-1.1
-4.0,-4.0,-1.1
-4.0,-4.0,-1.1
-4.0,-4.0,-1.1
-4.0,-4.0,-1.1
-4.0,-4.0,-1.1
-4.0,-4.0,-1.1
-4.0,-4.0,-1.1
-4.0,-4.0,-1.1
-4.0,-4.0,-1.1
-4.0,-4.0,-1.1
-4.0,-4.0,-1.1
-4.0,-4.0,-1.1
-4.0,-4.0,-1.1
-4.0,-4.0,-1.1
-4.0,-4.0,-1.1
-4.0,-4.0,-1.1
-4.0,-4.0,-1.1
-4.0,-4.0,-1.1
-4.0,-4.0,-1.1
-4.0,-4.0,-1.1
-4.0,-4.0,-1.1
-4.0,-4.0,-1.1
-4.0,-4.0,-1.1
-4.0,-4.0,-1.1
-4.0,-4.0,-1.1
-4.0,-4.0,-1.1
-4.0,-4.0,-1.1
-4.0,-4.0,-1.1
-4.0,-4.0,-1.1
-4.0,-4.0,-1.1
-4.0,-4.0,-1.1
-4.0,-4.0,-1.1
-4.0,-4.0,-1.1
-4.0,-4.0,-1.1
-4.0,-4.0,-1.1
-4.0,-4.0,-1.1
-4.0,-4.0,-1.1
-4.0,-4.0,-1.1
-4.0,-4.0,-1.1
-4.0,-4.0,-1.1
-4.0,-4.0,-1.1
-4.0,-4.0,-1.1
-4.0,-4.0,-1.1
-4.0,-4.0,-1.1
-4.0,-4.0,-1.1
-4.0,-4.0,-1.1
-4.0,-4.0,-1.1
-4.0,-4.0,-1.1
-4.0,-4.0,-1.1
-4.0,-4.0,-1.1
-4.0,-4.0,-1.1
-4.0,-4.0,-1.1
-4.0,-4.0,-1.1
-4.0,-4.0,-1.1
-4.0,-4.0,-1.1
-4.0,-4.0,-1.1
-4.0,-4.0,-1.1
-4.0,-4.0,-1.1
-4.0,-4.0,-1.1
-4.0,-4.0,-1.1
-4.0,-4.0,-1.1
-4.0,-4.0,-1.1
-4.0,-4.0,-1.1
-4.0,-4.0,-1.1
-4.0,-4.0,-1.1
-4.0,-4.0,-1.1
-4.0,-4.0,-1.1
-4.0,-4.0,-1.1
-4.0,-4.0,-1.1
-4.0,-4.0,-1.1
-4.0,-4.0,-1.1
-4.0,-4.0,-1.1
-4.0,-4.0,-1.1
-4.0,-4.0,-1.1
-4.0,-4.0,-1.1
-4.0,-4.0,-1.1
-4.0,-4.0,-1.1
-4.0,-4.0,-1.1
-4.0,-4.0,-1.1
-4.0,-4.0,-1.1
-4.0,-4.0,-1.1
-4.0,-4.0,-1.1
-4.0,-4.0,-1.1
-4.0,-4.0,-1.1
-4.0,-4.0,-1.1
-4.0,-4.0,-1.1
-4.0,-4.0,-1.1
-4.0,-4.0,-1.1
-4.0,-4.0,-1.1
-4.0,-4.0,-1.1
-4.0,-4.0,-1.1
-4.0,-4.0,-1.1
-4.0,-4.0,-1.1
-4.0,-4.0,-1.1
-4.0,-4.0,-1.1
-4.0,-4.0,-1.1
-4.0,-4.0,-1.1
-4.0,-4.0,-1.1
-4.0,-4.0,-1.1
-4.0,-4.0,-1.1
-4.0,-4.0,-1.1
-4.0,-4.0,-1.1
-4.0,-4.0,-1.1
-4.0,-4.0,-1.1
-4.0,-4.0,-1.1
-4.0,-4.0,-1.1
-4.0,-4.0,-1.1
-4.0,-4.0,-1.1
-4.0,-4.0,-1.1
-4.0,-4.0,-1.1
-4.0,-4.0,-1.1
-4.0,-4.0,-1.1
-4.0,-4.0,-1.1
-4.0,-4.0,-1.1
-4.0,-4.0,-1.1
-4.0,-4.0,-1.1
-4.0,-4.0,-1.1
-4.0,-4.0,-1.1
-4.0,-4.0,-1.1
-4.0,-4.0,-1.1
-4.0,-4.0,-1.1
-4.0,-4.0,-1.1
-4.0,-4.0,-1.1
-4.0,-4.0,-1.1
-4.0,-4.0,-1.1
-4.0,-4.0,-1.1
-4.0,-4.0,-1.1
-4.0,-4.0,-1.1
-4.0,-4.0,-1.1
-4.0,-4.0,-1.1
-4.0,-4.0,-1.1
-4.0,-4.0,-1.1
-4.0,-4.0,-1.1
-4.0,-4.0,-1.1
-4.0,-4.0,-1.1
-4.0,-4.0,-1.1
-4.0,-4.0,-1.1
-4.0,-4.0,-1.1
-4.0,-4.0,-1.1
-4.0,-4.0,-1.1
-4.0,-4.0,-1.1
-4.0,-4.0,-1.1
-4.0,-4.0,-1.1
-4.0,-4.0,-1.1
-4.0,-4.0,-1.1
-4.0,-4.0,-1.1
-4.0,-4.0,-1.1
-4.0,-4.0,-1.1
-4.0,-4.0,-1.1
-4.0,-4.0,-1.1
-4.0,-4.0,-1.1
-4.0,-4.0,-1.1
-4.0,-4.0,-1.1
-4.0,-4.0,-1.1
-4.0,-4.0,-1.1
-4.0,-4.0,-1.1
-4.0,-4.0,-1.1
-4.0,-4.0,-1.1
-4.0,-4.0,-1.1
-4.0,-4.0,-1.1
-4.0,-4.0,-1.1
-4.0,-4.0,-1.1
-4.0,-4.0,-1.1
-4.0,-4.0,-1.1
-4.0,-4.0,-1.1
-4.0,-4.0,-1.1
-4.0,-4.0,-1.1
-4.0,-4.0,-1.1
-4.0,-4.0,-1.1
-4.0,-4.0,-1.1
-4.0,-4.0,-1.1
-4.0,-4.0,-1.1
-4.0,-4.0,-1.1
-4.0,-4.0,-1.1
-4.0,-4.0,-1.1
-4.0,-4.0,-1.1
-4.0,-4.0,-1.1
-4.0,-4.0,-1.1
-4.0,-4.0,-1.1
-4.0,-4.0,-1.1
-4.0,-4.0,-1.1
-4.0,-4.0,-1.1
-4.0,-4.0,-1.1
-4.0,-4.0,-1.1
-4.0,-4.0,-1.1
-4.0,-4.0,-1.1
-4.0,-4.0,-1.1
-4.0,-4.0,-1.1
-4.0,-4.0,-1.1
-4.0,-4.0,-1.1
-4.0,-4.0,-1.1
-4.0,-4.0,-1.1
-4.0,-4.0,-1.1
-4.0,-4.0,-1.1
-4.0,-4.0,-1.1
-4.0,-4.0,-1.1
-4.0,-4.0,-1.1
-4.0,-4.0,-1.1
-4.0,-4.0,-1.1
-4.0,-4.0,-1.1
-4.0,-4.0,-1.1
-4.0,-4.0,-1.1
-4.0,-4.0,-1.1
-4.0,-4.0,-1.1
-4.0,-4.0,-1.1
-4.0,-4.0,-1.1
-4.0,-4.0,-1.1
-4.0,-4.0,-1.1
-4.0,-4.0,-1.1
-4.0,-4.0,-1.1
-4.0,-4.0,-1.1
-4.0,-4.0,-1.1
-4.0,-4.0,-1.1
-4.0,-4.0,-1.1
-4.0,-4.0,-1.1
-4.0,-4.0,-1.1
-4.0,-4.0,-1.1
-4.0,-4.0,-1.1
-4.0,-4.0,-1.1
-4.0,-4.0,-1.1
-4.0,-4.0,-1.1
-4.0,-4.0,-1.1
-4.0,-4.0,-1.1
-4.0,-4.0,-1.1
-4.0,-4.0,-1.1
-4.0,-4.0,-1.1
-4.0,-4.0,-1.1
-4.0,-4.0,-1.1
-4.0,-4.0,-1.1
-4.0,-4.0,-1.1
-4.0,-4.0,-1.1
-4.0,-4.0,-1.1
-4.0,-4.0,-1.1
-4.0,-4.0,-1.1
-4.0,-4.0,-1.1
-4.0,-4.0,-1.1
-4.0,-4.0,-1.1
-4.0,-4.0,-1.1
-4.0,-4.0,-1.1
-4.0,-4.0,-1.1
-4.0,-4.0,-1.1
-4.0,-4.0,-1.1
-4.0,-4.0,-1.1
-4.0,-4.0,-1.1
-4.0,-4.0,-1.1
-4.0,-4.0,-1.1
-4.0,-4.0,-1.1
-4.0,-4.0,-1.1
-4.0,-4.0,-1.1
-4.0,-4.0,-1.1
-4.0,-4.0,-1.1
-4.0,-4.0,-1.1
-4.0,-4.0,-1.1
-4.0,-4.0,-1.1
-4.0,-4.0,-1.1
-4.0,-4.0,-1.1
-4.0,-4.0,-1.1
-4.0,-4.0,-1.1
-4.0,-4.0,-1.1
-4.0,-4.0,-1.1
-4.0,-4.0,-1.1
-4.0,-4.0,-1.1
-4.0,-4.0,-1.1
-4.0,-4.0,-1.1
-4.0,-4.0,-1.1
-4.0,-4.0,-1.1
-4.0,-4.0,-1.1
-4.0,-4.0,-1.1
-4.0,-4.0,-1.1
-4.0,-4.0,-1.1
-4.0,-4.0,-1.1
-4.0,-4.0,-1.1
-4.0,-4.0,-1.1
-4.0,-4.0,-1.1
-4.0,-4.0,-1.1
-4.0,-4.0,-1.1
-4.0,-4.0,-1.1
-4.0,-4.0,-1.1
-4.0,-4.0,-1.1
-4.0,-4.0,-1.1
-4.0,-4.0,-1.1
-4.0,-4.0,-1.1
-4.0,-4.0,-1.1
-4.0,-4.0,-1.1
-4.0,-4.0,-1.1
-4.0,-4.0,-1.1
-4.0,-4.0,-1.1
-4.0,-4.0,-1.1
-4.0,-4.0,-1.1
-4.0,-4.0,-1.1
-4.0,-4.0,-1.1
-4.0,-4.0,-1.1
-4.0,-4.0,-1.1
-4.0,-4.0,-1.1
-4.0,-4.0,-1.1
-4.0,-4.0,-1.1
-4.0,-4.0,-1.1
-4.0,-4.0,-1.1
-4.0,-4.0,-1.1
-4.0,-4.0,-1.1
-4.0,-4.0,-1.1
-4.0,-4.0,-1.1
-4.0,-4.0,-1.1
-4.0,-4.0,-1.1
-4.0,-4.0,-1.1
-4.0,-4.0,-1.1
-4.0,-4.0,-1.1
-4.0,-4.0,-1.1
-4.0,-4.0,-1.1
-4.0,-4.0,-1.1
-4.0,-4.0,-1.1
-4.0,-4.0,-1.1
-4.0,-4.0,-1.1
-4.0,-4.0,-1.1
-4.0,-4.0,-1.1
-4.0,-4.0,-1.1
-4.0,-4.0,-1.1
-4.0,-4.0,-1.1
-4.0,-4.0,-1.1
-4.0,-4.0,-1.1
-4.0,-4.0,-1.1
-4.0,-4.0,-1.1
-4.0,-4.0,-1.1
-4.0,-4.0,-1.1
-4.0,-4.0,-1.1
-4.0,-4.0,-1.1
-4.0,-4.0,-1.1
-4.0,-4.0,-1.1
-4.0,-4.0,-1.1
-4.0,-4.0,-1.1
-4.0,-4.0,-1.1
-4.0,-4.0,-1.1
-4.0,-4.0,-1.1
-4.0,-4.0,-1.1
-4.0,-4.0,-1.1
-4.0,-4.0,-1.1
-4.0,-4.0,-1.1
-4.0,-4.0,-1.1
-4.0,-4.0,-1.1
-4.0,-4.0,-1.1
-4.0,-4.0,-1.1
-4.0,-4.0,-1.1
-4.0,-4.0,-1.1
-4.0,-4.0,-1.1
-4.0,-4.0,-1.1
-4.0,-4.0,-1.1
-4.0,-4.0,-1.1
-4.0,-4.0,-1.1
-4.0,-4.0,-1.1
-4.0,-4.0,-1.1
-4.0,-4.0,-1.1
-4.0,-4.0,-1.1
-4.0,-4.0,-1.1
-4.0,-4.0,-1.1
-4.0,-4.0,-1.1
-4.0,-4.0,-1.1
-4.0,-4.0,-1.1
-4.0,-4.0,-1.1
-4.0,-4.0,-1.1
-4.0,-4.0,-1.1
-4.0,-4.0,-1.1
-4.0,-4.0,-1.1
-4.0,-4.0,-1.1
-4.0,-4.0,-1.1
-4.0,-4.0,-1.1
-4.0,-4.0,-1.1
-4.0,-4.0,-1.1
-4.0,-4.0,-1.1
-4.0,-4.0,-1.1
-4.0,-4.0,-1.1
-4.0,-4.0,-1.1
-4.0,-4.0,-1.1
-4.0,-4.0,-1.1
-4.0,-4.0,-1.1
-4.0,-4.0,-1.1
-4.0,-4.0,-1.1
-4.0,-4.0,-1.1
-4.0,-4.0,-1.1
-4.0,-4.0,-1.1
-4.0,-4.0,-1.1
-4.0,-4.0,-1.1
-4.0,-4.0,-1.1
-4.0,-4.0,-1.1
-4.0,-4.0,-1.1
-4.0,-4.0,-1.1
-4.0,-4.0,-1.1
-4.0,-4.0,-1.1
-4.0,-4.0,-1.1
-4.0,-4.0,-1.1
-4.0,-4.0,-1.1
-4.0,-4.0,-1.1
-4.0,-4.0,-1.1
-4.0,-4.0,-1.1
-4.0,-4.0,-1.1
-4.0,-4.0,-1.1
-4.0,-4.0,-1.1
-4.0,-4.0,-1.1
-4.0,-4.0,-1.1
-4.0,-4.0,-1.1
-4.0,-4.0,-1.1
-4.0,-4.0,-1.1
-4.0,-4.0,-1.1
-4.0,-4.0,-1.1
-4.0,-4.0,-1.1
-4.0,-4.0,-1.1
-4.0,-4.0,-1.1
-4.0,-4.0,-1.1
-4.0,-4.0,-1.1
-4.0,-4.0,-1.1
-4.0,-4.0,-1.1
-4.0,-4.0,-1.1
-4.0,-4.0,-1.1
-4.0,-4.0,-1.1
-4.0,-4.0,-1.1
-4.0,-4.0,-1.1
-4.0,-4.0,-1.1
-4.0,-4.0,-1.1
-4.0,-4.0,-1.1
-4.0,-4.0,-1.1
-4.0,-4.0,-1.1
-4.0,-4.0,-1.1
-4.0,-4.0,-1.1
-4.0,-4.0,-1.1
-4.0,-4.0,-1.1
-4.0,-4.0,-1.1
-4.0,-4.0,-1.1
-4.0,-4.0,-1.1
-4.0,-4.0,-1.1
-4.0,-4.0,-1.1
-4.0,-4.0,-1.1
-4.0,-4.0,-1.1
-4.0,-4.0,-1.1
-4.0,-4.0,-1.1
-4.0,-4.0,-1.1
-4.0,-4.0,-1.1
-4.0,-4.0,-1.1
-4.0,-4.0,-1.1
-4.0,-4.0,-1.1
-4.0,-4.0,-1.1
-4.0,-4.0,-1.1
-4.0,-4.0,-1.1
-4.0,-4.0,-1.1
-4.0,-4.0,-1.1
-4.0,-4.0,-1.1
-4.0,-4.0,-1.1
-4.0,-4.0,-1.1
-4.0,-4.0,-1.1
-4.0,-4.0,-1.1
-4.0,-4.0,-1.1
-4.0,-4.0,-1.1
-4.0,-4.0,-1.1
-4.0,-4.0,-1.1
-4.0,-4.0,-1.1
-4.0,-4.0,-1.1
-4.0,-4.0,-1.1
-4.0,-4.0,-1.1
-4.0,-4.0,-1.1
-4.0,-4.0,-1.1
-4.0,-4.0,-1.1
-4.0,-4.0,-1.1
-4.0,-4.0,-1.1
-4.0,-4.0,-1.1
-4.0,-4.0,-1.1
-4.0,-4.0,-1.1
-4.0,-4.0,-1.1
-4.0,-4.0,-1.1
-4.0,-4.0,-1.1
-4.0,-4.0,-1.1
-4.0,-4.0,-1.1
-4.0,-4.0,-1.1
-4.0,-4.0,-1.1
-4.0,-4.0,-1.1
-4.0,-4.0,-1.1
-4.0,-4.0,-1.1
-4.0,-4.0,-1.1
-4.0,-4.0,-1.1
-4.0,-4.0,-1.1
-4.0,-4.0,-1.1
-4.0,-4.0,-1.1
-4.0,-4.0,-1.1
-4.0,-4.0,-1.1
-4.0,-4.0,-1.1
-4.0,-4.0,-1.1
-4.0,-4.0,-1.1
-4.0,-4.0,-1.1
-4.0,-4.0,-1.1
-4.0,-4.0,-1.1
-4.0,-4.0,-1.1
-4.0,-4.0,-1.1
-4.0,-4.0,-1.1
-4.0,-4.0,-1.1
-4.0,-4.0,-1.1
-4.0,-4.0,-1.1
-4.0,-4.0,-1.1
-4.0,-4.0,-1.1
-4.0,-4.0,-1.1
-4.0,-4.0,-1.1
-4.0,-4.0,-1.1
-4.0,-4.0,-1.1
-4.0,-4.0,-1.1
-4.0,-4.0,-1.1
-4.0,-4.0,-1.1
-4.0,-4.0,-1.1
-4.0,-4.0,-1.1
-4.0,-4.0,-1.1
-4.0,-4.0,-1.1
-4.0,-4.0,-1.1
-4.0,-4.0,-1.1
-4.0,-4.0,-1.1
-4.0,-4.0,-1.1
-4.0,-4.0,-1.1
-4.0,-4.0,-1.1
-4.0,-4.0,-1.1
-4.0,-4.0,-1.1
-4.0,-4.0,-1.1
-4.0,-4.0,-1.1
-4.0,-4.0,-1.1
-4.0,-4.0,-1.1
-4.0,-4.0,-1.1
-4.0,-4.0,-1.1
-4.0,-4.0,-1.1
-4.0,-4.0,-1.1
-4.0,-4.0,-1.1
-4.0,-4.0,-1.1
-4.0,-4.0,-1.1
-4.0,-4.0,-1.1
-4.0,-4.0,-1.1
-4.0,-4.0,-1.1
-4.0,-4.0,-1.1
-4.0,-4.0,-1.1
-4.0,-4.0,-1.1
-4.0,-4.0,-1.1
-4.0,-4.0,-1.1
-4.0,-4.0,-1.1
-4.0,-4.0,-1.1
-4.0,-4.0,-1.1
-4.0,-4.0,-1.1
-4.0,-4.0,-1.1
-4.0,-4.0,-1.1
-4.0,-4.0,-1.1
-4.0,-4.0,-1.1
-4.0,-4.0,-1.1
-4.0,-4.0,-1.1
-4.0,-4.0,-1.1
-4.0,-4.0,-1.1
-4.0,-4.0,-1.1
-4.0,-4.0,-1.1
-4.0,-4.0,-1.1
-4.0,-4.0,-1.1
-4.0,-4.0,-1.1
-4.0,-4.0,-1.1
-4.0,-4.0,-1.1
-4.0,-4.0,-1.1
-4.0,-4.0,-1.1
-4.0,-4.0,-1.1
-4.0,-4.0,-1.1
-4.0,-4.0,-1.1
-4.0,-4.0,-1.1
-4.0,-4.0,-1.1
-4.0,-4.0,-1.1
-4.0,-4.0,-1.1
-4.0,-4.0,-1.1
-4.0,-4.0,-1.1
-4.0,-4.0,-1.1
-4.0,-4.0,-1.1
-4.0,-4.0,-1.1
-4.0,-4.0,-1.1
-4.0,-4.0,-1.1
-4.0,-4.0,-1.1
-4.0,-4.0,-1.1
-4.0,-4.0,-1.1
-4.0,-4.0,-1.1
-4.0,-4.0,-1.1
-4.0,-4.0,-1.1
-4.0,-4.0,-1.1
-4.0,-4.0,-1.1
-4.0,-4.0,-1.1
-4.0,-4.0,-1.1
-4.0,-4.0,-1.1
-4.0,-4.0,-1.1
-4.0,-4.0,-1.1
-4.0,-4.0,-1.1
-4.0,-4.0,-1.1
-4.0,-4.0,-1.1
-4.0,-4.0,-1.1
-4.0,-4.0,-1.1
-4.0,-4.0,-1.1
-4.0,-4.0,-1.1
-4.0,-4.0,-1.1
-4.0,-4.0,-1.1
-4.0,-4.0,-1.1
-4.0,-4.0,-1.1
-4.0,-4.0,-1.1
-4.0,-4.0,-1.1
-4.0,-4.0,-1.1
-4.0,-4.0,-1.1
-4.0,-4.0,-1.1
-4.0,-4.0,-1.1
-4.0,-4.0,-1.1
-4.0,-4.0,-1.1
-4.0,-4.0,-1.1
-4.0,-4.0,-1.1
-4.0,-4.0,-1.1
-4.0,-4.0,-1.1
-4.0,-4.0,-1.1
-4.0,-4.0,-1.1
-4.0,-4.0,-1.1
-4.0,-4.0,-1.1
-4.0,-4.0,-1.1
-4.0,-4.0,-1.1
-4.0,-4.0,-1.1
-4.0,-4.0,-1.1
-4.0,-4.0,-1.1
-4.0,-4.0,-1.1
-4.0,-4.0,-1.1
-4.0,-4.0,-1.1
-4.0,-4.0,-1.1
-4.0,-4.0,-1.1
-4.0,-4.0,-1.1
-4.0,-4.0,-1.1
-4.0,-4.0,-1.1
-4.0,-4.0,-1.1
-4.0,-4.0,-1.1
-4.0,-4.0,-1.1
-4.0,-4.0,-1.1
-4.0,-4.0,-1.1
-4.0,-4.0,-1.1
-4.0,-4.0,-1.1
-4.0,-4.0,-1.1
-4.0,-4.0,-1.1
-4.0,-4.0,-1.1
-4.0,-4.0,-1.1
-4.0,-4.0,-1.1
-4.0,-4.0,-1.1
-4.0,-4.0,-1.1
-4.0,-4.0,-1.1
-4.0,-4.0,-1.1
-4.0,-4.0,-1.1
-4.0,-4.0,-1.1
-4.0,-4.0,-1.1
-4.0,-4.0,-1.1
-4.0,-4.0,-1.1
-4.0,-4.0,-1.1
-4.0,-4.0,-1.1
-4.0,-4.0,-1.1
-4.0,-4.0,-1.1
-4.0,-4.0,-1.1
-4.0,-4.0,-1.1
-4.0,-4.0,-1.1
-4.0,-4.0,-1.1
-4.0,-4.0,-1.1
-4.0,-4.0,-1.1
-4.0,-4.0,-1.1
-4.0,-4.0,-1.1
-4.0,-4.0,-1.1
-4.0,-4.0,-1.1
-4.0,-4.0,-1.1
-4.0,-4.0,-1.1
-4.0,-4.0,-1.1
-4.0,-4.0,-1.1
-4.0,-4.0,-1.1
-4.0,-4.0,-1.1
-4.0,-4.0,-1.1
-4.0,-4.0,-1.1
-4.0,-4.0,-1.1
-4.0,-4.0,-1.1
-4.0,-4.0,-1.1
-4.0,-4.0,-1.1
-4.0,-4.0,-1.1
-4.0,-4.0,-1.1
-4.0,-4.0,-1.1
-4.0,-4.0,-1.1
-4.0,-4.0,-1.1
-4.0,-4.0,-1.1
-4.0,-4.0,-1.1
-4.0,-4.0,-1.1
-4.0,-4.0,-1.1
-4.0,-4.0,-1.1
-4.0,-4.0,-1.1
-4.0,-4.0,-1.1
-4.0,-4.0,-1.1
-4.0,-4.0,-1.1
-4.0,-4.0,-1.1
-4.0,-4.0,-1.1
-4.0,-4.0,-1.1
-4.0,-4.0,-1.1
-4.0,-4.0,-1.1
-4.0,-4.0,-1.1
-4.0,-4.0,-1.1
-4.0,-4.0,-1.1
-4.0,-4.0,-1.1
-4.0,-4.0,-1.1
-4.0,-4.0,-1.1
-4.0,-4.0,-1.1
-4.0,-4.0,-1.1
-4.0,-4.0,-1.1
-4.0,-4.0,-1.1
-4.0,-4.0,-1.1
-4.0,-4.0,-1.1
-4.0,-4.0,-1.1
-4.0,-4.0,-1.1
-4.0,-4.0,-1.1
-4.0,-4.0,-1.1
-4.0,-4.0,-1.1
-4.0,-4.0,-1.1
-4.0,-4.0,-1.1
-4.0,-4.0,-1.1
-4.0,-4.0,-1.1
-4.0,-4.0,-1.1
-4.0,-4.0,-1.1
-4.0,-4.0,-1.1
-4.0,-4.0,-1.1
-4.0,-4.0,-1.1
-4.0,-4.0,-1.1
-4.0,-4.0,-1.1
-4.0,-4.0,-1.1
-4.0,-4.0,-1.1
-4.0,-4.0,-1.1
-4.0,-4.0,-1.1
-4.0,-4.0,-1.1
-4.0,-4.0,-1.1
-4.0,-4.0,-1.1
-4.0,-4.0,-1.1
-4.0,-4.0,-1.1
-4.0,-4.0,-1.1
-4.0,-4.0,-1.1
-4.0,-4.0,-1.1
-4.0,-4.0,-1.1
-4.0,-4.0,-1.1
-4.0,-4.0,-1.1
-4.0,-4.0,-1.1
-4.0,-4.0,-1.1
-4.0,-4.0,-1.1
-4.0,-4.0,-1.1
-4.0,-4.0,-1.1
-4.0,-4.0,-1.1
-4.0,-4.0,-1.1
-4.0,-4.0,-1.1
-4.0,-4.0,-1.1
-4.0,-4.0,-1.1
-4.0,-4.0,-1.1
-4.0,-4.0,-1.1
-4.0,-4.0,-1.1
-4.0,-4.0,-1.1
-4.0,-4.0,-1.1
-4.0,-4.0,-1.1
-4.0,-4.0,-1.1
-4.0,-4.0,-1.1
-4.0,-4.0,-1.1
-4.0,-4.0,-1.1
-4.0,-4.0,-1.1
-4.0,-4.0,-1.1
-4.0,-4.0,-1.1
-4.0,-4.0,-1.1
-4.0,-4.0,-1.1
-4.0,-4.0,-1.1
-4.0,-4.0,-1.1
-4.0,-4.0,-1.1
-4.0,-4.0,-1.1
-4.0,-4.0,-1.1
-4.0,-4.0,-1.1
-4.0,-4.0,-1.1
-4.0,-4.0,-1.1
-4.0,-4.0,-1.1
-4.0,-4.0,-1.1
-4.0,-4.0,-1.1
-4.0,-4.0,-1.1
-4.0,-4.0,-1.1
-4.0,-4.0,-1.1
-4.0,-4.0,-1.1
-4.0,-4.0,-1.1
-4.0,-4.0,-1.1
-4.0,-4.0,-1.1
-4.0,-4.0,-1.1
-4.0,-4.0,-1.1
-4.0,-4.0,-1.1
-4.0,-4.0,-1.1
-4.0,-4.0,-1.1
-4.0,-4.0,-1.1
-4.0,-4.0,-1.1
-4.0,-4.0,-1.1
-4.0,-4.0,-1.1
-4.0,-4.0,-1.1
-4.0,-4.0,-1.1
-4.0,-4.0,-1.1
-4.0,-4.0,-1.1
-4.0,-4.0,-1.1
-4.0,-4.0,-1.1
-4.0,-4.0,-1.1
-4.0,-4.0,-1.1
-4.0,-4.0,-1.1
-4.0,-4.0,-1.1
-4.0,-4.0,-1.1
-4.0,-4.0,-1.1
-4.0,-4.0,-1.1
-4.0,-4.0,-1.1
-4.0,-4.0,-1.1
-4.0,-4.0,-1.1
-4.0,-4.0,-1.1
-4.0,-4.0,-1.1
-4.0,-4.0,-1.1
-4.0,-4.0,-1.1
-4.0,-4.0,-1.1
-4.0,-4.0,-1.1
-4.0,-4.0,-1.1
-4.0,-4.0,-1.1
-4.0,-4.0,-1.1
-4.0,-4.0,-1.1
-4.0,-4.0,-1.1
-4.0,-4.0,-1.1
-4.0,-4.0,-1.1
-4.0,-4.0,-1.1
-4.0,-4.0,-1.1
-4.0,-4.0,-1.1
-4.0,-4.0,-1.1
-4.0,-4.0,-1.1
-4.0,-4.0,-1.1
-4.0,-4.0,-1.1
-4.0,-4.0,-1.1
-4.0,-4.0,-1.1
-4.0,-4.0,-1.1
-4.0,-4.0,-1.1
-4.0,-4.0,-1.1
-4.0,-4.0,-1.1
-4.0,-4.0,-1.1
-4.0,-4.0,-1.1
-4.0,-4.0,-1.1
-4.0,-4.0,-1.1
-4.0,-4.0,-1.1
-4.0,-4.0,-1.1
-4.0,-4.0,-1.1
-4.0,-4.0,-1.1
-4.0,-4.0,-1.1
-4.0,-4.0,-1.1
-4.0,-4.0,-1.1
-4.0,-4.0,-1.1
-4.0,-4.0,-1.1
-4.0,-4.0,-1.1
-4.0,-4.0,-1.1
-4.0,-4.0,-1.1
-4.0,-4.0,-1.1
-4.0,-4.0,-1.1
-4.0,-4.0,-1.1
-4.0,-4.0,-1.1
-4.0,-4.0,-1.1
-4.0,-4.0,-1.1
-4.0,-4.0,-1.1
-4.0,-4.0,-1.1
-4.0,-4.0,-1.1
-4.0,-4.0,-1.1
-4.0,-4.0,-1.1
-4.0,-4.0,-1.1
-4.0,-4.0,-1.1
-4.0,-4.0,-1.1
-4.0,-4.0,-1.1
-4.0,-4.0,-1.1
-4.0,-4.0,-1.1
-4.0,-4.0,-1.1
-4.0,-4.0,-1.1
-4.0,-4.0,-1.1
-4.0,-4.0,-1.1
-4.0,-4.0,-1.1
-4.0,-4.0,-1.1
-4.0,-4.0,-1.1
-4.0,-4.0,-1.1
-4.0,-4.0,-1.1
-4.0,-4.0,-1.1
-4.0,-4.0,-1.1
-4.0,-4.0,-1.1
-4.0,-4.0,-1.1
-4.0,-4.0,-1.1
-4.0,-4.0,-1.1
-4.0,-4.0,-1.1
-4.0,-4.0,-1.1
-4.0,-4.0,-1.1
-4.0,-4.0,-1.1
-4.0,-4.0,-1.1
-4.0,-4.0,-1.1
-4.0,-4.0,-1.1
-4.0,-4.0,-1.1
-4.0,-4.0,-1.1
-4.0,-4.0,-1.1
-4.0,-4.0,-1.1
-4.0,-4.0,-1.1
-4.0,-4.0,-1.1
-4.0,-4.0,-1.1
-4.0,-4.0,-1.1
-4.0,-4.0,-1.1
-4.0,-4.0,-1.1
-4.0,-4.0,-1.1
-4.0,-4.0,-1.1
-4.0,-4.0,-1.1
-4.0,-4.0,-1.1
-4.0,-4.0,-1.1
-4.0,-4.0,-1.1
-4.0,-4.0,-1.1
-4.0,-4.0,-1.1
-4.0,-4.0,-1.1
-4.0,-4.0,-1.1
-4.0,-4.0,-1.1
-4.0,-4.0,-1.1
-4.0,-4.0,-1.1
-4.0,-4.0,-1.1
-4.0,-4.0,-1.1
-4.0,-4.0,-1.1
-4.0,-4.0,-1.1
-4.0,-4.0,-1.1
-4.0,-4.0,-1.1
-4.0,-4.0,-1.1
-4.0,-4.0,-1.1
-4.0,-4.0,-1.1
-4.0,-4.0,-1.1
-4.0,-4.0,-1.1
-4.0,-4.0,-1.1
-4.0,-4.0,-1.1
-4.0,-4.0,-1.1
-4.0,-4.0,-1.1
-4.0,-4.0,-1.1
-4.0,-4.0,-1.1
-4.0,-4.0,-1.1
-4.0,-4.0,-1.1
-4.0,-4.0,-1.1
-4.0,-4.0,-1.1
-4.0,-4.0,-1.1
-4.0,-4.0,-1.1
-4.0,-4.0,-1.1
-4.0,-4.0,-1.1
-4.0,-4.0,-1.1
-4.0,-4.0,-1.1
-4.0,-4.0,-1.1
-4.0,-4.0,-1.1
-4.0,-4.0,-1.1
-4.0,-4.0,-1.1
-4.0,-4.0,-1.1
-4.0,-4.0,-1.1
-4.0,-4.0,-1.1
-4.0,-4.0,-1.1
-4.0,-4.0,-1.1
-4.0,-4.0,-1.1
-4.0,-4.0,-1.1
-4.0,-4.0,-1.1
-4.0,-4.0,-1.1
-4.0,-4.0,-1.1
-4.0,-4.0,-1.1
-4.0,-4.0,-1.1
-4.0,-4.0,-1.1
-4.0,-4.0,-1.1
-4.0,-4.0,-1.1
-4.0,-4.0,-1.1
-4.0,-4.0,-1.1
-4.0,-4.0,-1.1
-4.0,-4.0,-1.1
-4.0,-4.0,-1.1
-4.0,-4.0,-1.1
-4.0,-4.0,-1.1
-4.0,-4.0,-1.1
-4.0,-4.0,-1.1
-4.0,-4.0,-1.1
-4.0,-4.0,-1.1
-4.0,-4.0,-1.1
-4.0,-4.0,-1.1
-4.0,-4.0,-1.1
-4.0,-4.0,-1.1
-4.0,-4.0,-1.1
-4.0,-4.0,-1.1
-4.0,-4.0,-1.1
-4.0,-4.0,-1.1
-4.0,-4.0,-1.1
-4.0,-4.0,-1.1
-4.0,-4.0,-1.1
-4.0,-4.0,-1.1
-4.0,-4.0,-1.1
-4.0,-4.0,-1.1
-4.0,-4.0,-1.1
-4.0,-4.0,-1.1
-4.0,-4.0,-1.1
-4.0,-4.0,-1.1
-4.0,-4.0,-1.1
-4.0,-4.0,-1.1
-4.0,-4.0,-1.1
-4.0,-4.0,-1.1
-4.0,-4.0,-1.1
-4.0,-4.0,-1.1
-4.0,-4.0,-1.1
-4.0,-4.0,-1.1
-4.0,-4.0,-1.1
-4.0,-4.0,-1.1
-4.0,-4.0,-1.1
-4.0,-4.0,-1.1
-4.0,-4.0,-1.1
-4.0,-4.0,-1.1
-4.0,-4.0,-1.1
-4.0,-4.0,-1.1
-4.0,-4.0,-1.1
-4.0,-4.0,-1.1
-4.0,-4.0,-1.1
-4.0,-4.0,-1.1
-4.0,-4.0,-1.1
-4.0,-4.0,-1.1
-4.0,-4.0,-1.1
-4.0,-4.0,-1.1
-4.0,-4.0,-1.1
-4.0,-4.0,-1.1
-4.0,-4.0,-1.1
-4.0,-4.0,-1.1
-4.0,-4.0,-1.1
-4.0,-4.0,-1.1
-4.0,-4.0,-1.1
-4.0,-4.0,-1.1
-4.0,-4.0,-1.1
-4.0,-4.0,-1.1
-4.0,-4.0,-1.1
-4.0,-4.0,-1.1
-4.0,-4.0,-1.1
-4.0,-4.0,-1.1
-4.0,-4.0,-1.1
-4.0,-4.0,-1.1
-4.0,-4.0,-1.1
-4.0,-4.0,-1.1
-4.0,-4.0,-1.1
-4.0,-4.0,-1.1
-4.0,-4.0,-1.1
-4.0,-4.0,-1.1
-4.0,-4.0,-1.1
-4.0,-4.0,-1.1
-4.0,-4.0,-1.1
-4.0,-4.0,-1.1
-4.0,-4.0,-1.1
-4.0,-4.0,-1.1
-4.0,-4.0,-1.1
-4.0,-4.0,-1.1
-4.0,-4.0,-1.1
-4.0,-4.0,-1.1
-4.0,-4.0,-1.1
-4.0,-4.0,-1.1
-4.0,-4.0,-1.1
-4.0,-4.0,-1.1
-4.0,-4.0,-1.1
-4.0,-4.0,-1.1
-4.0,-4.0,-1.1
-4.0,-4.0,-1.1
-4.0,-4.0,-1.1
-4.0,-4.0,-1.1
-4.0,-4.0,-1.1
-4.0,-4.0,-1.1
-4.0,-4.0,-1.1
-4.0,-4.0,-1.1
-4.0,-4.0,-1.1
-4.0,-4.0,-1.1
-4.0,-4.0,-1.1
-4.0,-4.0,-1.1
-4.0,-4.0,-1.1
-4.0,-4.0,-1.1
-4.0,-4.0,-1.1
-4.0,-4.0,-1.1
-4.0,-4.0,-1.1
-4.0,-4.0,-1.1
-4.0,-4.0,-1.1
-4.0,-4.0,-1.1
-4.0,-4.0,-1.1
-4.0,-4.0,-1.1
-4.0,-4.0,-1.1
-4.0,-4.0,-1.1
-4.0,-4.0,-1.1
-4.0,-4.0,-1.1
-4.0,-4.0,-1.1
-4.0,-4.0,-1.1
-4.0,-4.0,-1.1
-4.0,-4.0,-1.1
-4.0,-4.0,-1.1
-4.0,-4.0,-1.1
-4.0,-4.0,-1.1
-4.0,-4.0,-1.1
-4.0,-4.0,-1.1
-4.0,-4.0,-1.1
-4.0,-4.0,-1.1
-4.0,-4.0,-1.1
-4.0,-4.0,-1.1
-4.0,-4.0,-1.1
-4.0,-4.0,-1.1
-4.0,-4.0,-1.1
-4.0,-4.0,-1.1
-4.0,-4.0,-1.1
-4.0,-4.0,-1.1
-4.0,-4.0,-1.1
-4.0,-4.0,-1.1
-4.0,-4.0,-1.1
-4.0,-4.0,-1.1
-4.0,-4.0,-1.1
-4.0,-4.0,-1.1
-4.0,-4.0,-1.1
-4.0,-4.0,-1.1
-4.0,-4.0,-1.1
-4.0,-4.0,-1.1
-4.0,-4.0,-1.1
-4.0,-4.0,-1.1
-4.0,-4.0,-1.1
-4.0,-4.0,-1.1
-4.0,-4.0,-1.1
-4.0,-4.0,-1.1
-4.0,-4.0,-1.1
-4.0,-4.0,-1.1
-4.0,-4.0,-1.1
-4.0,-4.0,-1.1
-4.0,-4.0,-1.1
-4.0,-4.0,-1.1
-4.0,-4.0,-1.1
-4.0,-4.0,-1.1
-4.0,-4.0,-1.1
-4.0,-4.0,-1.1
-4.0,-4.0,-1.1
-4.0,-4.0,-1.1
-4.0,-4.0,-1.1
-4.0,-4.0,-1.1
-4.0,-4.0,-1.1
-4.0,-4.0,-1.1
-4.0,-4.0,-1.1
-4.0,-4.0,-1.1
-4.0,-4.0,-1.1
-4.0,-4.0,-1.1
-4.0,-4.0,-1.1
-4.0,-4.0,-1.1
-4.0,-4.0,-1.1
-4.0,-4.0,-1.1
-4.0,-4.0,-1.1
-4.0,-4.0,-1.1
-4.0,-4.0,-1.1
-4.0,-4.0,-1.1
-4.0,-4.0,-1.1
-4.0,-4.0,-1.1
-4.0,-4.0,-1.1
-4.0,-4.0,-1.1
-4.0,-4.0,-1.1
-4.0,-4.0,-1.1
-4.0,-4.0,-1.1
-4.0,-4.0,-1.1
-4.0,-4.0,-1.1
-4.0,-4.0,-1.1
-4.0,-4.0,-1.1
-4.0,-4.0,-1.1
-4.0,-4.0,-1.1
-4.0,-4.0,-1.1
-4.0,-4.0,-1.1
-4.0,-4.0,-1.1
-4.0,-4.0,-1.1
-4.0,-4.0,-1.1
-4.0,-4.0,-1.1
-4.0,-4.0,-1.1
-4.0,-4.0,-1.1
-4.0,-4.0,-1.1
-4.0,-4.0,-1.1
-4.0,-4.0,-1.1
-4.0,-4.0,-1.1
-4.0,-4.0,-1.1
-4.0,-4.0,-1.1
-4.0,-4.0,-1.1
-4.0,-4.0,-1.1
-4.0,-4.0,-1.1
-4.0,-4.0,-1.1
-4.0,-4.0,-1.1
-4.0,-4.0,-1.1
-4.0,-4.0,-1.1
-4.0,-4.0,-1.1
-4.0,-4.0,-1.1
-4.0,-4.0,-1.1
-4.0,-4.0,-1.1
-4.0,-4.0,-1.1
-4.0,-4.0,-1.1
-4.0,-4.0,-1.1
-4.0,-4.0,-1.1
-4.0,-4.0,-1.1
-4.0,-4.0,-1.1
-4.0,-4.0,-1.1
-4.0,-4.0,-1.1
-4.0,-4.0,-1.1
-4.0,-4.0,-1.1
-4.0,-4.0,-1.1
-4.0,-4.0,-1.1
-4.0,-4.0,-1.1
-4.0,-4.0,-1.1
-4.0,-4.0,-1.1
-4.0,-4.0,-1.1
-4.0,-4.0,-1.1
-4.0,-4.0,-1.1
-4.0,-4.0,-1.1
-4.0,-4.0,-1.1
-4.0,-4.0,-1.1
-4.0,-4.0,-1.1
-4.0,-4.0,-1.1
-4.0,-4.0,-1.1
-4.0,-4.0,-1.1
-4.0,-4.0,-1.1
-4.0,-4.0,-1.1
-4.0,-4.0,-1.1
-4.0,-4.0,-1.1
-4.0,-4.0,-1.1
-4.0,-4.0,-1.1
-4.0,-4.0,-1.1
-4.0,-4.0,-1.1
-4.0,-4.0,-1.1
-4.0,-4.0,-1.1
-4.0,-4.0,-1.1
-4.0,-4.0,-1.1
-4.0,-4.0,-1.1
-4.0,-4.0,-1.1
-4.0,-4.0,-1.1
-4.0,-4.0,-1.1
-4.0,-4.0,-1.1
-4.0,-4.0,-1.1
-4.0,-4.0,-1.1
-4.0,-4.0,-1.1
-4.0,-4.0,-1.1
-4.0,-4.0,-1.1
-4.0,-4.0,-1.1
-4.0,-4.0,-1.1
-4.0,-4.0,-1.1
-4.0,-4.0,-1.1
-4.0,-4.0,-1.1
-4.0,-4.0,-1.1
-4.0,-4.0,-1.1
-4.0,-4.0,-1.1
-4.0,-4.0,-1.1
-4.0,-4.0,-1.1
-4.0,-4.0,-1.1
-4.0,-4.0,-1.1
-4.0,-4.0,-1.1
-4.0,-4.0,-1.1
-4.0,-4.0,-1.1
-4.0,-4.0,-1.1
-4.0,-4.0,-1.1
-4.0,-4.0,-1.1
-4.0,-4.0,-1.1
-4.0,-4.0,-1.1
-4.0,-4.0,-1.1
-4.0,-4.0,-1.1
-4.0,-4.0,-1.1
-4.0,-4.0,-1.1
-4.0,-4.0,-1.1
-4.0,-4.0,-1.1
-4.0,-4.0,-1.1
-4.0,-4.0,-1.1
-4.0,-4.0,-1.1
-4.0,-4.0,-1.1
-4.0,-4.0,-1.1
-4.0,-4.0,-1.1
-4.0,-4.0,-1.1
-4.0,-4.0,-1.1
-4.0,-4.0,-1.1
-4.0,-4.0,-1.1
-4.0,-4.0,-1.1
-4.0,-4.0,-1.1
-4.0,-4.0,-1.1
-4.0,-4.0,-1.1
-4.0,-4.0,-1.1
-4.0,-4.0,-1.1
-4.0,-4.0,-1.1
-4.0,-4.0,-1.1
-4.0,-4.0,-1.1
-4.0,-4.0,-1.1
-4.0,-4.0,-1.1
-4.0,-4.0,-1.1
-4.0,-4.0,-1.1
-4.0,-4.0,-1.1
-4.0,-4.0,-1.1
-4.0,-4.0,-1.1
-4.0,-4.0,-1.1
-4.0,-4.0,-1.1
-4.0,-4.0,-1.1
-4.0,-4.0,-1.1
-4.0,-4.0,-1.1
-4.0,-4.0,-1.1
-4.0,-4.0,-1.1
-4.0,-4.0,-1.1
-4.0,-4.0,-1.1
-4.0,-4.0,-1.1
-4.0,-4.0,-1.1
-4.0,-4.0,-1.1
-4.0,-4.0,-1.1
-4.0,-4.0,-1.1
-4.0,-4.0,-1.1
-4.0,-4.0,-1.1
-4.0,-4.0,-1.1
-4.0,-4.0,-1.1
-4.0,-4.0,-1.1
-4.0,-4.0,-1.1
-4.0,-4.0,-1.1
-4.0,-4.0,-1.1
-4.0,-4.0,-1.1
-4.0,-4.0,-1.1
-4.0,-4.0,-1.1
-4.0,-4.0,-1.1
-4.0,-4.0,-1.1
-4.0,-4.0,-1.1
-4.0,-4.0,-1.1
-4.0,-4.0,-1.1
-4.0,-4.0,-1.1
-4.0,-4.0,-1.1
-4.0,-4.0,-1.1
-4.0,-4.0,-1.1
-4.0,-4.0,-1.1
-4.0,-4.0,-1.1
-4.0,-4.0,-1.1
-4.0,-4.0,-1.1
-4.0,-4.0,-1.1
-4.0,-4.0,-1.1
-4.0,-4.0,-1.1
-4.0,-4.0,-1.1
-4.0,-4.0,-1.1
-4.0,-4.0,-1.1
-4.0,-4.0,-1.1
-4.0,-4.0,-1.1
-4.0,-4.0,-1.1
-4.0,-4.0,-1.1
-4.0,-4.0,-1.1
-4.0,-4.0,-1.1
-4.0,-4.0,-1.1
-4.0,-4.0,-1.1
-4.0,-4.0,-1.1
-4.0,-4.0,-1.1
-4.0,-4.0,-1.1
-4.0,-4.0,-1.1
-4.0,-4.0,-1.1
-4.0,-4.0,-1.1
-4.0,-4.0,-1.1
-4.0,-4.0,-1.1
-4.0,-4.0,-1.1
-4.0,-4.0,-1.1
-4.0,-4.0,-1.1
-4.0,-4.0,-1.1
-4.0,-4.0,-1.1
-4.0,-4.0,-1.1
-4.0,-4.0,-1.1
-4.0,-4.0,-1.1
-4.0,-4.0,-1.1
-4.0,-4.0,-1.1
-4.0,-4.0,-1.1
-4.0,-4.0,-1.1
-4.0,-4.0,-1.1
-4.0,-4.0,-1.1
-4.0,-4.0,-1.1
-4.0,-4.0,-1.1
-4.0,-4.0,-1.1
-4.0,-4.0,-1.1
-4.0,-4.0,-1.1
-4.0,-4.0,-1.1
-4.0,-4.0,-1.1
-4.0,-4.0,-1.1
-4.0,-4.0,-1.1
-4.0,-4.0,-1.1
-4.0,-4.0,-1.1
-4.0,-4.0,-1.1
-4.0,-4.0,-1.1
-4.0,-4.0,-1.1
-4.0,-4.0,-1.1
-4.0,-4.0,-1.1
-4.0,-4.0,-1.1
-4.0,-4.0,-1.1
-4.0,-4.0,-1.1
-4.0,-4.0,-1.1
-4.0,-4.0,-1.1
-4.0,-4.0,-1.1
-4.0,-4.0,-1.1
-4.0,-4.0,-1.1
-4.0,-4.0,-1.1
-4.0,-4.0,-1.1
-4.0,-4.0,-1.1
-4.0,-4.0,-1.1
-4.0,-4.0,-1.1
-4.0,-4.0,-1.1
-4.0,-4.0,-1.1
-4.0,-4.0,-1.1
-4.0,-4.0,-1.1
-4.0,-4.0,-1.1
-4.0,-4.0,-1.1
-4.0,-4.0,-1.1
-4.0,-4.0,-1.1
-4.0,-4.0,-1.1
-4.0,-4.0,-1.1
-4.0,-4.0,-1.1
-4.0,-4.0,-1.1
-4.0,-4.0,-1.1
-4.0,-4.0,-1.1
-4.0,-4.0,-1.1
-4.0,-4.0,-1.1
-4.0,-4.0,-1.1
-4.0,-4.0,-1.1
-4.0,-4.0,-1.1
-4.0,-4.0,-1.1
-4.0,-4.0,-1.1
-4.0,-4.0,-1.1
-4.0,-4.0,-1.1
-4.0,-4.0,-1.1
-4.0,-4.0,-1.1
-4.0,-4.0,-1.1
-4.0,-4.0,-1.1
-4.0,-4.0,-1.1
-4.0,-4.0,-1.1
-4.0,-4.0,-1.1
-4.0,-4.0,-1.1
-4.0,-4.0,-1.1
-4.0,-4.0,-1.1
-4.0,-4.0,-1.1
-4.0,-4.0,-1.1
-4.0,-4.0,-1.1
-4.0,-4.0,-1.1
-4.0,-4.0,-1.1
-4.0,-4.0,-1.1
-4.0,-4.0,-1.1
-4.0,-4.0,-1.1
-4.0,-4.0,-1.1
-4.0,-4.0,-1.1
-4.0,-4.0,-1.1
-4.0,-4.0,-1.1
-4.0,-4.0,-1.1
-4.0,-4.0,-1.1
-4.0,-4.0,-1.1
-4.0,-4.0,-1.1
-4.0,-4.0,-1.1
-4.0,-4.0,-1.1
-4.0,-4.0,-1.1
-4.0,-4.0,-1.1
-4.0,-4.0,-1.1
-4.0,-4.0,-1.1
-4.0,-4.0,-1.1
-4.0,-4.0,-1.1
-4.0,-4.0,-1.1
-4.0,-4.0,-1.1
-4.0,-4.0,-1.1
-4.0,-4.0,-1.1
-4.0,-4.0,-1.1
-4.0,-4.0,-1.1
-4.0,-4.0,-1.1
-4.0,-4.0,-1.1
-4.0,-4.0,-1.1
-4.0,-4.0,-1.1
-4.0,-4.0,-1.1
-4.0,-4.0,-1.1
-4.0,-4.0,-1.1
-4.0,-4.0,-1.1
-4.0,-4.0,-1.1
-4.0,-4.0,-1.1
-4.0,-4.0,-1.1
-4.0,-4.0,-1.1
-4.0,-4.0,-1.1
-4.0,-4.0,-1.1
-4.0,-4.0,-1.1
-4.0,-4.0,-1.1
-4.0,-4.0,-1.1
-4.0,-4.0,-1.1
-4.0,-4.0,-1.1
-4.0,-4.0,-1.1
-4.0,-4.0,-1.1
-4.0,-4.0,-1.1
-4.0,-4.0,-1.1
-4.0,-4.0,-1.1
-4.0,-4.0,-1.1
-4.0,-4.0,-1.1
-4.0,-4.0,-1.1
-4.0,-4.0,-1.1
-4.0,-4.0,-1.1
-4.0,-4.0,-1.1
-4.0,-4.0,-1.1
-4.0,-4.0,-1.1
-4.0,-4.0,-1.1
-4.0,-4.0,-1.1
-4.0,-4.0,-1.1
-4.0,-4.0,-1.1
-4.0,-4.0,-1.1
-4.0,-4.0,-1.1
-4.0,-4.0,-1.1
-4.0,-4.0,-1.1
-4.0,-4.0,-1.1
-4.0,-4.0,-1.1
-4.0,-4.0,-1.1
-4.0,-4.0,-1.1
-4.0,-4.0,-1.1
-4.0,-4.0,-1.1
-4.0,-4.0,-1.1
-4.0,-4.0,-1.1
-4.0,-4.0,-1.1
-4.0,-4.0,-1.1
-4.0,-4.0,-1.1
-4.0,-4.0,-1.1
-4.0,-4.0,-1.1
-4.0,-4.0,-1.1
-4.0,-4.0,-1.1
-4.0,-4.0,-1.1
-4.0,-4.0,-1.1
-4.0,-4.0,-1.1
-4.0,-4.0,-1.1
-4.0,-4.0,-1.1
-4.0,-4.0,-1.1
-4.0,-4.0,-1.1
-4.0,-4.0,-1.1
-4.0,-4.0,-1.1
-4.0,-4.0,-1.1
-4.0,-4.0,-1.1
-4.0,-4.0,-1.1
-4.0,-4.0,-1.1
-4.0,-4.0,-1.1
-4.0,-4.0,-1.1
-4.0,-4.0,-1.1
-4.0,-4.0,-1.1
-4.0,-4.0,-1.1
-4.0,-4.0,-1.1
-4.0,-4.0,-1.1
-4.0,-4.0,-1.1
-4.0,-4.0,-1.1
-4.0,-4.0,-1.1
-4.0,-4.0,-1.1
-4.0,-4.0,-1.1
-4.0,-4.0,-1.1
-4.0,-4.0,-1.1
-4.0,-4.0,-1.1
-4.0,-4.0,-1.1
-4.0,-4.0,-1.1
-4.0,-4.0,-1.1
-4.0,-4.0,-1.1
-4.0,-4.0,-1.1
-4.0,-4.0,-1.1
-4.0,-4.0,-1.1
-4.0,-4.0,-1.1
-4.0,-4.0,-1.1
-4.0,-4.0,-1.1
-4.0,-4.0,-1.1
-4.0,-4.0,-1.1
-4.0,-4.0,-1.1
-4.0,-4.0,-1.1
-4.0,-4.0,-1.1
-4.0,-4.0,-1.1
-4.0,-4.0,-1.1
-4.0,-4.0,-1.1
-4.0,-4.0,-1.1
-4.0,-4.0,-1.1
-4.0,-4.0,-1.1
-4.0,-4.0,-1.1
-4.0,-4.0,-1.1
-4.0,-4.0,-1.1
-4.0,-4.0,-1.1
-4.0,-4.0,-1.1
-4.0,-4.0,-1.1
-4.0,-4.0,-1.1
-4.0,-4.0,-1.1
-4.0,-4.0,-1.1
-4.0,-4.0,-1.1
-4.0,-4.0,-1.1
-4.0,-4.0,-1.1
-4.0,-4.0,-1.1
-4.0,-4.0,-1.1
-4.0,-4.0,-1.1
-4.0,-4.0,-1.1
-4.0,-4.0,-1.1
-4.0,-4.0,-1.1
-4.0,-4.0,-1.1
-4.0,-4.0,-1.1
-4.0,-4.0,-1.1
-4.0,-4.0,-1.1
-4.0,-4.0,-1.1
-4.0,-4.0,-1.1
-4.0,-4.0,-1.1
-4.0,-4.0,-1.1
-4.0,-4.0,-1.1
-4.0,-4.0,-1.1
-4.0,-4.0,-1.1
-4.0,-4.0,-1.1
-4.0,-4.0,-1.1
-4.0,-4.0,-1.1
-4.0,-4.0,-1.1
-4.0,-4.0,-1.1
-4.0,-4.0,-1.1
-4.0,-4.0,-1.1
-4.0,-4.0,-1.1
-4.0,-4.0,-1.1
-4.0,-4.0,-1.1
-4.0,-4.0,-1.1
-4.0,-4.0,-1.1
-4.0,-4.0,-1.1
-4.0,-4.0,-1.1
-4.0,-4.0,-1.1
-4.0,-4.0,-1.1
-4.0,-4.0,-1.1
-4.0,-4.0,-1.1
-4.0,-4.0,-1.1
-4.0,-4.0,-1.1
-4.0,-4.0,-1.1
-4.0,-4.0,-1.1
-4.0,-4.0,-1.1
-4.0,-4.0,-1.1
-4.0,-4.0,-1.1
-4.0,-4.0,-1.1
-4.0,-4.0,-1.1
-4.0,-4.0,-1.1
-4.0,-4.0,-1.1
-4.0,-4.0,-1.1
-4.0,-4.0,-1.1
-4.0,-4.0,-1.1
-4.0,-4.0,-1.1
-4.0,-4.0,-1.1
-4.0,-4.0,-1.1
-4.0,-4.0,-1.1
-4.0,-4.0,-1.1
-4.0,-4.0,-1.1
-4.0,-4.0,-1.1
-4.0,-4.0,-1.1
-4.0,-4.0,-1.1
-4.0,-4.0,-1.1
-4.0,-4.0,-1.1
-4.0,-4.0,-1.1
-4.0,-4.0,-1.1
-4.0,-4.0,-1.1
-4.0,-4.0,-1.1
-4.0,-4.0,-1.1
-4.0,-4.0,-1.1
-4.0,-4.0,-1.1
-4.0,-4.0,-1.1
-4.0,-4.0,-1.1
-4.0,-4.0,-1.1
-4.0,-4.0,-1.1
-4.0,-4.0,-1.1
-4.0,-4.0,-1.1
-4.0,-4.0,-1.1
-4.0,-4.0,-1.1
-4.0,-4.0,-1.1
-4.0,-4.0,-1.1
-4.0,-4.0,-1.1
-4.0,-4.0,-1.1
-4.0,-4.0,-1.1
-4.0,-4.0,-1.1
-4.0,-4.0,-1.1
-4.0,-4.0,-1.1
-4.0,-4.0,-1.1
-4.0,-4.0,-1.1
-4.0,-4.0,-1.1
-4.0,-4.0,-1.1
-4.0,-4.0,-1.1
-4.0,-4.0,-1.1
-4.0,-4.0,-1.1
-4.0,-4.0,-1.1
-4.0,-4.0,-1.1
-4.0,-4.0,-1.1
-4.0,-4.0,-1.1
-4.0,-4.0,-1.1
-4.0,-4.0,-1.1
-4.0,-4.0,-1.1
-4.0,-4.0,-1.1
-4.0,-4.0,-1.1
-4.0,-4.0,-1.1
-4.0,-4.0,-1.1
-4.0,-4.0,-1.1
-4.0,-4.0,-1.1
-4.0,-4.0,-1.1
-4.0,-4.0,-1.1
-4.0,-4.0,-1.1
-4.0,-4.0,-1.1
-4.0,-4.0,-1.1
-4.0,-4.0,-1.1
-4.0,-4.0,-1.1
-4.0,-4.0,-1.1
-4.0,-4.0,-1.1
-4.0,-4.0,-1.1
-4.0,-4.0,-1.1
-4.0,-4.0,-1.1
-4.0,-4.0,-1.1
-4.0,-4.0,-1.1
-4.0,-4.0,-1.1
-4.0,-4.0,-1.1
-4.0,-4.0,-1.1
-4.0,-4.0,-1.1
-4.0,-4.0,-1.1
-4.0,-4.0,-1.1
-4.0,-4.0,-1.1
-4.0,-4.0,-1.1
-4.0,-4.0,-1.1
-4.0,-4.0,-1.1
-4.0,-4.0,-1.1
-4.0,-4.0,-1.1
-4.0,-4.0,-1.1
-4.0,-4.0,-1.1
-4.0,-4.0,-1.1
-4.0,-4.0,-1.1
-4.0,-4.0,-1.1
-4.0,-4.0,-1.1
-4.0,-4.0,-1.1
-4.0,-4.0,-1.1
-4.0,-4.0,-1.1
-4.0,-4.0,-1.1
-4.0,-4.0,-1.1
-4.0,-4.0,-1.1
-4.0,-4.0,-1.1
-4.0,-4.0,-1.1
-4.0,-4.0,-1.1
-4.0,-4.0,-1.1
-4.0,-4.0,-1.1
-4.0,-4.0,-1.1
-4.0,-4.0,-1.1
-4.0,-4.0,-1.1
-4.0,-4.0,-1.1
-4.0,-4.0,-1.1
-4.0,-4.0,-1.1
-4.0,-4.0,-1.1
-4.0,-4.0,-1.1
-4.0,-4.0,-1.1
-4.0,-4.0,-1.1
-4.0,-4.0,-1.1
-4.0,-4.0,-1.1
-4.0,-4.0,-1.1
-4.0,-4.0,-1.1
-4.0,-4.0,-1.1
-4.0,-4.0,-1.1
-4.0,-4.0,-1.1
-4.0,-4.0,-1.1
-4.0,-4.0,-1.1
-4.0,-4.0,-1.1
-4.0,-4.0,-1.1
-4.0,-4.0,-1.1
-4.0,-4.0,-1.1
-4.0,-4.0,-1.1
-4.0,-4.0,-1.1
-4.0,-4.0,-1.1
-4.0,-4.0,-1.1
-4.0,-4.0,-1.1
-4.0,-4.0,-1.1
-4.0,-4.0,-1.1
-4.0,-4.0,-1.1
-4.0,-4.0,-1.1
-4.0,-4.0,-1.1
-4.0,-4.0,-1.1
-4.0,-4.0,-1.1
-4.0,-4.0,-1.1
-4.0,-4.0,-1.1
-4.0,-4.0,-1.1
-4.0,-4.0,-1.1
-4.0,-4.0,-1.1
-4.0,-4.0,-1.1
-4.0,-4.0,-1.1
-4.0,-4.0,-1.1
-4.0,-4.0,-1.1
-4.0,-4.0,-1.1
-4.0,-4.0,-1.1
-4.0,-4.0,-1.1
-4.0,-4.0,-1.1
-4.0,-4.0,-1.1
-4.0,-4.0,-1.1
-4.0,-4.0,-1.1
-4.0,-4.0,-1.1
-4.0,-4.0,-1.1
-4.0,-4.0,-1.1
-4.0,-4.0,-1.1
-4.0,-4.0,-1.1
-4.0,-4.0,-1.1
-4.0,-4.0,-1.1
-4.0,-4.0,-1.1
-4.0,-4.0,-1.1
-4.0,-4.0,-1.1
-4.0,-4.0,-1.1
-4.0,-4.0,-1.1
-4.0,-4.0,-1.1
-4.0,-4.0,-1.1
-4.0,-4.0,-1.1
-4.0,-4.0,-1.1
-4.0,-4.0,-1.1
-4.0,-4.0,-1.1
-4.0,-4.0,-1.1
-4.0,-4.0,-1.1
-4.0,-4.0,-1.1
-4.0,-4.0,-1.1
-4.0,-4.0,-1.1
-4.0,-4.0,-1.1
-4.0,-4.0,-1.1
-4.0,-4.0,-1.1
-4.0,-4.0,-1.1
-4.0,-4.0,-1.1
-4.0,-4.0,-1.1
-4.0,-4.0,-1.1
-4.0,-4.0,-1.1
-4.0,-4.0,-1.1
-4.0,-4.0,-1.1
-4.0,-4.0,-1.1
-4.0,-4.0,-1.1
-4.0,-4.0,-1.1
-4.0,-4.0,-1.1
-4.0,-4.0,-1.1
-4.0,-4.0,-1.1
-4.0,-4.0,-1.1
-4.0,-4.0,-1.1
-4.0,-4.0,-1.1
-4.0,-4.0,-1.1
-4.0,-4.0,-1.1
-4.0,-4.0,-1.1
-4.0,-4.0,-1.1
-4.0,-4.0,-1.1
-4.0,-4.0,-1.1
-4.0,-4.0,-1.1
-4.0,-4.0,-1.1
-4.0,-4.0,-1.1
-4.0,-4.0,-1.1
-4.0,-4.0,-1.1
-4.0,-4.0,-1.1
-4.0,-4.0,-1.1
-4.0,-4.0,-1.1
-4.0,-4.0,-1.1
-4.0,-4.0,-1.1
-4.0,-4.0,-1.1
-4.0,-4.0,-1.1
-4.0,-4.0,-1.1
-4.0,-4.0,-1.1
-4.0,-4.0,-1.1
-4.0,-4.0,-1.1
-4.0,-4.0,-1.1
-4.0,-4.0,-1.1
-4.0,-4.0,-1.1
-4.0,-4.0,-1.1
-4.0,-4.0,-1.1
-4.0,-4.0,-1.1
-4.0,-4.0,-1.1
-4.0,-4.0,-1.1
-4.0,-4.0,-1.1
-4.0,-4.0,-1.1
-4.0,-4.0,-1.1
-4.0,-4.0,-1.1
-4.0,-4.0,-1.1
-4.0,-4.0,-1.1
-4.0,-4.0,-1.1
-4.0,-4.0,-1.1
-4.0,-4.0,-1.1
-4.0,-4.0,-1.1
-4.0,-4.0,-1.1
-4.0,-4.0,-1.1
-4.0,-4.0,-1.1
-4.0,-4.0,-1.1
-4.0,-4.0,-1.1
-4.0,-4.0,-1.1
-4.0,-4.0,-1.1
-4.0,-4.0,-1.1
-4.0,-4.0,-1.1
-4.0,-4.0,-1.1
-4.0,-4.0,-1.1
-4.0,-4.0,-1.1
-4.0,-4.0,-1.1
-4.0,-4.0,-1.1
-4.0,-4.0,-1.1
-4.0,-4.0,-1.1
-4.0,-4.0,-1.1
-4.0,-4.0,-1.1
-4.0,-4.0,-1.1
-4.0,-4.0,-1.1
-4.0,-4.0,-1.1
-4.0,-4.0,-1.1
-4.0,-4.0,-1.1
-4.0,-4.0,-1.1
-4.0,-4.0,-1.1
-4.0,-4.0,-1.1
-4.0,-4.0,-1.1
-4.0,-4.0,-1.1
-4.0,-4.0,-1.1
-4.0,-4.0,-1.1
-4.0,-4.0,-1.1
-4.0,-4.0,-1.1
-4.0,-4.0,-1.1
-4.0,-4.0,-1.1
-4.0,-4.0,-1.1
-4.0,-4.0,-1.1
-4.0,-4.0,-1.1
-4.0,-4.0,-1.1
-4.0,-4.0,-1.1
-4.0,-4.0,-1.1
-4.0,-4.0,-1.1
-4.0,-4.0,-1.1
-4.0,-4.0,-1.1
-4.0,-4.0,-1.1
-4.0,-4.0,-1.1
-4.0,-4.0,-1.1
-4.0,-4.0,-1.1
-4.0,-4.0,-1.1
-4.0,-4.0,-1.1
-4.0,-4.0,-1.1
-4.0,-4.0,-1.1
-4.0,-4.0,-1.1
-4.0,-4.0,-1.1
-4.0,-4.0,-1.1
-4.0,-4.0,-1.1
-4.0,-4.0,-1.1
-4.0,-4.0,-1.1
-4.0,-4.0,-1.1
-4.0,-4.0,-1.1
-4.0,-4.0,-1.1
-4.0,-4.0,-1.1
-4.0,-4.0,-1.1
-4.0,-4.0,-1.1
-4.0,-4.0,-1.1
-4.0,-4.0,-1.1
-4.0,-4.0,-1.1
-4.0,-4.0,-1.1
-4.0,-4.0,-1.1
-4.0,-4.0,-1.1
-4.0,-4.0,-1.1
-4.0,-4.0,-1.1
-4.0,-4.0,-1.1
-4.0,-4.0,-1.1
-4.0,-4.0,-1.1
-4.0,-4.0,-1.1
-4.0,-4.0,-1.1
-4.0,-4.0,-1.1
-4.0,-4.0,-1.1
-4.0,-4.0,-1.1
-4.0,-4.0,-1.1
-4.0,-4.0,-1.1
-4.0,-4.0,-1.1
-4.0,-4.0,-1.1
-4.0,-4.0,-1.1
-4.0,-4.0,-1.1
-4.0,-4.0,-1.1
-4.0,-4.0,-1.1
-4.0,-4.0,-1.1
-4.0,-4.0,-1.1
-4.0,-4.0,-1.1
-4.0,-4.0,-1.1
-4.0,-4.0,-1.1
-4.0,-4.0,-1.1
-4.0,-4.0,-1.1
-4.0,-4.0,-1.1
-4.0,-4.0,-1.1
-4.0,-4.0,-1.1
-4.0,-4.0,-1.1
-4.0,-4.0,-1.1
-4.0,-4.0,-1.1
-4.0,-4.0,-1.1
-4.0,-4.0,-1.1
-4.0,-4.0,-1.1
-4.0,-4.0,-1.1
-4.0,-4.0,-1.1
-4.0,-4.0,-1.1
-4.0,-4.0,-1.1
-4.0,-4.0,-1.1
-4.0,-4.0,-1.1
-4.0,-4.0,-1.1
-4.0,-4.0,-1.1
-4.0,-4.0,-1.1
-4.0,-4.0,-1.1
-4.0,-4.0,-1.1
-4.0,-4.0,-1.1
-4.0,-4.0,-1.1
-4.0,-4.0,-1.1
-4.0,-4.0,-1.1
-4.0,-4.0,-1.1
-4.0,-4.0,-1.1
-4.0,-4.0,-1.1
-4.0,-4.0,-1.1
-4.0,-4.0,-1.1
-4.0,-4.0,-1.1
-4.0,-4.0,-1.1
-4.0,-4.0,-1.1
-4.0,-4.0,-1.1
-4.0,-4.0,-1.1
-4.0,-4.0,-1.1
-4.0,-4.0,-1.1
-4.0,-4.0,-1.1
-4.0,-4.0,-1.1
-4.0,-4.0,-1.1
-4.0,-4.0,-1.1
-4.0,-4.0,-1.1
-4.0,-4.0,-1.1
-4.0,-4.0,-1.1
-4.0,-4.0,-1.1
-4.0,-4.0,-1.1
-4.0,-4.0,-1.1
-4.0,-4.0,-1.1
-4.0,-4.0,-1.1
-4.0,-4.0,-1.1
-4.0,-4.0,-1.1
-4.0,-4.0,-1.1
-4.0,-4.0,-1.1
-4.0,-4.0,-1.1
-4.0,-4.0,-1.1
-4.0,-4.0,-1.1
-4.0,-4.0,-1.1
-4.0,-4.0,-1.1
-4.0,-4.0,-1.1
-4.0,-4.0,-1.1
-4.0,-4.0,-1.1
-4.0,-4.0,-1.1
-4.0,-4.0,-1.1
-4.0,-4.0,-1.1
-4.0,-4.0,-1.1
-4.0,-4.0,-1.1
-4.0,-4.0,-1.1
-4.0,-4.0,-1.1
-4.0,-4.0,-1.1
-4.0,-4.0,-1.1
-4.0,-4.0,-1.1
-4.0,-4.0,-1.1
-4.0,-4.0,-1.1
-4.0,-4.0,-1.1
-4.0,-4.0,-1.1
-4.0,-4.0,-1.1
-4.0,-4.0,-1.1
-4.0,-4.0,-1.1
-4.0,-4.0,-1.1
-4.0,-4.0,-1.1
-4.0,-4.0,-1.1
-4.0,-4.0,-1.1
-4.0,-4.0,-1.1
-4.0,-4.0,-1.1
-4.0,-4.0,-1.1
-4.0,-4.0,-1.1
-4.0,-4.0,-1.1
-4.0,-4.0,-1.1
-4.0,-4.0,-1.1
-4.0,-4.0,-1.1
-4.0,-4.0,-1.1
-4.0,-4.0,-1.1
-4.0,-4.0,-1.1
-4.0,-4.0,-1.1
-4.0,-4.0,-1.1
-4.0,-4.0,-1.1
-4.0,-4.0,-1.1
-4.0,-4.0,-1.1
-4.0,-4.0,-1.1
-4.0,-4.0,-1.1
-4.0,-4.0,-1.1
-4.0,-4.0,-1.1
-4.0,-4.0,-1.1
-4.0,-4.0,-1.1
-4.0,-4.0,-1.1
-4.0,-4.0,-1.1
-4.0,-4.0,-1.1
-4.0,-4.0,-1.1
-4.0,-4.0,-1.1
-4.0,-4.0,-1.1
-4.0,-4.0,-1.1
-4.0,-4.0,-1.1
-4.0,-4.0,-1.1
-4.0,-4.0,-1.1
-4.0,-4.0,-1.1
-4.0,-4.0,-1.1
-4.0,-4.0,-1.1
-4.0,-4.0,-1.1
-4.0,-4.0,-1.1
-4.0,-4.0,-1.1
-4.0,-4.0,-1.1
-4.0,-4.0,-1.1
-4.0,-4.0,-1.1
-4.0,-4.0,-1.1
-4.0,-4.0,-1.1
-4.0,-4.0,-1.1
-4.0,-4.0,-1.1
-4.0,-4.0,-1.1
-4.0,-4.0,-1.1
-4.0,-4.0,-1.1
-4.0,-4.0,-1.1
-4.0,-4.0,-1.1
-4.0,-4.0,-1.1
-4.0,-4.0,-1.1
-4.0,-4.0,-1.1
-4.0,-4.0,-1.1
-4.0,-4.0,-1.1
-4.0,-4.0,-1.1
-4.0,-4.0,-1.1
-4.0,-4.0,-1.1
-4.0,-4.0,-1.1
-4.0,-4.0,-1.1
-4.0,-4.0,-1.1
-4.0,-4.0,-1.1
-4.0,-4.0,-1.1
-4.0,-4.0,-1.1
-4.0,-4.0,-1.1
-4.0,-4.0,-1.1
-4.0,-4.0,-1.1
-4.0,-4.0,-1.1
-4.0,-4.0,-1.1
-4.0,-4.0,-1.1
-4.0,-4.0,-1.1
-4.0,-4.0,-1.1
-4.0,-4.0,-1.1
-4.0,-4.0,-1.1
-4.0,-4.0,-1.1
-4.0,-4.0,-1.1
-4.0,-4.0,-1.1
-4.0,-4.0,-1.1
-4.0,-4.0,-1.1
-4.0,-4.0,-1.1
-4.0,-4.0,-1.1
-4.0,-4.0,-1.1
-4.0,-4.0,-1.1
-4.0,-4.0,-1.1
-4.0,-4.0,-1.1
-4.0,-4.0,-1.1
-4.0,-4.0,-1.1
-4.0,-4.0,-1.1
-4.0,-4.0,-1.1
-4.0,-4.0,-1.1
-4.0,-4.0,-1.1
-4.0,-4.0,-1.1
-4.0,-4.0,-1.1
-4.0,-4.0,-1.1
-4.0,-4.0,-1.1
-4.0,-4.0,-1.1
-4.0,-4.0,-1.1
-4.0,-4.0,-1.1
-4.0,-4.0,-1.1
-4.0,-4.0,-1.1
-4.0,-4.0,-1.1
-4.0,-4.0,-1.1
-4.0,-4.0,-1.1
-4.0,-4.0,-1.1
-4.0,-4.0,-1.1
-4.0,-4.0,-1.1
-4.0,-4.0,-1.1
-4.0,-4.0,-1.1
-4.0,-4.0,-1.1
-4.0,-4.0,-1.1
-4.0,-4.0,-1.1
-4.0,-4.0,-1.1
-4.0,-4.0,-1.1
-4.0,-4.0,-1.1
-4.0,-4.0,-1.1
-4.0,-4.0,-1.1
-4.0,-4.0,-1.1
-4.0,-4.0,-1.1
-4.0,-4.0,-1.1
-4.0,-4.0,-1.1
-4.0,-4.0,-1.1
-4.0,-4.0,-1.1
-4.0,-4.0,-1.1
-4.0,-4.0,-1.1
-4.0,-4.0,-1.1
-4.0,-4.0,-1.1
-4.0,-4.0,-1.1
-4.0,-4.0,-1.1
-4.0,-4.0,-1.1
-4.0,-4.0,-1.1
-4.0,-4.0,-1.1
-4.0,-4.0,-1.1
-4.0,-4.0,-1.1
-4.0,-4.0,-1.1
-4.0,-4.0,-1.1
-4.0,-4.0,-1.1
-4.0,-4.0,-1.1
-4.0,-4.0,-1.1
-4.0,-4.0,-1.1
-4.0,-4.0,-1.1
-4.0,-4.0,-1.1
-4.0,-4.0,-1.1
-4.0,-4.0,-1.1
-4.0,-4.0,-1.1
-4.0,-4.0,-1.1
-4.0,-4.0,-1.1
-4.0,-4.0,-1.1
-4.0,-4.0,-1.1
-4.0,-4.0,-1.1
-4.0,-4.0,-1.1
-4.0,-4.0,-1.1
-4.0,-4.0,-1.1
-4.0,-4.0,-1.1
-4.0,-4.0,-1.1
-4.0,-4.0,-1.1
-4.0,-4.0,-1.1
-4.0,-4.0,-1.1
-4.0,-4.0,-1.1
-4.0,-4.0,-1.1
-4.0,-4.0,-1.1
-4.0,-4.0,-1.1
-4.0,-4.0,-1.1
-4.0,-4.0,-1.1
-4.0,-4.0,-1.1
-4.0,-4.0,-1.1
-4.0,-4.0,-1.1
-4.0,-4.0,-1.1
-4.0,-4.0,-1.1
-4.0,-4.0,-1.1
-4.0,-4.0,-1.1
-4.0,-4.0,-1.1
-4.0,-4.0,-1.1
-4.0,-4.0,-1.1
-4.0,-4.0,-1.1
-4.0,-4.0,-1.1
-4.0,-4.0,-1.1
-4.0,-4.0,-1.1
-4.0,-4.0,-1.1
-4.0,-4.0,-1.1
-4.0,-4.0,-1.1
-4.0,-4.0,-1.1
-4.0,-4.0,-1.1
-4.0,-4.0,-1.1
-4.0,-4.0,-1.1
-4.0,-4.0,-1.1
-4.0,-4.0,-1.1
-4.0,-4.0,-1.1
-4.0,-4.0,-1.1
-4.0,-4.0,-1.1
-4.0,-4.0,-1.1
-4.0,-4.0,-1.1
-4.0,-4.0,-1.1
-4.0,-4.0,-1.1
-4.0,-4.0,-1.1
-4.0,-4.0,-1.1
-4.0,-4.0,-1.1
-4.0,-4.0,-1.1
-4.0,-4.0,-1.1
-4.0,-4.0,-1.1
-4.0,-4.0,-1.1
-4.0,-4.0,-1.1
-4.0,-4.0,-1.1
-4.0,-4.0,-1.1
-4.0,-4.0,-1.1
-4.0,-4.0,-1.1
-4.0,-4.0,-1.1
-4.0,-4.0,-1.1
-4.0,-4.0,-1.1
-4.0,-4.0,-1.1
-4.0,-4.0,-1.1
-4.0,-4.0,-1.1
-4.0,-4.0,-1.1
-4.0,-4.0,-1.1
-4.0,-4.0,-1.1
-4.0,-4.0,-1.1
-4.0,-4.0,-1.1
-4.0,-4.0,-1.1
-4.0,-4.0,-1.1
-4.0,-4.0,-1.1
-4.0,-4.0,-1.1
-4.0,-4.0,-1.1
-4.0,-4.0,-1.1
-4.0,-4.0,-1.1
-4.0,-4.0,-1.1
-4.0,-4.0,-1.1
-4.0,-4.0,-1.1
-4.0,-4.0,-1.1
-4.0,-4.0,-1.1
-4.0,-4.0,-1.1
-4.0,-4.0,-1.1
-4.0,-4.0,-1.1
-4.0,-4.0,-1.1
-4.0,-4.0,-1.1
-4.0,-4.0,-1.1
-4.0,-4.0,-1.1
-4.0,-4.0,-1.1
-4.0,-4.0,-1.1
-4.0,-4.0,-1.1
-4.0,-4.0,-1.1
-4.0,-4.0,-1.1
-4.0,-4.0,-1.1
-4.0,-4.0,-1.1
-4.0,-4.0,-1.1
-4.0,-4.0,-1.1
-4.0,-4.0,-1.1
-4.0,-4.0,-1.1
-4.0,-4.0,-1.1
-4.0,-4.0,-1.1
-4.0,-4.0,-1.1
-4.0,-4.0,-1.1
-4.0,-4.0,-1.1
-4.0,-4.0,-1.1
-4.0,-4.0,-1.1
-4.0,-4.0,-1.1
-4.0,-4.0,-1.1
-4.0,-4.0,-1.1
-4.0,-4.0,-1.1
-4.0,-4.0,-1.1
-4.0,-4.0,-1.1
-4.0,-4.0,-1.1
-4.0,-4.0,-1.1
-4.0,-4.0,-1.1
-4.0,-4.0,-1.1
-4.0,-4.0,-1.1
-4.0,-4.0,-1.1
-4.0,-4.0,-1.1
-4.0,-4.0,-1.1
-4.0,-4.0,-1.1
-4.0,-4.0,-1.1
-4.0,-4.0,-1.1
-4.0,-4.0,-1.1
-4.0,-4.0,-1.1
-4.0,-4.0,-1.1
-4.0,-4.0,-1.1
-4.0,-4.0,-1.1
-4.0,-4.0,-1.1
-4.0,-4.0,-1.1
-4.0,-4.0,-1.1
-4.0,-4.0,-1.1
-4.0,-4.0,-1.1
-4.0,-4.0,-1.1
-4.0,-4.0,-1.1
-4.0,-4.0,-1.1
-4.0,-4.0,-1.1
-4.0,-4.0,-1.1
-4.0,-4.0,-1.1
-4.0,-4.0,-1.1
-4.0,-4.0,-1.1
-4.0,-4.0,-1.1
-4.0,-4.0,-1.1
-4.0,-4.0,-1.1
-4.0,-4.0,-1.1
-4.0,-4.0,-1.1
-4.0,-4.0,-1.1
-4.0,-4.0,-1.1
-4.0,-4.0,-1.1
-4.0,-4.0,-1.1
-4.0,-4.0,-1.1
-4.0,-4.0,-1.1
-4.0,-4.0,-1.1
-4.0,-4.0,-1.1
-4.0,-4.0,-1.1
-4.0,-4.0,-1.1
-4.0,-4.0,-1.1
-4.0,-4.0,-1.1
-4.0,-4.0,-1.1
-4.0,-4.0,-1.1
-4.0,-4.0,-1.1
-4.0,-4.0,-1.1
-4.0,-4.0,-1.1
-4.0,-4.0,-1.1
-4.0,-4.0,-1.1
-4.0,-4.0,-1.1
-4.0,-4.0,-1.1
-4.0,-4.0,-1.1
-4.0,-4.0,-1.1
-4.0,-4.0,-1.1
-4.0,-4.0,-1.1
-4.0,-4.0,-1.1
-4.0,-4.0,-1.1
-4.0,-4.0,-1.1
-4.0,-4.0,-1.1
-4.0,-4.0,-1.1
-4.0,-4.0,-1.1
-4.0,-4.0,-1.1
-4.0,-4.0,-1.1
-4.0,-4.0,-1.1
-4.0,-4.0,-1.1
-4.0,-4.0,-1.1
-4.0,-4.0,-1.1
-4.0,-4.0,-1.1
-4.0,-4.0,-1.1
-4.0,-4.0,-1.1
-4.0,-4.0,-1.1
-4.0,-4.0,-1.1
-4.0,-4.0,-1.1
-4.0,-4.0,-1.1
-4.0,-4.0,-1.1
-4.0,-4.0,-1.1
-4.0,-4.0,-1.1
-4.0,-4.0,-1.1
-4.0,-4.0,-1.1
-4.0,-4.0,-1.1
-4.0,-4.0,-1.1
-4.0,-4.0,-1.1
-4.0,-4.0,-1.1
-4.0,-4.0,-1.1
-4.0,-4.0,-1.1
-4.0,-4.0,-1.1
-4.0,-4.0,-1.1
-4.0,-4.0,-1.1
-4.0,-4.0,-1.1
-4.0,-4.0,-1.1
-4.0,-4.0,-1.1
-4.0,-4.0,-1.1
-4.0,-4.0,-1.1
-4.0,-4.0,-1.1
-4.0,-4.0,-1.1
-4.0,-4.0,-1.1
-4.0,-4.0,-1.1
-4.0,-4.0,-1.1
-4.0,-4.0,-1.1
-4.0,-4.0,-1.1
-4.0,-4.0,-1.1
-4.0,-4.0,-1.1
-4.0,-4.0,-1.1
-4.0,-4.0,-1.1
-4.0,-4.0,-1.1
-4.0,-4.0,-1.1
-4.0,-4.0,-1.1
-4.0,-4.0,-1.1
-4.0,-4.0,-1.1
-4.0,-4.0,-1.1
-4.0,-4.0,-1.1
-4.0,-4.0,-1.1
-4.0,-4.0,-1.1
-4.0,-4.0,-1.1
-4.0,-4.0,-1.1
-4.0,-4.0,-1.1
-4.0,-4.0,-1.1
-4.0,-4.0,-1.1
-4.0,-4.0,-1.1
-4.0,-4.0,-1.1
-4.0,-4.0,-1.1
-4.0,-4.0,-1.1
-4.0,-4.0,-1.1
-4.0,-4.0,-1.1
-4.0,-4.0,-1.1
-4.0,-4.0,-1.1
-4.0,-4.0,-1.1
-4.0,-4.0,-1.1
-4.0,-4.0,-1.1
-4.0,-4.0,-1.1
-4.0,-4.0,-1.1
-4.0,-4.0,-1.1
-4.0,-4.0,-1.1
-4.0,-4.0,-1.1
-4.0,-4.0,-1.1
-4.0,-4.0,-1.1
-4.0,-4.0,-1.1
-4.0,-4.0,-1.1
-4.0,-4.0,-1.1
-4.0,-4.0,-1.1
-4.0,-4.0,-1.1
-4.0,-4.0,-1.1
-4.0,-4.0,-1.1
-4.0,-4.0,-1.1
-4.0,-4.0,-1.1
-4.0,-4.0,-1.1
-4.0,-4.0,-1.1
-4.0,-4.0,-1.1
-4.0,-4.0,-1.1
-4.0,-4.0,-1.1
-4.0,-4.0,-1.1
-4.0,-4.0,-1.1
-4.0,-4.0,-1.1
-4.0,-4.0,-1.1
-4.0,-4.0,-1.1
-4.0,-4.0,-1.1
-4.0,-4.0,-1.1
-4.0,-4.0,-1.1
-4.0,-4.0,-1.1
-4.0,-4.0,-1.1
-4.0,-4.0,-1.1
-4.0,-4.0,-1.1
-4.0,-4.0,-1.1
-4.0,-4.0,-1.1
-4.0,-4.0,-1.1
-4.0,-4.0,-1.1
-4.0,-4.0,-1.1
-4.0,-4.0,-1.1
-4.0,-4.0,-1.1
-4.0,-4.0,-1.1
-4.0,-4.0,-1.1
-4.0,-4.0,-1.1
-4.0,-4.0,-1.1
-4.0,-4.0,-1.1
-4.0,-4.0,-1.1
-4.0,-4.0,-1.1
-4.0,-4.0,-1.1
-4.0,-4.0,-1.1
-4.0,-4.0,-1.1
-4.0,-4.0,-1.1
-4.0,-4.0,-1.1
-4.0,-4.0,-1.1
-4.0,-4.0,-1.1
-4.0,-4.0,-1.1
-4.0,-4.0,-1.1
-4.0,-4.0,-1.1
-4.0,-4.0,-1.1
-4.0,-4.0,-1.1
-4.0,-4.0,-1.1
-4.0,-4.0,-1.1
-4.0,-4.0,-1.1
-4.0,-4.0,-1.1
-4.0,-4.0,-1.1
-4.0,-4.0,-1.1
-4.0,-4.0,-1.1
-4.0,-4.0,-1.1
-4.0,-4.0,-1.1
-4.0,-4.0,-1.1
-4.0,-4.0,-1.1
-4.0,-4.0,-1.1
-4.0,-4.0,-1.1
-4.0,-4.0,-1.1
-4.0,-4.0,-1.1
-4.0,-4.0,-1.1
-4.0,-4.0,-1.1
-4.0,-4.0,-1.1
-4.0,-4.0,-1.1
-4.0,-4.0,-1.1
-4.0,-4.0,-1.1
-4.0,-4.0,-1.1
-4.0,-4.0,-1.1
-4.0,-4.0,-1.1
-4.0,-4.0,-1.1
-4.0,-4.0,-1.1
-4.0,-4.0,-1.1
-4.0,-4.0,-1.1
-4.0,-4.0,-1.1
-4.0,-4.0,-1.1
-4.0,-4.0,-1.1
-4.0,-4.0,-1.1
-4.0,-4.0,-1.1
-4.0,-4.0,-1.1
-4.0,-4.0,-1.1
-4.0,-4.0,-1.1
-4.0,-4.0,-1.1
-4.0,-4.0,-1.1
-4.0,-4.0,-1.1
-4.0,-4.0,-1.1
-4.0,-4.0,-1.1
-4.0,-4.0,-1.1
-4.0,-4.0,-1.1
-4.0,-4.0,-1.1
-4.0,-4.0,-1.1
-4.0,-4.0,-1.1
-4.0,-4.0,-1.1
-4.0,-4.0,-1.1
-4.0,-4.0,-1.1
-4.0,-4.0,-1.1
-4.0,-4.0,-1.1
-4.0,-4.0,-1.1
-4.0,-4.0,-1.1
-4.0,-4.0,-1.1
-4.0,-4.0,-1.1
-4.0,-4.0,-1.1
-4.0,-4.0,-1.1
-4.0,-4.0,-1.1
-4.0,-4.0,-1.1
-4.0,-4.0,-1.1
-4.0,-4.0,-1.1
-4.0,-4.0,-1.1
-4.0,-4.0,-1.1
-4.0,-4.0,-1.1
-4.0,-4.0,-1.1
-4.0,-4.0,-1.1
-4.0,-4.0,-1.1
-4.0,-4.0,-1.1
-4.0,-4.0,-1.1
-4.0,-4.0,-1.1
-4.0,-4.0,-1.1
-4.0,-4.0,-1.1
-4.0,-4.0,-1.1
-4.0,-4.0,-1.1
-4.0,-4.0,-1.1
-4.0,-4.0,-1.1
-4.0,-4.0,-1.1
-4.0,-4.0,-1.1
-4.0,-4.0,-1.1
-4.0,-4.0,-1.1
-4.0,-4.0,-1.1
-4.0,-4.0,-1.1
-4.0,-4.0,-1.1
-4.0,-4.0,-1.1
-4.0,-4.0,-1.1
-4.0,-4.0,-1.1
-4.0,-4.0,-1.1
-4.0,-4.0,-1.1
-4.0,-4.0,-1.1
-4.0,-4.0,-1.1
-4.0,-4.0,-1.1
-4.0,-4.0,-1.1
-4.0,-4.0,-1.1
-4.0,-4.0,-1.1
-4.0,-4.0,-1.1
-4.0,-4.0,-1.1
-4.0,-4.0,-1.1
-4.0,-4.0,-1.1
-4.0,-4.0,-1.1
-4.0,-4.0,-1.1
-4.0,-4.0,-1.1
-4.0,-4.0,-1.1
-4.0,-4.0,-1.1
-4.0,-4.0,-1.1
-4.0,-4.0,-1.1
-4.0,-4.0,-1.1
-4.0,-4.0,-1.1
-4.0,-4.0,-1.1
-4.0,-4.0,-1.1
-4.0,-4.0,-1.1
-4.0,-4.0,-1.1
-4.0,-4.0,-1.1
-4.0,-4.0,-1.1
-4.0,-4.0,-1.1
-4.0,-4.0,-1.1
-4.0,-4.0,-1.1
-4.0,-4.0,-1.1
-4.0,-4.0,-1.1
-4.0,-4.0,-1.1
-4.0,-4.0,-1.1
-4.0,-4.0,-1.1
-4.0,-4.0,-1.1
-4.0,-4.0,-1.1
-4.0,-4.0,-1.1
-4.0,-4.0,-1.1
-4.0,-4.0,-1.1
-4.0,-4.0,-1.1
-4.0,-4.0,-1.1
-4.0,-4.0,-1.1
-4.0,-4.0,-1.1
-4.0,-4.0,-1.1
-4.0,-4.0,-1.1
-4.0,-4.0,-1.1
-4.0,-4.0,-1.1
-4.0,-4.0,-1.1
-4.0,-4.0,-1.1
-4.0,-4.0,-1.1
-4.0,-4.0,-1.1
-4.0,-4.0,-1.1
-4.0,-4.0,-1.1
-4.0,-4.0,-1.1
-4.0,-4.0,-1.1
-4.0,-4.0,-1.1
-4.0,-4.0,-1.1
-4.0,-4.0,-1.1
-4.0,-4.0,-1.1
-4.0,-4.0,-1.1
-4.0,-4.0,-1.1
-4.0,-4.0,-1.1
-4.0,-4.0,-1.1
-4.0,-4.0,-1.1
-4.0,-4.0,-1.1
-4.0,-4.0,-1.1
-4.0,-4.0,-1.1
-4.0,-4.0,-1.1
-4.0,-4.0,-1.1
-4.0,-4.0,-1.1
-4.0,-4.0,-1.1
-4.0,-4.0,-1.1
-4.0,-4.0,-1.1
-4.0,-4.0,-1.1
-4.0,-4.0,-1.1
-4.0,-4.0,-1.1
-4.0,-4.0,-1.1
-4.0,-4.0,-1.1
-4.0,-4.0,-1.1
-4.0,-4.0,-1.1
-4.0,-4.0,-1.1
-4.0,-4.0,-1.1
-4.0,-4.0,-1.1
-4.0,-4.0,-1.1
-4.0,-4.0,-1.1
-4.0,-4.0,-1.1
-4.0,-4.0,-1.1
-4.0,-4.0,-1.1
-4.0,-4.0,-1.1
-4.0,-4.0,-1.1
-4.0,-4.0,-1.1
-4.0,-4.0,-1.1
-4.0,-4.0,-1.1
-4.0,-4.0,-1.1
-4.0,-4.0,-1.1
-4.0,-4.0,-1.1
-4.0,-4.0,-1.1
-4.0,-4.0,-1.1
-4.0,-4.0,-1.1
-4.0,-4.0,-1.1
-4.0,-4.0,-1.1
-4.0,-4.0,-1.1
-4.0,-4.0,-1.1
-4.0,-4.0,-1.1
-4.0,-4.0,-1.1
-4.0,-4.0,-1.1
-4.0,-4.0,-1.1
-4.0,-4.0,-1.1
-4.0,-4.0,-1.1
-4.0,-4.0,-1.1
-4.0,-4.0,-1.1
-4.0,-4.0,-1.1
-4.0,-4.0,-1.1
-4.0,-4.0,-1.1
-4.0,-4.0,-1.1
-4.0,-4.0,-1.1
-4.0,-4.0,-1.1
-4.0,-4.0,-1.1
-4.0,-4.0,-1.1
-4.0,-4.0,-1.1
-4.0,-4.0,-1.1
-4.0,-4.0,-1.1
-4.0,-4.0,-1.1
-4.0,-4.0,-1.1
-4.0,-4.0,-1.1
-4.0,-4.0,-1.1
-4.0,-4.0,-1.1
-4.0,-4.0,-1.1
-4.0,-4.0,-1.1
-4.0,-4.0,-1.1
-4.0,-4.0,-1.1
-4.0,-4.0,-1.1
-4.0,-4.0,-1.1
-4.0,-4.0,-1.1
-4.0,-4.0,-1.1
-4.0,-4.0,-1.1
-4.0,-4.0,-1.1
-4.0,-4.0,-1.1
-4.0,-4.0,-1.1
-4.0,-4.0,-1.1
-4.0,-4.0,-1.1
-4.0,-4.0,-1.1
-4.0,-4.0,-1.1
-4.0,-4.0,-1.1
-4.0,-4.0,-1.1
-4.0,-4.0,-1.1
-4.0,-4.0,-1.1
-4.0,-4.0,-1.1
-4.0,-4.0,-1.1
-4.0,-4.0,-1.1
-4.0,-4.0,-1.1
-4.0,-4.0,-1.1
-4.0,-4.0,-1.1
-4.0,-4.0,-1.1
-4.0,-4.0,-1.1
-4.0,-4.0,-1.1
-4.0,-4.0,-1.1
-4.0,-4.0,-1.1
-4.0,-4.0,-1.1
-4.0,-4.0,-1.1
-4.0,-4.0,-1.1
-4.0,-4.0,-1.1
-4.0,-4.0,-1.1
-4.0,-4.0,-1.1
-4.0,-4.0,-1.1
-4.0,-4.0,-1.1
-4.0,-4.0,-1.1
-4.0,-4.0,-1.1
-4.0,-4.0,-1.1
-4.0,-4.0,-1.1
-4.0,-4.0,-1.1
-4.0,-4.0,-1.1
-4.0,-4.0,-1.1
-4.0,-4.0,-1.1
-4.0,-4.0,-1.1
-4.0,-4.0,-1.1
-4.0,-4.0,-1.1
-4.0,-4.0,-1.1
-4.0,-4.0,-1.1
-4.0,-4.0,-1.1
-4.0,-4.0,-1.1
-4.0,-4.0,-1.1
-4.0,-4.0,-1.1
-4.0,-4.0,-1.1
-4.0,-4.0,-1.1
-4.0,-4.0,-1.1
-4.0,-4.0,-1.1
-4.0,-4.0,-1.1
-4.0,-4.0,-1.1
-4.0,-4.0,-1.1
-4.0,-4.0,-1.1
-4.0,-4.0,-1.1
-4.0,-4.0,-1.1
-4.0,-4.0,-1.1
-4.0,-4.0,-1.1
-4.0,-4.0,-1.1
-4.0,-4.0,-1.1
-4.0,-4.0,-1.1
-4.0,-4.0,-1.1
-4.0,-4.0,-1.1
-4.0,-4.0,-1.1
-4.0,-4.0,-1.1
-4.0,-4.0,-1.1
-4.0,-4.0,-1.1
-4.0,-4.0,-1.1
-4.0,-4.0,-1.1
-4.0,-4.0,-1.1
-4.0,-4.0,-1.1
-4.0,-4.0,-1.1
-4.0,-4.0,-1.1
-4.0,-4.0,-1.1
-4.0,-4.0,-1.1
-4.0,-4.0,-1.1
-4.0,-4.0,-1.1
-4.0,-4.0,-1.1
-4.0,-4.0,-1.1
-4.0,-4.0,-1.1
-4.0,-4.0,-1.1
-4.0,-4.0,-1.1
-4.0,-4.0,-1.1
-4.0,-4.0,-1.1
-4.0,-4.0,-1.1
-4.0,-4.0,-1.1
-4.0,-4.0,-1.1
-4.0,-4.0,-1.1
-4.0,-4.0,-1.1
-4.0,-4.0,-1.1
-4.0,-4.0,-1.1
-4.0,-4.0,-1.1
-4.0,-4.0,-1.1
-4.0,-4.0,-1.1
-4.0,-4.0,-1.1
-4.0,-4.0,-1.1
-4.0,-4.0,-1.1
-4.0,-4.0,-1.1
-4.0,-4.0,-1.1
-4.0,-4.0,-1.1
-4.0,-4.0,-1.1
-4.0,-4.0,-1.1
-4.0,-4.0,-1.1
-4.0,-4.0,-1.1
-4.0,-4.0,-1.1
-4.0,-4.0,-1.1
-4.0,-4.0,-1.1
-4.0,-4.0,-1.1
-4.0,-4.0,-1.1
-4.0,-4.0,-1.1
-4.0,-4.0,-1.1
-4.0,-4.0,-1.1
-4.0,-4.0,-1.1
-4.0,-4.0,-1.1
-4.0,-4.0,-1.1
-4.0,-4.0,-1.1
-4.0,-4.0,-1.1
-4.0,-4.0,-1.1
-4.0,-4.0,-1.1
-4.0,-4.0,-1.1
-4.0,-4.0,-1.1
-4.0,-4.0,-1.1
-4.0,-4.0,-1.1
-4.0,-4.0,-1.1
-4.0,-4.0,-1.1
-4.0,-4.0,-1.1
-4.0,-4.0,-1.1
-4.0,-4.0,-1.1
-4.0,-4.0,-1.1
-4.0,-4.0,-1.1
-4.0,-4.0,-1.1
-4.0,-4.0,-1.1
-4.0,-4.0,-1.1
-4.0,-4.0,-1.1
-4.0,-4.0,-1.1
-4.0,-4.0,-1.1
-4.0,-4.0,-1.1
-4.0,-4.0,-1.1
-4.0,-4.0,-1.1
-4.0,-4.0,-1.1
-4.0,-4.0,-1.1
-4.0,-4.0,-1.1
-4.0,-4.0,-1.1
-4.0,-4.0,-1.1
-4.0,-4.0,-1.1
-4.0,-4.0,-1.1
-4.0,-4.0,-1.1
-4.0,-4.0,-1.1
-4.0,-4.0,-1.1
-4.0,-4.0,-1.1
-4.0,-4.0,-1.1
-4.0,-4.0,-1.1
-4.0,-4.0,-1.1
-4.0,-4.0,-1.1
-4.0,-4.0,-1.1
-4.0,-4.0,-1.1
-4.0,-4.0,-1.1
-4.0,-4.0,-1.1
-4.0,-4.0,-1.1
-4.0,-4.0,-1.1
-4.0,-4.0,-1.1
-4.0,-4.0,-1.1
-4.0,-4.0,-1.1
-4.0,-4.0,-1.1
-4.0,-4.0,-1.1
-4.0,-4.0,-1.1
-4.0,-4.0,-1.1
-4.0,-4.0,-1.1
-4.0,-4.0,-1.1
-4.0,-4.0,-1.1
-4.0,-4.0,-1.1
-4.0,-4.0,-1.1
-4.0,-4.0,-1.1
-4.0,-4.0,-1.1
-4.0,-4.0,-1.1
-4.0,-4.0,-1.1
-4.0,-4.0,-1.1
-4.0,-4.0,-1.1
-4.0,-4.0,-1.1
-4.0,-4.0,-1.1
-4.0,-4.0,-1.1
-4.0,-4.0,-1.1
-4.0,-4.0,-1.1
-4.0,-4.0,-1.1
-4.0,-4.0,-1.1
-4.0,-4.0,-1.1
-4.0,-4.0,-1.1
-4.0,-4.0,-1.1
-4.0,-4.0,-1.1
-4.0,-4.0,-1.1
-4.0,-4.0,-1.1
-4.0,-4.0,-1.1
-4.0,-4.0,-1.1
-4.0,-4.0,-1.1
-4.0,-4.0,-1.1
-4.0,-4.0,-1.1
-4.0,-4.0,-1.1
-4.0,-4.0,-1.1
-4.0,-4.0,-1.1
-4.0,-4.0,-1.1
-4.0,-4.0,-1.1
-4.0,-4.0,-1.1
-4.0,-4.0,-1.1
-4.0,-4.0,-1.1
-4.0,-4.0,-1.1
-4.0,-4.0,-1.1
-4.0,-4.0,-1.1
-4.0,-4.0,-1.1
-4.0,-4.0,-1.1
-4.0,-4.0,-1.1
-4.0,-4.0,-1.1
-4.0,-4.0,-1.1
-4.0,-4.0,-1.1
-4.0,-4.0,-1.1
-4.0,-4.0,-1.1
-4.0,-4.0,-1.1
-4.0,-4.0,-1.1
-4.0,-4.0,-1.1
-4.0,-4.0,-1.1
-4.0,-4.0,-1.1
-4.0,-4.0,-1.1
-4.0,-4.0,-1.1
-4.0,-4.0,-1.1
-4.0,-4.0,-1.1
-4.0,-4.0,-1.1
-4.0,-4.0,-1.1
-4.0,-4.0,-1.1
-4.0,-4.0,-1.1
-4.0,-4.0,-1.1
-4.0,-4.0,-1.1
-4.0,-4.0,-1.1
-4.0,-4.0,-1.1
-4.0,-4.0,-1.1
-4.0,-4.0,-1.1
-4.0,-4.0,-1.1
-4.0,-4.0,-1.1
-4.0,-4.0,-1.1
-4.0,-4.0,-1.1
-4.0,-4.0,-1.1
-4.0,-4.0,-1.1
-4.0,-4.0,-1.1
-4.0,-4.0,-1.1
-4.0,-4.0,-1.1
-4.0,-4.0,-1.1
-4.0,-4.0,-1.1
-4.0,-4.0,-1.1
-4.0,-4.0,-1.1
-4.0,-4.0,-1.1
-4.0,-4.0,-1.1
-4.0,-4.0,-1.1
-4.0,-4.0,-1.1
-4.0,-4.0,-1.1
-4.0,-4.0,-1.1
-4.0,-4.0,-1.1
-4.0,-4.0,-1.1
-4.0,-4.0,-1.1
-4.0,-4.0,-1.1
-4.0,-4.0,-1.1
-4.0,-4.0,-1.1
-4.0,-4.0,-1.1
-4.0,-4.0,-1.1
-4.0,-4.0,-1.1
-4.0,-4.0,-1.1
-4.0,-4.0,-1.1
-4.0,-4.0,-1.1
-4.0,-4.0,-1.1
-4.0,-4.0,-1.1
-4.0,-4.0,-1.1
-4.0,-4.0,-1.1
-4.0,-4.0,-1.1
-4.0,-4.0,-1.1
-4.0,-4.0,-1.1
-4.0,-4.0,-1.1
-4.0,-4.0,-1.1
-4.0,-4.0,-1.1
-4.0,-4.0,-1.1
-4.0,-4.0,-1.1
-4.0,-4.0,-1.1
-4.0,-4.0,-1.1
-4.0,-4.0,-1.1
-4.0,-4.0,-1.1
-4.0,-4.0,-1.1
-4.0,-4.0,-1.1
-4.0,-4.0,-1.1
-4.0,-4.0,-1.1
-4.0,-4.0,-1.1
-4.0,-4.0,-1.1
-4.0,-4.0,-1.1
-4.0,-4.0,-1.1
-4.0,-4.0,-1.1
-4.0,-4.0,-1.1
-4.0,-4.0,-1.1
-4.0,-4.0,-1.1
-4.0,-4.0,-1.1
-4.0,-4.0,-1.1
-4.0,-4.0,-1.1
-4.0,-4.0,-1.1
-4.0,-4.0,-1.1
-4.0,-4.0,-1.1
-4.0,-4.0,-1.1
-4.0,-4.0,-1.1
-4.0,-4.0,-1.1
-4.0,-4.0,-1.1
-4.0,-4.0,-1.1
-4.0,-4.0,-1.1
-4.0,-4.0,-1.1
-4.0,-4.0,-1.1
-4.0,-4.0,-1.1
-4.0,-4.0,-1.1
-4.0,-4.0,-1.1
-4.0,-4.0,-1.1
-4.0,-4.0,-1.1
-4.0,-4.0,-1.1
-4.0,-4.0,-1.1
-4.0,-4.0,-1.1
-4.0,-4.0,-1.1
-4.0,-4.0,-1.1
-4.0,-4.0,-1.1
-4.0,-4.0,-1.1
-4.0,-4.0,-1.1
-4.0,-4.0,-1.1
-4.0,-4.0,-1.1
-4.0,-4.0,-1.1
-4.0,-4.0,-1.1
-4.0,-4.0,-1.1
-4.0,-4.0,-1.1
-4.0,-4.0,-1.1
-4.0,-4.0,-1.1
-4.0,-4.0,-1.1
-4.0,-4.0,-1.1
-4.0,-4.0,-1.1
-4.0,-4.0,-1.1
-4.0,-4.0,-1.1
-4.0,-4.0,-1.1
-4.0,-4.0,-1.1
-4.0,-4.0,-1.1
-4.0,-4.0,-1.1
-4.0,-4.0,-1.1
-4.0,-4.0,-1.1
-4.0,-4.0,-1.1
-4.0,-4.0,-1.1
-4.0,-4.0,-1.1
-4.0,-4.0,-1.1
-4.0,-4.0,-1.1
-4.0,-4.0,-1.1
-4.0,-4.0,-1.1
-4.0,-4.0,-1.1
-4.0,-4.0,-1.1
-4.0,-4.0,-1.1
-4.0,-4.0,-1.1
-4.0,-4.0,-1.1
-4.0,-4.0,-1.1
-4.0,-4.0,-1.1
-4.0,-4.0,-1.1
-4.0,-4.0,-1.1
-4.0,-4.0,-1.1
-4.0,-4.0,-1.1
-4.0,-4.0,-1.1
-4.0,-4.0,-1.1
-4.0,-4.0,-1.1
-4.0,-4.0,-1.1
-4.0,-4.0,-1.1
-4.0,-4.0,-1.1
-4.0,-4.0,-1.1
-4.0,-4.0,-1.1
-4.0,-4.0,-1.1
-4.0,-4.0,-1.1
-4.0,-4.0,-1.1
-4.0,-4.0,-1.1
-4.0,-4.0,-1.1
-4.0,-4.0,-1.1
-4.0,-4.0,-1.1
-4.0,-4.0,-1.1
-4.0,-4.0,-1.1
-4.0,-4.0,-1.1
-4.0,-4.0,-1.1
-4.0,-4.0,-1.1
-4.0,-4.0,-1.1
-4.0,-4.0,-1.1
-4.0,-4.0,-1.1
-4.0,-4.0,-1.1
-4.0,-4.0,-1.1
-4.0,-4.0,-1.1
-4.0,-4.0,-1.1
-4.0,-4.0,-1.1
-4.0,-4.0,-1.1
-4.0,-4.0,-1.1
-4.0,-4.0,-1.1
-4.0,-4.0,-1.1
-4.0,-4.0,-1.1
-4.0,-4.0,-1.1
-4.0,-4.0,-1.1
-4.0,-4.0,-1.1
-4.0,-4.0,-1.1
-4.0,-4.0,-1.1
-4.0,-4.0,-1.1
-4.0,-4.0,-1.1
-4.0,-4.0,-1.1
-4.0,-4.0,-1.1
-4.0,-4.0,-1.1
-4.0,-4.0,-1.1
-4.0,-4.0,-1.1
-4.0,-4.0,-1.1
-4.0,-4.0,-1.1
-4.0,-4.0,-1.1
-4.0,-4.0,-1.1
-4.0,-4.0,-1.1
-4.0,-4.0,-1.1
-4.0,-4.0,-1.1
-4.0,-4.0,-1.1
-4.0,-4.0,-1.1
-4.0,-4.0,-1.1
-4.0,-4.0,-1.1
-4.0,-4.0,-1.1
-4.0,-4.0,-1.1
-4.0,-4.0,-1.1
-4.0,-4.0,-1.1
-4.0,-4.0,-1.1
-4.0,-4.0,-1.1
-4.0,-4.0,-1.1
-4.0,-4.0,-1.1
-4.0,-4.0,-1.1
-4.0,-4.0,-1.1
-4.0,-4.0,-1.1
-4.0,-4.0,-1.1
-4.0,-4.0,-1.1
-4.0,-4.0,-1.1
-4.0,-4.0,-1.1
-4.0,-4.0,-1.1
-4.0,-4.0,-1.1
-4.0,-4.0,-1.1
-4.0,-4.0,-1.1
-4.0,-4.0,-1.1
-4.0,-4.0,-1.1
-4.0,-4.0,-1.1
-4.0,-4.0,-1.1
-4.0,-4.0,-1.1
-4.0,-4.0,-1.1
-4.0,-4.0,-1.1
-4.0,-4.0,-1.1
-4.0,-4.0,-1.1
-4.0,-4.0,-1.1
-4.0,-4.0,-1.1
-4.0,-4.0,-1.1
-4.0,-4.0,-1.1
-4.0,-4.0,-1.1
-4.0,-4.0,-1.1
-4.0,-4.0,-1.1
-4.0,-4.0,-1.1
-4.0,-4.0,-1.1
-4.0,-4.0,-1.1
-4.0,-4.0,-1.1
-4.0,-4.0,-1.1
-4.0,-4.0,-1.1
-4.0,-4.0,-1.1
-4.0,-4.0,-1.1
-4.0,-4.0,-1.1
-4.0,-4.0,-1.1
-4.0,-4.0,-1.1
-4.0,-4.0,-1.1
-4.0,-4.0,-1.1
-4.0,-4.0,-1.1
-4.0,-4.0,-1.1
-4.0,-4.0,-1.1
-4.0,-4.0,-1.1
-4.0,-4.0,-1.1
-4.0,-4.0,-1.1
-4.0,-4.0,-1.1
-4.0,-4.0,-1.1
-4.0,-4.0,-1.1
-4.0,-4.0,-1.1
-4.0,-4.0,-1.1
-4.0,-4.0,-1.1
-4.0,-4.0,-1.1
-4.0,-4.0,-1.1
-4.0,-4.0,-1.1
-4.0,-4.0,-1.1
-4.0,-4.0,-1.1
-4.0,-4.0,-1.1
-4.0,-4.0,-1.1
-4.0,-4.0,-1.1
-4.0,-4.0,-1.1
-4.0,-4.0,-1.1
-4.0,-4.0,-1.1
-4.0,-4.0,-1.1
-4.0,-4.0,-1.1
-4.0,-4.0,-1.1
-4.0,-4.0,-1.1
-4.0,-4.0,-1.1
-4.0,-4.0,-1.1
-4.0,-4.0,-1.1
-4.0,-4.0,-1.1
-4.0,-4.0,-1.1
-4.0,-4.0,-1.1
-4.0,-4.0,-1.1
-4.0,-4.0,-1.1
-4.0,-4.0,-1.1
-4.0,-4.0,-1.1
-4.0,-4.0,-1.1
-4.0,-4.0,-1.1
-4.0,-4.0,-1.1
-4.0,-4.0,-1.1
-4.0,-4.0,-1.1
-4.0,-4.0,-1.1
-4.0,-4.0,-1.1
-4.0,-4.0,-1.1
-4.0,-4.0,-1.1
-4.0,-4.0,-1.1
-4.0,-4.0,-1.1
-4.0,-4.0,-1.1
-4.0,-4.0,-1.1
-4.0,-4.0,-1.1
-4.0,-4.0,-1.1
-4.0,-4.0,-1.1
-4.0,-4.0,-1.1
-4.0,-4.0,-1.1
-4.0,-4.0,-1.1
-4.0,-4.0,-1.1
-4.0,-4.0,-1.1
-4.0,-4.0,-1.1
-4.0,-4.0,-1.1
-4.0,-4.0,-1.1
-4.0,-4.0,-1.1
-4.0,-4.0,-1.1
-4.0,-4.0,-1.1
-4.0,-4.0,-1.1
-4.0,-4.0,-1.1
-4.0,-4.0,-1.1
-4.0,-4.0,-1.1
-4.0,-4.0,-1.1
-4.0,-4.0,-1.1
-4.0,-4.0,-1.1
-4.0,-4.0,-1.1
-4.0,-4.0,-1.1
-4.0,-4.0,-1.1
-4.0,-4.0,-1.1
-4.0,-4.0,-1.1
-4.0,-4.0,-1.1
-4.0,-4.0,-1.1
-4.0,-4.0,-1.1
-4.0,-4.0,-1.1
-4.0,-4.0,-1.1
-4.0,-4.0,-1.1
-4.0,-4.0,-1.1
-4.0,-4.0,-1.1
-4.0,-4.0,-1.1
-4.0,-4.0,-1.1
-4.0,-4.0,-1.1
-4.0,-4.0,-1.1
-4.0,-4.0,-1.1
-4.0,-4.0,-1.1
-4.0,-4.0,-1.1
-4.0,-4.0,-1.1
-4.0,-4.0,-1.1
-4.0,-4.0,-1.1
-4.0,-4.0,-1.1
-4.0,-4.0,-1.1
-4.0,-4.0,-1.1
-4.0,-4.0,-1.1
-4.0,-4.0,-1.1
-4.0,-4.0,-1.1
-4.0,-4.0,-1.1
-4.0,-4.0,-1.1
-4.0,-4.0,-1.1
-4.0,-4.0,-1.1
-4.0,-4.0,-1.1
-4.0,-4.0,-1.1
-4.0,-4.0,-1.1
-4.0,-4.0,-1.1
-4.0,-4.0,-1.1
-4.0,-4.0,-1.1
-4.0,-4.0,-1.1
-4.0,-4.0,-1.1
-4.0,-4.0,-1.1
-4.0,-4.0,-1.1
-4.0,-4.0,-1.1
-4.0,-4.0,-1.1
-4.0,-4.0,-1.1
-4.0,-4.0,-1.1
-4.0,-4.0,-1.1
-4.0,-4.0,-1.1
-4.0,-4.0,-1.1
-4.0,-4.0,-1.1
-4.0,-4.0,-1.1
-4.0,-4.0,-1.1
-4.0,-4.0,-1.1
-4.0,-4.0,-1.1
-4.0,-4.0,-1.1
-4.0,-4.0,-1.1
-4.0,-4.0,-1.1
-4.0,-4.0,-1.1
-4.0,-4.0,-1.1
-4.0,-4.0,-1.1
-4.0,-4.0,-1.1
-4.0,-4.0,-1.1
-4.0,-4.0,-1.1
-4.0,-4.0,-1.1
-4.0,-4.0,-1.1
-4.0,-4.0,-1.1
-4.0,-4.0,-1.1
-4.0,-4.0,-1.1
-4.0,-4.0,-1.1
-4.0,-4.0,-1.1
-4.0,-4.0,-1.1
-4.0,-4.0,-1.1
-4.0,-4.0,-1.1
-4.0,-4.0,-1.1
-4.0,-4.0,-1.1
-4.0,-4.0,-1.1
-4.0,-4.0,-1.1
-4.0,-4.0,-1.1
-4.0,-4.0,-1.1
-4.0,-4.0,-1.1
-4.0,-4.0,-1.1
-4.0,-4.0,-1.1
-4.0,-4.0,-1.1
-4.0,-4.0,-1.1
-4.0,-4.0,-1.1
-4.0,-4.0,-1.1
-4.0,-4.0,-1.1
-4.0,-4.0,-1.1
-4.0,-4.0,-1.1
-4.0,-4.0,-1.1
-4.0,-4.0,-1.1
-4.0,-4.0,-1.1
-4.0,-4.0,-1.1
-4.0,-4.0,-1.1
-4.0,-4.0,-1.1
-4.0,-4.0,-1.1
-4.0,-4.0,-1.1
-4.0,-4.0,-1.1
-4.0,-4.0,-1.1
-4.0,-4.0,-1.1
-4.0,-4.0,-1.1
-4.0,-4.0,-1.1
-4.0,-4.0,-1.1
-4.0,-4.0,-1.1
-4.0,-4.0,-1.1
-4.0,-4.0,-1.1
-4.0,-4.0,-1.1
-4.0,-4.0,-1.1
-4.0,-4.0,-1.1
-4.0,-4.0,-1.1
-4.0,-4.0,-1.1
-4.0,-4.0,-1.1
-4.0,-4.0,-1.1
-4.0,-4.0,-1.1
-4.0,-4.0,-1.1
-4.0,-4.0,-1.1
-4.0,-4.0,-1.1
-4.0,-4.0,-1.1
-4.0,-4.0,-1.1
-4.0,-4.0,-1.1
-4.0,-4.0,-1.1
-4.0,-4.0,-1.1
-4.0,-4.0,-1.1
-4.0,-4.0,-1.1
-4.0,-4.0,-1.1
-4.0,-4.0,-1.1
-4.0,-4.0,-1.1
-4.0,-4.0,-1.1
-4.0,-4.0,-1.1
-4.0,-4.0,-1.1
-4.0,-4.0,-1.1
-4.0,-4.0,-1.1
-4.0,-4.0,-1.1
-4.0,-4.0,-1.1
-4.0,-4.0,-1.1
-4.0,-4.0,-1.1
-4.0,-4.0,-1.1
-4.0,-4.0,-1.1
-4.0,-4.0,-1.1
-4.0,-4.0,-1.1
-4.0,-4.0,-1.1
-4.0,-4.0,-1.1
-4.0,-4.0,-1.1
-4.0,-4.0,-1.1
-4.0,-4.0,-1.1
-4.0,-4.0,-1.1
-4.0,-4.0,-1.1
-4.0,-4.0,-1.1
-4.0,-4.0,-1.1
-4.0,-4.0,-1.1
-4.0,-4.0,-1.1
-4.0,-4.0,-1.1
-4.0,-4.0,-1.1
-4.0,-4.0,-1.1
-4.0,-4.0,-1.1
-4.0,-4.0,-1.1
-4.0,-4.0,-1.1
-4.0,-4.0,-1.1
-4.0,-4.0,-1.1
-4.0,-4.0,-1.1
-4.0,-4.0,-1.1
-4.0,-4.0,-1.1
-4.0,-4.0,-1.1
-4.0,-4.0,-1.1
-4.0,-4.0,-1.1
-4.0,-4.0,-1.1
-4.0,-4.0,-1.1
-4.0,-4.0,-1.1
-4.0,-4.0,-1.1
-4.0,-4.0,-1.1
-4.0,-4.0,-1.1
-4.0,-4.0,-1.1
-4.0,-4.0,-1.1
-4.0,-4.0,-1.1
-4.0,-4.0,-1.1
-4.0,-4.0,-1.1
-4.0,-4.0,-1.1
-4.0,-4.0,-1.1
-4.0,-4.0,-1.1
-4.0,-4.0,-1.1
-4.0,-4.0,-1.1
-4.0,-4.0,-1.1
-4.0,-4.0,-1.1
-4.0,-4.0,-1.1
-4.0,-4.0,-1.1
-4.0,-4.0,-1.1
-4.0,-4.0,-1.1
-4.0,-4.0,-1.1
-4.0,-4.0,-1.1
-4.0,-4.0,-1.1
-4.0,-4.0,-1.1
-4.0,-4.0,-1.1
-4.0,-4.0,-1.1
-4.0,-4.0,-1.1
-4.0,-4.0,-1.1
-4.0,-4.0,-1.1
-4.0,-4.0,-1.1
-4.0,-4.0,-1.1
-4.0,-4.0,-1.1
-4.0,-4.0,-1.1
-4.0,-4.0,-1.1
-4.0,-4.0,-1.1
-4.0,-4.0,-1.1
-4.0,-4.0,-1.1
-4.0,-4.0,-1.1
-4.0,-4.0,-1.1
-4.0,-4.0,-1.1
-4.0,-4.0,-1.1
-4.0,-4.0,-1.1
-4.0,-4.0,-1.1
-4.0,-4.0,-1.1
-4.0,-4.0,-1.1
-4.0,-4.0,-1.1
-4.0,-4.0,-1.1
-4.0,-4.0,-1.1
-4.0,-4.0,-1.1
-4.0,-4.0,-1.1
-4.0,-4.0,-1.1
-4.0,-4.0,-1.1
-4.0,-4.0,-1.1
-4.0,-4.0,-1.1
-4.0,-4.0,-1.1
-4.0,-4.0,-1.1
-4.0,-4.0,-1.1
-4.0,-4.0,-1.1
-4.0,-4.0,-1.1
-4.0,-4.0,-1.1
-4.0,-4.0,-1.1
-4.0,-4.0,-1.1
-4.0,-4.0,-1.1
-4.0,-4.0,-1.1
-4.0,-4.0,-1.1
-4.0,-4.0,-1.1
-4.0,-4.0,-1.1
-4.0,-4.0,-1.1
-4.0,-4.0,-1.1
-4.0,-4.0,-1.1
-4.0,-4.0,-1.1
-4.0,-4.0,-1.1
-4.0,-4.0,-1.1
-4.0,-4.0,-1.1
-4.0,-4.0,-1.1
-4.0,-4.0,-1.1
-4.0,-4.0,-1.1
-4.0,-4.0,-1.1
-4.0,-4.0,-1.1
-4.0,-4.0,-1.1
-4.0,-4.0,-1.1
-4.0,-4.0,-1.1
-4.0,-4.0,-1.1
-4.0,-4.0,-1.1
-4.0,-4.0,-1.1
-4.0,-4.0,-1.1
-4.0,-4.0,-1.1
-4.0,-4.0,-1.1
-4.0,-4.0,-1.1
-4.0,-4.0,-1.1
-4.0,-4.0,-1.1
-4.0,-4.0,-1.1
-4.0,-4.0,-1.1
-4.0,-4.0,-1.1
-4.0,-4.0,-1.1
-4.0,-4.0,-1.1
-4.0,-4.0,-1.1
-4.0,-4.0,-1.1
-4.0,-4.0,-1.1
-4.0,-4.0,-1.1
-4.0,-4.0,-1.1
-4.0,-4.0,-1.1
-4.0,-4.0,-1.1
-4.0,-4.0,-1.1
-4.0,-4.0,-1.1
-4.0,-4.0,-1.1
-4.0,-4.0,-1.1
-4.0,-4.0,-1.1
-4.0,-4.0,-1.1
-4.0,-4.0,-1.1
-4.0,-4.0,-1.1
-4.0,-4.0,-1.1
-4.0,-4.0,-1.1
-4.0,-4.0,-1.1
-4.0,-4.0,-1.1
-4.0,-4.0,-1.1
-4.0,-4.0,-1.1
-4.0,-4.0,-1.1
-4.0,-4.0,-1.1
-4.0,-4.0,-1.1
-4.0,-4.0,-1.1
-4.0,-4.0,-1.1
-4.0,-4.0,-1.1
-4.0,-4.0,-1.1
-4.0,-4.0,-1.1
-4.0,-4.0,-1.1
-4.0,-4.0,-1.1
-4.0,-4.0,-1.1
-4.0,-4.0,-1.1
-4.0,-4.0,-1.1
-4.0,-4.0,-1.1
-4.0,-4.0,-1.1
-4.0,-4.0,-1.1
-4.0,-4.0,-1.1
-4.0,-4.0,-1.1
-4.0,-4.0,-1.1
-4.0,-4.0,-1.1
-4.0,-4.0,-1.1
-4.0,-4.0,-1.1
-4.0,-4.0,-1.1
-4.0,-4.0,-1.1
-4.0,-4.0,-1.1
-4.0,-4.0,-1.1
-4.0,-4.0,-1.1
-4.0,-4.0,-1.1
-4.0,-4.0,-1.1
-4.0,-4.0,-1.1
-4.0,-4.0,-1.1
-4.0,-4.0,-1.1
-4.0,-4.0,-1.1
-4.0,-4.0,-1.1
-4.0,-4.0,-1.1
-4.0,-4.0,-1.1
-4.0,-4.0,-1.1
-4.0,-4.0,-1.1
-4.0,-4.0,-1.1
-4.0,-4.0,-1.1
-4.0,-4.0,-1.1
-4.0,-4.0,-1.1
-4.0,-4.0,-1.1
-4.0,-4.0,-1.1
-4.0,-4.0,-1.1
-4.0,-4.0,-1.1
-4.0,-4.0,-1.1
-4.0,-4.0,-1.1
-4.0,-4.0,-1.1
-4.0,-4.0,-1.1
-4.0,-4.0,-1.1
-4.0,-4.0,-1.1
-4.0,-4.0,-1.1
-4.0,-4.0,-1.1
-4.0,-4.0,-1.1
-4.0,-4.0,-1.1
-4.0,-4.0,-1.1
-4.0,-4.0,-1.1
-4.0,-4.0,-1.1
-4.0,-4.0,-1.1
-4.0,-4.0,-1.1
-4.0,-4.0,-1.1
-4.0,-4.0,-1.1
-4.0,-4.0,-1.1
-4.0,-4.0,-1.1
-4.0,-4.0,-1.1
-4.0,-4.0,-1.1
-4.0,-4.0,-1.1
-4.0,-4.0,-1.1
-4.0,-4.0,-1.1
-4.0,-4.0,-1.1
-4.0,-4.0,-1.1
-4.0,-4.0,-1.1
-4.0,-4.0,-1.1
-4.0,-4.0,-1.1
-4.0,-4.0,-1.1
-4.0,-4.0,-1.1
-4.0,-4.0,-1.1
-4.0,-4.0,-1.1
-4.0,-4.0,-1.1
-4.0,-4.0,-1.1
-4.0,-4.0,-1.1
-4.0,-4.0,-1.1
-4.0,-4.0,-1.1
-4.0,-4.0,-1.1
-4.0,-4.0,-1.1
-4.0,-4.0,-1.1
-4.0,-4.0,-1.1
-4.0,-4.0,-1.1
-4.0,-4.0,-1.1
-4.0,-4.0,-1.1
-4.0,-4.0,-1.1
-4.0,-4.0,-1.1
-4.0,-4.0,-1.1
-4.0,-4.0,-1.1
-4.0,-4.0,-1.1
-4.0,-4.0,-1.1
-4.0,-4.0,-1.1
-4.0,-4.0,-1.1
-4.0,-4.0,-1.1
-4.0,-4.0,-1.1
-4.0,-4.0,-1.1
-4.0,-4.0,-1.1
-4.0,-4.0,-1.1
-4.0,-4.0,-1.1
-4.0,-4.0,-1.1
-4.0,-4.0,-1.1
-4.0,-4.0,-1.1
-4.0,-4.0,-1.1
-4.0,-4.0,-1.1
-4.0,-4.0,-1.1
-4.0,-4.0,-1.1
-4.0,-4.0,-1.1
-4.0,-4.0,-1.1
-4.0,-4.0,-1.1
-4.0,-4.0,-1.1
-4.0,-4.0,-1.1
-4.0,-4.0,-1.1
-4.0,-4.0,-1.1
-4.0,-4.0,-1.1
-4.0,-4.0,-1.1
-4.0,-4.0,-1.1
-4.0,-4.0,-1.1
-4.0,-4.0,-1.1
-4.0,-4.0,-1.1
-4.0,-4.0,-1.1
-4.0,-4.0,-1.1
-4.0,-4.0,-1.1
-4.0,-4.0,-1.1
-4.0,-4.0,-1.1
-4.0,-4.0,-1.1
-4.0,-4.0,-1.1
-4.0,-4.0,-1.1
-4.0,-4.0,-1.1
-4.0,-4.0,-1.1
-4.0,-4.0,-1.1
-4.0,-4.0,-1.1
-4.0,-4.0,-1.1
-4.0,-4.0,-1.1
-4.0,-4.0,-1.1
-4.0,-4.0,-1.1
-4.0,-4.0,-1.1
-4.0,-4.0,-1.1
-4.0,-4.0,-1.1
-4.0,-4.0,-1.1
-4.0,-4.0,-1.1
-4.0,-4.0,-1.1
-4.0,-4.0,-1.1
-4.0,-4.0,-1.1
-4.0,-4.0,-1.1
-4.0,-4.0,-1.1
-4.0,-4.0,-1.1
-4.0,-4.0,-1.1
-4.0,-4.0,-1.1
-4.0,-4.0,-1.1
-4.0,-4.0,-1.1
-4.0,-4.0,-1.1
-4.0,-4.0,-1.1
-4.0,-4.0,-1.1
-4.0,-4.0,-1.1
-4.0,-4.0,-1.1
-4.0,-4.0,-1.1
-4.0,-4.0,-1.1
-4.0,-4.0,-1.1
-4.0,-4.0,-1.1
-4.0,-4.0,-1.1
-4.0,-4.0,-1.1
-4.0,-4.0,-1.1
-4.0,-4.0,-1.1
-4.0,-4.0,-1.1
-4.0,-4.0,-1.1
-4.0,-4.0,-1.1
-4.0,-4.0,-1.1
-4.0,-4.0,-1.1
-4.0,-4.0,-1.1
-4.0,-4.0,-1.1
-4.0,-4.0,-1.1
-4.0,-4.0,-1.1
-4.0,-4.0,-1.1
-4.0,-4.0,-1.1
-4.0,-4.0,-1.1
-4.0,-4.0,-1.1
-4.0,-4.0,-1.1
-4.0,-4.0,-1.1
-4.0,-4.0,-1.1
-4.0,-4.0,-1.1
-4.0,-4.0,-1.1
-4.0,-4.0,-1.1
-4.0,-4.0,-1.1
-4.0,-4.0,-1.1
-4.0,-4.0,-1.1
-4.0,-4.0,-1.1
-4.0,-4.0,-1.1
-4.0,-4.0,-1.1
-4.0,-4.0,-1.1
-4.0,-4.0,-1.1
-4.0,-4.0,-1.1
-4.0,-4.0,-1.1
-4.0,-4.0,-1.1
-4.0,-4.0,-1.1
-4.0,-4.0,-1.1
-4.0,-4.0,-1.1
-4.0,-4.0,-1.1
-4.0,-4.0,-1.1
-4.0,-4.0,-1.1
-4.0,-4.0,-1.1
-4.0,-4.0,-1.1
-4.0,-4.0,-1.1
-4.0,-4.0,-1.1
-4.0,-4.0,-1.1
-4.0,-4.0,-1.1
-4.0,-4.0,-1.1
-4.0,-4.0,-1.1
-4.0,-4.0,-1.1
-4.0,-4.0,-1.1
-4.0,-4.0,-1.1
-4.0,-4.0,-1.1
-4.0,-4.0,-1.1
-4.0,-4.0,-1.1
-4.0,-4.0,-1.1
-4.0,-4.0,-1.1
-4.0,-4.0,-1.1
-4.0,-4.0,-1.1
-4.0,-4.0,-1.1
-4.0,-4.0,-1.1
-4.0,-4.0,-1.1
-4.0,-4.0,-1.1
-4.0,-4.0,-1.1
-4.0,-4.0,-1.1
-4.0,-4.0,-1.1
-4.0,-4.0,-1.1
-4.0,-4.0,-1.1
-4.0,-4.0,-1.1
-4.0,-4.0,-1.1
-4.0,-4.0,-1.1
-4.0,-4.0,-1.1
-4.0,-4.0,-1.1
-4.0,-4.0,-1.1
-4.0,-4.0,-1.1
-4.0,-4.0,-1.1
-4.0,-4.0,-1.1
-4.0,-4.0,-1.1
-4.0,-4.0,-1.1
-4.0,-4.0,-1.1
-4.0,-4.0,-1.1
-4.0,-4.0,-1.1
-4.0,-4.0,-1.1
-4.0,-4.0,-1.1
-4.0,-4.0,-1.1
-4.0,-4.0,-1.1
-4.0,-4.0,-1.1
-4.0,-4.0,-1.1
-4.0,-4.0,-1.1
-4.0,-4.0,-1.1
-4.0,-4.0,-1.1
-4.0,-4.0,-1.1
-4.0,-4.0,-1.1
-4.0,-4.0,-1.1
-4.0,-4.0,-1.1
-4.0,-4.0,-1.1
-4.0,-4.0,-1.1
-4.0,-4.0,-1.1
-4.0,-4.0,-1.1
-4.0,-4.0,-1.1
-4.0,-4.0,-1.1
-4.0,-4.0,-1.1
-4.0,-4.0,-1.1
-4.0,-4.0,-1.1
-4.0,-4.0,-1.1
-4.0,-4.0,-1.1
-4.0,-4.0,-1.1
-4.0,-4.0,-1.1
-4.0,-4.0,-1.1
-4.0,-4.0,-1.1
-4.0,-4.0,-1.1
-4.0,-4.0,-1.1
-4.0,-4.0,-1.1
-4.0,-4.0,-1.1
-4.0,-4.0,-1.1
-4.0,-4.0,-1.1
-4.0,-4.0,-1.1
-4.0,-4.0,-1.1
-4.0,-4.0,-1.1
-4.0,-4.0,-1.1
-4.0,-4.0,-1.1
-4.0,-4.0,-1.1
-4.0,-4.0,-1.1
-4.0,-4.0,-1.1
-4.0,-4.0,-1.1
-4.0,-4.0,-1.1
-4.0,-4.0,-1.1
-4.0,-4.0,-1.1
-4.0,-4.0,-1.1
-4.0,-4.0,-1.1
-4.0,-4.0,-1.1
-4.0,-4.0,-1.1
-4.0,-4.0,-1.1
-4.0,-4.0,-1.1
-4.0,-4.0,-1.1
-4.0,-4.0,-1.1
-4.0,-4.0,-1.1
-4.0,-4.0,-1.1
-4.0,-4.0,-1.1
-4.0,-4.0,-1.1
-4.0,-4.0,-1.1
-4.0,-4.0,-1.1
-4.0,-4.0,-1.1
-4.0,-4.0,-1.1
-4.0,-4.0,-1.1
-4.0,-4.0,-1.1
-4.0,-4.0,-1.1
-4.0,-4.0,-1.1
-4.0,-4.0,-1.1
-4.0,-4.0,-1.1
-4.0,-4.0,-1.1
-4.0,-4.0,-1.1
-4.0,-4.0,-1.1
-4.0,-4.0,-1.1
-4.0,-4.0,-1.1
-4.0,-4.0,-1.1
-4.0,-4.0,-1.1
-4.0,-4.0,-1.1
-4.0,-4.0,-1.1
-4.0,-4.0,-1.1
-4.0,-4.0,-1.1
-4.0,-4.0,-1.1
-4.0,-4.0,-1.1
-4.0,-4.0,-1.1
-4.0,-4.0,-1.1
-4.0,-4.0,-1.1
-4.0,-4.0,-1.1
-4.0,-4.0,-1.1
-4.0,-4.0,-1.1
-4.0,-4.0,-1.1
-4.0,-4.0,-1.1
-4.0,-4.0,-1.1
-4.0,-4.0,-1.1
-4.0,-4.0,-1.1
-4.0,-4.0,-1.1
-4.0,-4.0,-1.1
-4.0,-4.0,-1.1
-4.0,-4.0,-1.1
-4.0,-4.0,-1.1
-4.0,-4.0,-1.1
-4.0,-4.0,-1.1
-4.0,-4.0,-1.1
-4.0,-4.0,-1.1
-4.0,-4.0,-1.1
-4.0,-4.0,-1.1
-4.0,-4.0,-1.1
-4.0,-4.0,-1.1
-4.0,-4.0,-1.1
-4.0,-4.0,-1.1
-4.0,-4.0,-1.1
-4.0,-4.0,-1.1
-4.0,-4.0,-1.1
-4.0,-4.0,-1.1
-4.0,-4.0,-1.1
-4.0,-4.0,-1.1
-4.0,-4.0,-1.1
-4.0,-4.0,-1.1
-4.0,-4.0,-1.1
-4.0,-4.0,-1.1
-4.0,-4.0,-1.1
-4.0,-4.0,-1.1
-4.0,-4.0,-1.1
-4.0,-4.0,-1.1
-4.0,-4.0,-1.1
-4.0,-4.0,-1.1
-4.0,-4.0,-1.1
-4.0,-4.0,-1.1
-4.0,-4.0,-1.1
-4.0,-4.0,-1.1
-4.0,-4.0,-1.1
-4.0,-4.0,-1.1
-4.0,-4.0,-1.1
-4.0,-4.0,-1.1
-4.0,-4.0,-1.1
-4.0,-4.0,-1.1
-4.0,-4.0,-1.1
-4.0,-4.0,-1.1
-4.0,-4.0,-1.1
-4.0,-4.0,-1.1
-4.0,-4.0,-1.1
-4.0,-4.0,-1.1
-4.0,-4.0,-1.1
-4.0,-4.0,-1.1
-4.0,-4.0,-1.1
-4.0,-4.0,-1.1
-4.0,-4.0,-1.1
-4.0,-4.0,-1.1
-4.0,-4.0,-1.1
-4.0,-4.0,-1.1
-4.0,-4.0,-1.1
-4.0,-4.0,-1.1
-4.0,-4.0,-1.1
-4.0,-4.0,-1.1
-4.0,-4.0,-1.1
-4.0,-4.0,-1.1
-4.0,-4.0,-1.1
-4.0,-4.0,-1.1
-4.0,-4.0,-1.1
-4.0,-4.0,-1.1
-4.0,-4.0,-1.1
-4.0,-4.0,-1.1
-4.0,-4.0,-1.1
-4.0,-4.0,-1.1
-4.0,-4.0,-1.1
-4.0,-4.0,-1.1
-4.0,-4.0,-1.1
-4.0,-4.0,-1.1
-4.0,-4.0,-1.1
-4.0,-4.0,-1.1
-4.0,-4.0,-1.1
-4.0,-4.0,-1.1
-4.0,-4.0,-1.1
-4.0,-4.0,-1.1
-4.0,-4.0,-1.1
-4.0,-4.0,-1.1
-4.0,-4.0,-1.1
-4.0,-4.0,-1.1
-4.0,-4.0,-1.1
-4.0,-4.0,-1.1
-4.0,-4.0,-1.1
-4.0,-4.0,-1.1
-4.0,-4.0,-1.1
-4.0,-4.0,-1.1
-4.0,-4.0,-1.1
-4.0,-4.0,-1.1
-4.0,-4.0,-1.1
-4.0,-4.0,-1.1
-4.0,-4.0,-1.1
-4.0,-4.0,-1.1
-4.0,-4.0,-1.1
-4.0,-4.0,-1.1
-4.0,-4.0,-1.1
-4.0,-4.0,-1.1
-4.0,-4.0,-1.1
-4.0,-4.0,-1.1
-4.0,-4.0,-1.1
-4.0,-4.0,-1.1
-4.0,-4.0,-1.1
-4.0,-4.0,-1.1
-4.0,-4.0,-1.1
-4.0,-4.0,-1.1
-4.0,-4.0,-1.1
-4.0,-4.0,-1.1
-4.0,-4.0,-1.1
-4.0,-4.0,-1.1
-4.0,-4.0,-1.1
-4.0,-4.0,-1.1
-4.0,-4.0,-1.1
-4.0,-4.0,-1.1
-4.0,-4.0,-1.1
-4.0,-4.0,-1.1
-4.0,-4.0,-1.1
-4.0,-4.0,-1.1
-4.0,-4.0,-1.1
-4.0,-4.0,-1.1
-4.0,-4.0,-1.1
-4.0,-4.0,-1.1
-4.0,-4.0,-1.1
-4.0,-4.0,-1.1
-4.0,-4.0,-1.1
-4.0,-4.0,-1.1
-4.0,-4.0,-1.1
-4.0,-4.0,-1.1
-4.0,-4.0,-1.1
-4.0,-4.0,-1.1
-4.0,-4.0,-1.1
-4.0,-4.0,-1.1
-4.0,-4.0,-1.1
-4.0,-4.0,-1.1
-4.0,-4.0,-1.1
-4.0,-4.0,-1.1
-4.0,-4.0,-1.1
-4.0,-4.0,-1.1
-4.0,-4.0,-1.1
-4.0,-4.0,-1.1
-4.0,-4.0,-1.1
-4.0,-4.0,-1.1
-4.0,-4.0,-1.1
-4.0,-4.0,-1.1
-4.0,-4.0,-1.1
-4.0,-4.0,-1.1
-4.0,-4.0,-1.1
-4.0,-4.0,-1.1
-4.0,-4.0,-1.1
-4.0,-4.0,-1.1
-4.0,-4.0,-1.1
-4.0,-4.0,-1.1
-4.0,-4.0,-1.1
-4.0,-4.0,-1.1
-4.0,-4.0,-1.1
-4.0,-4.0,-1.1
-4.0,-4.0,-1.1
-4.0,-4.0,-1.1
-4.0,-4.0,-1.1
-4.0,-4.0,-1.1
-4.0,-4.0,-1.1
-4.0,-4.0,-1.1
-4.0,-4.0,-1.1
-4.0,-4.0,-1.1
-4.0,-4.0,-1.1
-4.0,-4.0,-1.1
-4.0,-4.0,-1.1
-4.0,-4.0,-1.1
-4.0,-4.0,-1.1
-4.0,-4.0,-1.1
-4.0,-4.0,-1.1
-4.0,-4.0,-1.1
-4.0,-4.0,-1.1
-4.0,-4.0,-1.1
-4.0,-4.0,-1.1
-4.0,-4.0,-1.1
-4.0,-4.0,-1.1
-4.0,-4.0,-1.1
-4.0,-4.0,-1.1
-4.0,-4.0,-1.1
-4.0,-4.0,-1.1
-4.0,-4.0,-1.1
-4.0,-4.0,-1.1
-4.0,-4.0,-1.1
-4.0,-4.0,-1.1
-4.0,-4.0,-1.1
-4.0,-4.0,-1.1
-4.0,-4.0,-1.1
-4.0,-4.0,-1.1
-4.0,-4.0,-1.1
-4.0,-4.0,-1.1
-4.0,-4.0,-1.1
-4.0,-4.0,-1.1
-4.0,-4.0,-1.1
-4.0,-4.0,-1.1
-4.0,-4.0,-1.1
-4.0,-4.0,-1.1
-4.0,-4.0,-1.1
-4.0,-4.0,-1.1
-4.0,-4.0,-1.1
-4.0,-4.0,-1.1
-4.0,-4.0,-1.1
-4.0,-4.0,-1.1
-4.0,-4.0,-1.1
-4.0,-4.0,-1.1
-4.0,-4.0,-1.1
-4.0,-4.0,-1.1
-4.0,-4.0,-1.1
-4.0,-4.0,-1.1
-4.0,-4.0,-1.1
-4.0,-4.0,-1.1
-4.0,-4.0,-1.1
-4.0,-4.0,-1.1
-4.0,-4.0,-1.1
-4.0,-4.0,-1.1
-4.0,-4.0,-1.1
-4.0,-4.0,-1.1
-4.0,-4.0,-1.1
-4.0,-4.0,-1.1
-4.0,-4.0,-1.1
-4.0,-4.0,-1.1
-4.0,-4.0,-1.1
-4.0,-4.0,-1.1
-4.0,-4.0,-1.1
-4.0,-4.0,-1.1
-4.0,-4.0,-1.1
-4.0,-4.0,-1.1
-4.0,-4.0,-1.1
-4.0,-4.0,-1.1
-4.0,-4.0,-1.1
-4.0,-4.0,-1.1
-4.0,-4.0,-1.1
-4.0,-4.0,-1.1
-4.0,-4.0,-1.1
-4.0,-4.0,-1.1
-4.0,-4.0,-1.1
-4.0,-4.0,-1.1
-4.0,-4.0,-1.1
-4.0,-4.0,-1.1
-4.0,-4.0,-1.1
-4.0,-4.0,-1.1
-4.0,-4.0,-1.1
-4.0,-4.0,-1.1
-4.0,-4.0,-1.1
-4.0,-4.0,-1.1
-4.0,-4.0,-1.1
-4.0,-4.0,-1.1
-4.0,-4.0,-1.1
-4.0,-4.0,-1.1
-4.0,-4.0,-1.1
-4.0,-4.0,-1.1
-4.0,-4.0,-1.1
-4.0,-4.0,-1.1
-4.0,-4.0,-1.1
-4.0,-4.0,-1.1
-4.0,-4.0,-1.1
-4.0,-4.0,-1.1
-4.0,-4.0,-1.1
-4.0,-4.0,-1.1
-4.0,-4.0,-1.1
-4.0,-4.0,-1.1
-4.0,-4.0,-1.1
-4.0,-4.0,-1.1
-4.0,-4.0,-1.1
-4.0,-4.0,-1.1
-4.0,-4.0,-1.1
-4.0,-4.0,-1.1
-4.0,-4.0,-1.1
-4.0,-4.0,-1.1
-4.0,-4.0,-1.1
-4.0,-4.0,-1.1
-4.0,-4.0,-1.1
-4.0,-4.0,-1.1
-4.0,-4.0,-1.1
-4.0,-4.0,-1.1
-4.0,-4.0,-1.1
-4.0,-4.0,-1.1
-4.0,-4.0,-1.1
-4.0,-4.0,-1.1
-4.0,-4.0,-1.1
-4.0,-4.0,-1.1
-4.0,-4.0,-1.1
-4.0,-4.0,-1.1
-4.0,-4.0,-1.1
-4.0,-4.0,-1.1
-4.0,-4.0,-1.1
-4.0,-4.0,-1.1
-4.0,-4.0,-1.1
-4.0,-4.0,-1.1
-4.0,-4.0,-1.1
-4.0,-4.0,-1.1
-4.0,-4.0,-1.1
-4.0,-4.0,-1.1
-4.0,-4.0,-1.1
-4.0,-4.0,-1.1
-4.0,-4.0,-1.1
-4.0,-4.0,-1.1
-4.0,-4.0,-1.1
-4.0,-4.0,-1.1
-4.0,-4.0,-1.1
-4.0,-4.0,-1.1
-4.0,-4.0,-1.1
-4.0,-4.0,-1.1
-4.0,-4.0,-1.1
-4.0,-4.0,-1.1
-4.0,-4.0,-1.1
-4.0,-4.0,-1.1
-4.0,-4.0,-1.1
-4.0,-4.0,-1.1
-4.0,-4.0,-1.1
-4.0,-4.0,-1.1
-4.0,-4.0,-1.1
-4.0,-4.0,-1.1
-4.0,-4.0,-1.1
-4.0,-4.0,-1.1
-4.0,-4.0,-1.1
-4.0,-4.0,-1.1
-4.0,-4.0,-1.1
-4.0,-4.0,-1.1
-4.0,-4.0,-1.1
-4.0,-4.0,-1.1
-4.0,-4.0,-1.1
-4.0,-4.0,-1.1
-4.0,-4.0,-1.1
-4.0,-4.0,-1.1
-4.0,-4.0,-1.1
-4.0,-4.0,-1.1
-4.0,-4.0,-1.1
-4.0,-4.0,-1.1
-4.0,-4.0,-1.1
-4.0,-4.0,-1.1
-4.0,-4.0,-1.1
-4.0,-4.0,-1.1
-4.0,-4.0,-1.1
-4.0,-4.0,-1.1
-4.0,-4.0,-1.1
-4.0,-4.0,-1.1
-4.0,-4.0,-1.1
-4.0,-4.0,-1.1
-4.0,-4.0,-1.1
-4.0,-4.0,-1.1
-4.0,-4.0,-1.1
-4.0,-4.0,-1.1
-4.0,-4.0,-1.1
-4.0,-4.0,-1.1
-4.0,-4.0,-1.1
-4.0,-4.0,-1.1
-4.0,-4.0,-1.1
-4.0,-4.0,-1.1
-4.0,-4.0,-1.1
-4.0,-4.0,-1.1
-4.0,-4.0,-1.1
-4.0,-4.0,-1.1
-4.0,-4.0,-1.1
-4.0,-4.0,-1.1
-4.0,-4.0,-1.1
-4.0,-4.0,-1.1
-4.0,-4.0,-1.1
-4.0,-4.0,-1.1
-4.0,-4.0,-1.1
-4.0,-4.0,-1.1
-4.0,-4.0,-1.1
-4.0,-4.0,-1.1
-4.0,-4.0,-1.1
-4.0,-4.0,-1.1
-4.0,-4.0,-1.1
-4.0,-4.0,-1.1
-4.0,-4.0,-1.1
-4.0,-4.0,-1.1
-4.0,-4.0,-1.1
-4.0,-4.0,-1.1
-4.0,-4.0,-1.1
-4.0,-4.0,-1.1
-4.0,-4.0,-1.1
-4.0,-4.0,-1.1
-4.0,-4.0,-1.1
-4.0,-4.0,-1.1
-4.0,-4.0,-1.1
-4.0,-4.0,-1.1
-4.0,-4.0,-1.1
-4.0,-4.0,-1.1
-4.0,-4.0,-1.1
-4.0,-4.0,-1.1
-4.0,-4.0,-1.1
-4.0,-4.0,-1.1
-4.0,-4.0,-1.1
-4.0,-4.0,-1.1
-4.0,-4.0,-1.1
-4.0,-4.0,-1.1
-4.0,-4.0,-1.1
-4.0,-4.0,-1.1
-4.0,-4.0,-1.1
-4.0,-4.0,-1.1
-4.0,-4.0,-1.1
-4.0,-4.0,-1.1
-4.0,-4.0,-1.1
-4.0,-4.0,-1.1
-4.0,-4.0,-1.1
-4.0,-4.0,-1.1
-4.0,-4.0,-1.1
-4.0,-4.0,-1.1
-4.0,-4.0,-1.1
-4.0,-4.0,-1.1
-4.0,-4.0,-1.1
-4.0,-4.0,-1.1
-4.0,-4.0,-1.1
-4.0,-4.0,-1.1
-4.0,-4.0,-1.1
-4.0,-4.0,-1.1
-4.0,-4.0,-1.1
-4.0,-4.0,-1.1
-4.0,-4.0,-1.1
-4.0,-4.0,-1.1
-4.0,-4.0,-1.1
-4.0,-4.0,-1.1
-4.0,-4.0,-1.1
-4.0,-4.0,-1.1
-4.0,-4.0,-1.1
-4.0,-4.0,-1.1
-4.0,-4.0,-1.1
-4.0,-4.0,-1.1
-4.0,-4.0,-1.1
-4.0,-4.0,-1.1
-4.0,-4.0,-1.1
-4.0,-4.0,-1.1
-4.0,-4.0,-1.1
-4.0,-4.0,-1.1
-4.0,-4.0,-1.1
-4.0,-4.0,-1.1
-4.0,-4.0,-1.1
-4.0,-4.0,-1.1
-4.0,-4.0,-1.1
-4.0,-4.0,-1.1
-4.0,-4.0,-1.1
-4.0,-4.0,-1.1
-4.0,-4.0,-1.1
-4.0,-4.0,-1.1
-4.0,-4.0,-1.1
-4.0,-4.0,-1.1
-4.0,-4.0,-1.1
-4.0,-4.0,-1.1
-4.0,-4.0,-1.1
-4.0,-4.0,-1.1
-4.0,-4.0,-1.1
-4.0,-4.0,-1.1
-4.0,-4.0,-1.1
-4.0,-4.0,-1.1
-4.0,-4.0,-1.1
-4.0,-4.0,-1.1
-4.0,-4.0,-1.1
-4.0,-4.0,-1.1
-4.0,-4.0,-1.1
-4.0,-4.0,-1.1
-4.0,-4.0,-1.1
-4.0,-4.0,-1.1
-4.0,-4.0,-1.1
-4.0,-4.0,-1.1
-4.0,-4.0,-1.1
-4.0,-4.0,-1.1
-4.0,-4.0,-1.1
-4.0,-4.0,-1.1
-4.0,-4.0,-1.1
-4.0,-4.0,-1.1
-4.0,-4.0,-1.1
-4.0,-4.0,-1.1
-4.0,-4.0,-1.1
-4.0,-4.0,-1.1
-4.0,-4.0,-1.1
-4.0,-4.0,-1.1
-4.0,-4.0,-1.1
-4.0,-4.0,-1.1
-4.0,-4.0,-1.1
-4.0,-4.0,-1.1
-4.0,-4.0,-1.1
-4.0,-4.0,-1.1
-4.0,-4.0,-1.1
-4.0,-4.0,-1.1
-4.0,-4.0,-1.1
-4.0,-4.0,-1.1
-4.0,-4.0,-1.1
-4.0,-4.0,-1.1
-4.0,-4.0,-1.1
-4.0,-4.0,-1.1
-4.0,-4.0,-1.1
-4.0,-4.0,-1.1
-4.0,-4.0,-1.1
-4.0,-4.0,-1.1
-4.0,-4.0,-1.1
-4.0,-4.0,-1.1
-4.0,-4.0,-1.1
-4.0,-4.0,-1.1
-4.0,-4.0,-1.1
-4.0,-4.0,-1.1
-4.0,-4.0,-1.1
-4.0,-4.0,-1.1
-4.0,-4.0,-1.1
-4.0,-4.0,-1.1
-4.0,-4.0,-1.1
-4.0,-4.0,-1.1
-4.0,-4.0,-1.1
-4.0,-4.0,-1.1
-4.0,-4.0,-1.1
-4.0,-4.0,-1.1
-4.0,-4.0,-1.1
-4.0,-4.0,-1.1
-4.0,-4.0,-1.1
-4.0,-4.0,-1.1
-4.0,-4.0,-1.1
-4.0,-4.0,-1.1
-4.0,-4.0,-1.1
-4.0,-4.0,-1.1
-4.0,-4.0,-1.1
-4.0,-4.0,-1.1
-4.0,-4.0,-1.1
-4.0,-4.0,-1.1
-4.0,-4.0,-1.1
-4.0,-4.0,-1.1
-4.0,-4.0,-1.1
-4.0,-4.0,-1.1
-4.0,-4.0,-1.1
-4.0,-4.0,-1.1
-4.0,-4.0,-1.1
-4.0,-4.0,-1.1
-4.0,-4.0,-1.1
-4.0,-4.0,-1.1
-4.0,-4.0,-1.1
-4.0,-4.0,-1.1
-4.0,-4.0,-1.1
-4.0,-4.0,-1.1
-4.0,-4.0,-1.1
-4.0,-4.0,-1.1
-4.0,-4.0,-1.1
-4.0,-4.0,-1.1
-4.0,-4.0,-1.1
-4.0,-4.0,-1.1
-4.0,-4.0,-1.1
-4.0,-4.0,-1.1
-4.0,-4.0,-1.1
-4.0,-4.0,-1.1
-4.0,-4.0,-1.1
-4.0,-4.0,-1.1
-4.0,-4.0,-1.1
-4.0,-4.0,-1.1
-4.0,-4.0,-1.1
-4.0,-4.0,-1.1
-4.0,-4.0,-1.1
-4.0,-4.0,-1.1
-4.0,-4.0,-1.1
-4.0,-4.0,-1.1
-4.0,-4.0,-1.1
-4.0,-4.0,-1.1
-4.0,-4.0,-1.1
-4.0,-4.0,-1.1
-4.0,-4.0,-1.1
-4.0,-4.0,-1.1
-4.0,-4.0,-1.1
-4.0,-4.0,-1.1
-4.0,-4.0,-1.1
-4.0,-4.0,-1.1
-4.0,-4.0,-1.1
-4.0,-4.0,-1.1
-4.0,-4.0,-1.1
-4.0,-4.0,-1.1
-4.0,-4.0,-1.1
-4.0,-4.0,-1.1
-4.0,-4.0,-1.1
-4.0,-4.0,-1.1
-4.0,-4.0,-1.1
-4.0,-4.0,-1.1
-4.0,-4.0,-1.1
-4.0,-4.0,-1.1
-4.0,-4.0,-1.1
-4.0,-4.0,-1.1
-4.0,-4.0,-1.1
-4.0,-4.0,-1.1
-4.0,-4.0,-1.1
-4.0,-4.0,-1.1
-4.0,-4.0,-1.1
-4.0,-4.0,-1.1
-4.0,-4.0,-1.1
-4.0,-4.0,-1.1
-4.0,-4.0,-1.1
-4.0,-4.0,-1.1
-4.0,-4.0,-1.1
-4.0,-4.0,-1.1
-4.0,-4.0,-1.1
-4.0,-4.0,-1.1
-4.0,-4.0,-1.1
-4.0,-4.0,-1.1
-4.0,-4.0,-1.1
-4.0,-4.0,-1.1
-4.0,-4.0,-1.1
-4.0,-4.0,-1.1
-4.0,-4.0,-1.1
-4.0,-4.0,-1.1
-4.0,-4.0,-1.1
-4.0,-4.0,-1.1
-4.0,-4.0,-1.1
-4.0,-4.0,-1.1
-4.0,-4.0,-1.1
-4.0,-4.0,-1.1
-4.0,-4.0,-1.1
-4.0,-4.0,-1.1
-4.0,-4.0,-1.1
-4.0,-4.0,-1.1
-4.0,-4.0,-1.1
-4.0,-4.0,-1.1
-4.0,-4.0,-1.1
-4.0,-4.0,-1.1
-4.0,-4.0,-1.1
-4.0,-4.0,-1.1
-4.0,-4.0,-1.1
-4.0,-4.0,-1.1
-4.0,-4.0,-1.1
-4.0,-4.0,-1.1
-4.0,-4.0,-1.1
-4.0,-4.0,-1.1
-4.0,-4.0,-1.1
-4.0,-4.0,-1.1
-4.0,-4.0,-1.1
-4.0,-4.0,-1.1
-4.0,-4.0,-1.1
-4.0,-4.0,-1.1
-4.0,-4.0,-1.1
-4.0,-4.0,-1.1
-4.0,-4.0,-1.1
-4.0,-4.0,-1.1
-4.0,-4.0,-1.1
-4.0,-4.0,-1.1
-4.0,-4.0,-1.1
-4.0,-4.0,-1.1
-4.0,-4.0,-1.1
-4.0,-4.0,-1.1
-4.0,-4.0,-1.1
-4.0,-4.0,-1.1
-4.0,-4.0,-1.1
-4.0,-4.0,-1.1
-4.0,-4.0,-1.1
-4.0,-4.0,-1.1
-4.0,-4.0,-1.1
-4.0,-4.0,-1.1
-4.0,-4.0,-1.1
-4.0,-4.0,-1.1
-4.0,-4.0,-1.1
-4.0,-4.0,-1.1
-4.0,-4.0,-1.1
-4.0,-4.0,-1.1
-4.0,-4.0,-1.1
-4.0,-4.0,-1.1
-4.0,-4.0,-1.1
-4.0,-4.0,-1.1
-4.0,-4.0,-1.1
-4.0,-4.0,-1.1
-4.0,-4.0,-1.1
-4.0,-4.0,-1.1
-4.0,-4.0,-1.1
-4.0,-4.0,-1.1
-4.0,-4.0,-1.1
-4.0,-4.0,-1.1
-4.0,-4.0,-1.1
-4.0,-4.0,-1.1
-4.0,-4.0,-1.1
-4.0,-4.0,-1.1
-4.0,-4.0,-1.1
-4.0,-4.0,-1.1
-4.0,-4.0,-1.1
-4.0,-4.0,-1.1
-4.0,-4.0,-1.1
-4.0,-4.0,-1.1
-4.0,-4.0,-1.1
-4.0,-4.0,-1.1
-4.0,-4.0,-1.1
-4.0,-4.0,-1.1
-4.0,-4.0,-1.1
-4.0,-4.0,-1.1
-4.0,-4.0,-1.1
-4.0,-4.0,-1.1
-4.0,-4.0,-1.1
-4.0,-4.0,-1.1
-4.0,-4.0,-1.1
-4.0,-4.0,-1.1
-4.0,-4.0,-1.1
-4.0,-4.0,-1.1
-4.0,-4.0,-1.1
-4.0,-4.0,-1.1
-4.0,-4.0,-1.1
-4.0,-4.0,-1.1
-4.0,-4.0,-1.1
-4.0,-4.0,-1.1
-4.0,-4.0,-1.1
-4.0,-4.0,-1.1
-4.0,-4.0,-1.1
-4.0,-4.0,-1.1
-4.0,-4.0,-1.1
-4.0,-4.0,-1.1
-4.0,-4.0,-1.1
-4.0,-4.0,-1.1
-4.0,-4.0,-1.1
-4.0,-4.0,-1.1
-4.0,-4.0,-1.1
-4.0,-4.0,-1.1
-4.0,-4.0,-1.1
-4.0,-4.0,-1.1
-4.0,-4.0,-1.1
-4.0,-4.0,-1.1
-4.0,-4.0,-1.1
-4.0,-4.0,-1.1
-4.0,-4.0,-1.1
-4.0,-4.0,-1.1
-4.0,-4.0,-1.1
-4.0,-4.0,-1.1
-4.0,-4.0,-1.1
-4.0,-4.0,-1.1
-4.0,-4.0,-1.1
-4.0,-4.0,-1.1
-4.0,-4.0,-1.1
-4.0,-4.0,-1.1
-4.0,-4.0,-1.1
-4.0,-4.0,-1.1
-4.0,-4.0,-1.1
-4.0,-4.0,-1.1
-4.0,-4.0,-1.1
-4.0,-4.0,-1.1
-4.0,-4.0,-1.1
-4.0,-4.0,-1.1
-4.0,-4.0,-1.1
-4.0,-4.0,-1.1
-4.0,-4.0,-1.1
-4.0,-4.0,-1.1
-4.0,-4.0,-1.1
-4.0,-4.0,-1.1
-4.0,-4.0,-1.1
-4.0,-4.0,-1.1
-4.0,-4.0,-1.1
-4.0,-4.0,-1.1
-4.0,-4.0,-1.1
-4.0,-4.0,-1.1
-4.0,-4.0,-1.1
-4.0,-4.0,-1.1
-4.0,-4.0,-1.1
-4.0,-4.0,-1.1
-4.0,-4.0,-1.1
-4.0,-4.0,-1.1
-4.0,-4.0,-1.1
-4.0,-4.0,-1.1
-4.0,-4.0,-1.1
-4.0,-4.0,-1.1
-4.0,-4.0,-1.1
-4.0,-4.0,-1.1
-4.0,-4.0,-1.1
-4.0,-4.0,-1.1
-4.0,-4.0,-1.1
-4.0,-4.0,-1.1
-4.0,-4.0,-1.1
-4.0,-4.0,-1.1
-4.0,-4.0,-1.1
-4.0,-4.0,-1.1
-4.0,-4.0,-1.1
-4.0,-4.0,-1.1
-4.0,-4.0,-1.1
-4.0,-4.0,-1.1
-4.0,-4.0,-1.1
-4.0,-4.0,-1.1
-4.0,-4.0,-1.1
-4.0,-4.0,-1.1
-4.0,-4.0,-1.1
-4.0,-4.0,-1.1
-4.0,-4.0,-1.1
-4.0,-4.0,-1.1
-4.0,-4.0,-1.1
-4.0,-4.0,-1.1
-4.0,-4.0,-1.1
-4.0,-4.0,-1.1
-4.0,-4.0,-1.1
-4.0,-4.0,-1.1
-4.0,-4.0,-1.1
-4.0,-4.0,-1.1
-4.0,-4.0,-1.1
-4.0,-4.0,-1.1
-4.0,-4.0,-1.1
-4.0,-4.0,-1.1
-4.0,-4.0,-1.1
-4.0,-4.0,-1.1
-4.0,-4.0,-1.1
-4.0,-4.0,-1.1
-4.0,-4.0,-1.1
-4.0,-4.0,-1.1
-4.0,-4.0,-1.1
-4.0,-4.0,-1.1
-4.0,-4.0,-1.1
-4.0,-4.0,-1.1
-4.0,-4.0,-1.1
-4.0,-4.0,-1.1
-4.0,-4.0,-1.1
-4.0,-4.0,-1.1
-4.0,-4.0,-1.1
-4.0,-4.0,-1.1
-4.0,-4.0,-1.1
-4.0,-4.0,-1.1
-4.0,-4.0,-1.1
-4.0,-4.0,-1.1
-4.0,-4.0,-1.1
-4.0,-4.0,-1.1
-4.0,-4.0,-1.1
-4.0,-4.0,-1.1
-4.0,-4.0,-1.1
-4.0,-4.0,-1.1
-4.0,-4.0,-1.1
-4.0,-4.0,-1.1
-4.0,-4.0,-1.1
-4.0,-4.0,-1.1
-4.0,-4.0,-1.1
-4.0,-4.0,-1.1
-4.0,-4.0,-1.1
-4.0,-4.0,-1.1
-4.0,-4.0,-1.1
-4.0,-4.0,-1.1
-4.0,-4.0,-1.1
-4.0,-4.0,-1.1
-4.0,-4.0,-1.1
-4.0,-4.0,-1.1
-4.0,-4.0,-1.1
-4.0,-4.0,-1.1
-4.0,-4.0,-1.1
-4.0,-4.0,-1.1
-4.0,-4.0,-1.1
-4.0,-4.0,-1.1
-4.0,-4.0,-1.1
-4.0,-4.0,-1.1
-4.0,-4.0,-1.1
-4.0,-4.0,-1.1
-4.0,-4.0,-1.1
-4.0,-4.0,-1.1
-4.0,-4.0,-1.1
-4.0,-4.0,-1.1
-4.0,-4.0,-1.1
-4.0,-4.0,-1.1
-4.0,-4.0,-1.1
-4.0,-4.0,-1.1
-4.0,-4.0,-1.1
-4.0,-4.0,-1.1
-4.0,-4.0,-1.1
-4.0,-4.0,-1.1
-4.0,-4.0,-1.1
-4.0,-4.0,-1.1
-4.0,-4.0,-1.1
-4.0,-4.0,-1.1
-4.0,-4.0,-1.1
-4.0,-4.0,-1.1
-4.0,-4.0,-1.1
-4.0,-4.0,-1.1
-4.0,-4.0,-1.1
-4.0,-4.0,-1.1
-4.0,-4.0,-1.1
-4.0,-4.0,-1.1
-4.0,-4.0,-1.1
-4.0,-4.0,-1.1
-4.0,-4.0,-1.1
-4.0,-4.0,-1.1
-4.0,-4.0,-1.1
-4.0,-4.0,-1.1
-4.0,-4.0,-1.1
-4.0,-4.0,-1.1
-4.0,-4.0,-1.1
-4.0,-4.0,-1.1
-4.0,-4.0,-1.1
-4.0,-4.0,-1.1
-4.0,-4.0,-1.1
-4.0,-4.0,-1.1
-4.0,-4.0,-1.1
-4.0,-4.0,-1.1
-4.0,-4.0,-1.1
-4.0,-4.0,-1.1
-4.0,-4.0,-1.1
-4.0,-4.0,-1.1
-4.0,-4.0,-1.1
-4.0,-4.0,-1.1
-4.0,-4.0,-1.1
-4.0,-4.0,-1.1
-4.0,-4.0,-1.1
-4.0,-4.0,-1.1
-4.0,-4.0,-1.1
-4.0,-4.0,-1.1
-4.0,-4.0,-1.1
-4.0,-4.0,-1.1
-4.0,-4.0,-1.1
-4.0,-4.0,-1.1
-4.0,-4.0,-1.1
-4.0,-4.0,-1.1
-4.0,-4.0,-1.1
-4.0,-4.0,-1.1
-4.0,-4.0,-1.1
-4.0,-4.0,-1.1
-4.0,-4.0,-1.1
-4.0,-4.0,-1.1
-4.0,-4.0,-1.1
-4.0,-4.0,-1.1
-4.0,-4.0,-1.1
-4.0,-4.0,-1.1
-4.0,-4.0,-1.1
-4.0,-4.0,-1.1
-4.0,-4.0,-1.1
-4.0,-4.0,-1.1
-4.0,-4.0,-1.1
-4.0,-4.0,-1.1
-4.0,-4.0,-1.1
-4.0,-4.0,-1.1
-4.0,-4.0,-1.1
-4.0,-4.0,-1.1
-4.0,-4.0,-1.1
-4.0,-4.0,-1.1
-4.0,-4.0,-1.1
-4.0,-4.0,-1.1
-4.0,-4.0,-1.1
-4.0,-4.0,-1.1
-4.0,-4.0,-1.1
-4.0,-4.0,-1.1
-4.0,-4.0,-1.1
-4.0,-4.0,-1.1
-4.0,-4.0,-1.1
-4.0,-4.0,-1.1
-4.0,-4.0,-1.1
-4.0,-4.0,-1.1
-4.0,-4.0,-1.1
-4.0,-4.0,-1.1
-4.0,-4.0,-1.1
-4.0,-4.0,-1.1
-4.0,-4.0,-1.1
-4.0,-4.0,-1.1
-4.0,-4.0,-1.1
-4.0,-4.0,-1.1
-4.0,-4.0,-1.1
-4.0,-4.0,-1.1
-4.0,-4.0,-1.1
-4.0,-4.0,-1.1
-4.0,-4.0,-1.1
-4.0,-4.0,-1.1
-4.0,-4.0,-1.1
-4.0,-4.0,-1.1
-4.0,-4.0,-1.1
-4.0,-4.0,-1.1
-4.0,-4.0,-1.1
-4.0,-4.0,-1.1
-4.0,-4.0,-1.1
-4.0,-4.0,-1.1
-4.0,-4.0,-1.1
-4.0,-4.0,-1.1
-4.0,-4.0,-1.1
-4.0,-4.0,-1.1
-4.0,-4.0,-1.1
-4.0,-4.0,-1.1
-4.0,-4.0,-1.1
-4.0,-4.0,-1.1
-4.0,-4.0,-1.1
-4.0,-4.0,-1.1
-4.0,-4.0,-1.1
-4.0,-4.0,-1.1
-4.0,-4.0,-1.1
-4.0,-4.0,-1.1
-4.0,-4.0,-1.1
-4.0,-4.0,-1.1
-4.0,-4.0,-1.1
-4.0,-4.0,-1.1
-4.0,-4.0,-1.1
-4.0,-4.0,-1.1
-4.0,-4.0,-1.1
-4.0,-4.0,-1.1
-4.0,-4.0,-1.1
-4.0,-4.0,-1.1
-4.0,-4.0,-1.1
-4.0,-4.0,-1.1
-4.0,-4.0,-1.1
-4.0,-4.0,-1.1
-4.0,-4.0,-1.1
-4.0,-4.0,-1.1
-4.0,-4.0,-1.1
-4.0,-4.0,-1.1
-4.0,-4.0,-1.1
-4.0,-4.0,-1.1
-4.0,-4.0,-1.1
-4.0,-4.0,-1.1
-4.0,-4.0,-1.1
-4.0,-4.0,-1.1
-4.0,-4.0,-1.1
-4.0,-4.0,-1.1
-4.0,-4.0,-1.1
-4.0,-4.0,-1.1
-4.0,-4.0,-1.1
-4.0,-4.0,-1.1
-4.0,-4.0,-1.1
-4.0,-4.0,-1.1
-4.0,-4.0,-1.1
-4.0,-4.0,-1.1
-4.0,-4.0,-1.1
-4.0,-4.0,-1.1
-4.0,-4.0,-1.1
-4.0,-4.0,-1.1
-4.0,-4.0,-1.1
-4.0,-4.0,-1.1
-4.0,-4.0,-1.1
-4.0,-4.0,-1.1
-4.0,-4.0,-1.1
-4.0,-4.0,-1.1
-4.0,-4.0,-1.1
-4.0,-4.0,-1.1
-4.0,-4.0,-1.1
-4.0,-4.0,-1.1
-4.0,-4.0,-1.1
-4.0,-4.0,-1.1
-4.0,-4.0,-1.1
-4.0,-4.0,-1.1
-4.0,-4.0,-1.1
-4.0,-4.0,-1.1
-4.0,-4.0,-1.1
-4.0,-4.0,-1.1
-4.0,-4.0,-1.1
-4.0,-4.0,-1.1
-4.0,-4.0,-1.1
-4.0,-4.0,-1.1
-4.0,-4.0,-1.1
-4.0,-4.0,-1.1
-4.0,-4.0,-1.1
-4.0,-4.0,-1.1
-4.0,-4.0,-1.1
-4.0,-4.0,-1.1
-4.0,-4.0,-1.1
-4.0,-4.0,-1.1
-4.0,-4.0,-1.1
-4.0,-4.0,-1.1
-4.0,-4.0,-1.1
-4.0,-4.0,-1.1
-4.0,-4.0,-1.1
-4.0,-4.0,-1.1
-4.0,-4.0,-1.1
-4.0,-4.0,-1.1
-4.0,-4.0,-1.1
-4.0,-4.0,-1.1
-4.0,-4.0,-1.1
-4.0,-4.0,-1.1
-4.0,-4.0,-1.1
-4.0,-4.0,-1.1
-4.0,-4.0,-1.1
-4.0,-4.0,-1.1
-4.0,-4.0,-1.1
-4.0,-4.0,-1.1
-4.0,-4.0,-1.1
-4.0,-4.0,-1.1
-4.0,-4.0,-1.1
-4.0,-4.0,-1.1
-4.0,-4.0,-1.1
-4.0,-4.0,-1.1
-4.0,-4.0,-1.1
-4.0,-4.0,-1.1
-4.0,-4.0,-1.1
-4.0,-4.0,-1.1
-4.0,-4.0,-1.1
-4.0,-4.0,-1.1
-4.0,-4.0,-1.1
-4.0,-4.0,-1.1
-4.0,-4.0,-1.1
-4.0,-4.0,-1.1
-4.0,-4.0,-1.1
-4.0,-4.0,-1.1
-4.0,-4.0,-1.1
-4.0,-4.0,-1.1
-4.0,-4.0,-1.1
-4.0,-4.0,-1.1
-4.0,-4.0,-1.1
-4.0,-4.0,-1.1
-4.0,-4.0,-1.1
-4.0,-4.0,-1.1
-4.0,-4.0,-1.1
-4.0,-4.0,-1.1
-4.0,-4.0,-1.1
-4.0,-4.0,-1.1
-4.0,-4.0,-1.1
-4.0,-4.0,-1.1
-4.0,-4.0,-1.1
-4.0,-4.0,-1.1
-4.0,-4.0,-1.1
-4.0,-4.0,-1.1
-4.0,-4.0,-1.1
-4.0,-4.0,-1.1
-4.0,-4.0,-1.1
-4.0,-4.0,-1.1
-4.0,-4.0,-1.1
-4.0,-4.0,-1.1
-4.0,-4.0,-1.1
-4.0,-4.0,-1.1
-4.0,-4.0,-1.1
-4.0,-4.0,-1.1
-4.0,-4.0,-1.1
-4.0,-4.0,-1.1
-4.0,-4.0,-1.1
-4.0,-4.0,-1.1
-4.0,-4.0,-1.1
-4.0,-4.0,-1.1
-4.0,-4.0,-1.1
-4.0,-4.0,-1.1
-4.0,-4.0,-1.1
-4.0,-4.0,-1.1
-4.0,-4.0,-1.1
-4.0,-4.0,-1.1
-4.0,-4.0,-1.1
-4.0,-4.0,-1.1
-4.0,-4.0,-1.1
-4.0,-4.0,-1.1
-4.0,-4.0,-1.1
-4.0,-4.0,-1.1
-4.0,-4.0,-1.1
-4.0,-4.0,-1.1
-4.0,-4.0,-1.1
-4.0,-4.0,-1.1
-4.0,-4.0,-1.1
-4.0,-4.0,-1.1
-4.0,-4.0,-1.1
-4.0,-4.0,-1.1
-4.0,-4.0,-1.1
-4.0,-4.0,-1.1
-4.0,-4.0,-1.1
-4.0,-4.0,-1.1
-4.0,-4.0,-1.1
-4.0,-4.0,-1.1
-4.0,-4.0,-1.1
-4.0,-4.0,-1.1
-4.0,-4.0,-1.1
-4.0,-4.0,-1.1
-4.0,-4.0,-1.1
-4.0,-4.0,-1.1
-4.0,-4.0,-1.1
-4.0,-4.0,-1.1
-4.0,-4.0,-1.1
-4.0,-4.0,-1.1
-4.0,-4.0,-1.1
-4.0,-4.0,-1.1
-4.0,-4.0,-1.1
-4.0,-4.0,-1.1
-4.0,-4.0,-1.1
-4.0,-4.0,-1.1
-4.0,-4.0,-1.1
-4.0,-4.0,-1.1
-4.0,-4.0,-1.1
-4.0,-4.0,-1.1
-4.0,-4.0,-1.1
-4.0,-4.0,-1.1
-4.0,-4.0,-1.1
-4.0,-4.0,-1.1
-4.0,-4.0,-1.1
-4.0,-4.0,-1.1
-4.0,-4.0,-1.1
-4.0,-4.0,-1.1
-4.0,-4.0,-1.1
-4.0,-4.0,-1.1
-4.0,-4.0,-1.1
-4.0,-4.0,-1.1
-4.0,-4.0,-1.1
-4.0,-4.0,-1.1
-4.0,-4.0,-1.1
-4.0,-4.0,-1.1
-4.0,-4.0,-1.1
-4.0,-4.0,-1.1
-4.0,-4.0,-1.1
-4.0,-4.0,-1.1
-4.0,-4.0,-1.1
-4.0,-4.0,-1.1
-4.0,-4.0,-1.1
-4.0,-4.0,-1.1
-4.0,-4.0,-1.1
-4.0,-4.0,-1.1
-4.0,-4.0,-1.1
-4.0,-4.0,-1.1
-4.0,-4.0,-1.1
-4.0,-4.0,-1.1
-4.0,-4.0,-1.1
-4.0,-4.0,-1.1
-4.0,-4.0,-1.1
-4.0,-4.0,-1.1
-4.0,-4.0,-1.1
-4.0,-4.0,-1.1
-4.0,-4.0,-1.1
-4.0,-4.0,-1.1
-4.0,-4.0,-1.1
-4.0,-4.0,-1.1
-4.0,-4.0,-1.1
-4.0,-4.0,-1.1
-4.0,-4.0,-1.1
-4.0,-4.0,-1.1
-4.0,-4.0,-1.1
-4.0,-4.0,-1.1
-4.0,-4.0,-1.1
-4.0,-4.0,-1.1
-4.0,-4.0,-1.1
-4.0,-4.0,-1.1
-4.0,-4.0,-1.1
-4.0,-4.0,-1.1
-4.0,-4.0,-1.1
-4.0,-4.0,-1.1
-4.0,-4.0,-1.1
-4.0,-4.0,-1.1
-4.0,-4.0,-1.1
-4.0,-4.0,-1.1
-4.0,-4.0,-1.1
-4.0,-4.0,-1.1
-4.0,-4.0,-1.1
-4.0,-4.0,-1.1
-4.0,-4.0,-1.1
-4.0,-4.0,-1.1
-4.0,-4.0,-1.1
-4.0,-4.0,-1.1
-4.0,-4.0,-1.1
-4.0,-4.0,-1.1
-4.0,-4.0,-1.1
-4.0,-4.0,-1.1
-4.0,-4.0,-1.1
-4.0,-4.0,-1.1
-4.0,-4.0,-1.1
-4.0,-4.0,-1.1
-4.0,-4.0,-1.1
-4.0,-4.0,-1.1
-4.0,-4.0,-1.1
-4.0,-4.0,-1.1
-4.0,-4.0,-1.1
-4.0,-4.0,-1.1
-4.0,-4.0,-1.1
-4.0,-4.0,-1.1
-4.0,-4.0,-1.1
-4.0,-4.0,-1.1
-4.0,-4.0,-1.1
-4.0,-4.0,-1.1
-4.0,-4.0,-1.1
-4.0,-4.0,-1.1
-4.0,-4.0,-1.1
-4.0,-4.0,-1.1
-4.0,-4.0,-1.1
-4.0,-4.0,-1.1
-4.0,-4.0,-1.1
-4.0,-4.0,-1.1
-4.0,-4.0,-1.1
-4.0,-4.0,-1.1
-4.0,-4.0,-1.1
-4.0,-4.0,-1.1
-4.0,-4.0,-1.1
-4.0,-4.0,-1.1
-4.0,-4.0,-1.1
-4.0,-4.0,-1.1
-4.0,-4.0,-1.1
-4.0,-4.0,-1.1
-4.0,-4.0,-1.1
-4.0,-4.0,-1.1
-4.0,-4.0,-1.1
-4.0,-4.0,-1.1
-4.0,-4.0,-1.1
-4.0,-4.0,-1.1
-4.0,-4.0,-1.1
-4.0,-4.0,-1.1
-4.0,-4.0,-1.1
-4.0,-4.0,-1.1
-4.0,-4.0,-1.1
-4.0,-4.0,-1.1
-4.0,-4.0,-1.1
-4.0,-4.0,-1.1
-4.0,-4.0,-1.1
-4.0,-4.0,-1.1
-4.0,-4.0,-1.1
-4.0,-4.0,-1.1
-4.0,-4.0,-1.1
-4.0,-4.0,-1.1
-4.0,-4.0,-1.1
-4.0,-4.0,-1.1
-4.0,-4.0,-1.1
-4.0,-4.0,-1.1
-4.0,-4.0,-1.1
-4.0,-4.0,-1.1
-4.0,-4.0,-1.1
-4.0,-4.0,-1.1
-4.0,-4.0,-1.1
-4.0,-4.0,-1.1
-4.0,-4.0,-1.1
-4.0,-4.0,-1.1
-4.0,-4.0,-1.1
-4.0,-4.0,-1.1
-4.0,-4.0,-1.1
-4.0,-4.0,-1.1
-4.0,-4.0,-1.1
-4.0,-4.0,-1.1
-4.0,-4.0,-1.1
-4.0,-4.0,-1.1
-4.0,-4.0,-1.1
-4.0,-4.0,-1.1
-4.0,-4.0,-1.1
-4.0,-4.0,-1.1
-4.0,-4.0,-1.1
-4.0,-4.0,-1.1
-4.0,-4.0,-1.1
-4.0,-4.0,-1.1
-4.0,-4.0,-1.1
-4.0,-4.0,-1.1
-4.0,-4.0,-1.1
-4.0,-4.0,-1.1
-4.0,-4.0,-1.1
-4.0,-4.0,-1.1
-4.0,-4.0,-1.1
-4.0,-4.0,-1.1
-4.0,-4.0,-1.1
-4.0,-4.0,-1.1
-4.0,-4.0,-1.1
-4.0,-4.0,-1.1
-4.0,-4.0,-1.1
-4.0,-4.0,-1.1
-4.0,-4.0,-1.1
-4.0,-4.0,-1.1
-4.0,-4.0,-1.1
-4.0,-4.0,-1.1
-4.0,-4.0,-1.1
-4.0,-4.0,-1.1
-4.0,-4.0,-1.1
-4.0,-4.0,-1.1
-4.0,-4.0,-1.1
-4.0,-4.0,-1.1
-4.0,-4.0,-1.1
-4.0,-4.0,-1.1
-4.0,-4.0,-1.1
-4.0,-4.0,-1.1
-4.0,-4.0,-1.1
-4.0,-4.0,-1.1
-4.0,-4.0,-1.1
-4.0,-4.0,-1.1
-4.0,-4.0,-1.1
-4.0,-4.0,-1.1
-4.0,-4.0,-1.1
-4.0,-4.0,-1.1
-4.0,-4.0,-1.1
-4.0,-4.0,-1.1
-4.0,-4.0,-1.1
-4.0,-4.0,-1.1
-4.0,-4.0,-1.1
-4.0,-4.0,-1.1
-4.0,-4.0,-1.1
-4.0,-4.0,-1.1
-4.0,-4.0,-1.1
-4.0,-4.0,-1.1
-4.0,-4.0,-1.1
-4.0,-4.0,-1.1
-4.0,-4.0,-1.1
-4.0,-4.0,-1.1
-4.0,-4.0,-1.1
-4.0,-4.0,-1.1
-4.0,-4.0,-1.1
-4.0,-4.0,-1.1
-4.0,-4.0,-1.1
-4.0,-4.0,-1.1
-4.0,-4.0,-1.1
-4.0,-4.0,-1.1
-4.0,-4.0,-1.1
-4.0,-4.0,-1.1
-4.0,-4.0,-1.1
-4.0,-4.0,-1.1
-4.0,-4.0,-1.1
-4.0,-4.0,-1.1
-4.0,-4.0,-1.1
-4.0,-4.0,-1.1
-4.0,-4.0,-1.1
-4.0,-4.0,-1.1
-4.0,-4.0,-1.1
-4.0,-4.0,-1.1
-4.0,-4.0,-1.1
-4.0,-4.0,-1.1
-4.0,-4.0,-1.1
-4.0,-4.0,-1.1
-4.0,-4.0,-1.1
-4.0,-4.0,-1.1
-4.0,-4.0,-1.1
-4.0,-4.0,-1.1
-4.0,-4.0,-1.1
-4.0,-4.0,-1.1
-4.0,-4.0,-1.1
-4.0,-4.0,-1.1
-4.0,-4.0,-1.1
-4.0,-4.0,-1.1
-4.0,-4.0,-1.1
-4.0,-4.0,-1.1
-4.0,-4.0,-1.1
-4.0,-4.0,-1.1
-4.0,-4.0,-1.1
-4.0,-4.0,-1.1
-4.0,-4.0,-1.1
-4.0,-4.0,-1.1
-4.0,-4.0,-1.1
-4.0,-4.0,-1.1
-4.0,-4.0,-1.1
-4.0,-4.0,-1.1
-4.0,-4.0,-1.1
-4.0,-4.0,-1.1
-4.0,-4.0,-1.1
-4.0,-4.0,-1.1
-4.0,-4.0,-1.1
-4.0,-4.0,-1.1
-4.0,-4.0,-1.1
-4.0,-4.0,-1.1
-4.0,-4.0,-1.1
-4.0,-4.0,-1.1
-4.0,-4.0,-1.1
-4.0,-4.0,-1.1
-4.0,-4.0,-1.1
-4.0,-4.0,-1.1
-4.0,-4.0,-1.1
-4.0,-4.0,-1.1
-4.0,-4.0,-1.1
-4.0,-4.0,-1.1
-4.0,-4.0,-1.1
-4.0,-4.0,-1.1
-4.0,-4.0,-1.1
-4.0,-4.0,-1.1
-4.0,-4.0,-1.1
-4.0,-4.0,-1.1
-4.0,-4.0,-1.1
-4.0,-4.0,-1.1
-4.0,-4.0,-1.1
-4.0,-4.0,-1.1
-4.0,-4.0,-1.1
-4.0,-4.0,-1.1
-4.0,-4.0,-1.1
-4.0,-4.0,-1.1
-4.0,-4.0,-1.1
-4.0,-4.0,-1.1
-4.0,-4.0,-1.1
-4.0,-4.0,-1.1
-4.0,-4.0,-1.1
-4.0,-4.0,-1.1
-4.0,-4.0,-1.1
-4.0,-4.0,-1.1
-4.0,-4.0,-1.1
-4.0,-4.0,-1.1
-4.0,-4.0,-1.1
-4.0,-4.0,-1.1
-4.0,-4.0,-1.1
-4.0,-4.0,-1.1
-4.0,-4.0,-1.1
-4.0,-4.0,-1.1
-4.0,-4.0,-1.1
-4.0,-4.0,-1.1
-4.0,-4.0,-1.1
-4.0,-4.0,-1.1
-4.0,-4.0,-1.1
-4.0,-4.0,-1.1
-4.0,-4.0,-1.1
-4.0,-4.0,-1.1
-4.0,-4.0,-1.1
-4.0,-4.0,-1.1
-4.0,-4.0,-1.1
-4.0,-4.0,-1.1
-4.0,-4.0,-1.1
-4.0,-4.0,-1.1
-4.0,-4.0,-1.1
-4.0,-4.0,-1.1
-4.0,-4.0,-1.1
-4.0,-4.0,-1.1
-4.0,-4.0,-1.1
-4.0,-4.0,-1.1
-4.0,-4.0,-1.1
-4.0,-4.0,-1.1
-4.0,-4.0,-1.1
-4.0,-4.0,-1.1
-4.0,-4.0,-1.1
-4.0,-4.0,-1.1
-4.0,-4.0,-1.1
-4.0,-4.0,-1.1
-4.0,-4.0,-1.1
-4.0,-4.0,-1.1
-4.0,-4.0,-1.1
-4.0,-4.0,-1.1
-4.0,-4.0,-1.1
-4.0,-4.0,-1.1
-4.0,-4.0,-1.1
-4.0,-4.0,-1.1
-4.0,-4.0,-1.1
-4.0,-4.0,-1.1
-4.0,-4.0,-1.1
-4.0,-4.0,-1.1
-4.0,-4.0,-1.1
-4.0,-4.0,-1.1
-4.0,-4.0,-1.1
-4.0,-4.0,-1.1
-4.0,-4.0,-1.1
-4.0,-4.0,-1.1
-4.0,-4.0,-1.1
-4.0,-4.0,-1.1
-4.0,-4.0,-1.1
-4.0,-4.0,-1.1
-4.0,-4.0,-1.1
-4.0,-4.0,-1.1
-4.0,-4.0,-1.1
-4.0,-4.0,-1.1
-4.0,-4.0,-1.1
-4.0,-4.0,-1.1
-4.0,-4.0,-1.1
-4.0,-4.0,-1.1
-4.0,-4.0,-1.1
-4.0,-4.0,-1.1
-4.0,-4.0,-1.1
-4.0,-4.0,-1.1
-4.0,-4.0,-1.1
-4.0,-4.0,-1.1
-4.0,-4.0,-1.1
-4.0,-4.0,-1.1
-4.0,-4.0,-1.1
-4.0,-4.0,-1.1
-4.0,-4.0,-1.1
-4.0,-4.0,-1.1
-4.0,-4.0,-1.1
-4.0,-4.0,-1.1
-4.0,-4.0,-1.1
-4.0,-4.0,-1.1
-4.0,-4.0,-1.1
-4.0,-4.0,-1.1
-4.0,-4.0,-1.1
-4.0,-4.0,-1.1
-4.0,-4.0,-1.1
-4.0,-4.0,-1.1
-4.0,-4.0,-1.1
-4.0,-4.0,-1.1
-4.0,-4.0,-1.1
-4.0,-4.0,-1.1
-4.0,-4.0,-1.1
-4.0,-4.0,-1.1
-4.0,-4.0,-1.1
-4.0,-4.0,-1.1
-4.0,-4.0,-1.1
-4.0,-4.0,-1.1
-4.0,-4.0,-1.1
-4.0,-4.0,-1.1
-4.0,-4.0,-1.1
-4.0,-4.0,-1.1
-4.0,-4.0,-1.1
-4.0,-4.0,-1.1
-4.0,-4.0,-1.1
-4.0,-4.0,-1.1
-4.0,-4.0,-1.1
-4.0,-4.0,-1.1
-4.0,-4.0,-1.1
-4.0,-4.0,-1.1
-4.0,-4.0,-1.1
-4.0,-4.0,-1.1
-4.0,-4.0,-1.1
-4.0,-4.0,-1.1
-4.0,-4.0,-1.1
-4.0,-4.0,-1.1
-4.0,-4.0,-1.1
-4.0,-4.0,-1.1
-4.0,-4.0,-1.1
-4.0,-4.0,-1.1
-4.0,-4.0,-1.1
-4.0,-4.0,-1.1
-4.0,-4.0,-1.1
-4.0,-4.0,-1.1
-4.0,-4.0,-1.1
-4.0,-4.0,-1.1
-4.0,-4.0,-1.1
-4.0,-4.0,-1.1
-4.0,-4.0,-1.1
-4.0,-4.0,-1.1
-4.0,-4.0,-1.1
-4.0,-4.0,-1.1
-4.0,-4.0,-1.1
-4.0,-4.0,-1.1
-4.0,-4.0,-1.1
-4.0,-4.0,-1.1
-4.0,-4.0,-1.1
-4.0,-4.0,-1.1
-4.0,-4.0,-1.1
-4.0,-4.0,-1.1
-4.0,-4.0,-1.1
-4.0,-4.0,-1.1
-4.0,-4.0,-1.1
-4.0,-4.0,-1.1
-4.0,-4.0,-1.1
-4.0,-4.0,-1.1
-4.0,-4.0,-1.1
-4.0,-4.0,-1.1
-4.0,-4.0,-1.1
-4.0,-4.0,-1.1
-4.0,-4.0,-1.1
-4.0,-4.0,-1.1
-4.0,-4.0,-1.1
-4.0,-4.0,-1.1
-4.0,-4.0,-1.1
-4.0,-4.0,-1.1
-4.0,-4.0,-1.1
-4.0,-4.0,-1.1
-4.0,-4.0,-1.1
-4.0,-4.0,-1.1
-4.0,-4.0,-1.1
-4.0,-4.0,-1.1
-4.0,-4.0,-1.1
-4.0,-4.0,-1.1
-4.0,-4.0,-1.1
-4.0,-4.0,-1.1
-4.0,-4.0,-1.1
-4.0,-4.0,-1.1
-4.0,-4.0,-1.1
-4.0,-4.0,-1.1
-4.0,-4.0,-1.1
-4.0,-4.0,-1.1
-4.0,-4.0,-1.1
-4.0,-4.0,-1.1
-4.0,-4.0,-1.1
-4.0,-4.0,-1.1
-4.0,-4.0,-1.1
-4.0,-4.0,-1.1
-4.0,-4.0,-1.1
-4.0,-4.0,-1.1
-4.0,-4.0,-1.1
-4.0,-4.0,-1.1
-4.0,-4.0,-1.1
-4.0,-4.0,-1.1
-4.0,-4.0,-1.1
-4.0,-4.0,-1.1
-4.0,-4.0,-1.1
-4.0,-4.0,-1.1
-4.0,-4.0,-1.1
-4.0,-4.0,-1.1
-4.0,-4.0,-1.1
-4.0,-4.0,-1.1
-4.0,-4.0,-1.1
-4.0,-4.0,-1.1
-4.0,-4.0,-1.1
-4.0,-4.0,-1.1
-4.0,-4.0,-1.1
-4.0,-4.0,-1.1
-4.0,-4.0,-1.1
-4.0,-4.0,-1.1
-4.0,-4.0,-1.1
-4.0,-4.0,-1.1
-4.0,-4.0,-1.1
-4.0,-4.0,-1.1
-4.0,-4.0,-1.1
-4.0,-4.0,-1.1
-4.0,-4.0,-1.1
-4.0,-4.0,-1.1
-4.0,-4.0,-1.1
-4.0,-4.0,-1.1
-4.0,-4.0,-1.1
-4.0,-4.0,-1.1
-4.0,-4.0,-1.1
-4.0,-4.0,-1.1
-4.0,-4.0,-1.1
-4.0,-4.0,-1.1
-4.0,-4.0,-1.1
-4.0,-4.0,-1.1
-4.0,-4.0,-1.1
-4.0,-4.0,-1.1
-4.0,-4.0,-1.1
-4.0,-4.0,-1.1
-4.0,-4.0,-1.1
-4.0,-4.0,-1.1
-4.0,-4.0,-1.1
-4.0,-4.0,-1.1
-4.0,-4.0,-1.1
-4.0,-4.0,-1.1
-4.0,-4.0,-1.1
-4.0,-4.0,-1.1
-4.0,-4.0,-1.1
-4.0,-4.0,-1.1
-4.0,-4.0,-1.1
-4.0,-4.0,-1.1
-4.0,-4.0,-1.1
-4.0,-4.0,-1.1
-4.0,-4.0,-1.1
-4.0,-4.0,-1.1
-4.0,-4.0,-1.1
-4.0,-4.0,-1.1
-4.0,-4.0,-1.1
-4.0,-4.0,-1.1
-4.0,-4.0,-1.1
-4.0,-4.0,-1.1
-4.0,-4.0,-1.1
-4.0,-4.0,-1.1
-4.0,-4.0,-1.1
-4.0,-4.0,-1.1
-4.0,-4.0,-1.1
-4.0,-4.0,-1.1
-4.0,-4.0,-1.1
-4.0,-4.0,-1.1
-4.0,-4.0,-1.1
-4.0,-4.0,-1.1
-4.0,-4.0,-1.1
-4.0,-4.0,-1.1
-4.0,-4.0,-1.1
-4.0,-4.0,-1.1
-4.0,-4.0,-1.1
-4.0,-4.0,-1.1
-4.0,-4.0,-1.1
-4.0,-4.0,-1.1
-4.0,-4.0,-1.1
-4.0,-4.0,-1.1
-4.0,-4.0,-1.1
-4.0,-4.0,-1.1
-4.0,-4.0,-1.1
-4.0,-4.0,-1.1
-4.0,-4.0,-1.1
-4.0,-4.0,-1.1
-4.0,-4.0,-1.1
-4.0,-4.0,-1.1
-4.0,-4.0,-1.1
-4.0,-4.0,-1.1
-4.0,-4.0,-1.1
-4.0,-4.0,-1.1
-4.0,-4.0,-1.1
-4.0,-4.0,-1.1
-4.0,-4.0,-1.1
-4.0,-4.0,-1.1
-4.0,-4.0,-1.1
-4.0,-4.0,-1.1
-4.0,-4.0,-1.1
-4.0,-4.0,-1.1
-4.0,-4.0,-1.1
-4.0,-4.0,-1.1
-4.0,-4.0,-1.1
-4.0,-4.0,-1.1
-4.0,-4.0,-1.1
-4.0,-4.0,-1.1
-4.0,-4.0,-1.1
-4.0,-4.0,-1.1
-4.0,-4.0,-1.1
-4.0,-4.0,-1.1
-4.0,-4.0,-1.1
-4.0,-4.0,-1.1
-4.0,-4.0,-1.1
-4.0,-4.0,-1.1
-4.0,-4.0,-1.1
-4.0,-4.0,-1.1
-4.0,-4.0,-1.1
-4.0,-4.0,-1.1
-4.0,-4.0,-1.1
-4.0,-4.0,-1.1
-4.0,-4.0,-1.1
-4.0,-4.0,-1.1
-4.0,-4.0,-1.1
-4.0,-4.0,-1.1
-4.0,-4.0,-1.1
-4.0,-4.0,-1.1
-4.0,-4.0,-1.1
-4.0,-4.0,-1.1
-4.0,-4.0,-1.1
-4.0,-4.0,-1.1
-4.0,-4.0,-1.1
-4.0,-4.0,-1.1
-4.0,-4.0,-1.1
-4.0,-4.0,-1.1
-4.0,-4.0,-1.1
-4.0,-4.0,-1.1
-4.0,-4.0,-1.1
-4.0,-4.0,-1.1
-4.0,-4.0,-1.1
-4.0,-4.0,-1.1
-4.0,-4.0,-1.1
-4.0,-4.0,-1.1
-4.0,-4.0,-1.1
-4.0,-4.0,-1.1
-4.0,-4.0,-1.1
-4.0,-4.0,-1.1
-4.0,-4.0,-1.1
-4.0,-4.0,-1.1
-4.0,-4.0,-1.1
-4.0,-4.0,-1.1
-4.0,-4.0,-1.1
-4.0,-4.0,-1.1
-4.0,-4.0,-1.1
-4.0,-4.0,-1.1
-4.0,-4.0,-1.1
-4.0,-4.0,-1.1
-4.0,-4.0,-1.1
-4.0,-4.0,-1.1
-4.0,-4.0,-1.1
-4.0,-4.0,-1.1
-4.0,-4.0,-1.1
-4.0,-4.0,-1.1
-4.0,-4.0,-1.1
-4.0,-4.0,-1.1
-4.0,-4.0,-1.1
-4.0,-4.0,-1.1
-4.0,-4.0,-1.1
-4.0,-4.0,-1.1
-4.0,-4.0,-1.1
-4.0,-4.0,-1.1
-4.0,-4.0,-1.1
-4.0,-4.0,-1.1
-4.0,-4.0,-1.1
-4.0,-4.0,-1.1
-4.0,-4.0,-1.1
-4.0,-4.0,-1.1
-4.0,-4.0,-1.1
-4.0,-4.0,-1.1
-4.0,-4.0,-1.1
-4.0,-4.0,-1.1
-4.0,-4.0,-1.1
-4.0,-4.0,-1.1
-4.0,-4.0,-1.1
-4.0,-4.0,-1.1
-4.0,-4.0,-1.1
-4.0,-4.0,-1.1
-4.0,-4.0,-1.1
-4.0,-4.0,-1.1
-4.0,-4.0,-1.1
-4.0,-4.0,-1.1
-4.0,-4.0,-1.1
-4.0,-4.0,-1.1
-4.0,-4.0,-1.1
-4.0,-4.0,-1.1
-4.0,-4.0,-1.1
-4.0,-4.0,-1.1
-4.0,-4.0,-1.1
-4.0,-4.0,-1.1
-4.0,-4.0,-1.1
-4.0,-4.0,-1.1
-4.0,-4.0,-1.1
-4.0,-4.0,-1.1
-4.0,-4.0,-1.1
-4.0,-4.0,-1.1
-4.0,-4.0,-1.1
-4.0,-4.0,-1.1
-4.0,-4.0,-1.1
-4.0,-4.0,-1.1
-4.0,-4.0,-1.1
-4.0,-4.0,-1.1
-4.0,-4.0,-1.1
-4.0,-4.0,-1.1
-4.0,-4.0,-1.1
-4.0,-4.0,-1.1
-4.0,-4.0,-1.1
-4.0,-4.0,-1.1
-4.0,-4.0,-1.1
-4.0,-4.0,-1.1
-4.0,-4.0,-1.1
-4.0,-4.0,-1.1
-4.0,-4.0,-1.1
-4.0,-4.0,-1.1
-4.0,-4.0,-1.1
-4.0,-4.0,-1.1
-4.0,-4.0,-1.1
-4.0,-4.0,-1.1
-4.0,-4.0,-1.1
-4.0,-4.0,-1.1
-4.0,-4.0,-1.1
-4.0,-4.0,-1.1
-4.0,-4.0,-1.1
-4.0,-4.0,-1.1
-4.0,-4.0,-1.1
-4.0,-4.0,-1.1
-4.0,-4.0,-1.1
-4.0,-4.0,-1.1
-4.0,-4.0,-1.1
-4.0,-4.0,-1.1
-4.0,-4.0,-1.1
-4.0,-4.0,-1.1
-4.0,-4.0,-1.1
-4.0,-4.0,-1.1
-4.0,-4.0,-1.1
-4.0,-4.0,-1.1
-4.0,-4.0,-1.1
-4.0,-4.0,-1.1
-4.0,-4.0,-1.1
-4.0,-4.0,-1.1
-4.0,-4.0,-1.1
-4.0,-4.0,-1.1
-4.0,-4.0,-1.1
-4.0,-4.0,-1.1
-4.0,-4.0,-1.1
-4.0,-4.0,-1.1
-4.0,-4.0,-1.1
-4.0,-4.0,-1.1
-4.0,-4.0,-1.1
-4.0,-4.0,-1.1
-4.0,-4.0,-1.1
-4.0,-4.0,-1.1
-4.0,-4.0,-1.1
-4.0,-4.0,-1.1
-4.0,-4.0,-1.1
-4.0,-4.0,-1.1
-4.0,-4.0,-1.1
-4.0,-4.0,-1.1
-4.0,-4.0,-1.1
-4.0,-4.0,-1.1
-4.0,-4.0,-1.1
-4.0,-4.0,-1.1
-4.0,-4.0,-1.1
-4.0,-4.0,-1.1
-4.0,-4.0,-1.1
-4.0,-4.0,-1.1
-4.0,-4.0,-1.1
-4.0,-4.0,-1.1
-4.0,-4.0,-1.1
-4.0,-4.0,-1.1
-4.0,-4.0,-1.1
-4.0,-4.0,-1.1
-4.0,-4.0,-1.1
-4.0,-4.0,-1.1
-4.0,-4.0,-1.1
-4.0,-4.0,-1.1
-4.0,-4.0,-1.1
-4.0,-4.0,-1.1
-4.0,-4.0,-1.1
-4.0,-4.0,-1.1
-4.0,-4.0,-1.1
-4.0,-4.0,-1.1
-4.0,-4.0,-1.1
-4.0,-4.0,-1.1
-4.0,-4.0,-1.1
-4.0,-4.0,-1.1
-4.0,-4.0,-1.1
-4.0,-4.0,-1.1
-4.0,-4.0,-1.1
-4.0,-4.0,-1.1
-4.0,-4.0,-1.1
-4.0,-4.0,-1.1
-4.0,-4.0,-1.1
-4.0,-4.0,-1.1
-4.0,-4.0,-1.1
-4.0,-4.0,-1.1
-4.0,-4.0,-1.1
-4.0,-4.0,-1.1
-4.0,-4.0,-1.1
-4.0,-4.0,-1.1
-4.0,-4.0,-1.1
-4.0,-4.0,-1.1
-4.0,-4.0,-1.1
-4.0,-4.0,-1.1
-4.0,-4.0,-1.1
-4.0,-4.0,-1.1
-4.0,-4.0,-1.1
-4.0,-4.0,-1.1
-4.0,-4.0,-1.1
-4.0,-4.0,-1.1
-4.0,-4.0,-1.1
-4.0,-4.0,-1.1
-4.0,-4.0,-1.1
-4.0,-4.0,-1.1
-4.0,-4.0,-1.1
-4.0,-4.0,-1.1
-4.0,-4.0,-1.1
-4.0,-4.0,-1.1
-4.0,-4.0,-1.1
-4.0,-4.0,-1.1
-4.0,-4.0,-1.1
-4.0,-4.0,-1.1
-4.0,-4.0,-1.1
-4.0,-4.0,-1.1
-4.0,-4.0,-1.1
-4.0,-4.0,-1.1
-4.0,-4.0,-1.1
-4.0,-4.0,-1.1
-4.0,-4.0,-1.1
-4.0,-4.0,-1.1
-4.0,-4.0,-1.1
-4.0,-4.0,-1.1
-4.0,-4.0,-1.1
-4.0,-4.0,-1.1
-4.0,-4.0,-1.1
-4.0,-4.0,-1.1
-4.0,-4.0,-1.1
-4.0,-4.0,-1.1
-4.0,-4.0,-1.1
-4.0,-4.0,-1.1
-4.0,-4.0,-1.1
-4.0,-4.0,-1.1
-4.0,-4.0,-1.1
-4.0,-4.0,-1.1
-4.0,-4.0,-1.1
-4.0,-4.0,-1.1
-4.0,-4.0,-1.1
-4.0,-4.0,-1.1
-4.0,-4.0,-1.1
-4.0,-4.0,-1.1
-4.0,-4.0,-1.1
-4.0,-4.0,-1.1
-4.0,-4.0,-1.1
-4.0,-4.0,-1.1
-4.0,-4.0,-1.1
-4.0,-4.0,-1.1
-4.0,-4.0,-1.1
-4.0,-4.0,-1.1
-4.0,-4.0,-1.1
-4.0,-4.0,-1.1
-4.0,-4.0,-1.1
-4.0,-4.0,-1.1
-4.0,-4.0,-1.1
-4.0,-4.0,-1.1
-4.0,-4.0,-1.1
-4.0,-4.0,-1.1
-4.0,-4.0,-1.1
-4.0,-4.0,-1.1
-4.0,-4.0,-1.1
-4.0,-4.0,-1.1
-4.0,-4.0,-1.1
-4.0,-4.0,-1.1
-4.0,-4.0,-1.1
-4.0,-4.0,-1.1
-4.0,-4.0,-1.1
-4.0,-4.0,-1.1
-4.0,-4.0,-1.1
-4.0,-4.0,-1.1
-4.0,-4.0,-1.1
-4.0,-4.0,-1.1
-4.0,-4.0,-1.1
-4.0,-4.0,-1.1
-4.0,-4.0,-1.1
-4.0,-4.0,-1.1
-4.0,-4.0,-1.1
-4.0,-4.0,-1.1
-4.0,-4.0,-1.1
-4.0,-4.0,-1.1
-4.0,-4.0,-1.1
-4.0,-4.0,-1.1
-4.0,-4.0,-1.1
-4.0,-4.0,-1.1
-4.0,-4.0,-1.1
-4.0,-4.0,-1.1
-4.0,-4.0,-1.1
-4.0,-4.0,-1.1
-4.0,-4.0,-1.1
-4.0,-4.0,-1.1
-4.0,-4.0,-1.1
-4.0,-4.0,-1.1
-4.0,-4.0,-1.1
-4.0,-4.0,-1.1
-4.0,-4.0,-1.1
-4.0,-4.0,-1.1
-4.0,-4.0,-1.1
-4.0,-4.0,-1.1
-4.0,-4.0,-1.1
-4.0,-4.0,-1.1
-4.0,-4.0,-1.1
-4.0,-4.0,-1.1
-4.0,-4.0,-1.1
-4.0,-4.0,-1.1
-4.0,-4.0,-1.1
-4.0,-4.0,-1.1
-4.0,-4.0,-1.1
-4.0,-4.0,-1.1
-4.0,-4.0,-1.1
-4.0,-4.0,-1.1
-4.0,-4.0,-1.1
-4.0,-4.0,-1.1
-4.0,-4.0,-1.1
-4.0,-4.0,-1.1
-4.0,-4.0,-1.1
-4.0,-4.0,-1.1
-4.0,-4.0,-1.1
-4.0,-4.0,-1.1
-4.0,-4.0,-1.1
-4.0,-4.0,-1.1
-4.0,-4.0,-1.1
-4.0,-4.0,-1.1
-4.0,-4.0,-1.1
-4.0,-4.0,-1.1
-4.0,-4.0,-1.1
-4.0,-4.0,-1.1
-4.0,-4.0,-1.1
-4.0,-4.0,-1.1
-4.0,-4.0,-1.1
-4.0,-4.0,-1.1
-4.0,-4.0,-1.1
-4.0,-4.0,-1.1
-4.0,-4.0,-1.1
-4.0,-4.0,-1.1
-4.0,-4.0,-1.1
-4.0,-4.0,-1.1
-4.0,-4.0,-1.1
-4.0,-4.0,-1.1
-4.0,-4.0,-1.1
-4.0,-4.0,-1.1
-4.0,-4.0,-1.1
-4.0,-4.0,-1.1
-4.0,-4.0,-1.1
-4.0,-4.0,-1.1
-4.0,-4.0,-1.1
-4.0,-4.0,-1.1
-4.0,-4.0,-1.1
-4.0,-4.0,-1.1
-4.0,-4.0,-1.1
-4.0,-4.0,-1.1
-4.0,-4.0,-1.1
-4.0,-4.0,-1.1
-4.0,-4.0,-1.1
-4.0,-4.0,-1.1
-4.0,-4.0,-1.1
-4.0,-4.0,-1.1
-4.0,-4.0,-1.1
-4.0,-4.0,-1.1
-4.0,-4.0,-1.1
-4.0,-4.0,-1.1
-4.0,-4.0,-1.1
-4.0,-4.0,-1.1
-4.0,-4.0,-1.1
-4.0,-4.0,-1.1
-4.0,-4.0,-1.1
-4.0,-4.0,-1.1
-4.0,-4.0,-1.1
-4.0,-4.0,-1.1
-4.0,-4.0,-1.1
-4.0,-4.0,-1.1
-4.0,-4.0,-1.1
-4.0,-4.0,-1.1
-4.0,-4.0,-1.1
-4.0,-4.0,-1.1
-4.0,-4.0,-1.1
-4.0,-4.0,-1.1
-4.0,-4.0,-1.1
-4.0,-4.0,-1.1
-4.0,-4.0,-1.1
-4.0,-4.0,-1.1
-4.0,-4.0,-1.1
-4.0,-4.0,-1.1
-4.0,-4.0,-1.1
-4.0,-4.0,-1.1
-4.0,-4.0,-1.1
-4.0,-4.0,-1.1
-4.0,-4.0,-1.1
-4.0,-4.0,-1.1
-4.0,-4.0,-1.1
-4.0,-4.0,-1.1
-4.0,-4.0,-1.1
-4.0,-4.0,-1.1
-4.0,-4.0,-1.1
-4.0,-4.0,-1.1
-4.0,-4.0,-1.1
-4.0,-4.0,-1.1
-4.0,-4.0,-1.1
-4.0,-4.0,-1.1
-4.0,-4.0,-1.1
-4.0,-4.0,-1.1
-4.0,-4.0,-1.1
-4.0,-4.0,-1.1
-4.0,-4.0,-1.1
-4.0,-4.0,-1.1
-4.0,-4.0,-1.1
-4.0,-4.0,-1.1
-4.0,-4.0,-1.1
-4.0,-4.0,-1.1
-4.0,-4.0,-1.1
-4.0,-4.0,-1.1
-4.0,-4.0,-1.1
-4.0,-4.0,-1.1
-4.0,-4.0,-1.1
-4.0,-4.0,-1.1
-4.0,-4.0,-1.1
-4.0,-4.0,-1.1
-4.0,-4.0,-1.1
-4.0,-4.0,-1.1
-4.0,-4.0,-1.1
-4.0,-4.0,-1.1
-4.0,-4.0,-1.1
-4.0,-4.0,-1.1
-4.0,-4.0,-1.1
-4.0,-4.0,-1.1
-4.0,-4.0,-1.1
-4.0,-4.0,-1.1
-4.0,-4.0,-1.1
-4.0,-4.0,-1.1
-4.0,-4.0,-1.1
-4.0,-4.0,-1.1
-4.0,-4.0,-1.1
-4.0,-4.0,-1.1
-4.0,-4.0,-1.1
-4.0,-4.0,-1.1
-4.0,-4.0,-1.1
-4.0,-4.0,-1.1
-4.0,-4.0,-1.1
-4.0,-4.0,-1.1
-4.0,-4.0,-1.1
-4.0,-4.0,-1.1
-4.0,-4.0,-1.1
-4.0,-4.0,-1.1
-4.0,-4.0,-1.1
-4.0,-4.0,-1.1
-4.0,-4.0,-1.1
-4.0,-4.0,-1.1
-4.0,-4.0,-1.1
-4.0,-4.0,-1.1
-4.0,-4.0,-1.1
-4.0,-4.0,-1.1
-4.0,-4.0,-1.1
-4.0,-4.0,-1.1
-4.0,-4.0,-1.1
-4.0,-4.0,-1.1
-4.0,-4.0,-1.1
-4.0,-4.0,-1.1
-4.0,-4.0,-1.1
-4.0,-4.0,-1.1
-4.0,-4.0,-1.1
-4.0,-4.0,-1.1
-4.0,-4.0,-1.1
-4.0,-4.0,-1.1
-4.0,-4.0,-1.1
-4.0,-4.0,-1.1
-4.0,-4.0,-1.1
-4.0,-4.0,-1.1
-4.0,-4.0,-1.1
-4.0,-4.0,-1.1
-4.0,-4.0,-1.1
-4.0,-4.0,-1.1
-4.0,-4.0,-1.1
-4.0,-4.0,-1.1
-4.0,-4.0,-1.1
-4.0,-4.0,-1.1
-4.0,-4.0,-1.1
-4.0,-4.0,-1.1
-4.0,-4.0,-1.1
-4.0,-4.0,-1.1
-4.0,-4.0,-1.1
-4.0,-4.0,-1.1
-4.0,-4.0,-1.1
-4.0,-4.0,-1.1
-4.0,-4.0,-1.1
-4.0,-4.0,-1.1
-4.0,-4.0,-1.1
-4.0,-4.0,-1.1
-4.0,-4.0,-1.1
-4.0,-4.0,-1.1
-4.0,-4.0,-1.1
-4.0,-4.0,-1.1
-4.0,-4.0,-1.1
-4.0,-4.0,-1.1
-4.0,-4.0,-1.1
-4.0,-4.0,-1.1
-4.0,-4.0,-1.1
-4.0,-4.0,-1.1
-4.0,-4.0,-1.1
-4.0,-4.0,-1.1
-4.0,-4.0,-1.1
-4.0,-4.0,-1.1
-4.0,-4.0,-1.1
-4.0,-4.0,-1.1
-4.0,-4.0,-1.1
-4.0,-4.0,-1.1
-4.0,-4.0,-1.1
-4.0,-4.0,-1.1
-4.0,-4.0,-1.1
-4.0,-4.0,-1.1
-4.0,-4.0,-1.1
-4.0,-4.0,-1.1
-4.0,-4.0,-1.1
-4.0,-4.0,-1.1
-4.0,-4.0,-1.1
-4.0,-4.0,-1.1
-4.0,-4.0,-1.1
-4.0,-4.0,-1.1
-4.0,-4.0,-1.1
-4.0,-4.0,-1.1
-4.0,-4.0,-1.1
-4.0,-4.0,-1.1
-4.0,-4.0,-1.1
-4.0,-4.0,-1.1
-4.0,-4.0,-1.1
-4.0,-4.0,-1.1
-4.0,-4.0,-1.1
-4.0,-4.0,-1.1
-4.0,-4.0,-1.1
-4.0,-4.0,-1.1
-4.0,-4.0,-1.1
-4.0,-4.0,-1.1
-4.0,-4.0,-1.1
-4.0,-4.0,-1.1
-4.0,-4.0,-1.1
-4.0,-4.0,-1.1
-4.0,-4.0,-1.1
-4.0,-4.0,-1.1
-4.0,-4.0,-1.1
-4.0,-4.0,-1.1
-4.0,-4.0,-1.1
-4.0,-4.0,-1.1
-4.0,-4.0,-1.1
-4.0,-4.0,-1.1
-4.0,-4.0,-1.1
-4.0,-4.0,-1.1
-4.0,-4.0,-1.1
-4.0,-4.0,-1.1
-4.0,-4.0,-1.1
-4.0,-4.0,-1.1
-4.0,-4.0,-1.1
-4.0,-4.0,-1.1
-4.0,-4.0,-1.1
-4.0,-4.0,-1.1
-4.0,-4.0,-1.1
-4.0,-4.0,-1.1
-4.0,-4.0,-1.1
-4.0,-4.0,-1.1
-4.0,-4.0,-1.1
-4.0,-4.0,-1.1
-4.0,-4.0,-1.1
-4.0,-4.0,-1.1
-4.0,-4.0,-1.1
-4.0,-4.0,-1.1
-4.0,-4.0,-1.1
-4.0,-4.0,-1.1
-4.0,-4.0,-1.1
-4.0,-4.0,-1.1
-4.0,-4.0,-1.1
-4.0,-4.0,-1.1
-4.0,-4.0,-1.1
-4.0,-4.0,-1.1
-4.0,-4.0,-1.1
-4.0,-4.0,-1.1
-4.0,-4.0,-1.1
-4.0,-4.0,-1.1
-4.0,-4.0,-1.1
-4.0,-4.0,-1.1
-4.0,-4.0,-1.1
-4.0,-4.0,-1.1
-4.0,-4.0,-1.1
-4.0,-4.0,-1.1
-4.0,-4.0,-1.1
-4.0,-4.0,-1.1
-4.0,-4.0,-1.1
-4.0,-4.0,-1.1
-4.0,-4.0,-1.1
-4.0,-4.0,-1.1
-4.0,-4.0,-1.1
-4.0,-4.0,-1.1
-4.0,-4.0,-1.1
-4.0,-4.0,-1.1
-4.0,-4.0,-1.1
-4.0,-4.0,-1.1
-4.0,-4.0,-1.1
-4.0,-4.0,-1.1
-4.0,-4.0,-1.1
-4.0,-4.0,-1.1
-4.0,-4.0,-1.1
-4.0,-4.0,-1.1
-4.0,-4.0,-1.1
-4.0,-4.0,-1.1
-4.0,-4.0,-1.1
-4.0,-4.0,-1.1
-4.0,-4.0,-1.1
-4.0,-4.0,-1.1
-4.0,-4.0,-1.1
-4.0,-4.0,-1.1
-4.0,-4.0,-1.1
-4.0,-4.0,-1.1
-4.0,-4.0,-1.1
-4.0,-4.0,-1.1
-4.0,-4.0,-1.1
-4.0,-4.0,-1.1
-4.0,-4.0,-1.1
-4.0,-4.0,-1.1
-4.0,-4.0,-1.1
-4.0,-4.0,-1.1
-4.0,-4.0,-1.1
-4.0,-4.0,-1.1
-4.0,-4.0,-1.1
-4.0,-4.0,-1.1
-4.0,-4.0,-1.1
-4.0,-4.0,-1.1
-4.0,-4.0,-1.1
-4.0,-4.0,-1.1
-4.0,-4.0,-1.1
-4.0,-4.0,-1.1
-4.0,-4.0,-1.1
-4.0,-4.0,-1.1
-4.0,-4.0,-1.1
-4.0,-4.0,-1.1
-4.0,-4.0,-1.1
-4.0,-4.0,-1.1
-4.0,-4.0,-1.1
-4.0,-4.0,-1.1
-4.0,-4.0,-1.1
-4.0,-4.0,-1.1
-4.0,-4.0,-1.1
-4.0,-4.0,-1.1
-4.0,-4.0,-1.1
-4.0,-4.0,-1.1
-4.0,-4.0,-1.1
-4.0,-4.0,-1.1
-4.0,-4.0,-1.1
-4.0,-4.0,-1.1
-4.0,-4.0,-1.1
-4.0,-4.0,-1.1
-4.0,-4.0,-1.1
-4.0,-4.0,-1.1
-4.0,-4.0,-1.1
-4.0,-4.0,-1.1
-4.0,-4.0,-1.1
-4.0,-4.0,-1.1
-4.0,-4.0,-1.1
-4.0,-4.0,-1.1
-4.0,-4.0,-1.1
-4.0,-4.0,-1.1
-4.0,-4.0,-1.1
-4.0,-4.0,-1.1
-4.0,-4.0,-1.1
-4.0,-4.0,-1.1
-4.0,-4.0,-1.1
-4.0,-4.0,-1.1
-4.0,-4.0,-1.1
-4.0,-4.0,-1.1
-4.0,-4.0,-1.1
-4.0,-4.0,-1.1
-4.0,-4.0,-1.1
-4.0,-4.0,-1.1
-4.0,-4.0,-1.1
-4.0,-4.0,-1.1
-4.0,-4.0,-1.1
-4.0,-4.0,-1.1
-4.0,-4.0,-1.1
-4.0,-4.0,-1.1
-4.0,-4.0,-1.1
-4.0,-4.0,-1.1
-4.0,-4.0,-1.1
-4.0,-4.0,-1.1
-4.0,-4.0,-1.1
-4.0,-4.0,-1.1
-4.0,-4.0,-1.1
-4.0,-4.0,-1.1
-4.0,-4.0,-1.1
-4.0,-4.0,-1.1
-4.0,-4.0,-1.1
-4.0,-4.0,-1.1
-4.0,-4.0,-1.1
-4.0,-4.0,-1.1
-4.0,-4.0,-1.1
-4.0,-4.0,-1.1
-4.0,-4.0,-1.1
-4.0,-4.0,-1.1
-4.0,-4.0,-1.1
-4.0,-4.0,-1.1
-4.0,-4.0,-1.1
-4.0,-4.0,-1.1
-4.0,-4.0,-1.1
-4.0,-4.0,-1.1
-4.0,-4.0,-1.1
-4.0,-4.0,-1.1
-4.0,-4.0,-1.1
-4.0,-4.0,-1.1
-4.0,-4.0,-1.1
-4.0,-4.0,-1.1
-4.0,-4.0,-1.1
-4.0,-4.0,-1.1
-4.0,-4.0,-1.1
-4.0,-4.0,-1.1
-4.0,-4.0,-1.1
-4.0,-4.0,-1.1
-4.0,-4.0,-1.1
-4.0,-4.0,-1.1
-4.0,-4.0,-1.1
-4.0,-4.0,-1.1
-4.0,-4.0,-1.1
-4.0,-4.0,-1.1
-4.0,-4.0,-1.1
-4.0,-4.0,-1.1
-4.0,-4.0,-1.1
-4.0,-4.0,-1.1
-4.0,-4.0,-1.1
-4.0,-4.0,-1.1
-4.0,-4.0,-1.1
-4.0,-4.0,-1.1
-4.0,-4.0,-1.1
-4.0,-4.0,-1.1
-4.0,-4.0,-1.1
-4.0,-4.0,-1.1
-4.0,-4.0,-1.1
-4.0,-4.0,-1.1
-4.0,-4.0,-1.1
-4.0,-4.0,-1.1
-4.0,-4.0,-1.1
-4.0,-4.0,-1.1
-4.0,-4.0,-1.1
-4.0,-4.0,-1.1
-4.0,-4.0,-1.1
-4.0,-4.0,-1.1
-4.0,-4.0,-1.1
-4.0,-4.0,-1.1
-4.0,-4.0,-1.1
-4.0,-4.0,-1.1
-4.0,-4.0,-1.1
-4.0,-4.0,-1.1
-4.0,-4.0,-1.1
-4.0,-4.0,-1.1
-4.0,-4.0,-1.1
-4.0,-4.0,-1.1
-4.0,-4.0,-1.1
-4.0,-4.0,-1.1
-4.0,-4.0,-1.1
-4.0,-4.0,-1.1
-4.0,-4.0,-1.1
-4.0,-4.0,-1.1
-4.0,-4.0,-1.1
-4.0,-4.0,-1.1
-4.0,-4.0,-1.1
-4.0,-4.0,-1.1
-4.0,-4.0,-1.1
-4.0,-4.0,-1.1
-4.0,-4.0,-1.1
-4.0,-4.0,-1.1
-4.0,-4.0,-1.1
-4.0,-4.0,-1.1
-4.0,-4.0,-1.1
-4.0,-4.0,-1.1
-4.0,-4.0,-1.1
-4.0,-4.0,-1.1
-4.0,-4.0,-1.1
-4.0,-4.0,-1.1
-4.0,-4.0,-1.1
-4.0,-4.0,-1.1
-4.0,-4.0,-1.1
-4.0,-4.0,-1.1
-4.0,-4.0,-1.1
-4.0,-4.0,-1.1
-4.0,-4.0,-1.1
-4.0,-4.0,-1.1
-4.0,-4.0,-1.1
-4.0,-4.0,-1.1
-4.0,-4.0,-1.1
-4.0,-4.0,-1.1
-4.0,-4.0,-1.1
-4.0,-4.0,-1.1
-4.0,-4.0,-1.1
-4.0,-4.0,-1.1
-4.0,-4.0,-1.1
-4.0,-4.0,-1.1
-4.0,-4.0,-1.1
-4.0,-4.0,-1.1
-4.0,-4.0,-1.1
-4.0,-4.0,-1.1
-4.0,-4.0,-1.1
-4.0,-4.0,-1.1
-4.0,-4.0,-1.1
-4.0,-4.0,-1.1
-4.0,-4.0,-1.1
-4.0,-4.0,-1.1
-4.0,-4.0,-1.1
-4.0,-4.0,-1.1
-4.0,-4.0,-1.1
-4.0,-4.0,-1.1
-4.0,-4.0,-1.1
-4.0,-4.0,-1.1
-4.0,-4.0,-1.1
-4.0,-4.0,-1.1
-4.0,-4.0,-1.1
-4.0,-4.0,-1.1
-4.0,-4.0,-1.1
-4.0,-4.0,-1.1
-4.0,-4.0,-1.1
-4.0,-4.0,-1.1
-4.0,-4.0,-1.1
-4.0,-4.0,-1.1
-4.0,-4.0,-1.1
-4.0,-4.0,-1.1
-4.0,-4.0,-1.1
-4.0,-4.0,-1.1
-4.0,-4.0,-1.1
-4.0,-4.0,-1.1
-4.0,-4.0,-1.1
-4.0,-4.0,-1.1
-4.0,-4.0,-1.1
-4.0,-4.0,-1.1
-4.0,-4.0,-1.1
-4.0,-4.0,-1.1
-4.0,-4.0,-1.1
-4.0,-4.0,-1.1
-4.0,-4.0,-1.1
-4.0,-4.0,-1.1
-4.0,-4.0,-1.1
-4.0,-4.0,-1.1
-4.0,-4.0,-1.1
-4.0,-4.0,-1.1
-4.0,-4.0,-1.1
-4.0,-4.0,-1.1
-4.0,-4.0,-1.1
-4.0,-4.0,-1.1
-4.0,-4.0,-1.1
-4.0,-4.0,-1.1
-4.0,-4.0,-1.1
-4.0,-4.0,-1.1
-4.0,-4.0,-1.1
-4.0,-4.0,-1.1
-4.0,-4.0,-1.1
-4.0,-4.0,-1.1
-4.0,-4.0,-1.1
-4.0,-4.0,-1.1
-4.0,-4.0,-1.1
-4.0,-4.0,-1.1
-4.0,-4.0,-1.1
-4.0,-4.0,-1.1
-4.0,-4.0,-1.1
-4.0,-4.0,-1.1
-4.0,-4.0,-1.1
-4.0,-4.0,-1.1
-4.0,-4.0,-1.1
-4.0,-4.0,-1.1
-4.0,-4.0,-1.1
-4.0,-4.0,-1.1
-4.0,-4.0,-1.1
-4.0,-4.0,-1.1
-4.0,-4.0,-1.1
-4.0,-4.0,-1.1
-4.0,-4.0,-1.1
-4.0,-4.0,-1.1
-4.0,-4.0,-1.1
-4.0,-4.0,-1.1
-4.0,-4.0,-1.1
-4.0,-4.0,-1.1
-4.0,-4.0,-1.1
-4.0,-4.0,-1.1
-4.0,-4.0,-1.1
-4.0,-4.0,-1.1
-4.0,-4.0,-1.1
-4.0,-4.0,-1.1
-4.0,-4.0,-1.1
-4.0,-4.0,-1.1
-4.0,-4.0,-1.1
-4.0,-4.0,-1.1
-4.0,-4.0,-1.1
-4.0,-4.0,-1.1
-4.0,-4.0,-1.1
-4.0,-4.0,-1.1
-4.0,-4.0,-1.1
-4.0,-4.0,-1.1
-4.0,-4.0,-1.1
-4.0,-4.0,-1.1
-4.0,-4.0,-1.1
-4.0,-4.0,-1.1
-4.0,-4.0,-1.1
-4.0,-4.0,-1.1
-4.0,-4.0,-1.1
-4.0,-4.0,-1.1
-4.0,-4.0,-1.1
-4.0,-4.0,-1.1
-4.0,-4.0,-1.1
-4.0,-4.0,-1.1
-4.0,-4.0,-1.1
-4.0,-4.0,-1.1
-4.0,-4.0,-1.1
-4.0,-4.0,-1.1
-4.0,-4.0,-1.1
-4.0,-4.0,-1.1
-4.0,-4.0,-1.1
-4.0,-4.0,-1.1
-4.0,-4.0,-1.1
-4.0,-4.0,-1.1
-4.0,-4.0,-1.1
-4.0,-4.0,-1.1
-4.0,-4.0,-1.1
-4.0,-4.0,-1.1
-4.0,-4.0,-1.1
-4.0,-4.0,-1.1
-4.0,-4.0,-1.1
-4.0,-4.0,-1.1
-4.0,-4.0,-1.1
-4.0,-4.0,-1.1
-4.0,-4.0,-1.1
-4.0,-4.0,-1.1
-4.0,-4.0,-1.1
-4.0,-4.0,-1.1
-4.0,-4.0,-1.1
-4.0,-4.0,-1.1
-4.0,-4.0,-1.1
-4.0,-4.0,-1.1
-4.0,-4.0,-1.1
-4.0,-4.0,-1.1
-4.0,-4.0,-1.1
-4.0,-4.0,-1.1
-4.0,-4.0,-1.1
-4.0,-4.0,-1.1
-4.0,-4.0,-1.1
-4.0,-4.0,-1.1
-4.0,-4.0,-1.1
-4.0,-4.0,-1.1
-4.0,-4.0,-1.1
-4.0,-4.0,-1.1
-4.0,-4.0,-1.1
-4.0,-4.0,-1.1
-4.0,-4.0,-1.1
-4.0,-4.0,-1.1
-4.0,-4.0,-1.1
-4.0,-4.0,-1.1
-4.0,-4.0,-1.1
-4.0,-4.0,-1.1
-4.0,-4.0,-1.1
-4.0,-4.0,-1.1
-4.0,-4.0,-1.1
-4.0,-4.0,-1.1
-4.0,-4.0,-1.1
-4.0,-4.0,-1.1
-4.0,-4.0,-1.1
-4.0,-4.0,-1.1
-4.0,-4.0,-1.1
-4.0,-4.0,-1.1
-4.0,-4.0,-1.1
-4.0,-4.0,-1.1
-4.0,-4.0,-1.1
-4.0,-4.0,-1.1
-4.0,-4.0,-1.1
-4.0,-4.0,-1.1
-4.0,-4.0,-1.1
-4.0,-4.0,-1.1
-4.0,-4.0,-1.1
-4.0,-4.0,-1.1
-4.0,-4.0,-1.1
-4.0,-4.0,-1.1
-4.0,-4.0,-1.1
-4.0,-4.0,-1.1
-4.0,-4.0,-1.1
-4.0,-4.0,-1.1
-4.0,-4.0,-1.1
-4.0,-4.0,-1.1
-4.0,-4.0,-1.1
-4.0,-4.0,-1.1
-4.0,-4.0,-1.1
-4.0,-4.0,-1.1
-4.0,-4.0,-1.1
-4.0,-4.0,-1.1
-4.0,-4.0,-1.1
-4.0,-4.0,-1.1
-4.0,-4.0,-1.1
-4.0,-4.0,-1.1
-4.0,-4.0,-1.1
-4.0,-4.0,-1.1
-4.0,-4.0,-1.1
-4.0,-4.0,-1.1
-4.0,-4.0,-1.1
-4.0,-4.0,-1.1
-4.0,-4.0,-1.1
-4.0,-4.0,-1.1
-4.0,-4.0,-1.1
-4.0,-4.0,-1.1
-4.0,-4.0,-1.1
-4.0,-4.0,-1.1
-4.0,-4.0,-1.1
-4.0,-4.0,-1.1
-4.0,-4.0,-1.1
-4.0,-4.0,-1.1
-4.0,-4.0,-1.1
-4.0,-4.0,-1.1
-4.0,-4.0,-1.1
-4.0,-4.0,-1.1
-4.0,-4.0,-1.1
-4.0,-4.0,-1.1
-4.0,-4.0,-1.1
-4.0,-4.0,-1.1
-4.0,-4.0,-1.1
-4.0,-4.0,-1.1
-4.0,-4.0,-1.1
-4.0,-4.0,-1.1
-4.0,-4.0,-1.1
-4.0,-4.0,-1.1
-4.0,-4.0,-1.1
-4.0,-4.0,-1.1
-4.0,-4.0,-1.1
-4.0,-4.0,-1.1
-4.0,-4.0,-1.1
-4.0,-4.0,-1.1
-4.0,-4.0,-1.1
-4.0,-4.0,-1.1
-4.0,-4.0,-1.1
-4.0,-4.0,-1.1
-4.0,-4.0,-1.1
-4.0,-4.0,-1.1
-4.0,-4.0,-1.1
-4.0,-4.0,-1.1
-4.0,-4.0,-1.1
-4.0,-4.0,-1.1
-4.0,-4.0,-1.1
-4.0,-4.0,-1.1
-4.0,-4.0,-1.1
-4.0,-4.0,-1.1
-4.0,-4.0,-1.1
-4.0,-4.0,-1.1
-4.0,-4.0,-1.1
-4.0,-4.0,-1.1
-4.0,-4.0,-1.1
-4.0,-4.0,-1.1
-4.0,-4.0,-1.1
-4.0,-4.0,-1.1
-4.0,-4.0,-1.1
-4.0,-4.0,-1.1
-4.0,-4.0,-1.1
-4.0,-4.0,-1.1
-4.0,-4.0,-1.1
-4.0,-4.0,-1.1
-4.0,-4.0,-1.1
-4.0,-4.0,-1.1
-4.0,-4.0,-1.1
-4.0,-4.0,-1.1
-4.0,-4.0,-1.1
-4.0,-4.0,-1.1
-4.0,-4.0,-1.1
-4.0,-4.0,-1.1
-4.0,-4.0,-1.1
-4.0,-4.0,-1.1
-4.0,-4.0,-1.1
-4.0,-4.0,-1.1
-4.0,-4.0,-1.1
-4.0,-4.0,-1.1
-4.0,-4.0,-1.1
-4.0,-4.0,-1.1
-4.0,-4.0,-1.1
-4.0,-4.0,-1.1
-4.0,-4.0,-1.1
-4.0,-4.0,-1.1
-4.0,-4.0,-1.1
-4.0,-4.0,-1.1
-4.0,-4.0,-1.1
-4.0,-4.0,-1.1
-4.0,-4.0,-1.1
-4.0,-4.0,-1.1
-4.0,-4.0,-1.1
-4.0,-4.0,-1.1
-4.0,-4.0,-1.1
-4.0,-4.0,-1.1
-4.0,-4.0,-1.1
-4.0,-4.0,-1.1
-4.0,-4.0,-1.1
-4.0,-4.0,-1.1
-4.0,-4.0,-1.1
-4.0,-4.0,-1.1
-4.0,-4.0,-1.1
-4.0,-4.0,-1.1
-4.0,-4.0,-1.1
-4.0,-4.0,-1.1
-4.0,-4.0,-1.1
-4.0,-4.0,-1.1
-4.0,-4.0,-1.1
-4.0,-4.0,-1.1
-4.0,-4.0,-1.1
-4.0,-4.0,-1.1
-4.0,-4.0,-1.1
-4.0,-4.0,-1.1
-4.0,-4.0,-1.1
-4.0,-4.0,-1.1
-4.0,-4.0,-1.1
-4.0,-4.0,-1.1
-4.0,-4.0,-1.1
-4.0,-4.0,-1.1
-4.0,-4.0,-1.1
-4.0,-4.0,-1.1
-4.0,-4.0,-1.1
-4.0,-4.0,-1.1
-4.0,-4.0,-1.1
-4.0,-4.0,-1.1
-4.0,-4.0,-1.1
-4.0,-4.0,-1.1
-4.0,-4.0,-1.1
-4.0,-4.0,-1.1
-4.0,-4.0,-1.1
-4.0,-4.0,-1.1
-4.0,-4.0,-1.1
-4.0,-4.0,-1.1
-4.0,-4.0,-1.1
-4.0,-4.0,-1.1
-4.0,-4.0,-1.1
-4.0,-4.0,-1.1
-4.0,-4.0,-1.1
-4.0,-4.0,-1.1
-4.0,-4.0,-1.1
-4.0,-4.0,-1.1
-4.0,-4.0,-1.1
-4.0,-4.0,-1.1
-4.0,-4.0,-1.1
-4.0,-4.0,-1.1
-4.0,-4.0,-1.1
-4.0,-4.0,-1.1
-4.0,-4.0,-1.1
-4.0,-4.0,-1.1
-4.0,-4.0,-1.1
-4.0,-4.0,-1.1
-4.0,-4.0,-1.1
-4.0,-4.0,-1.1
-4.0,-4.0,-1.1
-4.0,-4.0,-1.1
-4.0,-4.0,-1.1
-4.0,-4.0,-1.1
-4.0,-4.0,-1.1
-4.0,-4.0,-1.1
-4.0,-4.0,-1.1
-4.0,-4.0,-1.1
-4.0,-4.0,-1.1
-4.0,-4.0,-1.1
-4.0,-4.0,-1.1
-4.0,-4.0,-1.1
-4.0,-4.0,-1.1
-4.0,-4.0,-1.1
-4.0,-4.0,-1.1
-4.0,-4.0,-1.1
-4.0,-4.0,-1.1
-4.0,-4.0,-1.1
-4.0,-4.0,-1.1
-4.0,-4.0,-1.1
-4.0,-4.0,-1.1
-4.0,-4.0,-1.1
-4.0,-4.0,-1.1
-4.0,-4.0,-1.1
-4.0,-4.0,-1.1
-4.0,-4.0,-1.1
-4.0,-4.0,-1.1
-4.0,-4.0,-1.1
-4.0,-4.0,-1.1
-4.0,-4.0,-1.1
-4.0,-4.0,-1.1
-4.0,-4.0,-1.1
-4.0,-4.0,-1.1
-4.0,-4.0,-1.1
-4.0,-4.0,-1.1
-4.0,-4.0,-1.1
-4.0,-4.0,-1.1
-4.0,-4.0,-1.1
-4.0,-4.0,-1.1
-4.0,-4.0,-1.1
-4.0,-4.0,-1.1
-4.0,-4.0,-1.1
-4.0,-4.0,-1.1
-4.0,-4.0,-1.1
-4.0,-4.0,-1.1
-4.0,-4.0,-1.1
-4.0,-4.0,-1.1
-4.0,-4.0,-1.1
-4.0,-4.0,-1.1
-4.0,-4.0,-1.1
-4.0,-4.0,-1.1
-4.0,-4.0,-1.1
-4.0,-4.0,-1.1
-4.0,-4.0,-1.1
-4.0,-4.0,-1.1
-4.0,-4.0,-1.1
-4.0,-4.0,-1.1
-4.0,-4.0,-1.1
-4.0,-4.0,-1.1
-4.0,-4.0,-1.1
-4.0,-4.0,-1.1
-4.0,-4.0,-1.1
-4.0,-4.0,-1.1
-4.0,-4.0,-1.1
-4.0,-4.0,-1.1
-4.0,-4.0,-1.1
-4.0,-4.0,-1.1
-4.0,-4.0,-1.1
-4.0,-4.0,-1.1
-4.0,-4.0,-1.1
-4.0,-4.0,-1.1
-4.0,-4.0,-1.1
-4.0,-4.0,-1.1
-4.0,-4.0,-1.1
-4.0,-4.0,-1.1
-4.0,-4.0,-1.1
-4.0,-4.0,-1.1
-4.0,-4.0,-1.1
-4.0,-4.0,-1.1
-4.0,-4.0,-1.1
-4.0,-4.0,-1.1
-4.0,-4.0,-1.1
-4.0,-4.0,-1.1
-4.0,-4.0,-1.1
-4.0,-4.0,-1.1
-4.0,-4.0,-1.1
-4.0,-4.0,-1.1
-4.0,-4.0,-1.1
-4.0,-4.0,-1.1
-4.0,-4.0,-1.1
-4.0,-4.0,-1.1
-4.0,-4.0,-1.1
-4.0,-4.0,-1.1
-4.0,-4.0,-1.1
-4.0,-4.0,-1.1
-4.0,-4.0,-1.1
-4.0,-4.0,-1.1
-4.0,-4.0,-1.1
-4.0,-4.0,-1.1
-4.0,-4.0,-1.1
-4.0,-4.0,-1.1
-4.0,-4.0,-1.1
-4.0,-4.0,-1.1
-4.0,-4.0,-1.1
-4.0,-4.0,-1.1
-4.0,-4.0,-1.1
-4.0,-4.0,-1.1
-4.0,-4.0,-1.1
-4.0,-4.0,-1.1
-4.0,-4.0,-1.1
-4.0,-4.0,-1.1
-4.0,-4.0,-1.1
-4.0,-4.0,-1.1
-4.0,-4.0,-1.1
-4.0,-4.0,-1.1
-4.0,-4.0,-1.1
-4.0,-4.0,-1.1
-4.0,-4.0,-1.1
-4.0,-4.0,-1.1
-4.0,-4.0,-1.1
-4.0,-4.0,-1.1
-4.0,-4.0,-1.1
-4.0,-4.0,-1.1
-4.0,-4.0,-1.1
-4.0,-4.0,-1.1
-4.0,-4.0,-1.1
-4.0,-4.0,-1.1
-4.0,-4.0,-1.1
-4.0,-4.0,-1.1
-4.0,-4.0,-1.1
-4.0,-4.0,-1.1
-4.0,-4.0,-1.1
-4.0,-4.0,-1.1
-4.0,-4.0,-1.1
-4.0,-4.0,-1.1
-4.0,-4.0,-1.1
-4.0,-4.0,-1.1
-4.0,-4.0,-1.1
-4.0,-4.0,-1.1
-4.0,-4.0,-1.1
-4.0,-4.0,-1.1
-4.0,-4.0,-1.1
-4.0,-4.0,-1.1
-4.0,-4.0,-1.1
-4.0,-4.0,-1.1
-4.0,-4.0,-1.1
-4.0,-4.0,-1.1
-4.0,-4.0,-1.1
-4.0,-4.0,-1.1
-4.0,-4.0,-1.1
-4.0,-4.0,-1.1
-4.0,-4.0,-1.1
-4.0,-4.0,-1.1
-4.0,-4.0,-1.1
-4.0,-4.0,-1.1
-4.0,-4.0,-1.1
-4.0,-4.0,-1.1
-4.0,-4.0,-1.1
-4.0,-4.0,-1.1
-4.0,-4.0,-1.1
-4.0,-4.0,-1.1
-4.0,-4.0,-1.1
-4.0,-4.0,-1.1
-4.0,-4.0,-1.1
-4.0,-4.0,-1.1
-4.0,-4.0,-1.1
-4.0,-4.0,-1.1
-4.0,-4.0,-1.1
-4.0,-4.0,-1.1
-4.0,-4.0,-1.1
-4.0,-4.0,-1.1
-4.0,-4.0,-1.1
-4.0,-4.0,-1.1
-4.0,-4.0,-1.1
-4.0,-4.0,-1.1
-4.0,-4.0,-1.1
-4.0,-4.0,-1.1
-4.0,-4.0,-1.1
-4.0,-4.0,-1.1
-4.0,-4.0,-1.1
-4.0,-4.0,-1.1
-4.0,-4.0,-1.1
-4.0,-4.0,-1.1
-4.0,-4.0,-1.1
-4.0,-4.0,-1.1
-4.0,-4.0,-1.1
-4.0,-4.0,-1.1
-4.0,-4.0,-1.1
-4.0,-4.0,-1.1
-4.0,-4.0,-1.1
-4.0,-4.0,-1.1
-4.0,-4.0,-1.1
-4.0,-4.0,-1.1
-4.0,-4.0,-1.1
-4.0,-4.0,-1.1
-4.0,-4.0,-1.1
-4.0,-4.0,-1.1
-4.0,-4.0,-1.1
-4.0,-4.0,-1.1
-4.0,-4.0,-1.1
-4.0,-4.0,-1.1
-4.0,-4.0,-1.1
-4.0,-4.0,-1.1
-4.0,-4.0,-1.1
-4.0,-4.0,-1.1
-4.0,-4.0,-1.1
-4.0,-4.0,-1.1
-4.0,-4.0,-1.1
-4.0,-4.0,-1.1
-4.0,-4.0,-1.1
-4.0,-4.0,-1.1
-4.0,-4.0,-1.1
-4.0,-4.0,-1.1
-4.0,-4.0,-1.1
-4.0,-4.0,-1.1
-4.0,-4.0,-1.1
-4.0,-4.0,-1.1
-4.0,-4.0,-1.1
-4.0,-4.0,-1.1
-4.0,-4.0,-1.1
-4.0,-4.0,-1.1
-4.0,-4.0,-1.1
-4.0,-4.0,-1.1
-4.0,-4.0,-1.1
-4.0,-4.0,-1.1
-4.0,-4.0,-1.1
-4.0,-4.0,-1.1
-4.0,-4.0,-1.1
-4.0,-4.0,-1.1
-4.0,-4.0,-1.1
-4.0,-4.0,-1.1
-4.0,-4.0,-1.1
-4.0,-4.0,-1.1
-4.0,-4.0,-1.1
-4.0,-4.0,-1.1
-4.0,-4.0,-1.1
-4.0,-4.0,-1.1
-4.0,-4.0,-1.1
-4.0,-4.0,-1.1
-4.0,-4.0,-1.1
-4.0,-4.0,-1.1
-4.0,-4.0,-1.1
-4.0,-4.0,-1.1
-4.0,-4.0,-1.1
-4.0,-4.0,-1.1
-4.0,-4.0,-1.1
-4.0,-4.0,-1.1
-4.0,-4.0,-1.1
-4.0,-4.0,-1.1
-4.0,-4.0,-1.1
-4.0,-4.0,-1.1
-4.0,-4.0,-1.1
-4.0,-4.0,-1.1
-4.0,-4.0,-1.1
-4.0,-4.0,-1.1
-4.0,-4.0,-1.1
-4.0,-4.0,-1.1
-4.0,-4.0,-1.1
-4.0,-4.0,-1.1
-4.0,-4.0,-1.1
-4.0,-4.0,-1.1
-4.0,-4.0,-1.1
-4.0,-4.0,-1.1
-4.0,-4.0,-1.1
-4.0,-4.0,-1.1
-4.0,-4.0,-1.1
-4.0,-4.0,-1.1
-4.0,-4.0,-1.1
-4.0,-4.0,-1.1
-4.0,-4.0,-1.1
-4.0,-4.0,-1.1
-4.0,-4.0,-1.1
-4.0,-4.0,-1.1
-4.0,-4.0,-1.1
-4.0,-4.0,-1.1
-4.0,-4.0,-1.1
-4.0,-4.0,-1.1
-4.0,-4.0,-1.1
-4.0,-4.0,-1.1
-4.0,-4.0,-1.1
-4.0,-4.0,-1.1
-4.0,-4.0,-1.1
-4.0,-4.0,-1.1
-4.0,-4.0,-1.1
-4.0,-4.0,-1.1
-4.0,-4.0,-1.1
-4.0,-4.0,-1.1
-4.0,-4.0,-1.1
-4.0,-4.0,-1.1
-4.0,-4.0,-1.1
-4.0,-4.0,-1.1
-4.0,-4.0,-1.1
-4.0,-4.0,-1.1
-4.0,-4.0,-1.1
-4.0,-4.0,-1.1
-4.0,-4.0,-1.1
-4.0,-4.0,-1.1
-4.0,-4.0,-1.1
-4.0,-4.0,-1.1
-4.0,-4.0,-1.1
-4.0,-4.0,-1.1
-4.0,-4.0,-1.1
-4.0,-4.0,-1.1
-4.0,-4.0,-1.1
-4.0,-4.0,-1.1
-4.0,-4.0,-1.1
-4.0,-4.0,-1.1
-4.0,-4.0,-1.1
-4.0,-4.0,-1.1
-4.0,-4.0,-1.1
-4.0,-4.0,-1.1
-4.0,-4.0,-1.1
-4.0,-4.0,-1.1
-4.0,-4.0,-1.1
-4.0,-4.0,-1.1
-4.0,-4.0,-1.1
-4.0,-4.0,-1.1
-4.0,-4.0,-1.1
-4.0,-4.0,-1.1
-4.0,-4.0,-1.1
-4.0,-4.0,-1.1
-4.0,-4.0,-1.1
-4.0,-4.0,-1.1
-4.0,-4.0,-1.1
-4.0,-4.0,-1.1
-4.0,-4.0,-1.1
-4.0,-4.0,-1.1
-4.0,-4.0,-1.1
-4.0,-4.0,-1.1
-4.0,-4.0,-1.1
-4.0,-4.0,-1.1
-4.0,-4.0,-1.1
-4.0,-4.0,-1.1
-4.0,-4.0,-1.1
-4.0,-4.0,-1.1
-4.0,-4.0,-1.1
-4.0,-4.0,-1.1
-4.0,-4.0,-1.1
-4.0,-4.0,-1.1
-4.0,-4.0,-1.1
-4.0,-4.0,-1.1
-4.0,-4.0,-1.1
-4.0,-4.0,-1.1
-4.0,-4.0,-1.1
-4.0,-4.0,-1.1
-4.0,-4.0,-1.1
-4.0,-4.0,-1.1
-4.0,-4.0,-1.1
-4.0,-4.0,-1.1
-4.0,-4.0,-1.1
-4.0,-4.0,-1.1
-4.0,-4.0,-1.1
-4.0,-4.0,-1.1
-4.0,-4.0,-1.1
-4.0,-4.0,-1.1
-4.0,-4.0,-1.1
-4.0,-4.0,-1.1
-4.0,-4.0,-1.1
-4.0,-4.0,-1.1
-4.0,-4.0,-1.1
-4.0,-4.0,-1.1
-4.0,-4.0,-1.1
-4.0,-4.0,-1.1
-4.0,-4.0,-1.1
-4.0,-4.0,-1.1
-4.0,-4.0,-1.1
-4.0,-4.0,-1.1
-4.0,-4.0,-1.1
-4.0,-4.0,-1.1
-4.0,-4.0,-1.1
-4.0,-4.0,-1.1
-4.0,-4.0,-1.1
-4.0,-4.0,-1.1
-4.0,-4.0,-1.1
-4.0,-4.0,-1.1
-4.0,-4.0,-1.1
-4.0,-4.0,-1.1
-4.0,-4.0,-1.1
-4.0,-4.0,-1.1
-4.0,-4.0,-1.1
-4.0,-4.0,-1.1
-4.0,-4.0,-1.1
-4.0,-4.0,-1.1
-4.0,-4.0,-1.1
-4.0,-4.0,-1.1
-4.0,-4.0,-1.1
-4.0,-4.0,-1.1
-4.0,-4.0,-1.1
-4.0,-4.0,-1.1
-4.0,-4.0,-1.1
-4.0,-4.0,-1.1
-4.0,-4.0,-1.1
-4.0,-4.0,-1.1
-4.0,-4.0,-1.1
-4.0,-4.0,-1.1
-4.0,-4.0,-1.1
-4.0,-4.0,-1.1
-4.0,-4.0,-1.1
-4.0,-4.0,-1.1
-4.0,-4.0,-1.1
-4.0,-4.0,-1.1
-4.0,-4.0,-1.1
-4.0,-4.0,-1.1
-4.0,-4.0,-1.1
-4.0,-4.0,-1.1
-4.0,-4.0,-1.1
-4.0,-4.0,-1.1
-4.0,-4.0,-1.1
-4.0,-4.0,-1.1
-4.0,-4.0,-1.1
-4.0,-4.0,-1.1
-4.0,-4.0,-1.1
-4.0,-4.0,-1.1
-4.0,-4.0,-1.1
-4.0,-4.0,-1.1
-4.0,-4.0,-1.1
-4.0,-4.0,-1.1
-4.0,-4.0,-1.1
-4.0,-4.0,-1.1
-4.0,-4.0,-1.1
-4.0,-4.0,-1.1
-4.0,-4.0,-1.1
-4.0,-4.0,-1.1
-4.0,-4.0,-1.1
-4.0,-4.0,-1.1
-4.0,-4.0,-1.1
-4.0,-4.0,-1.1
-4.0,-4.0,-1.1
-4.0,-4.0,-1.1
-4.0,-4.0,-1.1
-4.0,-4.0,-1.1
-4.0,-4.0,-1.1
-4.0,-4.0,-1.1
-4.0,-4.0,-1.1
-4.0,-4.0,-1.1
-4.0,-4.0,-1.1
-4.0,-4.0,-1.1
-4.0,-4.0,-1.1
-4.0,-4.0,-1.1
-4.0,-4.0,-1.1
-4.0,-4.0,-1.1
-4.0,-4.0,-1.1
-4.0,-4.0,-1.1
-4.0,-4.0,-1.1
-4.0,-4.0,-1.1
-4.0,-4.0,-1.1
-4.0,-4.0,-1.1
-4.0,-4.0,-1.1
-4.0,-4.0,-1.1
-4.0,-4.0,-1.1
-4.0,-4.0,-1.1
-4.0,-4.0,-1.1
-4.0,-4.0,-1.1
-4.0,-4.0,-1.1
-4.0,-4.0,-1.1
-4.0,-4.0,-1.1
-4.0,-4.0,-1.1
-4.0,-4.0,-1.1
-4.0,-4.0,-1.1
-4.0,-4.0,-1.1
-4.0,-4.0,-1.1
-4.0,-4.0,-1.1
-4.0,-4.0,-1.1
-4.0,-4.0,-1.1
-4.0,-4.0,-1.1
-4.0,-4.0,-1.1
-4.0,-4.0,-1.1
-4.0,-4.0,-1.1
-4.0,-4.0,-1.1
-4.0,-4.0,-1.1
-4.0,-4.0,-1.1
-4.0,-4.0,-1.1
-4.0,-4.0,-1.1
-4.0,-4.0,-1.1
-4.0,-4.0,-1.1
-4.0,-4.0,-1.1
-4.0,-4.0,-1.1
-4.0,-4.0,-1.1
-4.0,-4.0,-1.1
-4.0,-4.0,-1.1
-4.0,-4.0,-1.1
-4.0,-4.0,-1.1
-4.0,-4.0,-1.1
-4.0,-4.0,-1.1
-4.0,-4.0,-1.1
-4.0,-4.0,-1.1
-4.0,-4.0,-1.1
-4.0,-4.0,-1.1
-4.0,-4.0,-1.1
-4.0,-4.0,-1.1
-4.0,-4.0,-1.1
-4.0,-4.0,-1.1
-4.0,-4.0,-1.1
-4.0,-4.0,-1.1
-4.0,-4.0,-1.1
-4.0,-4.0,-1.1
-4.0,-4.0,-1.1
-4.0,-4.0,-1.1
-4.0,-4.0,-1.1
-4.0,-4.0,-1.1
-4.0,-4.0,-1.1
-4.0,-4.0,-1.1
-4.0,-4.0,-1.1
-4.0,-4.0,-1.1
-4.0,-4.0,-1.1
-4.0,-4.0,-1.1
-4.0,-4.0,-1.1
-4.0,-4.0,-1.1
-4.0,-4.0,-1.1
-4.0,-4.0,-1.1
-4.0,-4.0,-1.1
-4.0,-4.0,-1.1
-4.0,-4.0,-1.1
-4.0,-4.0,-1.1
-4.0,-4.0,-1.1
-4.0,-4.0,-1.1
-4.0,-4.0,-1.1
-4.0,-4.0,-1.1
-4.0,-4.0,-1.1
-4.0,-4.0,-1.1
-4.0,-4.0,-1.1
-4.0,-4.0,-1.1
-4.0,-4.0,-1.1
-4.0,-4.0,-1.1
-4.0,-4.0,-1.1
-4.0,-4.0,-1.1
-4.0,-4.0,-1.1
-4.0,-4.0,-1.1
-4.0,-4.0,-1.1
-4.0,-4.0,-1.1
-4.0,-4.0,-1.1
-4.0,-4.0,-1.1
-4.0,-4.0,-1.1
-4.0,-4.0,-1.1
-4.0,-4.0,-1.1
-4.0,-4.0,-1.1
-4.0,-4.0,-1.1
-4.0,-4.0,-1.1
-4.0,-4.0,-1.1
-4.0,-4.0,-1.1
-4.0,-4.0,-1.1
-4.0,-4.0,-1.1
-4.0,-4.0,-1.1
-4.0,-4.0,-1.1
-4.0,-4.0,-1.1
-4.0,-4.0,-1.1
-4.0,-4.0,-1.1
-4.0,-4.0,-1.1
-4.0,-4.0,-1.1
-4.0,-4.0,-1.1
-4.0,-4.0,-1.1
-4.0,-4.0,-1.1
-4.0,-4.0,-1.1
-4.0,-4.0,-1.1
-4.0,-4.0,-1.1
-4.0,-4.0,-1.1
-4.0,-4.0,-1.1
-4.0,-4.0,-1.1
-4.0,-4.0,-1.1
-4.0,-4.0,-1.1
-4.0,-4.0,-1.1
-4.0,-4.0,-1.1
-4.0,-4.0,-1.1
-4.0,-4.0,-1.1
-4.0,-4.0,-1.1
-4.0,-4.0,-1.1
-4.0,-4.0,-1.1
-4.0,-4.0,-1.1
-4.0,-4.0,-1.1
-4.0,-4.0,-1.1
-4.0,-4.0,-1.1
-4.0,-4.0,-1.1
-4.0,-4.0,-1.1
-4.0,-4.0,-1.1
-4.0,-4.0,-1.1
-4.0,-4.0,-1.1
-4.0,-4.0,-1.1
-4.0,-4.0,-1.1
-4.0,-4.0,-1.1
-4.0,-4.0,-1.1
-4.0,-4.0,-1.1
-4.0,-4.0,-1.1
-4.0,-4.0,-1.1
-4.0,-4.0,-1.1
-4.0,-4.0,-1.1
-4.0,-4.0,-1.1
-4.0,-4.0,-1.1
-4.0,-4.0,-1.1
-4.0,-4.0,-1.1
-4.0,-4.0,-1.1
-4.0,-4.0,-1.1
-4.0,-4.0,-1.1
-4.0,-4.0,-1.1
-4.0,-4.0,-1.1
-4.0,-4.0,-1.1
-4.0,-4.0,-1.1
-4.0,-4.0,-1.1
-4.0,-4.0,-1.1
-4.0,-4.0,-1.1
-4.0,-4.0,-1.1
-4.0,-4.0,-1.1
-4.0,-4.0,-1.1
-4.0,-4.0,-1.1
-4.0,-4.0,-1.1
-4.0,-4.0,-1.1
-4.0,-4.0,-1.1
-4.0,-4.0,-1.1
-4.0,-4.0,-1.1
-4.0,-4.0,-1.1
-4.0,-4.0,-1.1
-4.0,-4.0,-1.1
-4.0,-4.0,-1.1
-4.0,-4.0,-1.1
-4.0,-4.0,-1.1
-4.0,-4.0,-1.1
-4.0,-4.0,-1.1
-4.0,-4.0,-1.1
-4.0,-4.0,-1.1
-4.0,-4.0,-1.1
-4.0,-4.0,-1.1
-4.0,-4.0,-1.1
-4.0,-4.0,-1.1
-4.0,-4.0,-1.1
-4.0,-4.0,-1.1
-4.0,-4.0,-1.1
-4.0,-4.0,-1.1
-4.0,-4.0,-1.1
-4.0,-4.0,-1.1
-4.0,-4.0,-1.1
-4.0,-4.0,-1.1
-4.0,-4.0,-1.1
-4.0,-4.0,-1.1
-4.0,-4.0,-1.1
-4.0,-4.0,-1.1
-4.0,-4.0,-1.1
-4.0,-4.0,-1.1
-4.0,-4.0,-1.1
-4.0,-4.0,-1.1
-4.0,-4.0,-1.1
-4.0,-4.0,-1.1
-4.0,-4.0,-1.1
-4.0,-4.0,-1.1
-4.0,-4.0,-1.1
-4.0,-4.0,-1.1
-4.0,-4.0,-1.1
-4.0,-4.0,-1.1
-4.0,-4.0,-1.1
-4.0,-4.0,-1.1
-4.0,-4.0,-1.1
-4.0,-4.0,-1.1
-4.0,-4.0,-1.1
-4.0,-4.0,-1.1
-4.0,-4.0,-1.1
-4.0,-4.0,-1.1
-4.0,-4.0,-1.1
-4.0,-4.0,-1.1
-4.0,-4.0,-1.1
-4.0,-4.0,-1.1
-4.0,-4.0,-1.1
-4.0,-4.0,-1.1
-4.0,-4.0,-1.1
-4.0,-4.0,-1.1
-4.0,-4.0,-1.1
-4.0,-4.0,-1.1
-4.0,-4.0,-1.1
-4.0,-4.0,-1.1
-4.0,-4.0,-1.1
-4.0,-4.0,-1.1
-4.0,-4.0,-1.1
-4.0,-4.0,-1.1
-4.0,-4.0,-1.1
-4.0,-4.0,-1.1
-4.0,-4.0,-1.1
-4.0,-4.0,-1.1
-4.0,-4.0,-1.1
-4.0,-4.0,-1.1
-4.0,-4.0,-1.1
-4.0,-4.0,-1.1
-4.0,-4.0,-1.1
-4.0,-4.0,-1.1
-4.0,-4.0,-1.1
-4.0,-4.0,-1.1
-4.0,-4.0,-1.1
-4.0,-4.0,-1.1
-4.0,-4.0,-1.1
-4.0,-4.0,-1.1
-4.0,-4.0,-1.1
-4.0,-4.0,-1.1
-4.0,-4.0,-1.1
-4.0,-4.0,-1.1
-4.0,-4.0,-1.1
-4.0,-4.0,-1.1
-4.0,-4.0,-1.1
-4.0,-4.0,-1.1
-4.0,-4.0,-1.1
-4.0,-4.0,-1.1
-4.0,-4.0,-1.1
-4.0,-4.0,-1.1
-4.0,-4.0,-1.1
-4.0,-4.0,-1.1
-4.0,-4.0,-1.1
-4.0,-4.0,-1.1
-4.0,-4.0,-1.1
-4.0,-4.0,-1.1
-4.0,-4.0,-1.1
-4.0,-4.0,-1.1
-4.0,-4.0,-1.1
-4.0,-4.0,-1.1
-4.0,-4.0,-1.1
-4.0,-4.0,-1.1
-4.0,-4.0,-1.1
-4.0,-4.0,-1.1
-4.0,-4.0,-1.1
-4.0,-4.0,-1.1
-4.0,-4.0,-1.1
-4.0,-4.0,-1.1
-4.0,-4.0,-1.1
-4.0,-4.0,-1.1
-4.0,-4.0,-1.1
-4.0,-4.0,-1.1
-4.0,-4.0,-1.1
-4.0,-4.0,-1.1
-4.0,-4.0,-1.1
-4.0,-4.0,-1.1
-4.0,-4.0,-1.1
-4.0,-4.0,-1.1
-4.0,-4.0,-1.1
-4.0,-4.0,-1.1
-4.0,-4.0,-1.1
-4.0,-4.0,-1.1
-4.0,-4.0,-1.1
-4.0,-4.0,-1.1
-4.0,-4.0,-1.1
-4.0,-4.0,-1.1
-4.0,-4.0,-1.1
-4.0,-4.0,-1.1
-4.0,-4.0,-1.1
-4.0,-4.0,-1.1
-4.0,-4.0,-1.1
-4.0,-4.0,-1.1
-4.0,-4.0,-1.1
-4.0,-4.0,-1.1
-4.0,-4.0,-1.1
-4.0,-4.0,-1.1
-4.0,-4.0,-1.1
-4.0,-4.0,-1.1
-4.0,-4.0,-1.1
-4.0,-4.0,-1.1
-4.0,-4.0,-1.1
-4.0,-4.0,-1.1
-4.0,-4.0,-1.1
-4.0,-4.0,-1.1
-4.0,-4.0,-1.1
-4.0,-4.0,-1.1
-4.0,-4.0,-1.1
-4.0,-4.0,-1.1
-4.0,-4.0,-1.1
-4.0,-4.0,-1.1
-4.0,-4.0,-1.1
-4.0,-4.0,-1.1
-4.0,-4.0,-1.1
-4.0,-4.0,-1.1
-4.0,-4.0,-1.1
-4.0,-4.0,-1.1
-4.0,-4.0,-1.1
-4.0,-4.0,-1.1
-4.0,-4.0,-1.1
-4.0,-4.0,-1.1
-4.0,-4.0,-1.1
-4.0,-4.0,-1.1
-4.0,-4.0,-1.1
-4.0,-4.0,-1.1
-4.0,-4.0,-1.1
-4.0,-4.0,-1.1
-4.0,-4.0,-1.1
-4.0,-4.0,-1.1
-4.0,-4.0,-1.1
-4.0,-4.0,-1.1
-4.0,-4.0,-1.1
-4.0,-4.0,-1.1
-4.0,-4.0,-1.1
-4.0,-4.0,-1.1
-4.0,-4.0,-1.1
-4.0,-4.0,-1.1
-4.0,-4.0,-1.1
-4.0,-4.0,-1.1
-4.0,-4.0,-1.1
-4.0,-4.0,-1.1
-4.0,-4.0,-1.1
-4.0,-4.0,-1.1
-4.0,-4.0,-1.1
-4.0,-4.0,-1.1
-4.0,-4.0,-1.1
-4.0,-4.0,-1.1
-4.0,-4.0,-1.1
-4.0,-4.0,-1.1
-4.0,-4.0,-1.1
-4.0,-4.0,-1.1
-4.0,-4.0,-1.1
-4.0,-4.0,-1.1
-4.0,-4.0,-1.1
-4.0,-4.0,-1.1
-4.0,-4.0,-1.1
-4.0,-4.0,-1.1
-4.0,-4.0,-1.1
-4.0,-4.0,-1.1
-4.0,-4.0,-1.1
-4.0,-4.0,-1.1
-4.0,-4.0,-1.1
-4.0,-4.0,-1.1
-4.0,-4.0,-1.1
-4.0,-4.0,-1.1
-4.0,-4.0,-1.1
-4.0,-4.0,-1.1
-4.0,-4.0,-1.1
-4.0,-4.0,-1.1
-4.0,-4.0,-1.1
-4.0,-4.0,-1.1
-4.0,-4.0,-1.1
-4.0,-4.0,-1.1
-4.0,-4.0,-1.1
-4.0,-4.0,-1.1
-4.0,-4.0,-1.1
-4.0,-4.0,-1.1
-4.0,-4.0,-1.1
-4.0,-4.0,-1.1
-4.0,-4.0,-1.1
-4.0,-4.0,-1.1
-4.0,-4.0,-1.1
-4.0,-4.0,-1.1
-4.0,-4.0,-1.1
-4.0,-4.0,-1.1
-4.0,-4.0,-1.1
-4.0,-4.0,-1.1
-4.0,-4.0,-1.1
-4.0,-4.0,-1.1
-4.0,-4.0,-1.1
-4.0,-4.0,-1.1
-4.0,-4.0,-1.1
-4.0,-4.0,-1.1
-4.0,-4.0,-1.1
-4.0,-4.0,-1.1
-4.0,-4.0,-1.1
-4.0,-4.0,-1.1
-4.0,-4.0,-1.1
-4.0,-4.0,-1.1
-4.0,-4.0,-1.1
-4.0,-4.0,-1.1
-4.0,-4.0,-1.1
-4.0,-4.0,-1.1
-4.0,-4.0,-1.1
-4.0,-4.0,-1.1
-4.0,-4.0,-1.1
-4.0,-4.0,-1.1
-4.0,-4.0,-1.1
-4.0,-4.0,-1.1
-4.0,-4.0,-1.1
-4.0,-4.0,-1.1
-4.0,-4.0,-1.1
-4.0,-4.0,-1.1
-4.0,-4.0,-1.1
-4.0,-4.0,-1.1
-4.0,-4.0,-1.1
-4.0,-4.0,-1.1
-4.0,-4.0,-1.1
-4.0,-4.0,-1.1
-4.0,-4.0,-1.1
-4.0,-4.0,-1.1
-4.0,-4.0,-1.1
-4.0,-4.0,-1.1
-4.0,-4.0,-1.1
-4.0,-4.0,-1.1
-4.0,-4.0,-1.1
-4.0,-4.0,-1.1
-4.0,-4.0,-1.1
-4.0,-4.0,-1.1
-4.0,-4.0,-1.1
-4.0,-4.0,-1.1
-4.0,-4.0,-1.1
-4.0,-4.0,-1.1
-4.0,-4.0,-1.1
-4.0,-4.0,-1.1
-4.0,-4.0,-1.1
-4.0,-4.0,-1.1
-4.0,-4.0,-1.1
-4.0,-4.0,-1.1
-4.0,-4.0,-1.1
-4.0,-4.0,-1.1
-4.0,-4.0,-1.1
-4.0,-4.0,-1.1
-4.0,-4.0,-1.1
-4.0,-4.0,-1.1
-4.0,-4.0,-1.1
-4.0,-4.0,-1.1
-4.0,-4.0,-1.1
-4.0,-4.0,-1.1
-4.0,-4.0,-1.1
-4.0,-4.0,-1.1
-4.0,-4.0,-1.1
-4.0,-4.0,-1.1
-4.0,-4.0,-1.1
-4.0,-4.0,-1.1
-4.0,-4.0,-1.1
-4.0,-4.0,-1.1
-4.0,-4.0,-1.1
-4.0,-4.0,-1.1
-4.0,-4.0,-1.1
-4.0,-4.0,-1.1
-4.0,-4.0,-1.1
-4.0,-4.0,-1.1
-4.0,-4.0,-1.1
-4.0,-4.0,-1.1
-4.0,-4.0,-1.1
-4.0,-4.0,-1.1
-4.0,-4.0,-1.1
-4.0,-4.0,-1.1
-4.0,-4.0,-1.1
-4.0,-4.0,-1.1
-4.0,-4.0,-1.1
-4.0,-4.0,-1.1
-4.0,-4.0,-1.1
-4.0,-4.0,-1.1
-4.0,-4.0,-1.1
-4.0,-4.0,-1.1
-4.0,-4.0,-1.1
-4.0,-4.0,-1.1
-4.0,-4.0,-1.1
-4.0,-4.0,-1.1
-4.0,-4.0,-1.1
-4.0,-4.0,-1.1
-4.0,-4.0,-1.1
-4.0,-4.0,-1.1
-4.0,-4.0,-1.1
-4.0,-4.0,-1.1
-4.0,-4.0,-1.1
-4.0,-4.0,-1.1
-4.0,-4.0,-1.1
-4.0,-4.0,-1.1
-4.0,-4.0,-1.1
-4.0,-4.0,-1.1
-4.0,-4.0,-1.1
-4.0,-4.0,-1.1
-4.0,-4.0,-1.1
-4.0,-4.0,-1.1
-4.0,-4.0,-1.1
-4.0,-4.0,-1.1
-4.0,-4.0,-1.1
-4.0,-4.0,-1.1
-4.0,-4.0,-1.1
-4.0,-4.0,-1.1
-4.0,-4.0,-1.1
-4.0,-4.0,-1.1
-4.0,-4.0,-1.1
-4.0,-4.0,-1.1
-4.0,-4.0,-1.1
-4.0,-4.0,-1.1
-4.0,-4.0,-1.1
-4.0,-4.0,-1.1
-4.0,-4.0,-1.1
-4.0,-4.0,-1.1
-4.0,-4.0,-1.1
-4.0,-4.0,-1.1
-4.0,-4.0,-1.1
-4.0,-4.0,-1.1
-4.0,-4.0,-1.1
-4.0,-4.0,-1.1
-4.0,-4.0,-1.1
-4.0,-4.0,-1.1
-4.0,-4.0,-1.1
-4.0,-4.0,-1.1
-4.0,-4.0,-1.1
-4.0,-4.0,-1.1
-4.0,-4.0,-1.1
-4.0,-4.0,-1.1
-4.0,-4.0,-1.1
-4.0,-4.0,-1.1
-4.0,-4.0,-1.1
-4.0,-4.0,-1.1
-4.0,-4.0,-1.1
-4.0,-4.0,-1.1
-4.0,-4.0,-1.1
-4.0,-4.0,-1.1
-4.0,-4.0,-1.1
-4.0,-4.0,-1.1
-4.0,-4.0,-1.1
-4.0,-4.0,-1.1
-4.0,-4.0,-1.1
-4.0,-4.0,-1.1
-4.0,-4.0,-1.1
-4.0,-4.0,-1.1
-4.0,-4.0,-1.1
-4.0,-4.0,-1.1
-4.0,-4.0,-1.1
-4.0,-4.0,-1.1
-4.0,-4.0,-1.1
-4.0,-4.0,-1.1
-4.0,-4.0,-1.1
-4.0,-4.0,-1.1
-4.0,-4.0,-1.1
-4.0,-4.0,-1.1
-4.0,-4.0,-1.1
-4.0,-4.0,-1.1
-4.0,-4.0,-1.1
-4.0,-4.0,-1.1
-4.0,-4.0,-1.1
-4.0,-4.0,-1.1
-4.0,-4.0,-1.1
-4.0,-4.0,-1.1
-4.0,-4.0,-1.1
-4.0,-4.0,-1.1
-4.0,-4.0,-1.1
-4.0,-4.0,-1.1
-4.0,-4.0,-1.1
-4.0,-4.0,-1.1
-4.0,-4.0,-1.1
-4.0,-4.0,-1.1
-4.0,-4.0,-1.1
-4.0,-4.0,-1.1
-4.0,-4.0,-1.1
-4.0,-4.0,-1.1
-4.0,-4.0,-1.1
-4.0,-4.0,-1.1
-4.0,-4.0,-1.1
-4.0,-4.0,-1.1
-4.0,-4.0,-1.1
-4.0,-4.0,-1.1
-4.0,-4.0,-1.1
-4.0,-4.0,-1.1
-4.0,-4.0,-1.1
-4.0,-4.0,-1.1
-4.0,-4.0,-1.1
-4.0,-4.0,-1.1
-4.0,-4.0,-1.1
-4.0,-4.0,-1.1
-4.0,-4.0,-1.1
-4.0,-4.0,-1.1
-4.0,-4.0,-1.1
-4.0,-4.0,-1.1
-4.0,-4.0,-1.1
-4.0,-4.0,-1.1
-4.0,-4.0,-1.1
-4.0,-4.0,-1.1
-4.0,-4.0,-1.1
-4.0,-4.0,-1.1
-4.0,-4.0,-1.1
-4.0,-4.0,-1.1
-4.0,-4.0,-1.1
-4.0,-4.0,-1.1
-4.0,-4.0,-1.1
-4.0,-4.0,-1.1
-4.0,-4.0,-1.1
-4.0,-4.0,-1.1
-4.0,-4.0,-1.1
-4.0,-4.0,-1.1
-4.0,-4.0,-1.1
-4.0,-4.0,-1.1
-4.0,-4.0,-1.1
-4.0,-4.0,-1.1
-4.0,-4.0,-1.1
-4.0,-4.0,-1.1
-4.0,-4.0,-1.1
-4.0,-4.0,-1.1
-4.0,-4.0,-1.1
-4.0,-4.0,-1.1
-4.0,-4.0,-1.1
-4.0,-4.0,-1.1
-4.0,-4.0,-1.1
-4.0,-4.0,-1.1
-4.0,-4.0,-1.1
-4.0,-4.0,-1.1
-4.0,-4.0,-1.1
-4.0,-4.0,-1.1
-4.0,-4.0,-1.1
-4.0,-4.0,-1.1
-4.0,-4.0,-1.1
-4.0,-4.0,-1.1
-4.0,-4.0,-1.1
-4.0,-4.0,-1.1
-4.0,-4.0,-1.1
-4.0,-4.0,-1.1
-4.0,-4.0,-1.1
-4.0,-4.0,-1.1
-4.0,-4.0,-1.1
-4.0,-4.0,-1.1
-4.0,-4.0,-1.1
-4.0,-4.0,-1.1
-4.0,-4.0,-1.1
-4.0,-4.0,-1.1
-4.0,-4.0,-1.1
-4.0,-4.0,-1.1
-4.0,-4.0,-1.1
-4.0,-4.0,-1.1
-4.0,-4.0,-1.1
-4.0,-4.0,-1.1
-4.0,-4.0,-1.1
-4.0,-4.0,-1.1
-4.0,-4.0,-1.1
-4.0,-4.0,-1.1
-4.0,-4.0,-1.1
-4.0,-4.0,-1.1
-4.0,-4.0,-1.1
-4.0,-4.0,-1.1
-4.0,-4.0,-1.1
-4.0,-4.0,-1.1
-4.0,-4.0,-1.1
-4.0,-4.0,-1.1
-4.0,-4.0,-1.1
-4.0,-4.0,-1.1
-4.0,-4.0,-1.1
-4.0,-4.0,-1.1
-4.0,-4.0,-1.1
-4.0,-4.0,-1.1
-4.0,-4.0,-1.1
-4.0,-4.0,-1.1
-4.0,-4.0,-1.1
-4.0,-4.0,-1.1
-4.0,-4.0,-1.1
-4.0,-4.0,-1.1
-4.0,-4.0,-1.1
-4.0,-4.0,-1.1
-4.0,-4.0,-1.1
-4.0,-4.0,-1.1
-4.0,-4.0,-1.1
-4.0,-4.0,-1.1
-4.0,-4.0,-1.1
-4.0,-4.0,-1.1
-4.0,-4.0,-1.1
-4.0,-4.0,-1.1
-4.0,-4.0,-1.1
-4.0,-4.0,-1.1
-4.0,-4.0,-1.1
-4.0,-4.0,-1.1
-4.0,-4.0,-1.1
-4.0,-4.0,-1.1
-4.0,-4.0,-1.1
-4.0,-4.0,-1.1
-4.0,-4.0,-1.1
-4.0,-4.0,-1.1
-4.0,-4.0,-1.1
-4.0,-4.0,-1.1
-4.0,-4.0,-1.1
-4.0,-4.0,-1.1
-4.0,-4.0,-1.1
-4.0,-4.0,-1.1
-4.0,-4.0,-1.1
-4.0,-4.0,-1.1
-4.0,-4.0,-1.1
-4.0,-4.0,-1.1
-4.0,-4.0,-1.1
-4.0,-4.0,-1.1
-4.0,-4.0,-1.1
-4.0,-4.0,-1.1
-4.0,-4.0,-1.1
-4.0,-4.0,-1.1
-4.0,-4.0,-1.1
-4.0,-4.0,-1.1
-4.0,-4.0,-1.1
-4.0,-4.0,-1.1
-4.0,-4.0,-1.1
-4.0,-4.0,-1.1
-4.0,-4.0,-1.1
-4.0,-4.0,-1.1
-4.0,-4.0,-1.1
-4.0,-4.0,-1.1
-4.0,-4.0,-1.1
-4.0,-4.0,-1.1
-4.0,-4.0,-1.1
-4.0,-4.0,-1.1
-4.0,-4.0,-1.1
-4.0,-4.0,-1.1
-4.0,-4.0,-1.1
-4.0,-4.0,-1.1
-4.0,-4.0,-1.1
-4.0,-4.0,-1.1
-4.0,-4.0,-1.1
-4.0,-4.0,-1.1
-4.0,-4.0,-1.1
-4.0,-4.0,-1.1
-4.0,-4.0,-1.1
-4.0,-4.0,-1.1
-4.0,-4.0,-1.1
-4.0,-4.0,-1.1
-4.0,-4.0,-1.1
-4.0,-4.0,-1.1
-4.0,-4.0,-1.1
-4.0,-4.0,-1.1
-4.0,-4.0,-1.1
-4.0,-4.0,-1.1
-4.0,-4.0,-1.1
-4.0,-4.0,-1.1
-4.0,-4.0,-1.1
-4.0,-4.0,-1.1
-4.0,-4.0,-1.1
-4.0,-4.0,-1.1
-4.0,-4.0,-1.1
-4.0,-4.0,-1.1
-4.0,-4.0,-1.1
-4.0,-4.0,-1.1
-4.0,-4.0,-1.1
-4.0,-4.0,-1.1
-4.0,-4.0,-1.1
-4.0,-4.0,-1.1
-4.0,-4.0,-1.1
-4.0,-4.0,-1.1
-4.0,-4.0,-1.1
-4.0,-4.0,-1.1
-4.0,-4.0,-1.1
-4.0,-4.0,-1.1
-4.0,-4.0,-1.1
-4.0,-4.0,-1.1
-4.0,-4.0,-1.1
-4.0,-4.0,-1.1
-4.0,-4.0,-1.1
-4.0,-4.0,-1.1
-4.0,-4.0,-1.1
-4.0,-4.0,-1.1
-4.0,-4.0,-1.1
-4.0,-4.0,-1.1
-4.0,-4.0,-1.1
-4.0,-4.0,-1.1
-4.0,-4.0,-1.1
-4.0,-4.0,-1.1
-4.0,-4.0,-1.1
-4.0,-4.0,-1.1
-4.0,-4.0,-1.1
-4.0,-4.0,-1.1
-4.0,-4.0,-1.1
-4.0,-4.0,-1.1
-4.0,-4.0,-1.1
-4.0,-4.0,-1.1
-4.0,-4.0,-1.1
-4.0,-4.0,-1.1
-4.0,-4.0,-1.1
-4.0,-4.0,-1.1
-4.0,-4.0,-1.1
-4.0,-4.0,-1.1
-4.0,-4.0,-1.1
-4.0,-4.0,-1.1
-4.0,-4.0,-1.1
-4.0,-4.0,-1.1
-4.0,-4.0,-1.1
-4.0,-4.0,-1.1
-4.0,-4.0,-1.1
-4.0,-4.0,-1.1
-4.0,-4.0,-1.1
-4.0,-4.0,-1.1
-4.0,-4.0,-1.1
-4.0,-4.0,-1.1
-4.0,-4.0,-1.1
-4.0,-4.0,-1.1
-4.0,-4.0,-1.1
-4.0,-4.0,-1.1
-4.0,-4.0,-1.1
-4.0,-4.0,-1.1
-4.0,-4.0,-1.1
-4.0,-4.0,-1.1
-4.0,-4.0,-1.1
-4.0,-4.0,-1.1
-4.0,-4.0,-1.1
-4.0,-4.0,-1.1
-4.0,-4.0,-1.1
-4.0,-4.0,-1.1
-4.0,-4.0,-1.1
-4.0,-4.0,-1.1
-4.0,-4.0,-1.1
-4.0,-4.0,-1.1
-4.0,-4.0,-1.1
-4.0,-4.0,-1.1
-4.0,-4.0,-1.1
-4.0,-4.0,-1.1
-4.0,-4.0,-1.1
-4.0,-4.0,-1.1
-4.0,-4.0,-1.1
-4.0,-4.0,-1.1
-4.0,-4.0,-1.1
-4.0,-4.0,-1.1
-4.0,-4.0,-1.1
-4.0,-4.0,-1.1
-4.0,-4.0,-1.1
-4.0,-4.0,-1.1
-4.0,-4.0,-1.1
-4.0,-4.0,-1.1
-4.0,-4.0,-1.1
-4.0,-4.0,-1.1
-4.0,-4.0,-1.1
-4.0,-4.0,-1.1
-4.0,-4.0,-1.1
-4.0,-4.0,-1.1
-4.0,-4.0,-1.1
-4.0,-4.0,-1.1
-4.0,-4.0,-1.1
-4.0,-4.0,-1.1
-4.0,-4.0,-1.1
-4.0,-4.0,-1.1
-4.0,-4.0,-1.1
-4.0,-4.0,-1.1
-4.0,-4.0,-1.1
-4.0,-4.0,-1.1
-4.0,-4.0,-1.1
-4.0,-4.0,-1.1
-4.0,-4.0,-1.1
-4.0,-4.0,-1.1
-4.0,-4.0,-1.1
-4.0,-4.0,-1.1
-4.0,-4.0,-1.1
-4.0,-4.0,-1.1
-4.0,-4.0,-1.1
-4.0,-4.0,-1.1
-4.0,-4.0,-1.1
-4.0,-4.0,-1.1
-4.0,-4.0,-1.1
-4.0,-4.0,-1.1
-4.0,-4.0,-1.1
-4.0,-4.0,-1.1
-4.0,-4.0,-1.1
-4.0,-4.0,-1.1
-4.0,-4.0,-1.1
-4.0,-4.0,-1.1
-4.0,-4.0,-1.1
-4.0,-4.0,-1.1
-4.0,-4.0,-1.1
-4.0,-4.0,-1.1
-4.0,-4.0,-1.1
-4.0,-4.0,-1.1
-4.0,-4.0,-1.1
-4.0,-4.0,-1.1
-4.0,-4.0,-1.1
-4.0,-4.0,-1.1
-4.0,-4.0,-1.1
-4.0,-4.0,-1.1
-4.0,-4.0,-1.1
-4.0,-4.0,-1.1
-4.0,-4.0,-1.1
-4.0,-4.0,-1.1
-4.0,-4.0,-1.1
-4.0,-4.0,-1.1
-4.0,-4.0,-1.1
-4.0,-4.0,-1.1
-4.0,-4.0,-1.1
-4.0,-4.0,-1.1
-4.0,-4.0,-1.1
-4.0,-4.0,-1.1
-4.0,-4.0,-1.1
-4.0,-4.0,-1.1
-4.0,-4.0,-1.1
-4.0,-4.0,-1.1
-4.0,-4.0,-1.1
-4.0,-4.0,-1.1
-4.0,-4.0,-1.1
-4.0,-4.0,-1.1
-4.0,-4.0,-1.1
-4.0,-4.0,-1.1
-4.0,-4.0,-1.1
-4.0,-4.0,-1.1
-4.0,-4.0,-1.1
-4.0,-4.0,-1.1
-4.0,-4.0,-1.1
-4.0,-4.0,-1.1
-4.0,-4.0,-1.1
-4.0,-4.0,-1.1
-4.0,-4.0,-1.1
-4.0,-4.0,-1.1
-4.0,-4.0,-1.1
-4.0,-4.0,-1.1
-4.0,-4.0,-1.1
-4.0,-4.0,-1.1
-4.0,-4.0,-1.1
-4.0,-4.0,-1.1
-4.0,-4.0,-1.1
-4.0,-4.0,-1.1
-4.0,-4.0,-1.1
-4.0,-4.0,-1.1
-4.0,-4.0,-1.1
-4.0,-4.0,-1.1
-4.0,-4.0,-1.1
-4.0,-4.0,-1.1
-4.0,-4.0,-1.1
-4.0,-4.0,-1.1
-4.0,-4.0,-1.1
-4.0,-4.0,-1.1
-4.0,-4.0,-1.1
-4.0,-4.0,-1.1
-4.0,-4.0,-1.1
-4.0,-4.0,-1.1
-4.0,-4.0,-1.1
-4.0,-4.0,-1.1
-4.0,-4.0,-1.1
-4.0,-4.0,-1.1
-4.0,-4.0,-1.1
-4.0,-4.0,-1.1
-4.0,-4.0,-1.1
-4.0,-4.0,-1.1
-4.0,-4.0,-1.1
-4.0,-4.0,-1.1
-4.0,-4.0,-1.1
-4.0,-4.0,-1.1
-4.0,-4.0,-1.1
-4.0,-4.0,-1.1
-4.0,-4.0,-1.1
-4.0,-4.0,-1.1
-4.0,-4.0,-1.1
-4.0,-4.0,-1.1
-4.0,-4.0,-1.1
-4.0,-4.0,-1.1
-4.0,-4.0,-1.1
-4.0,-4.0,-1.1
-4.0,-4.0,-1.1
-4.0,-4.0,-1.1
-4.0,-4.0,-1.1
-4.0,-4.0,-1.1
-4.0,-4.0,-1.1
-4.0,-4.0,-1.1
-4.0,-4.0,-1.1
-4.0,-4.0,-1.1
-4.0,-4.0,-1.1
-4.0,-4.0,-1.1
-4.0,-4.0,-1.1
-4.0,-4.0,-1.1
-4.0,-4.0,-1.1
-4.0,-4.0,-1.1
-4.0,-4.0,-1.1
-4.0,-4.0,-1.1
-4.0,-4.0,-1.1
-4.0,-4.0,-1.1
-4.0,-4.0,-1.1
-4.0,-4.0,-1.1
-4.0,-4.0,-1.1
-4.0,-4.0,-1.1
-4.0,-4.0,-1.1
-4.0,-4.0,-1.1
-4.0,-4.0,-1.1
-4.0,-4.0,-1.1
-4.0,-4.0,-1.1
-4.0,-4.0,-1.1
-4.0,-4.0,-1.1
-4.0,-4.0,-1.1
-4.0,-4.0,-1.1
-4.0,-4.0,-1.1
-4.0,-4.0,-1.1
-4.0,-4.0,-1.1
-4.0,-4.0,-1.1
-4.0,-4.0,-1.1
-4.0,-4.0,-1.1
-4.0,-4.0,-1.1
-4.0,-4.0,-1.1
-4.0,-4.0,-1.1
-4.0,-4.0,-1.1
-4.0,-4.0,-1.1
-4.0,-4.0,-1.1
-4.0,-4.0,-1.1
-4.0,-4.0,-1.1
-4.0,-4.0,-1.1
-4.0,-4.0,-1.1
-4.0,-4.0,-1.1
-4.0,-4.0,-1.1
-4.0,-4.0,-1.1
-4.0,-4.0,-1.1
-4.0,-4.0,-1.1
-4.0,-4.0,-1.1
-4.0,-4.0,-1.1
-4.0,-4.0,-1.1
-4.0,-4.0,-1.1
-4.0,-4.0,-1.1
-4.0,-4.0,-1.1
-4.0,-4.0,-1.1
-4.0,-4.0,-1.1
-4.0,-4.0,-1.1
-4.0,-4.0,-1.1
-4.0,-4.0,-1.1
-4.0,-4.0,-1.1
-4.0,-4.0,-1.1
-4.0,-4.0,-1.1
-4.0,-4.0,-1.1
-4.0,-4.0,-1.1
-4.0,-4.0,-1.1
-4.0,-4.0,-1.1
-4.0,-4.0,-1.1
-4.0,-4.0,-1.1
-4.0,-4.0,-1.1
-4.0,-4.0,-1.1
-4.0,-4.0,-1.1
-4.0,-4.0,-1.1
-4.0,-4.0,-1.1
-4.0,-4.0,-1.1
-4.0,-4.0,-1.1
-4.0,-4.0,-1.1
-4.0,-4.0,-1.1
-4.0,-4.0,-1.1
-4.0,-4.0,-1.1
-4.0,-4.0,-1.1
-4.0,-4.0,-1.1
-4.0,-4.0,-1.1
-4.0,-4.0,-1.1
-4.0,-4.0,-1.1
-4.0,-4.0,-1.1
-4.0,-4.0,-1.1
-4.0,-4.0,-1.1
-4.0,-4.0,-1.1
-4.0,-4.0,-1.1
-4.0,-4.0,-1.1
-4.0,-4.0,-1.1
-4.0,-4.0,-1.1
-4.0,-4.0,-1.1
-4.0,-4.0,-1.1
-4.0,-4.0,-1.1
-4.0,-4.0,-1.1
-4.0,-4.0,-1.1
-4.0,-4.0,-1.1
-4.0,-4.0,-1.1
-4.0,-4.0,-1.1
-4.0,-4.0,-1.1
-4.0,-4.0,-1.1
-4.0,-4.0,-1.1
-4.0,-4.0,-1.1
-4.0,-4.0,-1.1
-4.0,-4.0,-1.1
-4.0,-4.0,-1.1
-4.0,-4.0,-1.1
-4.0,-4.0,-1.1
-4.0,-4.0,-1.1
-4.0,-4.0,-1.1
-4.0,-4.0,-1.1
-4.0,-4.0,-1.1
-4.0,-4.0,-1.1
-4.0,-4.0,-1.1
-4.0,-4.0,-1.1
-4.0,-4.0,-1.1
-4.0,-4.0,-1.1
-4.0,-4.0,-1.1
-4.0,-4.0,-1.1
-4.0,-4.0,-1.1
-4.0,-4.0,-1.1
-4.0,-4.0,-1.1
-4.0,-4.0,-1.1
-4.0,-4.0,-1.1
-4.0,-4.0,-1.1
-4.0,-4.0,-1.1
-4.0,-4.0,-1.1
-4.0,-4.0,-1.1
-4.0,-4.0,-1.1
-4.0,-4.0,-1.1
-4.0,-4.0,-1.1
-4.0,-4.0,-1.1
-4.0,-4.0,-1.1
-4.0,-4.0,-1.1
-4.0,-4.0,-1.1
-4.0,-4.0,-1.1
-4.0,-4.0,-1.1
-4.0,-4.0,-1.1
-4.0,-4.0,-1.1
-4.0,-4.0,-1.1
-4.0,-4.0,-1.1
-4.0,-4.0,-1.1
-4.0,-4.0,-1.1
-4.0,-4.0,-1.1
-4.0,-4.0,-1.1
-4.0,-4.0,-1.1
-4.0,-4.0,-1.1
-4.0,-4.0,-1.1
-4.0,-4.0,-1.1
-4.0,-4.0,-1.1
-4.0,-4.0,-1.1
-4.0,-4.0,-1.1
-4.0,-4.0,-1.1
-4.0,-4.0,-1.1
-4.0,-4.0,-1.1
-4.0,-4.0,-1.1
-4.0,-4.0,-1.1
-4.0,-4.0,-1.1
-4.0,-4.0,-1.1
-4.0,-4.0,-1.1
-4.0,-4.0,-1.1
-4.0,-4.0,-1.1
-4.0,-4.0,-1.1
-4.0,-4.0,-1.1
-4.0,-4.0,-1.1
-4.0,-4.0,-1.1
-4.0,-4.0,-1.1
-4.0,-4.0,-1.1
-4.0,-4.0,-1.1
-4.0,-4.0,-1.1
-4.0,-4.0,-1.1
-4.0,-4.0,-1.1
-4.0,-4.0,-1.1
-4.0,-4.0,-1.1
-4.0,-4.0,-1.1
-4.0,-4.0,-1.1
-4.0,-4.0,-1.1
-4.0,-4.0,-1.1
-4.0,-4.0,-1.1
-4.0,-4.0,-1.1
-4.0,-4.0,-1.1
-4.0,-4.0,-1.1
-4.0,-4.0,-1.1
-4.0,-4.0,-1.1
-4.0,-4.0,-1.1
-4.0,-4.0,-1.1
-4.0,-4.0,-1.1
-4.0,-4.0,-1.1
-4.0,-4.0,-1.1
-4.0,-4.0,-1.1
-4.0,-4.0,-1.1
-4.0,-4.0,-1.1
-4.0,-4.0,-1.1
-4.0,-4.0,-1.1
-4.0,-4.0,-1.1
-4.0,-4.0,-1.1
-4.0,-4.0,-1.1
-4.0,-4.0,-1.1
-4.0,-4.0,-1.1
-4.0,-4.0,-1.1
-4.0,-4.0,-1.1
-4.0,-4.0,-1.1
-4.0,-4.0,-1.1
-4.0,-4.0,-1.1
-4.0,-4.0,-1.1
-4.0,-4.0,-1.1
-4.0,-4.0,-1.1
-4.0,-4.0,-1.1
-4.0,-4.0,-1.1
-4.0,-4.0,-1.1
-4.0,-4.0,-1.1
-4.0,-4.0,-1.1
-4.0,-4.0,-1.1
-4.0,-4.0,-1.1
-4.0,-4.0,-1.1
-4.0,-4.0,-1.1
-4.0,-4.0,-1.1
-4.0,-4.0,-1.1
-4.0,-4.0,-1.1
-4.0,-4.0,-1.1
-4.0,-4.0,-1.1
-4.0,-4.0,-1.1
-4.0,-4.0,-1.1
-4.0,-4.0,-1.1
-4.0,-4.0,-1.1
-4.0,-4.0,-1.1
-4.0,-4.0,-1.1
-4.0,-4.0,-1.1
-4.0,-4.0,-1.1
-4.0,-4.0,-1.1
-4.0,-4.0,-1.1
-4.0,-4.0,-1.1
-4.0,-4.0,-1.1
-4.0,-4.0,-1.1
-4.0,-4.0,-1.1
-4.0,-4.0,-1.1
-4.0,-4.0,-1.1
-4.0,-4.0,-1.1
-4.0,-4.0,-1.1
-4.0,-4.0,-1.1
-4.0,-4.0,-1.1
-4.0,-4.0,-1.1
-4.0,-4.0,-1.1
-4.0,-4.0,-1.1
-4.0,-4.0,-1.1
-4.0,-4.0,-1.1
-4.0,-4.0,-1.1
-4.0,-4.0,-1.1
-4.0,-4.0,-1.1
-4.0,-4.0,-1.1
-4.0,-4.0,-1.1
-4.0,-4.0,-1.1
-4.0,-4.0,-1.1
-4.0,-4.0,-1.1
-4.0,-4.0,-1.1
-4.0,-4.0,-1.1
-4.0,-4.0,-1.1
-4.0,-4.0,-1.1
-4.0,-4.0,-1.1
-4.0,-4.0,-1.1
-4.0,-4.0,-1.1
-4.0,-4.0,-1.1
-4.0,-4.0,-1.1
-4.0,-4.0,-1.1
-4.0,-4.0,-1.1
-4.0,-4.0,-1.1
-4.0,-4.0,-1.1
-4.0,-4.0,-1.1
-4.0,-4.0,-1.1
-4.0,-4.0,-1.1
-4.0,-4.0,-1.1
-4.0,-4.0,-1.1
-4.0,-4.0,-1.1
-4.0,-4.0,-1.1
-4.0,-4.0,-1.1
-4.0,-4.0,-1.1
-4.0,-4.0,-1.1
-4.0,-4.0,-1.1
-4.0,-4.0,-1.1
-4.0,-4.0,-1.1
-4.0,-4.0,-1.1
-4.0,-4.0,-1.1
-4.0,-4.0,-1.1
-4.0,-4.0,-1.1
-4.0,-4.0,-1.1
-4.0,-4.0,-1.1
-4.0,-4.0,-1.1
-4.0,-4.0,-1.1
-4.0,-4.0,-1.1
-4.0,-4.0,-1.1
-4.0,-4.0,-1.1
-4.0,-4.0,-1.1
-4.0,-4.0,-1.1
-4.0,-4.0,-1.1
-4.0,-4.0,-1.1
-4.0,-4.0,-1.1
-4.0,-4.0,-1.1
-4.0,-4.0,-1.1
-4.0,-4.0,-1.1
-4.0,-4.0,-1.1
-4.0,-4.0,-1.1
-4.0,-4.0,-1.1
-4.0,-4.0,-1.1
-4.0,-4.0,-1.1
-4.0,-4.0,-1.1
-4.0,-4.0,-1.1
-4.0,-4.0,-1.1
-4.0,-4.0,-1.1
-4.0,-4.0,-1.1
-4.0,-4.0,-1.1
-4.0,-4.0,-1.1
-4.0,-4.0,-1.1
-4.0,-4.0,-1.1
-4.0,-4.0,-1.1
-4.0,-4.0,-1.1
-4.0,-4.0,-1.1
-4.0,-4.0,-1.1
-4.0,-4.0,-1.1
-4.0,-4.0,-1.1
-4.0,-4.0,-1.1
-4.0,-4.0,-1.1
-4.0,-4.0,-1.1
-4.0,-4.0,-1.1
-4.0,-4.0,-1.1
-4.0,-4.0,-1.1
-4.0,-4.0,-1.1
-4.0,-4.0,-1.1
-4.0,-4.0,-1.1
-4.0,-4.0,-1.1
-4.0,-4.0,-1.1
-4.0,-4.0,-1.1
-4.0,-4.0,-1.1
-4.0,-4.0,-1.1
-4.0,-4.0,-1.1
-4.0,-4.0,-1.1
-4.0,-4.0,-1.1
-4.0,-4.0,-1.1
-4.0,-4.0,-1.1
-4.0,-4.0,-1.1
-4.0,-4.0,-1.1
-4.0,-4.0,-1.1
-4.0,-4.0,-1.1
-4.0,-4.0,-1.1
-4.0,-4.0,-1.1
-4.0,-4.0,-1.1
-4.0,-4.0,-1.1
-4.0,-4.0,-1.1
-4.0,-4.0,-1.1
-4.0,-4.0,-1.1
-4.0,-4.0,-1.1
-4.0,-4.0,-1.1
-4.0,-4.0,-1.1
-4.0,-4.0,-1.1
-4.0,-4.0,-1.1
-4.0,-4.0,-1.1
-4.0,-4.0,-1.1
-4.0,-4.0,-1.1
-4.0,-4.0,-1.1
-4.0,-4.0,-1.1
-4.0,-4.0,-1.1
-4.0,-4.0,-1.1
-4.0,-4.0,-1.1
-4.0,-4.0,-1.1
-4.0,-4.0,-1.1
-4.0,-4.0,-1.1
-4.0,-4.0,-1.1
-4.0,-4.0,-1.1
-4.0,-4.0,-1.1
-4.0,-4.0,-1.1
-4.0,-4.0,-1.1
-4.0,-4.0,-1.1
-4.0,-4.0,-1.1
-4.0,-4.0,-1.1
-4.0,-4.0,-1.1
-4.0,-4.0,-1.1
-4.0,-4.0,-1.1
-4.0,-4.0,-1.1
-4.0,-4.0,-1.1
-4.0,-4.0,-1.1
-4.0,-4.0,-1.1
-4.0,-4.0,-1.1
-4.0,-4.0,-1.1
-4.0,-4.0,-1.1
-4.0,-4.0,-1.1
-4.0,-4.0,-1.1
-4.0,-4.0,-1.1
-4.0,-4.0,-1.1
-4.0,-4.0,-1.1
-4.0,-4.0,-1.1
-4.0,-4.0,-1.1
-4.0,-4.0,-1.1
-4.0,-4.0,-1.1
-4.0,-4.0,-1.1
-4.0,-4.0,-1.1
-4.0,-4.0,-1.1
-4.0,-4.0,-1.1
-4.0,-4.0,-1.1
-4.0,-4.0,-1.1
-4.0,-4.0,-1.1
-4.0,-4.0,-1.1
-4.0,-4.0,-1.1
-4.0,-4.0,-1.1
-4.0,-4.0,-1.1
-4.0,-4.0,-1.1
-4.0,-4.0,-1.1
-4.0,-4.0,-1.1
-4.0,-4.0,-1.1
-4.0,-4.0,-1.1
-4.0,-4.0,-1.1
-4.0,-4.0,-1.1
-4.0,-4.0,-1.1
-4.0,-4.0,-1.1
-4.0,-4.0,-1.1
-4.0,-4.0,-1.1
-4.0,-4.0,-1.1
-4.0,-4.0,-1.1
-4.0,-4.0,-1.1
-4.0,-4.0,-1.1
-4.0,-4.0,-1.1
-4.0,-4.0,-1.1
-4.0,-4.0,-1.1
-4.0,-4.0,-1.1
-4.0,-4.0,-1.1
-4.0,-4.0,-1.1
-4.0,-4.0,-1.1
-4.0,-4.0,-1.1
-4.0,-4.0,-1.1
-4.0,-4.0,-1.1
-4.0,-4.0,-1.1
-4.0,-4.0,-1.1
-4.0,-4.0,-1.1
-4.0,-4.0,-1.1
-4.0,-4.0,-1.1
-4.0,-4.0,-1.1
-4.0,-4.0,-1.1
-4.0,-4.0,-1.1
-4.0,-4.0,-1.1
-4.0,-4.0,-1.1
-4.0,-4.0,-1.1
-4.0,-4.0,-1.1
-4.0,-4.0,-1.1
-4.0,-4.0,-1.1
-4.0,-4.0,-1.1
-4.0,-4.0,-1.1
-4.0,-4.0,-1.1
-4.0,-4.0,-1.1
-4.0,-4.0,-1.1
-4.0,-4.0,-1.1
-4.0,-4.0,-1.1
-4.0,-4.0,-1.1
-4.0,-4.0,-1.1
-4.0,-4.0,-1.1
-4.0,-4.0,-1.1
-4.0,-4.0,-1.1
-4.0,-4.0,-1.1
-4.0,-4.0,-1.1
-4.0,-4.0,-1.1
-4.0,-4.0,-1.1
-4.0,-4.0,-1.1
-4.0,-4.0,-1.1
-4.0,-4.0,-1.1
-4.0,-4.0,-1.1
-4.0,-4.0,-1.1
-4.0,-4.0,-1.1
-4.0,-4.0,-1.1
-4.0,-4.0,-1.1
-4.0,-4.0,-1.1
-4.0,-4.0,-1.1
-4.0,-4.0,-1.1
-4.0,-4.0,-1.1
-4.0,-4.0,-1.1
-4.0,-4.0,-1.1
-4.0,-4.0,-1.1
-4.0,-4.0,-1.1
-4.0,-4.0,-1.1
-4.0,-4.0,-1.1
-4.0,-4.0,-1.1
-4.0,-4.0,-1.1
-4.0,-4.0,-1.1
-4.0,-4.0,-1.1
-4.0,-4.0,-1.1
-4.0,-4.0,-1.1
-4.0,-4.0,-1.1
-4.0,-4.0,-1.1
-4.0,-4.0,-1.1
-4.0,-4.0,-1.1
-4.0,-4.0,-1.1
-4.0,-4.0,-1.1
-4.0,-4.0,-1.1
-4.0,-4.0,-1.1
-4.0,-4.0,-1.1
-4.0,-4.0,-1.1
-4.0,-4.0,-1.1
-4.0,-4.0,-1.1
-4.0,-4.0,-1.1
-4.0,-4.0,-1.1
-4.0,-4.0,-1.1
-4.0,-4.0,-1.1
-4.0,-4.0,-1.1
-4.0,-4.0,-1.1
-4.0,-4.0,-1.1
-4.0,-4.0,-1.1
-4.0,-4.0,-1.1
-4.0,-4.0,-1.1
-4.0,-4.0,-1.1
-4.0,-4.0,-1.1
-4.0,-4.0,-1.1
-4.0,-4.0,-1.1
-4.0,-4.0,-1.1
-4.0,-4.0,-1.1
-4.0,-4.0,-1.1
-4.0,-4.0,-1.1
-4.0,-4.0,-1.1
-4.0,-4.0,-1.1
-4.0,-4.0,-1.1
-4.0,-4.0,-1.1
-4.0,-4.0,-1.1
-4.0,-4.0,-1.1
-4.0,-4.0,-1.1
-4.0,-4.0,-1.1
-4.0,-4.0,-1.1
-4.0,-4.0,-1.1
-4.0,-4.0,-1.1
-4.0,-4.0,-1.1
-4.0,-4.0,-1.1
-4.0,-4.0,-1.1
-4.0,-4.0,-1.1
-4.0,-4.0,-1.1
-4.0,-4.0,-1.1
-4.0,-4.0,-1.1
-4.0,-4.0,-1.1
-4.0,-4.0,-1.1
-4.0,-4.0,-1.1
-4.0,-4.0,-1.1
-4.0,-4.0,-1.1
-4.0,-4.0,-1.1
-4.0,-4.0,-1.1
-4.0,-4.0,-1.1
-4.0,-4.0,-1.1
-4.0,-4.0,-1.1
-4.0,-4.0,-1.1
-4.0,-4.0,-1.1
-4.0,-4.0,-1.1
-4.0,-4.0,-1.1
-4.0,-4.0,-1.1
-4.0,-4.0,-1.1
-4.0,-4.0,-1.1
-4.0,-4.0,-1.1
-4.0,-4.0,-1.1
-4.0,-4.0,-1.1
-4.0,-4.0,-1.1
-4.0,-4.0,-1.1
-4.0,-4.0,-1.1
-4.0,-4.0,-1.1
-4.0,-4.0,-1.1
-4.0,-4.0,-1.1
-4.0,-4.0,-1.1
-4.0,-4.0,-1.1
-4.0,-4.0,-1.1
-4.0,-4.0,-1.1
-4.0,-4.0,-1.1
-4.0,-4.0,-1.1
-4.0,-4.0,-1.1
-4.0,-4.0,-1.1
-4.0,-4.0,-1.1
-4.0,-4.0,-1.1
-4.0,-4.0,-1.1
-4.0,-4.0,-1.1
-4.0,-4.0,-1.1
-4.0,-4.0,-1.1
-4.0,-4.0,-1.1
-4.0,-4.0,-1.1
-4.0,-4.0,-1.1
-4.0,-4.0,-1.1
-4.0,-4.0,-1.1
-4.0,-4.0,-1.1
-4.0,-4.0,-1.1
-4.0,-4.0,-1.1
-4.0,-4.0,-1.1
-4.0,-4.0,-1.1
-4.0,-4.0,-1.1
-4.0,-4.0,-1.1
-4.0,-4.0,-1.1
-4.0,-4.0,-1.1
-4.0,-4.0,-1.1
-4.0,-4.0,-1.1
-4.0,-4.0,-1.1
-4.0,-4.0,-1.1
-4.0,-4.0,-1.1
-4.0,-4.0,-1.1
-4.0,-4.0,-1.1
-4.0,-4.0,-1.1
-4.0,-4.0,-1.1
-4.0,-4.0,-1.1
-4.0,-4.0,-1.1
-4.0,-4.0,-1.1
-4.0,-4.0,-1.1
-4.0,-4.0,-1.1
-4.0,-4.0,-1.1
-4.0,-4.0,-1.1
-4.0,-4.0,-1.1
-4.0,-4.0,-1.1
-4.0,-4.0,-1.1
-4.0,-4.0,-1.1
-4.0,-4.0,-1.1
-4.0,-4.0,-1.1
-4.0,-4.0,-1.1
-4.0,-4.0,-1.1
-4.0,-4.0,-1.1
-4.0,-4.0,-1.1
-4.0,-4.0,-1.1
-4.0,-4.0,-1.1
-4.0,-4.0,-1.1
-4.0,-4.0,-1.1
-4.0,-4.0,-1.1
-4.0,-4.0,-1.1
-4.0,-4.0,-1.1
-4.0,-4.0,-1.1
-4.0,-4.0,-1.1
-4.0,-4.0,-1.1
-4.0,-4.0,-1.1
-4.0,-4.0,-1.1
-4.0,-4.0,-1.1
-4.0,-4.0,-1.1
-4.0,-4.0,-1.1
-4.0,-4.0,-1.1
-4.0,-4.0,-1.1
-4.0,-4.0,-1.1
-4.0,-4.0,-1.1
-4.0,-4.0,-1.1
-4.0,-4.0,-1.1
-4.0,-4.0,-1.1
-4.0,-4.0,-1.1
-4.0,-4.0,-1.1
-4.0,-4.0,-1.1
-4.0,-4.0,-1.1
-4.0,-4.0,-1.1
-4.0,-4.0,-1.1
-4.0,-4.0,-1.1
-4.0,-4.0,-1.1
-4.0,-4.0,-1.1
-4.0,-4.0,-1.1
-4.0,-4.0,-1.1
-4.0,-4.0,-1.1
-4.0,-4.0,-1.1
-4.0,-4.0,-1.1
-4.0,-4.0,-1.1
-4.0,-4.0,-1.1
-4.0,-4.0,-1.1
-4.0,-4.0,-1.1
-4.0,-4.0,-1.1
-4.0,-4.0,-1.1
-4.0,-4.0,-1.1
-4.0,-4.0,-1.1
-4.0,-4.0,-1.1
-4.0,-4.0,-1.1
-4.0,-4.0,-1.1
-4.0,-4.0,-1.1
-4.0,-4.0,-1.1
-4.0,-4.0,-1.1
-4.0,-4.0,-1.1
-4.0,-4.0,-1.1
-4.0,-4.0,-1.1
-4.0,-4.0,-1.1
-4.0,-4.0,-1.1
-4.0,-4.0,-1.1
-4.0,-4.0,-1.1
-4.0,-4.0,-1.1
-4.0,-4.0,-1.1
-4.0,-4.0,-1.1
-4.0,-4.0,-1.1
-4.0,-4.0,-1.1
-4.0,-4.0,-1.1
-4.0,-4.0,-1.1
-4.0,-4.0,-1.1
-4.0,-4.0,-1.1
-4.0,-4.0,-1.1
-4.0,-4.0,-1.1
-4.0,-4.0,-1.1
-4.0,-4.0,-1.1
-4.0,-4.0,-1.1
-4.0,-4.0,-1.1
-4.0,-4.0,-1.1
-4.0,-4.0,-1.1
-4.0,-4.0,-1.1
-4.0,-4.0,-1.1
-4.0,-4.0,-1.1
-4.0,-4.0,-1.1
-4.0,-4.0,-1.1
-4.0,-4.0,-1.1
-4.0,-4.0,-1.1
-4.0,-4.0,-1.1
-4.0,-4.0,-1.1
-4.0,-4.0,-1.1
-4.0,-4.0,-1.1
-4.0,-4.0,-1.1
-4.0,-4.0,-1.1
-4.0,-4.0,-1.1
-4.0,-4.0,-1.1
-4.0,-4.0,-1.1
-4.0,-4.0,-1.1
-4.0,-4.0,-1.1
-4.0,-4.0,-1.1
-4.0,-4.0,-1.1
-4.0,-4.0,-1.1
-4.0,-4.0,-1.1
-4.0,-4.0,-1.1
-4.0,-4.0,-1.1
-4.0,-4.0,-1.1
-4.0,-4.0,-1.1
-4.0,-4.0,-1.1
-4.0,-4.0,-1.1
-4.0,-4.0,-1.1
-4.0,-4.0,-1.1
-4.0,-4.0,-1.1
-4.0,-4.0,-1.1
-4.0,-4.0,-1.1
-4.0,-4.0,-1.1
-4.0,-4.0,-1.1
-4.0,-4.0,-1.1
-4.0,-4.0,-1.1
-4.0,-4.0,-1.1
-4.0,-4.0,-1.1
-4.0,-4.0,-1.1
-4.0,-4.0,-1.1
-4.0,-4.0,-1.1
-4.0,-4.0,-1.1
-4.0,-4.0,-1.1
-4.0,-4.0,-1.1
-4.0,-4.0,-1.1
-4.0,-4.0,-1.1
-4.0,-4.0,-1.1
-4.0,-4.0,-1.1
-4.0,-4.0,-1.1
-4.0,-4.0,-1.1
-4.0,-4.0,-1.1
-4.0,-4.0,-1.1
-4.0,-4.0,-1.1
-4.0,-4.0,-1.1
-4.0,-4.0,-1.1
-4.0,-4.0,-1.1
-4.0,-4.0,-1.1
-4.0,-4.0,-1.1
-4.0,-4.0,-1.1
-4.0,-4.0,-1.1
-4.0,-4.0,-1.1
-4.0,-4.0,-1.1
-4.0,-4.0,-1.1
-4.0,-4.0,-1.1
-4.0,-4.0,-1.1
-4.0,-4.0,-1.1
-4.0,-4.0,-1.1
-4.0,-4.0,-1.1
-4.0,-4.0,-1.1
-4.0,-4.0,-1.1
-4.0,-4.0,-1.1
-4.0,-4.0,-1.1
-4.0,-4.0,-1.1
-4.0,-4.0,-1.1
-4.0,-4.0,-1.1
-4.0,-4.0,-1.1
-4.0,-4.0,-1.1
-4.0,-4.0,-1.1
-4.0,-4.0,-1.1
-4.0,-4.0,-1.1
-4.0,-4.0,-1.1
-4.0,-4.0,-1.1
-4.0,-4.0,-1.1
-4.0,-4.0,-1.1
-4.0,-4.0,-1.1
-4.0,-4.0,-1.1
-4.0,-4.0,-1.1
-4.0,-4.0,-1.1
-4.0,-4.0,-1.1
-4.0,-4.0,-1.1
-4.0,-4.0,-1.1
-4.0,-4.0,-1.1
-4.0,-4.0,-1.1
-4.0,-4.0,-1.1
-4.0,-4.0,-1.1
-4.0,-4.0,-1.1
-4.0,-4.0,-1.1
-4.0,-4.0,-1.1
-4.0,-4.0,-1.1
-4.0,-4.0,-1.1
-4.0,-4.0,-1.1
-4.0,-4.0,-1.1
-4.0,-4.0,-1.1
-4.0,-4.0,-1.1
-4.0,-4.0,-1.1
-4.0,-4.0,-1.1
-4.0,-4.0,-1.1
-4.0,-4.0,-1.1
-4.0,-4.0,-1.1
-4.0,-4.0,-1.1
-4.0,-4.0,-1.1
-4.0,-4.0,-1.1
-4.0,-4.0,-1.1
-4.0,-4.0,-1.1
-4.0,-4.0,-1.1
-4.0,-4.0,-1.1
-4.0,-4.0,-1.1
-4.0,-4.0,-1.1
-4.0,-4.0,-1.1
-4.0,-4.0,-1.1
-4.0,-4.0,-1.1
-4.0,-4.0,-1.1
-4.0,-4.0,-1.1
-4.0,-4.0,-1.1
-4.0,-4.0,-1.1
-4.0,-4.0,-1.1
-4.0,-4.0,-1.1
-4.0,-4.0,-1.1
-4.0,-4.0,-1.1
-4.0,-4.0,-1.1
-4.0,-4.0,-1.1
-4.0,-4.0,-1.1
-4.0,-4.0,-1.1
-4.0,-4.0,-1.1
-4.0,-4.0,-1.1
-4.0,-4.0,-1.1
-4.0,-4.0,-1.1
-4.0,-4.0,-1.1
-4.0,-4.0,-1.1
-4.0,-4.0,-1.1
-4.0,-4.0,-1.1
-4.0,-4.0,-1.1
-4.0,-4.0,-1.1
-4.0,-4.0,-1.1
-4.0,-4.0,-1.1
-4.0,-4.0,-1.1
-4.0,-4.0,-1.1
-4.0,-4.0,-1.1
-4.0,-4.0,-1.1
-4.0,-4.0,-1.1
-4.0,-4.0,-1.1
-4.0,-4.0,-1.1
-4.0,-4.0,-1.1
-4.0,-4.0,-1.1
-4.0,-4.0,-1.1
-4.0,-4.0,-1.1
-4.0,-4.0,-1.1
-4.0,-4.0,-1.1
-4.0,-4.0,-1.1
-4.0,-4.0,-1.1
-4.0,-4.0,-1.1
-4.0,-4.0,-1.1
-4.0,-4.0,-1.1
-4.0,-4.0,-1.1
-4.0,-4.0,-1.1
-4.0,-4.0,-1.1
-4.0,-4.0,-1.1
-4.0,-4.0,-1.1
-4.0,-4.0,-1.1
-4.0,-4.0,-1.1
-4.0,-4.0,-1.1
-4.0,-4.0,-1.1
-4.0,-4.0,-1.1
-4.0,-4.0,-1.1
-4.0,-4.0,-1.1
-4.0,-4.0,-1.1
-4.0,-4.0,-1.1
-4.0,-4.0,-1.1
-4.0,-4.0,-1.1
-4.0,-4.0,-1.1
-4.0,-4.0,-1.1
-4.0,-4.0,-1.1
-4.0,-4.0,-1.1
-4.0,-4.0,-1.1
-4.0,-4.0,-1.1
-4.0,-4.0,-1.1
-4.0,-4.0,-1.1
-4.0,-4.0,-1.1
-4.0,-4.0,-1.1
-4.0,-4.0,-1.1
-4.0,-4.0,-1.1
-4.0,-4.0,-1.1
-4.0,-4.0,-1.1
-4.0,-4.0,-1.1
-4.0,-4.0,-1.1
-4.0,-4.0,-1.1
-4.0,-4.0,-1.1
-4.0,-4.0,-1.1
-4.0,-4.0,-1.1
-4.0,-4.0,-1.1
-4.0,-4.0,-1.1
-4.0,-4.0,-1.1
-4.0,-4.0,-1.1
-4.0,-4.0,-1.1
-4.0,-4.0,-1.1
-4.0,-4.0,-1.1
-4.0,-4.0,-1.1
-4.0,-4.0,-1.1
-4.0,-4.0,-1.1
-4.0,-4.0,-1.1
-4.0,-4.0,-1.1
-4.0,-4.0,-1.1
-4.0,-4.0,-1.1
-4.0,-4.0,-1.1
-4.0,-4.0,-1.1
-4.0,-4.0,-1.1
-4.0,-4.0,-1.1
-4.0,-4.0,-1.1
-4.0,-4.0,-1.1
-4.0,-4.0,-1.1
-4.0,-4.0,-1.1
-4.0,-4.0,-1.1
-4.0,-4.0,-1.1
-4.0,-4.0,-1.1
-4.0,-4.0,-1.1
-4.0,-4.0,-1.1
-4.0,-4.0,-1.1
-4.0,-4.0,-1.1
-4.0,-4.0,-1.1
-4.0,-4.0,-1.1
-4.0,-4.0,-1.1
-4.0,-4.0,-1.1
-4.0,-4.0,-1.1
-4.0,-4.0,-1.1
-4.0,-4.0,-1.1
-4.0,-4.0,-1.1
-4.0,-4.0,-1.1
-4.0,-4.0,-1.1
-4.0,-4.0,-1.1
-4.0,-4.0,-1.1
-4.0,-4.0,-1.1
-4.0,-4.0,-1.1
-4.0,-4.0,-1.1
-4.0,-4.0,-1.1
-4.0,-4.0,-1.1
-4.0,-4.0,-1.1
-4.0,-4.0,-1.1
-4.0,-4.0,-1.1
-4.0,-4.0,-1.1
-4.0,-4.0,-1.1
-4.0,-4.0,-1.1
-4.0,-4.0,-1.1
-4.0,-4.0,-1.1
-4.0,-4.0,-1.1
-4.0,-4.0,-1.1
-4.0,-4.0,-1.1
-4.0,-4.0,-1.1
-4.0,-4.0,-1.1
-4.0,-4.0,-1.1
-4.0,-4.0,-1.1
-4.0,-4.0,-1.1
-4.0,-4.0,-1.1
-4.0,-4.0,-1.1
-4.0,-4.0,-1.1
-4.0,-4.0,-1.1
-4.0,-4.0,-1.1
-4.0,-4.0,-1.1
-4.0,-4.0,-1.1
-4.0,-4.0,-1.1
-4.0,-4.0,-1.1
-4.0,-4.0,-1.1
-4.0,-4.0,-1.1
-4.0,-4.0,-1.1
-4.0,-4.0,-1.1
-4.0,-4.0,-1.1
-4.0,-4.0,-1.1
-4.0,-4.0,-1.1
-4.0,-4.0,-1.1
-4.0,-4.0,-1.1
-4.0,-4.0,-1.1
-4.0,-4.0,-1.1
-4.0,-4.0,-1.1
-4.0,-4.0,-1.1
-4.0,-4.0,-1.1
-4.0,-4.0,-1.1
-4.0,-4.0,-1.1
-4.0,-4.0,-1.1
-4.0,-4.0,-1.1
-4.0,-4.0,-1.1
-4.0,-4.0,-1.1
-4.0,-4.0,-1.1
-4.0,-4.0,-1.1
-4.0,-4.0,-1.1
-4.0,-4.0,-1.1
-4.0,-4.0,-1.1
-4.0,-4.0,-1.1
-4.0,-4.0,-1.1
-4.0,-4.0,-1.1
-4.0,-4.0,-1.1
-4.0,-4.0,-1.1
-4.0,-4.0,-1.1
-4.0,-4.0,-1.1
-4.0,-4.0,-1.1
-4.0,-4.0,-1.1
-4.0,-4.0,-1.1
-4.0,-4.0,-1.1
-4.0,-4.0,-1.1
-4.0,-4.0,-1.1
-4.0,-4.0,-1.1
-4.0,-4.0,-1.1
-4.0,-4.0,-1.1
-4.0,-4.0,-1.1
-4.0,-4.0,-1.1
-4.0,-4.0,-1.1
-4.0,-4.0,-1.1
-4.0,-4.0,-1.1
-4.0,-4.0,-1.1
-4.0,-4.0,-1.1
-4.0,-4.0,-1.1
-4.0,-4.0,-1.1
-4.0,-4.0,-1.1
-4.0,-4.0,-1.1
-4.0,-4.0,-1.1
-4.0,-4.0,-1.1
-4.0,-4.0,-1.1
-4.0,-4.0,-1.1
-4.0,-4.0,-1.1
-4.0,-4.0,-1.1
-4.0,-4.0,-1.1
-4.0,-4.0,-1.1
-4.0,-4.0,-1.1
-4.0,-4.0,-1.1
-4.0,-4.0,-1.1
-4.0,-4.0,-1.1
-4.0,-4.0,-1.1
-4.0,-4.0,-1.1
-4.0,-4.0,-1.1
-4.0,-4.0,-1.1
-4.0,-4.0,-1.1
-4.0,-4.0,-1.1
-4.0,-4.0,-1.1
-4.0,-4.0,-1.1
-4.0,-4.0,-1.1
-4.0,-4.0,-1.1
-4.0,-4.0,-1.1
-4.0,-4.0,-1.1
-4.0,-4.0,-1.1
-4.0,-4.0,-1.1
-4.0,-4.0,-1.1
-4.0,-4.0,-1.1
-4.0,-4.0,-1.1
-4.0,-4.0,-1.1
-4.0,-4.0,-1.1
-4.0,-4.0,-1.1
-4.0,-4.0,-1.1
-4.0,-4.0,-1.1
-4.0,-4.0,-1.1
-4.0,-4.0,-1.1
-4.0,-4.0,-1.1
-4.0,-4.0,-1.1
-4.0,-4.0,-1.1
-4.0,-4.0,-1.1
-4.0,-4.0,-1.1
-4.0,-4.0,-1.1
-4.0,-4.0,-1.1
-4.0,-4.0,-1.1
-4.0,-4.0,-1.1
-4.0,-4.0,-1.1
-4.0,-4.0,-1.1
-4.0,-4.0,-1.1
-4.0,-4.0,-1.1
-4.0,-4.0,-1.1
-4.0,-4.0,-1.1
-4.0,-4.0,-1.1
-4.0,-4.0,-1.1
-4.0,-4.0,-1.1
-4.0,-4.0,-1.1
-4.0,-4.0,-1.1
-4.0,-4.0,-1.1
-4.0,-4.0,-1.1
-4.0,-4.0,-1.1
-4.0,-4.0,-1.1
-4.0,-4.0,-1.1
-4.0,-4.0,-1.1
-4.0,-4.0,-1.1
-4.0,-4.0,-1.1
-4.0,-4.0,-1.1
-4.0,-4.0,-1.1
-4.0,-4.0,-1.1
-4.0,-4.0,-1.1
-4.0,-4.0,-1.1
-4.0,-4.0,-1.1
-4.0,-4.0,-1.1
-4.0,-4.0,-1.1
-4.0,-4.0,-1.1
-4.0,-4.0,-1.1
-4.0,-4.0,-1.1
-4.0,-4.0,-1.1
-4.0,-4.0,-1.1
-4.0,-4.0,-1.1
-4.0,-4.0,-1.1
-4.0,-4.0,-1.1
-4.0,-4.0,-1.1
-4.0,-4.0,-1.1
-4.0,-4.0,-1.1
-4.0,-4.0,-1.1
-4.0,-4.0,-1.1
-4.0,-4.0,-1.1
-4.0,-4.0,-1.1
-4.0,-4.0,-1.1
-4.0,-4.0,-1.1
-4.0,-4.0,-1.1
-4.0,-4.0,-1.1
-4.0,-4.0,-1.1
-4.0,-4.0,-1.1
-4.0,-4.0,-1.1
-4.0,-4.0,-1.1
-4.0,-4.0,-1.1
-4.0,-4.0,-1.1
-4.0,-4.0,-1.1
-4.0,-4.0,-1.1
-4.0,-4.0,-1.1
-4.0,-4.0,-1.1
-4.0,-4.0,-1.1
-4.0,-4.0,-1.1
-4.0,-4.0,-1.1
-4.0,-4.0,-1.1
-4.0,-4.0,-1.1
-4.0,-4.0,-1.1
-4.0,-4.0,-1.1
-4.0,-4.0,-1.1
-4.0,-4.0,-1.1
-4.0,-4.0,-1.1
-4.0,-4.0,-1.1
-4.0,-4.0,-1.1
-4.0,-4.0,-1.1
-4.0,-4.0,-1.1
-4.0,-4.0,-1.1
-4.0,-4.0,-1.1
-4.0,-4.0,-1.1
-4.0,-4.0,-1.1
-4.0,-4.0,-1.1
-4.0,-4.0,-1.1
-4.0,-4.0,-1.1
-4.0,-4.0,-1.1
-4.0,-4.0,-1.1
-4.0,-4.0,-1.1
-4.0,-4.0,-1.1
-4.0,-4.0,-1.1
-4.0,-4.0,-1.1
-4.0,-4.0,-1.1
-4.0,-4.0,-1.1
-4.0,-4.0,-1.1
-4.0,-4.0,-1.1
-4.0,-4.0,-1.1
-4.0,-4.0,-1.1
-4.0,-4.0,-1.1
-4.0,-4.0,-1.1
-4.0,-4.0,-1.1
-4.0,-4.0,-1.1
-4.0,-4.0,-1.1
-4.0,-4.0,-1.1
-4.0,-4.0,-1.1
-4.0,-4.0,-1.1
-4.0,-4.0,-1.1
-4.0,-4.0,-1.1
-4.0,-4.0,-1.1
-4.0,-4.0,-1.1
-4.0,-4.0,-1.1
-4.0,-4.0,-1.1
-4.0,-4.0,-1.1
-4.0,-4.0,-1.1
-4.0,-4.0,-1.1
-4.0,-4.0,-1.1
-4.0,-4.0,-1.1
-4.0,-4.0,-1.1
-4.0,-4.0,-1.1
-4.0,-4.0,-1.1
-4.0,-4.0,-1.1
-4.0,-4.0,-1.1
-4.0,-4.0,-1.1
-4.0,-4.0,-1.1
-4.0,-4.0,-1.1
-4.0,-4.0,-1.1
-4.0,-4.0,-1.1
-4.0,-4.0,-1.1
-4.0,-4.0,-1.1
-4.0,-4.0,-1.1
-4.0,-4.0,-1.1
-4.0,-4.0,-1.1
-4.0,-4.0,-1.1
-4.0,-4.0,-1.1
-4.0,-4.0,-1.1
-4.0,-4.0,-1.1
-4.0,-4.0,-1.1
-4.0,-4.0,-1.1
-4.0,-4.0,-1.1
-4.0,-4.0,-1.1
-4.0,-4.0,-1.1
-4.0,-4.0,-1.1
-4.0,-4.0,-1.1
-4.0,-4.0,-1.1
-4.0,-4.0,-1.1
-4.0,-4.0,-1.1
-4.0,-4.0,-1.1
-4.0,-4.0,-1.1
-4.0,-4.0,-1.1
-4.0,-4.0,-1.1
-4.0,-4.0,-1.1
-4.0,-4.0,-1.1
-4.0,-4.0,-1.1
-4.0,-4.0,-1.1
-4.0,-4.0,-1.1
-4.0,-4.0,-1.1
-4.0,-4.0,-1.1
-4.0,-4.0,-1.1
-4.0,-4.0,-1.1
-4.0,-4.0,-1.1
-4.0,-4.0,-1.1
-4.0,-4.0,-1.1
-4.0,-4.0,-1.1
-4.0,-4.0,-1.1
-4.0,-4.0,-1.1
-4.0,-4.0,-1.1
-4.0,-4.0,-1.1
-4.0,-4.0,-1.1
-4.0,-4.0,-1.1
-4.0,-4.0,-1.1
-4.0,-4.0,-1.1
-4.0,-4.0,-1.1
-4.0,-4.0,-1.1
-4.0,-4.0,-1.1
-4.0,-4.0,-1.1
-4.0,-4.0,-1.1
-4.0,-4.0,-1.1
-4.0,-4.0,-1.1
-4.0,-4.0,-1.1
-4.0,-4.0,-1.1
-4.0,-4.0,-1.1
-4.0,-4.0,-1.1
-4.0,-4.0,-1.1
-4.0,-4.0,-1.1
-4.0,-4.0,-1.1
-4.0,-4.0,-1.1
-4.0,-4.0,-1.1
-4.0,-4.0,-1.1
-4.0,-4.0,-1.1
-4.0,-4.0,-1.1
-4.0,-4.0,-1.1
-4.0,-4.0,-1.1
-4.0,-4.0,-1.1
-4.0,-4.0,-1.1
-4.0,-4.0,-1.1
-4.0,-4.0,-1.1
-4.0,-4.0,-1.1
-4.0,-4.0,-1.1
-4.0,-4.0,-1.1
-4.0,-4.0,-1.1
-4.0,-4.0,-1.1
-4.0,-4.0,-1.1
-4.0,-4.0,-1.1
-4.0,-4.0,-1.1
-4.0,-4.0,-1.1
-4.0,-4.0,-1.1
-4.0,-4.0,-1.1
-4.0,-4.0,-1.1
-4.0,-4.0,-1.1
-4.0,-4.0,-1.1
-4.0,-4.0,-1.1
-4.0,-4.0,-1.1
-4.0,-4.0,-1.1
-4.0,-4.0,-1.1
-4.0,-4.0,-1.1
-4.0,-4.0,-1.1
-4.0,-4.0,-1.1
-4.0,-4.0,-1.1
-4.0,-4.0,-1.1
-4.0,-4.0,-1.1
-4.0,-4.0,-1.1
-4.0,-4.0,-1.1
-4.0,-4.0,-1.1
-4.0,-4.0,-1.1
-4.0,-4.0,-1.1
-4.0,-4.0,-1.1
-4.0,-4.0,-1.1
-4.0,-4.0,-1.1
-4.0,-4.0,-1.1
-4.0,-4.0,-1.1
-4.0,-4.0,-1.1
-4.0,-4.0,-1.1
-4.0,-4.0,-1.1
-4.0,-4.0,-1.1
-4.0,-4.0,-1.1
-4.0,-4.0,-1.1
-4.0,-4.0,-1.1
-4.0,-4.0,-1.1
-4.0,-4.0,-1.1
-4.0,-4.0,-1.1
-4.0,-4.0,-1.1
-4.0,-4.0,-1.1
-4.0,-4.0,-1.1
-4.0,-4.0,-1.1
-4.0,-4.0,-1.1
-4.0,-4.0,-1.1
-4.0,-4.0,-1.1
-4.0,-4.0,-1.1
-4.0,-4.0,-1.1
-4.0,-4.0,-1.1
-4.0,-4.0,-1.1
-4.0,-4.0,-1.1
-4.0,-4.0,-1.1
-4.0,-4.0,-1.1
-4.0,-4.0,-1.1
-4.0,-4.0,-1.1
-4.0,-4.0,-1.1
-4.0,-4.0,-1.1
-4.0,-4.0,-1.1
-4.0,-4.0,-1.1
-4.0,-4.0,-1.1
-4.0,-4.0,-1.1
-4.0,-4.0,-1.1
-4.0,-4.0,-1.1
-4.0,-4.0,-1.1
-4.0,-4.0,-1.1
-4.0,-4.0,-1.1
-4.0,-4.0,-1.1
-4.0,-4.0,-1.1
-4.0,-4.0,-1.1
-4.0,-4.0,-1.1
-4.0,-4.0,-1.1
-4.0,-4.0,-1.1
-4.0,-4.0,-1.1
-4.0,-4.0,-1.1
-4.0,-4.0,-1.1
-4.0,-4.0,-1.1
-4.0,-4.0,-1.1
-4.0,-4.0,-1.1
-4.0,-4.0,-1.1
-4.0,-4.0,-1.1
-4.0,-4.0,-1.1
-4.0,-4.0,-1.1
-4.0,-4.0,-1.1
-4.0,-4.0,-1.1
-4.0,-4.0,-1.1
-4.0,-4.0,-1.1
-4.0,-4.0,-1.1
-4.0,-4.0,-1.1
-4.0,-4.0,-1.1
-4.0,-4.0,-1.1
-4.0,-4.0,-1.1
-4.0,-4.0,-1.1
-4.0,-4.0,-1.1
-4.0,-4.0,-1.1
-4.0,-4.0,-1.1
-4.0,-4.0,-1.1
-4.0,-4.0,-1.1
-4.0,-4.0,-1.1
-4.0,-4.0,-1.1
-4.0,-4.0,-1.1
-4.0,-4.0,-1.1
-4.0,-4.0,-1.1
-4.0,-4.0,-1.1
-4.0,-4.0,-1.1
-4.0,-4.0,-1.1
-4.0,-4.0,-1.1
-4.0,-4.0,-1.1
-4.0,-4.0,-1.1
-4.0,-4.0,-1.1
-4.0,-4.0,-1.1
-4.0,-4.0,-1.1
-4.0,-4.0,-1.1
-4.0,-4.0,-1.1
-4.0,-4.0,-1.1
-4.0,-4.0,-1.1
-4.0,-4.0,-1.1
-4.0,-4.0,-1.1
-4.0,-4.0,-1.1
-4.0,-4.0,-1.1
-4.0,-4.0,-1.1
-4.0,-4.0,-1.1
-4.0,-4.0,-1.1
-4.0,-4.0,-1.1
-4.0,-4.0,-1.1
-4.0,-4.0,-1.1
-4.0,-4.0,-1.1
-4.0,-4.0,-1.1
-4.0,-4.0,-1.1
-4.0,-4.0,-1.1
-4.0,-4.0,-1.1
-4.0,-4.0,-1.1
-4.0,-4.0,-1.1
-4.0,-4.0,-1.1
-4.0,-4.0,-1.1
-4.0,-4.0,-1.1
-4.0,-4.0,-1.1
-4.0,-4.0,-1.1
-4.0,-4.0,-1.1
-4.0,-4.0,-1.1
-4.0,-4.0,-1.1
-4.0,-4.0,-1.1
-4.0,-4.0,-1.1
-4.0,-4.0,-1.1
-4.0,-4.0,-1.1
-4.0,-4.0,-1.1
-4.0,-4.0,-1.1
-4.0,-4.0,-1.1
-4.0,-4.0,-1.1
-4.0,-4.0,-1.1
-4.0,-4.0,-1.1
-4.0,-4.0,-1.1
-4.0,-4.0,-1.1
-4.0,-4.0,-1.1
-4.0,-4.0,-1.1
-4.0,-4.0,-1.1
-4.0,-4.0,-1.1
-4.0,-4.0,-1.1
-4.0,-4.0,-1.1
-4.0,-4.0,-1.1
-4.0,-4.0,-1.1
-4.0,-4.0,-1.1
-4.0,-4.0,-1.1
-4.0,-4.0,-1.1
-4.0,-4.0,-1.1
-4.0,-4.0,-1.1
-4.0,-4.0,-1.1
-4.0,-4.0,-1.1
-4.0,-4.0,-1.1
-4.0,-4.0,-1.1
-4.0,-4.0,-1.1
-4.0,-4.0,-1.1
-4.0,-4.0,-1.1
-4.0,-4.0,-1.1
-4.0,-4.0,-1.1
-4.0,-4.0,-1.1
-4.0,-4.0,-1.1
-4.0,-4.0,-1.1
-4.0,-4.0,-1.1
-4.0,-4.0,-1.1
-4.0,-4.0,-1.1
-4.0,-4.0,-1.1
-4.0,-4.0,-1.1
-4.0,-4.0,-1.1
-4.0,-4.0,-1.1
-4.0,-4.0,-1.1
-4.0,-4.0,-1.1
-4.0,-4.0,-1.1
-4.0,-4.0,-1.1
-4.0,-4.0,-1.1
-4.0,-4.0,-1.1
-4.0,-4.0,-1.1
-4.0,-4.0,-1.1
-4.0,-4.0,-1.1
-4.0,-4.0,-1.1
-4.0,-4.0,-1.1
-4.0,-4.0,-1.1
-4.0,-4.0,-1.1
-4.0,-4.0,-1.1
-4.0,-4.0,-1.1
-4.0,-4.0,-1.1
-4.0,-4.0,-1.1
-4.0,-4.0,-1.1
-4.0,-4.0,-1.1
-4.0,-4.0,-1.1
-4.0,-4.0,-1.1
-4.0,-4.0,-1.1
-4.0,-4.0,-1.1
-4.0,-4.0,-1.1
-4.0,-4.0,-1.1
-4.0,-4.0,-1.1
-4.0,-4.0,-1.1
-4.0,-4.0,-1.1
-4.0,-4.0,-1.1
-4.0,-4.0,-1.1
-4.0,-4.0,-1.1
-4.0,-4.0,-1.1
-4.0,-4.0,-1.1
-4.0,-4.0,-1.1
-4.0,-4.0,-1.1
-4.0,-4.0,-1.1
-4.0,-4.0,-1.1
-4.0,-4.0,-1.1
-4.0,-4.0,-1.1
-4.0,-4.0,-1.1
-4.0,-4.0,-1.1
-4.0,-4.0,-1.1
-4.0,-4.0,-1.1
-4.0,-4.0,-1.1
-4.0,-4.0,-1.1
-4.0,-4.0,-1.1
-4.0,-4.0,-1.1
-4.0,-4.0,-1.1
-4.0,-4.0,-1.1
-4.0,-4.0,-1.1
-4.0,-4.0,-1.1
-4.0,-4.0,-1.1
-4.0,-4.0,-1.1
-4.0,-4.0,-1.1
-4.0,-4.0,-1.1
-4.0,-4.0,-1.1
-4.0,-4.0,-1.1
-4.0,-4.0,-1.1
-4.0,-4.0,-1.1
-4.0,-4.0,-1.1
-4.0,-4.0,-1.1
-4.0,-4.0,-1.1
-4.0,-4.0,-1.1
-4.0,-4.0,-1.1
-4.0,-4.0,-1.1
-4.0,-4.0,-1.1
-4.0,-4.0,-1.1
-4.0,-4.0,-1.1
-4.0,-4.0,-1.1
-4.0,-4.0,-1.1
-4.0,-4.0,-1.1
-4.0,-4.0,-1.1
-4.0,-4.0,-1.1
-4.0,-4.0,-1.1
-4.0,-4.0,-1.1
-4.0,-4.0,-1.1
-4.0,-4.0,-1.1
-4.0,-4.0,-1.1
-4.0,-4.0,-1.1
-4.0,-4.0,-1.1
-4.0,-4.0,-1.1
-4.0,-4.0,-1.1
-4.0,-4.0,-1.1
-4.0,-4.0,-1.1
-4.0,-4.0,-1.1
-4.0,-4.0,-1.1
-4.0,-4.0,-1.1
-4.0,-4.0,-1.1
-4.0,-4.0,-1.1
-4.0,-4.0,-1.1
-4.0,-4.0,-1.1
-4.0,-4.0,-1.1
-4.0,-4.0,-1.1
-4.0,-4.0,-1.1
-4.0,-4.0,-1.1
-4.0,-4.0,-1.1
-4.0,-4.0,-1.1
-4.0,-4.0,-1.1
-4.0,-4.0,-1.1
-4.0,-4.0,-1.1
-4.0,-4.0,-1.1
-4.0,-4.0,-1.1
-4.0,-4.0,-1.1
-4.0,-4.0,-1.1
-4.0,-4.0,-1.1
-4.0,-4.0,-1.1
-4.0,-4.0,-1.1
-4.0,-4.0,-1.1
-4.0,-4.0,-1.1
-4.0,-4.0,-1.1
-4.0,-4.0,-1.1
-4.0,-4.0,-1.1
-4.0,-4.0,-1.1
-4.0,-4.0,-1.1
-4.0,-4.0,-1.1
-4.0,-4.0,-1.1
-4.0,-4.0,-1.1
-4.0,-4.0,-1.1
-4.0,-4.0,-1.1
-4.0,-4.0,-1.1
-4.0,-4.0,-1.1
-4.0,-4.0,-1.1
-4.0,-4.0,-1.1
-4.0,-4.0,-1.1
-4.0,-4.0,-1.1
-4.0,-4.0,-1.1
-4.0,-4.0,-1.1
-4.0,-4.0,-1.1
-4.0,-4.0,-1.1
-4.0,-4.0,-1.1
-4.0,-4.0,-1.1
-4.0,-4.0,-1.1
-4.0,-4.0,-1.1
-4.0,-4.0,-1.1
-4.0,-4.0,-1.1
-4.0,-4.0,-1.1
-4.0,-4.0,-1.1
-4.0,-4.0,-1.1
-4.0,-4.0,-1.1
-4.0,-4.0,-1.1
-4.0,-4.0,-1.1
-4.0,-4.0,-1.1
-4.0,-4.0,-1.1
-4.0,-4.0,-1.1
-4.0,-4.0,-1.1
-4.0,-4.0,-1.1
-4.0,-4.0,-1.1
-4.0,-4.0,-1.1
-4.0,-4.0,-1.1
-4.0,-4.0,-1.1
-4.0,-4.0,-1.1
-4.0,-4.0,-1.1
-4.0,-4.0,-1.1
-4.0,-4.0,-1.1
-4.0,-4.0,-1.1
-4.0,-4.0,-1.1
-4.0,-4.0,-1.1
-4.0,-4.0,-1.1
-4.0,-4.0,-1.1
-4.0,-4.0,-1.1
-4.0,-4.0,-1.1
-4.0,-4.0,-1.1
-4.0,-4.0,-1.1
-4.0,-4.0,-1.1
-4.0,-4.0,-1.1
-4.0,-4.0,-1.1
-4.0,-4.0,-1.1
-4.0,-4.0,-1.1
-4.0,-4.0,-1.1
-4.0,-4.0,-1.1
-4.0,-4.0,-1.1
-4.0,-4.0,-1.1
-4.0,-4.0,-1.1
-4.0,-4.0,-1.1
-4.0,-4.0,-1.1
-4.0,-4.0,-1.1
-4.0,-4.0,-1.1
-4.0,-4.0,-1.1
-4.0,-4.0,-1.1
-4.0,-4.0,-1.1
-4.0,-4.0,-1.1
-4.0,-4.0,-1.1
-4.0,-4.0,-1.1
-4.0,-4.0,-1.1
-4.0,-4.0,-1.1
-4.0,-4.0,-1.1
-4.0,-4.0,-1.1
-4.0,-4.0,-1.1
-4.0,-4.0,-1.1
-4.0,-4.0,-1.1
-4.0,-4.0,-1.1
-4.0,-4.0,-1.1
-4.0,-4.0,-1.1
-4.0,-4.0,-1.1
-4.0,-4.0,-1.1
-4.0,-4.0,-1.1
-4.0,-4.0,-1.1
-4.0,-4.0,-1.1
-4.0,-4.0,-1.1
-4.0,-4.0,-1.1
-4.0,-4.0,-1.1
-4.0,-4.0,-1.1
-4.0,-4.0,-1.1
-4.0,-4.0,-1.1
-4.0,-4.0,-1.1
-4.0,-4.0,-1.1
-4.0,-4.0,-1.1
-4.0,-4.0,-1.1
-4.0,-4.0,-1.1
-4.0,-4.0,-1.1
-4.0,-4.0,-1.1
-4.0,-4.0,-1.1
-4.0,-4.0,-1.1
-4.0,-4.0,-1.1
-4.0,-4.0,-1.1
-4.0,-4.0,-1.1
-4.0,-4.0,-1.1
-4.0,-4.0,-1.1
-4.0,-4.0,-1.1
-4.0,-4.0,-1.1
-4.0,-4.0,-1.1
-4.0,-4.0,-1.1
-4.0,-4.0,-1.1
-4.0,-4.0,-1.1
-4.0,-4.0,-1.1
-4.0,-4.0,-1.1
-4.0,-4.0,-1.1
-4.0,-4.0,-1.1
-4.0,-4.0,-1.1
-4.0,-4.0,-1.1
-4.0,-4.0,-1.1
-4.0,-4.0,-1.1
-4.0,-4.0,-1.1
-4.0,-4.0,-1.1
-4.0,-4.0,-1.1
-4.0,-4.0,-1.1
-4.0,-4.0,-1.1
-4.0,-4.0,-1.1
-4.0,-4.0,-1.1
-4.0,-4.0,-1.1
-4.0,-4.0,-1.1
-4.0,-4.0,-1.1
-4.0,-4.0,-1.1
-4.0,-4.0,-1.1
-4.0,-4.0,-1.1
-4.0,-4.0,-1.1
-4.0,-4.0,-1.1
-4.0,-4.0,-1.1
-4.0,-4.0,-1.1
-4.0,-4.0,-1.1
-4.0,-4.0,-1.1
-4.0,-4.0,-1.1
-4.0,-4.0,-1.1
-4.0,-4.0,-1.1
-4.0,-4.0,-1.1
-4.0,-4.0,-1.1
-4.0,-4.0,-1.1
-4.0,-4.0,-1.1
-4.0,-4.0,-1.1
-4.0,-4.0,-1.1
-4.0,-4.0,-1.1
-4.0,-4.0,-1.1
-4.0,-4.0,-1.1
-4.0,-4.0,-1.1
-4.0,-4.0,-1.1
-4.0,-4.0,-1.1
-4.0,-4.0,-1.1
-4.0,-4.0,-1.1
-4.0,-4.0,-1.1
-4.0,-4.0,-1.1
-4.0,-4.0,-1.1
-4.0,-4.0,-1.1
-4.0,-4.0,-1.1
-4.0,-4.0,-1.1
-4.0,-4.0,-1.1
-4.0,-4.0,-1.1
-4.0,-4.0,-1.1
-4.0,-4.0,-1.1
-4.0,-4.0,-1.1
-4.0,-4.0,-1.1
-4.0,-4.0,-1.1
-4.0,-4.0,-1.1
-4.0,-4.0,-1.1
-4.0,-4.0,-1.1
-4.0,-4.0,-1.1
-4.0,-4.0,-1.1
-4.0,-4.0,-1.1
-4.0,-4.0,-1.1
-4.0,-4.0,-1.1
-4.0,-4.0,-1.1
-4.0,-4.0,-1.1
-4.0,-4.0,-1.1
-4.0,-4.0,-1.1
-4.0,-4.0,-1.1
-4.0,-4.0,-1.1
-4.0,-4.0,-1.1
-4.0,-4.0,-1.1
-4.0,-4.0,-1.1
-4.0,-4.0,-1.1
-4.0,-4.0,-1.1
-4.0,-4.0,-1.1
-4.0,-4.0,-1.1
-4.0,-4.0,-1.1
-4.0,-4.0,-1.1
-4.0,-4.0,-1.1
-4.0,-4.0,-1.1
-4.0,-4.0,-1.1
-4.0,-4.0,-1.1
-4.0,-4.0,-1.1
-4.0,-4.0,-1.1
-4.0,-4.0,-1.1
-4.0,-4.0,-1.1
-4.0,-4.0,-1.1
-4.0,-4.0,-1.1
-4.0,-4.0,-1.1
-4.0,-4.0,-1.1
-4.0,-4.0,-1.1
-4.0,-4.0,-1.1
-4.0,-4.0,-1.1
-4.0,-4.0,-1.1
-4.0,-4.0,-1.1
-4.0,-4.0,-1.1
-4.0,-4.0,-1.1
-4.0,-4.0,-1.1
-4.0,-4.0,-1.1
-4.0,-4.0,-1.1
-4.0,-4.0,-1.1
-4.0,-4.0,-1.1
-4.0,-4.0,-1.1
-4.0,-4.0,-1.1
-4.0,-4.0,-1.1
-4.0,-4.0,-1.1
-4.0,-4.0,-1.1
-4.0,-4.0,-1.1
-4.0,-4.0,-1.1
-4.0,-4.0,-1.1
-4.0,-4.0,-1.1
-4.0,-4.0,-1.1
-4.0,-4.0,-1.1
-4.0,-4.0,-1.1
-4.0,-4.0,-1.1
-4.0,-4.0,-1.1
-4.0,-4.0,-1.1
-4.0,-4.0,-1.1
-4.0,-4.0,-1.1
-4.0,-4.0,-1.1
-4.0,-4.0,-1.1
-4.0,-4.0,-1.1
-4.0,-4.0,-1.1
-4.0,-4.0,-1.1
-4.0,-4.0,-1.1
-4.0,-4.0,-1.1
-4.0,-4.0,-1.1
-4.0,-4.0,-1.1
-4.0,-4.0,-1.1
-4.0,-4.0,-1.1
-4.0,-4.0,-1.1
-4.0,-4.0,-1.1
-4.0,-4.0,-1.1
-4.0,-4.0,-1.1
-4.0,-4.0,-1.1
-4.0,-4.0,-1.1
-4.0,-4.0,-1.1
-4.0,-4.0,-1.1
-4.0,-4.0,-1.1
-4.0,-4.0,-1.1
-4.0,-4.0,-1.1
-4.0,-4.0,-1.1
-4.0,-4.0,-1.1
-4.0,-4.0,-1.1
-4.0,-4.0,-1.1
-4.0,-4.0,-1.1
-4.0,-4.0,-1.1
-4.0,-4.0,-1.1
-4.0,-4.0,-1.1
-4.0,-4.0,-1.1
-4.0,-4.0,-1.1
-4.0,-4.0,-1.1
-4.0,-4.0,-1.1
-4.0,-4.0,-1.1
-4.0,-4.0,-1.1
-4.0,-4.0,-1.1
-4.0,-4.0,-1.1
-4.0,-4.0,-1.1
-4.0,-4.0,-1.1
-4.0,-4.0,-1.1
-4.0,-4.0,-1.1
-4.0,-4.0,-1.1
-4.0,-4.0,-1.1
-4.0,-4.0,-1.1
-4.0,-4.0,-1.1
-4.0,-4.0,-1.1
-4.0,-4.0,-1.1
-4.0,-4.0,-1.1
-4.0,-4.0,-1.1
-4.0,-4.0,-1.1
-4.0,-4.0,-1.1
-4.0,-4.0,-1.1
-4.0,-4.0,-1.1
-4.0,-4.0,-1.1
-4.0,-4.0,-1.1
-4.0,-4.0,-1.1
-4.0,-4.0,-1.1
-4.0,-4.0,-1.1
-4.0,-4.0,-1.1
-4.0,-4.0,-1.1
-4.0,-4.0,-1.1
-4.0,-4.0,-1.1
-4.0,-4.0,-1.1
-4.0,-4.0,-1.1
-4.0,-4.0,-1.1
-4.0,-4.0,-1.1
-4.0,-4.0,-1.1
-4.0,-4.0,-1.1
-4.0,-4.0,-1.1
-4.0,-4.0,-1.1
-4.0,-4.0,-1.1
-4.0,-4.0,-1.1
-4.0,-4.0,-1.1
-4.0,-4.0,-1.1
-4.0,-4.0,-1.1
-4.0,-4.0,-1.1
-4.0,-4.0,-1.1
-4.0,-4.0,-1.1
-4.0,-4.0,-1.1
-4.0,-4.0,-1.1
-4.0,-4.0,-1.1
-4.0,-4.0,-1.1
-4.0,-4.0,-1.1
-4.0,-4.0,-1.1
-4.0,-4.0,-1.1
-4.0,-4.0,-1.1
-4.0,-4.0,-1.1
-4.0,-4.0,-1.1
-4.0,-4.0,-1.1
-4.0,-4.0,-1.1
-4.0,-4.0,-1.1
-4.0,-4.0,-1.1
-4.0,-4.0,-1.1
-4.0,-4.0,-1.1
-4.0,-4.0,-1.1
-4.0,-4.0,-1.1
-4.0,-4.0,-1.1
-4.0,-4.0,-1.1
-4.0,-4.0,-1.1
-4.0,-4.0,-1.1
-4.0,-4.0,-1.1
-4.0,-4.0,-1.1
-4.0,-4.0,-1.1
-4.0,-4.0,-1.1
-4.0,-4.0,-1.1
-4.0,-4.0,-1.1
-4.0,-4.0,-1.1
-4.0,-4.0,-1.1
-4.0,-4.0,-1.1
-4.0,-4.0,-1.1
-4.0,-4.0,-1.1
-4.0,-4.0,-1.1
-4.0,-4.0,-1.1
-4.0,-4.0,-1.1
-4.0,-4.0,-1.1
-4.0,-4.0,-1.1
-4.0,-4.0,-1.1
-4.0,-4.0,-1.1
-4.0,-4.0,-1.1
-4.0,-4.0,-1.1
-4.0,-4.0,-1.1
-4.0,-4.0,-1.1
-4.0,-4.0,-1.1
-4.0,-4.0,-1.1
-4.0,-4.0,-1.1
-4.0,-4.0,-1.1
-4.0,-4.0,-1.1
-4.0,-4.0,-1.1
-4.0,-4.0,-1.1
-4.0,-4.0,-1.1
-4.0,-4.0,-1.1
-4.0,-4.0,-1.1
-4.0,-4.0,-1.1
-4.0,-4.0,-1.1
-4.0,-4.0,-1.1
-4.0,-4.0,-1.1
-4.0,-4.0,-1.1
-4.0,-4.0,-1.1
-4.0,-4.0,-1.1
-4.0,-4.0,-1.1
-4.0,-4.0,-1.1
-4.0,-4.0,-1.1
-4.0,-4.0,-1.1
-4.0,-4.0,-1.1
-4.0,-4.0,-1.1
-4.0,-4.0,-1.1
-4.0,-4.0,-1.1
-4.0,-4.0,-1.1
-4.0,-4.0,-1.1
-4.0,-4.0,-1.1
-4.0,-4.0,-1.1
-4.0,-4.0,-1.1
-4.0,-4.0,-1.1
-4.0,-4.0,-1.1
-4.0,-4.0,-1.1
-4.0,-4.0,-1.1
-4.0,-4.0,-1.1
-4.0,-4.0,-1.1
-4.0,-4.0,-1.1
-4.0,-4.0,-1.1
-4.0,-4.0,-1.1
-4.0,-4.0,-1.1
-4.0,-4.0,-1.1
-4.0,-4.0,-1.1
-4.0,-4.0,-1.1
-4.0,-4.0,-1.1
-4.0,-4.0,-1.1
-4.0,-4.0,-1.1
-4.0,-4.0,-1.1
-4.0,-4.0,-1.1
-4.0,-4.0,-1.1
-4.0,-4.0,-1.1
-4.0,-4.0,-1.1
-4.0,-4.0,-1.1
-4.0,-4.0,-1.1
-4.0,-4.0,-1.1
-4.0,-4.0,-1.1
-4.0,-4.0,-1.1
-4.0,-4.0,-1.1
-4.0,-4.0,-1.1
-4.0,-4.0,-1.1
-4.0,-4.0,-1.1
-4.0,-4.0,-1.1
-4.0,-4.0,-1.1
-4.0,-4.0,-1.1
-4.0,-4.0,-1.1
-4.0,-4.0,-1.1
-4.0,-4.0,-1.1
-4.0,-4.0,-1.1
-4.0,-4.0,-1.1
-4.0,-4.0,-1.1
-4.0,-4.0,-1.1
-4.0,-4.0,-1.1
-4.0,-4.0,-1.1
-4.0,-4.0,-1.1
-4.0,-4.0,-1.1
-4.0,-4.0,-1.1
-4.0,-4.0,-1.1
-4.0,-4.0,-1.1
-4.0,-4.0,-1.1
-4.0,-4.0,-1.1
-4.0,-4.0,-1.1
-4.0,-4.0,-1.1
-4.0,-4.0,-1.1
-4.0,-4.0,-1.1
-4.0,-4.0,-1.1
-4.0,-4.0,-1.1
-4.0,-4.0,-1.1
-4.0,-4.0,-1.1
-4.0,-4.0,-1.1
-4.0,-4.0,-1.1
-4.0,-4.0,-1.1
-4.0,-4.0,-1.1
-4.0,-4.0,-1.1
-4.0,-4.0,-1.1
-4.0,-4.0,-1.1
-4.0,-4.0,-1.1
-4.0,-4.0,-1.1
-4.0,-4.0,-1.1
-4.0,-4.0,-1.1
-4.0,-4.0,-1.1
-4.0,-4.0,-1.1
-4.0,-4.0,-1.1
-4.0,-4.0,-1.1
-4.0,-4.0,-1.1
-4.0,-4.0,-1.1
-4.0,-4.0,-1.1
-4.0,-4.0,-1.1
-4.0,-4.0,-1.1
-4.0,-4.0,-1.1
-4.0,-4.0,-1.1
-4.0,-4.0,-1.1
-4.0,-4.0,-1.1
-4.0,-4.0,-1.1
-4.0,-4.0,-1.1
-4.0,-4.0,-1.1
-4.0,-4.0,-1.1
-4.0,-4.0,-1.1
-4.0,-4.0,-1.1
-4.0,-4.0,-1.1
-4.0,-4.0,-1.1
-4.0,-4.0,-1.1
-4.0,-4.0,-1.1
-4.0,-4.0,-1.1
-4.0,-4.0,-1.1
-4.0,-4.0,-1.1
-4.0,-4.0,-1.1
-4.0,-4.0,-1.1
-4.0,-4.0,-1.1
-4.0,-4.0,-1.1
-4.0,-4.0,-1.1
-4.0,-4.0,-1.1
-4.0,-4.0,-1.1
-4.0,-4.0,-1.1
-4.0,-4.0,-1.1
-4.0,-4.0,-1.1
-4.0,-4.0,-1.1
-4.0,-4.0,-1.1
-4.0,-4.0,-1.1
-4.0,-4.0,-1.1
-4.0,-4.0,-1.1
-4.0,-4.0,-1.1
-4.0,-4.0,-1.1
-4.0,-4.0,-1.1
-4.0,-4.0,-1.1
-4.0,-4.0,-1.1
-4.0,-4.0,-1.1
-4.0,-4.0,-1.1
-4.0,-4.0,-1.1
-4.0,-4.0,-1.1
-4.0,-4.0,-1.1
-4.0,-4.0,-1.1
-4.0,-4.0,-1.1
-4.0,-4.0,-1.1
-4.0,-4.0,-1.1
-4.0,-4.0,-1.1
-4.0,-4.0,-1.1
-4.0,-4.0,-1.1
-4.0,-4.0,-1.1
-4.0,-4.0,-1.1
-4.0,-4.0,-1.1
-4.0,-4.0,-1.1
-4.0,-4.0,-1.1
-4.0,-4.0,-1.1
-4.0,-4.0,-1.1
-4.0,-4.0,-1.1
-4.0,-4.0,-1.1
-4.0,-4.0,-1.1
-4.0,-4.0,-1.1
-4.0,-4.0,-1.1
-4.0,-4.0,-1.1
-4.0,-4.0,-1.1
-4.0,-4.0,-1.1
-4.0,-4.0,-1.1
-4.0,-4.0,-1.1
-4.0,-4.0,-1.1
-4.0,-4.0,-1.1
-4.0,-4.0,-1.1
-4.0,-4.0,-1.1
-4.0,-4.0,-1.1
-4.0,-4.0,-1.1
-4.0,-4.0,-1.1
-4.0,-4.0,-1.1
-4.0,-4.0,-1.1
-4.0,-4.0,-1.1
-4.0,-4.0,-1.1
-4.0,-4.0,-1.1
-4.0,-4.0,-1.1
-4.0,-4.0,-1.1
-4.0,-4.0,-1.1
-4.0,-4.0,-1.1
-4.0,-4.0,-1.1
-4.0,-4.0,-1.1
-4.0,-4.0,-1.1
-4.0,-4.0,-1.1
-4.0,-4.0,-1.1
-4.0,-4.0,-1.1
-4.0,-4.0,-1.1
-4.0,-4.0,-1.1
-4.0,-4.0,-1.1
-4.0,-4.0,-1.1
-4.0,-4.0,-1.1
-4.0,-4.0,-1.1
-4.0,-4.0,-1.1
-4.0,-4.0,-1.1
-4.0,-4.0,-1.1
-4.0,-4.0,-1.1
-4.0,-4.0,-1.1
-4.0,-4.0,-1.1
-4.0,-4.0,-1.1
-4.0,-4.0,-1.1
-4.0,-4.0,-1.1
-4.0,-4.0,-1.1
-4.0,-4.0,-1.1
-4.0,-4.0,-1.1
-4.0,-4.0,-1.1
-4.0,-4.0,-1.1
-4.0,-4.0,-1.1
-4.0,-4.0,-1.1
-4.0,-4.0,-1.1
-4.0,-4.0,-1.1
-4.0,-4.0,-1.1
-4.0,-4.0,-1.1
-4.0,-4.0,-1.1
-4.0,-4.0,-1.1
-4.0,-4.0,-1.1
-4.0,-4.0,-1.1
-4.0,-4.0,-1.1
-4.0,-4.0,-1.1
-4.0,-4.0,-1.1
-4.0,-4.0,-1.1
-4.0,-4.0,-1.1
-4.0,-4.0,-1.1
-4.0,-4.0,-1.1
-4.0,-4.0,-1.1
-4.0,-4.0,-1.1
-4.0,-4.0,-1.1
-4.0,-4.0,-1.1
-4.0,-4.0,-1.1
-4.0,-4.0,-1.1
-4.0,-4.0,-1.1
-4.0,-4.0,-1.1
-4.0,-4.0,-1.1
-4.0,-4.0,-1.1
-4.0,-4.0,-1.1
-4.0,-4.0,-1.1
-4.0,-4.0,-1.1
-4.0,-4.0,-1.1
-4.0,-4.0,-1.1
-4.0,-4.0,-1.1
-4.0,-4.0,-1.1
-4.0,-4.0,-1.1
-4.0,-4.0,-1.1
-4.0,-4.0,-1.1
-4.0,-4.0,-1.1
-4.0,-4.0,-1.1
-4.0,-4.0,-1.1
-4.0,-4.0,-1.1
-4.0,-4.0,-1.1
-4.0,-4.0,-1.1
-4.0,-4.0,-1.1
-4.0,-4.0,-1.1
-4.0,-4.0,-1.1
-4.0,-4.0,-1.1
-4.0,-4.0,-1.1
-4.0,-4.0,-1.1
-4.0,-4.0,-1.1
-4.0,-4.0,-1.1
-4.0,-4.0,-1.1
-4.0,-4.0,-1.1
-4.0,-4.0,-1.1
-4.0,-4.0,-1.1
-4.0,-4.0,-1.1
-4.0,-4.0,-1.1
-4.0,-4.0,-1.1
-4.0,-4.0,-1.1
-4.0,-4.0,-1.1
-4.0,-4.0,-1.1
-4.0,-4.0,-1.1
-4.0,-4.0,-1.1
-4.0,-4.0,-1.1
-4.0,-4.0,-1.1
-4.0,-4.0,-1.1
-4.0,-4.0,-1.1
-4.0,-4.0,-1.1
-4.0,-4.0,-1.1
-4.0,-4.0,-1.1
-4.0,-4.0,-1.1
-4.0,-4.0,-1.1
-4.0,-4.0,-1.1
-4.0,-4.0,-1.1
-4.0,-4.0,-1.1
-4.0,-4.0,-1.1
-4.0,-4.0,-1.1
-4.0,-4.0,-1.1
-4.0,-4.0,-1.1
-4.0,-4.0,-1.1
-4.0,-4.0,-1.1
-4.0,-4.0,-1.1
-4.0,-4.0,-1.1
-4.0,-4.0,-1.1
-4.0,-4.0,-1.1
-4.0,-4.0,-1.1
-4.0,-4.0,-1.1
-4.0,-4.0,-1.1
-4.0,-4.0,-1.1
-4.0,-4.0,-1.1
-4.0,-4.0,-1.1
-4.0,-4.0,-1.1
-4.0,-4.0,-1.1
-4.0,-4.0,-1.1
-4.0,-4.0,-1.1
-4.0,-4.0,-1.1
-4.0,-4.0,-1.1
-4.0,-4.0,-1.1
-4.0,-4.0,-1.1
-4.0,-4.0,-1.1
-4.0,-4.0,-1.1
-4.0,-4.0,-1.1
-4.0,-4.0,-1.1
-4.0,-4.0,-1.1
-4.0,-4.0,-1.1
-4.0,-4.0,-1.1
-4.0,-4.0,-1.1
-4.0,-4.0,-1.1
-4.0,-4.0,-1.1
-4.0,-4.0,-1.1
-4.0,-4.0,-1.1
-4.0,-4.0,-1.1
-4.0,-4.0,-1.1
-4.0,-4.0,-1.1
-4.0,-4.0,-1.1
-4.0,-4.0,-1.1
-4.0,-4.0,-1.1
-4.0,-4.0,-1.1
-4.0,-4.0,-1.1
-4.0,-4.0,-1.1
-4.0,-4.0,-1.1
-4.0,-4.0,-1.1
-4.0,-4.0,-1.1
-4.0,-4.0,-1.1
-4.0,-4.0,-1.1
-4.0,-4.0,-1.1
-4.0,-4.0,-1.1
-4.0,-4.0,-1.1
-4.0,-4.0,-1.1
-4.0,-4.0,-1.1
-4.0,-4.0,-1.1
-4.0,-4.0,-1.1
-4.0,-4.0,-1.1
-4.0,-4.0,-1.1
-4.0,-4.0,-1.1
-4.0,-4.0,-1.1
-4.0,-4.0,-1.1
-4.0,-4.0,-1.1
-4.0,-4.0,-1.1
-4.0,-4.0,-1.1
-4.0,-4.0,-1.1
-4.0,-4.0,-1.1
-4.0,-4.0,-1.1
-4.0,-4.0,-1.1
-4.0,-4.0,-1.1
-4.0,-4.0,-1.1
-4.0,-4.0,-1.1
-4.0,-4.0,-1.1
-4.0,-4.0,-1.1
-4.0,-4.0,-1.1
-4.0,-4.0,-1.1
-4.0,-4.0,-1.1
-4.0,-4.0,-1.1
-4.0,-4.0,-1.1
-4.0,-4.0,-1.1
-4.0,-4.0,-1.1
-4.0,-4.0,-1.1
-4.0,-4.0,-1.1
-4.0,-4.0,-1.1
-4.0,-4.0,-1.1
-4.0,-4.0,-1.1
-4.0,-4.0,-1.1
-4.0,-4.0,-1.1
-4.0,-4.0,-1.1
-4.0,-4.0,-1.1
-4.0,-4.0,-1.1
-4.0,-4.0,-1.1
-4.0,-4.0,-1.1
-4.0,-4.0,-1.1
-4.0,-4.0,-1.1
-4.0,-4.0,-1.1
-4.0,-4.0,-1.1
-4.0,-4.0,-1.1
-4.0,-4.0,-1.1
-4.0,-4.0,-1.1
-4.0,-4.0,-1.1
-4.0,-4.0,-1.1
-4.0,-4.0,-1.1
-4.0,-4.0,-1.1
-4.0,-4.0,-1.1
-4.0,-4.0,-1.1
-4.0,-4.0,-1.1
-4.0,-4.0,-1.1
-4.0,-4.0,-1.1
-4.0,-4.0,-1.1
-4.0,-4.0,-1.1
-4.0,-4.0,-1.1
-4.0,-4.0,-1.1
-4.0,-4.0,-1.1
-4.0,-4.0,-1.1
-4.0,-4.0,-1.1
-4.0,-4.0,-1.1
-4.0,-4.0,-1.1
-4.0,-4.0,-1.1
-4.0,-4.0,-1.1
-4.0,-4.0,-1.1
-4.0,-4.0,-1.1
-4.0,-4.0,-1.1
-4.0,-4.0,-1.1
-4.0,-4.0,-1.1
-4.0,-4.0,-1.1
-4.0,-4.0,-1.1
-4.0,-4.0,-1.1
-4.0,-4.0,-1.1
-4.0,-4.0,-1.1
-4.0,-4.0,-1.1
-4.0,-4.0,-1.1
-4.0,-4.0,-1.1
-4.0,-4.0,-1.1
-4.0,-4.0,-1.1
-4.0,-4.0,-1.1
-4.0,-4.0,-1.1
-4.0,-4.0,-1.1
-4.0,-4.0,-1.1
-4.0,-4.0,-1.1
-4.0,-4.0,-1.1
-4.0,-4.0,-1.1
-4.0,-4.0,-1.1
-4.0,-4.0,-1.1
-4.0,-4.0,-1.1
-4.0,-4.0,-1.1
-4.0,-4.0,-1.1
-4.0,-4.0,-1.1
-4.0,-4.0,-1.1
-4.0,-4.0,-1.1
-4.0,-4.0,-1.1
-4.0,-4.0,-1.1
-4.0,-4.0,-1.1
-4.0,-4.0,-1.1
-4.0,-4.0,-1.1
-4.0,-4.0,-1.1
-4.0,-4.0,-1.1
-4.0,-4.0,-1.1
-4.0,-4.0,-1.1
-4.0,-4.0,-1.1
-4.0,-4.0,-1.1
-4.0,-4.0,-1.1
-4.0,-4.0,-1.1
-4.0,-4.0,-1.1
-4.0,-4.0,-1.1
-4.0,-4.0,-1.1
-4.0,-4.0,-1.1
-4.0,-4.0,-1.1
-4.0,-4.0,-1.1
-4.0,-4.0,-1.1
-4.0,-4.0,-1.1
-4.0,-4.0,-1.1
-4.0,-4.0,-1.1
-4.0,-4.0,-1.1
-4.0,-4.0,-1.1
-4.0,-4.0,-1.1
-4.0,-4.0,-1.1
-4.0,-4.0,-1.1
-4.0,-4.0,-1.1
-4.0,-4.0,-1.1
-4.0,-4.0,-1.1
-4.0,-4.0,-1.1
-4.0,-4.0,-1.1
-4.0,-4.0,-1.1
-4.0,-4.0,-1.1
-4.0,-4.0,-1.1
-4.0,-4.0,-1.1
-4.0,-4.0,-1.1
-4.0,-4.0,-1.1
-4.0,-4.0,-1.1
-4.0,-4.0,-1.1
-4.0,-4.0,-1.1
-4.0,-4.0,-1.1
-4.0,-4.0,-1.1
-4.0,-4.0,-1.1
-4.0,-4.0,-1.1
-4.0,-4.0,-1.1
-4.0,-4.0,-1.1
-4.0,-4.0,-1.1
-4.0,-4.0,-1.1
-4.0,-4.0,-1.1
-4.0,-4.0,-1.1
-4.0,-4.0,-1.1
-4.0,-4.0,-1.1
-4.0,-4.0,-1.1
-4.0,-4.0,-1.1
-4.0,-4.0,-1.1
-4.0,-4.0,-1.1
-4.0,-4.0,-1.1
-4.0,-4.0,-1.1
-4.0,-4.0,-1.1
-4.0,-4.0,-1.1
-4.0,-4.0,-1.1
-4.0,-4.0,-1.1
-4.0,-4.0,-1.1
-4.0,-4.0,-1.1
-4.0,-4.0,-1.1
-4.0,-4.0,-1.1
-4.0,-4.0,-1.1
-4.0,-4.0,-1.1
-4.0,-4.0,-1.1
-4.0,-4.0,-1.1
-4.0,-4.0,-1.1
-4.0,-4.0,-1.1
-4.0,-4.0,-1.1
-4.0,-4.0,-1.1
-4.0,-4.0,-1.1
-4.0,-4.0,-1.1
-4.0,-4.0,-1.1
-4.0,-4.0,-1.1
-4.0,-4.0,-1.1
-4.0,-4.0,-1.1
-4.0,-4.0,-1.1
-4.0,-4.0,-1.1
-4.0,-4.0,-1.1
-4.0,-4.0,-1.1
-4.0,-4.0,-1.1
-4.0,-4.0,-1.1
-4.0,-4.0,-1.1
-4.0,-4.0,-1.1
-4.0,-4.0,-1.1
-4.0,-4.0,-1.1
-4.0,-4.0,-1.1
-4.0,-4.0,-1.1
-4.0,-4.0,-1.1
-4.0,-4.0,-1.1
-4.0,-4.0,-1.1
-4.0,-4.0,-1.1
-4.0,-4.0,-1.1
-4.0,-4.0,-1.1
-4.0,-4.0,-1.1
-4.0,-4.0,-1.1
-4.0,-4.0,-1.1
-4.0,-4.0,-1.1
-4.0,-4.0,-1.1
-4.0,-4.0,-1.1
-4.0,-4.0,-1.1
-4.0,-4.0,-1.1
-4.0,-4.0,-1.1
-4.0,-4.0,-1.1
-4.0,-4.0,-1.1
-4.0,-4.0,-1.1
-4.0,-4.0,-1.1
-4.0,-4.0,-1.1
-4.0,-4.0,-1.1
-4.0,-4.0,-1.1
-4.0,-4.0,-1.1
-4.0,-4.0,-1.1
-4.0,-4.0,-1.1
-4.0,-4.0,-1.1
-4.0,-4.0,-1.1
-4.0,-4.0,-1.1
-4.0,-4.0,-1.1
-4.0,-4.0,-1.1
-4.0,-4.0,-1.1
-4.0,-4.0,-1.1
-4.0,-4.0,-1.1
-4.0,-4.0,-1.1
-4.0,-4.0,-1.1
-4.0,-4.0,-1.1
-4.0,-4.0,-1.1
-4.0,-4.0,-1.1
-4.0,-4.0,-1.1
-4.0,-4.0,-1.1
-4.0,-4.0,-1.1
-4.0,-4.0,-1.1
-4.0,-4.0,-1.1
-4.0,-4.0,-1.1
-4.0,-4.0,-1.1
-4.0,-4.0,-1.1
-4.0,-4.0,-1.1
-4.0,-4.0,-1.1
-4.0,-4.0,-1.1
-4.0,-4.0,-1.1
-4.0,-4.0,-1.1
-4.0,-4.0,-1.1
-4.0,-4.0,-1.1
-4.0,-4.0,-1.1
-4.0,-4.0,-1.1
-4.0,-4.0,-1.1
-4.0,-4.0,-1.1
-4.0,-4.0,-1.1
-4.0,-4.0,-1.1
-4.0,-4.0,-1.1
-4.0,-4.0,-1.1
-4.0,-4.0,-1.1
-4.0,-4.0,-1.1
-4.0,-4.0,-1.1
-4.0,-4.0,-1.1
-4.0,-4.0,-1.1
-4.0,-4.0,-1.1
-4.0,-4.0,-1.1
-4.0,-4.0,-1.1
-4.0,-4.0,-1.1
-4.0,-4.0,-1.1
-4.0,-4.0,-1.1
-4.0,-4.0,-1.1
-4.0,-4.0,-1.1
-4.0,-4.0,-1.1
-4.0,-4.0,-1.1
-4.0,-4.0,-1.1
-4.0,-4.0,-1.1
-4.0,-4.0,-1.1
-4.0,-4.0,-1.1
-4.0,-4.0,-1.1
-4.0,-4.0,-1.1
-4.0,-4.0,-1.1
-4.0,-4.0,-1.1
-4.0,-4.0,-1.1
-4.0,-4.0,-1.1
-4.0,-4.0,-1.1
-4.0,-4.0,-1.1
-4.0,-4.0,-1.1
-4.0,-4.0,-1.1
-4.0,-4.0,-1.1
-4.0,-4.0,-1.1
-4.0,-4.0,-1.1
-4.0,-4.0,-1.1
-4.0,-4.0,-1.1
-4.0,-4.0,-1.1
-4.0,-4.0,-1.1
-4.0,-4.0,-1.1
-4.0,-4.0,-1.1
-4.0,-4.0,-1.1
-4.0,-4.0,-1.1
-4.0,-4.0,-1.1
-4.0,-4.0,-1.1
-4.0,-4.0,-1.1
-4.0,-4.0,-1.1
-4.0,-4.0,-1.1
-4.0,-4.0,-1.1
-4.0,-4.0,-1.1
-4.0,-4.0,-1.1
-4.0,-4.0,-1.1
-4.0,-4.0,-1.1
-4.0,-4.0,-1.1
-4.0,-4.0,-1.1
-4.0,-4.0,-1.1
-4.0,-4.0,-1.1
-4.0,-4.0,-1.1
-4.0,-4.0,-1.1
-4.0,-4.0,-1.1
-4.0,-4.0,-1.1
-4.0,-4.0,-1.1
-4.0,-4.0,-1.1
-4.0,-4.0,-1.1
-4.0,-4.0,-1.1
-4.0,-4.0,-1.1
-4.0,-4.0,-1.1
-4.0,-4.0,-1.1
-4.0,-4.0,-1.1
-4.0,-4.0,-1.1
-4.0,-4.0,-1.1
-4.0,-4.0,-1.1
-4.0,-4.0,-1.1
-4.0,-4.0,-1.1
-4.0,-4.0,-1.1
-4.0,-4.0,-1.1
-4.0,-4.0,-1.1
-4.0,-4.0,-1.1
-4.0,-4.0,-1.1
-4.0,-4.0,-1.1
-4.0,-4.0,-1.1
-4.0,-4.0,-1.1
-4.0,-4.0,-1.1
-4.0,-4.0,-1.1
-4.0,-4.0,-1.1
-4.0,-4.0,-1.1
-4.0,-4.0,-1.1
-4.0,-4.0,-1.1
-4.0,-4.0,-1.1
-4.0,-4.0,-1.1
-4.0,-4.0,-1.1
-4.0,-4.0,-1.1
-4.0,-4.0,-1.1
-4.0,-4.0,-1.1
-4.0,-4.0,-1.1
-4.0,-4.0,-1.1
-4.0,-4.0,-1.1
-4.0,-4.0,-1.1
-4.0,-4.0,-1.1
-4.0,-4.0,-1.1
-4.0,-4.0,-1.1
-4.0,-4.0,-1.1
-4.0,-4.0,-1.1
-4.0,-4.0,-1.1
-4.0,-4.0,-1.1
-4.0,-4.0,-1.1
-4.0,-4.0,-1.1
-4.0,-4.0,-1.1
-4.0,-4.0,-1.1
-4.0,-4.0,-1.1
-4.0,-4.0,-1.1
-4.0,-4.0,-1.1
-4.0,-4.0,-1.1
-4.0,-4.0,-1.1
-4.0,-4.0,-1.1
-4.0,-4.0,-1.1
-4.0,-4.0,-1.1
-4.0,-4.0,-1.1
-4.0,-4.0,-1.1
-4.0,-4.0,-1.1
-4.0,-4.0,-1.1
-4.0,-4.0,-1.1
-4.0,-4.0,-1.1
-4.0,-4.0,-1.1
-4.0,-4.0,-1.1
-4.0,-4.0,-1.1
-4.0,-4.0,-1.1
-4.0,-4.0,-1.1
-4.0,-4.0,-1.1
-4.0,-4.0,-1.1
-4.0,-4.0,-1.1
-4.0,-4.0,-1.1
-4.0,-4.0,-1.1
-4.0,-4.0,-1.1
-4.0,-4.0,-1.1
-4.0,-4.0,-1.1
-4.0,-4.0,-1.1
-4.0,-4.0,-1.1
-4.0,-4.0,-1.1
-4.0,-4.0,-1.1
-4.0,-4.0,-1.1
-4.0,-4.0,-1.1
-4.0,-4.0,-1.1
-4.0,-4.0,-1.1
-4.0,-4.0,-1.1
-4.0,-4.0,-1.1
-4.0,-4.0,-1.1
-4.0,-4.0,-1.1
-4.0,-4.0,-1.1
-4.0,-4.0,-1.1
-4.0,-4.0,-1.1
-4.0,-4.0,-1.1
-4.0,-4.0,-1.1
-4.0,-4.0,-1.1
-4.0,-4.0,-1.1
-4.0,-4.0,-1.1
-4.0,-4.0,-1.1
-4.0,-4.0,-1.1
-4.0,-4.0,-1.1
-4.0,-4.0,-1.1
-4.0,-4.0,-1.1
-4.0,-4.0,-1.1
-4.0,-4.0,-1.1
-4.0,-4.0,-1.1
-4.0,-4.0,-1.1
-4.0,-4.0,-1.1
-4.0,-4.0,-1.1
-4.0,-4.0,-1.1
-4.0,-4.0,-1.1
-4.0,-4.0,-1.1
-4.0,-4.0,-1.1
-4.0,-4.0,-1.1
-4.0,-4.0,-1.1
-4.0,-4.0,-1.1
-4.0,-4.0,-1.1
-4.0,-4.0,-1.1
-4.0,-4.0,-1.1
-4.0,-4.0,-1.1
-4.0,-4.0,-1.1
-4.0,-4.0,-1.1
-4.0,-4.0,-1.1
-4.0,-4.0,-1.1
-4.0,-4.0,-1.1
-4.0,-4.0,-1.1
-4.0,-4.0,-1.1
-4.0,-4.0,-1.1
-4.0,-4.0,-1.1
-4.0,-4.0,-1.1
-4.0,-4.0,-1.1
-4.0,-4.0,-1.1
-4.0,-4.0,-1.1
-4.0,-4.0,-1.1
-4.0,-4.0,-1.1
-4.0,-4.0,-1.1
-4.0,-4.0,-1.1
-4.0,-4.0,-1.1
-4.0,-4.0,-1.1
-4.0,-4.0,-1.1
-4.0,-4.0,-1.1
-4.0,-4.0,-1.1
-4.0,-4.0,-1.1
-4.0,-4.0,-1.1
-4.0,-4.0,-1.1
-4.0,-4.0,-1.1
-4.0,-4.0,-1.1
-4.0,-4.0,-1.1
-4.0,-4.0,-1.1
-4.0,-4.0,-1.1
-4.0,-4.0,-1.1
-4.0,-4.0,-1.1
-4.0,-4.0,-1.1
-4.0,-4.0,-1.1
-4.0,-4.0,-1.1
-4.0,-4.0,-1.1
-4.0,-4.0,-1.1
-4.0,-4.0,-1.1
-4.0,-4.0,-1.1
-4.0,-4.0,-1.1
-4.0,-4.0,-1.1
-4.0,-4.0,-1.1
-4.0,-4.0,-1.1
-4.0,-4.0,-1.1
-4.0,-4.0,-1.1
-4.0,-4.0,-1.1
-4.0,-4.0,-1.1
-4.0,-4.0,-1.1
-4.0,-4.0,-1.1
-4.0,-4.0,-1.1
-4.0,-4.0,-1.1
-4.0,-4.0,-1.1
-4.0,-4.0,-1.1
-4.0,-4.0,-1.1
-4.0,-4.0,-1.1
-4.0,-4.0,-1.1
-4.0,-4.0,-1.1
-4.0,-4.0,-1.1
-4.0,-4.0,-1.1
-4.0,-4.0,-1.1
-4.0,-4.0,-1.1
-4.0,-4.0,-1.1
-4.0,-4.0,-1.1
-4.0,-4.0,-1.1
-4.0,-4.0,-1.1
-4.0,-4.0,-1.1
-4.0,-4.0,-1.1
-4.0,-4.0,-1.1
-4.0,-4.0,-1.1
-4.0,-4.0,-1.1
-4.0,-4.0,-1.1
-4.0,-4.0,-1.1
-4.0,-4.0,-1.1
-4.0,-4.0,-1.1
-4.0,-4.0,-1.1
-4.0,-4.0,-1.1
-4.0,-4.0,-1.1
-4.0,-4.0,-1.1
-4.0,-4.0,-1.1
-4.0,-4.0,-1.1
-4.0,-4.0,-1.1
-4.0,-4.0,-1.1
-4.0,-4.0,-1.1
-4.0,-4.0,-1.1
-4.0,-4.0,-1.1
-4.0,-4.0,-1.1
-4.0,-4.0,-1.1
-4.0,-4.0,-1.1
-4.0,-4.0,-1.1
-4.0,-4.0,-1.1
-4.0,-4.0,-1.1
-4.0,-4.0,-1.1
-4.0,-4.0,-1.1
-4.0,-4.0,-1.1
-4.0,-4.0,-1.1
-4.0,-4.0,-1.1
-4.0,-4.0,-1.1
-4.0,-4.0,-1.1
-4.0,-4.0,-1.1
-4.0,-4.0,-1.1
-4.0,-4.0,-1.1
-4.0,-4.0,-1.1
-4.0,-4.0,-1.1
-4.0,-4.0,-1.1
-4.0,-4.0,-1.1
-4.0,-4.0,-1.1
-4.0,-4.0,-1.1
-4.0,-4.0,-1.1
-4.0,-4.0,-1.1
-4.0,-4.0,-1.1
-4.0,-4.0,-1.1
-4.0,-4.0,-1.1
-4.0,-4.0,-1.1
-4.0,-4.0,-1.1
-4.0,-4.0,-1.1
-4.0,-4.0,-1.1
-4.0,-4.0,-1.1
-4.0,-4.0,-1.1
-4.0,-4.0,-1.1
-4.0,-4.0,-1.1
-4.0,-4.0,-1.1
-4.0,-4.0,-1.1
-4.0,-4.0,-1.1
-4.0,-4.0,-1.1
-4.0,-4.0,-1.1
-4.0,-4.0,-1.1
-4.0,-4.0,-1.1
-4.0,-4.0,-1.1
-4.0,-4.0,-1.1
-4.0,-4.0,-1.1
-4.0,-4.0,-1.1
-4.0,-4.0,-1.1
-4.0,-4.0,-1.1
-4.0,-4.0,-1.1
-4.0,-4.0,-1.1
-4.0,-4.0,-1.1
-4.0,-4.0,-1.1
-4.0,-4.0,-1.1
-4.0,-4.0,-1.1
-4.0,-4.0,-1.1
-4.0,-4.0,-1.1
-4.0,-4.0,-1.1
-4.0,-4.0,-1.1
-4.0,-4.0,-1.1
-4.0,-4.0,-1.1
-4.0,-4.0,-1.1
-4.0,-4.0,-1.1
-4.0,-4.0,-1.1
-4.0,-4.0,-1.1
-4.0,-4.0,-1.1
-4.0,-4.0,-1.1
-4.0,-4.0,-1.1
-4.0,-4.0,-1.1
-4.0,-4.0,-1.1
-4.0,-4.0,-1.1
-4.0,-4.0,-1.1
-4.0,-4.0,-1.1
-4.0,-4.0,-1.1
-4.0,-4.0,-1.1
-4.0,-4.0,-1.1
-4.0,-4.0,-1.1
-4.0,-4.0,-1.1
-4.0,-4.0,-1.1
-4.0,-4.0,-1.1
-4.0,-4.0,-1.1
-4.0,-4.0,-1.1
-4.0,-4.0,-1.1
-4.0,-4.0,-1.1
-4.0,-4.0,-1.1
-4.0,-4.0,-1.1
-4.0,-4.0,-1.1
-4.0,-4.0,-1.1
-4.0,-4.0,-1.1
-4.0,-4.0,-1.1
-4.0,-4.0,-1.1
-4.0,-4.0,-1.1
-4.0,-4.0,-1.1
-4.0,-4.0,-1.1
-4.0,-4.0,-1.1
-4.0,-4.0,-1.1
-4.0,-4.0,-1.1
-4.0,-4.0,-1.1
-4.0,-4.0,-1.1
-4.0,-4.0,-1.1
-4.0,-4.0,-1.1
-4.0,-4.0,-1.1
-4.0,-4.0,-1.1
-4.0,-4.0,-1.1
-4.0,-4.0,-1.1
-4.0,-4.0,-1.1
-4.0,-4.0,-1.1
-4.0,-4.0,-1.1
-4.0,-4.0,-1.1
-4.0,-4.0,-1.1
-4.0,-4.0,-1.1
-4.0,-4.0,-1.1
-4.0,-4.0,-1.1
-4.0,-4.0,-1.1
-4.0,-4.0,-1.1
-4.0,-4.0,-1.1
-4.0,-4.0,-1.1
-4.0,-4.0,-1.1
-4.0,-4.0,-1.1
-4.0,-4.0,-1.1
-4.0,-4.0,-1.1
-4.0,-4.0,-1.1
-4.0,-4.0,-1.1
-4.0,-4.0,-1.1
-4.0,-4.0,-1.1
-4.0,-4.0,-1.1
-4.0,-4.0,-1.1
-4.0,-4.0,-1.1
-4.0,-4.0,-1.1
-4.0,-4.0,-1.1
-4.0,-4.0,-1.1
-4.0,-4.0,-1.1
-4.0,-4.0,-1.1
-4.0,-4.0,-1.1
-4.0,-4.0,-1.1
-4.0,-4.0,-1.1
-4.0,-4.0,-1.1
-4.0,-4.0,-1.1
-4.0,-4.0,-1.1
-4.0,-4.0,-1.1
-4.0,-4.0,-1.1
-4.0,-4.0,-1.1
-4.0,-4.0,-1.1
-4.0,-4.0,-1.1
-4.0,-4.0,-1.1
-4.0,-4.0,-1.1
-4.0,-4.0,-1.1
-4.0,-4.0,-1.1
-4.0,-4.0,-1.1
-4.0,-4.0,-1.1
-4.0,-4.0,-1.1
-4.0,-4.0,-1.1
-4.0,-4.0,-1.1
-4.0,-4.0,-1.1
-4.0,-4.0,-1.1
-4.0,-4.0,-1.1
-4.0,-4.0,-1.1
-4.0,-4.0,-1.1
-4.0,-4.0,-1.1
-4.0,-4.0,-1.1
-4.0,-4.0,-1.1
-4.0,-4.0,-1.1
-4.0,-4.0,-1.1
-4.0,-4.0,-1.1
-4.0,-4.0,-1.1
-4.0,-4.0,-1.1
-4.0,-4.0,-1.1
-4.0,-4.0,-1.1
-4.0,-4.0,-1.1
-4.0,-4.0,-1.1
-4.0,-4.0,-1.1
-4.0,-4.0,-1.1
-4.0,-4.0,-1.1
-4.0,-4.0,-1.1
-4.0,-4.0,-1.1
-4.0,-4.0,-1.1
-4.0,-4.0,-1.1
-4.0,-4.0,-1.1
-4.0,-4.0,-1.1
-4.0,-4.0,-1.1
-4.0,-4.0,-1.1
-4.0,-4.0,-1.1
-4.0,-4.0,-1.1
-4.0,-4.0,-1.1
-4.0,-4.0,-1.1
-4.0,-4.0,-1.1
-4.0,-4.0,-1.1
-4.0,-4.0,-1.1
-4.0,-4.0,-1.1
-4.0,-4.0,-1.1
-4.0,-4.0,-1.1
-4.0,-4.0,-1.1
-4.0,-4.0,-1.1
-4.0,-4.0,-1.1
-4.0,-4.0,-1.1
-4.0,-4.0,-1.1
-4.0,-4.0,-1.1
-4.0,-4.0,-1.1
-4.0,-4.0,-1.1
-4.0,-4.0,-1.1
-4.0,-4.0,-1.1
-4.0,-4.0,-1.1
-4.0,-4.0,-1.1
-4.0,-4.0,-1.1
-4.0,-4.0,-1.1
-4.0,-4.0,-1.1
-4.0,-4.0,-1.1
-4.0,-4.0,-1.1
-4.0,-4.0,-1.1
-4.0,-4.0,-1.1
-4.0,-4.0,-1.1
-4.0,-4.0,-1.1
-4.0,-4.0,-1.1
-4.0,-4.0,-1.1
-4.0,-4.0,-1.1
-4.0,-4.0,-1.1
-4.0,-4.0,-1.1
-4.0,-4.0,-1.1
-4.0,-4.0,-1.1
-4.0,-4.0,-1.1
-4.0,-4.0,-1.1
-4.0,-4.0,-1.1
-4.0,-4.0,-1.1
-4.0,-4.0,-1.1
-4.0,-4.0,-1.1
-4.0,-4.0,-1.1
-4.0,-4.0,-1.1
-4.0,-4.0,-1.1
-4.0,-4.0,-1.1
-4.0,-4.0,-1.1
-4.0,-4.0,-1.1
-4.0,-4.0,-1.1
-4.0,-4.0,-1.1
-4.0,-4.0,-1.1
-4.0,-4.0,-1.1
-4.0,-4.0,-1.1
-4.0,-4.0,-1.1
-4.0,-4.0,-1.1
-4.0,-4.0,-1.1
-4.0,-4.0,-1.1
-4.0,-4.0,-1.1
-4.0,-4.0,-1.1
-4.0,-4.0,-1.1
-4.0,-4.0,-1.1
-4.0,-4.0,-1.1
-4.0,-4.0,-1.1
-4.0,-4.0,-1.1
-4.0,-4.0,-1.1
-4.0,-4.0,-1.1
-4.0,-4.0,-1.1
-4.0,-4.0,-1.1
-4.0,-4.0,-1.1
-4.0,-4.0,-1.1
-4.0,-4.0,-1.1
-4.0,-4.0,-1.1
-4.0,-4.0,-1.1
-4.0,-4.0,-1.1
-4.0,-4.0,-1.1
-4.0,-4.0,-1.1
-4.0,-4.0,-1.1
-4.0,-4.0,-1.1
-4.0,-4.0,-1.1
-4.0,-4.0,-1.1
-4.0,-4.0,-1.1
-4.0,-4.0,-1.1
-4.0,-4.0,-1.1
-4.0,-4.0,-1.1
-4.0,-4.0,-1.1
-4.0,-4.0,-1.1
-4.0,-4.0,-1.1
-4.0,-4.0,-1.1
-4.0,-4.0,-1.1
-4.0,-4.0,-1.1
-4.0,-4.0,-1.1
-4.0,-4.0,-1.1
-4.0,-4.0,-1.1
-4.0,-4.0,-1.1
-4.0,-4.0,-1.1
-4.0,-4.0,-1.1
-4.0,-4.0,-1.1
-4.0,-4.0,-1.1
-4.0,-4.0,-1.1
-4.0,-4.0,-1.1
-4.0,-4.0,-1.1
-4.0,-4.0,-1.1
-4.0,-4.0,-1.1
-4.0,-4.0,-1.1
-4.0,-4.0,-1.1
-4.0,-4.0,-1.1
-4.0,-4.0,-1.1
-4.0,-4.0,-1.1
-4.0,-4.0,-1.1
-4.0,-4.0,-1.1
-4.0,-4.0,-1.1
-4.0,-4.0,-1.1
-4.0,-4.0,-1.1
-4.0,-4.0,-1.1
-4.0,-4.0,-1.1
-4.0,-4.0,-1.1
-4.0,-4.0,-1.1
-4.0,-4.0,-1.1
-4.0,-4.0,-1.1
-4.0,-4.0,-1.1
-4.0,-4.0,-1.1
-4.0,-4.0,-1.1
-4.0,-4.0,-1.1
-4.0,-4.0,-1.1
-4.0,-4.0,-1.1
-4.0,-4.0,-1.1
-4.0,-4.0,-1.1
-4.0,-4.0,-1.1
-4.0,-4.0,-1.1
-4.0,-4.0,-1.1
-4.0,-4.0,-1.1
-4.0,-4.0,-1.1
-4.0,-4.0,-1.1
-4.0,-4.0,-1.1
-4.0,-4.0,-1.1
-4.0,-4.0,-1.1
-4.0,-4.0,-1.1
-4.0,-4.0,-1.1
-4.0,-4.0,-1.1
-4.0,-4.0,-1.1
-4.0,-4.0,-1.1
-4.0,-4.0,-1.1
-4.0,-4.0,-1.1
-4.0,-4.0,-1.1
-4.0,-4.0,-1.1
-4.0,-4.0,-1.1
-4.0,-4.0,-1.1
-4.0,-4.0,-1.1
-4.0,-4.0,-1.1
-4.0,-4.0,-1.1
-4.0,-4.0,-1.1
-4.0,-4.0,-1.1
-4.0,-4.0,-1.1
-4.0,-4.0,-1.1
-4.0,-4.0,-1.1
-4.0,-4.0,-1.1
-4.0,-4.0,-1.1
-4.0,-4.0,-1.1
-4.0,-4.0,-1.1
-4.0,-4.0,-1.1
-4.0,-4.0,-1.1
-4.0,-4.0,-1.1
-4.0,-4.0,-1.1
-4.0,-4.0,-1.1
-4.0,-4.0,-1.1
-4.0,-4.0,-1.1
-4.0,-4.0,-1.1
-4.0,-4.0,-1.1
-4.0,-4.0,-1.1
-4.0,-4.0,-1.1
-4.0,-4.0,-1.1
-4.0,-4.0,-1.1
-4.0,-4.0,-1.1
-4.0,-4.0,-1.1
-4.0,-4.0,-1.1
-4.0,-4.0,-1.1
-4.0,-4.0,-1.1
-4.0,-4.0,-1.1
-4.0,-4.0,-1.1
-4.0,-4.0,-1.1
-4.0,-4.0,-1.1
-4.0,-4.0,-1.1
-4.0,-4.0,-1.1
-4.0,-4.0,-1.1
-4.0,-4.0,-1.1
-4.0,-4.0,-1.1
-4.0,-4.0,-1.1
-4.0,-4.0,-1.1
-4.0,-4.0,-1.1
-4.0,-4.0,-1.1
-4.0,-4.0,-1.1
-4.0,-4.0,-1.1
-4.0,-4.0,-1.1
-4.0,-4.0,-1.1
-4.0,-4.0,-1.1
-4.0,-4.0,-1.1
-4.0,-4.0,-1.1
-4.0,-4.0,-1.1
-4.0,-4.0,-1.1
-4.0,-4.0,-1.1
-4.0,-4.0,-1.1
-4.0,-4.0,-1.1
-4.0,-4.0,-1.1
-4.0,-4.0,-1.1
-4.0,-4.0,-1.1
-4.0,-4.0,-1.1
-4.0,-4.0,-1.1
-4.0,-4.0,-1.1
-4.0,-4.0,-1.1
-4.0,-4.0,-1.1
-4.0,-4.0,-1.1
-4.0,-4.0,-1.1
-4.0,-4.0,-1.1
-4.0,-4.0,-1.1
-4.0,-4.0,-1.1
-4.0,-4.0,-1.1
-4.0,-4.0,-1.1
-4.0,-4.0,-1.1
-4.0,-4.0,-1.1
-4.0,-4.0,-1.1
-4.0,-4.0,-1.1
-4.0,-4.0,-1.1
-4.0,-4.0,-1.1
-4.0,-4.0,-1.1
-4.0,-4.0,-1.1
-4.0,-4.0,-1.1
-4.0,-4.0,-1.1
-4.0,-4.0,-1.1
-4.0,-4.0,-1.1
-4.0,-4.0,-1.1
-4.0,-4.0,-1.1
-4.0,-4.0,-1.1
-4.0,-4.0,-1.1
-4.0,-4.0,-1.1
-4.0,-4.0,-1.1
-4.0,-4.0,-1.1
-4.0,-4.0,-1.1
-4.0,-4.0,-1.1
-4.0,-4.0,-1.1
-4.0,-4.0,-1.1
-4.0,-4.0,-1.1
-4.0,-4.0,-1.1
-4.0,-4.0,-1.1
-4.0,-4.0,-1.1
-4.0,-4.0,-1.1
-4.0,-4.0,-1.1
-4.0,-4.0,-1.1
-4.0,-4.0,-1.1
-4.0,-4.0,-1.1
-4.0,-4.0,-1.1
-4.0,-4.0,-1.1
-4.0,-4.0,-1.1
-4.0,-4.0,-1.1
-4.0,-4.0,-1.1
-4.0,-4.0,-1.1
-4.0,-4.0,-1.1
-4.0,-4.0,-1.1
-4.0,-4.0,-1.1
-4.0,-4.0,-1.1
-4.0,-4.0,-1.1
-4.0,-4.0,-1.1
-4.0,-4.0,-1.1
-4.0,-4.0,-1.1
-4.0,-4.0,-1.1
-4.0,-4.0,-1.1
-4.0,-4.0,-1.1
-4.0,-4.0,-1.1
-4.0,-4.0,-1.1
-4.0,-4.0,-1.1
-4.0,-4.0,-1.1
-4.0,-4.0,-1.1
-4.0,-4.0,-1.1
-4.0,-4.0,-1.1
-4.0,-4.0,-1.1
-4.0,-4.0,-1.1
-4.0,-4.0,-1.1
-4.0,-4.0,-1.1
-4.0,-4.0,-1.1
-4.0,-4.0,-1.1
-4.0,-4.0,-1.1
-4.0,-4.0,-1.1
-4.0,-4.0,-1.1
-4.0,-4.0,-1.1
-4.0,-4.0,-1.1
-4.0,-4.0,-1.1
-4.0,-4.0,-1.1
-4.0,-4.0,-1.1
-4.0,-4.0,-1.1
-4.0,-4.0,-1.1
-4.0,-4.0,-1.1
-4.0,-4.0,-1.1
-4.0,-4.0,-1.1
-4.0,-4.0,-1.1
-4.0,-4.0,-1.1
-4.0,-4.0,-1.1
-4.0,-4.0,-1.1
-4.0,-4.0,-1.1
-4.0,-4.0,-1.1
-4.0,-4.0,-1.1
-4.0,-4.0,-1.1
-4.0,-4.0,-1.1
-4.0,-4.0,-1.1
-4.0,-4.0,-1.1
-4.0,-4.0,-1.1
-4.0,-4.0,-1.1
-4.0,-4.0,-1.1
-4.0,-4.0,-1.1
-4.0,-4.0,-1.1
-4.0,-4.0,-1.1
-4.0,-4.0,-1.1
-4.0,-4.0,-1.1
-4.0,-4.0,-1.1
-4.0,-4.0,-1.1
-4.0,-4.0,-1.1
-4.0,-4.0,-1.1
-4.0,-4.0,-1.1
-4.0,-4.0,-1.1
-4.0,-4.0,-1.1
-4.0,-4.0,-1.1
-4.0,-4.0,-1.1
-4.0,-4.0,-1.1
-4.0,-4.0,-1.1
-4.0,-4.0,-1.1
-4.0,-4.0,-1.1
-4.0,-4.0,-1.1
-4.0,-4.0,-1.1
-4.0,-4.0,-1.1
-4.0,-4.0,-1.1
-4.0,-4.0,-1.1
-4.0,-4.0,-1.1
-4.0,-4.0,-1.1
-4.0,-4.0,-1.1
-4.0,-4.0,-1.1
-4.0,-4.0,-1.1
-4.0,-4.0,-1.1
-4.0,-4.0,-1.1
-4.0,-4.0,-1.1
-4.0,-4.0,-1.1
-4.0,-4.0,-1.1
-4.0,-4.0,-1.1
-4.0,-4.0,-1.1
-4.0,-4.0,-1.1
-4.0,-4.0,-1.1
-4.0,-4.0,-1.1
-4.0,-4.0,-1.1
-4.0,-4.0,-1.1
-4.0,-4.0,-1.1
-4.0,-4.0,-1.1
-4.0,-4.0,-1.1
-4.0,-4.0,-1.1
-4.0,-4.0,-1.1
-4.0,-4.0,-1.1
-4.0,-4.0,-1.1
-4.0,-4.0,-1.1
-4.0,-4.0,-1.1
-4.0,-4.0,-1.1
-4.0,-4.0,-1.1
-4.0,-4.0,-1.1
-4.0,-4.0,-1.1
-4.0,-4.0,-1.1
-4.0,-4.0,-1.1
-4.0,-4.0,-1.1
-4.0,-4.0,-1.1
-4.0,-4.0,-1.1
-4.0,-4.0,-1.1
-4.0,-4.0,-1.1
-4.0,-4.0,-1.1
-4.0,-4.0,-1.1
-4.0,-4.0,-1.1
-4.0,-4.0,-1.1
-4.0,-4.0,-1.1
-4.0,-4.0,-1.1
-4.0,-4.0,-1.1
-4.0,-4.0,-1.1
-4.0,-4.0,-1.1
-4.0,-4.0,-1.1
-4.0,-4.0,-1.1
-4.0,-4.0,-1.1
-4.0,-4.0,-1.1
-4.0,-4.0,-1.1
-4.0,-4.0,-1.1
-4.0,-4.0,-1.1
-4.0,-4.0,-1.1
-4.0,-4.0,-1.1
-4.0,-4.0,-1.1
-4.0,-4.0,-1.1
-4.0,-4.0,-1.1
-4.0,-4.0,-1.1
-4.0,-4.0,-1.1
-4.0,-4.0,-1.1
-4.0,-4.0,-1.1
-4.0,-4.0,-1.1
-4.0,-4.0,-1.1
-4.0,-4.0,-1.1
-4.0,-4.0,-1.1
-4.0,-4.0,-1.1
-4.0,-4.0,-1.1
-4.0,-4.0,-1.1
-4.0,-4.0,-1.1
-4.0,-4.0,-1.1
-4.0,-4.0,-1.1
-4.0,-4.0,-1.1
-4.0,-4.0,-1.1
-4.0,-4.0,-1.1
-4.0,-4.0,-1.1
-4.0,-4.0,-1.1
-4.0,-4.0,-1.1
-4.0,-4.0,-1.1
-4.0,-4.0,-1.1
-4.0,-4.0,-1.1
-4.0,-4.0,-1.1
-4.0,-4.0,-1.1
-4.0,-4.0,-1.1
-4.0,-4.0,-1.1
-4.0,-4.0,-1.1
-4.0,-4.0,-1.1
-4.0,-4.0,-1.1
-4.0,-4.0,-1.1
-4.0,-4.0,-1.1
-4.0,-4.0,-1.1
-4.0,-4.0,-1.1
-4.0,-4.0,-1.1
-4.0,-4.0,-1.1
-4.0,-4.0,-1.1
-4.0,-4.0,-1.1
-4.0,-4.0,-1.1
-4.0,-4.0,-1.1
-4.0,-4.0,-1.1
-4.0,-4.0,-1.1
-4.0,-4.0,-1.1
-4.0,-4.0,-1.1
-4.0,-4.0,-1.1
-4.0,-4.0,-1.1
-4.0,-4.0,-1.1
-4.0,-4.0,-1.1
-4.0,-4.0,-1.1
-4.0,-4.0,-1.1
-4.0,-4.0,-1.1
-4.0,-4.0,-1.1
-4.0,-4.0,-1.1
-4.0,-4.0,-1.1
-4.0,-4.0,-1.1
-4.0,-4.0,-1.1
-4.0,-4.0,-1.1
-4.0,-4.0,-1.1
-4.0,-4.0,-1.1
-4.0,-4.0,-1.1
-4.0,-4.0,-1.1
-4.0,-4.0,-1.1
-4.0,-4.0,-1.1
-4.0,-4.0,-1.1
-4.0,-4.0,-1.1
-4.0,-4.0,-1.1
-4.0,-4.0,-1.1
-4.0,-4.0,-1.1
-4.0,-4.0,-1.1
-4.0,-4.0,-1.1
-4.0,-4.0,-1.1
-4.0,-4.0,-1.1
-4.0,-4.0,-1.1
-4.0,-4.0,-1.1
-4.0,-4.0,-1.1
-4.0,-4.0,-1.1
-4.0,-4.0,-1.1
-4.0,-4.0,-1.1
-4.0,-4.0,-1.1
-4.0,-4.0,-1.1
-4.0,-4.0,-1.1
-4.0,-4.0,-1.1
-4.0,-4.0,-1.1
-4.0,-4.0,-1.1
-4.0,-4.0,-1.1
-4.0,-4.0,-1.1
-4.0,-4.0,-1.1
-4.0,-4.0,-1.1
-4.0,-4.0,-1.1
-4.0,-4.0,-1.1
-4.0,-4.0,-1.1
-4.0,-4.0,-1.1
-4.0,-4.0,-1.1
-4.0,-4.0,-1.1
-4.0,-4.0,-1.1
-4.0,-4.0,-1.1
-4.0,-4.0,-1.1
-4.0,-4.0,-1.1
-4.0,-4.0,-1.1
-4.0,-4.0,-1.1
-4.0,-4.0,-1.1
-4.0,-4.0,-1.1
-4.0,-4.0,-1.1
-4.0,-4.0,-1.1
-4.0,-4.0,-1.1
-4.0,-4.0,-1.1
-4.0,-4.0,-1.1
-4.0,-4.0,-1.1
-4.0,-4.0,-1.1
-4.0,-4.0,-1.1
-4.0,-4.0,-1.1
-4.0,-4.0,-1.1
-4.0,-4.0,-1.1
-4.0,-4.0,-1.1
-4.0,-4.0,-1.1
-4.0,-4.0,-1.1
-4.0,-4.0,-1.1
-4.0,-4.0,-1.1
-4.0,-4.0,-1.1
-4.0,-4.0,-1.1
-4.0,-4.0,-1.1
-4.0,-4.0,-1.1
-4.0,-4.0,-1.1
-4.0,-4.0,-1.1
-4.0,-4.0,-1.1
-4.0,-4.0,-1.1
-4.0,-4.0,-1.1
-4.0,-4.0,-1.1
-4.0,-4.0,-1.1
-4.0,-4.0,-1.1
-4.0,-4.0,-1.1
-4.0,-4.0,-1.1
-4.0,-4.0,-1.1
-4.0,-4.0,-1.1
-4.0,-4.0,-1.1
-4.0,-4.0,-1.1
-4.0,-4.0,-1.1
-4.0,-4.0,-1.1
-4.0,-4.0,-1.1
-4.0,-4.0,-1.1
-4.0,-4.0,-1.1
-4.0,-4.0,-1.1
-4.0,-4.0,-1.1
-4.0,-4.0,-1.1
-4.0,-4.0,-1.1
-4.0,-4.0,-1.1
-4.0,-4.0,-1.1
-4.0,-4.0,-1.1
-4.0,-4.0,-1.1
-4.0,-4.0,-1.1
-4.0,-4.0,-1.1
-4.0,-4.0,-1.1
-4.0,-4.0,-1.1
-4.0,-4.0,-1.1
-4.0,-4.0,-1.1
-4.0,-4.0,-1.1
-4.0,-4.0,-1.1
-4.0,-4.0,-1.1
-4.0,-4.0,-1.1
-4.0,-4.0,-1.1
-4.0,-4.0,-1.1
-4.0,-4.0,-1.1
-4.0,-4.0,-1.1
-4.0,-4.0,-1.1
-4.0,-4.0,-1.1
-4.0,-4.0,-1.1
-4.0,-4.0,-1.1
-4.0,-4.0,-1.1
-4.0,-4.0,-1.1
-4.0,-4.0,-1.1
-4.0,-4.0,-1.1
-4.0,-4.0,-1.1
-4.0,-4.0,-1.1
-4.0,-4.0,-1.1
-4.0,-4.0,-1.1
-4.0,-4.0,-1.1
-4.0,-4.0,-1.1
-4.0,-4.0,-1.1
-4.0,-4.0,-1.1
-4.0,-4.0,-1.1
-4.0,-4.0,-1.1
-4.0,-4.0,-1.1
-4.0,-4.0,-1.1
-4.0,-4.0,-1.1
-4.0,-4.0,-1.1
-4.0,-4.0,-1.1
-4.0,-4.0,-1.1
-4.0,-4.0,-1.1
-4.0,-4.0,-1.1
-4.0,-4.0,-1.1
-4.0,-4.0,-1.1
-4.0,-4.0,-1.1
-4.0,-4.0,-1.1
-4.0,-4.0,-1.1
-4.0,-4.0,-1.1
-4.0,-4.0,-1.1
-4.0,-4.0,-1.1
-4.0,-4.0,-1.1
-4.0,-4.0,-1.1
-4.0,-4.0,-1.1
-4.0,-4.0,-1.1
-4.0,-4.0,-1.1
-4.0,-4.0,-1.1
-4.0,-4.0,-1.1
-4.0,-4.0,-1.1
-4.0,-4.0,-1.1
-4.0,-4.0,-1.1
-4.0,-4.0,-1.1
-4.0,-4.0,-1.1
-4.0,-4.0,-1.1
-4.0,-4.0,-1.1
-4.0,-4.0,-1.1
-4.0,-4.0,-1.1
-4.0,-4.0,-1.1
-4.0,-4.0,-1.1
-4.0,-4.0,-1.1
-4.0,-4.0,-1.1
-4.0,-4.0,-1.1
-4.0,-4.0,-1.1
-4.0,-4.0,-1.1
-4.0,-4.0,-1.1
-4.0,-4.0,-1.1
-4.0,-4.0,-1.1
-4.0,-4.0,-1.1
-4.0,-4.0,-1.1
-4.0,-4.0,-1.1
-4.0,-4.0,-1.1
-4.0,-4.0,-1.1
-4.0,-4.0,-1.1
-4.0,-4.0,-1.1
-4.0,-4.0,-1.1
-4.0,-4.0,-1.1
-4.0,-4.0,-1.1
-4.0,-4.0,-1.1
-4.0,-4.0,-1.1
-4.0,-4.0,-1.1
-4.0,-4.0,-1.1
-4.0,-4.0,-1.1
-4.0,-4.0,-1.1
-4.0,-4.0,-1.1
-4.0,-4.0,-1.1
-4.0,-4.0,-1.1
-4.0,-4.0,-1.1
-4.0,-4.0,-1.1
-4.0,-4.0,-1.1
-4.0,-4.0,-1.1
-4.0,-4.0,-1.1
-4.0,-4.0,-1.1
-4.0,-4.0,-1.1
-4.0,-4.0,-1.1
-4.0,-4.0,-1.1
-4.0,-4.0,-1.1
-4.0,-4.0,-1.1
-4.0,-4.0,-1.1
-4.0,-4.0,-1.1
-4.0,-4.0,-1.1
-4.0,-4.0,-1.1
-4.0,-4.0,-1.1
-4.0,-4.0,-1.1
-4.0,-4.0,-1.1
-4.0,-4.0,-1.1
-4.0,-4.0,-1.1
-4.0,-4.0,-1.1
-4.0,-4.0,-1.1
-4.0,-4.0,-1.1
-4.0,-4.0,-1.1
-4.0,-4.0,-1.1
-4.0,-4.0,-1.1
-4.0,-4.0,-1.1
-4.0,-4.0,-1.1
-4.0,-4.0,-1.1
-4.0,-4.0,-1.1
-4.0,-4.0,-1.1
-4.0,-4.0,-1.1
-4.0,-4.0,-1.1
-4.0,-4.0,-1.1
-4.0,-4.0,-1.1
-4.0,-4.0,-1.1
-4.0,-4.0,-1.1
-4.0,-4.0,-1.1
-4.0,-4.0,-1.1
-4.0,-4.0,-1.1
-4.0,-4.0,-1.1
-4.0,-4.0,-1.1
-4.0,-4.0,-1.1
-4.0,-4.0,-1.1
-4.0,-4.0,-1.1
-4.0,-4.0,-1.1
-4.0,-4.0,-1.1
-4.0,-4.0,-1.1
-4.0,-4.0,-1.1
-4.0,-4.0,-1.1
-4.0,-4.0,-1.1
-4.0,-4.0,-1.1
-4.0,-4.0,-1.1
-4.0,-4.0,-1.1
-4.0,-4.0,-1.1
-4.0,-4.0,-1.1
-4.0,-4.0,-1.1
-4.0,-4.0,-1.1
-4.0,-4.0,-1.1
-4.0,-4.0,-1.1
-4.0,-4.0,-1.1
-4.0,-4.0,-1.1
-4.0,-4.0,-1.1
-4.0,-4.0,-1.1
-4.0,-4.0,-1.1
-4.0,-4.0,-1.1
-4.0,-4.0,-1.1
-4.0,-4.0,-1.1
-4.0,-4.0,-1.1
-4.0,-4.0,-1.1
-4.0,-4.0,-1.1
-4.0,-4.0,-1.1
-4.0,-4.0,-1.1
-4.0,-4.0,-1.1
-4.0,-4.0,-1.1
-4.0,-4.0,-1.1
-4.0,-4.0,-1.1
-4.0,-4.0,-1.1
-4.0,-4.0,-1.1
-4.0,-4.0,-1.1
-4.0,-4.0,-1.1
-4.0,-4.0,-1.1
-4.0,-4.0,-1.1
-4.0,-4.0,-1.1
-4.0,-4.0,-1.1
-4.0,-4.0,-1.1
-4.0,-4.0,-1.1
-4.0,-4.0,-1.1
-4.0,-4.0,-1.1
-4.0,-4.0,-1.1
-4.0,-4.0,-1.1
-4.0,-4.0,-1.1
-4.0,-4.0,-1.1
-4.0,-4.0,-1.1
-4.0,-4.0,-1.1
-4.0,-4.0,-1.1
-4.0,-4.0,-1.1
-4.0,-4.0,-1.1
-4.0,-4.0,-1.1
-4.0,-4.0,-1.1
-4.0,-4.0,-1.1
-4.0,-4.0,-1.1
-4.0,-4.0,-1.1
-4.0,-4.0,-1.1
-4.0,-4.0,-1.1
-4.0,-4.0,-1.1
-4.0,-4.0,-1.1
-4.0,-4.0,-1.1
-4.0,-4.0,-1.1
-4.0,-4.0,-1.1
-4.0,-4.0,-1.1
-4.0,-4.0,-1.1
-4.0,-4.0,-1.1
-4.0,-4.0,-1.1
-4.0,-4.0,-1.1
-4.0,-4.0,-1.1
-4.0,-4.0,-1.1
-4.0,-4.0,-1.1
-4.0,-4.0,-1.1
-4.0,-4.0,-1.1
-4.0,-4.0,-1.1
-4.0,-4.0,-1.1
-4.0,-4.0,-1.1
-4.0,-4.0,-1.1
-4.0,-4.0,-1.1
-4.0,-4.0,-1.1
-4.0,-4.0,-1.1
-4.0,-4.0,-1.1
-4.0,-4.0,-1.1
-4.0,-4.0,-1.1
-4.0,-4.0,-1.1
-4.0,-4.0,-1.1
-4.0,-4.0,-1.1
-4.0,-4.0,-1.1
-4.0,-4.0,-1.1
-4.0,-4.0,-1.1
-4.0,-4.0,-1.1
-4.0,-4.0,-1.1
-4.0,-4.0,-1.1
-4.0,-4.0,-1.1
-4.0,-4.0,-1.1
-4.0,-4.0,-1.1
-4.0,-4.0,-1.1
-4.0,-4.0,-1.1
-4.0,-4.0,-1.1
-4.0,-4.0,-1.1
-4.0,-4.0,-1.1
-4.0,-4.0,-1.1
-4.0,-4.0,-1.1
-4.0,-4.0,-1.1
-4.0,-4.0,-1.1
-4.0,-4.0,-1.1
-4.0,-4.0,-1.1
-4.0,-4.0,-1.1
-4.0,-4.0,-1.1
-4.0,-4.0,-1.1
-4.0,-4.0,-1.1
-4.0,-4.0,-1.1
-4.0,-4.0,-1.1
-4.0,-4.0,-1.1
-4.0,-4.0,-1.1
-4.0,-4.0,-1.1
-4.0,-4.0,-1.1
-4.0,-4.0,-1.1
-4.0,-4.0,-1.1
-4.0,-4.0,-1.1
-4.0,-4.0,-1.1
-4.0,-4.0,-1.1
-4.0,-4.0,-1.1
-4.0,-4.0,-1.1
-4.0,-4.0,-1.1
-4.0,-4.0,-1.1
-4.0,-4.0,-1.1
-4.0,-4.0,-1.1
-4.0,-4.0,-1.1
-4.0,-4.0,-1.1
-4.0,-4.0,-1.1
-4.0,-4.0,-1.1
-4.0,-4.0,-1.1
-4.0,-4.0,-1.1
-4.0,-4.0,-1.1
-4.0,-4.0,-1.1
-4.0,-4.0,-1.1
-4.0,-4.0,-1.1
-4.0,-4.0,-1.1
-4.0,-4.0,-1.1
-4.0,-4.0,-1.1
-4.0,-4.0,-1.1
-4.0,-4.0,-1.1
-4.0,-4.0,-1.1
-4.0,-4.0,-1.1
-4.0,-4.0,-1.1
-4.0,-4.0,-1.1
-4.0,-4.0,-1.1
-4.0,-4.0,-1.1
-4.0,-4.0,-1.1
-4.0,-4.0,-1.1
-4.0,-4.0,-1.1
-4.0,-4.0,-1.1
-4.0,-4.0,-1.1
-4.0,-4.0,-1.1
-4.0,-4.0,-1.1
-4.0,-4.0,-1.1
-4.0,-4.0,-1.1
-4.0,-4.0,-1.1
-4.0,-4.0,-1.1
-4.0,-4.0,-1.1
-4.0,-4.0,-1.1
-4.0,-4.0,-1.1
-4.0,-4.0,-1.1
-4.0,-4.0,-1.1
-4.0,-4.0,-1.1
-4.0,-4.0,-1.1
-4.0,-4.0,-1.1
-4.0,-4.0,-1.1
-4.0,-4.0,-1.1
-4.0,-4.0,-1.1
-4.0,-4.0,-1.1
-4.0,-4.0,-1.1
-4.0,-4.0,-1.1
-4.0,-4.0,-1.1
-4.0,-4.0,-1.1
-4.0,-4.0,-1.1
-4.0,-4.0,-1.1
-4.0,-4.0,-1.1
-4.0,-4.0,-1.1
-4.0,-4.0,-1.1
-4.0,-4.0,-1.1
-4.0,-4.0,-1.1
-4.0,-4.0,-1.1
-4.0,-4.0,-1.1
-4.0,-4.0,-1.1
-4.0,-4.0,-1.1
-4.0,-4.0,-1.1
-4.0,-4.0,-1.1
-4.0,-4.0,-1.1
-4.0,-4.0,-1.1
-4.0,-4.0,-1.1
-4.0,-4.0,-1.1
-4.0,-4.0,-1.1
-4.0,-4.0,-1.1
-4.0,-4.0,-1.1
-4.0,-4.0,-1.1
-4.0,-4.0,-1.1
-4.0,-4.0,-1.1
-4.0,-4.0,-1.1
-4.0,-4.0,-1.1
-4.0,-4.0,-1.1
-4.0,-4.0,-1.1
-4.0,-4.0,-1.1
-4.0,-4.0,-1.1
-4.0,-4.0,-1.1
-4.0,-4.0,-1.1
-4.0,-4.0,-1.1
-4.0,-4.0,-1.1
-4.0,-4.0,-1.1
-4.0,-4.0,-1.1
-4.0,-4.0,-1.1
-4.0,-4.0,-1.1
-4.0,-4.0,-1.1
-4.0,-4.0,-1.1
-4.0,-4.0,-1.1
-4.0,-4.0,-1.1
-4.0,-4.0,-1.1
-4.0,-4.0,-1.1
-4.0,-4.0,-1.1
-4.0,-4.0,-1.1
-4.0,-4.0,-1.1
-4.0,-4.0,-1.1
-4.0,-4.0,-1.1
-4.0,-4.0,-1.1
-4.0,-4.0,-1.1
-4.0,-4.0,-1.1
-4.0,-4.0,-1.1
-4.0,-4.0,-1.1
-4.0,-4.0,-1.1
-4.0,-4.0,-1.1
-4.0,-4.0,-1.1
-4.0,-4.0,-1.1
-4.0,-4.0,-1.1
-4.0,-4.0,-1.1
-4.0,-4.0,-1.1
-4.0,-4.0,-1.1
-4.0,-4.0,-1.1
-4.0,-4.0,-1.1
-4.0,-4.0,-1.1
-4.0,-4.0,-1.1
-4.0,-4.0,-1.1
-4.0,-4.0,-1.1
-4.0,-4.0,-1.1
-4.0,-4.0,-1.1
-4.0,-4.0,-1.1
-4.0,-4.0,-1.1
-4.0,-4.0,-1.1
-4.0,-4.0,-1.1
-4.0,-4.0,-1.1
-4.0,-4.0,-1.1
-4.0,-4.0,-1.1
-4.0,-4.0,-1.1
-4.0,-4.0,-1.1
-4.0,-4.0,-1.1
-4.0,-4.0,-1.1
-4.0,-4.0,-1.1
-4.0,-4.0,-1.1
-4.0,-4.0,-1.1
-4.0,-4.0,-1.1
-4.0,-4.0,-1.1
-4.0,-4.0,-1.1
-4.0,-4.0,-1.1
-4.0,-4.0,-1.1
-4.0,-4.0,-1.1
-4.0,-4.0,-1.1
-4.0,-4.0,-1.1
-4.0,-4.0,-1.1
-4.0,-4.0,-1.1
-4.0,-4.0,-1.1
-4.0,-4.0,-1.1
-4.0,-4.0,-1.1
-4.0,-4.0,-1.1
-4.0,-4.0,-1.1
-4.0,-4.0,-1.1
-4.0,-4.0,-1.1
-4.0,-4.0,-1.1
-4.0,-4.0,-1.1
-4.0,-4.0,-1.1
-4.0,-4.0,-1.1
-4.0,-4.0,-1.1
-4.0,-4.0,-1.1
-4.0,-4.0,-1.1
-4.0,-4.0,-1.1
-4.0,-4.0,-1.1
-4.0,-4.0,-1.1
-4.0,-4.0,-1.1
-4.0,-4.0,-1.1
-4.0,-4.0,-1.1
-4.0,-4.0,-1.1
-4.0,-4.0,-1.1
-4.0,-4.0,-1.1
-4.0,-4.0,-1.1
-4.0,-4.0,-1.1
-4.0,-4.0,-1.1
-4.0,-4.0,-1.1
-4.0,-4.0,-1.1
-4.0,-4.0,-1.1
-4.0,-4.0,-1.1
-4.0,-4.0,-1.1
-4.0,-4.0,-1.1
-4.0,-4.0,-1.1
-4.0,-4.0,-1.1
-4.0,-4.0,-1.1
-4.0,-4.0,-1.1
-4.0,-4.0,-1.1
-4.0,-4.0,-1.1
-4.0,-4.0,-1.1
-4.0,-4.0,-1.1
-4.0,-4.0,-1.1
-4.0,-4.0,-1.1
-4.0,-4.0,-1.1
-4.0,-4.0,-1.1
-4.0,-4.0,-1.1
-4.0,-4.0,-1.1
-4.0,-4.0,-1.1
-4.0,-4.0,-1.1
-4.0,-4.0,-1.1
-4.0,-4.0,-1.1
-4.0,-4.0,-1.1
-4.0,-4.0,-1.1
-4.0,-4.0,-1.1
-4.0,-4.0,-1.1
-4.0,-4.0,-1.1
-4.0,-4.0,-1.1
-4.0,-4.0,-1.1
-4.0,-4.0,-1.1
-4.0,-4.0,-1.1
-4.0,-4.0,-1.1
-4.0,-4.0,-1.1
-4.0,-4.0,-1.1
-4.0,-4.0,-1.1
-4.0,-4.0,-1.1
-4.0,-4.0,-1.1
-4.0,-4.0,-1.1
-4.0,-4.0,-1.1
-4.0,-4.0,-1.1
-4.0,-4.0,-1.1
-4.0,-4.0,-1.1
-4.0,-4.0,-1.1
-4.0,-4.0,-1.1
-4.0,-4.0,-1.1
-4.0,-4.0,-1.1
-4.0,-4.0,-1.1
-4.0,-4.0,-1.1
-4.0,-4.0,-1.1
-4.0,-4.0,-1.1
-4.0,-4.0,-1.1
-4.0,-4.0,-1.1
-4.0,-4.0,-1.1
-4.0,-4.0,-1.1
-4.0,-4.0,-1.1
-4.0,-4.0,-1.1
-4.0,-4.0,-1.1
-4.0,-4.0,-1.1
-4.0,-4.0,-1.1
-4.0,-4.0,-1.1
-4.0,-4.0,-1.1
-4.0,-4.0,-1.1
-4.0,-4.0,-1.1
-4.0,-4.0,-1.1
-4.0,-4.0,-1.1
-4.0,-4.0,-1.1
-4.0,-4.0,-1.1
-4.0,-4.0,-1.1
-4.0,-4.0,-1.1
-4.0,-4.0,-1.1
-4.0,-4.0,-1.1
-4.0,-4.0,-1.1
-4.0,-4.0,-1.1
-4.0,-4.0,-1.1
-4.0,-4.0,-1.1
-4.0,-4.0,-1.1
-4.0,-4.0,-1.1
-4.0,-4.0,-1.1
-4.0,-4.0,-1.1
-4.0,-4.0,-1.1
-4.0,-4.0,-1.1
-4.0,-4.0,-1.1
-4.0,-4.0,-1.1
-4.0,-4.0,-1.1
-4.0,-4.0,-1.1
-4.0,-4.0,-1.1
-4.0,-4.0,-1.1
-4.0,-4.0,-1.1
-4.0,-4.0,-1.1
-4.0,-4.0,-1.1
-4.0,-4.0,-1.1
-4.0,-4.0,-1.1
-4.0,-4.0,-1.1
-4.0,-4.0,-1.1
-4.0,-4.0,-1.1
-4.0,-4.0,-1.1
-4.0,-4.0,-1.1
-4.0,-4.0,-1.1
-4.0,-4.0,-1.1
-4.0,-4.0,-1.1
-4.0,-4.0,-1.1
-4.0,-4.0,-1.1
-4.0,-4.0,-1.1
-4.0,-4.0,-1.1
-4.0,-4.0,-1.1
-4.0,-4.0,-1.1
-4.0,-4.0,-1.1
-4.0,-4.0,-1.1
-4.0,-4.0,-1.1
-4.0,-4.0,-1.1
-4.0,-4.0,-1.1
-4.0,-4.0,-1.1
-4.0,-4.0,-1.1
-4.0,-4.0,-1.1
-4.0,-4.0,-1.1
-4.0,-4.0,-1.1
-4.0,-4.0,-1.1
-4.0,-4.0,-1.1
-4.0,-4.0,-1.1
-4.0,-4.0,-1.1
-4.0,-4.0,-1.1
-4.0,-4.0,-1.1
-4.0,-4.0,-1.1
-4.0,-4.0,-1.1
-4.0,-4.0,-1.1
-4.0,-4.0,-1.1
-4.0,-4.0,-1.1
-4.0,-4.0,-1.1
-4.0,-4.0,-1.1
-4.0,-4.0,-1.1
-4.0,-4.0,-1.1
-4.0,-4.0,-1.1
-4.0,-4.0,-1.1
-4.0,-4.0,-1.1
-4.0,-4.0,-1.1
-4.0,-4.0,-1.1
-4.0,-4.0,-1.1
-4.0,-4.0,-1.1
-4.0,-4.0,-1.1
-4.0,-4.0,-1.1
-4.0,-4.0,-1.1
-4.0,-4.0,-1.1
-4.0,-4.0,-1.1
-4.0,-4.0,-1.1
-4.0,-4.0,-1.1
-4.0,-4.0,-1.1
-4.0,-4.0,-1.1
-4.0,-4.0,-1.1
-4.0,-4.0,-1.1
-4.0,-4.0,-1.1
-4.0,-4.0,-1.1
-4.0,-4.0,-1.1
-4.0,-4.0,-1.1
-4.0,-4.0,-1.1
-4.0,-4.0,-1.1
-4.0,-4.0,-1.1
-4.0,-4.0,-1.1
-4.0,-4.0,-1.1
-4.0,-4.0,-1.1
-4.0,-4.0,-1.1
-4.0,-4.0,-1.1
-4.0,-4.0,-1.1
-4.0,-4.0,-1.1
-4.0,-4.0,-1.1
-4.0,-4.0,-1.1
-4.0,-4.0,-1.1
-4.0,-4.0,-1.1
-4.0,-4.0,-1.1
-4.0,-4.0,-1.1
-4.0,-4.0,-1.1
-4.0,-4.0,-1.1
-4.0,-4.0,-1.1
-4.0,-4.0,-1.1
-4.0,-4.0,-1.1
-4.0,-4.0,-1.1
-4.0,-4.0,-1.1
-4.0,-4.0,-1.1
-4.0,-4.0,-1.1
-4.0,-4.0,-1.1
-4.0,-4.0,-1.1
-4.0,-4.0,-1.1
-4.0,-4.0,-1.1
-4.0,-4.0,-1.1
-4.0,-4.0,-1.1
-4.0,-4.0,-1.1
-4.0,-4.0,-1.1
-4.0,-4.0,-1.1
-4.0,-4.0,-1.1
-4.0,-4.0,-1.1
-4.0,-4.0,-1.1
-4.0,-4.0,-1.1
-4.0,-4.0,-1.1
-4.0,-4.0,-1.1
-4.0,-4.0,-1.1
-4.0,-4.0,-1.1
-4.0,-4.0,-1.1
-4.0,-4.0,-1.1
-4.0,-4.0,-1.1
-4.0,-4.0,-1.1
-4.0,-4.0,-1.1
-4.0,-4.0,-1.1
-4.0,-4.0,-1.1
-4.0,-4.0,-1.1
-4.0,-4.0,-1.1
-4.0,-4.0,-1.1
-4.0,-4.0,-1.1
-4.0,-4.0,-1.1
-4.0,-4.0,-1.1
-4.0,-4.0,-1.1
-4.0,-4.0,-1.1
-4.0,-4.0,-1.1
-4.0,-4.0,-1.1
-4.0,-4.0,-1.1
-4.0,-4.0,-1.1
-4.0,-4.0,-1.1
-4.0,-4.0,-1.1
-4.0,-4.0,-1.1
-4.0,-4.0,-1.1
-4.0,-4.0,-1.1
-4.0,-4.0,-1.1
-4.0,-4.0,-1.1
-4.0,-4.0,-1.1
-4.0,-4.0,-1.1
-4.0,-4.0,-1.1
-4.0,-4.0,-1.1
-4.0,-4.0,-1.1
-4.0,-4.0,-1.1
-4.0,-4.0,-1.1
-4.0,-4.0,-1.1
-4.0,-4.0,-1.1
-4.0,-4.0,-1.1
-4.0,-4.0,-1.1
-4.0,-4.0,-1.1
-4.0,-4.0,-1.1
-4.0,-4.0,-1.1
-4.0,-4.0,-1.1
-4.0,-4.0,-1.1
-4.0,-4.0,-1.1
-4.0,-4.0,-1.1
-4.0,-4.0,-1.1
-4.0,-4.0,-1.1
-4.0,-4.0,-1.1
-4.0,-4.0,-1.1
-4.0,-4.0,-1.1
-4.0,-4.0,-1.1
-4.0,-4.0,-1.1
-4.0,-4.0,-1.1
-4.0,-4.0,-1.1
-4.0,-4.0,-1.1
-4.0,-4.0,-1.1
-4.0,-4.0,-1.1
-4.0,-4.0,-1.1
-4.0,-4.0,-1.1
-4.0,-4.0,-1.1
-4.0,-4.0,-1.1
-4.0,-4.0,-1.1
-4.0,-4.0,-1.1
-4.0,-4.0,-1.1
-4.0,-4.0,-1.1
-4.0,-4.0,-1.1
-4.0,-4.0,-1.1
-4.0,-4.0,-1.1
-4.0,-4.0,-1.1
-4.0,-4.0,-1.1
-4.0,-4.0,-1.1
-4.0,-4.0,-1.1
-4.0,-4.0,-1.1
-4.0,-4.0,-1.1
-4.0,-4.0,-1.1
-4.0,-4.0,-1.1
-4.0,-4.0,-1.1
-4.0,-4.0,-1.1
-4.0,-4.0,-1.1
-4.0,-4.0,-1.1
-4.0,-4.0,-1.1
-4.0,-4.0,-1.1
-4.0,-4.0,-1.1
-4.0,-4.0,-1.1
-4.0,-4.0,-1.1
-4.0,-4.0,-1.1
-4.0,-4.0,-1.1
-4.0,-4.0,-1.1
-4.0,-4.0,-1.1
-4.0,-4.0,-1.1
-4.0,-4.0,-1.1
-4.0,-4.0,-1.1
-4.0,-4.0,-1.1
-4.0,-4.0,-1.1
-4.0,-4.0,-1.1
-4.0,-4.0,-1.1
-4.0,-4.0,-1.1
-4.0,-4.0,-1.1
-4.0,-4.0,-1.1
-4.0,-4.0,-1.1
-4.0,-4.0,-1.1
-4.0,-4.0,-1.1
-4.0,-4.0,-1.1
-4.0,-4.0,-1.1
-4.0,-4.0,-1.1
-4.0,-4.0,-1.1
-4.0,-4.0,-1.1
-4.0,-4.0,-1.1
-4.0,-4.0,-1.1
-4.0,-4.0,-1.1
-4.0,-4.0,-1.1
-4.0,-4.0,-1.1
-4.0,-4.0,-1.1
-4.0,-4.0,-1.1
-4.0,-4.0,-1.1
-4.0,-4.0,-1.1
-4.0,-4.0,-1.1
-4.0,-4.0,-1.1
-4.0,-4.0,-1.1
-4.0,-4.0,-1.1
-4.0,-4.0,-1.1
-4.0,-4.0,-1.1
-4.0,-4.0,-1.1
-4.0,-4.0,-1.1
-4.0,-4.0,-1.1
-4.0,-4.0,-1.1
-4.0,-4.0,-1.1
-4.0,-4.0,-1.1
-4.0,-4.0,-1.1
-4.0,-4.0,-1.1
-4.0,-4.0,-1.1
-4.0,-4.0,-1.1
-4.0,-4.0,-1.1
-4.0,-4.0,-1.1
-4.0,-4.0,-1.1
-4.0,-4.0,-1.1
-4.0,-4.0,-1.1
-4.0,-4.0,-1.1
-4.0,-4.0,-1.1
-4.0,-4.0,-1.1
-4.0,-4.0,-1.1
-4.0,-4.0,-1.1
-4.0,-4.0,-1.1
-4.0,-4.0,-1.1
-4.0,-4.0,-1.1
-4.0,-4.0,-1.1
-4.0,-4.0,-1.1
-4.0,-4.0,-1.1
-4.0,-4.0,-1.1
-4.0,-4.0,-1.1
-4.0,-4.0,-1.1
-4.0,-4.0,-1.1
-4.0,-4.0,-1.1
-4.0,-4.0,-1.1
-4.0,-4.0,-1.1
-4.0,-4.0,-1.1
-4.0,-4.0,-1.1
-4.0,-4.0,-1.1
-4.0,-4.0,-1.1
-4.0,-4.0,-1.1
-4.0,-4.0,-1.1
-4.0,-4.0,-1.1
-4.0,-4.0,-1.1
-4.0,-4.0,-1.1
-4.0,-4.0,-1.1
-4.0,-4.0,-1.1
-4.0,-4.0,-1.1
-4.0,-4.0,-1.1
-4.0,-4.0,-1.1
-4.0,-4.0,-1.1
-4.0,-4.0,-1.1
-4.0,-4.0,-1.1
-4.0,-4.0,-1.1
-4.0,-4.0,-1.1
-4.0,-4.0,-1.1
-4.0,-4.0,-1.1
-4.0,-4.0,-1.1
-4.0,-4.0,-1.1
-4.0,-4.0,-1.1
-4.0,-4.0,-1.1
-4.0,-4.0,-1.1
-4.0,-4.0,-1.1
-4.0,-4.0,-1.1
-4.0,-4.0,-1.1
-4.0,-4.0,-1.1
-4.0,-4.0,-1.1
-4.0,-4.0,-1.1
-4.0,-4.0,-1.1
-4.0,-4.0,-1.1
-4.0,-4.0,-1.1
-4.0,-4.0,-1.1
-4.0,-4.0,-1.1
-4.0,-4.0,-1.1
-4.0,-4.0,-1.1
-4.0,-4.0,-1.1
-4.0,-4.0,-1.1
-4.0,-4.0,-1.1
-4.0,-4.0,-1.1
-4.0,-4.0,-1.1
-4.0,-4.0,-1.1
-4.0,-4.0,-1.1
-4.0,-4.0,-1.1
-4.0,-4.0,-1.1
-4.0,-4.0,-1.1
-4.0,-4.0,-1.1
-4.0,-4.0,-1.1
-4.0,-4.0,-1.1
-4.0,-4.0,-1.1
-4.0,-4.0,-1.1
-4.0,-4.0,-1.1
-4.0,-4.0,-1.1
-4.0,-4.0,-1.1
-4.0,-4.0,-1.1
-4.0,-4.0,-1.1
-4.0,-4.0,-1.1
-4.0,-4.0,-1.1
-4.0,-4.0,-1.1
-4.0,-4.0,-1.1
-4.0,-4.0,-1.1
-4.0,-4.0,-1.1
-4.0,-4.0,-1.1
-4.0,-4.0,-1.1
-4.0,-4.0,-1.1
-4.0,-4.0,-1.1
-4.0,-4.0,-1.1
-4.0,-4.0,-1.1
-4.0,-4.0,-1.1
-4.0,-4.0,-1.1
-4.0,-4.0,-1.1
-4.0,-4.0,-1.1
-4.0,-4.0,-1.1
-4.0,-4.0,-1.1
-4.0,-4.0,-1.1
-4.0,-4.0,-1.1
-4.0,-4.0,-1.1
-4.0,-4.0,-1.1
-4.0,-4.0,-1.1
-4.0,-4.0,-1.1
-4.0,-4.0,-1.1
-4.0,-4.0,-1.1
-4.0,-4.0,-1.1
-4.0,-4.0,-1.1
-4.0,-4.0,-1.1
-4.0,-4.0,-1.1
-4.0,-4.0,-1.1
-4.0,-4.0,-1.1
-4.0,-4.0,-1.1
-4.0,-4.0,-1.1
-4.0,-4.0,-1.1
-4.0,-4.0,-1.1
-4.0,-4.0,-1.1
-4.0,-4.0,-1.1
-4.0,-4.0,-1.1
-4.0,-4.0,-1.1
-4.0,-4.0,-1.1
-4.0,-4.0,-1.1
-4.0,-4.0,-1.1
-4.0,-4.0,-1.1
-4.0,-4.0,-1.1
-4.0,-4.0,-1.1
-4.0,-4.0,-1.1
-4.0,-4.0,-1.1
-4.0,-4.0,-1.1
-4.0,-4.0,-1.1
-4.0,-4.0,-1.1
-4.0,-4.0,-1.1
-4.0,-4.0,-1.1
-4.0,-4.0,-1.1
-4.0,-4.0,-1.1
-4.0,-4.0,-1.1
-4.0,-4.0,-1.1
-4.0,-4.0,-1.1
-4.0,-4.0,-1.1
-4.0,-4.0,-1.1
-4.0,-4.0,-1.1
-4.0,-4.0,-1.1
-4.0,-4.0,-1.1
-4.0,-4.0,-1.1
-4.0,-4.0,-1.1
-4.0,-4.0,-1.1
-4.0,-4.0,-1.1
-4.0,-4.0,-1.1
-4.0,-4.0,-1.1
-4.0,-4.0,-1.1
-4.0,-4.0,-1.1
-4.0,-4.0,-1.1
-4.0,-4.0,-1.1
-4.0,-4.0,-1.1
-4.0,-4.0,-1.1
-4.0,-4.0,-1.1
-4.0,-4.0,-1.1
-4.0,-4.0,-1.1
-4.0,-4.0,-1.1
-4.0,-4.0,-1.1
-4.0,-4.0,-1.1
-4.0,-4.0,-1.1
-4.0,-4.0,-1.1
-4.0,-4.0,-1.1
-4.0,-4.0,-1.1
-4.0,-4.0,-1.1
-4.0,-4.0,-1.1
-4.0,-4.0,-1.1
-4.0,-4.0,-1.1
-4.0,-4.0,-1.1
-4.0,-4.0,-1.1
-4.0,-4.0,-1.1
-4.0,-4.0,-1.1
-4.0,-4.0,-1.1
-4.0,-4.0,-1.1
-4.0,-4.0,-1.1
-4.0,-4.0,-1.1
-4.0,-4.0,-1.1
-4.0,-4.0,-1.1
-4.0,-4.0,-1.1
-4.0,-4.0,-1.1
-4.0,-4.0,-1.1
-4.0,-4.0,-1.1
-4.0,-4.0,-1.1
-4.0,-4.0,-1.1
-4.0,-4.0,-1.1
-4.0,-4.0,-1.1
-4.0,-4.0,-1.1
-4.0,-4.0,-1.1
-4.0,-4.0,-1.1
-4.0,-4.0,-1.1
-4.0,-4.0,-1.1
-4.0,-4.0,-1.1
-4.0,-4.0,-1.1
-4.0,-4.0,-1.1
-4.0,-4.0,-1.1
-4.0,-4.0,-1.1
-4.0,-4.0,-1.1
-4.0,-4.0,-1.1
-4.0,-4.0,-1.1
-4.0,-4.0,-1.1
-4.0,-4.0,-1.1
-4.0,-4.0,-1.1
-4.0,-4.0,-1.1
-4.0,-4.0,-1.1
-4.0,-4.0,-1.1
-4.0,-4.0,-1.1
-4.0,-4.0,-1.1
-4.0,-4.0,-1.1
-4.0,-4.0,-1.1
-4.0,-4.0,-1.1
-4.0,-4.0,-1.1
-4.0,-4.0,-1.1
-4.0,-4.0,-1.1
-4.0,-4.0,-1.1
-4.0,-4.0,-1.1
-4.0,-4.0,-1.1
-4.0,-4.0,-1.1
-4.0,-4.0,-1.1
-4.0,-4.0,-1.1
-4.0,-4.0,-1.1
-4.0,-4.0,-1.1
-4.0,-4.0,-1.1
-4.0,-4.0,-1.1
-4.0,-4.0,-1.1
-4.0,-4.0,-1.1
-4.0,-4.0,-1.1
-4.0,-4.0,-1.1
-4.0,-4.0,-1.1
-4.0,-4.0,-1.1
-4.0,-4.0,-1.1
-4.0,-4.0,-1.1
-4.0,-4.0,-1.1
-4.0,-4.0,-1.1
-4.0,-4.0,-1.1
-4.0,-4.0,-1.1
-4.0,-4.0,-1.1
-4.0,-4.0,-1.1
-4.0,-4.0,-1.1
-4.0,-4.0,-1.1
-4.0,-4.0,-1.1
-4.0,-4.0,-1.1
-4.0,-4.0,-1.1
-4.0,-4.0,-1.1
-4.0,-4.0,-1.1
-4.0,-4.0,-1.1
-4.0,-4.0,-1.1
-4.0,-4.0,-1.1
-4.0,-4.0,-1.1
-4.0,-4.0,-1.1
-4.0,-4.0,-1.1
-4.0,-4.0,-1.1
-4.0,-4.0,-1.1
-4.0,-4.0,-1.1
-4.0,-4.0,-1.1
-4.0,-4.0,-1.1
-4.0,-4.0,-1.1
-4.0,-4.0,-1.1
-4.0,-4.0,-1.1
-4.0,-4.0,-1.1
-4.0,-4.0,-1.1
-4.0,-4.0,-1.1
-4.0,-4.0,-1.1
-4.0,-4.0,-1.1
-4.0,-4.0,-1.1
-4.0,-4.0,-1.1
-4.0,-4.0,-1.1
-4.0,-4.0,-1.1
-4.0,-4.0,-1.1
-4.0,-4.0,-1.1
-4.0,-4.0,-1.1
-4.0,-4.0,-1.1
-4.0,-4.0,-1.1
-4.0,-4.0,-1.1
-4.0,-4.0,-1.1
-4.0,-4.0,-1.1
-4.0,-4.0,-1.1
-4.0,-4.0,-1.1
-4.0,-4.0,-1.1
-4.0,-4.0,-1.1
-4.0,-4.0,-1.1
-4.0,-4.0,-1.1
-4.0,-4.0,-1.1
-4.0,-4.0,-1.1
-4.0,-4.0,-1.1
-4.0,-4.0,-1.1
-4.0,-4.0,-1.1
-4.0,-4.0,-1.1
-4.0,-4.0,-1.1
-4.0,-4.0,-1.1
-4.0,-4.0,-1.1
-4.0,-4.0,-1.1
-4.0,-4.0,-1.1
-4.0,-4.0,-1.1
-4.0,-4.0,-1.1
-4.0,-4.0,-1.1
-4.0,-4.0,-1.1
-4.0,-4.0,-1.1
-4.0,-4.0,-1.1
-4.0,-4.0,-1.1
-4.0,-4.0,-1.1
-4.0,-4.0,-1.1
-4.0,-4.0,-1.1
-4.0,-4.0,-1.1
-4.0,-4.0,-1.1
-4.0,-4.0,-1.1
-4.0,-4.0,-1.1
-4.0,-4.0,-1.1
-4.0,-4.0,-1.1
-4.0,-4.0,-1.1
-4.0,-4.0,-1.1
-4.0,-4.0,-1.1
-4.0,-4.0,-1.1
-4.0,-4.0,-1.1
-4.0,-4.0,-1.1
-4.0,-4.0,-1.1
-4.0,-4.0,-1.1
-4.0,-4.0,-1.1
-4.0,-4.0,-1.1
-4.0,-4.0,-1.1
-4.0,-4.0,-1.1
-4.0,-4.0,-1.1
-4.0,-4.0,-1.1
-4.0,-4.0,-1.1
-4.0,-4.0,-1.1
-4.0,-4.0,-1.1
-4.0,-4.0,-1.1
-4.0,-4.0,-1.1
-4.0,-4.0,-1.1
-4.0,-4.0,-1.1
-4.0,-4.0,-1.1
-4.0,-4.0,-1.1
-4.0,-4.0,-1.1
-4.0,-4.0,-1.1
-4.0,-4.0,-1.1
-4.0,-4.0,-1.1
-4.0,-4.0,-1.1
-4.0,-4.0,-1.1
-4.0,-4.0,-1.1
-4.0,-4.0,-1.1
-4.0,-4.0,-1.1
-4.0,-4.0,-1.1
-4.0,-4.0,-1.1
-4.0,-4.0,-1.1
-4.0,-4.0,-1.1
-4.0,-4.0,-1.1
-4.0,-4.0,-1.1
-4.0,-4.0,-1.1
-4.0,-4.0,-1.1
-4.0,-4.0,-1.1
-4.0,-4.0,-1.1
-4.0,-4.0,-1.1
-4.0,-4.0,-1.1
-4.0,-4.0,-1.1
-4.0,-4.0,-1.1
-4.0,-4.0,-1.1
-4.0,-4.0,-1.1
-4.0,-4.0,-1.1
-4.0,-4.0,-1.1
-4.0,-4.0,-1.1
-4.0,-4.0,-1.1
-4.0,-4.0,-1.1
-4.0,-4.0,-1.1
-4.0,-4.0,-1.1
-4.0,-4.0,-1.1
-4.0,-4.0,-1.1
-4.0,-4.0,-1.1
-4.0,-4.0,-1.1
-4.0,-4.0,-1.1
-4.0,-4.0,-1.1
-4.0,-4.0,-1.1
-4.0,-4.0,-1.1
-4.0,-4.0,-1.1
-4.0,-4.0,-1.1
-4.0,-4.0,-1.1
-4.0,-4.0,-1.1
-4.0,-4.0,-1.1
-4.0,-4.0,-1.1
-4.0,-4.0,-1.1
-4.0,-4.0,-1.1
-4.0,-4.0,-1.1
-4.0,-4.0,-1.1
-4.0,-4.0,-1.1
-4.0,-4.0,-1.1
-4.0,-4.0,-1.1
-4.0,-4.0,-1.1
-4.0,-4.0,-1.1
-4.0,-4.0,-1.1
-4.0,-4.0,-1.1
-4.0,-4.0,-1.1
-4.0,-4.0,-1.1
-4.0,-4.0,-1.1
-4.0,-4.0,-1.1
-4.0,-4.0,-1.1
-4.0,-4.0,-1.1
-4.0,-4.0,-1.1
-4.0,-4.0,-1.1
-4.0,-4.0,-1.1
-4.0,-4.0,-1.1
-4.0,-4.0,-1.1
-4.0,-4.0,-1.1
-4.0,-4.0,-1.1
-4.0,-4.0,-1.1
-4.0,-4.0,-1.1
-4.0,-4.0,-1.1
-4.0,-4.0,-1.1
-4.0,-4.0,-1.1
-4.0,-4.0,-1.1
-4.0,-4.0,-1.1
-4.0,-4.0,-1.1
-4.0,-4.0,-1.1
-4.0,-4.0,-1.1
-4.0,-4.0,-1.1
-4.0,-4.0,-1.1
-4.0,-4.0,-1.1
-4.0,-4.0,-1.1
-4.0,-4.0,-1.1
-4.0,-4.0,-1.1
-4.0,-4.0,-1.1
-4.0,-4.0,-1.1
-4.0,-4.0,-1.1
-4.0,-4.0,-1.1
-4.0,-4.0,-1.1
-4.0,-4.0,-1.1
-4.0,-4.0,-1.1
-4.0,-4.0,-1.1
-4.0,-4.0,-1.1
-4.0,-4.0,-1.1
-4.0,-4.0,-1.1
-4.0,-4.0,-1.1
-4.0,-4.0,-1.1
-4.0,-4.0,-1.1
-4.0,-4.0,-1.1
-4.0,-4.0,-1.1
-4.0,-4.0,-1.1
-4.0,-4.0,-1.1
-4.0,-4.0,-1.1
-4.0,-4.0,-1.1
-4.0,-4.0,-1.1
-4.0,-4.0,-1.1
-4.0,-4.0,-1.1
-4.0,-4.0,-1.1
-4.0,-4.0,-1.1
-4.0,-4.0,-1.1
-4.0,-4.0,-1.1
-4.0,-4.0,-1.1
-4.0,-4.0,-1.1
-4.0,-4.0,-1.1
-4.0,-4.0,-1.1
-4.0,-4.0,-1.1
-4.0,-4.0,-1.1
-4.0,-4.0,-1.1
-4.0,-4.0,-1.1
-4.0,-4.0,-1.1
-4.0,-4.0,-1.1
-4.0,-4.0,-1.1
-4.0,-4.0,-1.1
-4.0,-4.0,-1.1
-4.0,-4.0,-1.1
-4.0,-4.0,-1.1
-4.0,-4.0,-1.1
-4.0,-4.0,-1.1
-4.0,-4.0,-1.1
-4.0,-4.0,-1.1
-4.0,-4.0,-1.1
-4.0,-4.0,-1.1
-4.0,-4.0,-1.1
-4.0,-4.0,-1.1
-4.0,-4.0,-1.1
-4.0,-4.0,-1.1
-4.0,-4.0,-1.1
-4.0,-4.0,-1.1
-4.0,-4.0,-1.1
-4.0,-4.0,-1.1
-4.0,-4.0,-1.1
-4.0,-4.0,-1.1
-4.0,-4.0,-1.1
-4.0,-4.0,-1.1
-4.0,-4.0,-1.1
-4.0,-4.0,-1.1
-4.0,-4.0,-1.1
-4.0,-4.0,-1.1
-4.0,-4.0,-1.1
-4.0,-4.0,-1.1
-4.0,-4.0,-1.1
-4.0,-4.0,-1.1
-4.0,-4.0,-1.1
-4.0,-4.0,-1.1
-4.0,-4.0,-1.1
-4.0,-4.0,-1.1
-4.0,-4.0,-1.1
-4.0,-4.0,-1.1
-4.0,-4.0,-1.1
-4.0,-4.0,-1.1
-4.0,-4.0,-1.1
-4.0,-4.0,-1.1
-4.0,-4.0,-1.1
-4.0,-4.0,-1.1
-4.0,-4.0,-1.1
-4.0,-4.0,-1.1
-4.0,-4.0,-1.1
-4.0,-4.0,-1.1
-4.0,-4.0,-1.1
-4.0,-4.0,-1.1
-4.0,-4.0,-1.1
-4.0,-4.0,-1.1
-4.0,-4.0,-1.1
-4.0,-4.0,-1.1
-4.0,-4.0,-1.1
-4.0,-4.0,-1.1
-4.0,-4.0,-1.1
-4.0,-4.0,-1.1
-4.0,-4.0,-1.1
-4.0,-4.0,-1.1
-4.0,-4.0,-1.1
-4.0,-4.0,-1.1
-4.0,-4.0,-1.1
-4.0,-4.0,-1.1
-4.0,-4.0,-1.1
-4.0,-4.0,-1.1
-4.0,-4.0,-1.1
-4.0,-4.0,-1.1
-4.0,-4.0,-1.1
-4.0,-4.0,-1.1
-4.0,-4.0,-1.1
-4.0,-4.0,-1.1
-4.0,-4.0,-1.1
-4.0,-4.0,-1.1
-4.0,-4.0,-1.1
-4.0,-4.0,-1.1
-4.0,-4.0,-1.1
-4.0,-4.0,-1.1
-4.0,-4.0,-1.1
-4.0,-4.0,-1.1
-4.0,-4.0,-1.1
-4.0,-4.0,-1.1
-4.0,-4.0,-1.1
-4.0,-4.0,-1.1
-4.0,-4.0,-1.1
-4.0,-4.0,-1.1
-4.0,-4.0,-1.1
-4.0,-4.0,-1.1
-4.0,-4.0,-1.1
-4.0,-4.0,-1.1
-4.0,-4.0,-1.1
-4.0,-4.0,-1.1
-4.0,-4.0,-1.1
-4.0,-4.0,-1.1
-4.0,-4.0,-1.1
-4.0,-4.0,-1.1
-4.0,-4.0,-1.1
-4.0,-4.0,-1.1
-4.0,-4.0,-1.1
-4.0,-4.0,-1.1
-4.0,-4.0,-1.1
-4.0,-4.0,-1.1
-4.0,-4.0,-1.1
-4.0,-4.0,-1.1
-4.0,-4.0,-1.1
-4.0,-4.0,-1.1
-4.0,-4.0,-1.1
-4.0,-4.0,-1.1
-4.0,-4.0,-1.1
-4.0,-4.0,-1.1
-4.0,-4.0,-1.1
-4.0,-4.0,-1.1
-4.0,-4.0,-1.1
-4.0,-4.0,-1.1
-4.0,-4.0,-1.1
-4.0,-4.0,-1.1
-4.0,-4.0,-1.1
-4.0,-4.0,-1.1
-4.0,-4.0,-1.1
-4.0,-4.0,-1.1
-4.0,-4.0,-1.1
-4.0,-4.0,-1.1
-4.0,-4.0,-1.1
-4.0,-4.0,-1.1
-4.0,-4.0,-1.1
-4.0,-4.0,-1.1
-4.0,-4.0,-1.1
-4.0,-4.0,-1.1
-4.0,-4.0,-1.1
-4.0,-4.0,-1.1
-4.0,-4.0,-1.1
-4.0,-4.0,-1.1
-4.0,-4.0,-1.1
-4.0,-4.0,-1.1
-4.0,-4.0,-1.1
-4.0,-4.0,-1.1
-4.0,-4.0,-1.1
-4.0,-4.0,-1.1
-4.0,-4.0,-1.1
-4.0,-4.0,-1.1
-4.0,-4.0,-1.1
-4.0,-4.0,-1.1
-4.0,-4.0,-1.1
-4.0,-4.0,-1.1
-4.0,-4.0,-1.1
-4.0,-4.0,-1.1
-4.0,-4.0,-1.1
-4.0,-4.0,-1.1
-4.0,-4.0,-1.1
-4.0,-4.0,-1.1
-4.0,-4.0,-1.1
-4.0,-4.0,-1.1
-4.0,-4.0,-1.1
-4.0,-4.0,-1.1
-4.0,-4.0,-1.1
-4.0,-4.0,-1.1
-4.0,-4.0,-1.1
-4.0,-4.0,-1.1
-4.0,-4.0,-1.1
-4.0,-4.0,-1.1
-4.0,-4.0,-1.1
-4.0,-4.0,-1.1
-4.0,-4.0,-1.1
-4.0,-4.0,-1.1
-4.0,-4.0,-1.1
-4.0,-4.0,-1.1
-4.0,-4.0,-1.1
-4.0,-4.0,-1.1
-4.0,-4.0,-1.1
-4.0,-4.0,-1.1
-4.0,-4.0,-1.1
-4.0,-4.0,-1.1
-4.0,-4.0,-1.1
-4.0,-4.0,-1.1
-4.0,-4.0,-1.1
-4.0,-4.0,-1.1
-4.0,-4.0,-1.1
-4.0,-4.0,-1.1
-4.0,-4.0,-1.1
-4.0,-4.0,-1.1
-4.0,-4.0,-1.1
-4.0,-4.0,-1.1
-4.0,-4.0,-1.1
-4.0,-4.0,-1.1
-4.0,-4.0,-1.1
-4.0,-4.0,-1.1
-4.0,-4.0,-1.1
-4.0,-4.0,-1.1
-4.0,-4.0,-1.1
-4.0,-4.0,-1.1
-4.0,-4.0,-1.1
-4.0,-4.0,-1.1
-4.0,-4.0,-1.1
-4.0,-4.0,-1.1
-4.0,-4.0,-1.1
-4.0,-4.0,-1.1
-4.0,-4.0,-1.1
-4.0,-4.0,-1.1
-4.0,-4.0,-1.1
-4.0,-4.0,-1.1
-4.0,-4.0,-1.1
-4.0,-4.0,-1.1
-4.0,-4.0,-1.1
-4.0,-4.0,-1.1
-4.0,-4.0,-1.1
-4.0,-4.0,-1.1
-4.0,-4.0,-1.1
-4.0,-4.0,-1.1
-4.0,-4.0,-1.1
-4.0,-4.0,-1.1
-4.0,-4.0,-1.1
-4.0,-4.0,-1.1
-4.0,-4.0,-1.1
-4.0,-4.0,-1.1
-4.0,-4.0,-1.1
-4.0,-4.0,-1.1
-4.0,-4.0,-1.1
-4.0,-4.0,-1.1
-4.0,-4.0,-1.1
-4.0,-4.0,-1.1
-4.0,-4.0,-1.1
-4.0,-4.0,-1.1
-4.0,-4.0,-1.1
-4.0,-4.0,-1.1
-4.0,-4.0,-1.1
-4.0,-4.0,-1.1
-4.0,-4.0,-1.1
-4.0,-4.0,-1.1
-4.0,-4.0,-1.1
-4.0,-4.0,-1.1
-4.0,-4.0,-1.1
-4.0,-4.0,-1.1
-4.0,-4.0,-1.1
-4.0,-4.0,-1.1
-4.0,-4.0,-1.1
-4.0,-4.0,-1.1
-4.0,-4.0,-1.1
-4.0,-4.0,-1.1
-4.0,-4.0,-1.1
-4.0,-4.0,-1.1
-4.0,-4.0,-1.1
-4.0,-4.0,-1.1
-4.0,-4.0,-1.1
-4.0,-4.0,-1.1
-4.0,-4.0,-1.1
-4.0,-4.0,-1.1
-4.0,-4.0,-1.1
-4.0,-4.0,-1.1
-4.0,-4.0,-1.1
-4.0,-4.0,-1.1
-4.0,-4.0,-1.1
-4.0,-4.0,-1.1
-4.0,-4.0,-1.1
-4.0,-4.0,-1.1
-4.0,-4.0,-1.1
-4.0,-4.0,-1.1
-4.0,-4.0,-1.1
-4.0,-4.0,-1.1
-4.0,-4.0,-1.1
-4.0,-4.0,-1.1
-4.0,-4.0,-1.1
-4.0,-4.0,-1.1
-4.0,-4.0,-1.1
-4.0,-4.0,-1.1
-4.0,-4.0,-1.1
-4.0,-4.0,-1.1
-4.0,-4.0,-1.1
-4.0,-4.0,-1.1
-4.0,-4.0,-1.1
-4.0,-4.0,-1.1
-4.0,-4.0,-1.1
-4.0,-4.0,-1.1
-4.0,-4.0,-1.1
-4.0,-4.0,-1.1
-4.0,-4.0,-1.1
-4.0,-4.0,-1.1
-4.0,-4.0,-1.1
-4.0,-4.0,-1.1
-4.0,-4.0,-1.1
-4.0,-4.0,-1.1
-4.0,-4.0,-1.1
-4.0,-4.0,-1.1
-4.0,-4.0,-1.1
-4.0,-4.0,-1.1
-4.0,-4.0,-1.1
-4.0,-4.0,-1.1
-4.0,-4.0,-1.1
-4.0,-4.0,-1.1
-4.0,-4.0,-1.1
-4.0,-4.0,-1.1
-4.0,-4.0,-1.1
-4.0,-4.0,-1.1
-4.0,-4.0,-1.1
-4.0,-4.0,-1.1
-4.0,-4.0,-1.1
-4.0,-4.0,-1.1
-4.0,-4.0,-1.1
-4.0,-4.0,-1.1
-4.0,-4.0,-1.1
-4.0,-4.0,-1.1
-4.0,-4.0,-1.1
-4.0,-4.0,-1.1
-4.0,-4.0,-1.1
-4.0,-4.0,-1.1
-4.0,-4.0,-1.1
-4.0,-4.0,-1.1
-4.0,-4.0,-1.1
-4.0,-4.0,-1.1
-4.0,-4.0,-1.1
-4.0,-4.0,-1.1
-4.0,-4.0,-1.1
-4.0,-4.0,-1.1
-4.0,-4.0,-1.1
-4.0,-4.0,-1.1
-4.0,-4.0,-1.1
-4.0,-4.0,-1.1
-4.0,-4.0,-1.1
-4.0,-4.0,-1.1
-4.0,-4.0,-1.1
-4.0,-4.0,-1.1
-4.0,-4.0,-1.1
-4.0,-4.0,-1.1
-4.0,-4.0,-1.1
-4.0,-4.0,-1.1
-4.0,-4.0,-1.1
-4.0,-4.0,-1.1
-4.0,-4.0,-1.1
-4.0,-4.0,-1.1
-4.0,-4.0,-1.1
-4.0,-4.0,-1.1
-4.0,-4.0,-1.1
-4.0,-4.0,-1.1
-4.0,-4.0,-1.1
-4.0,-4.0,-1.1
-4.0,-4.0,-1.1
-4.0,-4.0,-1.1
-4.0,-4.0,-1.1
-4.0,-4.0,-1.1
-4.0,-4.0,-1.1
-4.0,-4.0,-1.1
-4.0,-4.0,-1.1
-4.0,-4.0,-1.1
-4.0,-4.0,-1.1
-4.0,-4.0,-1.1
-4.0,-4.0,-1.1
-4.0,-4.0,-1.1
-4.0,-4.0,-1.1
-4.0,-4.0,-1.1
-4.0,-4.0,-1.1
-4.0,-4.0,-1.1
-4.0,-4.0,-1.1
-4.0,-4.0,-1.1
-4.0,-4.0,-1.1
-4.0,-4.0,-1.1
-4.0,-4.0,-1.1
-4.0,-4.0,-1.1
-4.0,-4.0,-1.1
-4.0,-4.0,-1.1
-4.0,-4.0,-1.1
-4.0,-4.0,-1.1
-4.0,-4.0,-1.1
-4.0,-4.0,-1.1
-4.0,-4.0,-1.1
-4.0,-4.0,-1.1
-4.0,-4.0,-1.1
-4.0,-4.0,-1.1
-4.0,-4.0,-1.1
-4.0,-4.0,-1.1
-4.0,-4.0,-1.1
-4.0,-4.0,-1.1
-4.0,-4.0,-1.1
-4.0,-4.0,-1.1
-4.0,-4.0,-1.1
-4.0,-4.0,-1.1
-4.0,-4.0,-1.1
-4.0,-4.0,-1.1
-4.0,-4.0,-1.1
-4.0,-4.0,-1.1
-4.0,-4.0,-1.1
-4.0,-4.0,-1.1
-4.0,-4.0,-1.1
-4.0,-4.0,-1.1
-4.0,-4.0,-1.1
-4.0,-4.0,-1.1
-4.0,-4.0,-1.1
-4.0,-4.0,-1.1
-4.0,-4.0,-1.1
-4.0,-4.0,-1.1
-4.0,-4.0,-1.1
-4.0,-4.0,-1.1
-4.0,-4.0,-1.1
-4.0,-4.0,-1.1
-4.0,-4.0,-1.1
-4.0,-4.0,-1.1
-4.0,-4.0,-1.1
-4.0,-4.0,-1.1
-4.0,-4.0,-1.1
-4.0,-4.0,-1.1
-4.0,-4.0,-1.1
-4.0,-4.0,-1.1
-4.0,-4.0,-1.1
-4.0,-4.0,-1.1
-4.0,-4.0,-1.1
-4.0,-4.0,-1.1
-4.0,-4.0,-1.1
-4.0,-4.0,-1.1
-4.0,-4.0,-1.1
-4.0,-4.0,-1.1
-4.0,-4.0,-1.1
-4.0,-4.0,-1.1
-4.0,-4.0,-1.1
-4.0,-4.0,-1.1
-4.0,-4.0,-1.1
-4.0,-4.0,-1.1
-4.0,-4.0,-1.1
-4.0,-4.0,-1.1
-4.0,-4.0,-1.1
-4.0,-4.0,-1.1
-4.0,-4.0,-1.1
-4.0,-4.0,-1.1
-4.0,-4.0,-1.1
-4.0,-4.0,-1.1
-4.0,-4.0,-1.1
-4.0,-4.0,-1.1
-4.0,-4.0,-1.1
-4.0,-4.0,-1.1
-4.0,-4.0,-1.1
-4.0,-4.0,-1.1
-4.0,-4.0,-1.1
-4.0,-4.0,-1.1
-4.0,-4.0,-1.1
-4.0,-4.0,-1.1
-4.0,-4.0,-1.1
-4.0,-4.0,-1.1
-4.0,-4.0,-1.1
-4.0,-4.0,-1.1
-4.0,-4.0,-1.1
-4.0,-4.0,-1.1
-4.0,-4.0,-1.1
-4.0,-4.0,-1.1
-4.0,-4.0,-1.1
-4.0,-4.0,-1.1
-4.0,-4.0,-1.1
-4.0,-4.0,-1.1
-4.0,-4.0,-1.1
-4.0,-4.0,-1.1
-4.0,-4.0,-1.1
-4.0,-4.0,-1.1
-4.0,-4.0,-1.1
-4.0,-4.0,-1.1
-4.0,-4.0,-1.1
-4.0,-4.0,-1.1
-4.0,-4.0,-1.1
-4.0,-4.0,-1.1
-4.0,-4.0,-1.1
-4.0,-4.0,-1.1
-4.0,-4.0,-1.1
-4.0,-4.0,-1.1
-4.0,-4.0,-1.1
-4.0,-4.0,-1.1
-4.0,-4.0,-1.1
-4.0,-4.0,-1.1
-4.0,-4.0,-1.1
-4.0,-4.0,-1.1
-4.0,-4.0,-1.1
-4.0,-4.0,-1.1
-4.0,-4.0,-1.1
-4.0,-4.0,-1.1
-4.0,-4.0,-1.1
-4.0,-4.0,-1.1
-4.0,-4.0,-1.1
-4.0,-4.0,-1.1
-4.0,-4.0,-1.1
-4.0,-4.0,-1.1
-4.0,-4.0,-1.1
-4.0,-4.0,-1.1
-4.0,-4.0,-1.1
-4.0,-4.0,-1.1
-4.0,-4.0,-1.1
-4.0,-4.0,-1.1
-4.0,-4.0,-1.1
-4.0,-4.0,-1.1
-4.0,-4.0,-1.1
-4.0,-4.0,-1.1
-4.0,-4.0,-1.1
-4.0,-4.0,-1.1
-4.0,-4.0,-1.1
-4.0,-4.0,-1.1
-4.0,-4.0,-1.1
-4.0,-4.0,-1.1
-4.0,-4.0,-1.1
-4.0,-4.0,-1.1
-4.0,-4.0,-1.1
-4.0,-4.0,-1.1
-4.0,-4.0,-1.1
-4.0,-4.0,-1.1
-4.0,-4.0,-1.1
-4.0,-4.0,-1.1
-4.0,-4.0,-1.1
-4.0,-4.0,-1.1
-4.0,-4.0,-1.1
-4.0,-4.0,-1.1
-4.0,-4.0,-1.1
-4.0,-4.0,-1.1
-4.0,-4.0,-1.1
-4.0,-4.0,-1.1
-4.0,-4.0,-1.1
-4.0,-4.0,-1.1
-4.0,-4.0,-1.1
-4.0,-4.0,-1.1
-4.0,-4.0,-1.1
-4.0,-4.0,-1.1
-4.0,-4.0,-1.1
-4.0,-4.0,-1.1
-4.0,-4.0,-1.1
-4.0,-4.0,-1.1
-4.0,-4.0,-1.1
-4.0,-4.0,-1.1
-4.0,-4.0,-1.1
-4.0,-4.0,-1.1
-4.0,-4.0,-1.1
-4.0,-4.0,-1.1
-4.0,-4.0,-1.1
-4.0,-4.0,-1.1
-4.0,-4.0,-1.1
-4.0,-4.0,-1.1
-4.0,-4.0,-1.1
-4.0,-4.0,-1.1
-4.0,-4.0,-1.1
-4.0,-4.0,-1.1
-4.0,-4.0,-1.1
-4.0,-4.0,-1.1
-4.0,-4.0,-1.1
-4.0,-4.0,-1.1
-4.0,-4.0,-1.1
-4.0,-4.0,-1.1
-4.0,-4.0,-1.1
-4.0,-4.0,-1.1
-4.0,-4.0,-1.1
-4.0,-4.0,-1.1
-4.0,-4.0,-1.1
-4.0,-4.0,-1.1
-4.0,-4.0,-1.1
-4.0,-4.0,-1.1
-4.0,-4.0,-1.1
-4.0,-4.0,-1.1
-4.0,-4.0,-1.1
-4.0,-4.0,-1.1
-4.0,-4.0,-1.1
-4.0,-4.0,-1.1
-4.0,-4.0,-1.1
-4.0,-4.0,-1.1
-4.0,-4.0,-1.1
-4.0,-4.0,-1.1
-4.0,-4.0,-1.1
-4.0,-4.0,-1.1
-4.0,-4.0,-1.1
-4.0,-4.0,-1.1
-4.0,-4.0,-1.1
-4.0,-4.0,-1.1
-4.0,-4.0,-1.1
-4.0,-4.0,-1.1
-4.0,-4.0,-1.1
-4.0,-4.0,-1.1
-4.0,-4.0,-1.1
-4.0,-4.0,-1.1
-4.0,-4.0,-1.1
-4.0,-4.0,-1.1
-4.0,-4.0,-1.1
-4.0,-4.0,-1.1
-4.0,-4.0,-1.1
-4.0,-4.0,-1.1
-4.0,-4.0,-1.1
-4.0,-4.0,-1.1
-4.0,-4.0,-1.1
-4.0,-4.0,-1.1
-4.0,-4.0,-1.1
-4.0,-4.0,-1.1
-4.0,-4.0,-1.1
-4.0,-4.0,-1.1
-4.0,-4.0,-1.1
-4.0,-4.0,-1.1
-4.0,-4.0,-1.1
-4.0,-4.0,-1.1
-4.0,-4.0,-1.1
-4.0,-4.0,-1.1
-4.0,-4.0,-1.1
-4.0,-4.0,-1.1
-4.0,-4.0,-1.1
-4.0,-4.0,-1.1
-4.0,-4.0,-1.1
-4.0,-4.0,-1.1
-4.0,-4.0,-1.1
-4.0,-4.0,-1.1
-4.0,-4.0,-1.1
-4.0,-4.0,-1.1
-4.0,-4.0,-1.1
-4.0,-4.0,-1.1
-4.0,-4.0,-1.1
-4.0,-4.0,-1.1
-4.0,-4.0,-1.1
-4.0,-4.0,-1.1
-4.0,-4.0,-1.1
-4.0,-4.0,-1.1
-4.0,-4.0,-1.1
-4.0,-4.0,-1.1
-4.0,-4.0,-1.1
-4.0,-4.0,-1.1
-4.0,-4.0,-1.1
-4.0,-4.0,-1.1
-4.0,-4.0,-1.1
-4.0,-4.0,-1.1
-4.0,-4.0,-1.1
-4.0,-4.0,-1.1
-4.0,-4.0,-1.1
-4.0,-4.0,-1.1
-4.0,-4.0,-1.1
-4.0,-4.0,-1.1
-4.0,-4.0,-1.1
-4.0,-4.0,-1.1
-4.0,-4.0,-1.1
-4.0,-4.0,-1.1
-4.0,-4.0,-1.1
-4.0,-4.0,-1.1
-4.0,-4.0,-1.1
-4.0,-4.0,-1.1
-4.0,-4.0,-1.1
-4.0,-4.0,-1.1
-4.0,-4.0,-1.1
-4.0,-4.0,-1.1
-4.0,-4.0,-1.1
-4.0,-4.0,-1.1
-4.0,-4.0,-1.1
-4.0,-4.0,-1.1
-4.0,-4.0,-1.1
-4.0,-4.0,-1.1
-4.0,-4.0,-1.1
-4.0,-4.0,-1.1
-4.0,-4.0,-1.1
-4.0,-4.0,-1.1
-4.0,-4.0,-1.1
-4.0,-4.0,-1.1
-4.0,-4.0,-1.1
-4.0,-4.0,-1.1
-4.0,-4.0,-1.1
-4.0,-4.0,-1.1
-4.0,-4.0,-1.1
-4.0,-4.0,-1.1
-4.0,-4.0,-1.1
-4.0,-4.0,-1.1
-4.0,-4.0,-1.1
-4.0,-4.0,-1.1
-4.0,-4.0,-1.1
-4.0,-4.0,-1.1
-4.0,-4.0,-1.1
-4.0,-4.0,-1.1
-4.0,-4.0,-1.1
-4.0,-4.0,-1.1
-4.0,-4.0,-1.1
-4.0,-4.0,-1.1
-4.0,-4.0,-1.1
-4.0,-4.0,-1.1
-4.0,-4.0,-1.1
-4.0,-4.0,-1.1
-4.0,-4.0,-1.1
-4.0,-4.0,-1.1
-4.0,-4.0,-1.1
-4.0,-4.0,-1.1
-4.0,-4.0,-1.1
-4.0,-4.0,-1.1
-4.0,-4.0,-1.1
-4.0,-4.0,-1.1
-4.0,-4.0,-1.1
-4.0,-4.0,-1.1
-4.0,-4.0,-1.1
-4.0,-4.0,-1.1
-4.0,-4.0,-1.1
-4.0,-4.0,-1.1
-4.0,-4.0,-1.1
-4.0,-4.0,-1.1
-4.0,-4.0,-1.1
-4.0,-4.0,-1.1
-4.0,-4.0,-1.1
-4.0,-4.0,-1.1
-4.0,-4.0,-1.1
-4.0,-4.0,-1.1
-4.0,-4.0,-1.1
-4.0,-4.0,-1.1
-4.0,-4.0,-1.1
-4.0,-4.0,-1.1
-4.0,-4.0,-1.1
-4.0,-4.0,-1.1
-4.0,-4.0,-1.1
-4.0,-4.0,-1.1
-4.0,-4.0,-1.1
-4.0,-4.0,-1.1
-4.0,-4.0,-1.1
-4.0,-4.0,-1.1
-4.0,-4.0,-1.1
-4.0,-4.0,-1.1
-4.0,-4.0,-1.1
-4.0,-4.0,-1.1
-4.0,-4.0,-1.1
-4.0,-4.0,-1.1
-4.0,-4.0,-1.1
-4.0,-4.0,-1.1
-4.0,-4.0,-1.1
-4.0,-4.0,-1.1
-4.0,-4.0,-1.1
-4.0,-4.0,-1.1
-4.0,-4.0,-1.1
-4.0,-4.0,-1.1
-4.0,-4.0,-1.1
-4.0,-4.0,-1.1
-4.0,-4.0,-1.1
-4.0,-4.0,-1.1
-4.0,-4.0,-1.1
-4.0,-4.0,-1.1
-4.0,-4.0,-1.1
-4.0,-4.0,-1.1
-4.0,-4.0,-1.1
-4.0,-4.0,-1.1
-4.0,-4.0,-1.1
-4.0,-4.0,-1.1
-4.0,-4.0,-1.1
-4.0,-4.0,-1.1
-4.0,-4.0,-1.1
-4.0,-4.0,-1.1
-4.0,-4.0,-1.1
-4.0,-4.0,-1.1
-4.0,-4.0,-1.1
-4.0,-4.0,-1.1
-4.0,-4.0,-1.1
-4.0,-4.0,-1.1
-4.0,-4.0,-1.1
-4.0,-4.0,-1.1
-4.0,-4.0,-1.1
-4.0,-4.0,-1.1
-4.0,-4.0,-1.1
-4.0,-4.0,-1.1
-4.0,-4.0,-1.1
-4.0,-4.0,-1.1
-4.0,-4.0,-1.1
-4.0,-4.0,-1.1
-4.0,-4.0,-1.1
-4.0,-4.0,-1.1
-4.0,-4.0,-1.1
-4.0,-4.0,-1.1
-4.0,-4.0,-1.1
-4.0,-4.0,-1.1
-4.0,-4.0,-1.1
-4.0,-4.0,-1.1
-4.0,-4.0,-1.1
-4.0,-4.0,-1.1
-4.0,-4.0,-1.1
-4.0,-4.0,-1.1
-4.0,-4.0,-1.1
-4.0,-4.0,-1.1
-4.0,-4.0,-1.1
-4.0,-4.0,-1.1
-4.0,-4.0,-1.1
-4.0,-4.0,-1.1
-4.0,-4.0,-1.1
-4.0,-4.0,-1.1
-4.0,-4.0,-1.1
-4.0,-4.0,-1.1
-4.0,-4.0,-1.1
-4.0,-4.0,-1.1
-4.0,-4.0,-1.1
-4.0,-4.0,-1.1
-4.0,-4.0,-1.1
-4.0,-4.0,-1.1
-4.0,-4.0,-1.1
-4.0,-4.0,-1.1
-4.0,-4.0,-1.1
-4.0,-4.0,-1.1
-4.0,-4.0,-1.1
-4.0,-4.0,-1.1
-4.0,-4.0,-1.1
-4.0,-4.0,-1.1
-4.0,-4.0,-1.1
-4.0,-4.0,-1.1
-4.0,-4.0,-1.1
-4.0,-4.0,-1.1
-4.0,-4.0,-1.1
-4.0,-4.0,-1.1
-4.0,-4.0,-1.1
-4.0,-4.0,-1.1
-4.0,-4.0,-1.1
-4.0,-4.0,-1.1
-4.0,-4.0,-1.1
-4.0,-4.0,-1.1
-4.0,-4.0,-1.1
-4.0,-4.0,-1.1
-4.0,-4.0,-1.1
-4.0,-4.0,-1.1
-4.0,-4.0,-1.1
-4.0,-4.0,-1.1
-4.0,-4.0,-1.1
-4.0,-4.0,-1.1
-4.0,-4.0,-1.1
-4.0,-4.0,-1.1
-4.0,-4.0,-1.1
-4.0,-4.0,-1.1
-4.0,-4.0,-1.1
-4.0,-4.0,-1.1
-4.0,-4.0,-1.1
-4.0,-4.0,-1.1
-4.0,-4.0,-1.1
-4.0,-4.0,-1.1
-4.0,-4.0,-1.1
-4.0,-4.0,-1.1
-4.0,-4.0,-1.1
-4.0,-4.0,-1.1
-4.0,-4.0,-1.1
-4.0,-4.0,-1.1
-4.0,-4.0,-1.1
-4.0,-4.0,-1.1
-4.0,-4.0,-1.1
-4.0,-4.0,-1.1
-4.0,-4.0,-1.1
-4.0,-4.0,-1.1
-4.0,-4.0,-1.1
-4.0,-4.0,-1.1
-4.0,-4.0,-1.1
-4.0,-4.0,-1.1
-4.0,-4.0,-1.1
-4.0,-4.0,-1.1
-4.0,-4.0,-1.1
-4.0,-4.0,-1.1
-4.0,-4.0,-1.1
-4.0,-4.0,-1.1
-4.0,-4.0,-1.1
-4.0,-4.0,-1.1
-4.0,-4.0,-1.1
-4.0,-4.0,-1.1
-4.0,-4.0,-1.1
-4.0,-4.0,-1.1
-4.0,-4.0,-1.1
-4.0,-4.0,-1.1
-4.0,-4.0,-1.1
-4.0,-4.0,-1.1
-4.0,-4.0,-1.1
-4.0,-4.0,-1.1
-4.0,-4.0,-1.1
-4.0,-4.0,-1.1
-4.0,-4.0,-1.1
-4.0,-4.0,-1.1
-4.0,-4.0,-1.1
-4.0,-4.0,-1.1
-4.0,-4.0,-1.1
-4.0,-4.0,-1.1
-4.0,-4.0,-1.1
-4.0,-4.0,-1.1
-4.0,-4.0,-1.1
-4.0,-4.0,-1.1
-4.0,-4.0,-1.1
-4.0,-4.0,-1.1
-4.0,-4.0,-1.1
-4.0,-4.0,-1.1
-4.0,-4.0,-1.1
-4.0,-4.0,-1.1
-4.0,-4.0,-1.1
-4.0,-4.0,-1.1
-4.0,-4.0,-1.1
-4.0,-4.0,-1.1
-4.0,-4.0,-1.1
-4.0,-4.0,-1.1
-4.0,-4.0,-1.1
-4.0,-4.0,-1.1
-4.0,-4.0,-1.1
-4.0,-4.0,-1.1
-4.0,-4.0,-1.1
-4.0,-4.0,-1.1
-4.0,-4.0,-1.1
-4.0,-4.0,-1.1
-4.0,-4.0,-1.1
-4.0,-4.0,-1.1
-4.0,-4.0,-1.1
-4.0,-4.0,-1.1
-4.0,-4.0,-1.1
-4.0,-4.0,-1.1
-4.0,-4.0,-1.1
-4.0,-4.0,-1.1
-4.0,-4.0,-1.1
-4.0,-4.0,-1.1
-4.0,-4.0,-1.1
-4.0,-4.0,-1.1
-4.0,-4.0,-1.1
-4.0,-4.0,-1.1
-4.0,-4.0,-1.1
-4.0,-4.0,-1.1
-4.0,-4.0,-1.1
-4.0,-4.0,-1.1
-4.0,-4.0,-1.1
-4.0,-4.0,-1.1
-4.0,-4.0,-1.1
-4.0,-4.0,-1.1
-4.0,-4.0,-1.1
-4.0,-4.0,-1.1
-4.0,-4.0,-1.1
-4.0,-4.0,-1.1
-4.0,-4.0,-1.1
-4.0,-4.0,-1.1
-4.0,-4.0,-1.1
-4.0,-4.0,-1.1
-4.0,-4.0,-1.1
-4.0,-4.0,-1.1
-4.0,-4.0,-1.1
-4.0,-4.0,-1.1
-4.0,-4.0,-1.1
-4.0,-4.0,-1.1
-4.0,-4.0,-1.1
-4.0,-4.0,-1.1
-4.0,-4.0,-1.1
-4.0,-4.0,-1.1
-4.0,-4.0,-1.1
-4.0,-4.0,-1.1
-4.0,-4.0,-1.1
-4.0,-4.0,-1.1
-4.0,-4.0,-1.1
-4.0,-4.0,-1.1
-4.0,-4.0,-1.1
-4.0,-4.0,-1.1
-4.0,-4.0,-1.1
-4.0,-4.0,-1.1
-4.0,-4.0,-1.1
-4.0,-4.0,-1.1
-4.0,-4.0,-1.1
-4.0,-4.0,-1.1
-4.0,-4.0,-1.1
-4.0,-4.0,-1.1
-4.0,-4.0,-1.1
-4.0,-4.0,-1.1
-4.0,-4.0,-1.1
-4.0,-4.0,-1.1
-4.0,-4.0,-1.1
-4.0,-4.0,-1.1
-4.0,-4.0,-1.1
-4.0,-4.0,-1.1
-4.0,-4.0,-1.1
-4.0,-4.0,-1.1
-4.0,-4.0,-1.1
-4.0,-4.0,-1.1
-4.0,-4.0,-1.1
-4.0,-4.0,-1.1
-4.0,-4.0,-1.1
-4.0,-4.0,-1.1
-4.0,-4.0,-1.1
-4.0,-4.0,-1.1
-4.0,-4.0,-1.1
-4.0,-4.0,-1.1
-4.0,-4.0,-1.1
-4.0,-4.0,-1.1
-4.0,-4.0,-1.1
-4.0,-4.0,-1.1
-4.0,-4.0,-1.1
-4.0,-4.0,-1.1
-4.0,-4.0,-1.1
-4.0,-4.0,-1.1
-4.0,-4.0,-1.1
-4.0,-4.0,-1.1
-4.0,-4.0,-1.1
-4.0,-4.0,-1.1
-4.0,-4.0,-1.1
-4.0,-4.0,-1.1
-4.0,-4.0,-1.1
-4.0,-4.0,-1.1
-4.0,-4.0,-1.1
-4.0,-4.0,-1.1
-4.0,-4.0,-1.1
-4.0,-4.0,-1.1
-4.0,-4.0,-1.1
-4.0,-4.0,-1.1
-4.0,-4.0,-1.1
-4.0,-4.0,-1.1
-4.0,-4.0,-1.1
-4.0,-4.0,-1.1
-4.0,-4.0,-1.1
-4.0,-4.0,-1.1
-4.0,-4.0,-1.1
-4.0,-4.0,-1.1
-4.0,-4.0,-1.1
-4.0,-4.0,-1.1
-4.0,-4.0,-1.1
-4.0,-4.0,-1.1
-4.0,-4.0,-1.1
-4.0,-4.0,-1.1
-4.0,-4.0,-1.1
-4.0,-4.0,-1.1
-4.0,-4.0,-1.1
-4.0,-4.0,-1.1
-4.0,-4.0,-1.1
-4.0,-4.0,-1.1
-4.0,-4.0,-1.1
-4.0,-4.0,-1.1
-4.0,-4.0,-1.1
-4.0,-4.0,-1.1
-4.0,-4.0,-1.1
-4.0,-4.0,-1.1
-4.0,-4.0,-1.1
-4.0,-4.0,-1.1
-4.0,-4.0,-1.1
-4.0,-4.0,-1.1
-4.0,-4.0,-1.1
-4.0,-4.0,-1.1
-4.0,-4.0,-1.1
-4.0,-4.0,-1.1
-4.0,-4.0,-1.1
-4.0,-4.0,-1.1
-4.0,-4.0,-1.1
-4.0,-4.0,-1.1
-4.0,-4.0,-1.1
-4.0,-4.0,-1.1
-4.0,-4.0,-1.1
-4.0,-4.0,-1.1
-4.0,-4.0,-1.1
-4.0,-4.0,-1.1
-4.0,-4.0,-1.1
-4.0,-4.0,-1.1
-4.0,-4.0,-1.1
-4.0,-4.0,-1.1
-4.0,-4.0,-1.1
-4.0,-4.0,-1.1
-4.0,-4.0,-1.1
-4.0,-4.0,-1.1
-4.0,-4.0,-1.1
-4.0,-4.0,-1.1
-4.0,-4.0,-1.1
-4.0,-4.0,-1.1
-4.0,-4.0,-1.1
-4.0,-4.0,-1.1
-4.0,-4.0,-1.1
-4.0,-4.0,-1.1
-4.0,-4.0,-1.1
-4.0,-4.0,-1.1
-4.0,-4.0,-1.1
-4.0,-4.0,-1.1
-4.0,-4.0,-1.1
-4.0,-4.0,-1.1
-4.0,-4.0,-1.1
-4.0,-4.0,-1.1
-4.0,-4.0,-1.1
-4.0,-4.0,-1.1
-4.0,-4.0,-1.1
-4.0,-4.0,-1.1
-4.0,-4.0,-1.1
-4.0,-4.0,-1.1
-4.0,-4.0,-1.1
-4.0,-4.0,-1.1
-4.0,-4.0,-1.1
-4.0,-4.0,-1.1
-4.0,-4.0,-1.1
-4.0,-4.0,-1.1
-4.0,-4.0,-1.1
-4.0,-4.0,-1.1
-4.0,-4.0,-1.1
-4.0,-4.0,-1.1
-4.0,-4.0,-1.1
-4.0,-4.0,-1.1
-4.0,-4.0,-1.1
-4.0,-4.0,-1.1
-4.0,-4.0,-1.1
-4.0,-4.0,-1.1
-4.0,-4.0,-1.1
-4.0,-4.0,-1.1
-4.0,-4.0,-1.1
-4.0,-4.0,-1.1
-4.0,-4.0,-1.1
-4.0,-4.0,-1.1
-4.0,-4.0,-1.1
-4.0,-4.0,-1.1
-4.0,-4.0,-1.1
-4.0,-4.0,-1.1
-4.0,-4.0,-1.1
-4.0,-4.0,-1.1
-4.0,-4.0,-1.1
-4.0,-4.0,-1.1
-4.0,-4.0,-1.1
-4.0,-4.0,-1.1
-4.0,-4.0,-1.1
-4.0,-4.0,-1.1
-4.0,-4.0,-1.1
-4.0,-4.0,-1.1
-4.0,-4.0,-1.1
-4.0,-4.0,-1.1
-4.0,-4.0,-1.1
-4.0,-4.0,-1.1
-4.0,-4.0,-1.1
-4.0,-4.0,-1.1
-4.0,-4.0,-1.1
-4.0,-4.0,-1.1
-4.0,-4.0,-1.1
-4.0,-4.0,-1.1
-4.0,-4.0,-1.1
-4.0,-4.0,-1.1
-4.0,-4.0,-1.1
-4.0,-4.0,-1.1
-4.0,-4.0,-1.1
-4.0,-4.0,-1.1
-4.0,-4.0,-1.1
-4.0,-4.0,-1.1
-4.0,-4.0,-1.1
-4.0,-4.0,-1.1
-4.0,-4.0,-1.1
-4.0,-4.0,-1.1
-4.0,-4.0,-1.1
-4.0,-4.0,-1.1
-4.0,-4.0,-1.1
-4.0,-4.0,-1.1
-4.0,-4.0,-1.1
-4.0,-4.0,-1.1
-4.0,-4.0,-1.1
-4.0,-4.0,-1.1
-4.0,-4.0,-1.1
-4.0,-4.0,-1.1
-4.0,-4.0,-1.1
-4.0,-4.0,-1.1
-4.0,-4.0,-1.1
-4.0,-4.0,-1.1
-4.0,-4.0,-1.1
-4.0,-4.0,-1.1
-4.0,-4.0,-1.1
-4.0,-4.0,-1.1
-4.0,-4.0,-1.1
-4.0,-4.0,-1.1
-4.0,-4.0,-1.1
-4.0,-4.0,-1.1
-4.0,-4.0,-1.1
-4.0,-4.0,-1.1
-4.0,-4.0,-1.1
-4.0,-4.0,-1.1
-4.0,-4.0,-1.1
-4.0,-4.0,-1.1
-4.0,-4.0,-1.1
-4.0,-4.0,-1.1
-4.0,-4.0,-1.1
-4.0,-4.0,-1.1
-4.0,-4.0,-1.1
-4.0,-4.0,-1.1
-4.0,-4.0,-1.1
-4.0,-4.0,-1.1
-4.0,-4.0,-1.1
-4.0,-4.0,-1.1
-4.0,-4.0,-1.1
-4.0,-4.0,-1.1
-4.0,-4.0,-1.1
-4.0,-4.0,-1.1
-4.0,-4.0,-1.1
-4.0,-4.0,-1.1
-4.0,-4.0,-1.1
-4.0,-4.0,-1.1
-4.0,-4.0,-1.1
-4.0,-4.0,-1.1
-4.0,-4.0,-1.1
-4.0,-4.0,-1.1
-4.0,-4.0,-1.1
-4.0,-4.0,-1.1
-4.0,-4.0,-1.1
-4.0,-4.0,-1.1
-4.0,-4.0,-1.1
-4.0,-4.0,-1.1
-4.0,-4.0,-1.1
-4.0,-4.0,-1.1
-4.0,-4.0,-1.1
-4.0,-4.0,-1.1
-4.0,-4.0,-1.1
-4.0,-4.0,-1.1
-4.0,-4.0,-1.1
-4.0,-4.0,-1.1
-4.0,-4.0,-1.1
-4.0,-4.0,-1.1
-4.0,-4.0,-1.1
-4.0,-4.0,-1.1
-4.0,-4.0,-1.1
-4.0,-4.0,-1.1
-4.0,-4.0,-1.1
-4.0,-4.0,-1.1
-4.0,-4.0,-1.1
-4.0,-4.0,-1.1
-4.0,-4.0,-1.1
-4.0,-4.0,-1.1
-4.0,-4.0,-1.1
-4.0,-4.0,-1.1
-4.0,-4.0,-1.1
-4.0,-4.0,-1.1
-4.0,-4.0,-1.1
-4.0,-4.0,-1.1
-4.0,-4.0,-1.1
-4.0,-4.0,-1.1
-4.0,-4.0,-1.1
-4.0,-4.0,-1.1
-4.0,-4.0,-1.1
-4.0,-4.0,-1.1
-4.0,-4.0,-1.1
-4.0,-4.0,-1.1
-4.0,-4.0,-1.1
-4.0,-4.0,-1.1
-4.0,-4.0,-1.1
-4.0,-4.0,-1.1
-4.0,-4.0,-1.1
-4.0,-4.0,-1.1
-4.0,-4.0,-1.1
-4.0,-4.0,-1.1
-4.0,-4.0,-1.1
-4.0,-4.0,-1.1
-4.0,-4.0,-1.1
-4.0,-4.0,-1.1
-4.0,-4.0,-1.1
-4.0,-4.0,-1.1
-4.0,-4.0,-1.1
-4.0,-4.0,-1.1
-4.0,-4.0,-1.1
-4.0,-4.0,-1.1
-4.0,-4.0,-1.1
-4.0,-4.0,-1.1
-4.0,-4.0,-1.1
-4.0,-4.0,-1.1
-4.0,-4.0,-1.1
-4.0,-4.0,-1.1
-4.0,-4.0,-1.1
-4.0,-4.0,-1.1
-4.0,-4.0,-1.1
-4.0,-4.0,-1.1
-4.0,-4.0,-1.1
-4.0,-4.0,-1.1
-4.0,-4.0,-1.1
-4.0,-4.0,-1.1
-4.0,-4.0,-1.1
-4.0,-4.0,-1.1
-4.0,-4.0,-1.1
-4.0,-4.0,-1.1
-4.0,-4.0,-1.1
-4.0,-4.0,-1.1
-4.0,-4.0,-1.1
-4.0,-4.0,-1.1
-4.0,-4.0,-1.1
-4.0,-4.0,-1.1
-4.0,-4.0,-1.1
-4.0,-4.0,-1.1
-4.0,-4.0,-1.1
-4.0,-4.0,-1.1
-4.0,-4.0,-1.1
-4.0,-4.0,-1.1
-4.0,-4.0,-1.1
-4.0,-4.0,-1.1
-4.0,-4.0,-1.1
-4.0,-4.0,-1.1
-4.0,-4.0,-1.1
-4.0,-4.0,-1.1
-4.0,-4.0,-1.1
-4.0,-4.0,-1.1
-4.0,-4.0,-1.1
-4.0,-4.0,-1.1
-4.0,-4.0,-1.1
-4.0,-4.0,-1.1
-4.0,-4.0,-1.1
-4.0,-4.0,-1.1
-4.0,-4.0,-1.1
-4.0,-4.0,-1.1
-4.0,-4.0,-1.1
-4.0,-4.0,-1.1
-4.0,-4.0,-1.1
-4.0,-4.0,-1.1
-4.0,-4.0,-1.1
-4.0,-4.0,-1.1
-4.0,-4.0,-1.1
-4.0,-4.0,-1.1
-4.0,-4.0,-1.1
-4.0,-4.0,-1.1
-4.0,-4.0,-1.1
-4.0,-4.0,-1.1
-4.0,-4.0,-1.1
-4.0,-4.0,-1.1
-4.0,-4.0,-1.1
-4.0,-4.0,-1.1
-4.0,-4.0,-1.1
-4.0,-4.0,-1.1
-4.0,-4.0,-1.1
-4.0,-4.0,-1.1
-4.0,-4.0,-1.1
-4.0,-4.0,-1.1
-4.0,-4.0,-1.1
-4.0,-4.0,-1.1
-4.0,-4.0,-1.1
-4.0,-4.0,-1.1
-4.0,-4.0,-1.1
-4.0,-4.0,-1.1
-4.0,-4.0,-1.1
-4.0,-4.0,-1.1
-4.0,-4.0,-1.1
-4.0,-4.0,-1.1
-4.0,-4.0,-1.1
-4.0,-4.0,-1.1
-4.0,-4.0,-1.1
-4.0,-4.0,-1.1
-4.0,-4.0,-1.1
-4.0,-4.0,-1.1
-4.0,-4.0,-1.1
-4.0,-4.0,-1.1
-4.0,-4.0,-1.1
-4.0,-4.0,-1.1
-4.0,-4.0,-1.1
-4.0,-4.0,-1.1
-4.0,-4.0,-1.1
-4.0,-4.0,-1.1
-4.0,-4.0,-1.1
-4.0,-4.0,-1.1
-4.0,-4.0,-1.1
-4.0,-4.0,-1.1
-4.0,-4.0,-1.1
-4.0,-4.0,-1.1
-4.0,-4.0,-1.1
-4.0,-4.0,-1.1
-4.0,-4.0,-1.1
-4.0,-4.0,-1.1
-4.0,-4.0,-1.1
-4.0,-4.0,-1.1
-4.0,-4.0,-1.1
-4.0,-4.0,-1.1
-4.0,-4.0,-1.1
-4.0,-4.0,-1.1
-4.0,-4.0,-1.1
-4.0,-4.0,-1.1
-4.0,-4.0,-1.1
-4.0,-4.0,-1.1
-4.0,-4.0,-1.1
-4.0,-4.0,-1.1
-4.0,-4.0,-1.1
-4.0,-4.0,-1.1
-4.0,-4.0,-1.1
-4.0,-4.0,-1.1
-4.0,-4.0,-1.1
-4.0,-4.0,-1.1
-4.0,-4.0,-1.1
-4.0,-4.0,-1.1
-4.0,-4.0,-1.1
-4.0,-4.0,-1.1
-4.0,-4.0,-1.1
-4.0,-4.0,-1.1
-4.0,-4.0,-1.1
-4.0,-4.0,-1.1
-4.0,-4.0,-1.1
-4.0,-4.0,-1.1
-4.0,-4.0,-1.1
-4.0,-4.0,-1.1
-4.0,-4.0,-1.1
-4.0,-4.0,-1.1
-4.0,-4.0,-1.1
-4.0,-4.0,-1.1
-4.0,-4.0,-1.1
-4.0,-4.0,-1.1
-4.0,-4.0,-1.1
-4.0,-4.0,-1.1
-4.0,-4.0,-1.1
-4.0,-4.0,-1.1
-4.0,-4.0,-1.1
-4.0,-4.0,-1.1
-4.0,-4.0,-1.1
-4.0,-4.0,-1.1
-4.0,-4.0,-1.1
-4.0,-4.0,-1.1
-4.0,-4.0,-1.1
-4.0,-4.0,-1.1
-4.0,-4.0,-1.1
-4.0,-4.0,-1.1
-4.0,-4.0,-1.1
-4.0,-4.0,-1.1
-4.0,-4.0,-1.1
-4.0,-4.0,-1.1
-4.0,-4.0,-1.1
-4.0,-4.0,-1.1
-4.0,-4.0,-1.1
-4.0,-4.0,-1.1
-4.0,-4.0,-1.1
-4.0,-4.0,-1.1
-4.0,-4.0,-1.1
-4.0,-4.0,-1.1
-4.0,-4.0,-1.1
-4.0,-4.0,-1.1
-4.0,-4.0,-1.1
-4.0,-4.0,-1.1
-4.0,-4.0,-1.1
-4.0,-4.0,-1.1
-4.0,-4.0,-1.1
-4.0,-4.0,-1.1
-4.0,-4.0,-1.1
-4.0,-4.0,-1.1
-4.0,-4.0,-1.1
-4.0,-4.0,-1.1
-4.0,-4.0,-1.1
-4.0,-4.0,-1.1
-4.0,-4.0,-1.1
-4.0,-4.0,-1.1
-4.0,-4.0,-1.1
-4.0,-4.0,-1.1
-4.0,-4.0,-1.1
-4.0,-4.0,-1.1
-4.0,-4.0,-1.1
-4.0,-4.0,-1.1
-4.0,-4.0,-1.1
-4.0,-4.0,-1.1
-4.0,-4.0,-1.1
-4.0,-4.0,-1.1
-4.0,-4.0,-1.1
-4.0,-4.0,-1.1
-4.0,-4.0,-1.1
-4.0,-4.0,-1.1
-4.0,-4.0,-1.1
-4.0,-4.0,-1.1
-4.0,-4.0,-1.1
-4.0,-4.0,-1.1
-4.0,-4.0,-1.1
-4.0,-4.0,-1.1
-4.0,-4.0,-1.1
-4.0,-4.0,-1.1
-4.0,-4.0,-1.1
-4.0,-4.0,-1.1
-4.0,-4.0,-1.1
-4.0,-4.0,-1.1
-4.0,-4.0,-1.1
-4.0,-4.0,-1.1
-4.0,-4.0,-1.1
-4.0,-4.0,-1.1
-4.0,-4.0,-1.1
-4.0,-4.0,-1.1
-4.0,-4.0,-1.1
-4.0,-4.0,-1.1
-4.0,-4.0,-1.1
-4.0,-4.0,-1.1
-4.0,-4.0,-1.1
-4.0,-4.0,-1.1
-4.0,-4.0,-1.1
-4.0,-4.0,-1.1
-4.0,-4.0,-1.1
-4.0,-4.0,-1.1
-4.0,-4.0,-1.1
-4.0,-4.0,-1.1
-4.0,-4.0,-1.1
-4.0,-4.0,-1.1
-4.0,-4.0,-1.1
-4.0,-4.0,-1.1
-4.0,-4.0,-1.1
-4.0,-4.0,-1.1
-4.0,-4.0,-1.1
-4.0,-4.0,-1.1
-4.0,-4.0,-1.1
-4.0,-4.0,-1.1
-4.0,-4.0,-1.1
-4.0,-4.0,-1.1
-4.0,-4.0,-1.1
-4.0,-4.0,-1.1
-4.0,-4.0,-1.1
-4.0,-4.0,-1.1
-4.0,-4.0,-1.1
-4.0,-4.0,-1.1
-4.0,-4.0,-1.1
-4.0,-4.0,-1.1
-4.0,-4.0,-1.1
-4.0,-4.0,-1.1
-4.0,-4.0,-1.1
-4.0,-4.0,-1.1
-4.0,-4.0,-1.1
-4.0,-4.0,-1.1
-4.0,-4.0,-1.1
-4.0,-4.0,-1.1
-4.0,-4.0,-1.1
-4.0,-4.0,-1.1
-4.0,-4.0,-1.1
-4.0,-4.0,-1.1
-4.0,-4.0,-1.1
-4.0,-4.0,-1.1
-4.0,-4.0,-1.1
-4.0,-4.0,-1.1
-4.0,-4.0,-1.1
-4.0,-4.0,-1.1
-4.0,-4.0,-1.1
-4.0,-4.0,-1.1
-4.0,-4.0,-1.1
-4.0,-4.0,-1.1
-4.0,-4.0,-1.1
-4.0,-4.0,-1.1
-4.0,-4.0,-1.1
-4.0,-4.0,-1.1
-4.0,-4.0,-1.1
-4.0,-4.0,-1.1
-4.0,-4.0,-1.1
-4.0,-4.0,-1.1
-4.0,-4.0,-1.1
-4.0,-4.0,-1.1
-4.0,-4.0,-1.1
-4.0,-4.0,-1.1
-4.0,-4.0,-1.1
-4.0,-4.0,-1.1
-4.0,-4.0,-1.1
-4.0,-4.0,-1.1
-4.0,-4.0,-1.1
-4.0,-4.0,-1.1
-4.0,-4.0,-1.1
-4.0,-4.0,-1.1
-4.0,-4.0,-1.1
-4.0,-4.0,-1.1
-4.0,-4.0,-1.1
-4.0,-4.0,-1.1
-4.0,-4.0,-1.1
-4.0,-4.0,-1.1
-4.0,-4.0,-1.1
-4.0,-4.0,-1.1
-4.0,-4.0,-1.1
-4.0,-4.0,-1.1
-4.0,-4.0,-1.1
-4.0,-4.0,-1.1
-4.0,-4.0,-1.1
-4.0,-4.0,-1.1
-4.0,-4.0,-1.1
-4.0,-4.0,-1.1
-4.0,-4.0,-1.1
-4.0,-4.0,-1.1
-4.0,-4.0,-1.1
-4.0,-4.0,-1.1
-4.0,-4.0,-1.1
-4.0,-4.0,-1.1
-4.0,-4.0,-1.1
-4.0,-4.0,-1.1
-4.0,-4.0,-1.1
-4.0,-4.0,-1.1
-4.0,-4.0,-1.1
-4.0,-4.0,-1.1
-4.0,-4.0,-1.1
-4.0,-4.0,-1.1
-4.0,-4.0,-1.1
-4.0,-4.0,-1.1
-4.0,-4.0,-1.1
-4.0,-4.0,-1.1
-4.0,-4.0,-1.1
-4.0,-4.0,-1.1
-4.0,-4.0,-1.1
-4.0,-4.0,-1.1
-4.0,-4.0,-1.1
-4.0,-4.0,-1.1
-4.0,-4.0,-1.1
-4.0,-4.0,-1.1
-4.0,-4.0,-1.1
-4.0,-4.0,-1.1
-4.0,-4.0,-1.1
-4.0,-4.0,-1.1
-4.0,-4.0,-1.1
-4.0,-4.0,-1.1
-4.0,-4.0,-1.1
-4.0,-4.0,-1.1
-4.0,-4.0,-1.1
-4.0,-4.0,-1.1
-4.0,-4.0,-1.1
-4.0,-4.0,-1.1
-4.0,-4.0,-1.1
-4.0,-4.0,-1.1
-4.0,-4.0,-1.1
-4.0,-4.0,-1.1
-4.0,-4.0,-1.1
-4.0,-4.0,-1.1
-4.0,-4.0,-1.1
-4.0,-4.0,-1.1
-4.0,-4.0,-1.1
-4.0,-4.0,-1.1
-4.0,-4.0,-1.1
-4.0,-4.0,-1.1
-4.0,-4.0,-1.1
-4.0,-4.0,-1.1
-4.0,-4.0,-1.1
-4.0,-4.0,-1.1
-4.0,-4.0,-1.1
-4.0,-4.0,-1.1
-4.0,-4.0,-1.1
-4.0,-4.0,-1.1
-4.0,-4.0,-1.1
-4.0,-4.0,-1.1
-4.0,-4.0,-1.1
-4.0,-4.0,-1.1
-4.0,-4.0,-1.1
-4.0,-4.0,-1.1
-4.0,-4.0,-1.1
-4.0,-4.0,-1.1
-4.0,-4.0,-1.1
-4.0,-4.0,-1.1
-4.0,-4.0,-1.1
-4.0,-4.0,-1.1
-4.0,-4.0,-1.1
-4.0,-4.0,-1.1
-4.0,-4.0,-1.1
-4.0,-4.0,-1.1
-4.0,-4.0,-1.1
-4.0,-4.0,-1.1
-4.0,-4.0,-1.1
-4.0,-4.0,-1.1
-4.0,-4.0,-1.1
-4.0,-4.0,-1.1
-4.0,-4.0,-1.1
-4.0,-4.0,-1.1
-4.0,-4.0,-1.1
-4.0,-4.0,-1.1
-4.0,-4.0,-1.1
-4.0,-4.0,-1.1
-4.0,-4.0,-1.1
-4.0,-4.0,-1.1
-4.0,-4.0,-1.1
-4.0,-4.0,-1.1
-4.0,-4.0,-1.1
-4.0,-4.0,-1.1
-4.0,-4.0,-1.1
-4.0,-4.0,-1.1
-4.0,-4.0,-1.1
-4.0,-4.0,-1.1
-4.0,-4.0,-1.1
-4.0,-4.0,-1.1
-4.0,-4.0,-1.1
-4.0,-4.0,-1.1
-4.0,-4.0,-1.1
-4.0,-4.0,-1.1
-4.0,-4.0,-1.1
-4.0,-4.0,-1.1
-4.0,-4.0,-1.1
-4.0,-4.0,-1.1
-4.0,-4.0,-1.1
-4.0,-4.0,-1.1
-4.0,-4.0,-1.1
-4.0,-4.0,-1.1
-4.0,-4.0,-1.1
-4.0,-4.0,-1.1
-4.0,-4.0,-1.1
-4.0,-4.0,-1.1
-4.0,-4.0,-1.1
-4.0,-4.0,-1.1
-4.0,-4.0,-1.1
-4.0,-4.0,-1.1
-4.0,-4.0,-1.1
-4.0,-4.0,-1.1
-4.0,-4.0,-1.1
-4.0,-4.0,-1.1
-4.0,-4.0,-1.1
-4.0,-4.0,-1.1
-4.0,-4.0,-1.1
-4.0,-4.0,-1.1
-4.0,-4.0,-1.1
-4.0,-4.0,-1.1
-4.0,-4.0,-1.1
-4.0,-4.0,-1.1
-4.0,-4.0,-1.1
-4.0,-4.0,-1.1
-4.0,-4.0,-1.1
-4.0,-4.0,-1.1
-4.0,-4.0,-1.1
-4.0,-4.0,-1.1
-4.0,-4.0,-1.1
-4.0,-4.0,-1.1
-4.0,-4.0,-1.1
-4.0,-4.0,-1.1
-4.0,-4.0,-1.1
-4.0,-4.0,-1.1
-4.0,-4.0,-1.1
-4.0,-4.0,-1.1
-4.0,-4.0,-1.1
-4.0,-4.0,-1.1
-4.0,-4.0,-1.1
-4.0,-4.0,-1.1
-4.0,-4.0,-1.1
-4.0,-4.0,-1.1
-4.0,-4.0,-1.1
-4.0,-4.0,-1.1
-4.0,-4.0,-1.1
-4.0,-4.0,-1.1
-4.0,-4.0,-1.1
-4.0,-4.0,-1.1
-4.0,-4.0,-1.1
-4.0,-4.0,-1.1
-4.0,-4.0,-1.1
-4.0,-4.0,-1.1
-4.0,-4.0,-1.1
-4.0,-4.0,-1.1
-4.0,-4.0,-1.1
-4.0,-4.0,-1.1
-4.0,-4.0,-1.1
-4.0,-4.0,-1.1
-4.0,-4.0,-1.1
-4.0,-4.0,-1.1
-4.0,-4.0,-1.1
-4.0,-4.0,-1.1
-4.0,-4.0,-1.1
-4.0,-4.0,-1.1
-4.0,-4.0,-1.1
-4.0,-4.0,-1.1
-4.0,-4.0,-1.1
-4.0,-4.0,-1.1
-4.0,-4.0,-1.1
-4.0,-4.0,-1.1
-4.0,-4.0,-1.1
-4.0,-4.0,-1.1
-4.0,-4.0,-1.1
-4.0,-4.0,-1.1
-4.0,-4.0,-1.1
-4.0,-4.0,-1.1
-4.0,-4.0,-1.1
-4.0,-4.0,-1.1
-4.0,-4.0,-1.1
-4.0,-4.0,-1.1
-4.0,-4.0,-1.1
-4.0,-4.0,-1.1
-4.0,-4.0,-1.1
-4.0,-4.0,-1.1
-4.0,-4.0,-1.1
-4.0,-4.0,-1.1
-4.0,-4.0,-1.1
-4.0,-4.0,-1.1
-4.0,-4.0,-1.1
-4.0,-4.0,-1.1
-4.0,-4.0,-1.1
-4.0,-4.0,-1.1
-4.0,-4.0,-1.1
-4.0,-4.0,-1.1
-4.0,-4.0,-1.1
-4.0,-4.0,-1.1
-4.0,-4.0,-1.1
-4.0,-4.0,-1.1
-4.0,-4.0,-1.1
-4.0,-4.0,-1.1
-4.0,-4.0,-1.1
-4.0,-4.0,-1.1
-4.0,-4.0,-1.1
-4.0,-4.0,-1.1
-4.0,-4.0,-1.1
-4.0,-4.0,-1.1
-4.0,-4.0,-1.1
-4.0,-4.0,-1.1
-4.0,-4.0,-1.1
-4.0,-4.0,-1.1
-4.0,-4.0,-1.1
-4.0,-4.0,-1.1
-4.0,-4.0,-1.1
-4.0,-4.0,-1.1
-4.0,-4.0,-1.1
-4.0,-4.0,-1.1
-4.0,-4.0,-1.1
-4.0,-4.0,-1.1
-4.0,-4.0,-1.1
-4.0,-4.0,-1.1
-4.0,-4.0,-1.1
-4.0,-4.0,-1.1
-4.0,-4.0,-1.1
-4.0,-4.0,-1.1
-4.0,-4.0,-1.1
-4.0,-4.0,-1.1
-4.0,-4.0,-1.1
-4.0,-4.0,-1.1
-4.0,-4.0,-1.1
-4.0,-4.0,-1.1
-4.0,-4.0,-1.1
-4.0,-4.0,-1.1
-4.0,-4.0,-1.1
-4.0,-4.0,-1.1
-4.0,-4.0,-1.1
-4.0,-4.0,-1.1
-4.0,-4.0,-1.1
-4.0,-4.0,-1.1
-4.0,-4.0,-1.1
-4.0,-4.0,-1.1
-4.0,-4.0,-1.1
-4.0,-4.0,-1.1
-4.0,-4.0,-1.1
-4.0,-4.0,-1.1
-4.0,-4.0,-1.1
-4.0,-4.0,-1.1
-4.0,-4.0,-1.1
-4.0,-4.0,-1.1
-4.0,-4.0,-1.1
-4.0,-4.0,-1.1
-4.0,-4.0,-1.1
-4.0,-4.0,-1.1
-4.0,-4.0,-1.1
-4.0,-4.0,-1.1
-4.0,-4.0,-1.1
-4.0,-4.0,-1.1
-4.0,-4.0,-1.1
-4.0,-4.0,-1.1
-4.0,-4.0,-1.1
-4.0,-4.0,-1.1
-4.0,-4.0,-1.1
-4.0,-4.0,-1.1
-4.0,-4.0,-1.1
-4.0,-4.0,-1.1
-4.0,-4.0,-1.1
-4.0,-4.0,-1.1
-4.0,-4.0,-1.1
-4.0,-4.0,-1.1
-4.0,-4.0,-1.1
-4.0,-4.0,-1.1
-4.0,-4.0,-1.1
-4.0,-4.0,-1.1
-4.0,-4.0,-1.1
-4.0,-4.0,-1.1
-4.0,-4.0,-1.1
-4.0,-4.0,-1.1
-4.0,-4.0,-1.1
-4.0,-4.0,-1.1
-4.0,-4.0,-1.1
-4.0,-4.0,-1.1
-4.0,-4.0,-1.1
-4.0,-4.0,-1.1
-4.0,-4.0,-1.1
-4.0,-4.0,-1.1
-4.0,-4.0,-1.1
-4.0,-4.0,-1.1
-4.0,-4.0,-1.1
-4.0,-4.0,-1.1
-4.0,-4.0,-1.1
-4.0,-4.0,-1.1
-4.0,-4.0,-1.1
-4.0,-4.0,-1.1
-4.0,-4.0,-1.1
-4.0,-4.0,-1.1
-4.0,-4.0,-1.1
-4.0,-4.0,-1.1
-4.0,-4.0,-1.1
-4.0,-4.0,-1.1
-4.0,-4.0,-1.1
-4.0,-4.0,-1.1
-4.0,-4.0,-1.1
-4.0,-4.0,-1.1
-4.0,-4.0,-1.1
-4.0,-4.0,-1.1
-4.0,-4.0,-1.1
-4.0,-4.0,-1.1
-4.0,-4.0,-1.1
-4.0,-4.0,-1.1
-4.0,-4.0,-1.1
-4.0,-4.0,-1.1
-4.0,-4.0,-1.1
-4.0,-4.0,-1.1
-4.0,-4.0,-1.1
-4.0,-4.0,-1.1
-4.0,-4.0,-1.1
-4.0,-4.0,-1.1
-4.0,-4.0,-1.1
-4.0,-4.0,-1.1
-4.0,-4.0,-1.1
-4.0,-4.0,-1.1
-4.0,-4.0,-1.1
-4.0,-4.0,-1.1
-4.0,-4.0,-1.1
-4.0,-4.0,-1.1
-4.0,-4.0,-1.1
-4.0,-4.0,-1.1
-4.0,-4.0,-1.1
-4.0,-4.0,-1.1
-4.0,-4.0,-1.1
-4.0,-4.0,-1.1
-4.0,-4.0,-1.1
-4.0,-4.0,-1.1
-4.0,-4.0,-1.1
-4.0,-4.0,-1.1
-4.0,-4.0,-1.1
-4.0,-4.0,-1.1
-4.0,-4.0,-1.1
-4.0,-4.0,-1.1
-4.0,-4.0,-1.1
-4.0,-4.0,-1.1
-4.0,-4.0,-1.1
-4.0,-4.0,-1.1
-4.0,-4.0,-1.1
-4.0,-4.0,-1.1
-4.0,-4.0,-1.1
-4.0,-4.0,-1.1
-4.0,-4.0,-1.1
-4.0,-4.0,-1.1
-4.0,-4.0,-1.1
-4.0,-4.0,-1.1
-4.0,-4.0,-1.1
-4.0,-4.0,-1.1
-4.0,-4.0,-1.1
-4.0,-4.0,-1.1
-4.0,-4.0,-1.1
-4.0,-4.0,-1.1
-4.0,-4.0,-1.1
-4.0,-4.0,-1.1
-4.0,-4.0,-1.1
-4.0,-4.0,-1.1
-4.0,-4.0,-1.1
-4.0,-4.0,-1.1
-4.0,-4.0,-1.1
-4.0,-4.0,-1.1
-4.0,-4.0,-1.1
-4.0,-4.0,-1.1
-4.0,-4.0,-1.1
-4.0,-4.0,-1.1
-4.0,-4.0,-1.1
-4.0,-4.0,-1.1
-4.0,-4.0,-1.1
-4.0,-4.0,-1.1
-4.0,-4.0,-1.1
-4.0,-4.0,-1.1
-4.0,-4.0,-1.1
-4.0,-4.0,-1.1
-4.0,-4.0,-1.1
-4.0,-4.0,-1.1
-4.0,-4.0,-1.1
-4.0,-4.0,-1.1
-4.0,-4.0,-1.1
-4.0,-4.0,-1.1
-4.0,-4.0,-1.1
-4.0,-4.0,-1.1
-4.0,-4.0,-1.1
-4.0,-4.0,-1.1
-4.0,-4.0,-1.1
-4.0,-4.0,-1.1
-4.0,-4.0,-1.1
-4.0,-4.0,-1.1
-4.0,-4.0,-1.1
-4.0,-4.0,-1.1
-4.0,-4.0,-1.1
-4.0,-4.0,-1.1
-4.0,-4.0,-1.1
-4.0,-4.0,-1.1
-4.0,-4.0,-1.1
-4.0,-4.0,-1.1
-4.0,-4.0,-1.1
-4.0,-4.0,-1.1
-4.0,-4.0,-1.1
-4.0,-4.0,-1.1
-4.0,-4.0,-1.1
-4.0,-4.0,-1.1
-4.0,-4.0,-1.1
-4.0,-4.0,-1.1
-4.0,-4.0,-1.1
-4.0,-4.0,-1.1
-4.0,-4.0,-1.1
-4.0,-4.0,-1.1
-4.0,-4.0,-1.1
-4.0,-4.0,-1.1
-4.0,-4.0,-1.1
-4.0,-4.0,-1.1
-4.0,-4.0,-1.1
-4.0,-4.0,-1.1
-4.0,-4.0,-1.1
-4.0,-4.0,-1.1
-4.0,-4.0,-1.1
-4.0,-4.0,-1.1
-4.0,-4.0,-1.1
-4.0,-4.0,-1.1
-4.0,-4.0,-1.1
-4.0,-4.0,-1.1
-4.0,-4.0,-1.1
-4.0,-4.0,-1.1
-4.0,-4.0,-1.1
-4.0,-4.0,-1.1
-4.0,-4.0,-1.1
-4.0,-4.0,-1.1
-4.0,-4.0,-1.1
-4.0,-4.0,-1.1
-4.0,-4.0,-1.1
-4.0,-4.0,-1.1
-4.0,-4.0,-1.1
-4.0,-4.0,-1.1
-4.0,-4.0,-1.1
-4.0,-4.0,-1.1
-4.0,-4.0,-1.1
-4.0,-4.0,-1.1
-4.0,-4.0,-1.1
-4.0,-4.0,-1.1
-4.0,-4.0,-1.1
-4.0,-4.0,-1.1
-4.0,-4.0,-1.1
-4.0,-4.0,-1.1
-4.0,-4.0,-1.1
-4.0,-4.0,-1.1
-4.0,-4.0,-1.1
-4.0,-4.0,-1.1
-4.0,-4.0,-1.1
-4.0,-4.0,-1.1
-4.0,-4.0,-1.1
-4.0,-4.0,-1.1
-4.0,-4.0,-1.1
-4.0,-4.0,-1.1
-4.0,-4.0,-1.1
-4.0,-4.0,-1.1
-4.0,-4.0,-1.1
-4.0,-4.0,-1.1
-4.0,-4.0,-1.1
-4.0,-4.0,-1.1
-4.0,-4.0,-1.1
-4.0,-4.0,-1.1
-4.0,-4.0,-1.1
-4.0,-4.0,-1.1
-4.0,-4.0,-1.1
-4.0,-4.0,-1.1
-4.0,-4.0,-1.1
-4.0,-4.0,-1.1
-4.0,-4.0,-1.1
-4.0,-4.0,-1.1
-4.0,-4.0,-1.1
-4.0,-4.0,-1.1
-4.0,-4.0,-1.1
-4.0,-4.0,-1.1
-4.0,-4.0,-1.1
-4.0,-4.0,-1.1
-4.0,-4.0,-1.1
-4.0,-4.0,-1.1
-4.0,-4.0,-1.1
-4.0,-4.0,-1.1
-4.0,-4.0,-1.1
-4.0,-4.0,-1.1
-4.0,-4.0,-1.1
-4.0,-4.0,-1.1
-4.0,-4.0,-1.1
-4.0,-4.0,-1.1
-4.0,-4.0,-1.1
-4.0,-4.0,-1.1
-4.0,-4.0,-1.1
-4.0,-4.0,-1.1
-4.0,-4.0,-1.1
-4.0,-4.0,-1.1
-4.0,-4.0,-1.1
-4.0,-4.0,-1.1
-4.0,-4.0,-1.1
-4.0,-4.0,-1.1
-4.0,-4.0,-1.1
-4.0,-4.0,-1.1
-4.0,-4.0,-1.1
-4.0,-4.0,-1.1
-4.0,-4.0,-1.1
-4.0,-4.0,-1.1
-4.0,-4.0,-1.1
-4.0,-4.0,-1.1
-4.0,-4.0,-1.1
-4.0,-4.0,-1.1
-4.0,-4.0,-1.1
-4.0,-4.0,-1.1
-4.0,-4.0,-1.1
-4.0,-4.0,-1.1
-4.0,-4.0,-1.1
-4.0,-4.0,-1.1
-4.0,-4.0,-1.1
-4.0,-4.0,-1.1
-4.0,-4.0,-1.1
-4.0,-4.0,-1.1
-4.0,-4.0,-1.1
-4.0,-4.0,-1.1
-4.0,-4.0,-1.1
-4.0,-4.0,-1.1
-4.0,-4.0,-1.1
-4.0,-4.0,-1.1
-4.0,-4.0,-1.1
-4.0,-4.0,-1.1
-4.0,-4.0,-1.1
-4.0,-4.0,-1.1
-4.0,-4.0,-1.1
-4.0,-4.0,-1.1
-4.0,-4.0,-1.1
-4.0,-4.0,-1.1
-4.0,-4.0,-1.1
-4.0,-4.0,-1.1
-4.0,-4.0,-1.1
-4.0,-4.0,-1.1
-4.0,-4.0,-1.1
-4.0,-4.0,-1.1
-4.0,-4.0,-1.1
-4.0,-4.0,-1.1
-4.0,-4.0,-1.1
-4.0,-4.0,-1.1
-4.0,-4.0,-1.1
-4.0,-4.0,-1.1
-4.0,-4.0,-1.1
-4.0,-4.0,-1.1
-4.0,-4.0,-1.1
-4.0,-4.0,-1.1
-4.0,-4.0,-1.1
-4.0,-4.0,-1.1
-4.0,-4.0,-1.1
-4.0,-4.0,-1.1
-4.0,-4.0,-1.1
-4.0,-4.0,-1.1
-4.0,-4.0,-1.1
-4.0,-4.0,-1.1
-4.0,-4.0,-1.1
-4.0,-4.0,-1.1
-4.0,-4.0,-1.1
-4.0,-4.0,-1.1
-4.0,-4.0,-1.1
-4.0,-4.0,-1.1
-4.0,-4.0,-1.1
-4.0,-4.0,-1.1
-4.0,-4.0,-1.1
-4.0,-4.0,-1.1
-4.0,-4.0,-1.1
-4.0,-4.0,-1.1
-4.0,-4.0,-1.1
-4.0,-4.0,-1.1
-4.0,-4.0,-1.1
-4.0,-4.0,-1.1
-4.0,-4.0,-1.1
-4.0,-4.0,-1.1
-4.0,-4.0,-1.1
-4.0,-4.0,-1.1
-4.0,-4.0,-1.1
-4.0,-4.0,-1.1
-4.0,-4.0,-1.1
-4.0,-4.0,-1.1
-4.0,-4.0,-1.1
-4.0,-4.0,-1.1
-4.0,-4.0,-1.1
-4.0,-4.0,-1.1
-4.0,-4.0,-1.1
-4.0,-4.0,-1.1
-4.0,-4.0,-1.1
-4.0,-4.0,-1.1
-4.0,-4.0,-1.1
-4.0,-4.0,-1.1
-4.0,-4.0,-1.1
-4.0,-4.0,-1.1
-4.0,-4.0,-1.1
-4.0,-4.0,-1.1
-4.0,-4.0,-1.1
-4.0,-4.0,-1.1
-4.0,-4.0,-1.1
-4.0,-4.0,-1.1
-4.0,-4.0,-1.1
-4.0,-4.0,-1.1
-4.0,-4.0,-1.1
-4.0,-4.0,-1.1
-4.0,-4.0,-1.1
-4.0,-4.0,-1.1
-4.0,-4.0,-1.1
-4.0,-4.0,-1.1
-4.0,-4.0,-1.1
-4.0,-4.0,-1.1
-4.0,-4.0,-1.1
-4.0,-4.0,-1.1
-4.0,-4.0,-1.1
-4.0,-4.0,-1.1
-4.0,-4.0,-1.1
-4.0,-4.0,-1.1
-4.0,-4.0,-1.1
-4.0,-4.0,-1.1
-4.0,-4.0,-1.1
-4.0,-4.0,-1.1
-4.0,-4.0,-1.1
-4.0,-4.0,-1.1
-4.0,-4.0,-1.1
-4.0,-4.0,-1.1
-4.0,-4.0,-1.1
-4.0,-4.0,-1.1
-4.0,-4.0,-1.1
-4.0,-4.0,-1.1
-4.0,-4.0,-1.1
-4.0,-4.0,-1.1
-4.0,-4.0,-1.1
-4.0,-4.0,-1.1
-4.0,-4.0,-1.1
-4.0,-4.0,-1.1
-4.0,-4.0,-1.1
-4.0,-4.0,-1.1
-4.0,-4.0,-1.1
-4.0,-4.0,-1.1
-4.0,-4.0,-1.1
-4.0,-4.0,-1.1
-4.0,-4.0,-1.1
-4.0,-4.0,-1.1
-4.0,-4.0,-1.1
-4.0,-4.0,-1.1
-4.0,-4.0,-1.1
-4.0,-4.0,-1.1
-4.0,-4.0,-1.1
-4.0,-4.0,-1.1
-4.0,-4.0,-1.1
-4.0,-4.0,-1.1
-4.0,-4.0,-1.1
-4.0,-4.0,-1.1
-4.0,-4.0,-1.1
-4.0,-4.0,-1.1
-4.0,-4.0,-1.1
-4.0,-4.0,-1.1
-4.0,-4.0,-1.1
-4.0,-4.0,-1.1
-4.0,-4.0,-1.1
-4.0,-4.0,-1.1
-4.0,-4.0,-1.1
-4.0,-4.0,-1.1
-4.0,-4.0,-1.1
-4.0,-4.0,-1.1
-4.0,-4.0,-1.1
-4.0,-4.0,-1.1
-4.0,-4.0,-1.1
-4.0,-4.0,-1.1
-4.0,-4.0,-1.1
-4.0,-4.0,-1.1
-4.0,-4.0,-1.1
-4.0,-4.0,-1.1
-4.0,-4.0,-1.1
-4.0,-4.0,-1.1
-4.0,-4.0,-1.1
-4.0,-4.0,-1.1
-4.0,-4.0,-1.1
-4.0,-4.0,-1.1
-4.0,-4.0,-1.1
-4.0,-4.0,-1.1
-4.0,-4.0,-1.1
-4.0,-4.0,-1.1
-4.0,-4.0,-1.1
-4.0,-4.0,-1.1
-4.0,-4.0,-1.1
-4.0,-4.0,-1.1
-4.0,-4.0,-1.1
-4.0,-4.0,-1.1
-4.0,-4.0,-1.1
-4.0,-4.0,-1.1
-4.0,-4.0,-1.1
-4.0,-4.0,-1.1
-4.0,-4.0,-1.1
-4.0,-4.0,-1.1
-4.0,-4.0,-1.1
-4.0,-4.0,-1.1
-4.0,-4.0,-1.1
-4.0,-4.0,-1.1
-4.0,-4.0,-1.1
-4.0,-4.0,-1.1
-4.0,-4.0,-1.1
-4.0,-4.0,-1.1
-4.0,-4.0,-1.1
-4.0,-4.0,-1.1
-4.0,-4.0,-1.1
-4.0,-4.0,-1.1
-4.0,-4.0,-1.1
-4.0,-4.0,-1.1
-4.0,-4.0,-1.1
-4.0,-4.0,-1.1
-4.0,-4.0,-1.1
-4.0,-4.0,-1.1
-4.0,-4.0,-1.1
-4.0,-4.0,-1.1
-4.0,-4.0,-1.1
-4.0,-4.0,-1.1
-4.0,-4.0,-1.1
-4.0,-4.0,-1.1
-4.0,-4.0,-1.1
-4.0,-4.0,-1.1
-4.0,-4.0,-1.1
-4.0,-4.0,-1.1
-4.0,-4.0,-1.1
-4.0,-4.0,-1.1
-4.0,-4.0,-1.1
-4.0,-4.0,-1.1
-4.0,-4.0,-1.1
-4.0,-4.0,-1.1
-4.0,-4.0,-1.1
-4.0,-4.0,-1.1
-4.0,-4.0,-1.1
-4.0,-4.0,-1.1
-4.0,-4.0,-1.1
-4.0,-4.0,-1.1
-4.0,-4.0,-1.1
-4.0,-4.0,-1.1
-4.0,-4.0,-1.1
-4.0,-4.0,-1.1
-4.0,-4.0,-1.1
-4.0,-4.0,-1.1
-4.0,-4.0,-1.1
-4.0,-4.0,-1.1
-4.0,-4.0,-1.1
-4.0,-4.0,-1.1
-4.0,-4.0,-1.1
-4.0,-4.0,-1.1
-4.0,-4.0,-1.1
-4.0,-4.0,-1.1
-4.0,-4.0,-1.1
-4.0,-4.0,-1.1
-4.0,-4.0,-1.1
-4.0,-4.0,-1.1
-4.0,-4.0,-1.1
-4.0,-4.0,-1.1
-4.0,-4.0,-1.1
-4.0,-4.0,-1.1
-4.0,-4.0,-1.1
-4.0,-4.0,-1.1
-4.0,-4.0,-1.1
-4.0,-4.0,-1.1
-4.0,-4.0,-1.1
-4.0,-4.0,-1.1
-4.0,-4.0,-1.1
-4.0,-4.0,-1.1
-4.0,-4.0,-1.1
-4.0,-4.0,-1.1
-4.0,-4.0,-1.1
-4.0,-4.0,-1.1
-4.0,-4.0,-1.1
-4.0,-4.0,-1.1
-4.0,-4.0,-1.1
-4.0,-4.0,-1.1
-4.0,-4.0,-1.1
-4.0,-4.0,-1.1
-4.0,-4.0,-1.1
-4.0,-4.0,-1.1
-4.0,-4.0,-1.1
-4.0,-4.0,-1.1
-4.0,-4.0,-1.1
-4.0,-4.0,-1.1
-4.0,-4.0,-1.1
-4.0,-4.0,-1.1
-4.0,-4.0,-1.1
-4.0,-4.0,-1.1
-4.0,-4.0,-1.1
-4.0,-4.0,-1.1
-4.0,-4.0,-1.1
-4.0,-4.0,-1.1
-4.0,-4.0,-1.1
-4.0,-4.0,-1.1
-4.0,-4.0,-1.1
-4.0,-4.0,-1.1
-4.0,-4.0,-1.1
-4.0,-4.0,-1.1
-4.0,-4.0,-1.1
-4.0,-4.0,-1.1
-4.0,-4.0,-1.1
-4.0,-4.0,-1.1
-4.0,-4.0,-1.1
-4.0,-4.0,-1.1
-4.0,-4.0,-1.1
-4.0,-4.0,-1.1
-4.0,-4.0,-1.1
-4.0,-4.0,-1.1
-4.0,-4.0,-1.1
-4.0,-4.0,-1.1
-4.0,-4.0,-1.1
-4.0,-4.0,-1.1
-4.0,-4.0,-1.1
-4.0,-4.0,-1.1
-4.0,-4.0,-1.1
-4.0,-4.0,-1.1
-4.0,-4.0,-1.1
-4.0,-4.0,-1.1
-4.0,-4.0,-1.1
-4.0,-4.0,-1.1
-4.0,-4.0,-1.1
-4.0,-4.0,-1.1
-4.0,-4.0,-1.1
-4.0,-4.0,-1.1
-4.0,-4.0,-1.1
-4.0,-4.0,-1.1
-4.0,-4.0,-1.1
-4.0,-4.0,-1.1
-4.0,-4.0,-1.1
-4.0,-4.0,-1.1
-4.0,-4.0,-1.1
-4.0,-4.0,-1.1
-4.0,-4.0,-1.1
-4.0,-4.0,-1.1
-4.0,-4.0,-1.1
-4.0,-4.0,-1.1
-4.0,-4.0,-1.1
-4.0,-4.0,-1.1
-4.0,-4.0,-1.1
-4.0,-4.0,-1.1
-4.0,-4.0,-1.1
-4.0,-4.0,-1.1
-4.0,-4.0,-1.1
-4.0,-4.0,-1.1
-4.0,-4.0,-1.1
-4.0,-4.0,-1.1
-4.0,-4.0,-1.1
-4.0,-4.0,-1.1
-4.0,-4.0,-1.1
-4.0,-4.0,-1.1
-4.0,-4.0,-1.1
-4.0,-4.0,-1.1
-4.0,-4.0,-1.1
-4.0,-4.0,-1.1
-4.0,-4.0,-1.1
-4.0,-4.0,-1.1
-4.0,-4.0,-1.1
-4.0,-4.0,-1.1
-4.0,-4.0,-1.1
-4.0,-4.0,-1.1
-4.0,-4.0,-1.1
-4.0,-4.0,-1.1
-4.0,-4.0,-1.1
-4.0,-4.0,-1.1
-4.0,-4.0,-1.1
-4.0,-4.0,-1.1
-4.0,-4.0,-1.1
-4.0,-4.0,-1.1
-4.0,-4.0,-1.1
-4.0,-4.0,-1.1
-4.0,-4.0,-1.1
-4.0,-4.0,-1.1
-4.0,-4.0,-1.1
-4.0,-4.0,-1.1
-4.0,-4.0,-1.1
-4.0,-4.0,-1.1
-4.0,-4.0,-1.1
-4.0,-4.0,-1.1
-4.0,-4.0,-1.1
-4.0,-4.0,-1.1
-4.0,-4.0,-1.1
-4.0,-4.0,-1.1
-4.0,-4.0,-1.1
-4.0,-4.0,-1.1
-4.0,-4.0,-1.1
-4.0,-4.0,-1.1
-4.0,-4.0,-1.1
-4.0,-4.0,-1.1
-4.0,-4.0,-1.1
-4.0,-4.0,-1.1
-4.0,-4.0,-1.1
-4.0,-4.0,-1.1
-4.0,-4.0,-1.1
-4.0,-4.0,-1.1
-4.0,-4.0,-1.1
-4.0,-4.0,-1.1
-4.0,-4.0,-1.1
-4.0,-4.0,-1.1
-4.0,-4.0,-1.1
-4.0,-4.0,-1.1
-4.0,-4.0,-1.1
-4.0,-4.0,-1.1
-4.0,-4.0,-1.1
-4.0,-4.0,-1.1
-4.0,-4.0,-1.1
-4.0,-4.0,-1.1
-4.0,-4.0,-1.1
-4.0,-4.0,-1.1
-4.0,-4.0,-1.1
-4.0,-4.0,-1.1
-4.0,-4.0,-1.1
-4.0,-4.0,-1.1
-4.0,-4.0,-1.1
-4.0,-4.0,-1.1
-4.0,-4.0,-1.1
-4.0,-4.0,-1.1
-4.0,-4.0,-1.1
-4.0,-4.0,-1.1
-4.0,-4.0,-1.1
-4.0,-4.0,-1.1
-4.0,-4.0,-1.1
-4.0,-4.0,-1.1
-4.0,-4.0,-1.1
-4.0,-4.0,-1.1
-4.0,-4.0,-1.1
-4.0,-4.0,-1.1
-4.0,-4.0,-1.1
-4.0,-4.0,-1.1
-4.0,-4.0,-1.1
-4.0,-4.0,-1.1
-4.0,-4.0,-1.1
-4.0,-4.0,-1.1
-4.0,-4.0,-1.1
-4.0,-4.0,-1.1
-4.0,-4.0,-1.1
-4.0,-4.0,-1.1
-4.0,-4.0,-1.1
-4.0,-4.0,-1.1
-4.0,-4.0,-1.1
-4.0,-4.0,-1.1
-4.0,-4.0,-1.1
-4.0,-4.0,-1.1
-4.0,-4.0,-1.1
-4.0,-4.0,-1.1
-4.0,-4.0,-1.1
-4.0,-4.0,-1.1
-4.0,-4.0,-1.1
-4.0,-4.0,-1.1
-4.0,-4.0,-1.1
-4.0,-4.0,-1.1
-4.0,-4.0,-1.1
-4.0,-4.0,-1.1
-4.0,-4.0,-1.1
-4.0,-4.0,-1.1
-4.0,-4.0,-1.1
-4.0,-4.0,-1.1
-4.0,-4.0,-1.1
-4.0,-4.0,-1.1
-4.0,-4.0,-1.1
-4.0,-4.0,-1.1
-4.0,-4.0,-1.1
-4.0,-4.0,-1.1
-4.0,-4.0,-1.1
-4.0,-4.0,-1.1
-4.0,-4.0,-1.1
-4.0,-4.0,-1.1
-4.0,-4.0,-1.1
-4.0,-4.0,-1.1
-4.0,-4.0,-1.1
-4.0,-4.0,-1.1
-4.0,-4.0,-1.1
-4.0,-4.0,-1.1
-4.0,-4.0,-1.1
-4.0,-4.0,-1.1
-4.0,-4.0,-1.1
-4.0,-4.0,-1.1
-4.0,-4.0,-1.1
-4.0,-4.0,-1.1
-4.0,-4.0,-1.1
-4.0,-4.0,-1.1
-4.0,-4.0,-1.1
-4.0,-4.0,-1.1
-4.0,-4.0,-1.1
-4.0,-4.0,-1.1
-4.0,-4.0,-1.1
-4.0,-4.0,-1.1
-4.0,-4.0,-1.1
-4.0,-4.0,-1.1
-4.0,-4.0,-1.1
-4.0,-4.0,-1.1
-4.0,-4.0,-1.1
-4.0,-4.0,-1.1
-4.0,-4.0,-1.1
-4.0,-4.0,-1.1
-4.0,-4.0,-1.1
-4.0,-4.0,-1.1
-4.0,-4.0,-1.1
-4.0,-4.0,-1.1
-4.0,-4.0,-1.1
-4.0,-4.0,-1.1
-4.0,-4.0,-1.1
-4.0,-4.0,-1.1
-4.0,-4.0,-1.1
-4.0,-4.0,-1.1
-4.0,-4.0,-1.1
-4.0,-4.0,-1.1
-4.0,-4.0,-1.1
-4.0,-4.0,-1.1
-4.0,-4.0,-1.1
-4.0,-4.0,-1.1
-4.0,-4.0,-1.1
-4.0,-4.0,-1.1
-4.0,-4.0,-1.1
-4.0,-4.0,-1.1
-4.0,-4.0,-1.1
-4.0,-4.0,-1.1
-4.0,-4.0,-1.1
-4.0,-4.0,-1.1
-4.0,-4.0,-1.1
-4.0,-4.0,-1.1
-4.0,-4.0,-1.1
-4.0,-4.0,-1.1
-4.0,-4.0,-1.1
-4.0,-4.0,-1.1
-4.0,-4.0,-1.1
-4.0,-4.0,-1.1
-4.0,-4.0,-1.1
-4.0,-4.0,-1.1
-4.0,-4.0,-1.1
-4.0,-4.0,-1.1
-4.0,-4.0,-1.1
-4.0,-4.0,-1.1
-4.0,-4.0,-1.1
-4.0,-4.0,-1.1
-4.0,-4.0,-1.1
-4.0,-4.0,-1.1
-4.0,-4.0,-1.1
-4.0,-4.0,-1.1
-4.0,-4.0,-1.1
-4.0,-4.0,-1.1
-4.0,-4.0,-1.1
-4.0,-4.0,-1.1
-4.0,-4.0,-1.1
-4.0,-4.0,-1.1
-4.0,-4.0,-1.1
-4.0,-4.0,-1.1
-4.0,-4.0,-1.1
-4.0,-4.0,-1.1
-4.0,-4.0,-1.1
-4.0,-4.0,-1.1
-4.0,-4.0,-1.1
-4.0,-4.0,-1.1
-4.0,-4.0,-1.1
-4.0,-4.0,-1.1
-4.0,-4.0,-1.1
-4.0,-4.0,-1.1
-4.0,-4.0,-1.1
-4.0,-4.0,-1.1
-4.0,-4.0,-1.1
-4.0,-4.0,-1.1
-4.0,-4.0,-1.1
-4.0,-4.0,-1.1
-4.0,-4.0,-1.1
-4.0,-4.0,-1.1
-4.0,-4.0,-1.1
-4.0,-4.0,-1.1
-4.0,-4.0,-1.1
-4.0,-4.0,-1.1
-4.0,-4.0,-1.1
-4.0,-4.0,-1.1
-4.0,-4.0,-1.1
-4.0,-4.0,-1.1
-4.0,-4.0,-1.1
-4.0,-4.0,-1.1
-4.0,-4.0,-1.1
-4.0,-4.0,-1.1
-4.0,-4.0,-1.1
-4.0,-4.0,-1.1
-4.0,-4.0,-1.1
-4.0,-4.0,-1.1
-4.0,-4.0,-1.1
-4.0,-4.0,-1.1
-4.0,-4.0,-1.1
-4.0,-4.0,-1.1
-4.0,-4.0,-1.1
-4.0,-4.0,-1.1
-4.0,-4.0,-1.1
-4.0,-4.0,-1.1
-4.0,-4.0,-1.1
-4.0,-4.0,-1.1
-4.0,-4.0,-1.1
-4.0,-4.0,-1.1
-4.0,-4.0,-1.1
-4.0,-4.0,-1.1
-4.0,-4.0,-1.1
-4.0,-4.0,-1.1
-4.0,-4.0,-1.1
-4.0,-4.0,-1.1
-4.0,-4.0,-1.1
-4.0,-4.0,-1.1
-4.0,-4.0,-1.1
-4.0,-4.0,-1.1
-4.0,-4.0,-1.1
-4.0,-4.0,-1.1
-4.0,-4.0,-1.1
-4.0,-4.0,-1.1
-4.0,-4.0,-1.1
-4.0,-4.0,-1.1
-4.0,-4.0,-1.1
-4.0,-4.0,-1.1
-4.0,-4.0,-1.1
-4.0,-4.0,-1.1
-4.0,-4.0,-1.1
-4.0,-4.0,-1.1
-4.0,-4.0,-1.1
-4.0,-4.0,-1.1
-4.0,-4.0,-1.1
-4.0,-4.0,-1.1
-4.0,-4.0,-1.1
-4.0,-4.0,-1.1
-4.0,-4.0,-1.1
-4.0,-4.0,-1.1
-4.0,-4.0,-1.1
-4.0,-4.0,-1.1
-4.0,-4.0,-1.1
-4.0,-4.0,-1.1
-4.0,-4.0,-1.1
-4.0,-4.0,-1.1
-4.0,-4.0,-1.1
-4.0,-4.0,-1.1
-4.0,-4.0,-1.1
-4.0,-4.0,-1.1
-4.0,-4.0,-1.1
-4.0,-4.0,-1.1
-4.0,-4.0,-1.1
-4.0,-4.0,-1.1
-4.0,-4.0,-1.1
-4.0,-4.0,-1.1
-4.0,-4.0,-1.1
-4.0,-4.0,-1.1
-4.0,-4.0,-1.1
-4.0,-4.0,-1.1
-4.0,-4.0,-1.1
-4.0,-4.0,-1.1
-4.0,-4.0,-1.1
-4.0,-4.0,-1.1
-4.0,-4.0,-1.1
-4.0,-4.0,-1.1
-4.0,-4.0,-1.1
-4.0,-4.0,-1.1
-4.0,-4.0,-1.1
-4.0,-4.0,-1.1
-4.0,-4.0,-1.1
-4.0,-4.0,-1.1
-4.0,-4.0,-1.1
-4.0,-4.0,-1.1
-4.0,-4.0,-1.1
-4.0,-4.0,-1.1
-4.0,-4.0,-1.1
-4.0,-4.0,-1.1
-4.0,-4.0,-1.1
-4.0,-4.0,-1.1
-4.0,-4.0,-1.1
-4.0,-4.0,-1.1
-4.0,-4.0,-1.1
-4.0,-4.0,-1.1
-4.0,-4.0,-1.1
-4.0,-4.0,-1.1
-4.0,-4.0,-1.1
-4.0,-4.0,-1.1
-4.0,-4.0,-1.1
-4.0,-4.0,-1.1
-4.0,-4.0,-1.1
-4.0,-4.0,-1.1
-4.0,-4.0,-1.1
-4.0,-4.0,-1.1
-4.0,-4.0,-1.1
-4.0,-4.0,-1.1
-4.0,-4.0,-1.1
-4.0,-4.0,-1.1
-4.0,-4.0,-1.1
-4.0,-4.0,-1.1
-4.0,-4.0,-1.1
-4.0,-4.0,-1.1
-4.0,-4.0,-1.1
-4.0,-4.0,-1.1
-4.0,-4.0,-1.1
-4.0,-4.0,-1.1
-4.0,-4.0,-1.1
-4.0,-4.0,-1.1
-4.0,-4.0,-1.1
-4.0,-4.0,-1.1
-4.0,-4.0,-1.1
-4.0,-4.0,-1.1
-4.0,-4.0,-1.1
-4.0,-4.0,-1.1
-4.0,-4.0,-1.1
-4.0,-4.0,-1.1
-4.0,-4.0,-1.1
-4.0,-4.0,-1.1
-4.0,-4.0,-1.1
-4.0,-4.0,-1.1
-4.0,-4.0,-1.1
-4.0,-4.0,-1.1
-4.0,-4.0,-1.1
-4.0,-4.0,-1.1
-4.0,-4.0,-1.1
-4.0,-4.0,-1.1
-4.0,-4.0,-1.1
-4.0,-4.0,-1.1
-4.0,-4.0,-1.1
-4.0,-4.0,-1.1
-4.0,-4.0,-1.1
-4.0,-4.0,-1.1
-4.0,-4.0,-1.1
-4.0,-4.0,-1.1
-4.0,-4.0,-1.1
-4.0,-4.0,-1.1
-4.0,-4.0,-1.1
-4.0,-4.0,-1.1
-4.0,-4.0,-1.1
-4.0,-4.0,-1.1
-4.0,-4.0,-1.1
-4.0,-4.0,-1.1
-4.0,-4.0,-1.1
-4.0,-4.0,-1.1
-4.0,-4.0,-1.1
-4.0,-4.0,-1.1
-4.0,-4.0,-1.1
-4.0,-4.0,-1.1
-4.0,-4.0,-1.1
-4.0,-4.0,-1.1
-4.0,-4.0,-1.1
-4.0,-4.0,-1.1
-4.0,-4.0,-1.1
-4.0,-4.0,-1.1
-4.0,-4.0,-1.1
-4.0,-4.0,-1.1
-4.0,-4.0,-1.1
-4.0,-4.0,-1.1
-4.0,-4.0,-1.1
-4.0,-4.0,-1.1
-4.0,-4.0,-1.1
-4.0,-4.0,-1.1
-4.0,-4.0,-1.1
-4.0,-4.0,-1.1
-4.0,-4.0,-1.1
-4.0,-4.0,-1.1
-4.0,-4.0,-1.1
-4.0,-4.0,-1.1
-4.0,-4.0,-1.1
-4.0,-4.0,-1.1
-4.0,-4.0,-1.1
-4.0,-4.0,-1.1
-4.0,-4.0,-1.1
-4.0,-4.0,-1.1
-4.0,-4.0,-1.1
-4.0,-4.0,-1.1
-4.0,-4.0,-1.1
-4.0,-4.0,-1.1
-4.0,-4.0,-1.1
-4.0,-4.0,-1.1
-4.0,-4.0,-1.1
-4.0,-4.0,-1.1
-4.0,-4.0,-1.1
-4.0,-4.0,-1.1
-4.0,-4.0,-1.1
-4.0,-4.0,-1.1
-4.0,-4.0,-1.1
-4.0,-4.0,-1.1
-4.0,-4.0,-1.1
-4.0,-4.0,-1.1
-4.0,-4.0,-1.1
-4.0,-4.0,-1.1
-4.0,-4.0,-1.1
-4.0,-4.0,-1.1
-4.0,-4.0,-1.1
-4.0,-4.0,-1.1
-4.0,-4.0,-1.1
-4.0,-4.0,-1.1
-4.0,-4.0,-1.1
-4.0,-4.0,-1.1
-4.0,-4.0,-1.1
-4.0,-4.0,-1.1
-4.0,-4.0,-1.1
-4.0,-4.0,-1.1
-4.0,-4.0,-1.1
-4.0,-4.0,-1.1
-4.0,-4.0,-1.1
-4.0,-4.0,-1.1
-4.0,-4.0,-1.1
-4.0,-4.0,-1.1
-4.0,-4.0,-1.1
-4.0,-4.0,-1.1
-4.0,-4.0,-1.1
-4.0,-4.0,-1.1
-4.0,-4.0,-1.1
-4.0,-4.0,-1.1
-4.0,-4.0,-1.1
-4.0,-4.0,-1.1
-4.0,-4.0,-1.1
-4.0,-4.0,-1.1
-4.0,-4.0,-1.1
-4.0,-4.0,-1.1
-4.0,-4.0,-1.1
-4.0,-4.0,-1.1
-4.0,-4.0,-1.1
-4.0,-4.0,-1.1
-4.0,-4.0,-1.1
-4.0,-4.0,-1.1
-4.0,-4.0,-1.1
-4.0,-4.0,-1.1
-4.0,-4.0,-1.1
-4.0,-4.0,-1.1
-4.0,-4.0,-1.1
-4.0,-4.0,-1.1
-4.0,-4.0,-1.1
-4.0,-4.0,-1.1
-4.0,-4.0,-1.1
-4.0,-4.0,-1.1
-4.0,-4.0,-1.1
-4.0,-4.0,-1.1
-4.0,-4.0,-1.1
-4.0,-4.0,-1.1
-4.0,-4.0,-1.1
-4.0,-4.0,-1.1
-4.0,-4.0,-1.1
-4.0,-4.0,-1.1
-4.0,-4.0,-1.1
-4.0,-4.0,-1.1
-4.0,-4.0,-1.1
-4.0,-4.0,-1.1
-4.0,-4.0,-1.1
-4.0,-4.0,-1.1
-4.0,-4.0,-1.1
-4.0,-4.0,-1.1
-4.0,-4.0,-1.1
-4.0,-4.0,-1.1
-4.0,-4.0,-1.1
-4.0,-4.0,-1.1
-4.0,-4.0,-1.1
-4.0,-4.0,-1.1
-4.0,-4.0,-1.1
-4.0,-4.0,-1.1
-4.0,-4.0,-1.1
-4.0,-4.0,-1.1
-4.0,-4.0,-1.1
-4.0,-4.0,-1.1
-4.0,-4.0,-1.1
-4.0,-4.0,-1.1
-4.0,-4.0,-1.1
-4.0,-4.0,-1.1
-4.0,-4.0,-1.1
-4.0,-4.0,-1.1
-4.0,-4.0,-1.1
-4.0,-4.0,-1.1
-4.0,-4.0,-1.1
-4.0,-4.0,-1.1
-4.0,-4.0,-1.1
-4.0,-4.0,-1.1
-4.0,-4.0,-1.1
-4.0,-4.0,-1.1
-4.0,-4.0,-1.1
-4.0,-4.0,-1.1
-4.0,-4.0,-1.1
-4.0,-4.0,-1.1
-4.0,-4.0,-1.1
-4.0,-4.0,-1.1
-4.0,-4.0,-1.1
-4.0,-4.0,-1.1
-4.0,-4.0,-1.1
-4.0,-4.0,-1.1
-4.0,-4.0,-1.1
-4.0,-4.0,-1.1
-4.0,-4.0,-1.1
-4.0,-4.0,-1.1
-4.0,-4.0,-1.1
-4.0,-4.0,-1.1
-4.0,-4.0,-1.1
-4.0,-4.0,-1.1
-4.0,-4.0,-1.1
-4.0,-4.0,-1.1
-4.0,-4.0,-1.1
-4.0,-4.0,-1.1
-4.0,-4.0,-1.1
-4.0,-4.0,-1.1
-4.0,-4.0,-1.1
-4.0,-4.0,-1.1
-4.0,-4.0,-1.1
-4.0,-4.0,-1.1
-4.0,-4.0,-1.1
-4.0,-4.0,-1.1
-4.0,-4.0,-1.1
-4.0,-4.0,-1.1
-4.0,-4.0,-1.1
-4.0,-4.0,-1.1
-4.0,-4.0,-1.1
-4.0,-4.0,-1.1
-4.0,-4.0,-1.1
-4.0,-4.0,-1.1
-4.0,-4.0,-1.1
-4.0,-4.0,-1.1
-4.0,-4.0,-1.1
-4.0,-4.0,-1.1
-4.0,-4.0,-1.1
-4.0,-4.0,-1.1
-4.0,-4.0,-1.1
-4.0,-4.0,-1.1
-4.0,-4.0,-1.1
-4.0,-4.0,-1.1
-4.0,-4.0,-1.1
-4.0,-4.0,-1.1
-4.0,-4.0,-1.1
-4.0,-4.0,-1.1
-4.0,-4.0,-1.1
-4.0,-4.0,-1.1
-4.0,-4.0,-1.1
-4.0,-4.0,-1.1
-4.0,-4.0,-1.1
-4.0,-4.0,-1.1
-4.0,-4.0,-1.1
-4.0,-4.0,-1.1
-4.0,-4.0,-1.1
-4.0,-4.0,-1.1
-4.0,-4.0,-1.1
-4.0,-4.0,-1.1
-4.0,-4.0,-1.1
-4.0,-4.0,-1.1
-4.0,-4.0,-1.1
-4.0,-4.0,-1.1
-4.0,-4.0,-1.1
-4.0,-4.0,-1.1
-4.0,-4.0,-1.1
-4.0,-4.0,-1.1
-4.0,-4.0,-1.1
-4.0,-4.0,-1.1
-4.0,-4.0,-1.1
-4.0,-4.0,-1.1
-4.0,-4.0,-1.1
-4.0,-4.0,-1.1
-4.0,-4.0,-1.1
-4.0,-4.0,-1.1
-4.0,-4.0,-1.1
-4.0,-4.0,-1.1
-4.0,-4.0,-1.1
-4.0,-4.0,-1.1
-4.0,-4.0,-1.1
-4.0,-4.0,-1.1
-4.0,-4.0,-1.1
-4.0,-4.0,-1.1
-4.0,-4.0,-1.1
-4.0,-4.0,-1.1
-4.0,-4.0,-1.1
-4.0,-4.0,-1.1
-4.0,-4.0,-1.1
-4.0,-4.0,-1.1
-4.0,-4.0,-1.1
-4.0,-4.0,-1.1
-4.0,-4.0,-1.1
-4.0,-4.0,-1.1
-4.0,-4.0,-1.1
-4.0,-4.0,-1.1
-4.0,-4.0,-1.1
-4.0,-4.0,-1.1
-4.0,-4.0,-1.1
-4.0,-4.0,-1.1
-4.0,-4.0,-1.1
-4.0,-4.0,-1.1
-4.0,-4.0,-1.1
-4.0,-4.0,-1.1
-4.0,-4.0,-1.1
-4.0,-4.0,-1.1
-4.0,-4.0,-1.1
-4.0,-4.0,-1.1
-4.0,-4.0,-1.1
-4.0,-4.0,-1.1
-4.0,-4.0,-1.1
-4.0,-4.0,-1.1
-4.0,-4.0,-1.1
-4.0,-4.0,-1.1
-4.0,-4.0,-1.1
-4.0,-4.0,-1.1
-4.0,-4.0,-1.1
-4.0,-4.0,-1.1
-4.0,-4.0,-1.1
-4.0,-4.0,-1.1
-4.0,-4.0,-1.1
-4.0,-4.0,-1.1
-4.0,-4.0,-1.1
-4.0,-4.0,-1.1
-4.0,-4.0,-1.1
-4.0,-4.0,-1.1
-4.0,-4.0,-1.1
-4.0,-4.0,-1.1
-4.0,-4.0,-1.1
-4.0,-4.0,-1.1
-4.0,-4.0,-1.1
-4.0,-4.0,-1.1
-4.0,-4.0,-1.1
-4.0,-4.0,-1.1
-4.0,-4.0,-1.1
-4.0,-4.0,-1.1
-4.0,-4.0,-1.1
-4.0,-4.0,-1.1
-4.0,-4.0,-1.1
-4.0,-4.0,-1.1
-4.0,-4.0,-1.1
-4.0,-4.0,-1.1
-4.0,-4.0,-1.1
-4.0,-4.0,-1.1
-4.0,-4.0,-1.1
-4.0,-4.0,-1.1
-4.0,-4.0,-1.1
-4.0,-4.0,-1.1
-4.0,-4.0,-1.1
-4.0,-4.0,-1.1
-4.0,-4.0,-1.1
-4.0,-4.0,-1.1
-4.0,-4.0,-1.1
-4.0,-4.0,-1.1
-4.0,-4.0,-1.1
-4.0,-4.0,-1.1
-4.0,-4.0,-1.1
-4.0,-4.0,-1.1
-4.0,-4.0,-1.1
-4.0,-4.0,-1.1
-4.0,-4.0,-1.1
-4.0,-4.0,-1.1
-4.0,-4.0,-1.1
-4.0,-4.0,-1.1
-4.0,-4.0,-1.1
-4.0,-4.0,-1.1
-4.0,-4.0,-1.1
-4.0,-4.0,-1.1
-4.0,-4.0,-1.1
-4.0,-4.0,-1.1
-4.0,-4.0,-1.1
-4.0,-4.0,-1.1
-4.0,-4.0,-1.1
-4.0,-4.0,-1.1
-4.0,-4.0,-1.1
-4.0,-4.0,-1.1
-4.0,-4.0,-1.1
-4.0,-4.0,-1.1
-4.0,-4.0,-1.1
-4.0,-4.0,-1.1
-4.0,-4.0,-1.1
-4.0,-4.0,-1.1
-4.0,-4.0,-1.1
-4.0,-4.0,-1.1
-4.0,-4.0,-1.1
-4.0,-4.0,-1.1
-4.0,-4.0,-1.1
-4.0,-4.0,-1.1
-4.0,-4.0,-1.1
-4.0,-4.0,-1.1
-4.0,-4.0,-1.1
-4.0,-4.0,-1.1
-4.0,-4.0,-1.1
-4.0,-4.0,-1.1
-4.0,-4.0,-1.1
-4.0,-4.0,-1.1
-4.0,-4.0,-1.1
-4.0,-4.0,-1.1
-4.0,-4.0,-1.1
-4.0,-4.0,-1.1
-4.0,-4.0,-1.1
-4.0,-4.0,-1.1
-4.0,-4.0,-1.1
-4.0,-4.0,-1.1
-4.0,-4.0,-1.1
-4.0,-4.0,-1.1
-4.0,-4.0,-1.1
-4.0,-4.0,-1.1
-4.0,-4.0,-1.1
-4.0,-4.0,-1.1
-4.0,-4.0,-1.1
-4.0,-4.0,-1.1
-4.0,-4.0,-1.1
-4.0,-4.0,-1.1
-4.0,-4.0,-1.1
-4.0,-4.0,-1.1
-4.0,-4.0,-1.1
-4.0,-4.0,-1.1
-4.0,-4.0,-1.1
-4.0,-4.0,-1.1
-4.0,-4.0,-1.1
-4.0,-4.0,-1.1
-4.0,-4.0,-1.1
-4.0,-4.0,-1.1
-4.0,-4.0,-1.1
-4.0,-4.0,-1.1
-4.0,-4.0,-1.1
-4.0,-4.0,-1.1
-4.0,-4.0,-1.1
-4.0,-4.0,-1.1
-4.0,-4.0,-1.1
-4.0,-4.0,-1.1
-4.0,-4.0,-1.1
-4.0,-4.0,-1.1
-4.0,-4.0,-1.1
-4.0,-4.0,-1.1
-4.0,-4.0,-1.1
-4.0,-4.0,-1.1
-4.0,-4.0,-1.1
-4.0,-4.0,-1.1
-4.0,-4.0,-1.1
-4.0,-4.0,-1.1
-4.0,-4.0,-1.1
-4.0,-4.0,-1.1
-4.0,-4.0,-1.1
-4.0,-4.0,-1.1
-4.0,-4.0,-1.1
-4.0,-4.0,-1.1
-4.0,-4.0,-1.1
-4.0,-4.0,-1.1
-4.0,-4.0,-1.1
-4.0,-4.0,-1.1
-4.0,-4.0,-1.1
-4.0,-4.0,-1.1
-4.0,-4.0,-1.1
-4.0,-4.0,-1.1
-4.0,-4.0,-1.1
-4.0,-4.0,-1.1
-4.0,-4.0,-1.1
-4.0,-4.0,-1.1
-4.0,-4.0,-1.1
-4.0,-4.0,-1.1
-4.0,-4.0,-1.1
-4.0,-4.0,-1.1
-4.0,-4.0,-1.1
-4.0,-4.0,-1.1
-4.0,-4.0,-1.1
-4.0,-4.0,-1.1
-4.0,-4.0,-1.1
-4.0,-4.0,-1.1
-4.0,-4.0,-1.1
-4.0,-4.0,-1.1
-4.0,-4.0,-1.1
-4.0,-4.0,-1.1
-4.0,-4.0,-1.1
-4.0,-4.0,-1.1
-4.0,-4.0,-1.1
-4.0,-4.0,-1.1
-4.0,-4.0,-1.1
-4.0,-4.0,-1.1
-4.0,-4.0,-1.1
-4.0,-4.0,-1.1
-4.0,-4.0,-1.1
-4.0,-4.0,-1.1
-4.0,-4.0,-1.1
-4.0,-4.0,-1.1
-4.0,-4.0,-1.1
-4.0,-4.0,-1.1
-4.0,-4.0,-1.1
-4.0,-4.0,-1.1
-4.0,-4.0,-1.1
-4.0,-4.0,-1.1
-4.0,-4.0,-1.1
-4.0,-4.0,-1.1
-4.0,-4.0,-1.1
-4.0,-4.0,-1.1
-4.0,-4.0,-1.1
-4.0,-4.0,-1.1
-4.0,-4.0,-1.1
-4.0,-4.0,-1.1
-4.0,-4.0,-1.1
-4.0,-4.0,-1.1
-4.0,-4.0,-1.1
-4.0,-4.0,-1.1
-4.0,-4.0,-1.1
-4.0,-4.0,-1.1
-4.0,-4.0,-1.1
-4.0,-4.0,-1.1
-4.0,-4.0,-1.1
-4.0,-4.0,-1.1
-4.0,-4.0,-1.1
-4.0,-4.0,-1.1
-4.0,-4.0,-1.1
-4.0,-4.0,-1.1
-4.0,-4.0,-1.1
-4.0,-4.0,-1.1
-4.0,-4.0,-1.1
-4.0,-4.0,-1.1
-4.0,-4.0,-1.1
-4.0,-4.0,-1.1
-4.0,-4.0,-1.1
-4.0,-4.0,-1.1
-4.0,-4.0,-1.1
-4.0,-4.0,-1.1
-4.0,-4.0,-1.1
-4.0,-4.0,-1.1
-4.0,-4.0,-1.1
-4.0,-4.0,-1.1
-4.0,-4.0,-1.1
-4.0,-4.0,-1.1
-4.0,-4.0,-1.1
-4.0,-4.0,-1.1
-4.0,-4.0,-1.1
-4.0,-4.0,-1.1
-4.0,-4.0,-1.1
-4.0,-4.0,-1.1
-4.0,-4.0,-1.1
-4.0,-4.0,-1.1
-4.0,-4.0,-1.1
-4.0,-4.0,-1.1
-4.0,-4.0,-1.1
-4.0,-4.0,-1.1
-4.0,-4.0,-1.1
-4.0,-4.0,-1.1
-4.0,-4.0,-1.1
-4.0,-4.0,-1.1
-4.0,-4.0,-1.1
-4.0,-4.0,-1.1
-4.0,-4.0,-1.1
-4.0,-4.0,-1.1
-4.0,-4.0,-1.1
-4.0,-4.0,-1.1
-4.0,-4.0,-1.1
-4.0,-4.0,-1.1
-4.0,-4.0,-1.1
-4.0,-4.0,-1.1
-4.0,-4.0,-1.1
-4.0,-4.0,-1.1
-4.0,-4.0,-1.1
-4.0,-4.0,-1.1
-4.0,-4.0,-1.1
-4.0,-4.0,-1.1
-4.0,-4.0,-1.1
-4.0,-4.0,-1.1
-4.0,-4.0,-1.1
-4.0,-4.0,-1.1
-4.0,-4.0,-1.1
-4.0,-4.0,-1.1
-4.0,-4.0,-1.1
-4.0,-4.0,-1.1
-4.0,-4.0,-1.1
-4.0,-4.0,-1.1
-4.0,-4.0,-1.1
-4.0,-4.0,-1.1
-4.0,-4.0,-1.1
-4.0,-4.0,-1.1
-4.0,-4.0,-1.1
-4.0,-4.0,-1.1
-4.0,-4.0,-1.1
-4.0,-4.0,-1.1
-4.0,-4.0,-1.1
-4.0,-4.0,-1.1
-4.0,-4.0,-1.1
-4.0,-4.0,-1.1
-4.0,-4.0,-1.1
-4.0,-4.0,-1.1
-4.0,-4.0,-1.1
-4.0,-4.0,-1.1
-4.0,-4.0,-1.1
-4.0,-4.0,-1.1
-4.0,-4.0,-1.1
-4.0,-4.0,-1.1
-4.0,-4.0,-1.1
-4.0,-4.0,-1.1
-4.0,-4.0,-1.1
-4.0,-4.0,-1.1
-4.0,-4.0,-1.1
-4.0,-4.0,-1.1
-4.0,-4.0,-1.1
-4.0,-4.0,-1.1
-4.0,-4.0,-1.1
-4.0,-4.0,-1.1
-4.0,-4.0,-1.1
-4.0,-4.0,-1.1
-4.0,-4.0,-1.1
-4.0,-4.0,-1.1
-4.0,-4.0,-1.1
-4.0,-4.0,-1.1
-4.0,-4.0,-1.1
-4.0,-4.0,-1.1
-4.0,-4.0,-1.1
-4.0,-4.0,-1.1
-4.0,-4.0,-1.1
-4.0,-4.0,-1.1
-4.0,-4.0,-1.1
-4.0,-4.0,-1.1
-4.0,-4.0,-1.1
-4.0,-4.0,-1.1
-4.0,-4.0,-1.1
-4.0,-4.0,-1.1
-4.0,-4.0,-1.1
-4.0,-4.0,-1.1
-4.0,-4.0,-1.1
-4.0,-4.0,-1.1
-4.0,-4.0,-1.1
-4.0,-4.0,-1.1
-4.0,-4.0,-1.1
-4.0,-4.0,-1.1
-4.0,-4.0,-1.1
-4.0,-4.0,-1.1
-4.0,-4.0,-1.1
-4.0,-4.0,-1.1
-4.0,-4.0,-1.1
-4.0,-4.0,-1.1
-4.0,-4.0,-1.1
-4.0,-4.0,-1.1
-4.0,-4.0,-1.1
-4.0,-4.0,-1.1
-4.0,-4.0,-1.1
-4.0,-4.0,-1.1
-4.0,-4.0,-1.1
-4.0,-4.0,-1.1
-4.0,-4.0,-1.1
-4.0,-4.0,-1.1
-4.0,-4.0,-1.1
-4.0,-4.0,-1.1
-4.0,-4.0,-1.1
-4.0,-4.0,-1.1
-4.0,-4.0,-1.1
-4.0,-4.0,-1.1
-4.0,-4.0,-1.1
-4.0,-4.0,-1.1
-4.0,-4.0,-1.1
-4.0,-4.0,-1.1
-4.0,-4.0,-1.1
-4.0,-4.0,-1.1
-4.0,-4.0,-1.1
-4.0,-4.0,-1.1
-4.0,-4.0,-1.1
-4.0,-4.0,-1.1
-4.0,-4.0,-1.1
-4.0,-4.0,-1.1
-4.0,-4.0,-1.1
-4.0,-4.0,-1.1
-4.0,-4.0,-1.1
-4.0,-4.0,-1.1
-4.0,-4.0,-1.1
-4.0,-4.0,-1.1
-4.0,-4.0,-1.1
-4.0,-4.0,-1.1
-4.0,-4.0,-1.1
-4.0,-4.0,-1.1
-4.0,-4.0,-1.1
-4.0,-4.0,-1.1
-4.0,-4.0,-1.1
-4.0,-4.0,-1.1
-4.0,-4.0,-1.1
-4.0,-4.0,-1.1
-4.0,-4.0,-1.1
-4.0,-4.0,-1.1
-4.0,-4.0,-1.1
-4.0,-4.0,-1.1
-4.0,-4.0,-1.1
-4.0,-4.0,-1.1
-4.0,-4.0,-1.1
-4.0,-4.0,-1.1
-4.0,-4.0,-1.1
-4.0,-4.0,-1.1
-4.0,-4.0,-1.1
-4.0,-4.0,-1.1
-4.0,-4.0,-1.1
-4.0,-4.0,-1.1
-4.0,-4.0,-1.1
-4.0,-4.0,-1.1
-4.0,-4.0,-1.1
-4.0,-4.0,-1.1
-4.0,-4.0,-1.1
-4.0,-4.0,-1.1
-4.0,-4.0,-1.1
-4.0,-4.0,-1.1
-4.0,-4.0,-1.1
-4.0,-4.0,-1.1
-4.0,-4.0,-1.1
-4.0,-4.0,-1.1
-4.0,-4.0,-1.1
-4.0,-4.0,-1.1
-4.0,-4.0,-1.1
-4.0,-4.0,-1.1
-4.0,-4.0,-1.1
-4.0,-4.0,-1.1
-4.0,-4.0,-1.1
-4.0,-4.0,-1.1
-4.0,-4.0,-1.1
-4.0,-4.0,-1.1
-4.0,-4.0,-1.1
-4.0,-4.0,-1.1
-4.0,-4.0,-1.1
-4.0,-4.0,-1.1
-4.0,-4.0,-1.1
-4.0,-4.0,-1.1
-4.0,-4.0,-1.1
-4.0,-4.0,-1.1
-4.0,-4.0,-1.1
-4.0,-4.0,-1.1
-4.0,-4.0,-1.1
-4.0,-4.0,-1.1
-4.0,-4.0,-1.1
-4.0,-4.0,-1.1
-4.0,-4.0,-1.1
-4.0,-4.0,-1.1
-4.0,-4.0,-1.1
-4.0,-4.0,-1.1
-4.0,-4.0,-1.1
-4.0,-4.0,-1.1
-4.0,-4.0,-1.1
-4.0,-4.0,-1.1
-4.0,-4.0,-1.1
-4.0,-4.0,-1.1
-4.0,-4.0,-1.1
-4.0,-4.0,-1.1
-4.0,-4.0,-1.1
-4.0,-4.0,-1.1
-4.0,-4.0,-1.1
-4.0,-4.0,-1.1
-4.0,-4.0,-1.1
-4.0,-4.0,-1.1
-4.0,-4.0,-1.1
-4.0,-4.0,-1.1
-4.0,-4.0,-1.1
-4.0,-4.0,-1.1
-4.0,-4.0,-1.1
-4.0,-4.0,-1.1
-4.0,-4.0,-1.1
-4.0,-4.0,-1.1
-4.0,-4.0,-1.1
-4.0,-4.0,-1.1
-4.0,-4.0,-1.1
-4.0,-4.0,-1.1
-4.0,-4.0,-1.1
-4.0,-4.0,-1.1
-4.0,-4.0,-1.1
-4.0,-4.0,-1.1
-4.0,-4.0,-1.1
-4.0,-4.0,-1.1
-4.0,-4.0,-1.1
-4.0,-4.0,-1.1
-4.0,-4.0,-1.1
-4.0,-4.0,-1.1
-4.0,-4.0,-1.1
-4.0,-4.0,-1.1
-4.0,-4.0,-1.1
-4.0,-4.0,-1.1
-4.0,-4.0,-1.1
-4.0,-4.0,-1.1
-4.0,-4.0,-1.1
-4.0,-4.0,-1.1
-4.0,-4.0,-1.1
-4.0,-4.0,-1.1
-4.0,-4.0,-1.1
-4.0,-4.0,-1.1
-4.0,-4.0,-1.1
-4.0,-4.0,-1.1
-4.0,-4.0,-1.1
-4.0,-4.0,-1.1
-4.0,-4.0,-1.1
-4.0,-4.0,-1.1
-4.0,-4.0,-1.1
-4.0,-4.0,-1.1
-4.0,-4.0,-1.1
-4.0,-4.0,-1.1
-4.0,-4.0,-1.1
-4.0,-4.0,-1.1
-4.0,-4.0,-1.1
-4.0,-4.0,-1.1
-4.0,-4.0,-1.1
-4.0,-4.0,-1.1
-4.0,-4.0,-1.1
-4.0,-4.0,-1.1
-4.0,-4.0,-1.1
-4.0,-4.0,-1.1
-4.0,-4.0,-1.1
-4.0,-4.0,-1.1
-4.0,-4.0,-1.1
-4.0,-4.0,-1.1
-4.0,-4.0,-1.1
-4.0,-4.0,-1.1
-4.0,-4.0,-1.1
-4.0,-4.0,-1.1
-4.0,-4.0,-1.1
-4.0,-4.0,-1.1
-4.0,-4.0,-1.1
-4.0,-4.0,-1.1
-4.0,-4.0,-1.1
-4.0,-4.0,-1.1
-4.0,-4.0,-1.1
-4.0,-4.0,-1.1
-4.0,-4.0,-1.1
-4.0,-4.0,-1.1
-4.0,-4.0,-1.1
-4.0,-4.0,-1.1
-4.0,-4.0,-1.1
-4.0,-4.0,-1.1
-4.0,-4.0,-1.1
-4.0,-4.0,-1.1
-4.0,-4.0,-1.1
-4.0,-4.0,-1.1
-4.0,-4.0,-1.1
-4.0,-4.0,-1.1
-4.0,-4.0,-1.1
-4.0,-4.0,-1.1
-4.0,-4.0,-1.1
-4.0,-4.0,-1.1
-4.0,-4.0,-1.1
-4.0,-4.0,-1.1
-4.0,-4.0,-1.1
-4.0,-4.0,-1.1
-4.0,-4.0,-1.1
-4.0,-4.0,-1.1
-4.0,-4.0,-1.1
-4.0,-4.0,-1.1
-4.0,-4.0,-1.1
-4.0,-4.0,-1.1
-4.0,-4.0,-1.1
-4.0,-4.0,-1.1
-4.0,-4.0,-1.1
-4.0,-4.0,-1.1
-4.0,-4.0,-1.1
-4.0,-4.0,-1.1
-4.0,-4.0,-1.1
-4.0,-4.0,-1.1
-4.0,-4.0,-1.1
-4.0,-4.0,-1.1
-4.0,-4.0,-1.1
-4.0,-4.0,-1.1
-4.0,-4.0,-1.1
-4.0,-4.0,-1.1
-4.0,-4.0,-1.1
-4.0,-4.0,-1.1
-4.0,-4.0,-1.1
-4.0,-4.0,-1.1
-4.0,-4.0,-1.1
-4.0,-4.0,-1.1
-4.0,-4.0,-1.1
-4.0,-4.0,-1.1
-4.0,-4.0,-1.1
-4.0,-4.0,-1.1
-4.0,-4.0,-1.1
-4.0,-4.0,-1.1
-4.0,-4.0,-1.1
-4.0,-4.0,-1.1
-4.0,-4.0,-1.1
-4.0,-4.0,-1.1
-4.0,-4.0,-1.1
-4.0,-4.0,-1.1
-4.0,-4.0,-1.1
-4.0,-4.0,-1.1
-4.0,-4.0,-1.1
-4.0,-4.0,-1.1
-4.0,-4.0,-1.1
-4.0,-4.0,-1.1
-4.0,-4.0,-1.1
-4.0,-4.0,-1.1
-4.0,-4.0,-1.1
-4.0,-4.0,-1.1
-4.0,-4.0,-1.1
-4.0,-4.0,-1.1
-4.0,-4.0,-1.1
-4.0,-4.0,-1.1
-4.0,-4.0,-1.1
-4.0,-4.0,-1.1
-4.0,-4.0,-1.1
-4.0,-4.0,-1.1
-4.0,-4.0,-1.1
-4.0,-4.0,-1.1
-4.0,-4.0,-1.1
-4.0,-4.0,-1.1
-4.0,-4.0,-1.1
-4.0,-4.0,-1.1
-4.0,-4.0,-1.1
-4.0,-4.0,-1.1
-4.0,-4.0,-1.1
-4.0,-4.0,-1.1
-4.0,-4.0,-1.1
-4.0,-4.0,-1.1
-4.0,-4.0,-1.1
-4.0,-4.0,-1.1
-4.0,-4.0,-1.1
-4.0,-4.0,-1.1
-4.0,-4.0,-1.1
-4.0,-4.0,-1.1
-4.0,-4.0,-1.1
-4.0,-4.0,-1.1
-4.0,-4.0,-1.1
-4.0,-4.0,-1.1
-4.0,-4.0,-1.1
-4.0,-4.0,-1.1
-4.0,-4.0,-1.1
-4.0,-4.0,-1.1
-4.0,-4.0,-1.1
-4.0,-4.0,-1.1
-4.0,-4.0,-1.1
-4.0,-4.0,-1.1
-4.0,-4.0,-1.1
-4.0,-4.0,-1.1
-4.0,-4.0,-1.1
-4.0,-4.0,-1.1
-4.0,-4.0,-1.1
-4.0,-4.0,-1.1
-4.0,-4.0,-1.1
-4.0,-4.0,-1.1
-4.0,-4.0,-1.1
-4.0,-4.0,-1.1
-4.0,-4.0,-1.1
-4.0,-4.0,-1.1
-4.0,-4.0,-1.1
-4.0,-4.0,-1.1
-4.0,-4.0,-1.1
-4.0,-4.0,-1.1
-4.0,-4.0,-1.1
-4.0,-4.0,-1.1
-4.0,-4.0,-1.1
-4.0,-4.0,-1.1
-4.0,-4.0,-1.1
-4.0,-4.0,-1.1
-4.0,-4.0,-1.1
-4.0,-4.0,-1.1
-4.0,-4.0,-1.1
-4.0,-4.0,-1.1
-4.0,-4.0,-1.1
-4.0,-4.0,-1.1
-4.0,-4.0,-1.1
-4.0,-4.0,-1.1
-4.0,-4.0,-1.1
-4.0,-4.0,-1.1
-4.0,-4.0,-1.1
-4.0,-4.0,-1.1
-4.0,-4.0,-1.1
-4.0,-4.0,-1.1
-4.0,-4.0,-1.1
-4.0,-4.0,-1.1
-4.0,-4.0,-1.1
-4.0,-4.0,-1.1
-4.0,-4.0,-1.1
-4.0,-4.0,-1.1
-4.0,-4.0,-1.1
-4.0,-4.0,-1.1
-4.0,-4.0,-1.1
-4.0,-4.0,-1.1
-4.0,-4.0,-1.1
-4.0,-4.0,-1.1
-4.0,-4.0,-1.1
-4.0,-4.0,-1.1
-4.0,-4.0,-1.1
-4.0,-4.0,-1.1
-4.0,-4.0,-1.1
-4.0,-4.0,-1.1
-4.0,-4.0,-1.1
-4.0,-4.0,-1.1
-4.0,-4.0,-1.1
-4.0,-4.0,-1.1
-4.0,-4.0,-1.1
-4.0,-4.0,-1.1
-4.0,-4.0,-1.1
-4.0,-4.0,-1.1
-4.0,-4.0,-1.1
-4.0,-4.0,-1.1
-4.0,-4.0,-1.1
-4.0,-4.0,-1.1
-4.0,-4.0,-1.1
-4.0,-4.0,-1.1
-4.0,-4.0,-1.1
-4.0,-4.0,-1.1
-4.0,-4.0,-1.1
-4.0,-4.0,-1.1
-4.0,-4.0,-1.1
-4.0,-4.0,-1.1
-4.0,-4.0,-1.1
-4.0,-4.0,-1.1
-4.0,-4.0,-1.1
-4.0,-4.0,-1.1
-4.0,-4.0,-1.1
-4.0,-4.0,-1.1
-4.0,-4.0,-1.1
-4.0,-4.0,-1.1
-4.0,-4.0,-1.1
-4.0,-4.0,-1.1
-4.0,-4.0,-1.1
-4.0,-4.0,-1.1
-4.0,-4.0,-1.1
-4.0,-4.0,-1.1
-4.0,-4.0,-1.1
-4.0,-4.0,-1.1
-4.0,-4.0,-1.1
-4.0,-4.0,-1.1
-4.0,-4.0,-1.1
-4.0,-4.0,-1.1
-4.0,-4.0,-1.1
-4.0,-4.0,-1.1
-4.0,-4.0,-1.1
-4.0,-4.0,-1.1
-4.0,-4.0,-1.1
-4.0,-4.0,-1.1
-4.0,-4.0,-1.1
-4.0,-4.0,-1.1
-4.0,-4.0,-1.1
-4.0,-4.0,-1.1
-4.0,-4.0,-1.1
-4.0,-4.0,-1.1
-4.0,-4.0,-1.1
-4.0,-4.0,-1.1
-4.0,-4.0,-1.1
-4.0,-4.0,-1.1
-4.0,-4.0,-1.1
-4.0,-4.0,-1.1
-4.0,-4.0,-1.1
-4.0,-4.0,-1.1
-4.0,-4.0,-1.1
-4.0,-4.0,-1.1
-4.0,-4.0,-1.1
-4.0,-4.0,-1.1
-4.0,-4.0,-1.1
-4.0,-4.0,-1.1
-4.0,-4.0,-1.1
-4.0,-4.0,-1.1
-4.0,-4.0,-1.1
-4.0,-4.0,-1.1
-4.0,-4.0,-1.1
-4.0,-4.0,-1.1
-4.0,-4.0,-1.1
-4.0,-4.0,-1.1
-4.0,-4.0,-1.1
-4.0,-4.0,-1.1
-4.0,-4.0,-1.1
-4.0,-4.0,-1.1
-4.0,-4.0,-1.1
-4.0,-4.0,-1.1
-4.0,-4.0,-1.1
-4.0,-4.0,-1.1
-4.0,-4.0,-1.1
-4.0,-4.0,-1.1
-4.0,-4.0,-1.1
-4.0,-4.0,-1.1
-4.0,-4.0,-1.1
-4.0,-4.0,-1.1
-4.0,-4.0,-1.1
-4.0,-4.0,-1.1
-4.0,-4.0,-1.1
-4.0,-4.0,-1.1
-4.0,-4.0,-1.1
-4.0,-4.0,-1.1
-4.0,-4.0,-1.1
-4.0,-4.0,-1.1
-4.0,-4.0,-1.1
-4.0,-4.0,-1.1
-4.0,-4.0,-1.1
-4.0,-4.0,-1.1
-4.0,-4.0,-1.1
-4.0,-4.0,-1.1
-4.0,-4.0,-1.1
-4.0,-4.0,-1.1
-4.0,-4.0,-1.1
-4.0,-4.0,-1.1
-4.0,-4.0,-1.1
-4.0,-4.0,-1.1
-4.0,-4.0,-1.1
-4.0,-4.0,-1.1
-4.0,-4.0,-1.1
-4.0,-4.0,-1.1
-4.0,-4.0,-1.1
-4.0,-4.0,-1.1
-4.0,-4.0,-1.1
-4.0,-4.0,-1.1
-4.0,-4.0,-1.1
-4.0,-4.0,-1.1
-4.0,-4.0,-1.1
-4.0,-4.0,-1.1
-4.0,-4.0,-1.1
-4.0,-4.0,-1.1
-4.0,-4.0,-1.1
-4.0,-4.0,-1.1
-4.0,-4.0,-1.1
-4.0,-4.0,-1.1
-4.0,-4.0,-1.1
-4.0,-4.0,-1.1
-4.0,-4.0,-1.1
-4.0,-4.0,-1.1
-4.0,-4.0,-1.1
-4.0,-4.0,-1.1
-4.0,-4.0,-1.1
-4.0,-4.0,-1.1
-4.0,-4.0,-1.1
-4.0,-4.0,-1.1
-4.0,-4.0,-1.1
-4.0,-4.0,-1.1
-4.0,-4.0,-1.1
-4.0,-4.0,-1.1
-4.0,-4.0,-1.1
-4.0,-4.0,-1.1
-4.0,-4.0,-1.1
-4.0,-4.0,-1.1
-4.0,-4.0,-1.1
-4.0,-4.0,-1.1
-4.0,-4.0,-1.1
-4.0,-4.0,-1.1
-4.0,-4.0,-1.1
-4.0,-4.0,-1.1
-4.0,-4.0,-1.1
-4.0,-4.0,-1.1
-4.0,-4.0,-1.1
-4.0,-4.0,-1.1
-4.0,-4.0,-1.1
-4.0,-4.0,-1.1
-4.0,-4.0,-1.1
-4.0,-4.0,-1.1
-4.0,-4.0,-1.1
-4.0,-4.0,-1.1
-4.0,-4.0,-1.1
-4.0,-4.0,-1.1
-4.0,-4.0,-1.1
-4.0,-4.0,-1.1
-4.0,-4.0,-1.1
-4.0,-4.0,-1.1
-4.0,-4.0,-1.1
-4.0,-4.0,-1.1
-4.0,-4.0,-1.1
-4.0,-4.0,-1.1
-4.0,-4.0,-1.1
-4.0,-4.0,-1.1
-4.0,-4.0,-1.1
-4.0,-4.0,-1.1
-4.0,-4.0,-1.1
-4.0,-4.0,-1.1
-4.0,-4.0,-1.1
-4.0,-4.0,-1.1
-4.0,-4.0,-1.1
-4.0,-4.0,-1.1
-4.0,-4.0,-1.1
-4.0,-4.0,-1.1
-4.0,-4.0,-1.1
-4.0,-4.0,-1.1
-4.0,-4.0,-1.1
-4.0,-4.0,-1.1
-4.0,-4.0,-1.1
-4.0,-4.0,-1.1
-4.0,-4.0,-1.1
-4.0,-4.0,-1.1
-4.0,-4.0,-1.1
-4.0,-4.0,-1.1
-4.0,-4.0,-1.1
-4.0,-4.0,-1.1
-4.0,-4.0,-1.1
-4.0,-4.0,-1.1
-4.0,-4.0,-1.1
-4.0,-4.0,-1.1
-4.0,-4.0,-1.1
-4.0,-4.0,-1.1
-4.0,-4.0,-1.1
-4.0,-4.0,-1.1
-4.0,-4.0,-1.1
-4.0,-4.0,-1.1
-4.0,-4.0,-1.1
-4.0,-4.0,-1.1
-4.0,-4.0,-1.1
-4.0,-4.0,-1.1
-4.0,-4.0,-1.1
-4.0,-4.0,-1.1
-4.0,-4.0,-1.1
-4.0,-4.0,-1.1
-4.0,-4.0,-1.1
-4.0,-4.0,-1.1
-4.0,-4.0,-1.1
-4.0,-4.0,-1.1
-4.0,-4.0,-1.1
-4.0,-4.0,-1.1
-4.0,-4.0,-1.1
-4.0,-4.0,-1.1
-4.0,-4.0,-1.1
-4.0,-4.0,-1.1
-4.0,-4.0,-1.1
-4.0,-4.0,-1.1
-4.0,-4.0,-1.1
-4.0,-4.0,-1.1
-4.0,-4.0,-1.1
-4.0,-4.0,-1.1
-4.0,-4.0,-1.1
-4.0,-4.0,-1.1
-4.0,-4.0,-1.1
-4.0,-4.0,-1.1
-4.0,-4.0,-1.1
-4.0,-4.0,-1.1
-4.0,-4.0,-1.1
-4.0,-4.0,-1.1
-4.0,-4.0,-1.1
-4.0,-4.0,-1.1
-4.0,-4.0,-1.1
-4.0,-4.0,-1.1
-4.0,-4.0,-1.1
-4.0,-4.0,-1.1
-4.0,-4.0,-1.1
-4.0,-4.0,-1.1
-4.0,-4.0,-1.1
-4.0,-4.0,-1.1
-4.0,-4.0,-1.1
-4.0,-4.0,-1.1
-4.0,-4.0,-1.1
-4.0,-4.0,-1.1
-4.0,-4.0,-1.1
-4.0,-4.0,-1.1
-4.0,-4.0,-1.1
-4.0,-4.0,-1.1
-4.0,-4.0,-1.1
-4.0,-4.0,-1.1
-4.0,-4.0,-1.1
-4.0,-4.0,-1.1
-4.0,-4.0,-1.1
-4.0,-4.0,-1.1
-4.0,-4.0,-1.1
-4.0,-4.0,-1.1
-4.0,-4.0,-1.1
-4.0,-4.0,-1.1
-4.0,-4.0,-1.1
-4.0,-4.0,-1.1
-4.0,-4.0,-1.1
-4.0,-4.0,-1.1
-4.0,-4.0,-1.1
-4.0,-4.0,-1.1
-4.0,-4.0,-1.1
-4.0,-4.0,-1.1
-4.0,-4.0,-1.1
-4.0,-4.0,-1.1
-4.0,-4.0,-1.1
-4.0,-4.0,-1.1
-4.0,-4.0,-1.1
-4.0,-4.0,-1.1
-4.0,-4.0,-1.1
-4.0,-4.0,-1.1
-4.0,-4.0,-1.1
-4.0,-4.0,-1.1
-4.0,-4.0,-1.1
-4.0,-4.0,-1.1
-4.0,-4.0,-1.1
-4.0,-4.0,-1.1
-4.0,-4.0,-1.1
-4.0,-4.0,-1.1
-4.0,-4.0,-1.1
-4.0,-4.0,-1.1
-4.0,-4.0,-1.1
-4.0,-4.0,-1.1
-4.0,-4.0,-1.1
-4.0,-4.0,-1.1
-4.0,-4.0,-1.1
-4.0,-4.0,-1.1
-4.0,-4.0,-1.1
-4.0,-4.0,-1.1
-4.0,-4.0,-1.1
-4.0,-4.0,-1.1
-4.0,-4.0,-1.1
-4.0,-4.0,-1.1
-4.0,-4.0,-1.1
-4.0,-4.0,-1.1
-4.0,-4.0,-1.1
-4.0,-4.0,-1.1
-4.0,-4.0,-1.1
-4.0,-4.0,-1.1
-4.0,-4.0,-1.1
-4.0,-4.0,-1.1
-4.0,-4.0,-1.1
-4.0,-4.0,-1.1
-4.0,-4.0,-1.1
-4.0,-4.0,-1.1
-4.0,-4.0,-1.1
-4.0,-4.0,-1.1
-4.0,-4.0,-1.1
-4.0,-4.0,-1.1
-4.0,-4.0,-1.1
-4.0,-4.0,-1.1
-4.0,-4.0,-1.1
-4.0,-4.0,-1.1
-4.0,-4.0,-1.1
-4.0,-4.0,-1.1
-4.0,-4.0,-1.1
-4.0,-4.0,-1.1
-4.0,-4.0,-1.1
-4.0,-4.0,-1.1
-4.0,-4.0,-1.1
-4.0,-4.0,-1.1
-4.0,-4.0,-1.1
-4.0,-4.0,-1.1
-4.0,-4.0,-1.1
-4.0,-4.0,-1.1
-4.0,-4.0,-1.1
-4.0,-4.0,-1.1
-4.0,-4.0,-1.1
-4.0,-4.0,-1.1
-4.0,-4.0,-1.1
-4.0,-4.0,-1.1
-4.0,-4.0,-1.1
-4.0,-4.0,-1.1
-4.0,-4.0,-1.1
-4.0,-4.0,-1.1
-4.0,-4.0,-1.1
-4.0,-4.0,-1.1
-4.0,-4.0,-1.1
-4.0,-4.0,-1.1
-4.0,-4.0,-1.1
-4.0,-4.0,-1.1
-4.0,-4.0,-1.1
-4.0,-4.0,-1.1
-4.0,-4.0,-1.1
-4.0,-4.0,-1.1
-4.0,-4.0,-1.1
-4.0,-4.0,-1.1
-4.0,-4.0,-1.1
-4.0,-4.0,-1.1
-4.0,-4.0,-1.1
-4.0,-4.0,-1.1
-4.0,-4.0,-1.1
-4.0,-4.0,-1.1
-4.0,-4.0,-1.1
-4.0,-4.0,-1.1
-4.0,-4.0,-1.1
-4.0,-4.0,-1.1
-4.0,-4.0,-1.1
-4.0,-4.0,-1.1
-4.0,-4.0,-1.1
-4.0,-4.0,-1.1
-4.0,-4.0,-1.1
-4.0,-4.0,-1.1
-4.0,-4.0,-1.1
-4.0,-4.0,-1.1
-4.0,-4.0,-1.1
-4.0,-4.0,-1.1
-4.0,-4.0,-1.1
-4.0,-4.0,-1.1
-4.0,-4.0,-1.1
-4.0,-4.0,-1.1
-4.0,-4.0,-1.1
-4.0,-4.0,-1.1
-4.0,-4.0,-1.1
-4.0,-4.0,-1.1
-4.0,-4.0,-1.1
-4.0,-4.0,-1.1
-4.0,-4.0,-1.1
-4.0,-4.0,-1.1
-4.0,-4.0,-1.1
-4.0,-4.0,-1.1
-4.0,-4.0,-1.1
-4.0,-4.0,-1.1
-4.0,-4.0,-1.1
-4.0,-4.0,-1.1
-4.0,-4.0,-1.1
-4.0,-4.0,-1.1
-4.0,-4.0,-1.1
-4.0,-4.0,-1.1
-4.0,-4.0,-1.1
-4.0,-4.0,-1.1
-4.0,-4.0,-1.1
-4.0,-4.0,-1.1
-4.0,-4.0,-1.1
-4.0,-4.0,-1.1
-4.0,-4.0,-1.1
-4.0,-4.0,-1.1
-4.0,-4.0,-1.1
-4.0,-4.0,-1.1
-4.0,-4.0,-1.1
-4.0,-4.0,-1.1
-4.0,-4.0,-1.1
-4.0,-4.0,-1.1
-4.0,-4.0,-1.1
-4.0,-4.0,-1.1
-4.0,-4.0,-1.1
-4.0,-4.0,-1.1
-4.0,-4.0,-1.1
-4.0,-4.0,-1.1
-4.0,-4.0,-1.1
-4.0,-4.0,-1.1
-4.0,-4.0,-1.1
-4.0,-4.0,-1.1
-4.0,-4.0,-1.1
-4.0,-4.0,-1.1
-4.0,-4.0,-1.1
-4.0,-4.0,-1.1
-4.0,-4.0,-1.1
-4.0,-4.0,-1.1
-4.0,-4.0,-1.1
-4.0,-4.0,-1.1
-4.0,-4.0,-1.1
-4.0,-4.0,-1.1
-4.0,-4.0,-1.1
-4.0,-4.0,-1.1
-4.0,-4.0,-1.1
-4.0,-4.0,-1.1
-4.0,-4.0,-1.1
-4.0,-4.0,-1.1
-4.0,-4.0,-1.1
-4.0,-4.0,-1.1
-4.0,-4.0,-1.1
-4.0,-4.0,-1.1
-4.0,-4.0,-1.1
-4.0,-4.0,-1.1
-4.0,-4.0,-1.1
-4.0,-4.0,-1.1
-4.0,-4.0,-1.1
-4.0,-4.0,-1.1
-4.0,-4.0,-1.1
-4.0,-4.0,-1.1
-4.0,-4.0,-1.1
-4.0,-4.0,-1.1
-4.0,-4.0,-1.1
-4.0,-4.0,-1.1
-4.0,-4.0,-1.1
-4.0,-4.0,-1.1
-4.0,-4.0,-1.1
-4.0,-4.0,-1.1
-4.0,-4.0,-1.1
-4.0,-4.0,-1.1
-4.0,-4.0,-1.1
-4.0,-4.0,-1.1
-4.0,-4.0,-1.1
-4.0,-4.0,-1.1
-4.0,-4.0,-1.1
-4.0,-4.0,-1.1
-4.0,-4.0,-1.1
-4.0,-4.0,-1.1
-4.0,-4.0,-1.1
-4.0,-4.0,-1.1
-4.0,-4.0,-1.1
-4.0,-4.0,-1.1
-4.0,-4.0,-1.1
-4.0,-4.0,-1.1
-4.0,-4.0,-1.1
-4.0,-4.0,-1.1
-4.0,-4.0,-1.1
-4.0,-4.0,-1.1
-4.0,-4.0,-1.1
-4.0,-4.0,-1.1
-4.0,-4.0,-1.1
-4.0,-4.0,-1.1
-4.0,-4.0,-1.1
-4.0,-4.0,-1.1
-4.0,-4.0,-1.1
-4.0,-4.0,-1.1
-4.0,-4.0,-1.1
-4.0,-4.0,-1.1
-4.0,-4.0,-1.1
-4.0,-4.0,-1.1
-4.0,-4.0,-1.1
-4.0,-4.0,-1.1
-4.0,-4.0,-1.1
-4.0,-4.0,-1.1
-4.0,-4.0,-1.1
-4.0,-4.0,-1.1
-4.0,-4.0,-1.1
-4.0,-4.0,-1.1
-4.0,-4.0,-1.1
-4.0,-4.0,-1.1
-4.0,-4.0,-1.1
-4.0,-4.0,-1.1
-4.0,-4.0,-1.1
-4.0,-4.0,-1.1
-4.0,-4.0,-1.1
-4.0,-4.0,-1.1
-4.0,-4.0,-1.1
-4.0,-4.0,-1.1
-4.0,-4.0,-1.1
-4.0,-4.0,-1.1
-4.0,-4.0,-1.1
-4.0,-4.0,-1.1
-4.0,-4.0,-1.1
-4.0,-4.0,-1.1
-4.0,-4.0,-1.1
-4.0,-4.0,-1.1
-4.0,-4.0,-1.1
-4.0,-4.0,-1.1
-4.0,-4.0,-1.1
-4.0,-4.0,-1.1
-4.0,-4.0,-1.1
-4.0,-4.0,-1.1
-4.0,-4.0,-1.1
-4.0,-4.0,-1.1
-4.0,-4.0,-1.1
-4.0,-4.0,-1.1
-4.0,-4.0,-1.1
-4.0,-4.0,-1.1
-4.0,-4.0,-1.1
-4.0,-4.0,-1.1
-4.0,-4.0,-1.1
-4.0,-4.0,-1.1
-4.0,-4.0,-1.1
-4.0,-4.0,-1.1
-4.0,-4.0,-1.1
-4.0,-4.0,-1.1
-4.0,-4.0,-1.1
-4.0,-4.0,-1.1
-4.0,-4.0,-1.1
-4.0,-4.0,-1.1
-4.0,-4.0,-1.1
-4.0,-4.0,-1.1
-4.0,-4.0,-1.1
-4.0,-4.0,-1.1
-4.0,-4.0,-1.1
-4.0,-4.0,-1.1
-4.0,-4.0,-1.1
-4.0,-4.0,-1.1
-4.0,-4.0,-1.1
-4.0,-4.0,-1.1
-4.0,-4.0,-1.1
-4.0,-4.0,-1.1
-4.0,-4.0,-1.1
-4.0,-4.0,-1.1
-4.0,-4.0,-1.1
-4.0,-4.0,-1.1
-4.0,-4.0,-1.1
-4.0,-4.0,-1.1
-4.0,-4.0,-1.1
-4.0,-4.0,-1.1
-4.0,-4.0,-1.1
-4.0,-4.0,-1.1
-4.0,-4.0,-1.1
-4.0,-4.0,-1.1
-4.0,-4.0,-1.1
-4.0,-4.0,-1.1
-4.0,-4.0,-1.1
-4.0,-4.0,-1.1
-4.0,-4.0,-1.1
-4.0,-4.0,-1.1
-4.0,-4.0,-1.1
-4.0,-4.0,-1.1
-4.0,-4.0,-1.1
-4.0,-4.0,-1.1
-4.0,-4.0,-1.1
-4.0,-4.0,-1.1
-4.0,-4.0,-1.1
-4.0,-4.0,-1.1
-4.0,-4.0,-1.1
-4.0,-4.0,-1.1
-4.0,-4.0,-1.1
-4.0,-4.0,-1.1
-4.0,-4.0,-1.1
-4.0,-4.0,-1.1
-4.0,-4.0,-1.1
-4.0,-4.0,-1.1
-4.0,-4.0,-1.1
-4.0,-4.0,-1.1
-4.0,-4.0,-1.1
-4.0,-4.0,-1.1
-4.0,-4.0,-1.1
-4.0,-4.0,-1.1
-4.0,-4.0,-1.1
-4.0,-4.0,-1.1
-4.0,-4.0,-1.1
-4.0,-4.0,-1.1
-4.0,-4.0,-1.1
-4.0,-4.0,-1.1
-4.0,-4.0,-1.1
-4.0,-4.0,-1.1
-4.0,-4.0,-1.1
-4.0,-4.0,-1.1
-4.0,-4.0,-1.1
-4.0,-4.0,-1.1
-4.0,-4.0,-1.1
-4.0,-4.0,-1.1
-4.0,-4.0,-1.1
-4.0,-4.0,-1.1
-4.0,-4.0,-1.1
-4.0,-4.0,-1.1
-4.0,-4.0,-1.1
-4.0,-4.0,-1.1
-4.0,-4.0,-1.1
-4.0,-4.0,-1.1
-4.0,-4.0,-1.1
-4.0,-4.0,-1.1
-4.0,-4.0,-1.1
-4.0,-4.0,-1.1
-4.0,-4.0,-1.1
-4.0,-4.0,-1.1
-4.0,-4.0,-1.1
-4.0,-4.0,-1.1
-4.0,-4.0,-1.1
-4.0,-4.0,-1.1
-4.0,-4.0,-1.1
-4.0,-4.0,-1.1
-4.0,-4.0,-1.1
-4.0,-4.0,-1.1
-4.0,-4.0,-1.1
-4.0,-4.0,-1.1
-4.0,-4.0,-1.1
-4.0,-4.0,-1.1
-4.0,-4.0,-1.1
-4.0,-4.0,-1.1
-4.0,-4.0,-1.1
-4.0,-4.0,-1.1
-4.0,-4.0,-1.1
-4.0,-4.0,-1.1
-4.0,-4.0,-1.1
-4.0,-4.0,-1.1
-4.0,-4.0,-1.1
-4.0,-4.0,-1.1
-4.0,-4.0,-1.1
-4.0,-4.0,-1.1
-4.0,-4.0,-1.1
-4.0,-4.0,-1.1
-4.0,-4.0,-1.1
-4.0,-4.0,-1.1
-4.0,-4.0,-1.1
-4.0,-4.0,-1.1
-4.0,-4.0,-1.1
-4.0,-4.0,-1.1
-4.0,-4.0,-1.1
-4.0,-4.0,-1.1
-4.0,-4.0,-1.1
-4.0,-4.0,-1.1
-4.0,-4.0,-1.1
-4.0,-4.0,-1.1
-4.0,-4.0,-1.1
-4.0,-4.0,-1.1
-4.0,-4.0,-1.1
-4.0,-4.0,-1.1
-4.0,-4.0,-1.1
-4.0,-4.0,-1.1
-4.0,-4.0,-1.1
-4.0,-4.0,-1.1
-4.0,-4.0,-1.1
-4.0,-4.0,-1.1
-4.0,-4.0,-1.1
-4.0,-4.0,-1.1
-4.0,-4.0,-1.1
-4.0,-4.0,-1.1
-4.0,-4.0,-1.1
-4.0,-4.0,-1.1
-4.0,-4.0,-1.1
-4.0,-4.0,-1.1
-4.0,-4.0,-1.1
-4.0,-4.0,-1.1
-4.0,-4.0,-1.1
-4.0,-4.0,-1.1
-4.0,-4.0,-1.1
-4.0,-4.0,-1.1
-4.0,-4.0,-1.1
-4.0,-4.0,-1.1
-4.0,-4.0,-1.1
-4.0,-4.0,-1.1
-4.0,-4.0,-1.1
-4.0,-4.0,-1.1
-4.0,-4.0,-1.1
-4.0,-4.0,-1.1
-4.0,-4.0,-1.1
-4.0,-4.0,-1.1
-4.0,-4.0,-1.1
-4.0,-4.0,-1.1
-4.0,-4.0,-1.1
-4.0,-4.0,-1.1
-4.0,-4.0,-1.1
-4.0,-4.0,-1.1
-4.0,-4.0,-1.1
-4.0,-4.0,-1.1
-4.0,-4.0,-1.1
-4.0,-4.0,-1.1
-4.0,-4.0,-1.1
-4.0,-4.0,-1.1
-4.0,-4.0,-1.1
-4.0,-4.0,-1.1
-4.0,-4.0,-1.1
-4.0,-4.0,-1.1
-4.0,-4.0,-1.1
-4.0,-4.0,-1.1
-4.0,-4.0,-1.1
-4.0,-4.0,-1.1
-4.0,-4.0,-1.1
-4.0,-4.0,-1.1
-4.0,-4.0,-1.1
-4.0,-4.0,-1.1
-4.0,-4.0,-1.1
-4.0,-4.0,-1.1
-4.0,-4.0,-1.1
-4.0,-4.0,-1.1
-4.0,-4.0,-1.1
-4.0,-4.0,-1.1
-4.0,-4.0,-1.1
-4.0,-4.0,-1.1
-4.0,-4.0,-1.1
-4.0,-4.0,-1.1
-4.0,-4.0,-1.1
-4.0,-4.0,-1.1
-4.0,-4.0,-1.1
-4.0,-4.0,-1.1
-4.0,-4.0,-1.1
-4.0,-4.0,-1.1
-4.0,-4.0,-1.1
-4.0,-4.0,-1.1
-4.0,-4.0,-1.1
-4.0,-4.0,-1.1
-4.0,-4.0,-1.1
-4.0,-4.0,-1.1
-4.0,-4.0,-1.1
-4.0,-4.0,-1.1
-4.0,-4.0,-1.1
-4.0,-4.0,-1.1
-4.0,-4.0,-1.1
-4.0,-4.0,-1.1
-4.0,-4.0,-1.1
-4.0,-4.0,-1.1
-4.0,-4.0,-1.1
-4.0,-4.0,-1.1
-4.0,-4.0,-1.1
-4.0,-4.0,-1.1
-4.0,-4.0,-1.1
-4.0,-4.0,-1.1
-4.0,-4.0,-1.1
-4.0,-4.0,-1.1
-4.0,-4.0,-1.1
-4.0,-4.0,-1.1
-4.0,-4.0,-1.1
-4.0,-4.0,-1.1
-4.0,-4.0,-1.1
-4.0,-4.0,-1.1
-4.0,-4.0,-1.1
-4.0,-4.0,-1.1
-4.0,-4.0,-1.1
-4.0,-4.0,-1.1
-4.0,-4.0,-1.1
-4.0,-4.0,-1.1
-4.0,-4.0,-1.1
-4.0,-4.0,-1.1
-4.0,-4.0,-1.1
-4.0,-4.0,-1.1
-4.0,-4.0,-1.1
-4.0,-4.0,-1.1
-4.0,-4.0,-1.1
-4.0,-4.0,-1.1
-4.0,-4.0,-1.1
-4.0,-4.0,-1.1
-4.0,-4.0,-1.1
-4.0,-4.0,-1.1
-4.0,-4.0,-1.1
-4.0,-4.0,-1.1
-4.0,-4.0,-1.1
-4.0,-4.0,-1.1
-4.0,-4.0,-1.1
-4.0,-4.0,-1.1
-4.0,-4.0,-1.1
-4.0,-4.0,-1.1
-4.0,-4.0,-1.1
-4.0,-4.0,-1.1
-4.0,-4.0,-1.1
-4.0,-4.0,-1.1
-4.0,-4.0,-1.1
-4.0,-4.0,-1.1
-4.0,-4.0,-1.1
-4.0,-4.0,-1.1
-4.0,-4.0,-1.1
-4.0,-4.0,-1.1
-4.0,-4.0,-1.1
-4.0,-4.0,-1.1
-4.0,-4.0,-1.1
-4.0,-4.0,-1.1
-4.0,-4.0,-1.1
-4.0,-4.0,-1.1
-4.0,-4.0,-1.1
-4.0,-4.0,-1.1
-4.0,-4.0,-1.1
-4.0,-4.0,-1.1
-4.0,-4.0,-1.1
-4.0,-4.0,-1.1
-4.0,-4.0,-1.1
-4.0,-4.0,-1.1
-4.0,-4.0,-1.1
-4.0,-4.0,-1.1
-4.0,-4.0,-1.1
-4.0,-4.0,-1.1
-4.0,-4.0,-1.1
-4.0,-4.0,-1.1
-4.0,-4.0,-1.1
-4.0,-4.0,-1.1
-4.0,-4.0,-1.1
-4.0,-4.0,-1.1
-4.0,-4.0,-1.1
-4.0,-4.0,-1.1
-4.0,-4.0,-1.1
-4.0,-4.0,-1.1
-4.0,-4.0,-1.1
-4.0,-4.0,-1.1
-4.0,-4.0,-1.1
-4.0,-4.0,-1.1
-4.0,-4.0,-1.1
-4.0,-4.0,-1.1
-4.0,-4.0,-1.1
-4.0,-4.0,-1.1
-4.0,-4.0,-1.1
-4.0,-4.0,-1.1
-4.0,-4.0,-1.1
-4.0,-4.0,-1.1
-4.0,-4.0,-1.1
-4.0,-4.0,-1.1
-4.0,-4.0,-1.1
-4.0,-4.0,-1.1
-4.0,-4.0,-1.1
-4.0,-4.0,-1.1
-4.0,-4.0,-1.1
-4.0,-4.0,-1.1
-4.0,-4.0,-1.1
-4.0,-4.0,-1.1
-4.0,-4.0,-1.1
-4.0,-4.0,-1.1
-4.0,-4.0,-1.1
-4.0,-4.0,-1.1
-4.0,-4.0,-1.1
-4.0,-4.0,-1.1
-4.0,-4.0,-1.1
-4.0,-4.0,-1.1
-4.0,-4.0,-1.1
-4.0,-4.0,-1.1
-4.0,-4.0,-1.1
-4.0,-4.0,-1.1
-4.0,-4.0,-1.1
-4.0,-4.0,-1.1
-4.0,-4.0,-1.1
-4.0,-4.0,-1.1
-4.0,-4.0,-1.1
-4.0,-4.0,-1.1
-4.0,-4.0,-1.1
-4.0,-4.0,-1.1
-4.0,-4.0,-1.1
-4.0,-4.0,-1.1
-4.0,-4.0,-1.1
-4.0,-4.0,-1.1
-4.0,-4.0,-1.1
-4.0,-4.0,-1.1
-4.0,-4.0,-1.1
-4.0,-4.0,-1.1
-4.0,-4.0,-1.1
-4.0,-4.0,-1.1
-4.0,-4.0,-1.1
-4.0,-4.0,-1.1
-4.0,-4.0,-1.1
-4.0,-4.0,-1.1
-4.0,-4.0,-1.1
-4.0,-4.0,-1.1
-4.0,-4.0,-1.1
-4.0,-4.0,-1.1
-4.0,-4.0,-1.1
-4.0,-4.0,-1.1
-4.0,-4.0,-1.1
-4.0,-4.0,-1.1
-4.0,-4.0,-1.1
-4.0,-4.0,-1.1
-4.0,-4.0,-1.1
-4.0,-4.0,-1.1
-4.0,-4.0,-1.1
-4.0,-4.0,-1.1
-4.0,-4.0,-1.1
-4.0,-4.0,-1.1
-4.0,-4.0,-1.1
-4.0,-4.0,-1.1
-4.0,-4.0,-1.1
-4.0,-4.0,-1.1
-4.0,-4.0,-1.1
-4.0,-4.0,-1.1
-4.0,-4.0,-1.1
-4.0,-4.0,-1.1
-4.0,-4.0,-1.1
-4.0,-4.0,-1.1
-4.0,-4.0,-1.1
-4.0,-4.0,-1.1
-4.0,-4.0,-1.1
-4.0,-4.0,-1.1
-4.0,-4.0,-1.1
-4.0,-4.0,-1.1
-4.0,-4.0,-1.1
-4.0,-4.0,-1.1
-4.0,-4.0,-1.1
-4.0,-4.0,-1.1
-4.0,-4.0,-1.1
-4.0,-4.0,-1.1
-4.0,-4.0,-1.1
-4.0,-4.0,-1.1
-4.0,-4.0,-1.1
-4.0,-4.0,-1.1
-4.0,-4.0,-1.1
-4.0,-4.0,-1.1
-4.0,-4.0,-1.1
-4.0,-4.0,-1.1
-4.0,-4.0,-1.1
-4.0,-4.0,-1.1
-4.0,-4.0,-1.1
-4.0,-4.0,-1.1
-4.0,-4.0,-1.1
-4.0,-4.0,-1.1
-4.0,-4.0,-1.1
-4.0,-4.0,-1.1
-4.0,-4.0,-1.1
-4.0,-4.0,-1.1
-4.0,-4.0,-1.1
-4.0,-4.0,-1.1
-4.0,-4.0,-1.1
-4.0,-4.0,-1.1
-4.0,-4.0,-1.1
-4.0,-4.0,-1.1
-4.0,-4.0,-1.1
-4.0,-4.0,-1.1
-4.0,-4.0,-1.1
-4.0,-4.0,-1.1
-4.0,-4.0,-1.1
-4.0,-4.0,-1.1
-4.0,-4.0,-1.1
-4.0,-4.0,-1.1
-4.0,-4.0,-1.1
-4.0,-4.0,-1.1
-4.0,-4.0,-1.1
-4.0,-4.0,-1.1
-4.0,-4.0,-1.1
-4.0,-4.0,-1.1
-4.0,-4.0,-1.1
-4.0,-4.0,-1.1
-4.0,-4.0,-1.1
-4.0,-4.0,-1.1
-4.0,-4.0,-1.1
-4.0,-4.0,-1.1
-4.0,-4.0,-1.1
-4.0,-4.0,-1.1
-4.0,-4.0,-1.1
-4.0,-4.0,-1.1
-4.0,-4.0,-1.1
-4.0,-4.0,-1.1
-4.0,-4.0,-1.1
-4.0,-4.0,-1.1
-4.0,-4.0,-1.1
-4.0,-4.0,-1.1
-4.0,-4.0,-1.1
-4.0,-4.0,-1.1
-4.0,-4.0,-1.1
-4.0,-4.0,-1.1
-4.0,-4.0,-1.1
-4.0,-4.0,-1.1
-4.0,-4.0,-1.1
-4.0,-4.0,-1.1
-4.0,-4.0,-1.1
-4.0,-4.0,-1.1
-4.0,-4.0,-1.1
-4.0,-4.0,-1.1
-4.0,-4.0,-1.1
-4.0,-4.0,-1.1
-4.0,-4.0,-1.1
-4.0,-4.0,-1.1
-4.0,-4.0,-1.1
-4.0,-4.0,-1.1
-4.0,-4.0,-1.1
-4.0,-4.0,-1.1
-4.0,-4.0,-1.1
-4.0,-4.0,-1.1
-4.0,-4.0,-1.1
-4.0,-4.0,-1.1
-4.0,-4.0,-1.1
-4.0,-4.0,-1.1
-4.0,-4.0,-1.1
-4.0,-4.0,-1.1
-4.0,-4.0,-1.1
-4.0,-4.0,-1.1
-4.0,-4.0,-1.1
-4.0,-4.0,-1.1
-4.0,-4.0,-1.1
-4.0,-4.0,-1.1
-4.0,-4.0,-1.1
-4.0,-4.0,-1.1
-4.0,-4.0,-1.1
-4.0,-4.0,-1.1
-4.0,-4.0,-1.1
-4.0,-4.0,-1.1
-4.0,-4.0,-1.1
-4.0,-4.0,-1.1
-4.0,-4.0,-1.1
-4.0,-4.0,-1.1
-4.0,-4.0,-1.1
-4.0,-4.0,-1.1
-4.0,-4.0,-1.1
-4.0,-4.0,-1.1
-4.0,-4.0,-1.1
-4.0,-4.0,-1.1
-4.0,-4.0,-1.1
-4.0,-4.0,-1.1
-4.0,-4.0,-1.1
-4.0,-4.0,-1.1
-4.0,-4.0,-1.1
-4.0,-4.0,-1.1
-4.0,-4.0,-1.1
-4.0,-4.0,-1.1
-4.0,-4.0,-1.1
-4.0,-4.0,-1.1
-4.0,-4.0,-1.1
-4.0,-4.0,-1.1
-4.0,-4.0,-1.1
-4.0,-4.0,-1.1
-4.0,-4.0,-1.1
-4.0,-4.0,-1.1
-4.0,-4.0,-1.1
-4.0,-4.0,-1.1
-4.0,-4.0,-1.1
-4.0,-4.0,-1.1
-4.0,-4.0,-1.1
-4.0,-4.0,-1.1
-4.0,-4.0,-1.1
-4.0,-4.0,-1.1
-4.0,-4.0,-1.1
-4.0,-4.0,-1.1
-4.0,-4.0,-1.1
-4.0,-4.0,-1.1
-4.0,-4.0,-1.1
-4.0,-4.0,-1.1
-4.0,-4.0,-1.1
-4.0,-4.0,-1.1
-4.0,-4.0,-1.1
-4.0,-4.0,-1.1
-4.0,-4.0,-1.1
-4.0,-4.0,-1.1
-4.0,-4.0,-1.1
-4.0,-4.0,-1.1
-4.0,-4.0,-1.1
-4.0,-4.0,-1.1
-4.0,-4.0,-1.1
-4.0,-4.0,-1.1
-4.0,-4.0,-1.1
-4.0,-4.0,-1.1
-4.0,-4.0,-1.1
-4.0,-4.0,-1.1
-4.0,-4.0,-1.1
-4.0,-4.0,-1.1
-4.0,-4.0,-1.1
-4.0,-4.0,-1.1
-4.0,-4.0,-1.1
-4.0,-4.0,-1.1
-4.0,-4.0,-1.1
-4.0,-4.0,-1.1
-4.0,-4.0,-1.1
-4.0,-4.0,-1.1
-4.0,-4.0,-1.1
-4.0,-4.0,-1.1
-4.0,-4.0,-1.1
-4.0,-4.0,-1.1
-4.0,-4.0,-1.1
-4.0,-4.0,-1.1
-4.0,-4.0,-1.1
-4.0,-4.0,-1.1
-4.0,-4.0,-1.1
-4.0,-4.0,-1.1
-4.0,-4.0,-1.1
-4.0,-4.0,-1.1
-4.0,-4.0,-1.1
-4.0,-4.0,-1.1
-4.0,-4.0,-1.1
-4.0,-4.0,-1.1
-4.0,-4.0,-1.1
-4.0,-4.0,-1.1
-4.0,-4.0,-1.1
-4.0,-4.0,-1.1
-4.0,-4.0,-1.1
-4.0,-4.0,-1.1
-4.0,-4.0,-1.1
-4.0,-4.0,-1.1
-4.0,-4.0,-1.1
-4.0,-4.0,-1.1
-4.0,-4.0,-1.1
-4.0,-4.0,-1.1
-4.0,-4.0,-1.1
-4.0,-4.0,-1.1
-4.0,-4.0,-1.1
-4.0,-4.0,-1.1
-4.0,-4.0,-1.1
-4.0,-4.0,-1.1
-4.0,-4.0,-1.1
-4.0,-4.0,-1.1
-4.0,-4.0,-1.1
-4.0,-4.0,-1.1
-4.0,-4.0,-1.1
-4.0,-4.0,-1.1
-4.0,-4.0,-1.1
-4.0,-4.0,-1.1
-4.0,-4.0,-1.1
-4.0,-4.0,-1.1
-4.0,-4.0,-1.1
-4.0,-4.0,-1.1
-4.0,-4.0,-1.1
-4.0,-4.0,-1.1
-4.0,-4.0,-1.1
-4.0,-4.0,-1.1
-4.0,-4.0,-1.1
-4.0,-4.0,-1.1
-4.0,-4.0,-1.1
-4.0,-4.0,-1.1
-4.0,-4.0,-1.1
-4.0,-4.0,-1.1
-4.0,-4.0,-1.1
-4.0,-4.0,-1.1
-4.0,-4.0,-1.1
-4.0,-4.0,-1.1
-4.0,-4.0,-1.1
-4.0,-4.0,-1.1
-4.0,-4.0,-1.1
-4.0,-4.0,-1.1
-4.0,-4.0,-1.1
-4.0,-4.0,-1.1
-4.0,-4.0,-1.1
-4.0,-4.0,-1.1
-4.0,-4.0,-1.1
-4.0,-4.0,-1.1
-4.0,-4.0,-1.1
-4.0,-4.0,-1.1
-4.0,-4.0,-1.1
-4.0,-4.0,-1.1
-4.0,-4.0,-1.1
-4.0,-4.0,-1.1
-4.0,-4.0,-1.1
-4.0,-4.0,-1.1
-4.0,-4.0,-1.1
-4.0,-4.0,-1.1
-4.0,-4.0,-1.1
-4.0,-4.0,-1.1
-4.0,-4.0,-1.1
-4.0,-4.0,-1.1
-4.0,-4.0,-1.1
-4.0,-4.0,-1.1
-4.0,-4.0,-1.1
-4.0,-4.0,-1.1
-4.0,-4.0,-1.1
-4.0,-4.0,-1.1
-4.0,-4.0,-1.1
-4.0,-4.0,-1.1
-4.0,-4.0,-1.1
-4.0,-4.0,-1.1
-4.0,-4.0,-1.1
-4.0,-4.0,-1.1
-4.0,-4.0,-1.1
-4.0,-4.0,-1.1
-4.0,-4.0,-1.1
-4.0,-4.0,-1.1
-4.0,-4.0,-1.1
-4.0,-4.0,-1.1
-4.0,-4.0,-1.1
-4.0,-4.0,-1.1
-4.0,-4.0,-1.1
-4.0,-4.0,-1.1
-4.0,-4.0,-1.1
-4.0,-4.0,-1.1
-4.0,-4.0,-1.1
-4.0,-4.0,-1.1
-4.0,-4.0,-1.1
-4.0,-4.0,-1.1
-4.0,-4.0,-1.1
-4.0,-4.0,-1.1
-4.0,-4.0,-1.1
-4.0,-4.0,-1.1
-4.0,-4.0,-1.1
-4.0,-4.0,-1.1
-4.0,-4.0,-1.1
-4.0,-4.0,-1.1
-4.0,-4.0,-1.1
-4.0,-4.0,-1.1
-4.0,-4.0,-1.1
-4.0,-4.0,-1.1
-4.0,-4.0,-1.1
-4.0,-4.0,-1.1
-4.0,-4.0,-1.1
-4.0,-4.0,-1.1
-4.0,-4.0,-1.1
-4.0,-4.0,-1.1
-4.0,-4.0,-1.1
-4.0,-4.0,-1.1
-4.0,-4.0,-1.1
-4.0,-4.0,-1.1
-4.0,-4.0,-1.1
-4.0,-4.0,-1.1
-4.0,-4.0,-1.1
-4.0,-4.0,-1.1
-4.0,-4.0,-1.1
-4.0,-4.0,-1.1
-4.0,-4.0,-1.1
-4.0,-4.0,-1.1
-4.0,-4.0,-1.1
-4.0,-4.0,-1.1
-4.0,-4.0,-1.1
-4.0,-4.0,-1.1
-4.0,-4.0,-1.1
-4.0,-4.0,-1.1
-4.0,-4.0,-1.1
-4.0,-4.0,-1.1
-4.0,-4.0,-1.1
-4.0,-4.0,-1.1
-4.0,-4.0,-1.1
-4.0,-4.0,-1.1
-4.0,-4.0,-1.1
-4.0,-4.0,-1.1
-4.0,-4.0,-1.1
-4.0,-4.0,-1.1
-4.0,-4.0,-1.1
-4.0,-4.0,-1.1
-4.0,-4.0,-1.1
-4.0,-4.0,-1.1
-4.0,-4.0,-1.1
-4.0,-4.0,-1.1
-4.0,-4.0,-1.1
-4.0,-4.0,-1.1
-4.0,-4.0,-1.1
-4.0,-4.0,-1.1
-4.0,-4.0,-1.1
-4.0,-4.0,-1.1
-4.0,-4.0,-1.1
-4.0,-4.0,-1.1
-4.0,-4.0,-1.1
-4.0,-4.0,-1.1
-4.0,-4.0,-1.1
-4.0,-4.0,-1.1
-4.0,-4.0,-1.1
-4.0,-4.0,-1.1
-4.0,-4.0,-1.1
-4.0,-4.0,-1.1
-4.0,-4.0,-1.1
-4.0,-4.0,-1.1
-4.0,-4.0,-1.1
-4.0,-4.0,-1.1
-4.0,-4.0,-1.1
-4.0,-4.0,-1.1
-4.0,-4.0,-1.1
-4.0,-4.0,-1.1
-4.0,-4.0,-1.1
-4.0,-4.0,-1.1
-4.0,-4.0,-1.1
-4.0,-4.0,-1.1
-4.0,-4.0,-1.1
-4.0,-4.0,-1.1
-4.0,-4.0,-1.1
-4.0,-4.0,-1.1
-4.0,-4.0,-1.1
-4.0,-4.0,-1.1
-4.0,-4.0,-1.1
-4.0,-4.0,-1.1
-4.0,-4.0,-1.1
-4.0,-4.0,-1.1
-4.0,-4.0,-1.1
-4.0,-4.0,-1.1
-4.0,-4.0,-1.1
-4.0,-4.0,-1.1
-4.0,-4.0,-1.1
-4.0,-4.0,-1.1
-4.0,-4.0,-1.1
-4.0,-4.0,-1.1
-4.0,-4.0,-1.1
-4.0,-4.0,-1.1
-4.0,-4.0,-1.1
-4.0,-4.0,-1.1
-4.0,-4.0,-1.1
-4.0,-4.0,-1.1
-4.0,-4.0,-1.1
-4.0,-4.0,-1.1
-4.0,-4.0,-1.1
-4.0,-4.0,-1.1
-4.0,-4.0,-1.1
-4.0,-4.0,-1.1
-4.0,-4.0,-1.1
-4.0,-4.0,-1.1
-4.0,-4.0,-1.1
-4.0,-4.0,-1.1
-4.0,-4.0,-1.1
-4.0,-4.0,-1.1
-4.0,-4.0,-1.1
-4.0,-4.0,-1.1
-4.0,-4.0,-1.1
-4.0,-4.0,-1.1
-4.0,-4.0,-1.1
-4.0,-4.0,-1.1
-4.0,-4.0,-1.1
-4.0,-4.0,-1.1
-4.0,-4.0,-1.1
-4.0,-4.0,-1.1
-4.0,-4.0,-1.1
-4.0,-4.0,-1.1
-4.0,-4.0,-1.1
-4.0,-4.0,-1.1
-4.0,-4.0,-1.1
-4.0,-4.0,-1.1
-4.0,-4.0,-1.1
-4.0,-4.0,-1.1
-4.0,-4.0,-1.1
-4.0,-4.0,-1.1
-4.0,-4.0,-1.1
-4.0,-4.0,-1.1
-4.0,-4.0,-1.1
-4.0,-4.0,-1.1
-4.0,-4.0,-1.1
-4.0,-4.0,-1.1
-4.0,-4.0,-1.1
-4.0,-4.0,-1.1
-4.0,-4.0,-1.1
-4.0,-4.0,-1.1
-4.0,-4.0,-1.1
-4.0,-4.0,-1.1
-4.0,-4.0,-1.1
-4.0,-4.0,-1.1
-4.0,-4.0,-1.1
-4.0,-4.0,-1.1
-4.0,-4.0,-1.1
-4.0,-4.0,-1.1
-4.0,-4.0,-1.1
-4.0,-4.0,-1.1
-4.0,-4.0,-1.1
-4.0,-4.0,-1.1
-4.0,-4.0,-1.1
-4.0,-4.0,-1.1
-4.0,-4.0,-1.1
-4.0,-4.0,-1.1
-4.0,-4.0,-1.1
-4.0,-4.0,-1.1
-4.0,-4.0,-1.1
-4.0,-4.0,-1.1
-4.0,-4.0,-1.1
-4.0,-4.0,-1.1
-4.0,-4.0,-1.1
-4.0,-4.0,-1.1
-4.0,-4.0,-1.1
-4.0,-4.0,-1.1
-4.0,-4.0,-1.1
-4.0,-4.0,-1.1
-4.0,-4.0,-1.1
-4.0,-4.0,-1.1
-4.0,-4.0,-1.1
-4.0,-4.0,-1.1
-4.0,-4.0,-1.1
-4.0,-4.0,-1.1
-4.0,-4.0,-1.1
-4.0,-4.0,-1.1
-4.0,-4.0,-1.1
-4.0,-4.0,-1.1
-4.0,-4.0,-1.1
-4.0,-4.0,-1.1
-4.0,-4.0,-1.1
-4.0,-4.0,-1.1
-4.0,-4.0,-1.1
-4.0,-4.0,-1.1
-4.0,-4.0,-1.1
-4.0,-4.0,-1.1
-4.0,-4.0,-1.1
-4.0,-4.0,-1.1
-4.0,-4.0,-1.1
-4.0,-4.0,-1.1
-4.0,-4.0,-1.1
-4.0,-4.0,-1.1
-4.0,-4.0,-1.1
-4.0,-4.0,-1.1
-4.0,-4.0,-1.1
-4.0,-4.0,-1.1
-4.0,-4.0,-1.1
-4.0,-4.0,-1.1
-4.0,-4.0,-1.1
-4.0,-4.0,-1.1
-4.0,-4.0,-1.1
-4.0,-4.0,-1.1
-4.0,-4.0,-1.1
-4.0,-4.0,-1.1
-4.0,-4.0,-1.1
-4.0,-4.0,-1.1
-4.0,-4.0,-1.1
-4.0,-4.0,-1.1
-4.0,-4.0,-1.1
-4.0,-4.0,-1.1
-4.0,-4.0,-1.1
-4.0,-4.0,-1.1
-4.0,-4.0,-1.1
-4.0,-4.0,-1.1
-4.0,-4.0,-1.1
-4.0,-4.0,-1.1
-4.0,-4.0,-1.1
-4.0,-4.0,-1.1
-4.0,-4.0,-1.1
-4.0,-4.0,-1.1
-4.0,-4.0,-1.1
-4.0,-4.0,-1.1
-4.0,-4.0,-1.1
-4.0,-4.0,-1.1
-4.0,-4.0,-1.1
-4.0,-4.0,-1.1
-4.0,-4.0,-1.1
-4.0,-4.0,-1.1
-4.0,-4.0,-1.1
-4.0,-4.0,-1.1
-4.0,-4.0,-1.1
-4.0,-4.0,-1.1
-4.0,-4.0,-1.1
-4.0,-4.0,-1.1
-4.0,-4.0,-1.1
-4.0,-4.0,-1.1
-4.0,-4.0,-1.1
-4.0,-4.0,-1.1
-4.0,-4.0,-1.1
-4.0,-4.0,-1.1
-4.0,-4.0,-1.1
-4.0,-4.0,-1.1
-4.0,-4.0,-1.1
-4.0,-4.0,-1.1
-4.0,-4.0,-1.1
-4.0,-4.0,-1.1
-4.0,-4.0,-1.1
-4.0,-4.0,-1.1
-4.0,-4.0,-1.1
-4.0,-4.0,-1.1
-4.0,-4.0,-1.1
-4.0,-4.0,-1.1
-4.0,-4.0,-1.1
-4.0,-4.0,-1.1
-4.0,-4.0,-1.1
-4.0,-4.0,-1.1
-4.0,-4.0,-1.1
-4.0,-4.0,-1.1
-4.0,-4.0,-1.1
-4.0,-4.0,-1.1
-4.0,-4.0,-1.1
-4.0,-4.0,-1.1
-4.0,-4.0,-1.1
-4.0,-4.0,-1.1
-4.0,-4.0,-1.1
-4.0,-4.0,-1.1
-4.0,-4.0,-1.1
-4.0,-4.0,-1.1
-4.0,-4.0,-1.1
-4.0,-4.0,-1.1
-4.0,-4.0,-1.1
-4.0,-4.0,-1.1
-4.0,-4.0,-1.1
-4.0,-4.0,-1.1
-4.0,-4.0,-1.1
-4.0,-4.0,-1.1
-4.0,-4.0,-1.1
-4.0,-4.0,-1.1
-4.0,-4.0,-1.1
-4.0,-4.0,-1.1
-4.0,-4.0,-1.1
-4.0,-4.0,-1.1
-4.0,-4.0,-1.1
-4.0,-4.0,-1.1
-4.0,-4.0,-1.1
-4.0,-4.0,-1.1
-4.0,-4.0,-1.1
-4.0,-4.0,-1.1
-4.0,-4.0,-1.1
-4.0,-4.0,-1.1
-4.0,-4.0,-1.1
-4.0,-4.0,-1.1
-4.0,-4.0,-1.1
-4.0,-4.0,-1.1
-4.0,-4.0,-1.1
-4.0,-4.0,-1.1
-4.0,-4.0,-1.1
-4.0,-4.0,-1.1
-4.0,-4.0,-1.1
-4.0,-4.0,-1.1
-4.0,-4.0,-1.1
-4.0,-4.0,-1.1
-4.0,-4.0,-1.1
-4.0,-4.0,-1.1
-4.0,-4.0,-1.1
-4.0,-4.0,-1.1
-4.0,-4.0,-1.1
-4.0,-4.0,-1.1
-4.0,-4.0,-1.1
-4.0,-4.0,-1.1
-4.0,-4.0,-1.1
-4.0,-4.0,-1.1
-4.0,-4.0,-1.1
-4.0,-4.0,-1.1
-4.0,-4.0,-1.1
-4.0,-4.0,-1.1
-4.0,-4.0,-1.1
-4.0,-4.0,-1.1
-4.0,-4.0,-1.1
-4.0,-4.0,-1.1
-4.0,-4.0,-1.1
-4.0,-4.0,-1.1
-4.0,-4.0,-1.1
-4.0,-4.0,-1.1
-4.0,-4.0,-1.1
-4.0,-4.0,-1.1
-4.0,-4.0,-1.1
-4.0,-4.0,-1.1
-4.0,-4.0,-1.1
-4.0,-4.0,-1.1
-4.0,-4.0,-1.1
-4.0,-4.0,-1.1
-4.0,-4.0,-1.1
-4.0,-4.0,-1.1
-4.0,-4.0,-1.1
-4.0,-4.0,-1.1
-4.0,-4.0,-1.1
-4.0,-4.0,-1.1
-4.0,-4.0,-1.1
-4.0,-4.0,-1.1
-4.0,-4.0,-1.1
-4.0,-4.0,-1.1
-4.0,-4.0,-1.1
-4.0,-4.0,-1.1
-4.0,-4.0,-1.1
-4.0,-4.0,-1.1
-4.0,-4.0,-1.1
-4.0,-4.0,-1.1
-4.0,-4.0,-1.1
-4.0,-4.0,-1.1
-4.0,-4.0,-1.1
-4.0,-4.0,-1.1
-4.0,-4.0,-1.1
-4.0,-4.0,-1.1
-4.0,-4.0,-1.1
-4.0,-4.0,-1.1
-4.0,-4.0,-1.1
-4.0,-4.0,-1.1
-4.0,-4.0,-1.1
-4.0,-4.0,-1.1
-4.0,-4.0,-1.1
-4.0,-4.0,-1.1
-4.0,-4.0,-1.1
-4.0,-4.0,-1.1
-4.0,-4.0,-1.1
-4.0,-4.0,-1.1
-4.0,-4.0,-1.1
-4.0,-4.0,-1.1
-4.0,-4.0,-1.1
-4.0,-4.0,-1.1
-4.0,-4.0,-1.1
-4.0,-4.0,-1.1
-4.0,-4.0,-1.1
-4.0,-4.0,-1.1
-4.0,-4.0,-1.1
-4.0,-4.0,-1.1
-4.0,-4.0,-1.1
-4.0,-4.0,-1.1
-4.0,-4.0,-1.1
-4.0,-4.0,-1.1
-4.0,-4.0,-1.1
-4.0,-4.0,-1.1
-4.0,-4.0,-1.1
-4.0,-4.0,-1.1
-4.0,-4.0,-1.1
-4.0,-4.0,-1.1
-4.0,-4.0,-1.1
-4.0,-4.0,-1.1
-4.0,-4.0,-1.1
-4.0,-4.0,-1.1
-4.0,-4.0,-1.1
-4.0,-4.0,-1.1
-4.0,-4.0,-1.1
-4.0,-4.0,-1.1
-4.0,-4.0,-1.1
-4.0,-4.0,-1.1
-4.0,-4.0,-1.1
-4.0,-4.0,-1.1
-4.0,-4.0,-1.1
-4.0,-4.0,-1.1
-4.0,-4.0,-1.1
-4.0,-4.0,-1.1
-4.0,-4.0,-1.1
-4.0,-4.0,-1.1
-4.0,-4.0,-1.1
-4.0,-4.0,-1.1
-4.0,-4.0,-1.1
-4.0,-4.0,-1.1
-4.0,-4.0,-1.1
-4.0,-4.0,-1.1
-4.0,-4.0,-1.1
-4.0,-4.0,-1.1
-4.0,-4.0,-1.1
-4.0,-4.0,-1.1
-4.0,-4.0,-1.1
-4.0,-4.0,-1.1
-4.0,-4.0,-1.1
-4.0,-4.0,-1.1
-4.0,-4.0,-1.1
-4.0,-4.0,-1.1
-4.0,-4.0,-1.1
-4.0,-4.0,-1.1
-4.0,-4.0,-1.1
-4.0,-4.0,-1.1
-4.0,-4.0,-1.1
-4.0,-4.0,-1.1
-4.0,-4.0,-1.1
-4.0,-4.0,-1.1
-4.0,-4.0,-1.1
-4.0,-4.0,-1.1
-4.0,-4.0,-1.1
-4.0,-4.0,-1.1
-4.0,-4.0,-1.1
-4.0,-4.0,-1.1
-4.0,-4.0,-1.1
-4.0,-4.0,-1.1
-4.0,-4.0,-1.1
-4.0,-4.0,-1.1
-4.0,-4.0,-1.1
-4.0,-4.0,-1.1
-4.0,-4.0,-1.1
-4.0,-4.0,-1.1
-4.0,-4.0,-1.1
-4.0,-4.0,-1.1
-4.0,-4.0,-1.1
-4.0,-4.0,-1.1
-4.0,-4.0,-1.1
-4.0,-4.0,-1.1
-4.0,-4.0,-1.1
-4.0,-4.0,-1.1
-4.0,-4.0,-1.1
-4.0,-4.0,-1.1
-4.0,-4.0,-1.1
-4.0,-4.0,-1.1
-4.0,-4.0,-1.1
-4.0,-4.0,-1.1
-4.0,-4.0,-1.1
-4.0,-4.0,-1.1
-4.0,-4.0,-1.1
-4.0,-4.0,-1.1
-4.0,-4.0,-1.1
-4.0,-4.0,-1.1
-4.0,-4.0,-1.1
-4.0,-4.0,-1.1
-4.0,-4.0,-1.1
-4.0,-4.0,-1.1
-4.0,-4.0,-1.1
-4.0,-4.0,-1.1
-4.0,-4.0,-1.1
-4.0,-4.0,-1.1
-4.0,-4.0,-1.1
-4.0,-4.0,-1.1
-4.0,-4.0,-1.1
-4.0,-4.0,-1.1
-4.0,-4.0,-1.1
-4.0,-4.0,-1.1
-4.0,-4.0,-1.1
-4.0,-4.0,-1.1
-4.0,-4.0,-1.1
-4.0,-4.0,-1.1
-4.0,-4.0,-1.1
-4.0,-4.0,-1.1
-4.0,-4.0,-1.1
-4.0,-4.0,-1.1
-4.0,-4.0,-1.1
-4.0,-4.0,-1.1
-4.0,-4.0,-1.1
-4.0,-4.0,-1.1
-4.0,-4.0,-1.1
-4.0,-4.0,-1.1
-4.0,-4.0,-1.1
-4.0,-4.0,-1.1
-4.0,-4.0,-1.1
-4.0,-4.0,-1.1
-4.0,-4.0,-1.1
-4.0,-4.0,-1.1
-4.0,-4.0,-1.1
-4.0,-4.0,-1.1
-4.0,-4.0,-1.1
-4.0,-4.0,-1.1
-4.0,-4.0,-1.1
-4.0,-4.0,-1.1
-4.0,-4.0,-1.1
-4.0,-4.0,-1.1
-4.0,-4.0,-1.1
-4.0,-4.0,-1.1
-4.0,-4.0,-1.1
-4.0,-4.0,-1.1
-4.0,-4.0,-1.1
-4.0,-4.0,-1.1
-4.0,-4.0,-1.1
-4.0,-4.0,-1.1
-4.0,-4.0,-1.1
-4.0,-4.0,-1.1
-4.0,-4.0,-1.1
-4.0,-4.0,-1.1
-4.0,-4.0,-1.1
-4.0,-4.0,-1.1
-4.0,-4.0,-1.1
-4.0,-4.0,-1.1
-4.0,-4.0,-1.1
-4.0,-4.0,-1.1
-4.0,-4.0,-1.1
-4.0,-4.0,-1.1
-4.0,-4.0,-1.1
-4.0,-4.0,-1.1
-4.0,-4.0,-1.1
-4.0,-4.0,-1.1
-4.0,-4.0,-1.1
-4.0,-4.0,-1.1
-4.0,-4.0,-1.1
-4.0,-4.0,-1.1
-4.0,-4.0,-1.1
-4.0,-4.0,-1.1
-4.0,-4.0,-1.1
-4.0,-4.0,-1.1
-4.0,-4.0,-1.1
-4.0,-4.0,-1.1
-4.0,-4.0,-1.1
-4.0,-4.0,-1.1
-4.0,-4.0,-1.1
-4.0,-4.0,-1.1
-4.0,-4.0,-1.1
-4.0,-4.0,-1.1
-4.0,-4.0,-1.1
-4.0,-4.0,-1.1
-4.0,-4.0,-1.1
-4.0,-4.0,-1.1
-4.0,-4.0,-1.1
-4.0,-4.0,-1.1
-4.0,-4.0,-1.1
-4.0,-4.0,-1.1
-4.0,-4.0,-1.1
-4.0,-4.0,-1.1
-4.0,-4.0,-1.1
-4.0,-4.0,-1.1
-4.0,-4.0,-1.1
-4.0,-4.0,-1.1
-4.0,-4.0,-1.1
-4.0,-4.0,-1.1
-4.0,-4.0,-1.1
-4.0,-4.0,-1.1
-4.0,-4.0,-1.1
-4.0,-4.0,-1.1
-4.0,-4.0,-1.1
-4.0,-4.0,-1.1
-4.0,-4.0,-1.1
-4.0,-4.0,-1.1
-4.0,-4.0,-1.1
-4.0,-4.0,-1.1
-4.0,-4.0,-1.1
-4.0,-4.0,-1.1
-4.0,-4.0,-1.1
-4.0,-4.0,-1.1
-4.0,-4.0,-1.1
-4.0,-4.0,-1.1
-4.0,-4.0,-1.1
-4.0,-4.0,-1.1
-4.0,-4.0,-1.1
-4.0,-4.0,-1.1
-4.0,-4.0,-1.1
-4.0,-4.0,-1.1
-4.0,-4.0,-1.1
-4.0,-4.0,-1.1
-4.0,-4.0,-1.1
-4.0,-4.0,-1.1
-4.0,-4.0,-1.1
-4.0,-4.0,-1.1
-4.0,-4.0,-1.1
-4.0,-4.0,-1.1
-4.0,-4.0,-1.1
-4.0,-4.0,-1.1
-4.0,-4.0,-1.1
-4.0,-4.0,-1.1
-4.0,-4.0,-1.1
-4.0,-4.0,-1.1
-4.0,-4.0,-1.1
-4.0,-4.0,-1.1
-4.0,-4.0,-1.1
-4.0,-4.0,-1.1
-4.0,-4.0,-1.1
-4.0,-4.0,-1.1
-4.0,-4.0,-1.1
-4.0,-4.0,-1.1
-4.0,-4.0,-1.1
-4.0,-4.0,-1.1
-4.0,-4.0,-1.1
-4.0,-4.0,-1.1
-4.0,-4.0,-1.1
-4.0,-4.0,-1.1
-4.0,-4.0,-1.1
-4.0,-4.0,-1.1
-4.0,-4.0,-1.1
-4.0,-4.0,-1.1
-4.0,-4.0,-1.1
-4.0,-4.0,-1.1
-4.0,-4.0,-1.1
-4.0,-4.0,-1.1
-4.0,-4.0,-1.1
-4.0,-4.0,-1.1
-4.0,-4.0,-1.1
-4.0,-4.0,-1.1
-4.0,-4.0,-1.1
-4.0,-4.0,-1.1
-4.0,-4.0,-1.1
-4.0,-4.0,-1.1
-4.0,-4.0,-1.1
-4.0,-4.0,-1.1
-4.0,-4.0,-1.1
-4.0,-4.0,-1.1
-4.0,-4.0,-1.1
-4.0,-4.0,-1.1
-4.0,-4.0,-1.1
-4.0,-4.0,-1.1
-4.0,-4.0,-1.1
-4.0,-4.0,-1.1
-4.0,-4.0,-1.1
-4.0,-4.0,-1.1
-4.0,-4.0,-1.1
-4.0,-4.0,-1.1
-4.0,-4.0,-1.1
-4.0,-4.0,-1.1
-4.0,-4.0,-1.1
-4.0,-4.0,-1.1
-4.0,-4.0,-1.1
-4.0,-4.0,-1.1
-4.0,-4.0,-1.1
-4.0,-4.0,-1.1
-4.0,-4.0,-1.1
-4.0,-4.0,-1.1
-4.0,-4.0,-1.1
-4.0,-4.0,-1.1
-4.0,-4.0,-1.1
-4.0,-4.0,-1.1
-4.0,-4.0,-1.1
-4.0,-4.0,-1.1
-4.0,-4.0,-1.1
-4.0,-4.0,-1.1
-4.0,-4.0,-1.1
-4.0,-4.0,-1.1
-4.0,-4.0,-1.1
-4.0,-4.0,-1.1
-4.0,-4.0,-1.1
-4.0,-4.0,-1.1
-4.0,-4.0,-1.1
-4.0,-4.0,-1.1
-4.0,-4.0,-1.1
-4.0,-4.0,-1.1
-4.0,-4.0,-1.1
-4.0,-4.0,-1.1
-4.0,-4.0,-1.1
-4.0,-4.0,-1.1
-4.0,-4.0,-1.1
-4.0,-4.0,-1.1
-4.0,-4.0,-1.1
-4.0,-4.0,-1.1
-4.0,-4.0,-1.1
-4.0,-4.0,-1.1
-4.0,-4.0,-1.1
-4.0,-4.0,-1.1
-4.0,-4.0,-1.1
-4.0,-4.0,-1.1
-4.0,-4.0,-1.1
-4.0,-4.0,-1.1
-4.0,-4.0,-1.1
-4.0,-4.0,-1.1
-4.0,-4.0,-1.1
-4.0,-4.0,-1.1
-4.0,-4.0,-1.1
-4.0,-4.0,-1.1
-4.0,-4.0,-1.1
-4.0,-4.0,-1.1
-4.0,-4.0,-1.1
-4.0,-4.0,-1.1
-4.0,-4.0,-1.1
-4.0,-4.0,-1.1
-4.0,-4.0,-1.1
-4.0,-4.0,-1.1
-4.0,-4.0,-1.1
-4.0,-4.0,-1.1
-4.0,-4.0,-1.1
-4.0,-4.0,-1.1
-4.0,-4.0,-1.1
-4.0,-4.0,-1.1
-4.0,-4.0,-1.1
-4.0,-4.0,-1.1
-4.0,-4.0,-1.1
-4.0,-4.0,-1.1
-4.0,-4.0,-1.1
-4.0,-4.0,-1.1
-4.0,-4.0,-1.1
-4.0,-4.0,-1.1
-4.0,-4.0,-1.1
-4.0,-4.0,-1.1
-4.0,-4.0,-1.1
-4.0,-4.0,-1.1
-4.0,-4.0,-1.1
-4.0,-4.0,-1.1
-4.0,-4.0,-1.1
-4.0,-4.0,-1.1
-4.0,-4.0,-1.1
-4.0,-4.0,-1.1
-4.0,-4.0,-1.1
-4.0,-4.0,-1.1
-4.0,-4.0,-1.1
-4.0,-4.0,-1.1
-4.0,-4.0,-1.1
-4.0,-4.0,-1.1
-4.0,-4.0,-1.1
-4.0,-4.0,-1.1
-4.0,-4.0,-1.1
-4.0,-4.0,-1.1
-4.0,-4.0,-1.1
-4.0,-4.0,-1.1
-4.0,-4.0,-1.1
-4.0,-4.0,-1.1
-4.0,-4.0,-1.1
-4.0,-4.0,-1.1
-4.0,-4.0,-1.1
-4.0,-4.0,-1.1
-4.0,-4.0,-1.1
-4.0,-4.0,-1.1
-4.0,-4.0,-1.1
-4.0,-4.0,-1.1
-4.0,-4.0,-1.1
-4.0,-4.0,-1.1
-4.0,-4.0,-1.1
-4.0,-4.0,-1.1
-4.0,-4.0,-1.1
-4.0,-4.0,-1.1
-4.0,-4.0,-1.1
-4.0,-4.0,-1.1
-4.0,-4.0,-1.1
-4.0,-4.0,-1.1
-4.0,-4.0,-1.1
-4.0,-4.0,-1.1
-4.0,-4.0,-1.1
-4.0,-4.0,-1.1
-4.0,-4.0,-1.1
-4.0,-4.0,-1.1
-4.0,-4.0,-1.1
-4.0,-4.0,-1.1
-4.0,-4.0,-1.1
-4.0,-4.0,-1.1
-4.0,-4.0,-1.1
-4.0,-4.0,-1.1
-4.0,-4.0,-1.1
-4.0,-4.0,-1.1
-4.0,-4.0,-1.1
-4.0,-4.0,-1.1
-4.0,-4.0,-1.1
-4.0,-4.0,-1.1
-4.0,-4.0,-1.1
-4.0,-4.0,-1.1
-4.0,-4.0,-1.1
-4.0,-4.0,-1.1
-4.0,-4.0,-1.1
-4.0,-4.0,-1.1
-4.0,-4.0,-1.1
-4.0,-4.0,-1.1
-4.0,-4.0,-1.1
-4.0,-4.0,-1.1
-4.0,-4.0,-1.1
-4.0,-4.0,-1.1
-4.0,-4.0,-1.1
-4.0,-4.0,-1.1
-4.0,-4.0,-1.1
-4.0,-4.0,-1.1
-4.0,-4.0,-1.1
-4.0,-4.0,-1.1
-4.0,-4.0,-1.1
-4.0,-4.0,-1.1
-4.0,-4.0,-1.1
-4.0,-4.0,-1.1
-4.0,-4.0,-1.1
-4.0,-4.0,-1.1
-4.0,-4.0,-1.1
-4.0,-4.0,-1.1
-4.0,-4.0,-1.1
-4.0,-4.0,-1.1
-4.0,-4.0,-1.1
-4.0,-4.0,-1.1
-4.0,-4.0,-1.1
-4.0,-4.0,-1.1
-4.0,-4.0,-1.1
-4.0,-4.0,-1.1
-4.0,-4.0,-1.1
-4.0,-4.0,-1.1
-4.0,-4.0,-1.1
-4.0,-4.0,-1.1
-4.0,-4.0,-1.1
-4.0,-4.0,-1.1
-4.0,-4.0,-1.1
-4.0,-4.0,-1.1
-4.0,-4.0,-1.1
-4.0,-4.0,-1.1
-4.0,-4.0,-1.1
-4.0,-4.0,-1.1
-4.0,-4.0,-1.1
-4.0,-4.0,-1.1
-4.0,-4.0,-1.1
-4.0,-4.0,-1.1
-4.0,-4.0,-1.1
-4.0,-4.0,-1.1
-4.0,-4.0,-1.1
-4.0,-4.0,-1.1
-4.0,-4.0,-1.1
-4.0,-4.0,-1.1
-4.0,-4.0,-1.1
-4.0,-4.0,-1.1
-4.0,-4.0,-1.1
-4.0,-4.0,-1.1
-4.0,-4.0,-1.1
-4.0,-4.0,-1.1
-4.0,-4.0,-1.1
-4.0,-4.0,-1.1
-4.0,-4.0,-1.1
-4.0,-4.0,-1.1
-4.0,-4.0,-1.1
-4.0,-4.0,-1.1
-4.0,-4.0,-1.1
-4.0,-4.0,-1.1
-4.0,-4.0,-1.1
-4.0,-4.0,-1.1
-4.0,-4.0,-1.1
-4.0,-4.0,-1.1
-4.0,-4.0,-1.1
-4.0,-4.0,-1.1
-4.0,-4.0,-1.1
-4.0,-4.0,-1.1
-4.0,-4.0,-1.1
-4.0,-4.0,-1.1
-4.0,-4.0,-1.1
-4.0,-4.0,-1.1
-4.0,-4.0,-1.1
-4.0,-4.0,-1.1
-4.0,-4.0,-1.1
-4.0,-4.0,-1.1
-4.0,-4.0,-1.1
-4.0,-4.0,-1.1
-4.0,-4.0,-1.1
-4.0,-4.0,-1.1
-4.0,-4.0,-1.1
-4.0,-4.0,-1.1
-4.0,-4.0,-1.1
-4.0,-4.0,-1.1
-4.0,-4.0,-1.1
-4.0,-4.0,-1.1
-4.0,-4.0,-1.1
-4.0,-4.0,-1.1
-4.0,-4.0,-1.1
-4.0,-4.0,-1.1
-4.0,-4.0,-1.1
-4.0,-4.0,-1.1
-4.0,-4.0,-1.1
-4.0,-4.0,-1.1
-4.0,-4.0,-1.1
-4.0,-4.0,-1.1
-4.0,-4.0,-1.1
-4.0,-4.0,-1.1
-4.0,-4.0,-1.1
-4.0,-4.0,-1.1
-4.0,-4.0,-1.1
-4.0,-4.0,-1.1
-4.0,-4.0,-1.1
-4.0,-4.0,-1.1
-4.0,-4.0,-1.1
-4.0,-4.0,-1.1
-4.0,-4.0,-1.1
-4.0,-4.0,-1.1
-4.0,-4.0,-1.1
-4.0,-4.0,-1.1
-4.0,-4.0,-1.1
-4.0,-4.0,-1.1
-4.0,-4.0,-1.1
-4.0,-4.0,-1.1
-4.0,-4.0,-1.1
-4.0,-4.0,-1.1
-4.0,-4.0,-1.1
-4.0,-4.0,-1.1
-4.0,-4.0,-1.1
-4.0,-4.0,-1.1
-4.0,-4.0,-1.1
-4.0,-4.0,-1.1
-4.0,-4.0,-1.1
-4.0,-4.0,-1.1
-4.0,-4.0,-1.1
-4.0,-4.0,-1.1
-4.0,-4.0,-1.1
-4.0,-4.0,-1.1
-4.0,-4.0,-1.1
-4.0,-4.0,-1.1
-4.0,-4.0,-1.1
-4.0,-4.0,-1.1
-4.0,-4.0,-1.1
-4.0,-4.0,-1.1
-4.0,-4.0,-1.1
-4.0,-4.0,-1.1
-4.0,-4.0,-1.1
-4.0,-4.0,-1.1
-4.0,-4.0,-1.1
-4.0,-4.0,-1.1
-4.0,-4.0,-1.1
-4.0,-4.0,-1.1
-4.0,-4.0,-1.1
-4.0,-4.0,-1.1
-4.0,-4.0,-1.1
-4.0,-4.0,-1.1
-4.0,-4.0,-1.1
-4.0,-4.0,-1.1
-4.0,-4.0,-1.1
-4.0,-4.0,-1.1
-4.0,-4.0,-1.1
-4.0,-4.0,-1.1
-4.0,-4.0,-1.1
-4.0,-4.0,-1.1
-4.0,-4.0,-1.1
-4.0,-4.0,-1.1
-4.0,-4.0,-1.1
-4.0,-4.0,-1.1
-4.0,-4.0,-1.1
-4.0,-4.0,-1.1
-4.0,-4.0,-1.1
-4.0,-4.0,-1.1
-4.0,-4.0,-1.1
-4.0,-4.0,-1.1
-4.0,-4.0,-1.1
-4.0,-4.0,-1.1
-4.0,-4.0,-1.1
-4.0,-4.0,-1.1
-4.0,-4.0,-1.1
-4.0,-4.0,-1.1
-4.0,-4.0,-1.1
-4.0,-4.0,-1.1
-4.0,-4.0,-1.1
-4.0,-4.0,-1.1
-4.0,-4.0,-1.1
-4.0,-4.0,-1.1
-4.0,-4.0,-1.1
-4.0,-4.0,-1.1
-4.0,-4.0,-1.1
-4.0,-4.0,-1.1
-4.0,-4.0,-1.1
-4.0,-4.0,-1.1
-4.0,-4.0,-1.1
-4.0,-4.0,-1.1
-4.0,-4.0,-1.1
-4.0,-4.0,-1.1
-4.0,-4.0,-1.1
-4.0,-4.0,-1.1
-4.0,-4.0,-1.1
-4.0,-4.0,-1.1
-4.0,-4.0,-1.1
-4.0,-4.0,-1.1
-4.0,-4.0,-1.1
-4.0,-4.0,-1.1
-4.0,-4.0,-1.1
-4.0,-4.0,-1.1
-4.0,-4.0,-1.1
-4.0,-4.0,-1.1
-4.0,-4.0,-1.1
-4.0,-4.0,-1.1
-4.0,-4.0,-1.1
-4.0,-4.0,-1.1
-4.0,-4.0,-1.1
-4.0,-4.0,-1.1
-4.0,-4.0,-1.1
-4.0,-4.0,-1.1
-4.0,-4.0,-1.1
-4.0,-4.0,-1.1
-4.0,-4.0,-1.1
-4.0,-4.0,-1.1
-4.0,-4.0,-1.1
-4.0,-4.0,-1.1
-4.0,-4.0,-1.1
-4.0,-4.0,-1.1
-4.0,-4.0,-1.1
-4.0,-4.0,-1.1
-4.0,-4.0,-1.1
-4.0,-4.0,-1.1
-4.0,-4.0,-1.1
-4.0,-4.0,-1.1
-4.0,-4.0,-1.1
-4.0,-4.0,-1.1
-4.0,-4.0,-1.1
-4.0,-4.0,-1.1
-4.0,-4.0,-1.1
-4.0,-4.0,-1.1
-4.0,-4.0,-1.1
-4.0,-4.0,-1.1
-4.0,-4.0,-1.1
-4.0,-4.0,-1.1
-4.0,-4.0,-1.1
-4.0,-4.0,-1.1
-4.0,-4.0,-1.1
-4.0,-4.0,-1.1
-4.0,-4.0,-1.1
-4.0,-4.0,-1.1
-4.0,-4.0,-1.1
-4.0,-4.0,-1.1
-4.0,-4.0,-1.1
-4.0,-4.0,-1.1
-4.0,-4.0,-1.1
-4.0,-4.0,-1.1
-4.0,-4.0,-1.1
-4.0,-4.0,-1.1
-4.0,-4.0,-1.1
-4.0,-4.0,-1.1
-4.0,-4.0,-1.1
-4.0,-4.0,-1.1
-4.0,-4.0,-1.1
-4.0,-4.0,-1.1
-4.0,-4.0,-1.1
-4.0,-4.0,-1.1
-4.0,-4.0,-1.1
-4.0,-4.0,-1.1
-4.0,-4.0,-1.1
-4.0,-4.0,-1.1
-4.0,-4.0,-1.1
-4.0,-4.0,-1.1
-4.0,-4.0,-1.1
-4.0,-4.0,-1.1
-4.0,-4.0,-1.1
-4.0,-4.0,-1.1
-4.0,-4.0,-1.1
-4.0,-4.0,-1.1
-4.0,-4.0,-1.1
-4.0,-4.0,-1.1
-4.0,-4.0,-1.1
-4.0,-4.0,-1.1
-4.0,-4.0,-1.1
-4.0,-4.0,-1.1
-4.0,-4.0,-1.1
-4.0,-4.0,-1.1
-4.0,-4.0,-1.1
-4.0,-4.0,-1.1
-4.0,-4.0,-1.1
-4.0,-4.0,-1.1
-4.0,-4.0,-1.1
-4.0,-4.0,-1.1
-4.0,-4.0,-1.1
-4.0,-4.0,-1.1
-4.0,-4.0,-1.1
-4.0,-4.0,-1.1
-4.0,-4.0,-1.1
-4.0,-4.0,-1.1
-4.0,-4.0,-1.1
-4.0,-4.0,-1.1
-4.0,-4.0,-1.1
-4.0,-4.0,-1.1
-4.0,-4.0,-1.1
-4.0,-4.0,-1.1
-4.0,-4.0,-1.1
-4.0,-4.0,-1.1
-4.0,-4.0,-1.1
-4.0,-4.0,-1.1
-4.0,-4.0,-1.1
-4.0,-4.0,-1.1
-4.0,-4.0,-1.1
-4.0,-4.0,-1.1
-4.0,-4.0,-1.1
-4.0,-4.0,-1.1
-4.0,-4.0,-1.1
-4.0,-4.0,-1.1
-4.0,-4.0,-1.1
-4.0,-4.0,-1.1
-4.0,-4.0,-1.1
-4.0,-4.0,-1.1
-4.0,-4.0,-1.1
-4.0,-4.0,-1.1
-4.0,-4.0,-1.1
-4.0,-4.0,-1.1
-4.0,-4.0,-1.1
-4.0,-4.0,-1.1
-4.0,-4.0,-1.1
-4.0,-4.0,-1.1
-4.0,-4.0,-1.1
-4.0,-4.0,-1.1
-4.0,-4.0,-1.1
-4.0,-4.0,-1.1
-4.0,-4.0,-1.1
-4.0,-4.0,-1.1
-4.0,-4.0,-1.1
-4.0,-4.0,-1.1
-4.0,-4.0,-1.1
-4.0,-4.0,-1.1
-4.0,-4.0,-1.1
-4.0,-4.0,-1.1
-4.0,-4.0,-1.1
-4.0,-4.0,-1.1
-4.0,-4.0,-1.1
-4.0,-4.0,-1.1
-4.0,-4.0,-1.1
-4.0,-4.0,-1.1
-4.0,-4.0,-1.1
-4.0,-4.0,-1.1
-4.0,-4.0,-1.1
-4.0,-4.0,-1.1
-4.0,-4.0,-1.1
-4.0,-4.0,-1.1
-4.0,-4.0,-1.1
-4.0,-4.0,-1.1
-4.0,-4.0,-1.1
-4.0,-4.0,-1.1
-4.0,-4.0,-1.1
-4.0,-4.0,-1.1
-4.0,-4.0,-1.1
-4.0,-4.0,-1.1
-4.0,-4.0,-1.1
-4.0,-4.0,-1.1
-4.0,-4.0,-1.1
-4.0,-4.0,-1.1
-4.0,-4.0,-1.1
-4.0,-4.0,-1.1
-4.0,-4.0,-1.1
-4.0,-4.0,-1.1
-4.0,-4.0,-1.1
-4.0,-4.0,-1.1
-4.0,-4.0,-1.1
-4.0,-4.0,-1.1
-4.0,-4.0,-1.1
-4.0,-4.0,-1.1
-4.0,-4.0,-1.1
-4.0,-4.0,-1.1
-4.0,-4.0,-1.1
-4.0,-4.0,-1.1
-4.0,-4.0,-1.1
-4.0,-4.0,-1.1
-4.0,-4.0,-1.1
-4.0,-4.0,-1.1
-4.0,-4.0,-1.1
-4.0,-4.0,-1.1
-4.0,-4.0,-1.1
-4.0,-4.0,-1.1
-4.0,-4.0,-1.1
-4.0,-4.0,-1.1
-4.0,-4.0,-1.1
-4.0,-4.0,-1.1
-4.0,-4.0,-1.1
-4.0,-4.0,-1.1
-4.0,-4.0,-1.1
-4.0,-4.0,-1.1
-4.0,-4.0,-1.1
-4.0,-4.0,-1.1
-4.0,-4.0,-1.1
-4.0,-4.0,-1.1
-4.0,-4.0,-1.1
-4.0,-4.0,-1.1
-4.0,-4.0,-1.1
-4.0,-4.0,-1.1
-4.0,-4.0,-1.1
-4.0,-4.0,-1.1
-4.0,-4.0,-1.1
-4.0,-4.0,-1.1
-4.0,-4.0,-1.1
-4.0,-4.0,-1.1
-4.0,-4.0,-1.1
-4.0,-4.0,-1.1
-4.0,-4.0,-1.1
-4.0,-4.0,-1.1
-4.0,-4.0,-1.1
-4.0,-4.0,-1.1
-4.0,-4.0,-1.1
-4.0,-4.0,-1.1
-4.0,-4.0,-1.1
-4.0,-4.0,-1.1
-4.0,-4.0,-1.1
-4.0,-4.0,-1.1
-4.0,-4.0,-1.1
-4.0,-4.0,-1.1
-4.0,-4.0,-1.1
-4.0,-4.0,-1.1
-4.0,-4.0,-1.1
-4.0,-4.0,-1.1
-4.0,-4.0,-1.1
-4.0,-4.0,-1.1
-4.0,-4.0,-1.1
-4.0,-4.0,-1.1
-4.0,-4.0,-1.1
-4.0,-4.0,-1.1
-4.0,-4.0,-1.1
-4.0,-4.0,-1.1
-4.0,-4.0,-1.1
-4.0,-4.0,-1.1
-4.0,-4.0,-1.1
-4.0,-4.0,-1.1
-4.0,-4.0,-1.1
-4.0,-4.0,-1.1
-4.0,-4.0,-1.1
-4.0,-4.0,-1.1
-4.0,-4.0,-1.1
-4.0,-4.0,-1.1
-4.0,-4.0,-1.1
-4.0,-4.0,-1.1
-4.0,-4.0,-1.1
-4.0,-4.0,-1.1
-4.0,-4.0,-1.1
-4.0,-4.0,-1.1
-4.0,-4.0,-1.1
-4.0,-4.0,-1.1
-4.0,-4.0,-1.1
-4.0,-4.0,-1.1
-4.0,-4.0,-1.1
-4.0,-4.0,-1.1
-4.0,-4.0,-1.1
-4.0,-4.0,-1.1
-4.0,-4.0,-1.1
-4.0,-4.0,-1.1
-4.0,-4.0,-1.1
-4.0,-4.0,-1.1
-4.0,-4.0,-1.1
-4.0,-4.0,-1.1
-4.0,-4.0,-1.1
-4.0,-4.0,-1.1
-4.0,-4.0,-1.1
-4.0,-4.0,-1.1
-4.0,-4.0,-1.1
-4.0,-4.0,-1.1
-4.0,-4.0,-1.1
-4.0,-4.0,-1.1
-4.0,-4.0,-1.1
-4.0,-4.0,-1.1
-4.0,-4.0,-1.1
-4.0,-4.0,-1.1
-4.0,-4.0,-1.1
-4.0,-4.0,-1.1
-4.0,-4.0,-1.1
-4.0,-4.0,-1.1
-4.0,-4.0,-1.1
-4.0,-4.0,-1.1
-4.0,-4.0,-1.1
-4.0,-4.0,-1.1
-4.0,-4.0,-1.1
-4.0,-4.0,-1.1
-4.0,-4.0,-1.1
-4.0,-4.0,-1.1
-4.0,-4.0,-1.1
-4.0,-4.0,-1.1
-4.0,-4.0,-1.1
-4.0,-4.0,-1.1
-4.0,-4.0,-1.1
-4.0,-4.0,-1.1
-4.0,-4.0,-1.1
-4.0,-4.0,-1.1
-4.0,-4.0,-1.1
-4.0,-4.0,-1.1
-4.0,-4.0,-1.1
-4.0,-4.0,-1.1
-4.0,-4.0,-1.1
-4.0,-4.0,-1.1
-4.0,-4.0,-1.1
-4.0,-4.0,-1.1
-4.0,-4.0,-1.1
-4.0,-4.0,-1.1
-4.0,-4.0,-1.1
-4.0,-4.0,-1.1
-4.0,-4.0,-1.1
-4.0,-4.0,-1.1
-4.0,-4.0,-1.1
-4.0,-4.0,-1.1
-4.0,-4.0,-1.1
-4.0,-4.0,-1.1
-4.0,-4.0,-1.1
-4.0,-4.0,-1.1
-4.0,-4.0,-1.1
-4.0,-4.0,-1.1
-4.0,-4.0,-1.1
-4.0,-4.0,-1.1
-4.0,-4.0,-1.1
-4.0,-4.0,-1.1
-4.0,-4.0,-1.1
-4.0,-4.0,-1.1
-4.0,-4.0,-1.1
-4.0,-4.0,-1.1
-4.0,-4.0,-1.1
-4.0,-4.0,-1.1
-4.0,-4.0,-1.1
-4.0,-4.0,-1.1
-4.0,-4.0,-1.1
-4.0,-4.0,-1.1
-4.0,-4.0,-1.1
-4.0,-4.0,-1.1
-4.0,-4.0,-1.1
-4.0,-4.0,-1.1
-4.0,-4.0,-1.1
-4.0,-4.0,-1.1
-4.0,-4.0,-1.1
-4.0,-4.0,-1.1
-4.0,-4.0,-1.1
-4.0,-4.0,-1.1
-4.0,-4.0,-1.1
-4.0,-4.0,-1.1
-4.0,-4.0,-1.1
-4.0,-4.0,-1.1
-4.0,-4.0,-1.1
-4.0,-4.0,-1.1
-4.0,-4.0,-1.1
-4.0,-4.0,-1.1
-4.0,-4.0,-1.1
-4.0,-4.0,-1.1
-4.0,-4.0,-1.1
-4.0,-4.0,-1.1
-4.0,-4.0,-1.1
-4.0,-4.0,-1.1
-4.0,-4.0,-1.1
-4.0,-4.0,-1.1
-4.0,-4.0,-1.1
-4.0,-4.0,-1.1
-4.0,-4.0,-1.1
-4.0,-4.0,-1.1
-4.0,-4.0,-1.1
-4.0,-4.0,-1.1
-4.0,-4.0,-1.1
-4.0,-4.0,-1.1
-4.0,-4.0,-1.1
-4.0,-4.0,-1.1
-4.0,-4.0,-1.1
-4.0,-4.0,-1.1
-4.0,-4.0,-1.1
-4.0,-4.0,-1.1
-4.0,-4.0,-1.1
-4.0,-4.0,-1.1
-4.0,-4.0,-1.1
-4.0,-4.0,-1.1
-4.0,-4.0,-1.1
-4.0,-4.0,-1.1
-4.0,-4.0,-1.1
-4.0,-4.0,-1.1
-4.0,-4.0,-1.1
-4.0,-4.0,-1.1
-4.0,-4.0,-1.1
-4.0,-4.0,-1.1
-4.0,-4.0,-1.1
-4.0,-4.0,-1.1
-4.0,-4.0,-1.1
-4.0,-4.0,-1.1
-4.0,-4.0,-1.1
-4.0,-4.0,-1.1
-4.0,-4.0,-1.1
-4.0,-4.0,-1.1
-4.0,-4.0,-1.1
-4.0,-4.0,-1.1
-4.0,-4.0,-1.1
-4.0,-4.0,-1.1
-4.0,-4.0,-1.1
-4.0,-4.0,-1.1
-4.0,-4.0,-1.1
-4.0,-4.0,-1.1
-4.0,-4.0,-1.1
-4.0,-4.0,-1.1
-4.0,-4.0,-1.1
-4.0,-4.0,-1.1
-4.0,-4.0,-1.1
-4.0,-4.0,-1.1
-4.0,-4.0,-1.1
-4.0,-4.0,-1.1
-4.0,-4.0,-1.1
-4.0,-4.0,-1.1
-4.0,-4.0,-1.1
-4.0,-4.0,-1.1
-4.0,-4.0,-1.1
-4.0,-4.0,-1.1
-4.0,-4.0,-1.1
-4.0,-4.0,-1.1
-4.0,-4.0,-1.1
-4.0,-4.0,-1.1
-4.0,-4.0,-1.1
-4.0,-4.0,-1.1
-4.0,-4.0,-1.1
-4.0,-4.0,-1.1
-4.0,-4.0,-1.1
-4.0,-4.0,-1.1
-4.0,-4.0,-1.1
-4.0,-4.0,-1.1
-4.0,-4.0,-1.1
-4.0,-4.0,-1.1
-4.0,-4.0,-1.1
-4.0,-4.0,-1.1
-4.0,-4.0,-1.1
-4.0,-4.0,-1.1
-4.0,-4.0,-1.1
-4.0,-4.0,-1.1
-4.0,-4.0,-1.1
-4.0,-4.0,-1.1
-4.0,-4.0,-1.1
-4.0,-4.0,-1.1
-4.0,-4.0,-1.1
-4.0,-4.0,-1.1
-4.0,-4.0,-1.1
-4.0,-4.0,-1.1
-4.0,-4.0,-1.1
-4.0,-4.0,-1.1
-4.0,-4.0,-1.1
-4.0,-4.0,-1.1
-4.0,-4.0,-1.1
-4.0,-4.0,-1.1
-4.0,-4.0,-1.1
-4.0,-4.0,-1.1
-4.0,-4.0,-1.1
-4.0,-4.0,-1.1
-4.0,-4.0,-1.1
-4.0,-4.0,-1.1
-4.0,-4.0,-1.1
-4.0,-4.0,-1.1
-4.0,-4.0,-1.1
-4.0,-4.0,-1.1
-4.0,-4.0,-1.1
-4.0,-4.0,-1.1
-4.0,-4.0,-1.1
-4.0,-4.0,-1.1
-4.0,-4.0,-1.1
-4.0,-4.0,-1.1
-4.0,-4.0,-1.1
-4.0,-4.0,-1.1
-4.0,-4.0,-1.1
-4.0,-4.0,-1.1
-4.0,-4.0,-1.1
-4.0,-4.0,-1.1
-4.0,-4.0,-1.1
-4.0,-4.0,-1.1
-4.0,-4.0,-1.1
-4.0,-4.0,-1.1
-4.0,-4.0,-1.1
-4.0,-4.0,-1.1
-4.0,-4.0,-1.1
-4.0,-4.0,-1.1
-4.0,-4.0,-1.1
-4.0,-4.0,-1.1
-4.0,-4.0,-1.1
-4.0,-4.0,-1.1
-4.0,-4.0,-1.1
-4.0,-4.0,-1.1
-4.0,-4.0,-1.1
-4.0,-4.0,-1.1
-4.0,-4.0,-1.1
-4.0,-4.0,-1.1
-4.0,-4.0,-1.1
-4.0,-4.0,-1.1
-4.0,-4.0,-1.1
-4.0,-4.0,-1.1
-4.0,-4.0,-1.1
-4.0,-4.0,-1.1
-4.0,-4.0,-1.1
-4.0,-4.0,-1.1
-4.0,-4.0,-1.1
-4.0,-4.0,-1.1
-4.0,-4.0,-1.1
-4.0,-4.0,-1.1
-4.0,-4.0,-1.1
-4.0,-4.0,-1.1
-4.0,-4.0,-1.1
-4.0,-4.0,-1.1
-4.0,-4.0,-1.1
-4.0,-4.0,-1.1
-4.0,-4.0,-1.1
-4.0,-4.0,-1.1
-4.0,-4.0,-1.1
-4.0,-4.0,-1.1
-4.0,-4.0,-1.1
-4.0,-4.0,-1.1
-4.0,-4.0,-1.1
-4.0,-4.0,-1.1
-4.0,-4.0,-1.1
-4.0,-4.0,-1.1
-4.0,-4.0,-1.1
-4.0,-4.0,-1.1
-4.0,-4.0,-1.1
-4.0,-4.0,-1.1
-4.0,-4.0,-1.1
-4.0,-4.0,-1.1
-4.0,-4.0,-1.1
-4.0,-4.0,-1.1
-4.0,-4.0,-1.1
-4.0,-4.0,-1.1
-4.0,-4.0,-1.1
-4.0,-4.0,-1.1
-4.0,-4.0,-1.1
-4.0,-4.0,-1.1
-4.0,-4.0,-1.1
-4.0,-4.0,-1.1
-4.0,-4.0,-1.1
-4.0,-4.0,-1.1
-4.0,-4.0,-1.1
-4.0,-4.0,-1.1
-4.0,-4.0,-1.1
-4.0,-4.0,-1.1
-4.0,-4.0,-1.1
-4.0,-4.0,-1.1
-4.0,-4.0,-1.1
-4.0,-4.0,-1.1
-4.0,-4.0,-1.1
-4.0,-4.0,-1.1
-4.0,-4.0,-1.1
-4.0,-4.0,-1.1
-4.0,-4.0,-1.1
-4.0,-4.0,-1.1
-4.0,-4.0,-1.1
-4.0,-4.0,-1.1
-4.0,-4.0,-1.1
-4.0,-4.0,-1.1
-4.0,-4.0,-1.1
-4.0,-4.0,-1.1
-4.0,-4.0,-1.1
-4.0,-4.0,-1.1
-4.0,-4.0,-1.1
-4.0,-4.0,-1.1
-4.0,-4.0,-1.1
-4.0,-4.0,-1.1
-4.0,-4.0,-1.1
-4.0,-4.0,-1.1
-4.0,-4.0,-1.1
-4.0,-4.0,-1.1
-4.0,-4.0,-1.1
-4.0,-4.0,-1.1
-4.0,-4.0,-1.1
-4.0,-4.0,-1.1
-4.0,-4.0,-1.1
-4.0,-4.0,-1.1
-4.0,-4.0,-1.1
-4.0,-4.0,-1.1
-4.0,-4.0,-1.1
-4.0,-4.0,-1.1
-4.0,-4.0,-1.1
-4.0,-4.0,-1.1
-4.0,-4.0,-1.1
-4.0,-4.0,-1.1
-4.0,-4.0,-1.1
-4.0,-4.0,-1.1
-4.0,-4.0,-1.1
-4.0,-4.0,-1.1
-4.0,-4.0,-1.1
-4.0,-4.0,-1.1
-4.0,-4.0,-1.1
-4.0,-4.0,-1.1
-4.0,-4.0,-1.1
-4.0,-4.0,-1.1
-4.0,-4.0,-1.1
-4.0,-4.0,-1.1
-4.0,-4.0,-1.1
-4.0,-4.0,-1.1
-4.0,-4.0,-1.1
-4.0,-4.0,-1.1
-4.0,-4.0,-1.1
-4.0,-4.0,-1.1
-4.0,-4.0,-1.1
-4.0,-4.0,-1.1
-4.0,-4.0,-1.1
-4.0,-4.0,-1.1
-4.0,-4.0,-1.1
-4.0,-4.0,-1.1
-4.0,-4.0,-1.1
-4.0,-4.0,-1.1
-4.0,-4.0,-1.1
-4.0,-4.0,-1.1
-4.0,-4.0,-1.1
-4.0,-4.0,-1.1
-4.0,-4.0,-1.1
-4.0,-4.0,-1.1
-4.0,-4.0,-1.1
-4.0,-4.0,-1.1
-4.0,-4.0,-1.1
-4.0,-4.0,-1.1
-4.0,-4.0,-1.1
-4.0,-4.0,-1.1
-4.0,-4.0,-1.1
-4.0,-4.0,-1.1
-4.0,-4.0,-1.1
-4.0,-4.0,-1.1
-4.0,-4.0,-1.1
-4.0,-4.0,-1.1
-4.0,-4.0,-1.1
-4.0,-4.0,-1.1
-4.0,-4.0,-1.1
-4.0,-4.0,-1.1
-4.0,-4.0,-1.1
-4.0,-4.0,-1.1
-4.0,-4.0,-1.1
-4.0,-4.0,-1.1
-4.0,-4.0,-1.1
-4.0,-4.0,-1.1
-4.0,-4.0,-1.1
-4.0,-4.0,-1.1
-4.0,-4.0,-1.1
-4.0,-4.0,-1.1
-4.0,-4.0,-1.1
-4.0,-4.0,-1.1
-4.0,-4.0,-1.1
-4.0,-4.0,-1.1
-4.0,-4.0,-1.1
-4.0,-4.0,-1.1
-4.0,-4.0,-1.1
-4.0,-4.0,-1.1
-4.0,-4.0,-1.1
-4.0,-4.0,-1.1
-4.0,-4.0,-1.1
-4.0,-4.0,-1.1
-4.0,-4.0,-1.1
-4.0,-4.0,-1.1
-4.0,-4.0,-1.1
-4.0,-4.0,-1.1
-4.0,-4.0,-1.1
-4.0,-4.0,-1.1
-4.0,-4.0,-1.1
-4.0,-4.0,-1.1
-4.0,-4.0,-1.1
-4.0,-4.0,-1.1
-4.0,-4.0,-1.1
-4.0,-4.0,-1.1
-4.0,-4.0,-1.1
-4.0,-4.0,-1.1
-4.0,-4.0,-1.1
-4.0,-4.0,-1.1
-4.0,-4.0,-1.1
-4.0,-4.0,-1.1
-4.0,-4.0,-1.1
-4.0,-4.0,-1.1
-4.0,-4.0,-1.1
-4.0,-4.0,-1.1
-4.0,-4.0,-1.1
-4.0,-4.0,-1.1
-4.0,-4.0,-1.1
-4.0,-4.0,-1.1
-4.0,-4.0,-1.1
-4.0,-4.0,-1.1
-4.0,-4.0,-1.1
-4.0,-4.0,-1.1
-4.0,-4.0,-1.1
-4.0,-4.0,-1.1
-4.0,-4.0,-1.1
-4.0,-4.0,-1.1
-4.0,-4.0,-1.1
-4.0,-4.0,-1.1
-4.0,-4.0,-1.1
-4.0,-4.0,-1.1
-4.0,-4.0,-1.1
-4.0,-4.0,-1.1
-4.0,-4.0,-1.1
-4.0,-4.0,-1.1
-4.0,-4.0,-1.1
-4.0,-4.0,-1.1
-4.0,-4.0,-1.1
-4.0,-4.0,-1.1
-4.0,-4.0,-1.1
-4.0,-4.0,-1.1
-4.0,-4.0,-1.1
-4.0,-4.0,-1.1
-4.0,-4.0,-1.1
-4.0,-4.0,-1.1
-4.0,-4.0,-1.1
-4.0,-4.0,-1.1
-4.0,-4.0,-1.1
-4.0,-4.0,-1.1
-4.0,-4.0,-1.1
-4.0,-4.0,-1.1
-4.0,-4.0,-1.1
-4.0,-4.0,-1.1
-4.0,-4.0,-1.1
-4.0,-4.0,-1.1
-4.0,-4.0,-1.1
-4.0,-4.0,-1.1
-4.0,-4.0,-1.1
-4.0,-4.0,-1.1
-4.0,-4.0,-1.1
-4.0,-4.0,-1.1
-4.0,-4.0,-1.1
-4.0,-4.0,-1.1
-4.0,-4.0,-1.1
-4.0,-4.0,-1.1
-4.0,-4.0,-1.1
-4.0,-4.0,-1.1
-4.0,-4.0,-1.1
-4.0,-4.0,-1.1
-4.0,-4.0,-1.1
-4.0,-4.0,-1.1
-4.0,-4.0,-1.1
-4.0,-4.0,-1.1
-4.0,-4.0,-1.1
-4.0,-4.0,-1.1
-4.0,-4.0,-1.1
-4.0,-4.0,-1.1
-4.0,-4.0,-1.1
-4.0,-4.0,-1.1
-4.0,-4.0,-1.1
-4.0,-4.0,-1.1
-4.0,-4.0,-1.1
-4.0,-4.0,-1.1
-4.0,-4.0,-1.1
-4.0,-4.0,-1.1
-4.0,-4.0,-1.1
-4.0,-4.0,-1.1
-4.0,-4.0,-1.1
-4.0,-4.0,-1.1
-4.0,-4.0,-1.1
-4.0,-4.0,-1.1
-4.0,-4.0,-1.1
-4.0,-4.0,-1.1
-4.0,-4.0,-1.1
-4.0,-4.0,-1.1
-4.0,-4.0,-1.1
-4.0,-4.0,-1.1
-4.0,-4.0,-1.1
-4.0,-4.0,-1.1
-4.0,-4.0,-1.1
-4.0,-4.0,-1.1
-4.0,-4.0,-1.1
-4.0,-4.0,-1.1
-4.0,-4.0,-1.1
-4.0,-4.0,-1.1
-4.0,-4.0,-1.1
-4.0,-4.0,-1.1
-4.0,-4.0,-1.1
-4.0,-4.0,-1.1
-4.0,-4.0,-1.1
-4.0,-4.0,-1.1
-4.0,-4.0,-1.1
-4.0,-4.0,-1.1
-4.0,-4.0,-1.1
-4.0,-4.0,-1.1
-4.0,-4.0,-1.1
-4.0,-4.0,-1.1
-4.0,-4.0,-1.1
-4.0,-4.0,-1.1
-4.0,-4.0,-1.1
-4.0,-4.0,-1.1
-4.0,-4.0,-1.1
-4.0,-4.0,-1.1
-4.0,-4.0,-1.1
-4.0,-4.0,-1.1
-4.0,-4.0,-1.1
-4.0,-4.0,-1.1
-4.0,-4.0,-1.1
-4.0,-4.0,-1.1
-4.0,-4.0,-1.1
-4.0,-4.0,-1.1
-4.0,-4.0,-1.1
-4.0,-4.0,-1.1
-4.0,-4.0,-1.1
-4.0,-4.0,-1.1
-4.0,-4.0,-1.1
-4.0,-4.0,-1.1
-4.0,-4.0,-1.1
-4.0,-4.0,-1.1
-4.0,-4.0,-1.1
-4.0,-4.0,-1.1
-4.0,-4.0,-1.1
-4.0,-4.0,-1.1
-4.0,-4.0,-1.1
-4.0,-4.0,-1.1
-4.0,-4.0,-1.1
-4.0,-4.0,-1.1
-4.0,-4.0,-1.1
-4.0,-4.0,-1.1
-4.0,-4.0,-1.1
-4.0,-4.0,-1.1
-4.0,-4.0,-1.1
-4.0,-4.0,-1.1
-4.0,-4.0,-1.1
-4.0,-4.0,-1.1
-4.0,-4.0,-1.1
-4.0,-4.0,-1.1
-4.0,-4.0,-1.1
-4.0,-4.0,-1.1
-4.0,-4.0,-1.1
-4.0,-4.0,-1.1
-4.0,-4.0,-1.1
-4.0,-4.0,-1.1
-4.0,-4.0,-1.1
-4.0,-4.0,-1.1
-4.0,-4.0,-1.1
-4.0,-4.0,-1.1
-4.0,-4.0,-1.1
-4.0,-4.0,-1.1
-4.0,-4.0,-1.1
-4.0,-4.0,-1.1
-4.0,-4.0,-1.1
-4.0,-4.0,-1.1
-4.0,-4.0,-1.1
-4.0,-4.0,-1.1
-4.0,-4.0,-1.1
-4.0,-4.0,-1.1
-4.0,-4.0,-1.1
-4.0,-4.0,-1.1
-4.0,-4.0,-1.1
-4.0,-4.0,-1.1
-4.0,-4.0,-1.1
-4.0,-4.0,-1.1
-4.0,-4.0,-1.1
-4.0,-4.0,-1.1
-4.0,-4.0,-1.1
-4.0,-4.0,-1.1
-4.0,-4.0,-1.1
-4.0,-4.0,-1.1
-4.0,-4.0,-1.1
-4.0,-4.0,-1.1
-4.0,-4.0,-1.1
-4.0,-4.0,-1.1
-4.0,-4.0,-1.1
-4.0,-4.0,-1.1
-4.0,-4.0,-1.1
-4.0,-4.0,-1.1
-4.0,-4.0,-1.1
-4.0,-4.0,-1.1
-4.0,-4.0,-1.1
-4.0,-4.0,-1.1
-4.0,-4.0,-1.1
-4.0,-4.0,-1.1
-4.0,-4.0,-1.1
-4.0,-4.0,-1.1
-4.0,-4.0,-1.1
-4.0,-4.0,-1.1
-4.0,-4.0,-1.1
-4.0,-4.0,-1.1
-4.0,-4.0,-1.1
-4.0,-4.0,-1.1
-4.0,-4.0,-1.1
-4.0,-4.0,-1.1
-4.0,-4.0,-1.1
-4.0,-4.0,-1.1
-4.0,-4.0,-1.1
-4.0,-4.0,-1.1
-4.0,-4.0,-1.1
-4.0,-4.0,-1.1
-4.0,-4.0,-1.1
-4.0,-4.0,-1.1
-4.0,-4.0,-1.1
-4.0,-4.0,-1.1
-4.0,-4.0,-1.1
-4.0,-4.0,-1.1
-4.0,-4.0,-1.1
-4.0,-4.0,-1.1
-4.0,-4.0,-1.1
-4.0,-4.0,-1.1
-4.0,-4.0,-1.1
-4.0,-4.0,-1.1
-4.0,-4.0,-1.1
-4.0,-4.0,-1.1
-4.0,-4.0,-1.1
-4.0,-4.0,-1.1
-4.0,-4.0,-1.1
-4.0,-4.0,-1.1
-4.0,-4.0,-1.1
-4.0,-4.0,-1.1
-4.0,-4.0,-1.1
-4.0,-4.0,-1.1
-4.0,-4.0,-1.1
-4.0,-4.0,-1.1
-4.0,-4.0,-1.1
-4.0,-4.0,-1.1
-4.0,-4.0,-1.1
-4.0,-4.0,-1.1
-4.0,-4.0,-1.1
-4.0,-4.0,-1.1
-4.0,-4.0,-1.1
-4.0,-4.0,-1.1
-4.0,-4.0,-1.1
-4.0,-4.0,-1.1
-4.0,-4.0,-1.1
-4.0,-4.0,-1.1
-4.0,-4.0,-1.1
-4.0,-4.0,-1.1
-4.0,-4.0,-1.1
-4.0,-4.0,-1.1
-4.0,-4.0,-1.1
-4.0,-4.0,-1.1
-4.0,-4.0,-1.1
-4.0,-4.0,-1.1
-4.0,-4.0,-1.1
-4.0,-4.0,-1.1
-4.0,-4.0,-1.1
-4.0,-4.0,-1.1
-4.0,-4.0,-1.1
-4.0,-4.0,-1.1
-4.0,-4.0,-1.1
-4.0,-4.0,-1.1
-4.0,-4.0,-1.1
-4.0,-4.0,-1.1
-4.0,-4.0,-1.1
-4.0,-4.0,-1.1
-4.0,-4.0,-1.1
-4.0,-4.0,-1.1
-4.0,-4.0,-1.1
-4.0,-4.0,-1.1
-4.0,-4.0,-1.1
-4.0,-4.0,-1.1
-4.0,-4.0,-1.1
-4.0,-4.0,-1.1
-4.0,-4.0,-1.1
-4.0,-4.0,-1.1
-4.0,-4.0,-1.1
-4.0,-4.0,-1.1
-4.0,-4.0,-1.1
-4.0,-4.0,-1.1
-4.0,-4.0,-1.1
-4.0,-4.0,-1.1
-4.0,-4.0,-1.1
-4.0,-4.0,-1.1
-4.0,-4.0,-1.1
-4.0,-4.0,-1.1
-4.0,-4.0,-1.1
-4.0,-4.0,-1.1
-4.0,-4.0,-1.1
-4.0,-4.0,-1.1
-4.0,-4.0,-1.1
-4.0,-4.0,-1.1
-4.0,-4.0,-1.1
-4.0,-4.0,-1.1
-4.0,-4.0,-1.1
-4.0,-4.0,-1.1
-4.0,-4.0,-1.1
-4.0,-4.0,-1.1
-4.0,-4.0,-1.1
-4.0,-4.0,-1.1
-4.0,-4.0,-1.1
-4.0,-4.0,-1.1
-4.0,-4.0,-1.1
-4.0,-4.0,-1.1
-4.0,-4.0,-1.1
-4.0,-4.0,-1.1
-4.0,-4.0,-1.1
-4.0,-4.0,-1.1
-4.0,-4.0,-1.1
-4.0,-4.0,-1.1
-4.0,-4.0,-1.1
-4.0,-4.0,-1.1
-4.0,-4.0,-1.1
-4.0,-4.0,-1.1
-4.0,-4.0,-1.1
-4.0,-4.0,-1.1
-4.0,-4.0,-1.1
-4.0,-4.0,-1.1
-4.0,-4.0,-1.1
-4.0,-4.0,-1.1
-4.0,-4.0,-1.1
-4.0,-4.0,-1.1
-4.0,-4.0,-1.1
-4.0,-4.0,-1.1
-4.0,-4.0,-1.1
-4.0,-4.0,-1.1
-4.0,-4.0,-1.1
-4.0,-4.0,-1.1
-4.0,-4.0,-1.1
-4.0,-4.0,-1.1
-4.0,-4.0,-1.1
-4.0,-4.0,-1.1
-4.0,-4.0,-1.1
-4.0,-4.0,-1.1
-4.0,-4.0,-1.1
-4.0,-4.0,-1.1
-4.0,-4.0,-1.1
-4.0,-4.0,-1.1
-4.0,-4.0,-1.1
-4.0,-4.0,-1.1
-4.0,-4.0,-1.1
-4.0,-4.0,-1.1
-4.0,-4.0,-1.1
-4.0,-4.0,-1.1
-4.0,-4.0,-1.1
-4.0,-4.0,-1.1
-4.0,-4.0,-1.1
-4.0,-4.0,-1.1
-4.0,-4.0,-1.1
-4.0,-4.0,-1.1
-4.0,-4.0,-1.1
-4.0,-4.0,-1.1
-4.0,-4.0,-1.1
-4.0,-4.0,-1.1
-4.0,-4.0,-1.1
-4.0,-4.0,-1.1
-4.0,-4.0,-1.1
-4.0,-4.0,-1.1
-4.0,-4.0,-1.1
-4.0,-4.0,-1.1
-4.0,-4.0,-1.1
-4.0,-4.0,-1.1
-4.0,-4.0,-1.1
-4.0,-4.0,-1.1
-4.0,-4.0,-1.1
-4.0,-4.0,-1.1
-4.0,-4.0,-1.1
-4.0,-4.0,-1.1
-4.0,-4.0,-1.1
-4.0,-4.0,-1.1
-4.0,-4.0,-1.1
-4.0,-4.0,-1.1
-4.0,-4.0,-1.1
-4.0,-4.0,-1.1
-4.0,-4.0,-1.1
-4.0,-4.0,-1.1
-4.0,-4.0,-1.1
-4.0,-4.0,-1.1
-4.0,-4.0,-1.1
-4.0,-4.0,-1.1
-4.0,-4.0,-1.1
-4.0,-4.0,-1.1
-4.0,-4.0,-1.1
-4.0,-4.0,-1.1
-4.0,-4.0,-1.1
-4.0,-4.0,-1.1
-4.0,-4.0,-1.1
-4.0,-4.0,-1.1
-4.0,-4.0,-1.1
-4.0,-4.0,-1.1
-4.0,-4.0,-1.1
-4.0,-4.0,-1.1
-4.0,-4.0,-1.1
-4.0,-4.0,-1.1
-4.0,-4.0,-1.1
-4.0,-4.0,-1.1
-4.0,-4.0,-1.1
-4.0,-4.0,-1.1
-4.0,-4.0,-1.1
-4.0,-4.0,-1.1
-4.0,-4.0,-1.1
-4.0,-4.0,-1.1
-4.0,-4.0,-1.1
-4.0,-4.0,-1.1
-4.0,-4.0,-1.1
-4.0,-4.0,-1.1
-4.0,-4.0,-1.1
-4.0,-4.0,-1.1
-4.0,-4.0,-1.1
-4.0,-4.0,-1.1
-4.0,-4.0,-1.1
-4.0,-4.0,-1.1
-4.0,-4.0,-1.1
-4.0,-4.0,-1.1
-4.0,-4.0,-1.1
-4.0,-4.0,-1.1
-4.0,-4.0,-1.1
-4.0,-4.0,-1.1
-4.0,-4.0,-1.1
-4.0,-4.0,-1.1
-4.0,-4.0,-1.1
-4.0,-4.0,-1.1
-4.0,-4.0,-1.1
-4.0,-4.0,-1.1
-4.0,-4.0,-1.1
-4.0,-4.0,-1.1
-4.0,-4.0,-1.1
-4.0,-4.0,-1.1
-4.0,-4.0,-1.1
-4.0,-4.0,-1.1
-4.0,-4.0,-1.1
-4.0,-4.0,-1.1
-4.0,-4.0,-1.1
-4.0,-4.0,-1.1
-4.0,-4.0,-1.1
-4.0,-4.0,-1.1
-4.0,-4.0,-1.1
-4.0,-4.0,-1.1
-4.0,-4.0,-1.1
-4.0,-4.0,-1.1
-4.0,-4.0,-1.1
-4.0,-4.0,-1.1
-4.0,-4.0,-1.1
-4.0,-4.0,-1.1
-4.0,-4.0,-1.1
-4.0,-4.0,-1.1
-4.0,-4.0,-1.1
-4.0,-4.0,-1.1
-4.0,-4.0,-1.1
-4.0,-4.0,-1.1
-4.0,-4.0,-1.1
-4.0,-4.0,-1.1
-4.0,-4.0,-1.1
-4.0,-4.0,-1.1
-4.0,-4.0,-1.1
-4.0,-4.0,-1.1
-4.0,-4.0,-1.1
-4.0,-4.0,-1.1
-4.0,-4.0,-1.1
-4.0,-4.0,-1.1
-4.0,-4.0,-1.1
-4.0,-4.0,-1.1
-4.0,-4.0,-1.1
-4.0,-4.0,-1.1
-4.0,-4.0,-1.1
-4.0,-4.0,-1.1
-4.0,-4.0,-1.1
-4.0,-4.0,-1.1
-4.0,-4.0,-1.1
-4.0,-4.0,-1.1
-4.0,-4.0,-1.1
-4.0,-4.0,-1.1
-4.0,-4.0,-1.1
-4.0,-4.0,-1.1
-4.0,-4.0,-1.1
-4.0,-4.0,-1.1
-4.0,-4.0,-1.1
-4.0,-4.0,-1.1
-4.0,-4.0,-1.1
-4.0,-4.0,-1.1
-4.0,-4.0,-1.1
-4.0,-4.0,-1.1
-4.0,-4.0,-1.1
-4.0,-4.0,-1.1
-4.0,-4.0,-1.1
-4.0,-4.0,-1.1
-4.0,-4.0,-1.1
-4.0,-4.0,-1.1
-4.0,-4.0,-1.1
-4.0,-4.0,-1.1
-4.0,-4.0,-1.1
-4.0,-4.0,-1.1
-4.0,-4.0,-1.1
-4.0,-4.0,-1.1
-4.0,-4.0,-1.1
-4.0,-4.0,-1.1
-4.0,-4.0,-1.1
-4.0,-4.0,-1.1
-4.0,-4.0,-1.1
-4.0,-4.0,-1.1
-4.0,-4.0,-1.1
-4.0,-4.0,-1.1
-4.0,-4.0,-1.1
-4.0,-4.0,-1.1
-4.0,-4.0,-1.1
-4.0,-4.0,-1.1
-4.0,-4.0,-1.1
-4.0,-4.0,-1.1
-4.0,-4.0,-1.1
-4.0,-4.0,-1.1
-4.0,-4.0,-1.1
-4.0,-4.0,-1.1
-4.0,-4.0,-1.1
-4.0,-4.0,-1.1
-4.0,-4.0,-1.1
-4.0,-4.0,-1.1
-4.0,-4.0,-1.1
-4.0,-4.0,-1.1
-4.0,-4.0,-1.1
-4.0,-4.0,-1.1
-4.0,-4.0,-1.1
-4.0,-4.0,-1.1
-4.0,-4.0,-1.1
-4.0,-4.0,-1.1
-4.0,-4.0,-1.1
-4.0,-4.0,-1.1
-4.0,-4.0,-1.1
-4.0,-4.0,-1.1
-4.0,-4.0,-1.1
-4.0,-4.0,-1.1
-4.0,-4.0,-1.1
-4.0,-4.0,-1.1
-4.0,-4.0,-1.1
-4.0,-4.0,-1.1
-4.0,-4.0,-1.1
-4.0,-4.0,-1.1
-4.0,-4.0,-1.1
-4.0,-4.0,-1.1
-4.0,-4.0,-1.1
-4.0,-4.0,-1.1
-4.0,-4.0,-1.1
-4.0,-4.0,-1.1
-4.0,-4.0,-1.1
-4.0,-4.0,-1.1
-4.0,-4.0,-1.1
-4.0,-4.0,-1.1
-4.0,-4.0,-1.1
-4.0,-4.0,-1.1
-4.0,-4.0,-1.1
-4.0,-4.0,-1.1
-4.0,-4.0,-1.1
-4.0,-4.0,-1.1
-4.0,-4.0,-1.1
-4.0,-4.0,-1.1
-4.0,-4.0,-1.1
-4.0,-4.0,-1.1
-4.0,-4.0,-1.1
-4.0,-4.0,-1.1
-4.0,-4.0,-1.1
-4.0,-4.0,-1.1
-4.0,-4.0,-1.1
-4.0,-4.0,-1.1
-4.0,-4.0,-1.1
-4.0,-4.0,-1.1
-4.0,-4.0,-1.1
-4.0,-4.0,-1.1
-4.0,-4.0,-1.1
-4.0,-4.0,-1.1
-4.0,-4.0,-1.1
-4.0,-4.0,-1.1
-4.0,-4.0,-1.1
-4.0,-4.0,-1.1
-4.0,-4.0,-1.1
-4.0,-4.0,-1.1
-4.0,-4.0,-1.1
-4.0,-4.0,-1.1
-4.0,-4.0,-1.1
-4.0,-4.0,-1.1
-4.0,-4.0,-1.1
-4.0,-4.0,-1.1
-4.0,-4.0,-1.1
-4.0,-4.0,-1.1
-4.0,-4.0,-1.1
-4.0,-4.0,-1.1
-4.0,-4.0,-1.1
-4.0,-4.0,-1.1
-4.0,-4.0,-1.1
-4.0,-4.0,-1.1
-4.0,-4.0,-1.1
-4.0,-4.0,-1.1
-4.0,-4.0,-1.1
-4.0,-4.0,-1.1
-4.0,-4.0,-1.1
-4.0,-4.0,-1.1
-4.0,-4.0,-1.1
-4.0,-4.0,-1.1
-4.0,-4.0,-1.1
-4.0,-4.0,-1.1
-4.0,-4.0,-1.1
-4.0,-4.0,-1.1
-4.0,-4.0,-1.1
-4.0,-4.0,-1.1
-4.0,-4.0,-1.1
-4.0,-4.0,-1.1
-4.0,-4.0,-1.1
-4.0,-4.0,-1.1
-4.0,-4.0,-1.1
-4.0,-4.0,-1.1
-4.0,-4.0,-1.1
-4.0,-4.0,-1.1
-4.0,-4.0,-1.1
-4.0,-4.0,-1.1
-4.0,-4.0,-1.1
-4.0,-4.0,-1.1
-4.0,-4.0,-1.1
-4.0,-4.0,-1.1
-4.0,-4.0,-1.1
-4.0,-4.0,-1.1
-4.0,-4.0,-1.1
-4.0,-4.0,-1.1
-4.0,-4.0,-1.1
-4.0,-4.0,-1.1
-4.0,-4.0,-1.1
-4.0,-4.0,-1.1
-4.0,-4.0,-1.1
-4.0,-4.0,-1.1
-4.0,-4.0,-1.1
-4.0,-4.0,-1.1
-4.0,-4.0,-1.1
-4.0,-4.0,-1.1
-4.0,-4.0,-1.1
-4.0,-4.0,-1.1
-4.0,-4.0,-1.1
-4.0,-4.0,-1.1
-4.0,-4.0,-1.1
-4.0,-4.0,-1.1
-4.0,-4.0,-1.1
-4.0,-4.0,-1.1
-4.0,-4.0,-1.1
-4.0,-4.0,-1.1
-4.0,-4.0,-1.1
-4.0,-4.0,-1.1
-4.0,-4.0,-1.1
-4.0,-4.0,-1.1
-4.0,-4.0,-1.1
-4.0,-4.0,-1.1
-4.0,-4.0,-1.1
-4.0,-4.0,-1.1
-4.0,-4.0,-1.1
-4.0,-4.0,-1.1
-4.0,-4.0,-1.1
-4.0,-4.0,-1.1
-4.0,-4.0,-1.1
-4.0,-4.0,-1.1
-4.0,-4.0,-1.1
-4.0,-4.0,-1.1
-4.0,-4.0,-1.1
-4.0,-4.0,-1.1
-4.0,-4.0,-1.1
-4.0,-4.0,-1.1
-4.0,-4.0,-1.1
-4.0,-4.0,-1.1
-4.0,-4.0,-1.1
-4.0,-4.0,-1.1
-4.0,-4.0,-1.1
-4.0,-4.0,-1.1
-4.0,-4.0,-1.1
-4.0,-4.0,-1.1
-4.0,-4.0,-1.1
-4.0,-4.0,-1.1
-4.0,-4.0,-1.1
-4.0,-4.0,-1.1
-4.0,-4.0,-1.1
-4.0,-4.0,-1.1
-4.0,-4.0,-1.1
-4.0,-4.0,-1.1
-4.0,-4.0,-1.1
-4.0,-4.0,-1.1
-4.0,-4.0,-1.1
-4.0,-4.0,-1.1
-4.0,-4.0,-1.1
-4.0,-4.0,-1.1
-4.0,-4.0,-1.1
-4.0,-4.0,-1.1
-4.0,-4.0,-1.1
-4.0,-4.0,-1.1
-4.0,-4.0,-1.1
-4.0,-4.0,-1.1
-4.0,-4.0,-1.1
-4.0,-4.0,-1.1
-4.0,-4.0,-1.1
-4.0,-4.0,-1.1
-4.0,-4.0,-1.1
-4.0,-4.0,-1.1
-4.0,-4.0,-1.1
-4.0,-4.0,-1.1
-4.0,-4.0,-1.1
-4.0,-4.0,-1.1
-4.0,-4.0,-1.1
-4.0,-4.0,-1.1
-4.0,-4.0,-1.1
-4.0,-4.0,-1.1
-4.0,-4.0,-1.1
-4.0,-4.0,-1.1
-4.0,-4.0,-1.1
-4.0,-4.0,-1.1
-4.0,-4.0,-1.1
-4.0,-4.0,-1.1
-4.0,-4.0,-1.1
-4.0,-4.0,-1.1
-4.0,-4.0,-1.1
-4.0,-4.0,-1.1
-4.0,-4.0,-1.1
-4.0,-4.0,-1.1
-4.0,-4.0,-1.1
-4.0,-4.0,-1.1
-4.0,-4.0,-1.1
-4.0,-4.0,-1.1
-4.0,-4.0,-1.1
-4.0,-4.0,-1.1
-4.0,-4.0,-1.1
-4.0,-4.0,-1.1
-4.0,-4.0,-1.1
-4.0,-4.0,-1.1
-4.0,-4.0,-1.1
-4.0,-4.0,-1.1
-4.0,-4.0,-1.1
-4.0,-4.0,-1.1
-4.0,-4.0,-1.1
-4.0,-4.0,-1.1
-4.0,-4.0,-1.1
-4.0,-4.0,-1.1
-4.0,-4.0,-1.1
-4.0,-4.0,-1.1
-4.0,-4.0,-1.1
-4.0,-4.0,-1.1
-4.0,-4.0,-1.1
-4.0,-4.0,-1.1
-4.0,-4.0,-1.1
-4.0,-4.0,-1.1
-4.0,-4.0,-1.1
-4.0,-4.0,-1.1
-4.0,-4.0,-1.1
-4.0,-4.0,-1.1
-4.0,-4.0,-1.1
-4.0,-4.0,-1.1
-4.0,-4.0,-1.1
-4.0,-4.0,-1.1
-4.0,-4.0,-1.1
-4.0,-4.0,-1.1
-4.0,-4.0,-1.1
-4.0,-4.0,-1.1
-4.0,-4.0,-1.1
-4.0,-4.0,-1.1
-4.0,-4.0,-1.1
-4.0,-4.0,-1.1
-4.0,-4.0,-1.1
-4.0,-4.0,-1.1
-4.0,-4.0,-1.1
-4.0,-4.0,-1.1
-4.0,-4.0,-1.1
-4.0,-4.0,-1.1
-4.0,-4.0,-1.1
-4.0,-4.0,-1.1
-4.0,-4.0,-1.1
-4.0,-4.0,-1.1
-4.0,-4.0,-1.1
-4.0,-4.0,-1.1
-4.0,-4.0,-1.1
-4.0,-4.0,-1.1
-4.0,-4.0,-1.1
-4.0,-4.0,-1.1
-4.0,-4.0,-1.1
-4.0,-4.0,-1.1
-4.0,-4.0,-1.1
-4.0,-4.0,-1.1
-4.0,-4.0,-1.1
-4.0,-4.0,-1.1
-4.0,-4.0,-1.1
-4.0,-4.0,-1.1
-4.0,-4.0,-1.1
-4.0,-4.0,-1.1
-4.0,-4.0,-1.1
-4.0,-4.0,-1.1
-4.0,-4.0,-1.1
-4.0,-4.0,-1.1
-4.0,-4.0,-1.1
-4.0,-4.0,-1.1
-4.0,-4.0,-1.1
-4.0,-4.0,-1.1
-4.0,-4.0,-1.1
-4.0,-4.0,-1.1
-4.0,-4.0,-1.1
-4.0,-4.0,-1.1
-4.0,-4.0,-1.1
-4.0,-4.0,-1.1
-4.0,-4.0,-1.1
-4.0,-4.0,-1.1
-4.0,-4.0,-1.1
-4.0,-4.0,-1.1
-4.0,-4.0,-1.1
-4.0,-4.0,-1.1
-4.0,-4.0,-1.1
-4.0,-4.0,-1.1
-4.0,-4.0,-1.1
-4.0,-4.0,-1.1
-4.0,-4.0,-1.1
-4.0,-4.0,-1.1
-4.0,-4.0,-1.1
-4.0,-4.0,-1.1
-4.0,-4.0,-1.1
-4.0,-4.0,-1.1
-4.0,-4.0,-1.1
-4.0,-4.0,-1.1
-4.0,-4.0,-1.1
-4.0,-4.0,-1.1
-4.0,-4.0,-1.1
-4.0,-4.0,-1.1
-4.0,-4.0,-1.1
-4.0,-4.0,-1.1
-4.0,-4.0,-1.1
-4.0,-4.0,-1.1
-4.0,-4.0,-1.1
-4.0,-4.0,-1.1
-4.0,-4.0,-1.1
-4.0,-4.0,-1.1
-4.0,-4.0,-1.1
-4.0,-4.0,-1.1
-4.0,-4.0,-1.1
-4.0,-4.0,-1.1
-4.0,-4.0,-1.1
-4.0,-4.0,-1.1
-4.0,-4.0,-1.1
-4.0,-4.0,-1.1
-4.0,-4.0,-1.1
-4.0,-4.0,-1.1
-4.0,-4.0,-1.1
-4.0,-4.0,-1.1
-4.0,-4.0,-1.1
-4.0,-4.0,-1.1
-4.0,-4.0,-1.1
-4.0,-4.0,-1.1
-4.0,-4.0,-1.1
-4.0,-4.0,-1.1
-4.0,-4.0,-1.1
-4.0,-4.0,-1.1
-4.0,-4.0,-1.1
-4.0,-4.0,-1.1
-4.0,-4.0,-1.1
-4.0,-4.0,-1.1
-4.0,-4.0,-1.1
-4.0,-4.0,-1.1
-4.0,-4.0,-1.1
-4.0,-4.0,-1.1
-4.0,-4.0,-1.1
-4.0,-4.0,-1.1
-4.0,-4.0,-1.1
-4.0,-4.0,-1.1
-4.0,-4.0,-1.1
-4.0,-4.0,-1.1
-4.0,-4.0,-1.1
-4.0,-4.0,-1.1
-4.0,-4.0,-1.1
-4.0,-4.0,-1.1
-4.0,-4.0,-1.1
-4.0,-4.0,-1.1
-4.0,-4.0,-1.1
-4.0,-4.0,-1.1
-4.0,-4.0,-1.1
-4.0,-4.0,-1.1
-4.0,-4.0,-1.1
-4.0,-4.0,-1.1
-4.0,-4.0,-1.1
-4.0,-4.0,-1.1
-4.0,-4.0,-1.1
-4.0,-4.0,-1.1
-4.0,-4.0,-1.1
-4.0,-4.0,-1.1
-4.0,-4.0,-1.1
-4.0,-4.0,-1.1
-4.0,-4.0,-1.1
-4.0,-4.0,-1.1
-4.0,-4.0,-1.1
-4.0,-4.0,-1.1
-4.0,-4.0,-1.1
-4.0,-4.0,-1.1
-4.0,-4.0,-1.1
-4.0,-4.0,-1.1
-4.0,-4.0,-1.1
-4.0,-4.0,-1.1
-4.0,-4.0,-1.1
-4.0,-4.0,-1.1
-4.0,-4.0,-1.1
-4.0,-4.0,-1.1
-4.0,-4.0,-1.1
-4.0,-4.0,-1.1
-4.0,-4.0,-1.1
-4.0,-4.0,-1.1
-4.0,-4.0,-1.1
-4.0,-4.0,-1.1
-4.0,-4.0,-1.1
-4.0,-4.0,-1.1
-4.0,-4.0,-1.1
-4.0,-4.0,-1.1
-4.0,-4.0,-1.1
-4.0,-4.0,-1.1
-4.0,-4.0,-1.1
-4.0,-4.0,-1.1
-4.0,-4.0,-1.1
-4.0,-4.0,-1.1
-4.0,-4.0,-1.1
-4.0,-4.0,-1.1
-4.0,-4.0,-1.1
-4.0,-4.0,-1.1
-4.0,-4.0,-1.1
-4.0,-4.0,-1.1
-4.0,-4.0,-1.1
-4.0,-4.0,-1.1
-4.0,-4.0,-1.1
-4.0,-4.0,-1.1
-4.0,-4.0,-1.1
-4.0,-4.0,-1.1
-4.0,-4.0,-1.1
-4.0,-4.0,-1.1
-4.0,-4.0,-1.1
-4.0,-4.0,-1.1
-4.0,-4.0,-1.1
-4.0,-4.0,-1.1
-4.0,-4.0,-1.1
-4.0,-4.0,-1.1
-4.0,-4.0,-1.1
-4.0,-4.0,-1.1
-4.0,-4.0,-1.1
-4.0,-4.0,-1.1
-4.0,-4.0,-1.1
-4.0,-4.0,-1.1
-4.0,-4.0,-1.1
-4.0,-4.0,-1.1
-4.0,-4.0,-1.1
-4.0,-4.0,-1.1
-4.0,-4.0,-1.1
-4.0,-4.0,-1.1
-4.0,-4.0,-1.1
-4.0,-4.0,-1.1
-4.0,-4.0,-1.1
-4.0,-4.0,-1.1
-4.0,-4.0,-1.1
-4.0,-4.0,-1.1
-4.0,-4.0,-1.1
-4.0,-4.0,-1.1
-4.0,-4.0,-1.1
-4.0,-4.0,-1.1
-4.0,-4.0,-1.1
-4.0,-4.0,-1.1
-4.0,-4.0,-1.1
-4.0,-4.0,-1.1
-4.0,-4.0,-1.1
-4.0,-4.0,-1.1
-4.0,-4.0,-1.1
-4.0,-4.0,-1.1
-4.0,-4.0,-1.1
-4.0,-4.0,-1.1
-4.0,-4.0,-1.1
-4.0,-4.0,-1.1
-4.0,-4.0,-1.1
-4.0,-4.0,-1.1
-4.0,-4.0,-1.1
-4.0,-4.0,-1.1
-4.0,-4.0,-1.1
-4.0,-4.0,-1.1
-4.0,-4.0,-1.1
-4.0,-4.0,-1.1
-4.0,-4.0,-1.1
-4.0,-4.0,-1.1
-4.0,-4.0,-1.1
-4.0,-4.0,-1.1
-4.0,-4.0,-1.1
-4.0,-4.0,-1.1
-4.0,-4.0,-1.1
-4.0,-4.0,-1.1
-4.0,-4.0,-1.1
-4.0,-4.0,-1.1
-4.0,-4.0,-1.1
-4.0,-4.0,-1.1
-4.0,-4.0,-1.1
-4.0,-4.0,-1.1
-4.0,-4.0,-1.1
-4.0,-4.0,-1.1
-4.0,-4.0,-1.1
-4.0,-4.0,-1.1
-4.0,-4.0,-1.1
-4.0,-4.0,-1.1
-4.0,-4.0,-1.1
-4.0,-4.0,-1.1
-4.0,-4.0,-1.1
-4.0,-4.0,-1.1
-4.0,-4.0,-1.1
-4.0,-4.0,-1.1
-4.0,-4.0,-1.1
-4.0,-4.0,-1.1
-4.0,-4.0,-1.1
-4.0,-4.0,-1.1
-4.0,-4.0,-1.1
-4.0,-4.0,-1.1
-4.0,-4.0,-1.1
-4.0,-4.0,-1.1
-4.0,-4.0,-1.1
-4.0,-4.0,-1.1
-4.0,-4.0,-1.1
-4.0,-4.0,-1.1
-4.0,-4.0,-1.1
-4.0,-4.0,-1.1
-4.0,-4.0,-1.1
-4.0,-4.0,-1.1
-4.0,-4.0,-1.1
-4.0,-4.0,-1.1
-4.0,-4.0,-1.1
-4.0,-4.0,-1.1
-4.0,-4.0,-1.1
-4.0,-4.0,-1.1
-4.0,-4.0,-1.1
-4.0,-4.0,-1.1
-4.0,-4.0,-1.1
-4.0,-4.0,-1.1
-4.0,-4.0,-1.1
-4.0,-4.0,-1.1
-4.0,-4.0,-1.1
-4.0,-4.0,-1.1
-4.0,-4.0,-1.1
-4.0,-4.0,-1.1
-4.0,-4.0,-1.1
-4.0,-4.0,-1.1
-4.0,-4.0,-1.1
-4.0,-4.0,-1.1
-4.0,-4.0,-1.1
-4.0,-4.0,-1.1
-4.0,-4.0,-1.1
-4.0,-4.0,-1.1
-4.0,-4.0,-1.1
-4.0,-4.0,-1.1
-4.0,-4.0,-1.1
-4.0,-4.0,-1.1
-4.0,-4.0,-1.1
-4.0,-4.0,-1.1
-4.0,-4.0,-1.1
-4.0,-4.0,-1.1
-4.0,-4.0,-1.1
-4.0,-4.0,-1.1
-4.0,-4.0,-1.1
-4.0,-4.0,-1.1
-4.0,-4.0,-1.1
-4.0,-4.0,-1.1
-4.0,-4.0,-1.1
-4.0,-4.0,-1.1
-4.0,-4.0,-1.1
-4.0,-4.0,-1.1
-4.0,-4.0,-1.1
-4.0,-4.0,-1.1
-4.0,-4.0,-1.1
-4.0,-4.0,-1.1
-4.0,-4.0,-1.1
-4.0,-4.0,-1.1
-4.0,-4.0,-1.1
-4.0,-4.0,-1.1
-4.0,-4.0,-1.1
-4.0,-4.0,-1.1
-4.0,-4.0,-1.1
-4.0,-4.0,-1.1
-4.0,-4.0,-1.1
-4.0,-4.0,-1.1
-4.0,-4.0,-1.1
-4.0,-4.0,-1.1
-4.0,-4.0,-1.1
-4.0,-4.0,-1.1
-4.0,-4.0,-1.1
-4.0,-4.0,-1.1
-4.0,-4.0,-1.1
-4.0,-4.0,-1.1
-4.0,-4.0,-1.1
-4.0,-4.0,-1.1
-4.0,-4.0,-1.1
-4.0,-4.0,-1.1
-4.0,-4.0,-1.1
-4.0,-4.0,-1.1
-4.0,-4.0,-1.1
-4.0,-4.0,-1.1
-4.0,-4.0,-1.1
-4.0,-4.0,-1.1
-4.0,-4.0,-1.1
-4.0,-4.0,-1.1
-4.0,-4.0,-1.1
-4.0,-4.0,-1.1
-4.0,-4.0,-1.1
-4.0,-4.0,-1.1
-4.0,-4.0,-1.1
-4.0,-4.0,-1.1
-4.0,-4.0,-1.1
-4.0,-4.0,-1.1
-4.0,-4.0,-1.1
-4.0,-4.0,-1.1
-4.0,-4.0,-1.1
-4.0,-4.0,-1.1
-4.0,-4.0,-1.1
-4.0,-4.0,-1.1
-4.0,-4.0,-1.1
-4.0,-4.0,-1.1
-4.0,-4.0,-1.1
-4.0,-4.0,-1.1
-4.0,-4.0,-1.1
-4.0,-4.0,-1.1
-4.0,-4.0,-1.1
-4.0,-4.0,-1.1
-4.0,-4.0,-1.1
-4.0,-4.0,-1.1
-4.0,-4.0,-1.1
-4.0,-4.0,-1.1
-4.0,-4.0,-1.1
-4.0,-4.0,-1.1
-4.0,-4.0,-1.1
-4.0,-4.0,-1.1
-4.0,-4.0,-1.1
-4.0,-4.0,-1.1
-4.0,-4.0,-1.1
-4.0,-4.0,-1.1
-4.0,-4.0,-1.1
-4.0,-4.0,-1.1
-4.0,-4.0,-1.1
-4.0,-4.0,-1.1
-4.0,-4.0,-1.1
-4.0,-4.0,-1.1
-4.0,-4.0,-1.1
-4.0,-4.0,-1.1
-4.0,-4.0,-1.1
-4.0,-4.0,-1.1
-4.0,-4.0,-1.1
-4.0,-4.0,-1.1
-4.0,-4.0,-1.1
-4.0,-4.0,-1.1
-4.0,-4.0,-1.1
-4.0,-4.0,-1.1
-4.0,-4.0,-1.1
-4.0,-4.0,-1.1
-4.0,-4.0,-1.1
-4.0,-4.0,-1.1
-4.0,-4.0,-1.1
-4.0,-4.0,-1.1
-4.0,-4.0,-1.1
-4.0,-4.0,-1.1
-4.0,-4.0,-1.1
-4.0,-4.0,-1.1
-4.0,-4.0,-1.1
-4.0,-4.0,-1.1
-4.0,-4.0,-1.1
-4.0,-4.0,-1.1
-4.0,-4.0,-1.1
-4.0,-4.0,-1.1
-4.0,-4.0,-1.1
-4.0,-4.0,-1.1
-4.0,-4.0,-1.1
-4.0,-4.0,-1.1
-4.0,-4.0,-1.1
-4.0,-4.0,-1.1
-4.0,-4.0,-1.1
-4.0,-4.0,-1.1
-4.0,-4.0,-1.1
-4.0,-4.0,-1.1
-4.0,-4.0,-1.1
-4.0,-4.0,-1.1
-4.0,-4.0,-1.1
-4.0,-4.0,-1.1
-4.0,-4.0,-1.1
-4.0,-4.0,-1.1
-4.0,-4.0,-1.1
-4.0,-4.0,-1.1
-4.0,-4.0,-1.1
-4.0,-4.0,-1.1
-4.0,-4.0,-1.1
-4.0,-4.0,-1.1
-4.0,-4.0,-1.1
-4.0,-4.0,-1.1
-4.0,-4.0,-1.1
-4.0,-4.0,-1.1
-4.0,-4.0,-1.1
-4.0,-4.0,-1.1
-4.0,-4.0,-1.1
-4.0,-4.0,-1.1
-4.0,-4.0,-1.1
-4.0,-4.0,-1.1
-4.0,-4.0,-1.1
-4.0,-4.0,-1.1
-4.0,-4.0,-1.1
-4.0,-4.0,-1.1
-4.0,-4.0,-1.1
-4.0,-4.0,-1.1
-4.0,-4.0,-1.1
-4.0,-4.0,-1.1
-4.0,-4.0,-1.1
-4.0,-4.0,-1.1
-4.0,-4.0,-1.1
-4.0,-4.0,-1.1
-4.0,-4.0,-1.1
-4.0,-4.0,-1.1
-4.0,-4.0,-1.1
-4.0,-4.0,-1.1
-4.0,-4.0,-1.1
-4.0,-4.0,-1.1
-4.0,-4.0,-1.1
-4.0,-4.0,-1.1
-4.0,-4.0,-1.1
-4.0,-4.0,-1.1
-4.0,-4.0,-1.1
-4.0,-4.0,-1.1
-4.0,-4.0,-1.1
-4.0,-4.0,-1.1
-4.0,-4.0,-1.1
-4.0,-4.0,-1.1
-4.0,-4.0,-1.1
-4.0,-4.0,-1.1
-4.0,-4.0,-1.1
-4.0,-4.0,-1.1
-4.0,-4.0,-1.1
-4.0,-4.0,-1.1
-4.0,-4.0,-1.1
-4.0,-4.0,-1.1
-4.0,-4.0,-1.1
-4.0,-4.0,-1.1
-4.0,-4.0,-1.1
-4.0,-4.0,-1.1
-4.0,-4.0,-1.1
-4.0,-4.0,-1.1
-4.0,-4.0,-1.1
-4.0,-4.0,-1.1
-4.0,-4.0,-1.1
-4.0,-4.0,-1.1
-4.0,-4.0,-1.1
-4.0,-4.0,-1.1
-4.0,-4.0,-1.1
-4.0,-4.0,-1.1
-4.0,-4.0,-1.1
-4.0,-4.0,-1.1
-4.0,-4.0,-1.1
-4.0,-4.0,-1.1
-4.0,-4.0,-1.1
-4.0,-4.0,-1.1
-4.0,-4.0,-1.1
-4.0,-4.0,-1.1
-4.0,-4.0,-1.1
-4.0,-4.0,-1.1
-4.0,-4.0,-1.1
-4.0,-4.0,-1.1
-4.0,-4.0,-1.1
-4.0,-4.0,-1.1
-4.0,-4.0,-1.1
-4.0,-4.0,-1.1
-4.0,-4.0,-1.1
-4.0,-4.0,-1.1
-4.0,-4.0,-1.1
-4.0,-4.0,-1.1
-4.0,-4.0,-1.1
-4.0,-4.0,-1.1
-4.0,-4.0,-1.1
-4.0,-4.0,-1.1
-4.0,-4.0,-1.1
-4.0,-4.0,-1.1
-4.0,-4.0,-1.1
-4.0,-4.0,-1.1
-4.0,-4.0,-1.1
-4.0,-4.0,-1.1
-4.0,-4.0,-1.1
-4.0,-4.0,-1.1
-4.0,-4.0,-1.1
-4.0,-4.0,-1.1
-4.0,-4.0,-1.1
-4.0,-4.0,-1.1
-4.0,-4.0,-1.1
-4.0,-4.0,-1.1
-4.0,-4.0,-1.1
-4.0,-4.0,-1.1
-4.0,-4.0,-1.1
-4.0,-4.0,-1.1
-4.0,-4.0,-1.1
-4.0,-4.0,-1.1
-4.0,-4.0,-1.1
-4.0,-4.0,-1.1
-4.0,-4.0,-1.1
-4.0,-4.0,-1.1
-4.0,-4.0,-1.1
-4.0,-4.0,-1.1
-4.0,-4.0,-1.1
-4.0,-4.0,-1.1
-4.0,-4.0,-1.1
-4.0,-4.0,-1.1
-4.0,-4.0,-1.1
-4.0,-4.0,-1.1
-4.0,-4.0,-1.1
-4.0,-4.0,-1.1
-4.0,-4.0,-1.1
-4.0,-4.0,-1.1
-4.0,-4.0,-1.1
-4.0,-4.0,-1.1
-4.0,-4.0,-1.1
-4.0,-4.0,-1.1
-4.0,-4.0,-1.1
-4.0,-4.0,-1.1
-4.0,-4.0,-1.1
-4.0,-4.0,-1.1
-4.0,-4.0,-1.1
-4.0,-4.0,-1.1
-4.0,-4.0,-1.1
-4.0,-4.0,-1.1
-4.0,-4.0,-1.1
-4.0,-4.0,-1.1
-4.0,-4.0,-1.1
-4.0,-4.0,-1.1
-4.0,-4.0,-1.1
-4.0,-4.0,-1.1
-4.0,-4.0,-1.1
-4.0,-4.0,-1.1
-4.0,-4.0,-1.1
-4.0,-4.0,-1.1
-4.0,-4.0,-1.1
-4.0,-4.0,-1.1
-4.0,-4.0,-1.1
-4.0,-4.0,-1.1
-4.0,-4.0,-1.1
-4.0,-4.0,-1.1
-4.0,-4.0,-1.1
-4.0,-4.0,-1.1
-4.0,-4.0,-1.1
-4.0,-4.0,-1.1
-4.0,-4.0,-1.1
-4.0,-4.0,-1.1
-4.0,-4.0,-1.1
-4.0,-4.0,-1.1
-4.0,-4.0,-1.1
-4.0,-4.0,-1.1
-4.0,-4.0,-1.1
-4.0,-4.0,-1.1
-4.0,-4.0,-1.1
-4.0,-4.0,-1.1
-4.0,-4.0,-1.1
-4.0,-4.0,-1.1
-4.0,-4.0,-1.1
-4.0,-4.0,-1.1
-4.0,-4.0,-1.1
-4.0,-4.0,-1.1
-4.0,-4.0,-1.1
-4.0,-4.0,-1.1
-4.0,-4.0,-1.1
-4.0,-4.0,-1.1
-4.0,-4.0,-1.1
-4.0,-4.0,-1.1
-4.0,-4.0,-1.1
-4.0,-4.0,-1.1
-4.0,-4.0,-1.1
-4.0,-4.0,-1.1
-4.0,-4.0,-1.1
-4.0,-4.0,-1.1
-4.0,-4.0,-1.1
-4.0,-4.0,-1.1
-4.0,-4.0,-1.1
-4.0,-4.0,-1.1
-4.0,-4.0,-1.1
-4.0,-4.0,-1.1
-4.0,-4.0,-1.1
-4.0,-4.0,-1.1
-4.0,-4.0,-1.1
-4.0,-4.0,-1.1
-4.0,-4.0,-1.1
-4.0,-4.0,-1.1
-4.0,-4.0,-1.1
-4.0,-4.0,-1.1
-4.0,-4.0,-1.1
-4.0,-4.0,-1.1
-4.0,-4.0,-1.1
-4.0,-4.0,-1.1
-4.0,-4.0,-1.1
-4.0,-4.0,-1.1
-4.0,-4.0,-1.1
-4.0,-4.0,-1.1
-4.0,-4.0,-1.1
-4.0,-4.0,-1.1
-4.0,-4.0,-1.1
-4.0,-4.0,-1.1
-4.0,-4.0,-1.1
-4.0,-4.0,-1.1
-4.0,-4.0,-1.1
-4.0,-4.0,-1.1
-4.0,-4.0,-1.1
-4.0,-4.0,-1.1
-4.0,-4.0,-1.1
-4.0,-4.0,-1.1
-4.0,-4.0,-1.1
-4.0,-4.0,-1.1
-4.0,-4.0,-1.1
-4.0,-4.0,-1.1
-4.0,-4.0,-1.1
-4.0,-4.0,-1.1
-4.0,-4.0,-1.1
-4.0,-4.0,-1.1
-4.0,-4.0,-1.1
-4.0,-4.0,-1.1
-4.0,-4.0,-1.1
-4.0,-4.0,-1.1
-4.0,-4.0,-1.1
-4.0,-4.0,-1.1
-4.0,-4.0,-1.1
-4.0,-4.0,-1.1
-4.0,-4.0,-1.1
-4.0,-4.0,-1.1
-4.0,-4.0,-1.1
-4.0,-4.0,-1.1
-4.0,-4.0,-1.1
-4.0,-4.0,-1.1
-4.0,-4.0,-1.1
-4.0,-4.0,-1.1
-4.0,-4.0,-1.1
-4.0,-4.0,-1.1
-4.0,-4.0,-1.1
-4.0,-4.0,-1.1
-4.0,-4.0,-1.1
-4.0,-4.0,-1.1
-4.0,-4.0,-1.1
-4.0,-4.0,-1.1
-4.0,-4.0,-1.1
-4.0,-4.0,-1.1
-4.0,-4.0,-1.1
-4.0,-4.0,-1.1
-4.0,-4.0,-1.1
-4.0,-4.0,-1.1
-4.0,-4.0,-1.1
-4.0,-4.0,-1.1
-4.0,-4.0,-1.1
-4.0,-4.0,-1.1
-4.0,-4.0,-1.1
-4.0,-4.0,-1.1
-4.0,-4.0,-1.1
-4.0,-4.0,-1.1
-4.0,-4.0,-1.1
-4.0,-4.0,-1.1
-4.0,-4.0,-1.1
-4.0,-4.0,-1.1
-4.0,-4.0,-1.1
-4.0,-4.0,-1.1
-4.0,-4.0,-1.1
-4.0,-4.0,-1.1
-4.0,-4.0,-1.1
-4.0,-4.0,-1.1
-4.0,-4.0,-1.1
-4.0,-4.0,-1.1
-4.0,-4.0,-1.1
-4.0,-4.0,-1.1
-4.0,-4.0,-1.1
-4.0,-4.0,-1.1
-4.0,-4.0,-1.1
-4.0,-4.0,-1.1
-4.0,-4.0,-1.1
-4.0,-4.0,-1.1
-4.0,-4.0,-1.1
-4.0,-4.0,-1.1
-4.0,-4.0,-1.1
-4.0,-4.0,-1.1
-4.0,-4.0,-1.1
-4.0,-4.0,-1.1
-4.0,-4.0,-1.1
-4.0,-4.0,-1.1
-4.0,-4.0,-1.1
-4.0,-4.0,-1.1
-4.0,-4.0,-1.1
-4.0,-4.0,-1.1
-4.0,-4.0,-1.1
-4.0,-4.0,-1.1
-4.0,-4.0,-1.1
-4.0,-4.0,-1.1
-4.0,-4.0,-1.1
-4.0,-4.0,-1.1
-4.0,-4.0,-1.1
-4.0,-4.0,-1.1
-4.0,-4.0,-1.1
-4.0,-4.0,-1.1
-4.0,-4.0,-1.1
-4.0,-4.0,-1.1
-4.0,-4.0,-1.1
-4.0,-4.0,-1.1
-4.0,-4.0,-1.1
-4.0,-4.0,-1.1
-4.0,-4.0,-1.1
-4.0,-4.0,-1.1
-4.0,-4.0,-1.1
-4.0,-4.0,-1.1
-4.0,-4.0,-1.1
-4.0,-4.0,-1.1
-4.0,-4.0,-1.1
-4.0,-4.0,-1.1
-4.0,-4.0,-1.1
-4.0,-4.0,-1.1
-4.0,-4.0,-1.1
-4.0,-4.0,-1.1
-4.0,-4.0,-1.1
-4.0,-4.0,-1.1
-4.0,-4.0,-1.1
-4.0,-4.0,-1.1
-4.0,-4.0,-1.1
-4.0,-4.0,-1.1
-4.0,-4.0,-1.1
-4.0,-4.0,-1.1
-4.0,-4.0,-1.1
-4.0,-4.0,-1.1
-4.0,-4.0,-1.1
-4.0,-4.0,-1.1
-4.0,-4.0,-1.1
-4.0,-4.0,-1.1
-4.0,-4.0,-1.1
-4.0,-4.0,-1.1
-4.0,-4.0,-1.1
-4.0,-4.0,-1.1
-4.0,-4.0,-1.1
-4.0,-4.0,-1.1
-4.0,-4.0,-1.1
-4.0,-4.0,-1.1
-4.0,-4.0,-1.1
-4.0,-4.0,-1.1
-4.0,-4.0,-1.1
-4.0,-4.0,-1.1
-4.0,-4.0,-1.1
-4.0,-4.0,-1.1
-4.0,-4.0,-1.1
-4.0,-4.0,-1.1
-4.0,-4.0,-1.1
-4.0,-4.0,-1.1
-4.0,-4.0,-1.1
-4.0,-4.0,-1.1
-4.0,-4.0,-1.1
-4.0,-4.0,-1.1
-4.0,-4.0,-1.1
-4.0,-4.0,-1.1
-4.0,-4.0,-1.1
-4.0,-4.0,-1.1
-4.0,-4.0,-1.1
-4.0,-4.0,-1.1
-4.0,-4.0,-1.1
-4.0,-4.0,-1.1
-4.0,-4.0,-1.1
-4.0,-4.0,-1.1
-4.0,-4.0,-1.1
-4.0,-4.0,-1.1
-4.0,-4.0,-1.1
-4.0,-4.0,-1.1
-4.0,-4.0,-1.1
-4.0,-4.0,-1.1
-4.0,-4.0,-1.1
-4.0,-4.0,-1.1
-4.0,-4.0,-1.1
-4.0,-4.0,-1.1
-4.0,-4.0,-1.1
-4.0,-4.0,-1.1
-4.0,-4.0,-1.1
-4.0,-4.0,-1.1
-4.0,-4.0,-1.1
-4.0,-4.0,-1.1
-4.0,-4.0,-1.1
-4.0,-4.0,-1.1
-4.0,-4.0,-1.1
-4.0,-4.0,-1.1
-4.0,-4.0,-1.1
-4.0,-4.0,-1.1
-4.0,-4.0,-1.1
-4.0,-4.0,-1.1
-4.0,-4.0,-1.1
-4.0,-4.0,-1.1
-4.0,-4.0,-1.1
-4.0,-4.0,-1.1
-4.0,-4.0,-1.1
-4.0,-4.0,-1.1
-4.0,-4.0,-1.1
-4.0,-4.0,-1.1
-4.0,-4.0,-1.1
-4.0,-4.0,-1.1
-4.0,-4.0,-1.1
-4.0,-4.0,-1.1
-4.0,-4.0,-1.1
-4.0,-4.0,-1.1
-4.0,-4.0,-1.1
-4.0,-4.0,-1.1
-4.0,-4.0,-1.1
-4.0,-4.0,-1.1
-4.0,-4.0,-1.1
-4.0,-4.0,-1.1
-4.0,-4.0,-1.1
-4.0,-4.0,-1.1
-4.0,-4.0,-1.1
-4.0,-4.0,-1.1
-4.0,-4.0,-1.1
-4.0,-4.0,-1.1
-4.0,-4.0,-1.1
-4.0,-4.0,-1.1
-4.0,-4.0,-1.1
-4.0,-4.0,-1.1
-4.0,-4.0,-1.1
-4.0,-4.0,-1.1
-4.0,-4.0,-1.1
-4.0,-4.0,-1.1
-4.0,-4.0,-1.1
-4.0,-4.0,-1.1
-4.0,-4.0,-1.1
-4.0,-4.0,-1.1
-4.0,-4.0,-1.1
-4.0,-4.0,-1.1
-4.0,-4.0,-1.1
-4.0,-4.0,-1.1
-4.0,-4.0,-1.1
-4.0,-4.0,-1.1
-4.0,-4.0,-1.1
-4.0,-4.0,-1.1
-4.0,-4.0,-1.1
-4.0,-4.0,-1.1
-4.0,-4.0,-1.1
-4.0,-4.0,-1.1
-4.0,-4.0,-1.1
-4.0,-4.0,-1.1
-4.0,-4.0,-1.1
-4.0,-4.0,-1.1
-4.0,-4.0,-1.1
-4.0,-4.0,-1.1
-4.0,-4.0,-1.1
-4.0,-4.0,-1.1
-4.0,-4.0,-1.1
-4.0,-4.0,-1.1
-4.0,-4.0,-1.1
-4.0,-4.0,-1.1
-4.0,-4.0,-1.1
-4.0,-4.0,-1.1
-4.0,-4.0,-1.1
-4.0,-4.0,-1.1
-4.0,-4.0,-1.1
-4.0,-4.0,-1.1
-4.0,-4.0,-1.1
-4.0,-4.0,-1.1
-4.0,-4.0,-1.1
-4.0,-4.0,-1.1
-4.0,-4.0,-1.1
-4.0,-4.0,-1.1
-4.0,-4.0,-1.1
-4.0,-4.0,-1.1
-4.0,-4.0,-1.1
-4.0,-4.0,-1.1
-4.0,-4.0,-1.1
-4.0,-4.0,-1.1
-4.0,-4.0,-1.1
-4.0,-4.0,-1.1
-4.0,-4.0,-1.1
-4.0,-4.0,-1.1
-4.0,-4.0,-1.1
-4.0,-4.0,-1.1
-4.0,-4.0,-1.1
-4.0,-4.0,-1.1
-4.0,-4.0,-1.1
-4.0,-4.0,-1.1
-4.0,-4.0,-1.1
-4.0,-4.0,-1.1
-4.0,-4.0,-1.1
-4.0,-4.0,-1.1
-4.0,-4.0,-1.1
-4.0,-4.0,-1.1
-4.0,-4.0,-1.1
-4.0,-4.0,-1.1
-4.0,-4.0,-1.1
-4.0,-4.0,-1.1
-4.0,-4.0,-1.1
-4.0,-4.0,-1.1
-4.0,-4.0,-1.1
-4.0,-4.0,-1.1
-4.0,-4.0,-1.1
-4.0,-4.0,-1.1
-4.0,-4.0,-1.1
-4.0,-4.0,-1.1
-4.0,-4.0,-1.1
-4.0,-4.0,-1.1
-4.0,-4.0,-1.1
-4.0,-4.0,-1.1
-4.0,-4.0,-1.1
-4.0,-4.0,-1.1
-4.0,-4.0,-1.1
-4.0,-4.0,-1.1
-4.0,-4.0,-1.1
-4.0,-4.0,-1.1
-4.0,-4.0,-1.1
-4.0,-4.0,-1.1
-4.0,-4.0,-1.1
-4.0,-4.0,-1.1
-4.0,-4.0,-1.1
-4.0,-4.0,-1.1
-4.0,-4.0,-1.1
-4.0,-4.0,-1.1
-4.0,-4.0,-1.1
-4.0,-4.0,-1.1
-4.0,-4.0,-1.1
-4.0,-4.0,-1.1
-4.0,-4.0,-1.1
-4.0,-4.0,-1.1
-4.0,-4.0,-1.1
-4.0,-4.0,-1.1
-4.0,-4.0,-1.1
-4.0,-4.0,-1.1
-4.0,-4.0,-1.1
-4.0,-4.0,-1.1
-4.0,-4.0,-1.1
-4.0,-4.0,-1.1
-4.0,-4.0,-1.1
-4.0,-4.0,-1.1
-4.0,-4.0,-1.1
-4.0,-4.0,-1.1
-4.0,-4.0,-1.1
-4.0,-4.0,-1.1
-4.0,-4.0,-1.1
-4.0,-4.0,-1.1
-4.0,-4.0,-1.1
-4.0,-4.0,-1.1
-4.0,-4.0,-1.1
-4.0,-4.0,-1.1
-4.0,-4.0,-1.1
-4.0,-4.0,-1.1
-4.0,-4.0,-1.1
-4.0,-4.0,-1.1
-4.0,-4.0,-1.1
-4.0,-4.0,-1.1
-4.0,-4.0,-1.1
-4.0,-4.0,-1.1
-4.0,-4.0,-1.1
-4.0,-4.0,-1.1
-4.0,-4.0,-1.1
-4.0,-4.0,-1.1
-4.0,-4.0,-1.1
-4.0,-4.0,-1.1
-4.0,-4.0,-1.1
-4.0,-4.0,-1.1
-4.0,-4.0,-1.1
-4.0,-4.0,-1.1
-4.0,-4.0,-1.1
-4.0,-4.0,-1.1
-4.0,-4.0,-1.1
-4.0,-4.0,-1.1
-4.0,-4.0,-1.1
-4.0,-4.0,-1.1
-4.0,-4.0,-1.1
-4.0,-4.0,-1.1
-4.0,-4.0,-1.1
-4.0,-4.0,-1.1
-4.0,-4.0,-1.1
-4.0,-4.0,-1.1
-4.0,-4.0,-1.1
-4.0,-4.0,-1.1
-4.0,-4.0,-1.1
-4.0,-4.0,-1.1
-4.0,-4.0,-1.1
-4.0,-4.0,-1.1
-4.0,-4.0,-1.1
-4.0,-4.0,-1.1
-4.0,-4.0,-1.1
-4.0,-4.0,-1.1
-4.0,-4.0,-1.1
-4.0,-4.0,-1.1
-4.0,-4.0,-1.1
-4.0,-4.0,-1.1
-4.0,-4.0,-1.1
-4.0,-4.0,-1.1
-4.0,-4.0,-1.1
-4.0,-4.0,-1.1
-4.0,-4.0,-1.1
-4.0,-4.0,-1.1
-4.0,-4.0,-1.1
-4.0,-4.0,-1.1
-4.0,-4.0,-1.1
-4.0,-4.0,-1.1
-4.0,-4.0,-1.1
-4.0,-4.0,-1.1
-4.0,-4.0,-1.1
-4.0,-4.0,-1.1
-4.0,-4.0,-1.1
-4.0,-4.0,-1.1
-4.0,-4.0,-1.1
-4.0,-4.0,-1.1
-4.0,-4.0,-1.1
-4.0,-4.0,-1.1
-4.0,-4.0,-1.1
-4.0,-4.0,-1.1
-4.0,-4.0,-1.1
-4.0,-4.0,-1.1
-4.0,-4.0,-1.1
-4.0,-4.0,-1.1
-4.0,-4.0,-1.1
-4.0,-4.0,-1.1
-4.0,-4.0,-1.1
-4.0,-4.0,-1.1
-4.0,-4.0,-1.1
-4.0,-4.0,-1.1
-4.0,-4.0,-1.1
-4.0,-4.0,-1.1
-4.0,-4.0,-1.1
-4.0,-4.0,-1.1
-4.0,-4.0,-1.1
-4.0,-4.0,-1.1
-4.0,-4.0,-1.1
-4.0,-4.0,-1.1
-4.0,-4.0,-1.1
-4.0,-4.0,-1.1
-4.0,-4.0,-1.1
-4.0,-4.0,-1.1
-4.0,-4.0,-1.1
-4.0,-4.0,-1.1
-4.0,-4.0,-1.1
-4.0,-4.0,-1.1
-4.0,-4.0,-1.1
-4.0,-4.0,-1.1
-4.0,-4.0,-1.1
-4.0,-4.0,-1.1
-4.0,-4.0,-1.1
-4.0,-4.0,-1.1
-4.0,-4.0,-1.1
-4.0,-4.0,-1.1
-4.0,-4.0,-1.1
-4.0,-4.0,-1.1
-4.0,-4.0,-1.1
-4.0,-4.0,-1.1
-4.0,-4.0,-1.1
-4.0,-4.0,-1.1
-4.0,-4.0,-1.1
-4.0,-4.0,-1.1
-4.0,-4.0,-1.1
-4.0,-4.0,-1.1
-4.0,-4.0,-1.1
-4.0,-4.0,-1.1
-4.0,-4.0,-1.1
-4.0,-4.0,-1.1
-4.0,-4.0,-1.1
-4.0,-4.0,-1.1
-4.0,-4.0,-1.1
-4.0,-4.0,-1.1
-4.0,-4.0,-1.1
-4.0,-4.0,-1.1
-4.0,-4.0,-1.1
-4.0,-4.0,-1.1
-4.0,-4.0,-1.1
-4.0,-4.0,-1.1
-4.0,-4.0,-1.1
-4.0,-4.0,-1.1
-4.0,-4.0,-1.1
-4.0,-4.0,-1.1
-4.0,-4.0,-1.1
-4.0,-4.0,-1.1
-4.0,-4.0,-1.1
-4.0,-4.0,-1.1
-4.0,-4.0,-1.1
-4.0,-4.0,-1.1
-4.0,-4.0,-1.1
-4.0,-4.0,-1.1
-4.0,-4.0,-1.1
-4.0,-4.0,-1.1
-4.0,-4.0,-1.1
-4.0,-4.0,-1.1
-4.0,-4.0,-1.1
-4.0,-4.0,-1.1
-4.0,-4.0,-1.1
-4.0,-4.0,-1.1
-4.0,-4.0,-1.1
-4.0,-4.0,-1.1
-4.0,-4.0,-1.1
-4.0,-4.0,-1.1
-4.0,-4.0,-1.1
-4.0,-4.0,-1.1
-4.0,-4.0,-1.1
-4.0,-4.0,-1.1
-4.0,-4.0,-1.1
-4.0,-4.0,-1.1
-4.0,-4.0,-1.1
-4.0,-4.0,-1.1
-4.0,-4.0,-1.1
-4.0,-4.0,-1.1
-4.0,-4.0,-1.1
-4.0,-4.0,-1.1
-4.0,-4.0,-1.1
-4.0,-4.0,-1.1
-4.0,-4.0,-1.1
-4.0,-4.0,-1.1
-4.0,-4.0,-1.1
-4.0,-4.0,-1.1
-4.0,-4.0,-1.1
-4.0,-4.0,-1.1
-4.0,-4.0,-1.1
-4.0,-4.0,-1.1
-4.0,-4.0,-1.1
-4.0,-4.0,-1.1
-4.0,-4.0,-1.1
-4.0,-4.0,-1.1
-4.0,-4.0,-1.1
-4.0,-4.0,-1.1
-4.0,-4.0,-1.1
-4.0,-4.0,-1.1
-4.0,-4.0,-1.1
-4.0,-4.0,-1.1
-4.0,-4.0,-1.1
-4.0,-4.0,-1.1
-4.0,-4.0,-1.1
-4.0,-4.0,-1.1
-4.0,-4.0,-1.1
-4.0,-4.0,-1.1
-4.0,-4.0,-1.1
-4.0,-4.0,-1.1
-4.0,-4.0,-1.1
-4.0,-4.0,-1.1
-4.0,-4.0,-1.1
-4.0,-4.0,-1.1
-4.0,-4.0,-1.1
-4.0,-4.0,-1.1
-4.0,-4.0,-1.1
-4.0,-4.0,-1.1
-4.0,-4.0,-1.1
-4.0,-4.0,-1.1
-4.0,-4.0,-1.1
-4.0,-4.0,-1.1
-4.0,-4.0,-1.1
-4.0,-4.0,-1.1
-4.0,-4.0,-1.1
-4.0,-4.0,-1.1
-4.0,-4.0,-1.1
-4.0,-4.0,-1.1
-4.0,-4.0,-1.1
-4.0,-4.0,-1.1
-4.0,-4.0,-1.1
-4.0,-4.0,-1.1
-4.0,-4.0,-1.1
-4.0,-4.0,-1.1
-4.0,-4.0,-1.1
-4.0,-4.0,-1.1
-4.0,-4.0,-1.1
-4.0,-4.0,-1.1
-4.0,-4.0,-1.1
-4.0,-4.0,-1.1
-4.0,-4.0,-1.1
-4.0,-4.0,-1.1
-4.0,-4.0,-1.1
-4.0,-4.0,-1.1
-4.0,-4.0,-1.1
-4.0,-4.0,-1.1
-4.0,-4.0,-1.1
-4.0,-4.0,-1.1
-4.0,-4.0,-1.1
-4.0,-4.0,-1.1
-4.0,-4.0,-1.1
-4.0,-4.0,-1.1
-4.0,-4.0,-1.1
-4.0,-4.0,-1.1
-4.0,-4.0,-1.1
-4.0,-4.0,-1.1
-4.0,-4.0,-1.1
-4.0,-4.0,-1.1
-4.0,-4.0,-1.1
-4.0,-4.0,-1.1
-4.0,-4.0,-1.1
-4.0,-4.0,-1.1
-4.0,-4.0,-1.1
-4.0,-4.0,-1.1
-4.0,-4.0,-1.1
-4.0,-4.0,-1.1
-4.0,-4.0,-1.1
-4.0,-4.0,-1.1
-4.0,-4.0,-1.1
-4.0,-4.0,-1.1
-4.0,-4.0,-1.1
-4.0,-4.0,-1.1
-4.0,-4.0,-1.1
-4.0,-4.0,-1.1
-4.0,-4.0,-1.1
-4.0,-4.0,-1.1
-4.0,-4.0,-1.1
-4.0,-4.0,-1.1
-4.0,-4.0,-1.1
-4.0,-4.0,-1.1
-4.0,-4.0,-1.1
-4.0,-4.0,-1.1
-4.0,-4.0,-1.1
-4.0,-4.0,-1.1
-4.0,-4.0,-1.1
-4.0,-4.0,-1.1
-4.0,-4.0,-1.1
-4.0,-4.0,-1.1
-4.0,-4.0,-1.1
-4.0,-4.0,-1.1
-4.0,-4.0,-1.1
-4.0,-4.0,-1.1
-4.0,-4.0,-1.1
-4.0,-4.0,-1.1
-4.0,-4.0,-1.1
-4.0,-4.0,-1.1
-4.0,-4.0,-1.1
-4.0,-4.0,-1.1
-4.0,-4.0,-1.1
-4.0,-4.0,-1.1
-4.0,-4.0,-1.1
-4.0,-4.0,-1.1
-4.0,-4.0,-1.1
-4.0,-4.0,-1.1
-4.0,-4.0,-1.1
-4.0,-4.0,-1.1
-4.0,-4.0,-1.1
-4.0,-4.0,-1.1
-4.0,-4.0,-1.1
-4.0,-4.0,-1.1
-4.0,-4.0,-1.1
-4.0,-4.0,-1.1
-4.0,-4.0,-1.1
-4.0,-4.0,-1.1
-4.0,-4.0,-1.1
-4.0,-4.0,-1.1
-4.0,-4.0,-1.1
-4.0,-4.0,-1.1
-4.0,-4.0,-1.1
-4.0,-4.0,-1.1
-4.0,-4.0,-1.1
-4.0,-4.0,-1.1
-4.0,-4.0,-1.1
-4.0,-4.0,-1.1
-4.0,-4.0,-1.1
-4.0,-4.0,-1.1
-4.0,-4.0,-1.1
-4.0,-4.0,-1.1
-4.0,-4.0,-1.1
-4.0,-4.0,-1.1
-4.0,-4.0,-1.1
-4.0,-4.0,-1.1
-4.0,-4.0,-1.1
-4.0,-4.0,-1.1
-4.0,-4.0,-1.1
-4.0,-4.0,-1.1
-4.0,-4.0,-1.1
-4.0,-4.0,-1.1
-4.0,-4.0,-1.1
-4.0,-4.0,-1.1
-4.0,-4.0,-1.1
-4.0,-4.0,-1.1
-4.0,-4.0,-1.1
-4.0,-4.0,-1.1
-4.0,-4.0,-1.1
-4.0,-4.0,-1.1
-4.0,-4.0,-1.1
-4.0,-4.0,-1.1
-4.0,-4.0,-1.1
-4.0,-4.0,-1.1
-4.0,-4.0,-1.1
-4.0,-4.0,-1.1
-4.0,-4.0,-1.1
-4.0,-4.0,-1.1
-4.0,-4.0,-1.1
-4.0,-4.0,-1.1
-4.0,-4.0,-1.1
-4.0,-4.0,-1.1
-4.0,-4.0,-1.1
-4.0,-4.0,-1.1
-4.0,-4.0,-1.1
-4.0,-4.0,-1.1
-4.0,-4.0,-1.1
-4.0,-4.0,-1.1
-4.0,-4.0,-1.1
-4.0,-4.0,-1.1
-4.0,-4.0,-1.1
-4.0,-4.0,-1.1
-4.0,-4.0,-1.1
-4.0,-4.0,-1.1
-4.0,-4.0,-1.1
-4.0,-4.0,-1.1
-4.0,-4.0,-1.1
-4.0,-4.0,-1.1
-4.0,-4.0,-1.1
-4.0,-4.0,-1.1
-4.0,-4.0,-1.1
-4.0,-4.0,-1.1
-4.0,-4.0,-1.1
-4.0,-4.0,-1.1
-4.0,-4.0,-1.1
-4.0,-4.0,-1.1
-4.0,-4.0,-1.1
-4.0,-4.0,-1.1
-4.0,-4.0,-1.1
-4.0,-4.0,-1.1
-4.0,-4.0,-1.1
-4.0,-4.0,-1.1
-4.0,-4.0,-1.1
-4.0,-4.0,-1.1
-4.0,-4.0,-1.1
-4.0,-4.0,-1.1
-4.0,-4.0,-1.1
-4.0,-4.0,-1.1
-4.0,-4.0,-1.1
-4.0,-4.0,-1.1
-4.0,-4.0,-1.1
-4.0,-4.0,-1.1
-4.0,-4.0,-1.1
-4.0,-4.0,-1.1
-4.0,-4.0,-1.1
-4.0,-4.0,-1.1
-4.0,-4.0,-1.1
-4.0,-4.0,-1.1
-4.0,-4.0,-1.1
-4.0,-4.0,-1.1
-4.0,-4.0,-1.1
-4.0,-4.0,-1.1
-4.0,-4.0,-1.1
-4.0,-4.0,-1.1
-4.0,-4.0,-1.1
-4.0,-4.0,-1.1
-4.0,-4.0,-1.1
-4.0,-4.0,-1.1
-4.0,-4.0,-1.1
-4.0,-4.0,-1.1
-4.0,-4.0,-1.1
-4.0,-4.0,-1.1
-4.0,-4.0,-1.1
-4.0,-4.0,-1.1
-4.0,-4.0,-1.1
-4.0,-4.0,-1.1
-4.0,-4.0,-1.1
-4.0,-4.0,-1.1
-4.0,-4.0,-1.1
-4.0,-4.0,-1.1
-4.0,-4.0,-1.1
-4.0,-4.0,-1.1
-4.0,-4.0,-1.1
-4.0,-4.0,-1.1
-4.0,-4.0,-1.1
-4.0,-4.0,-1.1
-4.0,-4.0,-1.1
-4.0,-4.0,-1.1
-4.0,-4.0,-1.1
-4.0,-4.0,-1.1
-4.0,-4.0,-1.1
-4.0,-4.0,-1.1
-4.0,-4.0,-1.1
-4.0,-4.0,-1.1
-4.0,-4.0,-1.1
-4.0,-4.0,-1.1
-4.0,-4.0,-1.1
-4.0,-4.0,-1.1
-4.0,-4.0,-1.1
-4.0,-4.0,-1.1
-4.0,-4.0,-1.1
-4.0,-4.0,-1.1
-4.0,-4.0,-1.1
-4.0,-4.0,-1.1
-4.0,-4.0,-1.1
-4.0,-4.0,-1.1
-4.0,-4.0,-1.1
-4.0,-4.0,-1.1
-4.0,-4.0,-1.1
-4.0,-4.0,-1.1
-4.0,-4.0,-1.1
-4.0,-4.0,-1.1
-4.0,-4.0,-1.1
-4.0,-4.0,-1.1
-4.0,-4.0,-1.1
-4.0,-4.0,-1.1
-4.0,-4.0,-1.1
-4.0,-4.0,-1.1
-4.0,-4.0,-1.1
-4.0,-4.0,-1.1
-4.0,-4.0,-1.1
-4.0,-4.0,-1.1
-4.0,-4.0,-1.1
-4.0,-4.0,-1.1
-4.0,-4.0,-1.1
-4.0,-4.0,-1.1
-4.0,-4.0,-1.1
-4.0,-4.0,-1.1
-4.0,-4.0,-1.1
-4.0,-4.0,-1.1
-4.0,-4.0,-1.1
-4.0,-4.0,-1.1
-4.0,-4.0,-1.1
-4.0,-4.0,-1.1
-4.0,-4.0,-1.1
-4.0,-4.0,-1.1
-4.0,-4.0,-1.1
-4.0,-4.0,-1.1
-4.0,-4.0,-1.1
-4.0,-4.0,-1.1
-4.0,-4.0,-1.1
-4.0,-4.0,-1.1
-4.0,-4.0,-1.1
-4.0,-4.0,-1.1
-4.0,-4.0,-1.1
-4.0,-4.0,-1.1
-4.0,-4.0,-1.1
-4.0,-4.0,-1.1
-4.0,-4.0,-1.1
-4.0,-4.0,-1.1
-4.0,-4.0,-1.1
-4.0,-4.0,-1.1
-4.0,-4.0,-1.1
-4.0,-4.0,-1.1
-4.0,-4.0,-1.1
-4.0,-4.0,-1.1
-4.0,-4.0,-1.1
-4.0,-4.0,-1.1
-4.0,-4.0,-1.1
-4.0,-4.0,-1.1
-4.0,-4.0,-1.1
-4.0,-4.0,-1.1
-4.0,-4.0,-1.1
-4.0,-4.0,-1.1
-4.0,-4.0,-1.1
-4.0,-4.0,-1.1
-4.0,-4.0,-1.1
-4.0,-4.0,-1.1
-4.0,-4.0,-1.1
-4.0,-4.0,-1.1
-4.0,-4.0,-1.1
-4.0,-4.0,-1.1
-4.0,-4.0,-1.1
-4.0,-4.0,-1.1
-4.0,-4.0,-1.1
-4.0,-4.0,-1.1
-4.0,-4.0,-1.1
-4.0,-4.0,-1.1
-4.0,-4.0,-1.1
-4.0,-4.0,-1.1
-4.0,-4.0,-1.1
-4.0,-4.0,-1.1
-4.0,-4.0,-1.1
-4.0,-4.0,-1.1
-4.0,-4.0,-1.1
-4.0,-4.0,-1.1
-4.0,-4.0,-1.1
-4.0,-4.0,-1.1
-4.0,-4.0,-1.1
-4.0,-4.0,-1.1
-4.0,-4.0,-1.1
-4.0,-4.0,-1.1
-4.0,-4.0,-1.1
-4.0,-4.0,-1.1
-4.0,-4.0,-1.1
-4.0,-4.0,-1.1
-4.0,-4.0,-1.1
-4.0,-4.0,-1.1
-4.0,-4.0,-1.1
-4.0,-4.0,-1.1
-4.0,-4.0,-1.1
-4.0,-4.0,-1.1
-4.0,-4.0,-1.1
-4.0,-4.0,-1.1
-4.0,-4.0,-1.1
-4.0,-4.0,-1.1
-4.0,-4.0,-1.1
-4.0,-4.0,-1.1
-4.0,-4.0,-1.1
-4.0,-4.0,-1.1
-4.0,-4.0,-1.1
-4.0,-4.0,-1.1
-4.0,-4.0,-1.1
-4.0,-4.0,-1.1
-4.0,-4.0,-1.1
-4.0,-4.0,-1.1
-4.0,-4.0,-1.1
-4.0,-4.0,-1.1
-4.0,-4.0,-1.1
-4.0,-4.0,-1.1
-4.0,-4.0,-1.1
-4.0,-4.0,-1.1
-4.0,-4.0,-1.1
-4.0,-4.0,-1.1
-4.0,-4.0,-1.1
-4.0,-4.0,-1.1
-4.0,-4.0,-1.1
-4.0,-4.0,-1.1
-4.0,-4.0,-1.1
-4.0,-4.0,-1.1
-4.0,-4.0,-1.1
-4.0,-4.0,-1.1
-4.0,-4.0,-1.1
-4.0,-4.0,-1.1
-4.0,-4.0,-1.1
-4.0,-4.0,-1.1
-4.0,-4.0,-1.1
-4.0,-4.0,-1.1
-4.0,-4.0,-1.1
-4.0,-4.0,-1.1
-4.0,-4.0,-1.1
-4.0,-4.0,-1.1
-4.0,-4.0,-1.1
-4.0,-4.0,-1.1
-4.0,-4.0,-1.1
-4.0,-4.0,-1.1
-4.0,-4.0,-1.1
-4.0,-4.0,-1.1
-4.0,-4.0,-1.1
-4.0,-4.0,-1.1
-4.0,-4.0,-1.1
-4.0,-4.0,-1.1
-4.0,-4.0,-1.1
-4.0,-4.0,-1.1
-4.0,-4.0,-1.1
-4.0,-4.0,-1.1
-4.0,-4.0,-1.1
-4.0,-4.0,-1.1
-4.0,-4.0,-1.1
-4.0,-4.0,-1.1
-4.0,-4.0,-1.1
-4.0,-4.0,-1.1
-4.0,-4.0,-1.1
-4.0,-4.0,-1.1
-4.0,-4.0,-1.1
-4.0,-4.0,-1.1
-4.0,-4.0,-1.1
-4.0,-4.0,-1.1
-4.0,-4.0,-1.1
-4.0,-4.0,-1.1
-4.0,-4.0,-1.1
-4.0,-4.0,-1.1
-4.0,-4.0,-1.1
-4.0,-4.0,-1.1
-4.0,-4.0,-1.1
-4.0,-4.0,-1.1
-4.0,-4.0,-1.1
-4.0,-4.0,-1.1
-4.0,-4.0,-1.1
-4.0,-4.0,-1.1
-4.0,-4.0,-1.1
-4.0,-4.0,-1.1
-4.0,-4.0,-1.1
-4.0,-4.0,-1.1
-4.0,-4.0,-1.1
-4.0,-4.0,-1.1
-4.0,-4.0,-1.1
-4.0,-4.0,-1.1
-4.0,-4.0,-1.1
-4.0,-4.0,-1.1
-4.0,-4.0,-1.1
-4.0,-4.0,-1.1
-4.0,-4.0,-1.1
-4.0,-4.0,-1.1
-4.0,-4.0,-1.1
-4.0,-4.0,-1.1
-4.0,-4.0,-1.1
-4.0,-4.0,-1.1
-4.0,-4.0,-1.1
-4.0,-4.0,-1.1
-4.0,-4.0,-1.1
-4.0,-4.0,-1.1
-4.0,-4.0,-1.1
-4.0,-4.0,-1.1
-4.0,-4.0,-1.1
-4.0,-4.0,-1.1
-4.0,-4.0,-1.1
-4.0,-4.0,-1.1
-4.0,-4.0,-1.1
-4.0,-4.0,-1.1
-4.0,-4.0,-1.1
-4.0,-4.0,-1.1
-4.0,-4.0,-1.1
-4.0,-4.0,-1.1
-4.0,-4.0,-1.1
-4.0,-4.0,-1.1
-4.0,-4.0,-1.1
-4.0,-4.0,-1.1
-4.0,-4.0,-1.1
-4.0,-4.0,-1.1
-4.0,-4.0,-1.1
-4.0,-4.0,-1.1
-4.0,-4.0,-1.1
-4.0,-4.0,-1.1
-4.0,-4.0,-1.1
-4.0,-4.0,-1.1
-4.0,-4.0,-1.1
-4.0,-4.0,-1.1
-4.0,-4.0,-1.1
-4.0,-4.0,-1.1
-4.0,-4.0,-1.1
-4.0,-4.0,-1.1
-4.0,-4.0,-1.1
-4.0,-4.0,-1.1
-4.0,-4.0,-1.1
-4.0,-4.0,-1.1
-4.0,-4.0,-1.1
-4.0,-4.0,-1.1
-4.0,-4.0,-1.1
-4.0,-4.0,-1.1
-4.0,-4.0,-1.1
-4.0,-4.0,-1.1
-4.0,-4.0,-1.1
-4.0,-4.0,-1.1
-4.0,-4.0,-1.1
-4.0,-4.0,-1.1
-4.0,-4.0,-1.1
-4.0,-4.0,-1.1
-4.0,-4.0,-1.1
-4.0,-4.0,-1.1
-4.0,-4.0,-1.1
-4.0,-4.0,-1.1
-4.0,-4.0,-1.1
-4.0,-4.0,-1.1
-4.0,-4.0,-1.1
-4.0,-4.0,-1.1
-4.0,-4.0,-1.1
-4.0,-4.0,-1.1
-4.0,-4.0,-1.1
-4.0,-4.0,-1.1
-4.0,-4.0,-1.1
-4.0,-4.0,-1.1
-4.0,-4.0,-1.1
-4.0,-4.0,-1.1
-4.0,-4.0,-1.1
-4.0,-4.0,-1.1
-4.0,-4.0,-1.1
-4.0,-4.0,-1.1
-4.0,-4.0,-1.1
-4.0,-4.0,-1.1
-4.0,-4.0,-1.1
-4.0,-4.0,-1.1
-4.0,-4.0,-1.1
-4.0,-4.0,-1.1
-4.0,-4.0,-1.1
-4.0,-4.0,-1.1
-4.0,-4.0,-1.1
-4.0,-4.0,-1.1
-4.0,-4.0,-1.1
-4.0,-4.0,-1.1
-4.0,-4.0,-1.1
-4.0,-4.0,-1.1
-4.0,-4.0,-1.1
-4.0,-4.0,-1.1
-4.0,-4.0,-1.1
-4.0,-4.0,-1.1
-4.0,-4.0,-1.1
-4.0,-4.0,-1.1
-4.0,-4.0,-1.1
-4.0,-4.0,-1.1
-4.0,-4.0,-1.1
-4.0,-4.0,-1.1
-4.0,-4.0,-1.1
-4.0,-4.0,-1.1
-4.0,-4.0,-1.1
-4.0,-4.0,-1.1
-4.0,-4.0,-1.1
-4.0,-4.0,-1.1
-4.0,-4.0,-1.1
-4.0,-4.0,-1.1
-4.0,-4.0,-1.1
-4.0,-4.0,-1.1
-4.0,-4.0,-1.1
-4.0,-4.0,-1.1
-4.0,-4.0,-1.1
-4.0,-4.0,-1.1
-4.0,-4.0,-1.1
-4.0,-4.0,-1.1
-4.0,-4.0,-1.1
-4.0,-4.0,-1.1
-4.0,-4.0,-1.1
-4.0,-4.0,-1.1
-4.0,-4.0,-1.1
-4.0,-4.0,-1.1
-4.0,-4.0,-1.1
-4.0,-4.0,-1.1
-4.0,-4.0,-1.1
-4.0,-4.0,-1.1
-4.0,-4.0,-1.1
-4.0,-4.0,-1.1
-4.0,-4.0,-1.1
-4.0,-4.0,-1.1
-4.0,-4.0,-1.1
-4.0,-4.0,-1.1
-4.0,-4.0,-1.1
-4.0,-4.0,-1.1
-4.0,-4.0,-1.1
-4.0,-4.0,-1.1
-4.0,-4.0,-1.1
-4.0,-4.0,-1.1
-4.0,-4.0,-1.1
-4.0,-4.0,-1.1
-4.0,-4.0,-1.1
-4.0,-4.0,-1.1
-4.0,-4.0,-1.1
-4.0,-4.0,-1.1
-4.0,-4.0,-1.1
-4.0,-4.0,-1.1
-4.0,-4.0,-1.1
-4.0,-4.0,-1.1
-4.0,-4.0,-1.1
-4.0,-4.0,-1.1
-4.0,-4.0,-1.1
-4.0,-4.0,-1.1
-4.0,-4.0,-1.1
-4.0,-4.0,-1.1
-4.0,-4.0,-1.1
-4.0,-4.0,-1.1
-4.0,-4.0,-1.1
-4.0,-4.0,-1.1
-4.0,-4.0,-1.1
-4.0,-4.0,-1.1
-4.0,-4.0,-1.1
-4.0,-4.0,-1.1
-4.0,-4.0,-1.1
-4.0,-4.0,-1.1
-4.0,-4.0,-1.1
-4.0,-4.0,-1.1
-4.0,-4.0,-1.1
-4.0,-4.0,-1.1
-4.0,-4.0,-1.1
-4.0,-4.0,-1.1
-4.0,-4.0,-1.1
-4.0,-4.0,-1.1
-4.0,-4.0,-1.1
-4.0,-4.0,-1.1
-4.0,-4.0,-1.1
-4.0,-4.0,-1.1
-4.0,-4.0,-1.1
-4.0,-4.0,-1.1
-4.0,-4.0,-1.1
-4.0,-4.0,-1.1
-4.0,-4.0,-1.1
-4.0,-4.0,-1.1
-4.0,-4.0,-1.1
-4.0,-4.0,-1.1
-4.0,-4.0,-1.1
-4.0,-4.0,-1.1
-4.0,-4.0,-1.1
-4.0,-4.0,-1.1
-4.0,-4.0,-1.1
-4.0,-4.0,-1.1
-4.0,-4.0,-1.1
-4.0,-4.0,-1.1
-4.0,-4.0,-1.1
-4.0,-4.0,-1.1
-4.0,-4.0,-1.1
-4.0,-4.0,-1.1
-4.0,-4.0,-1.1
-4.0,-4.0,-1.1
-4.0,-4.0,-1.1
-4.0,-4.0,-1.1
-4.0,-4.0,-1.1
-4.0,-4.0,-1.1
-4.0,-4.0,-1.1
-4.0,-4.0,-1.1
-4.0,-4.0,-1.1
-4.0,-4.0,-1.1
-4.0,-4.0,-1.1
-4.0,-4.0,-1.1
-4.0,-4.0,-1.1
-4.0,-4.0,-1.1
-4.0,-4.0,-1.1
-4.0,-4.0,-1.1
-4.0,-4.0,-1.1
-4.0,-4.0,-1.1
-4.0,-4.0,-1.1
-4.0,-4.0,-1.1
-4.0,-4.0,-1.1
-4.0,-4.0,-1.1
-4.0,-4.0,-1.1
-4.0,-4.0,-1.1
-4.0,-4.0,-1.1
-4.0,-4.0,-1.1
-4.0,-4.0,-1.1
-4.0,-4.0,-1.1
-4.0,-4.0,-1.1
-4.0,-4.0,-1.1
-4.0,-4.0,-1.1
-4.0,-4.0,-1.1
-4.0,-4.0,-1.1
-4.0,-4.0,-1.1
-4.0,-4.0,-1.1
-4.0,-4.0,-1.1
-4.0,-4.0,-1.1
-4.0,-4.0,-1.1
-4.0,-4.0,-1.1
-4.0,-4.0,-1.1
-4.0,-4.0,-1.1
-4.0,-4.0,-1.1
-4.0,-4.0,-1.1
-4.0,-4.0,-1.1
-4.0,-4.0,-1.1
-4.0,-4.0,-1.1
-4.0,-4.0,-1.1
-4.0,-4.0,-1.1
-4.0,-4.0,-1.1
-4.0,-4.0,-1.1
-4.0,-4.0,-1.1
-4.0,-4.0,-1.1
-4.0,-4.0,-1.1
-4.0,-4.0,-1.1
-4.0,-4.0,-1.1
-4.0,-4.0,-1.1
-4.0,-4.0,-1.1
-4.0,-4.0,-1.1
-4.0,-4.0,-1.1
-4.0,-4.0,-1.1
-4.0,-4.0,-1.1
-4.0,-4.0,-1.1
-4.0,-4.0,-1.1
-4.0,-4.0,-1.1
-4.0,-4.0,-1.1
-4.0,-4.0,-1.1
-4.0,-4.0,-1.1
-4.0,-4.0,-1.1
-4.0,-4.0,-1.1
-4.0,-4.0,-1.1
-4.0,-4.0,-1.1
-4.0,-4.0,-1.1
-4.0,-4.0,-1.1
-4.0,-4.0,-1.1
-4.0,-4.0,-1.1
-4.0,-4.0,-1.1
-4.0,-4.0,-1.1
-4.0,-4.0,-1.1
-4.0,-4.0,-1.1
-4.0,-4.0,-1.1
-4.0,-4.0,-1.1
-4.0,-4.0,-1.1
-4.0,-4.0,-1.1
-4.0,-4.0,-1.1
-4.0,-4.0,-1.1
-4.0,-4.0,-1.1
-4.0,-4.0,-1.1
-4.0,-4.0,-1.1
-4.0,-4.0,-1.1
-4.0,-4.0,-1.1
-4.0,-4.0,-1.1
-4.0,-4.0,-1.1
-4.0,-4.0,-1.1
-4.0,-4.0,-1.1
-4.0,-4.0,-1.1
-4.0,-4.0,-1.1
-4.0,-4.0,-1.1
-4.0,-4.0,-1.1
-4.0,-4.0,-1.1
-4.0,-4.0,-1.1
-4.0,-4.0,-1.1
-4.0,-4.0,-1.1
-4.0,-4.0,-1.1
-4.0,-4.0,-1.1
-4.0,-4.0,-1.1
-4.0,-4.0,-1.1
-4.0,-4.0,-1.1
-4.0,-4.0,-1.1
-4.0,-4.0,-1.1
-4.0,-4.0,-1.1
-4.0,-4.0,-1.1
-4.0,-4.0,-1.1
-4.0,-4.0,-1.1
-4.0,-4.0,-1.1
-4.0,-4.0,-1.1
-4.0,-4.0,-1.1
-4.0,-4.0,-1.1
-4.0,-4.0,-1.1
-4.0,-4.0,-1.1
-4.0,-4.0,-1.1
-4.0,-4.0,-1.1
-4.0,-4.0,-1.1
-4.0,-4.0,-1.1
-4.0,-4.0,-1.1
-4.0,-4.0,-1.1
-4.0,-4.0,-1.1
-4.0,-4.0,-1.1
-4.0,-4.0,-1.1
-4.0,-4.0,-1.1
-4.0,-4.0,-1.1
-4.0,-4.0,-1.1
-4.0,-4.0,-1.1
-4.0,-4.0,-1.1
-4.0,-4.0,-1.1
-4.0,-4.0,-1.1
-4.0,-4.0,-1.1
-4.0,-4.0,-1.1
-4.0,-4.0,-1.1
-4.0,-4.0,-1.1
-4.0,-4.0,-1.1
-4.0,-4.0,-1.1
-4.0,-4.0,-1.1
-4.0,-4.0,-1.1
-4.0,-4.0,-1.1
-4.0,-4.0,-1.1
-4.0,-4.0,-1.1
-4.0,-4.0,-1.1
-4.0,-4.0,-1.1
-4.0,-4.0,-1.1
-4.0,-4.0,-1.1
-4.0,-4.0,-1.1
-4.0,-4.0,-1.1
-4.0,-4.0,-1.1
-4.0,-4.0,-1.1
-4.0,-4.0,-1.1
-4.0,-4.0,-1.1
-4.0,-4.0,-1.1
-4.0,-4.0,-1.1
-4.0,-4.0,-1.1
-4.0,-4.0,-1.1
-4.0,-4.0,-1.1
-4.0,-4.0,-1.1
-4.0,-4.0,-1.1
-4.0,-4.0,-1.1
-4.0,-4.0,-1.1
-4.0,-4.0,-1.1
-4.0,-4.0,-1.1
-4.0,-4.0,-1.1
-4.0,-4.0,-1.1
-4.0,-4.0,-1.1
-4.0,-4.0,-1.1
-4.0,-4.0,-1.1
-4.0,-4.0,-1.1
-4.0,-4.0,-1.1
-4.0,-4.0,-1.1
-4.0,-4.0,-1.1
-4.0,-4.0,-1.1
-4.0,-4.0,-1.1
-4.0,-4.0,-1.1
-4.0,-4.0,-1.1
-4.0,-4.0,-1.1
-4.0,-4.0,-1.1
-4.0,-4.0,-1.1
-4.0,-4.0,-1.1
-4.0,-4.0,-1.1
-4.0,-4.0,-1.1
-4.0,-4.0,-1.1
-4.0,-4.0,-1.1
-4.0,-4.0,-1.1
-4.0,-4.0,-1.1
-4.0,-4.0,-1.1
-4.0,-4.0,-1.1
-4.0,-4.0,-1.1
-4.0,-4.0,-1.1
-4.0,-4.0,-1.1
-4.0,-4.0,-1.1
-4.0,-4.0,-1.1
-4.0,-4.0,-1.1
-4.0,-4.0,-1.1
-4.0,-4.0,-1.1
-4.0,-4.0,-1.1
-4.0,-4.0,-1.1
-4.0,-4.0,-1.1
-4.0,-4.0,-1.1
-4.0,-4.0,-1.1
-4.0,-4.0,-1.1
-4.0,-4.0,-1.1
-4.0,-4.0,-1.1
-4.0,-4.0,-1.1
-4.0,-4.0,-1.1
-4.0,-4.0,-1.1
-4.0,-4.0,-1.1
-4.0,-4.0,-1.1
-4.0,-4.0,-1.1
-4.0,-4.0,-1.1
-4.0,-4.0,-1.1
-4.0,-4.0,-1.1
-4.0,-4.0,-1.1
-4.0,-4.0,-1.1
-4.0,-4.0,-1.1
-4.0,-4.0,-1.1
-4.0,-4.0,-1.1
-4.0,-4.0,-1.1
-4.0,-4.0,-1.1
-4.0,-4.0,-1.1
-4.0,-4.0,-1.1
-4.0,-4.0,-1.1
-4.0,-4.0,-1.1
-4.0,-4.0,-1.1
-4.0,-4.0,-1.1
-4.0,-4.0,-1.1
-4.0,-4.0,-1.1
-4.0,-4.0,-1.1
-4.0,-4.0,-1.1
-4.0,-4.0,-1.1
-4.0,-4.0,-1.1
-4.0,-4.0,-1.1
-4.0,-4.0,-1.1
-4.0,-4.0,-1.1
-4.0,-4.0,-1.1
-4.0,-4.0,-1.1
-4.0,-4.0,-1.1
-4.0,-4.0,-1.1
-4.0,-4.0,-1.1
-4.0,-4.0,-1.1
-4.0,-4.0,-1.1
-4.0,-4.0,-1.1
-4.0,-4.0,-1.1
-4.0,-4.0,-1.1
-4.0,-4.0,-1.1
-4.0,-4.0,-1.1
-4.0,-4.0,-1.1
-4.0,-4.0,-1.1
-4.0,-4.0,-1.1
-4.0,-4.0,-1.1
-4.0,-4.0,-1.1
-4.0,-4.0,-1.1
-4.0,-4.0,-1.1
-4.0,-4.0,-1.1
-4.0,-4.0,-1.1
-4.0,-4.0,-1.1
-4.0,-4.0,-1.1
-4.0,-4.0,-1.1
-4.0,-4.0,-1.1
-4.0,-4.0,-1.1
-4.0,-4.0,-1.1
-4.0,-4.0,-1.1
-4.0,-4.0,-1.1
-4.0,-4.0,-1.1
-4.0,-4.0,-1.1
-4.0,-4.0,-1.1
-4.0,-4.0,-1.1
-4.0,-4.0,-1.1
-4.0,-4.0,-1.1
-4.0,-4.0,-1.1
-4.0,-4.0,-1.1
-4.0,-4.0,-1.1
-4.0,-4.0,-1.1
-4.0,-4.0,-1.1
-4.0,-4.0,-1.1
-4.0,-4.0,-1.1
-4.0,-4.0,-1.1
-4.0,-4.0,-1.1
-4.0,-4.0,-1.1
-4.0,-4.0,-1.1
-4.0,-4.0,-1.1
-4.0,-4.0,-1.1
-4.0,-4.0,-1.1
-4.0,-4.0,-1.1
-4.0,-4.0,-1.1
-4.0,-4.0,-1.1
-4.0,-4.0,-1.1
-4.0,-4.0,-1.1
-4.0,-4.0,-1.1
-4.0,-4.0,-1.1
-4.0,-4.0,-1.1
-4.0,-4.0,-1.1
-4.0,-4.0,-1.1
-4.0,-4.0,-1.1
-4.0,-4.0,-1.1
-4.0,-4.0,-1.1
-4.0,-4.0,-1.1
-4.0,-4.0,-1.1
-4.0,-4.0,-1.1
-4.0,-4.0,-1.1
-4.0,-4.0,-1.1
-4.0,-4.0,-1.1
-4.0,-4.0,-1.1
-4.0,-4.0,-1.1
-4.0,-4.0,-1.1
-4.0,-4.0,-1.1
-4.0,-4.0,-1.1
-4.0,-4.0,-1.1
-4.0,-4.0,-1.1
-4.0,-4.0,-1.1
-4.0,-4.0,-1.1
-4.0,-4.0,-1.1
-4.0,-4.0,-1.1
-4.0,-4.0,-1.1
-4.0,-4.0,-1.1
-4.0,-4.0,-1.1
-4.0,-4.0,-1.1
-4.0,-4.0,-1.1
-4.0,-4.0,-1.1
-4.0,-4.0,-1.1
-4.0,-4.0,-1.1
-4.0,-4.0,-1.1
-4.0,-4.0,-1.1
-4.0,-4.0,-1.1
-4.0,-4.0,-1.1
-4.0,-4.0,-1.1
-4.0,-4.0,-1.1
-4.0,-4.0,-1.1
-4.0,-4.0,-1.1
-4.0,-4.0,-1.1
-4.0,-4.0,-1.1
-4.0,-4.0,-1.1
-4.0,-4.0,-1.1
-4.0,-4.0,-1.1
-4.0,-4.0,-1.1
-4.0,-4.0,-1.1
-4.0,-4.0,-1.1
-4.0,-4.0,-1.1
-4.0,-4.0,-1.1
-4.0,-4.0,-1.1
-4.0,-4.0,-1.1
-4.0,-4.0,-1.1
-4.0,-4.0,-1.1
-4.0,-4.0,-1.1
-4.0,-4.0,-1.1
-4.0,-4.0,-1.1
-4.0,-4.0,-1.1
-4.0,-4.0,-1.1
-4.0,-4.0,-1.1
-4.0,-4.0,-1.1
-4.0,-4.0,-1.1
-4.0,-4.0,-1.1
-4.0,-4.0,-1.1
-4.0,-4.0,-1.1
-4.0,-4.0,-1.1
-4.0,-4.0,-1.1
-4.0,-4.0,-1.1
-4.0,-4.0,-1.1
-4.0,-4.0,-1.1
-4.0,-4.0,-1.1
-4.0,-4.0,-1.1
-4.0,-4.0,-1.1
-4.0,-4.0,-1.1
-4.0,-4.0,-1.1
-4.0,-4.0,-1.1
-4.0,-4.0,-1.1
-4.0,-4.0,-1.1
-4.0,-4.0,-1.1
-4.0,-4.0,-1.1
-4.0,-4.0,-1.1
-4.0,-4.0,-1.1
-4.0,-4.0,-1.1
-4.0,-4.0,-1.1
-4.0,-4.0,-1.1
-4.0,-4.0,-1.1
-4.0,-4.0,-1.1
-4.0,-4.0,-1.1
-4.0,-4.0,-1.1
-4.0,-4.0,-1.1
-4.0,-4.0,-1.1
-4.0,-4.0,-1.1
-4.0,-4.0,-1.1
-4.0,-4.0,-1.1
-4.0,-4.0,-1.1
-4.0,-4.0,-1.1
-4.0,-4.0,-1.1
-4.0,-4.0,-1.1
-4.0,-4.0,-1.1
-4.0,-4.0,-1.1
-4.0,-4.0,-1.1
-4.0,-4.0,-1.1
-4.0,-4.0,-1.1
-4.0,-4.0,-1.1
-4.0,-4.0,-1.1
-4.0,-4.0,-1.1
-4.0,-4.0,-1.1
-4.0,-4.0,-1.1
-4.0,-4.0,-1.1
-4.0,-4.0,-1.1
-4.0,-4.0,-1.1
-4.0,-4.0,-1.1
-4.0,-4.0,-1.1
-4.0,-4.0,-1.1
-4.0,-4.0,-1.1
-4.0,-4.0,-1.1
-4.0,-4.0,-1.1
-4.0,-4.0,-1.1
-4.0,-4.0,-1.1
-4.0,-4.0,-1.1
-4.0,-4.0,-1.1
-4.0,-4.0,-1.1
-4.0,-4.0,-1.1
-4.0,-4.0,-1.1
-4.0,-4.0,-1.1
-4.0,-4.0,-1.1
-4.0,-4.0,-1.1
-4.0,-4.0,-1.1
-4.0,-4.0,-1.1
-4.0,-4.0,-1.1
-4.0,-4.0,-1.1
-4.0,-4.0,-1.1
-4.0,-4.0,-1.1
-4.0,-4.0,-1.1
-4.0,-4.0,-1.1
-4.0,-4.0,-1.1
-4.0,-4.0,-1.1
-4.0,-4.0,-1.1
-4.0,-4.0,-1.1
-4.0,-4.0,-1.1
-4.0,-4.0,-1.1
-4.0,-4.0,-1.1
-4.0,-4.0,-1.1
-4.0,-4.0,-1.1
-4.0,-4.0,-1.1
-4.0,-4.0,-1.1
-4.0,-4.0,-1.1
-4.0,-4.0,-1.1
-4.0,-4.0,-1.1
-4.0,-4.0,-1.1
-4.0,-4.0,-1.1
-4.0,-4.0,-1.1
-4.0,-4.0,-1.1
-4.0,-4.0,-1.1
-4.0,-4.0,-1.1
-4.0,-4.0,-1.1
-4.0,-4.0,-1.1
-4.0,-4.0,-1.1
-4.0,-4.0,-1.1
-4.0,-4.0,-1.1
-4.0,-4.0,-1.1
-4.0,-4.0,-1.1
-4.0,-4.0,-1.1
-4.0,-4.0,-1.1
-4.0,-4.0,-1.1
-4.0,-4.0,-1.1
-4.0,-4.0,-1.1
-4.0,-4.0,-1.1
-4.0,-4.0,-1.1
-4.0,-4.0,-1.1
-4.0,-4.0,-1.1
-4.0,-4.0,-1.1
-4.0,-4.0,-1.1
-4.0,-4.0,-1.1
-4.0,-4.0,-1.1
-4.0,-4.0,-1.1
-4.0,-4.0,-1.1
-4.0,-4.0,-1.1
-4.0,-4.0,-1.1
-4.0,-4.0,-1.1
-4.0,-4.0,-1.1
-4.0,-4.0,-1.1
-4.0,-4.0,-1.1
-4.0,-4.0,-1.1
-4.0,-4.0,-1.1
-4.0,-4.0,-1.1
-4.0,-4.0,-1.1
-4.0,-4.0,-1.1
-4.0,-4.0,-1.1
-4.0,-4.0,-1.1
-4.0,-4.0,-1.1
-4.0,-4.0,-1.1
-4.0,-4.0,-1.1
-4.0,-4.0,-1.1
-4.0,-4.0,-1.1
-4.0,-4.0,-1.1
-4.0,-4.0,-1.1
-4.0,-4.0,-1.1
-4.0,-4.0,-1.1
-4.0,-4.0,-1.1
-4.0,-4.0,-1.1
-4.0,-4.0,-1.1
-4.0,-4.0,-1.1
-4.0,-4.0,-1.1
-4.0,-4.0,-1.1
-4.0,-4.0,-1.1
-4.0,-4.0,-1.1
-4.0,-4.0,-1.1
-4.0,-4.0,-1.1
-4.0,-4.0,-1.1
-4.0,-4.0,-1.1
-4.0,-4.0,-1.1
-4.0,-4.0,-1.1
-4.0,-4.0,-1.1
-4.0,-4.0,-1.1
-4.0,-4.0,-1.1
-4.0,-4.0,-1.1
-4.0,-4.0,-1.1
-4.0,-4.0,-1.1
-4.0,-4.0,-1.1
-4.0,-4.0,-1.1
-4.0,-4.0,-1.1
-4.0,-4.0,-1.1
-4.0,-4.0,-1.1
-4.0,-4.0,-1.1
-4.0,-4.0,-1.1
-4.0,-4.0,-1.1
-4.0,-4.0,-1.1
-4.0,-4.0,-1.1
-4.0,-4.0,-1.1
-4.0,-4.0,-1.1
-4.0,-4.0,-1.1
-4.0,-4.0,-1.1
-4.0,-4.0,-1.1
-4.0,-4.0,-1.1
-4.0,-4.0,-1.1
-4.0,-4.0,-1.1
-4.0,-4.0,-1.1
-4.0,-4.0,-1.1
-4.0,-4.0,-1.1
-4.0,-4.0,-1.1
-4.0,-4.0,-1.1
-4.0,-4.0,-1.1
-4.0,-4.0,-1.1
-4.0,-4.0,-1.1
-4.0,-4.0,-1.1
-4.0,-4.0,-1.1
-4.0,-4.0,-1.1
-4.0,-4.0,-1.1
-4.0,-4.0,-1.1
-4.0,-4.0,-1.1
-4.0,-4.0,-1.1
-4.0,-4.0,-1.1
-4.0,-4.0,-1.1
-4.0,-4.0,-1.1
-4.0,-4.0,-1.1
-4.0,-4.0,-1.1
-4.0,-4.0,-1.1
-4.0,-4.0,-1.1
-4.0,-4.0,-1.1
-4.0,-4.0,-1.1
-4.0,-4.0,-1.1
-4.0,-4.0,-1.1
-4.0,-4.0,-1.1
-4.0,-4.0,-1.1
-4.0,-4.0,-1.1
-4.0,-4.0,-1.1
-4.0,-4.0,-1.1
-4.0,-4.0,-1.1
-4.0,-4.0,-1.1
-4.0,-4.0,-1.1
-4.0,-4.0,-1.1
-4.0,-4.0,-1.1
-4.0,-4.0,-1.1
-4.0,-4.0,-1.1
-4.0,-4.0,-1.1
-4.0,-4.0,-1.1
-4.0,-4.0,-1.1
-4.0,-4.0,-1.1
-4.0,-4.0,-1.1
-4.0,-4.0,-1.1
-4.0,-4.0,-1.1
-4.0,-4.0,-1.1
-4.0,-4.0,-1.1
-4.0,-4.0,-1.1
-4.0,-4.0,-1.1
-4.0,-4.0,-1.1
-4.0,-4.0,-1.1
-4.0,-4.0,-1.1
-4.0,-4.0,-1.1
-4.0,-4.0,-1.1
-4.0,-4.0,-1.1
-4.0,-4.0,-1.1
-4.0,-4.0,-1.1
-4.0,-4.0,-1.1
-4.0,-4.0,-1.1
-4.0,-4.0,-1.1
-4.0,-4.0,-1.1
-4.0,-4.0,-1.1
-4.0,-4.0,-1.1
-4.0,-4.0,-1.1
-4.0,-4.0,-1.1
-4.0,-4.0,-1.1
-4.0,-4.0,-1.1
-4.0,-4.0,-1.1
-4.0,-4.0,-1.1
-4.0,-4.0,-1.1
-4.0,-4.0,-1.1
-4.0,-4.0,-1.1
-4.0,-4.0,-1.1
-4.0,-4.0,-1.1
-4.0,-4.0,-1.1
-4.0,-4.0,-1.1
-4.0,-4.0,-1.1
-4.0,-4.0,-1.1
-4.0,-4.0,-1.1
-4.0,-4.0,-1.1
-4.0,-4.0,-1.1
-4.0,-4.0,-1.1
-4.0,-4.0,-1.1
-4.0,-4.0,-1.1
-4.0,-4.0,-1.1
-4.0,-4.0,-1.1
-4.0,-4.0,-1.1
-4.0,-4.0,-1.1
-4.0,-4.0,-1.1
-4.0,-4.0,-1.1
-4.0,-4.0,-1.1
-4.0,-4.0,-1.1
-4.0,-4.0,-1.1
-4.0,-4.0,-1.1
-4.0,-4.0,-1.1
-4.0,-4.0,-1.1
-4.0,-4.0,-1.1
-4.0,-4.0,-1.1
-4.0,-4.0,-1.1
-4.0,-4.0,-1.1
-4.0,-4.0,-1.1
-4.0,-4.0,-1.1
-4.0,-4.0,-1.1
-4.0,-4.0,-1.1
-4.0,-4.0,-1.1
-4.0,-4.0,-1.1
-4.0,-4.0,-1.1
-4.0,-4.0,-1.1
-4.0,-4.0,-1.1
-4.0,-4.0,-1.1
-4.0,-4.0,-1.1
-4.0,-4.0,-1.1
-4.0,-4.0,-1.1
-4.0,-4.0,-1.1
-4.0,-4.0,-1.1
-4.0,-4.0,-1.1
-4.0,-4.0,-1.1
-4.0,-4.0,-1.1
-4.0,-4.0,-1.1
-4.0,-4.0,-1.1
-4.0,-4.0,-1.1
-4.0,-4.0,-1.1
-4.0,-4.0,-1.1
-4.0,-4.0,-1.1
-4.0,-4.0,-1.1
-4.0,-4.0,-1.1
-4.0,-4.0,-1.1
-4.0,-4.0,-1.1
-4.0,-4.0,-1.1
-4.0,-4.0,-1.1
-4.0,-4.0,-1.1
-4.0,-4.0,-1.1
-4.0,-4.0,-1.1
-4.0,-4.0,-1.1
-4.0,-4.0,-1.1
-4.0,-4.0,-1.1
-4.0,-4.0,-1.1
-4.0,-4.0,-1.1
-4.0,-4.0,-1.1
-4.0,-4.0,-1.1
-4.0,-4.0,-1.1
-4.0,-4.0,-1.1
-4.0,-4.0,-1.1
-4.0,-4.0,-1.1
-4.0,-4.0,-1.1
-4.0,-4.0,-1.1
-4.0,-4.0,-1.1
-4.0,-4.0,-1.1
-4.0,-4.0,-1.1
-4.0,-4.0,-1.1
-4.0,-4.0,-1.1
-4.0,-4.0,-1.1
-4.0,-4.0,-1.1
-4.0,-4.0,-1.1
-4.0,-4.0,-1.1
-4.0,-4.0,-1.1
-4.0,-4.0,-1.1
-4.0,-4.0,-1.1
-4.0,-4.0,-1.1
-4.0,-4.0,-1.1
-4.0,-4.0,-1.1
-4.0,-4.0,-1.1
-4.0,-4.0,-1.1
-4.0,-4.0,-1.1
-4.0,-4.0,-1.1
-4.0,-4.0,-1.1
-4.0,-4.0,-1.1
-4.0,-4.0,-1.1
-4.0,-4.0,-1.1
-4.0,-4.0,-1.1
-4.0,-4.0,-1.1
-4.0,-4.0,-1.1
-4.0,-4.0,-1.1
-4.0,-4.0,-1.1
-4.0,-4.0,-1.1
-4.0,-4.0,-1.1
-4.0,-4.0,-1.1
-4.0,-4.0,-1.1
-4.0,-4.0,-1.1
-4.0,-4.0,-1.1
-4.0,-4.0,-1.1
-4.0,-4.0,-1.1
-4.0,-4.0,-1.1
-4.0,-4.0,-1.1
-4.0,-4.0,-1.1
-4.0,-4.0,-1.1
-4.0,-4.0,-1.1
-4.0,-4.0,-1.1
-4.0,-4.0,-1.1
-4.0,-4.0,-1.1
-4.0,-4.0,-1.1
-4.0,-4.0,-1.1
-4.0,-4.0,-1.1
-4.0,-4.0,-1.1
-4.0,-4.0,-1.1
-4.0,-4.0,-1.1
-4.0,-4.0,-1.1
-4.0,-4.0,-1.1
-4.0,-4.0,-1.1
-4.0,-4.0,-1.1
-4.0,-4.0,-1.1
-4.0,-4.0,-1.1
-4.0,-4.0,-1.1
-4.0,-4.0,-1.1
-4.0,-4.0,-1.1
-4.0,-4.0,-1.1
-4.0,-4.0,-1.1
-4.0,-4.0,-1.1
-4.0,-4.0,-1.1
-4.0,-4.0,-1.1
-4.0,-4.0,-1.1
-4.0,-4.0,-1.1
-4.0,-4.0,-1.1
-4.0,-4.0,-1.1
-4.0,-4.0,-1.1
-4.0,-4.0,-1.1
-4.0,-4.0,-1.1
-4.0,-4.0,-1.1
-4.0,-4.0,-1.1
-4.0,-4.0,-1.1
-4.0,-4.0,-1.1
-4.0,-4.0,-1.1
-4.0,-4.0,-1.1
-4.0,-4.0,-1.1
-4.0,-4.0,-1.1
-4.0,-4.0,-1.1
-4.0,-4.0,-1.1
-4.0,-4.0,-1.1
-4.0,-4.0,-1.1
-4.0,-4.0,-1.1
-4.0,-4.0,-1.1
-4.0,-4.0,-1.1
-4.0,-4.0,-1.1
-4.0,-4.0,-1.1
-4.0,-4.0,-1.1
-4.0,-4.0,-1.1
-4.0,-4.0,-1.1
-4.0,-4.0,-1.1
-4.0,-4.0,-1.1
-4.0,-4.0,-1.1
-4.0,-4.0,-1.1
-4.0,-4.0,-1.1
-4.0,-4.0,-1.1
-4.0,-4.0,-1.1
-4.0,-4.0,-1.1
-4.0,-4.0,-1.1
-4.0,-4.0,-1.1
-4.0,-4.0,-1.1
-4.0,-4.0,-1.1
-4.0,-4.0,-1.1
-4.0,-4.0,-1.1
-4.0,-4.0,-1.1
-4.0,-4.0,-1.1
-4.0,-4.0,-1.1
-4.0,-4.0,-1.1
-4.0,-4.0,-1.1
-4.0,-4.0,-1.1
-4.0,-4.0,-1.1
-4.0,-4.0,-1.1
-4.0,-4.0,-1.1
-4.0,-4.0,-1.1
-4.0,-4.0,-1.1
-4.0,-4.0,-1.1
-4.0,-4.0,-1.1
-4.0,-4.0,-1.1
-4.0,-4.0,-1.1
-4.0,-4.0,-1.1
-4.0,-4.0,-1.1
-4.0,-4.0,-1.1
-4.0,-4.0,-1.1
-4.0,-4.0,-1.1
-4.0,-4.0,-1.1
-4.0,-4.0,-1.1
-4.0,-4.0,-1.1
-4.0,-4.0,-1.1
-4.0,-4.0,-1.1
-4.0,-4.0,-1.1
-4.0,-4.0,-1.1
-4.0,-4.0,-1.1
-4.0,-4.0,-1.1
-4.0,-4.0,-1.1
-4.0,-4.0,-1.1
-4.0,-4.0,-1.1
-4.0,-4.0,-1.1
-4.0,-4.0,-1.1
-4.0,-4.0,-1.1
-4.0,-4.0,-1.1
-4.0,-4.0,-1.1
-4.0,-4.0,-1.1
-4.0,-4.0,-1.1
-4.0,-4.0,-1.1
-4.0,-4.0,-1.1
-4.0,-4.0,-1.1
-4.0,-4.0,-1.1
-4.0,-4.0,-1.1
-4.0,-4.0,-1.1
-4.0,-4.0,-1.1
-4.0,-4.0,-1.1
-4.0,-4.0,-1.1
-4.0,-4.0,-1.1
-4.0,-4.0,-1.1
-4.0,-4.0,-1.1
-4.0,-4.0,-1.1
-4.0,-4.0,-1.1
-4.0,-4.0,-1.1
-4.0,-4.0,-1.1
-4.0,-4.0,-1.1
-4.0,-4.0,-1.1
-4.0,-4.0,-1.1
-4.0,-4.0,-1.1
-4.0,-4.0,-1.1
-4.0,-4.0,-1.1
-4.0,-4.0,-1.1
-4.0,-4.0,-1.1
-4.0,-4.0,-1.1
-4.0,-4.0,-1.1
-4.0,-4.0,-1.1
-4.0,-4.0,-1.1
-4.0,-4.0,-1.1
-4.0,-4.0,-1.1
-4.0,-4.0,-1.1
-4.0,-4.0,-1.1
-4.0,-4.0,-1.1
-4.0,-4.0,-1.1
-4.0,-4.0,-1.1
-4.0,-4.0,-1.1
-4.0,-4.0,-1.1
-4.0,-4.0,-1.1
-4.0,-4.0,-1.1
-4.0,-4.0,-1.1
-4.0,-4.0,-1.1
-4.0,-4.0,-1.1
-4.0,-4.0,-1.1
-4.0,-4.0,-1.1
-4.0,-4.0,-1.1
-4.0,-4.0,-1.1
-4.0,-4.0,-1.1
-4.0,-4.0,-1.1
-4.0,-4.0,-1.1
-4.0,-4.0,-1.1
-4.0,-4.0,-1.1
-4.0,-4.0,-1.1
-4.0,-4.0,-1.1
-4.0,-4.0,-1.1
-4.0,-4.0,-1.1
-4.0,-4.0,-1.1
-4.0,-4.0,-1.1
-4.0,-4.0,-1.1
-4.0,-4.0,-1.1
-4.0,-4.0,-1.1
-4.0,-4.0,-1.1
-4.0,-4.0,-1.1
-4.0,-4.0,-1.1
-4.0,-4.0,-1.1
-4.0,-4.0,-1.1
-4.0,-4.0,-1.1
-4.0,-4.0,-1.1
-4.0,-4.0,-1.1
-4.0,-4.0,-1.1
-4.0,-4.0,-1.1
-4.0,-4.0,-1.1
-4.0,-4.0,-1.1
-4.0,-4.0,-1.1
-4.0,-4.0,-1.1
-4.0,-4.0,-1.1
-4.0,-4.0,-1.1
-4.0,-4.0,-1.1
-4.0,-4.0,-1.1
-4.0,-4.0,-1.1
-4.0,-4.0,-1.1
-4.0,-4.0,-1.1
-4.0,-4.0,-1.1
-4.0,-4.0,-1.1
-4.0,-4.0,-1.1
-4.0,-4.0,-1.1
-4.0,-4.0,-1.1
-4.0,-4.0,-1.1
-4.0,-4.0,-1.1
-4.0,-4.0,-1.1
-4.0,-4.0,-1.1
-4.0,-4.0,-1.1
-4.0,-4.0,-1.1
-4.0,-4.0,-1.1
-4.0,-4.0,-1.1
-4.0,-4.0,-1.1
-4.0,-4.0,-1.1
-4.0,-4.0,-1.1
-4.0,-4.0,-1.1
-4.0,-4.0,-1.1
-4.0,-4.0,-1.1
-4.0,-4.0,-1.1
-4.0,-4.0,-1.1
-4.0,-4.0,-1.1
-4.0,-4.0,-1.1
-4.0,-4.0,-1.1
-4.0,-4.0,-1.1
-4.0,-4.0,-1.1
-4.0,-4.0,-1.1
-4.0,-4.0,-1.1
-4.0,-4.0,-1.1
-4.0,-4.0,-1.1
-4.0,-4.0,-1.1
-4.0,-4.0,-1.1
-4.0,-4.0,-1.1
-4.0,-4.0,-1.1
-4.0,-4.0,-1.1
-4.0,-4.0,-1.1
-4.0,-4.0,-1.1
-4.0,-4.0,-1.1
-4.0,-4.0,-1.1
-4.0,-4.0,-1.1
-4.0,-4.0,-1.1
-4.0,-4.0,-1.1
-4.0,-4.0,-1.1
-4.0,-4.0,-1.1
-4.0,-4.0,-1.1
-4.0,-4.0,-1.1
-4.0,-4.0,-1.1
-4.0,-4.0,-1.1
-4.0,-4.0,-1.1
-4.0,-4.0,-1.1
-4.0,-4.0,-1.1
-4.0,-4.0,-1.1
-4.0,-4.0,-1.1
-4.0,-4.0,-1.1
-4.0,-4.0,-1.1
-4.0,-4.0,-1.1
-4.0,-4.0,-1.1
-4.0,-4.0,-1.1
-4.0,-4.0,-1.1
-4.0,-4.0,-1.1
-4.0,-4.0,-1.1
-4.0,-4.0,-1.1
-4.0,-4.0,-1.1
-4.0,-4.0,-1.1
-4.0,-4.0,-1.1
-4.0,-4.0,-1.1
-4.0,-4.0,-1.1
-4.0,-4.0,-1.1
-4.0,-4.0,-1.1
-4.0,-4.0,-1.1
-4.0,-4.0,-1.1
-4.0,-4.0,-1.1
-4.0,-4.0,-1.1
-4.0,-4.0,-1.1
-4.0,-4.0,-1.1
-4.0,-4.0,-1.1
-4.0,-4.0,-1.1
-4.0,-4.0,-1.1
-4.0,-4.0,-1.1
-4.0,-4.0,-1.1
-4.0,-4.0,-1.1
-4.0,-4.0,-1.1
-4.0,-4.0,-1.1
-4.0,-4.0,-1.1
-4.0,-4.0,-1.1
-4.0,-4.0,-1.1
-4.0,-4.0,-1.1
-4.0,-4.0,-1.1
-4.0,-4.0,-1.1
-4.0,-4.0,-1.1
-4.0,-4.0,-1.1
-4.0,-4.0,-1.1
-4.0,-4.0,-1.1
-4.0,-4.0,-1.1
-4.0,-4.0,-1.1
-4.0,-4.0,-1.1
-4.0,-4.0,-1.1
-4.0,-4.0,-1.1
-4.0,-4.0,-1.1
-4.0,-4.0,-1.1
-4.0,-4.0,-1.1
-4.0,-4.0,-1.1
-4.0,-4.0,-1.1
-4.0,-4.0,-1.1
-4.0,-4.0,-1.1
-4.0,-4.0,-1.1
-4.0,-4.0,-1.1
-4.0,-4.0,-1.1
-4.0,-4.0,-1.1
-4.0,-4.0,-1.1
-4.0,-4.0,-1.1
-4.0,-4.0,-1.1
-4.0,-4.0,-1.1
-4.0,-4.0,-1.1
-4.0,-4.0,-1.1
-4.0,-4.0,-1.1
-4.0,-4.0,-1.1
-4.0,-4.0,-1.1
-4.0,-4.0,-1.1
-4.0,-4.0,-1.1
-4.0,-4.0,-1.1
-4.0,-4.0,-1.1
-4.0,-4.0,-1.1
-4.0,-4.0,-1.1
-4.0,-4.0,-1.1
-4.0,-4.0,-1.1
-4.0,-4.0,-1.1
-4.0,-4.0,-1.1
-4.0,-4.0,-1.1
-4.0,-4.0,-1.1
-4.0,-4.0,-1.1
-4.0,-4.0,-1.1
-4.0,-4.0,-1.1
-4.0,-4.0,-1.1
-4.0,-4.0,-1.1
-4.0,-4.0,-1.1
-4.0,-4.0,-1.1
-4.0,-4.0,-1.1
-4.0,-4.0,-1.1
-4.0,-4.0,-1.1
-4.0,-4.0,-1.1
-4.0,-4.0,-1.1
-4.0,-4.0,-1.1
-4.0,-4.0,-1.1
-4.0,-4.0,-1.1
-4.0,-4.0,-1.1
-4.0,-4.0,-1.1
-4.0,-4.0,-1.1
-4.0,-4.0,-1.1
-4.0,-4.0,-1.1
-4.0,-4.0,-1.1
-4.0,-4.0,-1.1
-4.0,-4.0,-1.1
-4.0,-4.0,-1.1
-4.0,-4.0,-1.1
-4.0,-4.0,-1.1
-4.0,-4.0,-1.1
-4.0,-4.0,-1.1
-4.0,-4.0,-1.1
-4.0,-4.0,-1.1
-4.0,-4.0,-1.1
-4.0,-4.0,-1.1
-4.0,-4.0,-1.1
-4.0,-4.0,-1.1
-4.0,-4.0,-1.1
-4.0,-4.0,-1.1
-4.0,-4.0,-1.1
-4.0,-4.0,-1.1
-4.0,-4.0,-1.1
-4.0,-4.0,-1.1
-4.0,-4.0,-1.1
-4.0,-4.0,-1.1
-4.0,-4.0,-1.1
-4.0,-4.0,-1.1
-4.0,-4.0,-1.1
-4.0,-4.0,-1.1
-4.0,-4.0,-1.1
-4.0,-4.0,-1.1
-4.0,-4.0,-1.1
-4.0,-4.0,-1.1
-4.0,-4.0,-1.1
-4.0,-4.0,-1.1
-4.0,-4.0,-1.1
-4.0,-4.0,-1.1
-4.0,-4.0,-1.1
-4.0,-4.0,-1.1
-4.0,-4.0,-1.1
-4.0,-4.0,-1.1
-4.0,-4.0,-1.1
-4.0,-4.0,-1.1
-4.0,-4.0,-1.1
-4.0,-4.0,-1.1
-4.0,-4.0,-1.1
-4.0,-4.0,-1.1
-4.0,-4.0,-1.1
-4.0,-4.0,-1.1
-4.0,-4.0,-1.1
-4.0,-4.0,-1.1
-4.0,-4.0,-1.1
-4.0,-4.0,-1.1
-4.0,-4.0,-1.1
-4.0,-4.0,-1.1
-4.0,-4.0,-1.1
-4.0,-4.0,-1.1
-4.0,-4.0,-1.1
-4.0,-4.0,-1.1
-4.0,-4.0,-1.1
-4.0,-4.0,-1.1
-4.0,-4.0,-1.1
-4.0,-4.0,-1.1
-4.0,-4.0,-1.1
-4.0,-4.0,-1.1
-4.0,-4.0,-1.1
-4.0,-4.0,-1.1
-4.0,-4.0,-1.1
-4.0,-4.0,-1.1
-4.0,-4.0,-1.1
-4.0,-4.0,-1.1
-4.0,-4.0,-1.1
-4.0,-4.0,-1.1
-4.0,-4.0,-1.1
-4.0,-4.0,-1.1
-4.0,-4.0,-1.1
-4.0,-4.0,-1.1
-4.0,-4.0,-1.1
-4.0,-4.0,-1.1
-4.0,-4.0,-1.1
-4.0,-4.0,-1.1
-4.0,-4.0,-1.1
-4.0,-4.0,-1.1
-4.0,-4.0,-1.1
-4.0,-4.0,-1.1
-4.0,-4.0,-1.1
-4.0,-4.0,-1.1
-4.0,-4.0,-1.1
-4.0,-4.0,-1.1
-4.0,-4.0,-1.1
-4.0,-4.0,-1.1
-4.0,-4.0,-1.1
-4.0,-4.0,-1.1
-4.0,-4.0,-1.1
-4.0,-4.0,-1.1
-4.0,-4.0,-1.1
-4.0,-4.0,-1.1
-4.0,-4.0,-1.1
-4.0,-4.0,-1.1
-4.0,-4.0,-1.1
-4.0,-4.0,-1.1
-4.0,-4.0,-1.1
-4.0,-4.0,-1.1
-4.0,-4.0,-1.1
-4.0,-4.0,-1.1
-4.0,-4.0,-1.1
-4.0,-4.0,-1.1
-4.0,-4.0,-1.1
-4.0,-4.0,-1.1
-4.0,-4.0,-1.1
-4.0,-4.0,-1.1
-4.0,-4.0,-1.1
-4.0,-4.0,-1.1
-4.0,-4.0,-1.1
-4.0,-4.0,-1.1
-4.0,-4.0,-1.1
-4.0,-4.0,-1.1
-4.0,-4.0,-1.1
-4.0,-4.0,-1.1
-4.0,-4.0,-1.1
-4.0,-4.0,-1.1
-4.0,-4.0,-1.1
-4.0,-4.0,-1.1
-4.0,-4.0,-1.1
-4.0,-4.0,-1.1
-4.0,-4.0,-1.1
-4.0,-4.0,-1.1
-4.0,-4.0,-1.1
-4.0,-4.0,-1.1
-4.0,-4.0,-1.1
-4.0,-4.0,-1.1
-4.0,-4.0,-1.1
-4.0,-4.0,-1.1
-4.0,-4.0,-1.1
-4.0,-4.0,-1.1
-4.0,-4.0,-1.1
-4.0,-4.0,-1.1
-4.0,-4.0,-1.1
-4.0,-4.0,-1.1
-4.0,-4.0,-1.1
-4.0,-4.0,-1.1
-4.0,-4.0,-1.1
-4.0,-4.0,-1.1
-4.0,-4.0,-1.1
-4.0,-4.0,-1.1
-4.0,-4.0,-1.1
-4.0,-4.0,-1.1
-4.0,-4.0,-1.1
-4.0,-4.0,-1.1
-4.0,-4.0,-1.1
-4.0,-4.0,-1.1
-4.0,-4.0,-1.1
-4.0,-4.0,-1.1
-4.0,-4.0,-1.1
-4.0,-4.0,-1.1
-4.0,-4.0,-1.1
-4.0,-4.0,-1.1
-4.0,-4.0,-1.1
-4.0,-4.0,-1.1
-4.0,-4.0,-1.1
-4.0,-4.0,-1.1
-4.0,-4.0,-1.1
-4.0,-4.0,-1.1
-4.0,-4.0,-1.1
-4.0,-4.0,-1.1
-4.0,-4.0,-1.1
-4.0,-4.0,-1.1
-4.0,-4.0,-1.1
-4.0,-4.0,-1.1
-4.0,-4.0,-1.1
-4.0,-4.0,-1.1
-4.0,-4.0,-1.1
-4.0,-4.0,-1.1
-4.0,-4.0,-1.1
-4.0,-4.0,-1.1
-4.0,-4.0,-1.1
-4.0,-4.0,-1.1
-4.0,-4.0,-1.1
-4.0,-4.0,-1.1
-4.0,-4.0,-1.1
-4.0,-4.0,-1.1
-4.0,-4.0,-1.1
-4.0,-4.0,-1.1
-4.0,-4.0,-1.1
-4.0,-4.0,-1.1
-4.0,-4.0,-1.1
-4.0,-4.0,-1.1
-4.0,-4.0,-1.1
-4.0,-4.0,-1.1
-4.0,-4.0,-1.1
-4.0,-4.0,-1.1
-4.0,-4.0,-1.1
-4.0,-4.0,-1.1
-4.0,-4.0,-1.1
-4.0,-4.0,-1.1
-4.0,-4.0,-1.1
-4.0,-4.0,-1.1
-4.0,-4.0,-1.1
-4.0,-4.0,-1.1
-4.0,-4.0,-1.1
-4.0,-4.0,-1.1
-4.0,-4.0,-1.1
-4.0,-4.0,-1.1
-4.0,-4.0,-1.1
-4.0,-4.0,-1.1
-4.0,-4.0,-1.1
-4.0,-4.0,-1.1
-4.0,-4.0,-1.1
-4.0,-4.0,-1.1
-4.0,-4.0,-1.1
-4.0,-4.0,-1.1
-4.0,-4.0,-1.1
-4.0,-4.0,-1.1
-4.0,-4.0,-1.1
-4.0,-4.0,-1.1
-4.0,-4.0,-1.1
-4.0,-4.0,-1.1
-4.0,-4.0,-1.1
-4.0,-4.0,-1.1
-4.0,-4.0,-1.1
-4.0,-4.0,-1.1
-4.0,-4.0,-1.1
-4.0,-4.0,-1.1
-4.0,-4.0,-1.1
-4.0,-4.0,-1.1
-4.0,-4.0,-1.1
-4.0,-4.0,-1.1
-4.0,-4.0,-1.1
-4.0,-4.0,-1.1
-4.0,-4.0,-1.1
-4.0,-4.0,-1.1
-4.0,-4.0,-1.1
-4.0,-4.0,-1.1
-4.0,-4.0,-1.1
-4.0,-4.0,-1.1
-4.0,-4.0,-1.1
-4.0,-4.0,-1.1
-4.0,-4.0,-1.1
-4.0,-4.0,-1.1
-4.0,-4.0,-1.1
-4.0,-4.0,-1.1
-4.0,-4.0,-1.1
-4.0,-4.0,-1.1
-4.0,-4.0,-1.1
-4.0,-4.0,-1.1
-4.0,-4.0,-1.1
-4.0,-4.0,-1.1
-4.0,-4.0,-1.1
-4.0,-4.0,-1.1
-4.0,-4.0,-1.1
-4.0,-4.0,-1.1
-4.0,-4.0,-1.1
-4.0,-4.0,-1.1
-4.0,-4.0,-1.1
-4.0,-4.0,-1.1
-4.0,-4.0,-1.1
-4.0,-4.0,-1.1
-4.0,-4.0,-1.1
-4.0,-4.0,-1.1
-4.0,-4.0,-1.1
-4.0,-4.0,-1.1
-4.0,-4.0,-1.1
-4.0,-4.0,-1.1
-4.0,-4.0,-1.1
-4.0,-4.0,-1.1
-4.0,-4.0,-1.1
-4.0,-4.0,-1.1
-4.0,-4.0,-1.1
-4.0,-4.0,-1.1
-4.0,-4.0,-1.1
-4.0,-4.0,-1.1
-4.0,-4.0,-1.1
-4.0,-4.0,-1.1
-4.0,-4.0,-1.1
-4.0,-4.0,-1.1
-4.0,-4.0,-1.1
-4.0,-4.0,-1.1
-4.0,-4.0,-1.1
-4.0,-4.0,-1.1
-4.0,-4.0,-1.1
-4.0,-4.0,-1.1
-4.0,-4.0,-1.1
-4.0,-4.0,-1.1
-4.0,-4.0,-1.1
-4.0,-4.0,-1.1
-4.0,-4.0,-1.1
-4.0,-4.0,-1.1
-4.0,-4.0,-1.1
-4.0,-4.0,-1.1
-4.0,-4.0,-1.1
-4.0,-4.0,-1.1
-4.0,-4.0,-1.1
-4.0,-4.0,-1.1
-4.0,-4.0,-1.1
-4.0,-4.0,-1.1
-4.0,-4.0,-1.1
-4.0,-4.0,-1.1
-4.0,-4.0,-1.1
-4.0,-4.0,-1.1
-4.0,-4.0,-1.1
-4.0,-4.0,-1.1
-4.0,-4.0,-1.1
-4.0,-4.0,-1.1
-4.0,-4.0,-1.1
-4.0,-4.0,-1.1
-4.0,-4.0,-1.1
-4.0,-4.0,-1.1
-4.0,-4.0,-1.1
-4.0,-4.0,-1.1
-4.0,-4.0,-1.1
-4.0,-4.0,-1.1
-4.0,-4.0,-1.1
-4.0,-4.0,-1.1
-4.0,-4.0,-1.1
-4.0,-4.0,-1.1
-4.0,-4.0,-1.1
-4.0,-4.0,-1.1
-4.0,-4.0,-1.1
-4.0,-4.0,-1.1
-4.0,-4.0,-1.1
-4.0,-4.0,-1.1
-4.0,-4.0,-1.1
-4.0,-4.0,-1.1
-4.0,-4.0,-1.1
-4.0,-4.0,-1.1
-4.0,-4.0,-1.1
-4.0,-4.0,-1.1
-4.0,-4.0,-1.1
-4.0,-4.0,-1.1
-4.0,-4.0,-1.1
-4.0,-4.0,-1.1
-4.0,-4.0,-1.1
-4.0,-4.0,-1.1
-4.0,-4.0,-1.1
-4.0,-4.0,-1.1
-4.0,-4.0,-1.1
-4.0,-4.0,-1.1
-4.0,-4.0,-1.1
-4.0,-4.0,-1.1
-4.0,-4.0,-1.1
-4.0,-4.0,-1.1
-4.0,-4.0,-1.1
-4.0,-4.0,-1.1
-4.0,-4.0,-1.1
-4.0,-4.0,-1.1
-4.0,-4.0,-1.1
-4.0,-4.0,-1.1
-4.0,-4.0,-1.1
-4.0,-4.0,-1.1
-4.0,-4.0,-1.1
-4.0,-4.0,-1.1
-4.0,-4.0,-1.1
-4.0,-4.0,-1.1
-4.0,-4.0,-1.1
-4.0,-4.0,-1.1
-4.0,-4.0,-1.1
-4.0,-4.0,-1.1
-4.0,-4.0,-1.1
-4.0,-4.0,-1.1
-4.0,-4.0,-1.1
-4.0,-4.0,-1.1
-4.0,-4.0,-1.1
-4.0,-4.0,-1.1
-4.0,-4.0,-1.1
-4.0,-4.0,-1.1
-4.0,-4.0,-1.1
-4.0,-4.0,-1.1
-4.0,-4.0,-1.1
-4.0,-4.0,-1.1
-4.0,-4.0,-1.1
-4.0,-4.0,-1.1
-4.0,-4.0,-1.1
-4.0,-4.0,-1.1
-4.0,-4.0,-1.1
-4.0,-4.0,-1.1
-4.0,-4.0,-1.1
-4.0,-4.0,-1.1
-4.0,-4.0,-1.1
-4.0,-4.0,-1.1
-4.0,-4.0,-1.1
-4.0,-4.0,-1.1
-4.0,-4.0,-1.1
-4.0,-4.0,-1.1
-4.0,-4.0,-1.1
-4.0,-4.0,-1.1
-4.0,-4.0,-1.1
-4.0,-4.0,-1.1
-4.0,-4.0,-1.1
-4.0,-4.0,-1.1
-4.0,-4.0,-1.1
-4.0,-4.0,-1.1
-4.0,-4.0,-1.1
-4.0,-4.0,-1.1
-4.0,-4.0,-1.1
-4.0,-4.0,-1.1
-4.0,-4.0,-1.1
-4.0,-4.0,-1.1
-4.0,-4.0,-1.1
-4.0,-4.0,-1.1
-4.0,-4.0,-1.1
-4.0,-4.0,-1.1
-4.0,-4.0,-1.1
-4.0,-4.0,-1.1
-4.0,-4.0,-1.1
-4.0,-4.0,-1.1
-4.0,-4.0,-1.1
-4.0,-4.0,-1.1
-4.0,-4.0,-1.1
-4.0,-4.0,-1.1
-4.0,-4.0,-1.1
-4.0,-4.0,-1.1
-4.0,-4.0,-1.1
-4.0,-4.0,-1.1
-4.0,-4.0,-1.1
-4.0,-4.0,-1.1
-4.0,-4.0,-1.1
-4.0,-4.0,-1.1
-4.0,-4.0,-1.1
-4.0,-4.0,-1.1
-4.0,-4.0,-1.1
-4.0,-4.0,-1.1
-4.0,-4.0,-1.1
-4.0,-4.0,-1.1
-4.0,-4.0,-1.1
-4.0,-4.0,-1.1
-4.0,-4.0,-1.1
-4.0,-4.0,-1.1
-4.0,-4.0,-1.1
-4.0,-4.0,-1.1
-4.0,-4.0,-1.1
-4.0,-4.0,-1.1
-4.0,-4.0,-1.1
-4.0,-4.0,-1.1
-4.0,-4.0,-1.1
-4.0,-4.0,-1.1
-4.0,-4.0,-1.1
-4.0,-4.0,-1.1
-4.0,-4.0,-1.1
-4.0,-4.0,-1.1
-4.0,-4.0,-1.1
-4.0,-4.0,-1.1
-4.0,-4.0,-1.1
-4.0,-4.0,-1.1
-4.0,-4.0,-1.1
-4.0,-4.0,-1.1
-4.0,-4.0,-1.1
-4.0,-4.0,-1.1
-4.0,-4.0,-1.1
-4.0,-4.0,-1.1
-4.0,-4.0,-1.1
-4.0,-4.0,-1.1
-4.0,-4.0,-1.1
-4.0,-4.0,-1.1
-4.0,-4.0,-1.1
-4.0,-4.0,-1.1
-4.0,-4.0,-1.1
-4.0,-4.0,-1.1
-4.0,-4.0,-1.1
-4.0,-4.0,-1.1
-4.0,-4.0,-1.1
-4.0,-4.0,-1.1
-4.0,-4.0,-1.1
-4.0,-4.0,-1.1
-4.0,-4.0,-1.1
-4.0,-4.0,-1.1
-4.0,-4.0,-1.1
-4.0,-4.0,-1.1
-4.0,-4.0,-1.1
-4.0,-4.0,-1.1
-4.0,-4.0,-1.1
-4.0,-4.0,-1.1
-4.0,-4.0,-1.1
-4.0,-4.0,-1.1
-4.0,-4.0,-1.1
-4.0,-4.0,-1.1
-4.0,-4.0,-1.1
-4.0,-4.0,-1.1
-4.0,-4.0,-1.1
-4.0,-4.0,-1.1
-4.0,-4.0,-1.1
-4.0,-4.0,-1.1
-4.0,-4.0,-1.1
-4.0,-4.0,-1.1
-4.0,-4.0,-1.1
-4.0,-4.0,-1.1
-4.0,-4.0,-1.1
-4.0,-4.0,-1.1
-4.0,-4.0,-1.1
-4.0,-4.0,-1.1
-4.0,-4.0,-1.1
-4.0,-4.0,-1.1
-4.0,-4.0,-1.1
-4.0,-4.0,-1.1
-4.0,-4.0,-1.1
-4.0,-4.0,-1.1
-4.0,-4.0,-1.1
-4.0,-4.0,-1.1
-4.0,-4.0,-1.1
-4.0,-4.0,-1.1
-4.0,-4.0,-1.1
-4.0,-4.0,-1.1
-4.0,-4.0,-1.1
-4.0,-4.0,-1.1
-4.0,-4.0,-1.1
-4.0,-4.0,-1.1
-4.0,-4.0,-1.1
-4.0,-4.0,-1.1
-4.0,-4.0,-1.1
-4.0,-4.0,-1.1
-4.0,-4.0,-1.1
-4.0,-4.0,-1.1
-4.0,-4.0,-1.1
-4.0,-4.0,-1.1
-4.0,-4.0,-1.1
-4.0,-4.0,-1.1
-4.0,-4.0,-1.1
-4.0,-4.0,-1.1
-4.0,-4.0,-1.1
-4.0,-4.0,-1.1
-4.0,-4.0,-1.1
-4.0,-4.0,-1.1
-4.0,-4.0,-1.1
-4.0,-4.0,-1.1
-4.0,-4.0,-1.1
-4.0,-4.0,-1.1
-4.0,-4.0,-1.1
-4.0,-4.0,-1.1
-4.0,-4.0,-1.1
-4.0,-4.0,-1.1
-4.0,-4.0,-1.1
-4.0,-4.0,-1.1
-4.0,-4.0,-1.1
-4.0,-4.0,-1.1
-4.0,-4.0,-1.1
-4.0,-4.0,-1.1
-4.0,-4.0,-1.1
-4.0,-4.0,-1.1
-4.0,-4.0,-1.1
-4.0,-4.0,-1.1
-4.0,-4.0,-1.1
-4.0,-4.0,-1.1
-4.0,-4.0,-1.1
-4.0,-4.0,-1.1
-4.0,-4.0,-1.1
-4.0,-4.0,-1.1
-4.0,-4.0,-1.1
-4.0,-4.0,-1.1
-4.0,-4.0,-1.1
-4.0,-4.0,-1.1
-4.0,-4.0,-1.1
-4.0,-4.0,-1.1
-4.0,-4.0,-1.1
-4.0,-4.0,-1.1
-4.0,-4.0,-1.1
-4.0,-4.0,-1.1
-4.0,-4.0,-1.1
-4.0,-4.0,-1.1
-4.0,-4.0,-1.1
-4.0,-4.0,-1.1
-4.0,-4.0,-1.1
-4.0,-4.0,-1.1
-4.0,-4.0,-1.1
-4.0,-4.0,-1.1
-4.0,-4.0,-1.1
-4.0,-4.0,-1.1
-4.0,-4.0,-1.1
-4.0,-4.0,-1.1
-4.0,-4.0,-1.1
-4.0,-4.0,-1.1
-4.0,-4.0,-1.1
-4.0,-4.0,-1.1
-4.0,-4.0,-1.1
-4.0,-4.0,-1.1
-4.0,-4.0,-1.1
-4.0,-4.0,-1.1
-4.0,-4.0,-1.1
-4.0,-4.0,-1.1
-4.0,-4.0,-1.1
-4.0,-4.0,-1.1
-4.0,-4.0,-1.1
-4.0,-4.0,-1.1
-4.0,-4.0,-1.1
-4.0,-4.0,-1.1
-4.0,-4.0,-1.1
-4.0,-4.0,-1.1
-4.0,-4.0,-1.1
-4.0,-4.0,-1.1
-4.0,-4.0,-1.1
-4.0,-4.0,-1.1
-4.0,-4.0,-1.1
-4.0,-4.0,-1.1
-4.0,-4.0,-1.1
-4.0,-4.0,-1.1
-4.0,-4.0,-1.1
-4.0,-4.0,-1.1
-4.0,-4.0,-1.1
-4.0,-4.0,-1.1
-4.0,-4.0,-1.1
-4.0,-4.0,-1.1
-4.0,-4.0,-1.1
-4.0,-4.0,-1.1
-4.0,-4.0,-1.1
-4.0,-4.0,-1.1
-4.0,-4.0,-1.1
-4.0,-4.0,-1.1
-4.0,-4.0,-1.1
-4.0,-4.0,-1.1
-4.0,-4.0,-1.1
-4.0,-4.0,-1.1
-4.0,-4.0,-1.1
-4.0,-4.0,-1.1
-4.0,-4.0,-1.1
-4.0,-4.0,-1.1
-4.0,-4.0,-1.1
-4.0,-4.0,-1.1
-4.0,-4.0,-1.1
-4.0,-4.0,-1.1
-4.0,-4.0,-1.1
-4.0,-4.0,-1.1
-4.0,-4.0,-1.1
-4.0,-4.0,-1.1
-4.0,-4.0,-1.1
-4.0,-4.0,-1.1
-4.0,-4.0,-1.1
-4.0,-4.0,-1.1
-4.0,-4.0,-1.1
-4.0,-4.0,-1.1
-4.0,-4.0,-1.1
-4.0,-4.0,-1.1
-4.0,-4.0,-1.1
-4.0,-4.0,-1.1
-4.0,-4.0,-1.1
-4.0,-4.0,-1.1
-4.0,-4.0,-1.1
-4.0,-4.0,-1.1
-4.0,-4.0,-1.1
-4.0,-4.0,-1.1
-4.0,-4.0,-1.1
-4.0,-4.0,-1.1
-4.0,-4.0,-1.1
-4.0,-4.0,-1.1
-4.0,-4.0,-1.1
-4.0,-4.0,-1.1
-4.0,-4.0,-1.1
-4.0,-4.0,-1.1
-4.0,-4.0,-1.1
-4.0,-4.0,-1.1
-4.0,-4.0,-1.1
-4.0,-4.0,-1.1
-4.0,-4.0,-1.1
-4.0,-4.0,-1.1
-4.0,-4.0,-1.1
-4.0,-4.0,-1.1
-4.0,-4.0,-1.1
-4.0,-4.0,-1.1
-4.0,-4.0,-1.1
-4.0,-4.0,-1.1
-4.0,-4.0,-1.1
-4.0,-4.0,-1.1
-4.0,-4.0,-1.1
-4.0,-4.0,-1.1
-4.0,-4.0,-1.1
-4.0,-4.0,-1.1
-4.0,-4.0,-1.1
-4.0,-4.0,-1.1
-4.0,-4.0,-1.1
-4.0,-4.0,-1.1
-4.0,-4.0,-1.1
-4.0,-4.0,-1.1
-4.0,-4.0,-1.1
-4.0,-4.0,-1.1
-4.0,-4.0,-1.1
-4.0,-4.0,-1.1
-4.0,-4.0,-1.1
-4.0,-4.0,-1.1
-4.0,-4.0,-1.1
-4.0,-4.0,-1.1
-4.0,-4.0,-1.1
-4.0,-4.0,-1.1
-4.0,-4.0,-1.1
-4.0,-4.0,-1.1
-4.0,-4.0,-1.1
-4.0,-4.0,-1.1
-4.0,-4.0,-1.1
-4.0,-4.0,-1.1
-4.0,-4.0,-1.1
-4.0,-4.0,-1.1
-4.0,-4.0,-1.1
-4.0,-4.0,-1.1
-4.0,-4.0,-1.1
-4.0,-4.0,-1.1
-4.0,-4.0,-1.1
-4.0,-4.0,-1.1
-4.0,-4.0,-1.1
-4.0,-4.0,-1.1
-4.0,-4.0,-1.1
-4.0,-4.0,-1.1
-4.0,-4.0,-1.1
-4.0,-4.0,-1.1
-4.0,-4.0,-1.1
-4.0,-4.0,-1.1
-4.0,-4.0,-1.1
-4.0,-4.0,-1.1
-4.0,-4.0,-1.1
-4.0,-4.0,-1.1
-4.0,-4.0,-1.1
-4.0,-4.0,-1.1
-4.0,-4.0,-1.1
-4.0,-4.0,-1.1
-4.0,-4.0,-1.1
-4.0,-4.0,-1.1
-4.0,-4.0,-1.1
-4.0,-4.0,-1.1
-4.0,-4.0,-1.1
-4.0,-4.0,-1.1
-4.0,-4.0,-1.1
-4.0,-4.0,-1.1
-4.0,-4.0,-1.1
-4.0,-4.0,-1.1
-4.0,-4.0,-1.1
-4.0,-4.0,-1.1
-4.0,-4.0,-1.1
-4.0,-4.0,-1.1
-4.0,-4.0,-1.1
-4.0,-4.0,-1.1
-4.0,-4.0,-1.1
-4.0,-4.0,-1.1
-4.0,-4.0,-1.1
-4.0,-4.0,-1.1
-4.0,-4.0,-1.1
-4.0,-4.0,-1.1
-4.0,-4.0,-1.1
-4.0,-4.0,-1.1
-4.0,-4.0,-1.1
-4.0,-4.0,-1.1
-4.0,-4.0,-1.1
-4.0,-4.0,-1.1
-4.0,-4.0,-1.1
-4.0,-4.0,-1.1
-4.0,-4.0,-1.1
-4.0,-4.0,-1.1
-4.0,-4.0,-1.1
-4.0,-4.0,-1.1
-4.0,-4.0,-1.1
-4.0,-4.0,-1.1
-4.0,-4.0,-1.1
-4.0,-4.0,-1.1
-4.0,-4.0,-1.1
-4.0,-4.0,-1.1
-4.0,-4.0,-1.1
-4.0,-4.0,-1.1
-4.0,-4.0,-1.1
-4.0,-4.0,-1.1
-4.0,-4.0,-1.1
-4.0,-4.0,-1.1
-4.0,-4.0,-1.1
-4.0,-4.0,-1.1
-4.0,-4.0,-1.1
-4.0,-4.0,-1.1
-4.0,-4.0,-1.1
-4.0,-4.0,-1.1
-4.0,-4.0,-1.1
-4.0,-4.0,-1.1
-4.0,-4.0,-1.1
-4.0,-4.0,-1.1
-4.0,-4.0,-1.1
-4.0,-4.0,-1.1
-4.0,-4.0,-1.1
-4.0,-4.0,-1.1
-4.0,-4.0,-1.1
-4.0,-4.0,-1.1
-4.0,-4.0,-1.1
-4.0,-4.0,-1.1
-4.0,-4.0,-1.1
-4.0,-4.0,-1.1
-4.0,-4.0,-1.1
-4.0,-4.0,-1.1
-4.0,-4.0,-1.1
-4.0,-4.0,-1.1
-4.0,-4.0,-1.1
-4.0,-4.0,-1.1
-4.0,-4.0,-1.1
-4.0,-4.0,-1.1
-4.0,-4.0,-1.1
-4.0,-4.0,-1.1
-4.0,-4.0,-1.1
-4.0,-4.0,-1.1
-4.0,-4.0,-1.1
-4.0,-4.0,-1.1
-4.0,-4.0,-1.1
-4.0,-4.0,-1.1
-4.0,-4.0,-1.1
-4.0,-4.0,-1.1
-4.0,-4.0,-1.1
-4.0,-4.0,-1.1
-4.0,-4.0,-1.1
-4.0,-4.0,-1.1
-4.0,-4.0,-1.1
-4.0,-4.0,-1.1
-4.0,-4.0,-1.1
-4.0,-4.0,-1.1
-4.0,-4.0,-1.1
-4.0,-4.0,-1.1
-4.0,-4.0,-1.1
-4.0,-4.0,-1.1
-4.0,-4.0,-1.1
-4.0,-4.0,-1.1
-4.0,-4.0,-1.1
-4.0,-4.0,-1.1
-4.0,-4.0,-1.1
-4.0,-4.0,-1.1
-4.0,-4.0,-1.1
-4.0,-4.0,-1.1
-4.0,-4.0,-1.1
-4.0,-4.0,-1.1
-4.0,-4.0,-1.1
-4.0,-4.0,-1.1
-4.0,-4.0,-1.1
-4.0,-4.0,-1.1
-4.0,-4.0,-1.1
-4.0,-4.0,-1.1
-4.0,-4.0,-1.1
-4.0,-4.0,-1.1
-4.0,-4.0,-1.1
-4.0,-4.0,-1.1
-4.0,-4.0,-1.1
-4.0,-4.0,-1.1
-4.0,-4.0,-1.1
-4.0,-4.0,-1.1
-4.0,-4.0,-1.1
-4.0,-4.0,-1.1
-4.0,-4.0,-1.1
-4.0,-4.0,-1.1
-4.0,-4.0,-1.1
-4.0,-4.0,-1.1
-4.0,-4.0,-1.1
-4.0,-4.0,-1.1
-4.0,-4.0,-1.1
-4.0,-4.0,-1.1
-4.0,-4.0,-1.1
-4.0,-4.0,-1.1
-4.0,-4.0,-1.1
-4.0,-4.0,-1.1
-4.0,-4.0,-1.1
-4.0,-4.0,-1.1
-4.0,-4.0,-1.1
-4.0,-4.0,-1.1
-4.0,-4.0,-1.1
-4.0,-4.0,-1.1
-4.0,-4.0,-1.1
-4.0,-4.0,-1.1
-4.0,-4.0,-1.1
-4.0,-4.0,-1.1
-4.0,-4.0,-1.1
-4.0,-4.0,-1.1
-4.0,-4.0,-1.1
-4.0,-4.0,-1.1
-4.0,-4.0,-1.1
-4.0,-4.0,-1.1
-4.0,-4.0,-1.1
-4.0,-4.0,-1.1
-4.0,-4.0,-1.1
-4.0,-4.0,-1.1
-4.0,-4.0,-1.1
-4.0,-4.0,-1.1
-4.0,-4.0,-1.1
-4.0,-4.0,-1.1
-4.0,-4.0,-1.1
-4.0,-4.0,-1.1
-4.0,-4.0,-1.1
-4.0,-4.0,-1.1
-4.0,-4.0,-1.1
-4.0,-4.0,-1.1
-4.0,-4.0,-1.1
-4.0,-4.0,-1.1
-4.0,-4.0,-1.1
-4.0,-4.0,-1.1
-4.0,-4.0,-1.1
-4.0,-4.0,-1.1
-4.0,-4.0,-1.1
-4.0,-4.0,-1.1
-4.0,-4.0,-1.1
-4.0,-4.0,-1.1
-4.0,-4.0,-1.1
-4.0,-4.0,-1.1
-4.0,-4.0,-1.1
-4.0,-4.0,-1.1
-4.0,-4.0,-1.1
-4.0,-4.0,-1.1
-4.0,-4.0,-1.1
-4.0,-4.0,-1.1
-4.0,-4.0,-1.1
-4.0,-4.0,-1.1
-4.0,-4.0,-1.1
-4.0,-4.0,-1.1
-4.0,-4.0,-1.1
-4.0,-4.0,-1.1
-4.0,-4.0,-1.1
-4.0,-4.0,-1.1
-4.0,-4.0,-1.1
-4.0,-4.0,-1.1
-4.0,-4.0,-1.1
-4.0,-4.0,-1.1
-4.0,-4.0,-1.1
-4.0,-4.0,-1.1
-4.0,-4.0,-1.1
-4.0,-4.0,-1.1
-4.0,-4.0,-1.1
-4.0,-4.0,-1.1
-4.0,-4.0,-1.1
-4.0,-4.0,-1.1
-4.0,-4.0,-1.1
-4.0,-4.0,-1.1
-4.0,-4.0,-1.1
-4.0,-4.0,-1.1
-4.0,-4.0,-1.1
-4.0,-4.0,-1.1
-4.0,-4.0,-1.1
-4.0,-4.0,-1.1
-4.0,-4.0,-1.1
-4.0,-4.0,-1.1
-4.0,-4.0,-1.1
-4.0,-4.0,-1.1
-4.0,-4.0,-1.1
-4.0,-4.0,-1.1
-4.0,-4.0,-1.1
-4.0,-4.0,-1.1
-4.0,-4.0,-1.1
-4.0,-4.0,-1.1
-4.0,-4.0,-1.1
-4.0,-4.0,-1.1
-4.0,-4.0,-1.1
-4.0,-4.0,-1.1
-4.0,-4.0,-1.1
-4.0,-4.0,-1.1
-4.0,-4.0,-1.1
-4.0,-4.0,-1.1
-4.0,-4.0,-1.1
-4.0,-4.0,-1.1
-4.0,-4.0,-1.1
-4.0,-4.0,-1.1
-4.0,-4.0,-1.1
-4.0,-4.0,-1.1
-4.0,-4.0,-1.1
-4.0,-4.0,-1.1
-4.0,-4.0,-1.1
-4.0,-4.0,-1.1
-4.0,-4.0,-1.1
-4.0,-4.0,-1.1
-4.0,-4.0,-1.1
-4.0,-4.0,-1.1
-4.0,-4.0,-1.1
-4.0,-4.0,-1.1
-4.0,-4.0,-1.1
-4.0,-4.0,-1.1
-4.0,-4.0,-1.1
-4.0,-4.0,-1.1
-4.0,-4.0,-1.1
-4.0,-4.0,-1.1
-4.0,-4.0,-1.1
-4.0,-4.0,-1.1
-4.0,-4.0,-1.1
-4.0,-4.0,-1.1
-4.0,-4.0,-1.1
-4.0,-4.0,-1.1
-4.0,-4.0,-1.1
-4.0,-4.0,-1.1
-4.0,-4.0,-1.1
-4.0,-4.0,-1.1
-4.0,-4.0,-1.1
-4.0,-4.0,-1.1
-4.0,-4.0,-1.1
-4.0,-4.0,-1.1
-4.0,-4.0,-1.1
-4.0,-4.0,-1.1
-4.0,-4.0,-1.1
-4.0,-4.0,-1.1
-4.0,-4.0,-1.1
-4.0,-4.0,-1.1
-4.0,-4.0,-1.1
-4.0,-4.0,-1.1
-4.0,-4.0,-1.1
-4.0,-4.0,-1.1
-4.0,-4.0,-1.1
-4.0,-4.0,-1.1
-4.0,-4.0,-1.1
-4.0,-4.0,-1.1
-4.0,-4.0,-1.1
-4.0,-4.0,-1.1
-4.0,-4.0,-1.1
-4.0,-4.0,-1.1
-4.0,-4.0,-1.1
-4.0,-4.0,-1.1
-4.0,-4.0,-1.1
-4.0,-4.0,-1.1
-4.0,-4.0,-1.1
-4.0,-4.0,-1.1
-4.0,-4.0,-1.1
-4.0,-4.0,-1.1
-4.0,-4.0,-1.1
-4.0,-4.0,-1.1
-4.0,-4.0,-1.1
-4.0,-4.0,-1.1
-4.0,-4.0,-1.1
-4.0,-4.0,-1.1
-4.0,-4.0,-1.1
-4.0,-4.0,-1.1
-4.0,-4.0,-1.1
-4.0,-4.0,-1.1
-4.0,-4.0,-1.1
-4.0,-4.0,-1.1
-4.0,-4.0,-1.1
-4.0,-4.0,-1.1
-4.0,-4.0,-1.1
-4.0,-4.0,-1.1
-4.0,-4.0,-1.1
-4.0,-4.0,-1.1
-4.0,-4.0,-1.1
-4.0,-4.0,-1.1
-4.0,-4.0,-1.1
-4.0,-4.0,-1.1
-4.0,-4.0,-1.1
-4.0,-4.0,-1.1
-4.0,-4.0,-1.1
-4.0,-4.0,-1.1
-4.0,-4.0,-1.1
-4.0,-4.0,-1.1
-4.0,-4.0,-1.1
-4.0,-4.0,-1.1
-4.0,-4.0,-1.1
-4.0,-4.0,-1.1
-4.0,-4.0,-1.1
-4.0,-4.0,-1.1
-4.0,-4.0,-1.1
-4.0,-4.0,-1.1
-4.0,-4.0,-1.1
-4.0,-4.0,-1.1
-4.0,-4.0,-1.1
-4.0,-4.0,-1.1
-4.0,-4.0,-1.1
-4.0,-4.0,-1.1
-4.0,-4.0,-1.1
-4.0,-4.0,-1.1
-4.0,-4.0,-1.1
-4.0,-4.0,-1.1
-4.0,-4.0,-1.1
-4.0,-4.0,-1.1
-4.0,-4.0,-1.1
-4.0,-4.0,-1.1
-4.0,-4.0,-1.1
-4.0,-4.0,-1.1
-4.0,-4.0,-1.1
-4.0,-4.0,-1.1
-4.0,-4.0,-1.1
-4.0,-4.0,-1.1
-4.0,-4.0,-1.1
-4.0,-4.0,-1.1
-4.0,-4.0,-1.1
-4.0,-4.0,-1.1
-4.0,-4.0,-1.1
-4.0,-4.0,-1.1
-4.0,-4.0,-1.1
-4.0,-4.0,-1.1
-4.0,-4.0,-1.1
-4.0,-4.0,-1.1
-4.0,-4.0,-1.1
-4.0,-4.0,-1.1
-4.0,-4.0,-1.1
-4.0,-4.0,-1.1
-4.0,-4.0,-1.1
-4.0,-4.0,-1.1
-4.0,-4.0,-1.1
-4.0,-4.0,-1.1
-4.0,-4.0,-1.1
-4.0,-4.0,-1.1
-4.0,-4.0,-1.1
-4.0,-4.0,-1.1
-4.0,-4.0,-1.1
-4.0,-4.0,-1.1
-4.0,-4.0,-1.1
-4.0,-4.0,-1.1
-4.0,-4.0,-1.1
-4.0,-4.0,-1.1
-4.0,-4.0,-1.1
-4.0,-4.0,-1.1
-4.0,-4.0,-1.1
-4.0,-4.0,-1.1
-4.0,-4.0,-1.1
-4.0,-4.0,-1.1
-4.0,-4.0,-1.1
-4.0,-4.0,-1.1
-4.0,-4.0,-1.1
-4.0,-4.0,-1.1
-4.0,-4.0,-1.1
-4.0,-4.0,-1.1
-4.0,-4.0,-1.1
-4.0,-4.0,-1.1
-4.0,-4.0,-1.1
-4.0,-4.0,-1.1
-4.0,-4.0,-1.1
-4.0,-4.0,-1.1
-4.0,-4.0,-1.1
-4.0,-4.0,-1.1
-4.0,-4.0,-1.1
-4.0,-4.0,-1.1
-4.0,-4.0,-1.1
-4.0,-4.0,-1.1
-4.0,-4.0,-1.1
-4.0,-4.0,-1.1
-4.0,-4.0,-1.1
-4.0,-4.0,-1.1
-4.0,-4.0,-1.1
-4.0,-4.0,-1.1
-4.0,-4.0,-1.1
-4.0,-4.0,-1.1
-4.0,-4.0,-1.1
-4.0,-4.0,-1.1
-4.0,-4.0,-1.1
-4.0,-4.0,-1.1
-4.0,-4.0,-1.1
-4.0,-4.0,-1.1
-4.0,-4.0,-1.1
-4.0,-4.0,-1.1
-4.0,-4.0,-1.1
-4.0,-4.0,-1.1
-4.0,-4.0,-1.1
-4.0,-4.0,-1.1
-4.0,-4.0,-1.1
-4.0,-4.0,-1.1
-4.0,-4.0,-1.1
-4.0,-4.0,-1.1
-4.0,-4.0,-1.1
-4.0,-4.0,-1.1
-4.0,-4.0,-1.1
-4.0,-4.0,-1.1
-4.0,-4.0,-1.1
-4.0,-4.0,-1.1
-4.0,-4.0,-1.1
-4.0,-4.0,-1.1
-4.0,-4.0,-1.1
-4.0,-4.0,-1.1
-4.0,-4.0,-1.1
-4.0,-4.0,-1.1
-4.0,-4.0,-1.1
-4.0,-4.0,-1.1
-4.0,-4.0,-1.1
-4.0,-4.0,-1.1
-4.0,-4.0,-1.1
-4.0,-4.0,-1.1
-4.0,-4.0,-1.1
-4.0,-4.0,-1.1
-4.0,-4.0,-1.1
-4.0,-4.0,-1.1
-4.0,-4.0,-1.1
-4.0,-4.0,-1.1
-4.0,-4.0,-1.1
-4.0,-4.0,-1.1
-4.0,-4.0,-1.1
-4.0,-4.0,-1.1
-4.0,-4.0,-1.1
-4.0,-4.0,-1.1
-4.0,-4.0,-1.1
-4.0,-4.0,-1.1
-4.0,-4.0,-1.1
-4.0,-4.0,-1.1
-4.0,-4.0,-1.1
-4.0,-4.0,-1.1
-4.0,-4.0,-1.1
-4.0,-4.0,-1.1
-4.0,-4.0,-1.1
-4.0,-4.0,-1.1
-4.0,-4.0,-1.1
-4.0,-4.0,-1.1
-4.0,-4.0,-1.1
-4.0,-4.0,-1.1
-4.0,-4.0,-1.1
-4.0,-4.0,-1.1
-4.0,-4.0,-1.1
-4.0,-4.0,-1.1
-4.0,-4.0,-1.1
-4.0,-4.0,-1.1
-4.0,-4.0,-1.1
-4.0,-4.0,-1.1
-4.0,-4.0,-1.1
-4.0,-4.0,-1.1
-4.0,-4.0,-1.1
-4.0,-4.0,-1.1
-4.0,-4.0,-1.1
-4.0,-4.0,-1.1
-4.0,-4.0,-1.1
-4.0,-4.0,-1.1
-4.0,-4.0,-1.1
-4.0,-4.0,-1.1
-4.0,-4.0,-1.1
-4.0,-4.0,-1.1
-4.0,-4.0,-1.1
-4.0,-4.0,-1.1
-4.0,-4.0,-1.1
-4.0,-4.0,-1.1
-4.0,-4.0,-1.1
-4.0,-4.0,-1.1
-4.0,-4.0,-1.1
-4.0,-4.0,-1.1
-4.0,-4.0,-1.1
-4.0,-4.0,-1.1
-4.0,-4.0,-1.1
-4.0,-4.0,-1.1
-4.0,-4.0,-1.1
-4.0,-4.0,-1.1
-4.0,-4.0,-1.1
-4.0,-4.0,-1.1
-4.0,-4.0,-1.1
-4.0,-4.0,-1.1
-4.0,-4.0,-1.1
-4.0,-4.0,-1.1
-4.0,-4.0,-1.1
-4.0,-4.0,-1.1
-4.0,-4.0,-1.1
-4.0,-4.0,-1.1
-4.0,-4.0,-1.1
-4.0,-4.0,-1.1
-4.0,-4.0,-1.1
-4.0,-4.0,-1.1
-4.0,-4.0,-1.1
-4.0,-4.0,-1.1
-4.0,-4.0,-1.1
-4.0,-4.0,-1.1
-4.0,-4.0,-1.1
-4.0,-4.0,-1.1
-4.0,-4.0,-1.1
-4.0,-4.0,-1.1
-4.0,-4.0,-1.1
-4.0,-4.0,-1.1
-4.0,-4.0,-1.1
-4.0,-4.0,-1.1
-4.0,-4.0,-1.1
-4.0,-4.0,-1.1
-4.0,-4.0,-1.1
-4.0,-4.0,-1.1
-4.0,-4.0,-1.1
-4.0,-4.0,-1.1
-4.0,-4.0,-1.1
-4.0,-4.0,-1.1
-4.0,-4.0,-1.1
-4.0,-4.0,-1.1
-4.0,-4.0,-1.1
-4.0,-4.0,-1.1
-4.0,-4.0,-1.1
-4.0,-4.0,-1.1
-4.0,-4.0,-1.1
-4.0,-4.0,-1.1
-4.0,-4.0,-1.1
-4.0,-4.0,-1.1
-4.0,-4.0,-1.1
-4.0,-4.0,-1.1
-4.0,-4.0,-1.1
-4.0,-4.0,-1.1
-4.0,-4.0,-1.1
-4.0,-4.0,-1.1
-4.0,-4.0,-1.1
-4.0,-4.0,-1.1
-4.0,-4.0,-1.1
-4.0,-4.0,-1.1
-4.0,-4.0,-1.1
-4.0,-4.0,-1.1
-4.0,-4.0,-1.1
-4.0,-4.0,-1.1
-4.0,-4.0,-1.1
-4.0,-4.0,-1.1
-4.0,-4.0,-1.1
-4.0,-4.0,-1.1
-4.0,-4.0,-1.1
-4.0,-4.0,-1.1
-4.0,-4.0,-1.1
-4.0,-4.0,-1.1
-4.0,-4.0,-1.1
-4.0,-4.0,-1.1
-4.0,-4.0,-1.1
-4.0,-4.0,-1.1
-4.0,-4.0,-1.1
-4.0,-4.0,-1.1
-4.0,-4.0,-1.1
-4.0,-4.0,-1.1
-4.0,-4.0,-1.1
-4.0,-4.0,-1.1
-4.0,-4.0,-1.1
-4.0,-4.0,-1.1
-4.0,-4.0,-1.1
-4.0,-4.0,-1.1
-4.0,-4.0,-1.1
-4.0,-4.0,-1.1
-4.0,-4.0,-1.1
-4.0,-4.0,-1.1
-4.0,-4.0,-1.1
-4.0,-4.0,-1.1
-4.0,-4.0,-1.1
-4.0,-4.0,-1.1
-4.0,-4.0,-1.1
-4.0,-4.0,-1.1
-4.0,-4.0,-1.1
-4.0,-4.0,-1.1
-4.0,-4.0,-1.1
-4.0,-4.0,-1.1
-4.0,-4.0,-1.1
-4.0,-4.0,-1.1
-4.0,-4.0,-1.1
-4.0,-4.0,-1.1
-4.0,-4.0,-1.1
-4.0,-4.0,-1.1
-4.0,-4.0,-1.1
-4.0,-4.0,-1.1
-4.0,-4.0,-1.1
-4.0,-4.0,-1.1
-4.0,-4.0,-1.1
-4.0,-4.0,-1.1
-4.0,-4.0,-1.1
-4.0,-4.0,-1.1
-4.0,-4.0,-1.1
-4.0,-4.0,-1.1
-4.0,-4.0,-1.1
-4.0,-4.0,-1.1
-4.0,-4.0,-1.1
-4.0,-4.0,-1.1
-4.0,-4.0,-1.1
-4.0,-4.0,-1.1
-4.0,-4.0,-1.1
-4.0,-4.0,-1.1
-4.0,-4.0,-1.1
-4.0,-4.0,-1.1
-4.0,-4.0,-1.1
-4.0,-4.0,-1.1
-4.0,-4.0,-1.1
-4.0,-4.0,-1.1
-4.0,-4.0,-1.1
-4.0,-4.0,-1.1
-4.0,-4.0,-1.1
-4.0,-4.0,-1.1
-4.0,-4.0,-1.1
-4.0,-4.0,-1.1
-4.0,-4.0,-1.1
-4.0,-4.0,-1.1
-4.0,-4.0,-1.1
-4.0,-4.0,-1.1
-4.0,-4.0,-1.1
-4.0,-4.0,-1.1
-4.0,-4.0,-1.1
-4.0,-4.0,-1.1
-4.0,-4.0,-1.1
-4.0,-4.0,-1.1
-4.0,-4.0,-1.1
-4.0,-4.0,-1.1
-4.0,-4.0,-1.1
-4.0,-4.0,-1.1
-4.0,-4.0,-1.1
-4.0,-4.0,-1.1
-4.0,-4.0,-1.1
-4.0,-4.0,-1.1
-4.0,-4.0,-1.1
-4.0,-4.0,-1.1
-4.0,-4.0,-1.1
-4.0,-4.0,-1.1
-4.0,-4.0,-1.1
-4.0,-4.0,-1.1
-4.0,-4.0,-1.1
-4.0,-4.0,-1.1
-4.0,-4.0,-1.1
-4.0,-4.0,-1.1
-4.0,-4.0,-1.1
-4.0,-4.0,-1.1
-4.0,-4.0,-1.1
-4.0,-4.0,-1.1
-4.0,-4.0,-1.1
-4.0,-4.0,-1.1
-4.0,-4.0,-1.1
-4.0,-4.0,-1.1
-4.0,-4.0,-1.1
-4.0,-4.0,-1.1
-4.0,-4.0,-1.1
-4.0,-4.0,-1.1
-4.0,-4.0,-1.1
-4.0,-4.0,-1.1
-4.0,-4.0,-1.1
-4.0,-4.0,-1.1
-4.0,-4.0,-1.1
-4.0,-4.0,-1.1
-4.0,-4.0,-1.1
-4.0,-4.0,-1.1
-4.0,-4.0,-1.1
-4.0,-4.0,-1.1
-4.0,-4.0,-1.1
-4.0,-4.0,-1.1
-4.0,-4.0,-1.1
-4.0,-4.0,-1.1
-4.0,-4.0,-1.1
-4.0,-4.0,-1.1
-4.0,-4.0,-1.1
-4.0,-4.0,-1.1
-4.0,-4.0,-1.1
-4.0,-4.0,-1.1
-4.0,-4.0,-1.1
-4.0,-4.0,-1.1
-4.0,-4.0,-1.1
-4.0,-4.0,-1.1
-4.0,-4.0,-1.1
-4.0,-4.0,-1.1
-4.0,-4.0,-1.1
-4.0,-4.0,-1.1
-4.0,-4.0,-1.1
-4.0,-4.0,-1.1
-4.0,-4.0,-1.1
-4.0,-4.0,-1.1
-4.0,-4.0,-1.1
-4.0,-4.0,-1.1
-4.0,-4.0,-1.1
-4.0,-4.0,-1.1
-4.0,-4.0,-1.1
-4.0,-4.0,-1.1
-4.0,-4.0,-1.1
-4.0,-4.0,-1.1
-4.0,-4.0,-1.1
-4.0,-4.0,-1.1
-4.0,-4.0,-1.1
-4.0,-4.0,-1.1
-4.0,-4.0,-1.1
-4.0,-4.0,-1.1
-4.0,-4.0,-1.1
-4.0,-4.0,-1.1
-4.0,-4.0,-1.1
-4.0,-4.0,-1.1
-4.0,-4.0,-1.1
-4.0,-4.0,-1.1
-4.0,-4.0,-1.1
-4.0,-4.0,-1.1
-4.0,-4.0,-1.1
-4.0,-4.0,-1.1
-4.0,-4.0,-1.1
-4.0,-4.0,-1.1
-4.0,-4.0,-1.1
-4.0,-4.0,-1.1
-4.0,-4.0,-1.1
-4.0,-4.0,-1.1
-4.0,-4.0,-1.1
-4.0,-4.0,-1.1
-4.0,-4.0,-1.1
-4.0,-4.0,-1.1
-4.0,-4.0,-1.1
-4.0,-4.0,-1.1
-4.0,-4.0,-1.1
-4.0,-4.0,-1.1
-4.0,-4.0,-1.1
-4.0,-4.0,-1.1
-4.0,-4.0,-1.1
-4.0,-4.0,-1.1
-4.0,-4.0,-1.1
-4.0,-4.0,-1.1
-4.0,-4.0,-1.1
-4.0,-4.0,-1.1
-4.0,-4.0,-1.1
-4.0,-4.0,-1.1
-4.0,-4.0,-1.1
-4.0,-4.0,-1.1
-4.0,-4.0,-1.1
-4.0,-4.0,-1.1
-4.0,-4.0,-1.1
-4.0,-4.0,-1.1
-4.0,-4.0,-1.1
-4.0,-4.0,-1.1
-4.0,-4.0,-1.1
-4.0,-4.0,-1.1
-4.0,-4.0,-1.1
-4.0,-4.0,-1.1
-4.0,-4.0,-1.1
-4.0,-4.0,-1.1
-4.0,-4.0,-1.1
-4.0,-4.0,-1.1
-4.0,-4.0,-1.1
-4.0,-4.0,-1.1
-4.0,-4.0,-1.1
-4.0,-4.0,-1.1
-4.0,-4.0,-1.1
-4.0,-4.0,-1.1
-4.0,-4.0,-1.1
-4.0,-4.0,-1.1
-4.0,-4.0,-1.1
-4.0,-4.0,-1.1
-4.0,-4.0,-1.1
-4.0,-4.0,-1.1
-4.0,-4.0,-1.1
-4.0,-4.0,-1.1
-4.0,-4.0,-1.1
-4.0,-4.0,-1.1
-4.0,-4.0,-1.1
-4.0,-4.0,-1.1
-4.0,-4.0,-1.1
-4.0,-4.0,-1.1
-4.0,-4.0,-1.1
-4.0,-4.0,-1.1
-4.0,-4.0,-1.1
-4.0,-4.0,-1.1
-4.0,-4.0,-1.1
-4.0,-4.0,-1.1
-4.0,-4.0,-1.1
-4.0,-4.0,-1.1
-4.0,-4.0,-1.1
-4.0,-4.0,-1.1
-4.0,-4.0,-1.1
-4.0,-4.0,-1.1
-4.0,-4.0,-1.1
-4.0,-4.0,-1.1
-4.0,-4.0,-1.1
-4.0,-4.0,-1.1
-4.0,-4.0,-1.1
-4.0,-4.0,-1.1
-4.0,-4.0,-1.1
-4.0,-4.0,-1.1
-4.0,-4.0,-1.1
-4.0,-4.0,-1.1
-4.0,-4.0,-1.1
-4.0,-4.0,-1.1
-4.0,-4.0,-1.1
-4.0,-4.0,-1.1
-4.0,-4.0,-1.1
-4.0,-4.0,-1.1
-4.0,-4.0,-1.1
-4.0,-4.0,-1.1
-4.0,-4.0,-1.1
-4.0,-4.0,-1.1
-4.0,-4.0,-1.1
-4.0,-4.0,-1.1
-4.0,-4.0,-1.1
-4.0,-4.0,-1.1
-4.0,-4.0,-1.1
-4.0,-4.0,-1.1
-4.0,-4.0,-1.1
-4.0,-4.0,-1.1
-4.0,-4.0,-1.1
-4.0,-4.0,-1.1
-4.0,-4.0,-1.1
-4.0,-4.0,-1.1
-4.0,-4.0,-1.1
-4.0,-4.0,-1.1
-4.0,-4.0,-1.1
-4.0,-4.0,-1.1
-4.0,-4.0,-1.1
-4.0,-4.0,-1.1
-4.0,-4.0,-1.1
-4.0,-4.0,-1.1
-4.0,-4.0,-1.1
-4.0,-4.0,-1.1
-4.0,-4.0,-1.1
-4.0,-4.0,-1.1
-4.0,-4.0,-1.1
-4.0,-4.0,-1.1
-4.0,-4.0,-1.1
-4.0,-4.0,-1.1
-4.0,-4.0,-1.1
-4.0,-4.0,-1.1
-4.0,-4.0,-1.1
-4.0,-4.0,-1.1
-4.0,-4.0,-1.1
-4.0,-4.0,-1.1
-4.0,-4.0,-1.1
-4.0,-4.0,-1.1
-4.0,-4.0,-1.1
-4.0,-4.0,-1.1
-4.0,-4.0,-1.1
-4.0,-4.0,-1.1
-4.0,-4.0,-1.1
-4.0,-4.0,-1.1
-4.0,-4.0,-1.1
-4.0,-4.0,-1.1
-4.0,-4.0,-1.1
-4.0,-4.0,-1.1
-4.0,-4.0,-1.1
-4.0,-4.0,-1.1
-4.0,-4.0,-1.1
-4.0,-4.0,-1.1
-4.0,-4.0,-1.1
-4.0,-4.0,-1.1
-4.0,-4.0,-1.1
-4.0,-4.0,-1.1
-4.0,-4.0,-1.1
-4.0,-4.0,-1.1
-4.0,-4.0,-1.1
-4.0,-4.0,-1.1
-4.0,-4.0,-1.1
-4.0,-4.0,-1.1
-4.0,-4.0,-1.1
-4.0,-4.0,-1.1
-4.0,-4.0,-1.1
-4.0,-4.0,-1.1
-4.0,-4.0,-1.1
-4.0,-4.0,-1.1
-4.0,-4.0,-1.1
-4.0,-4.0,-1.1
-4.0,-4.0,-1.1
-4.0,-4.0,-1.1
-4.0,-4.0,-1.1
-4.0,-4.0,-1.1
-4.0,-4.0,-1.1
-4.0,-4.0,-1.1
-4.0,-4.0,-1.1
-4.0,-4.0,-1.1
-4.0,-4.0,-1.1
-4.0,-4.0,-1.1
-4.0,-4.0,-1.1
-4.0,-4.0,-1.1
-4.0,-4.0,-1.1
-4.0,-4.0,-1.1
-4.0,-4.0,-1.1
-4.0,-4.0,-1.1
-4.0,-4.0,-1.1
-4.0,-4.0,-1.1
-4.0,-4.0,-1.1
-4.0,-4.0,-1.1
-4.0,-4.0,-1.1
-4.0,-4.0,-1.1
-4.0,-4.0,-1.1
-4.0,-4.0,-1.1
-4.0,-4.0,-1.1
-4.0,-4.0,-1.1
-4.0,-4.0,-1.1
-4.0,-4.0,-1.1
-4.0,-4.0,-1.1
-4.0,-4.0,-1.1
-4.0,-4.0,-1.1
-4.0,-4.0,-1.1
-4.0,-4.0,-1.1
-4.0,-4.0,-1.1
-4.0,-4.0,-1.1
-4.0,-4.0,-1.1
-4.0,-4.0,-1.1
-4.0,-4.0,-1.1
-4.0,-4.0,-1.1
-4.0,-4.0,-1.1
-4.0,-4.0,-1.1
-4.0,-4.0,-1.1
-4.0,-4.0,-1.1
-4.0,-4.0,-1.1
-4.0,-4.0,-1.1
-4.0,-4.0,-1.1
-4.0,-4.0,-1.1
-4.0,-4.0,-1.1
-4.0,-4.0,-1.1
-4.0,-4.0,-1.1
-4.0,-4.0,-1.1
-4.0,-4.0,-1.1
-4.0,-4.0,-1.1
-4.0,-4.0,-1.1
-4.0,-4.0,-1.1
-4.0,-4.0,-1.1
-4.0,-4.0,-1.1
-4.0,-4.0,-1.1
-4.0,-4.0,-1.1
-4.0,-4.0,-1.1
-4.0,-4.0,-1.1
-4.0,-4.0,-1.1
-4.0,-4.0,-1.1
-4.0,-4.0,-1.1
-4.0,-4.0,-1.1
-4.0,-4.0,-1.1
-4.0,-4.0,-1.1
-4.0,-4.0,-1.1
-4.0,-4.0,-1.1
-4.0,-4.0,-1.1
-4.0,-4.0,-1.1
-4.0,-4.0,-1.1
-4.0,-4.0,-1.1
-4.0,-4.0,-1.1
-4.0,-4.0,-1.1
-4.0,-4.0,-1.1
-4.0,-4.0,-1.1
-4.0,-4.0,-1.1
-4.0,-4.0,-1.1
-4.0,-4.0,-1.1
-4.0,-4.0,-1.1
-4.0,-4.0,-1.1
-4.0,-4.0,-1.1
-4.0,-4.0,-1.1
-4.0,-4.0,-1.1
-4.0,-4.0,-1.1
-4.0,-4.0,-1.1
-4.0,-4.0,-1.1
-4.0,-4.0,-1.1
-4.0,-4.0,-1.1
-4.0,-4.0,-1.1
-4.0,-4.0,-1.1
-4.0,-4.0,-1.1
-4.0,-4.0,-1.1
-4.0,-4.0,-1.1
-4.0,-4.0,-1.1
-4.0,-4.0,-1.1
-4.0,-4.0,-1.1
-4.0,-4.0,-1.1
-4.0,-4.0,-1.1
-4.0,-4.0,-1.1
-4.0,-4.0,-1.1
-4.0,-4.0,-1.1
-4.0,-4.0,-1.1
-4.0,-4.0,-1.1
-4.0,-4.0,-1.1
-4.0,-4.0,-1.1
-4.0,-4.0,-1.1
-4.0,-4.0,-1.1
-4.0,-4.0,-1.1
-4.0,-4.0,-1.1
-4.0,-4.0,-1.1
-4.0,-4.0,-1.1
-4.0,-4.0,-1.1
-4.0,-4.0,-1.1
-4.0,-4.0,-1.1
-4.0,-4.0,-1.1
-4.0,-4.0,-1.1
-4.0,-4.0,-1.1
-4.0,-4.0,-1.1
-4.0,-4.0,-1.1
-4.0,-4.0,-1.1
-4.0,-4.0,-1.1
-4.0,-4.0,-1.1
-4.0,-4.0,-1.1
-4.0,-4.0,-1.1
-4.0,-4.0,-1.1
-4.0,-4.0,-1.1
-4.0,-4.0,-1.1
-4.0,-4.0,-1.1
-4.0,-4.0,-1.1
-4.0,-4.0,-1.1
-4.0,-4.0,-1.1
-4.0,-4.0,-1.1
-4.0,-4.0,-1.1
-4.0,-4.0,-1.1
-4.0,-4.0,-1.1
-4.0,-4.0,-1.1
-4.0,-4.0,-1.1
-4.0,-4.0,-1.1
-4.0,-4.0,-1.1
-4.0,-4.0,-1.1
-4.0,-4.0,-1.1
-4.0,-4.0,-1.1
-4.0,-4.0,-1.1
-4.0,-4.0,-1.1
-4.0,-4.0,-1.1
-4.0,-4.0,-1.1
-4.0,-4.0,-1.1
-4.0,-4.0,-1.1
-4.0,-4.0,-1.1
-4.0,-4.0,-1.1
-4.0,-4.0,-1.1
-4.0,-4.0,-1.1
-4.0,-4.0,-1.1
-4.0,-4.0,-1.1
-4.0,-4.0,-1.1
-4.0,-4.0,-1.1
-4.0,-4.0,-1.1
-4.0,-4.0,-1.1
-4.0,-4.0,-1.1
-4.0,-4.0,-1.1
-4.0,-4.0,-1.1
-4.0,-4.0,-1.1
-4.0,-4.0,-1.1
-4.0,-4.0,-1.1
-4.0,-4.0,-1.1
-4.0,-4.0,-1.1
-4.0,-4.0,-1.1
-4.0,-4.0,-1.1
-4.0,-4.0,-1.1
-4.0,-4.0,-1.1
-4.0,-4.0,-1.1
-4.0,-4.0,-1.1
-4.0,-4.0,-1.1
-4.0,-4.0,-1.1
-4.0,-4.0,-1.1
-4.0,-4.0,-1.1
-4.0,-4.0,-1.1
-4.0,-4.0,-1.1
-4.0,-4.0,-1.1
-4.0,-4.0,-1.1
-4.0,-4.0,-1.1
-4.0,-4.0,-1.1
-4.0,-4.0,-1.1
-4.0,-4.0,-1.1
-4.0,-4.0,-1.1
-4.0,-4.0,-1.1
-4.0,-4.0,-1.1
-4.0,-4.0,-1.1
-4.0,-4.0,-1.1
-4.0,-4.0,-1.1
-4.0,-4.0,-1.1
-4.0,-4.0,-1.1
-4.0,-4.0,-1.1
-4.0,-4.0,-1.1
-4.0,-4.0,-1.1
-4.0,-4.0,-1.1
-4.0,-4.0,-1.1
-4.0,-4.0,-1.1
-4.0,-4.0,-1.1
-4.0,-4.0,-1.1
-4.0,-4.0,-1.1
-4.0,-4.0,-1.1
-4.0,-4.0,-1.1
-4.0,-4.0,-1.1
-4.0,-4.0,-1.1
-4.0,-4.0,-1.1
-4.0,-4.0,-1.1
-4.0,-4.0,-1.1
-4.0,-4.0,-1.1
-4.0,-4.0,-1.1
-4.0,-4.0,-1.1
-4.0,-4.0,-1.1
-4.0,-4.0,-1.1
-4.0,-4.0,-1.1
-4.0,-4.0,-1.1
-4.0,-4.0,-1.1
-4.0,-4.0,-1.1
-4.0,-4.0,-1.1
-4.0,-4.0,-1.1
-4.0,-4.0,-1.1
-4.0,-4.0,-1.1
-4.0,-4.0,-1.1
-4.0,-4.0,-1.1
-4.0,-4.0,-1.1
-4.0,-4.0,-1.1
-4.0,-4.0,-1.1
-4.0,-4.0,-1.1
-4.0,-4.0,-1.1
-4.0,-4.0,-1.1
-4.0,-4.0,-1.1
-4.0,-4.0,-1.1
-4.0,-4.0,-1.1
-4.0,-4.0,-1.1
-4.0,-4.0,-1.1
-4.0,-4.0,-1.1
-4.0,-4.0,-1.1
-4.0,-4.0,-1.1
-4.0,-4.0,-1.1
-4.0,-4.0,-1.1
-4.0,-4.0,-1.1
-4.0,-4.0,-1.1
-4.0,-4.0,-1.1
-4.0,-4.0,-1.1
-4.0,-4.0,-1.1
-4.0,-4.0,-1.1
-4.0,-4.0,-1.1
-4.0,-4.0,-1.1
-4.0,-4.0,-1.1
-4.0,-4.0,-1.1
-4.0,-4.0,-1.1
-4.0,-4.0,-1.1
-4.0,-4.0,-1.1
-4.0,-4.0,-1.1
-4.0,-4.0,-1.1
-4.0,-4.0,-1.1
-4.0,-4.0,-1.1
-4.0,-4.0,-1.1
-4.0,-4.0,-1.1
-4.0,-4.0,-1.1
-4.0,-4.0,-1.1
-4.0,-4.0,-1.1
-4.0,-4.0,-1.1
-4.0,-4.0,-1.1
-4.0,-4.0,-1.1
-4.0,-4.0,-1.1
-4.0,-4.0,-1.1
-4.0,-4.0,-1.1
-4.0,-4.0,-1.1
-4.0,-4.0,-1.1
-4.0,-4.0,-1.1
-4.0,-4.0,-1.1
-4.0,-4.0,-1.1
-4.0,-4.0,-1.1
-4.0,-4.0,-1.1
-4.0,-4.0,-1.1
-4.0,-4.0,-1.1
-4.0,-4.0,-1.1
-4.0,-4.0,-1.1
-4.0,-4.0,-1.1
-4.0,-4.0,-1.1
-4.0,-4.0,-1.1
-4.0,-4.0,-1.1
-4.0,-4.0,-1.1
-4.0,-4.0,-1.1
-4.0,-4.0,-1.1
-4.0,-4.0,-1.1
-4.0,-4.0,-1.1
-4.0,-4.0,-1.1
-4.0,-4.0,-1.1
-4.0,-4.0,-1.1
-4.0,-4.0,-1.1
-4.0,-4.0,-1.1
-4.0,-4.0,-1.1
-4.0,-4.0,-1.1
-4.0,-4.0,-1.1
-4.0,-4.0,-1.1
-4.0,-4.0,-1.1
-4.0,-4.0,-1.1
-4.0,-4.0,-1.1
-4.0,-4.0,-1.1
-4.0,-4.0,-1.1
-4.0,-4.0,-1.1
-4.0,-4.0,-1.1
-4.0,-4.0,-1.1
-4.0,-4.0,-1.1
-4.0,-4.0,-1.1
-4.0,-4.0,-1.1
-4.0,-4.0,-1.1
-4.0,-4.0,-1.1
-4.0,-4.0,-1.1
-4.0,-4.0,-1.1
-4.0,-4.0,-1.1
-4.0,-4.0,-1.1
-4.0,-4.0,-1.1
-4.0,-4.0,-1.1
-4.0,-4.0,-1.1
-4.0,-4.0,-1.1
-4.0,-4.0,-1.1
-4.0,-4.0,-1.1
-4.0,-4.0,-1.1
-4.0,-4.0,-1.1
-4.0,-4.0,-1.1
-4.0,-4.0,-1.1
-4.0,-4.0,-1.1
-4.0,-4.0,-1.1
-4.0,-4.0,-1.1
-4.0,-4.0,-1.1
-4.0,-4.0,-1.1
-4.0,-4.0,-1.1
-4.0,-4.0,-1.1
-4.0,-4.0,-1.1
-4.0,-4.0,-1.1
-4.0,-4.0,-1.1
-4.0,-4.0,-1.1
-4.0,-4.0,-1.1
-4.0,-4.0,-1.1
-4.0,-4.0,-1.1
-4.0,-4.0,-1.1
-4.0,-4.0,-1.1
-4.0,-4.0,-1.1
-4.0,-4.0,-1.1
-4.0,-4.0,-1.1
-4.0,-4.0,-1.1
-4.0,-4.0,-1.1
-4.0,-4.0,-1.1
-4.0,-4.0,-1.1
-4.0,-4.0,-1.1
-4.0,-4.0,-1.1
-4.0,-4.0,-1.1
-4.0,-4.0,-1.1
-4.0,-4.0,-1.1
-4.0,-4.0,-1.1
-4.0,-4.0,-1.1
-4.0,-4.0,-1.1
-4.0,-4.0,-1.1
-4.0,-4.0,-1.1
-4.0,-4.0,-1.1
-4.0,-4.0,-1.1
-4.0,-4.0,-1.1
-4.0,-4.0,-1.1
-4.0,-4.0,-1.1
-4.0,-4.0,-1.1
-4.0,-4.0,-1.1
-4.0,-4.0,-1.1
-4.0,-4.0,-1.1
-4.0,-4.0,-1.1
-4.0,-4.0,-1.1
-4.0,-4.0,-1.1
-4.0,-4.0,-1.1
-4.0,-4.0,-1.1
-4.0,-4.0,-1.1
-4.0,-4.0,-1.1
-4.0,-4.0,-1.1
-4.0,-4.0,-1.1
-4.0,-4.0,-1.1
-4.0,-4.0,-1.1
-4.0,-4.0,-1.1
-4.0,-4.0,-1.1
-4.0,-4.0,-1.1
-4.0,-4.0,-1.1
-4.0,-4.0,-1.1
-4.0,-4.0,-1.1
-4.0,-4.0,-1.1
-4.0,-4.0,-1.1
-4.0,-4.0,-1.1
-4.0,-4.0,-1.1
-4.0,-4.0,-1.1
-4.0,-4.0,-1.1
-4.0,-4.0,-1.1
-4.0,-4.0,-1.1
-4.0,-4.0,-1.1
-4.0,-4.0,-1.1
-4.0,-4.0,-1.1
-4.0,-4.0,-1.1
-4.0,-4.0,-1.1
-4.0,-4.0,-1.1
-4.0,-4.0,-1.1
-4.0,-4.0,-1.1
-4.0,-4.0,-1.1
-4.0,-4.0,-1.1
-4.0,-4.0,-1.1
-4.0,-4.0,-1.1
-4.0,-4.0,-1.1
-4.0,-4.0,-1.1
-4.0,-4.0,-1.1
-4.0,-4.0,-1.1
-4.0,-4.0,-1.1
-4.0,-4.0,-1.1
-4.0,-4.0,-1.1
-4.0,-4.0,-1.1
-4.0,-4.0,-1.1
-4.0,-4.0,-1.1
-4.0,-4.0,-1.1
-4.0,-4.0,-1.1
-4.0,-4.0,-1.1
-4.0,-4.0,-1.1
-4.0,-4.0,-1.1
-4.0,-4.0,-1.1
-4.0,-4.0,-1.1
-4.0,-4.0,-1.1
-4.0,-4.0,-1.1
-4.0,-4.0,-1.1
-4.0,-4.0,-1.1
-4.0,-4.0,-1.1
-4.0,-4.0,-1.1
-4.0,-4.0,-1.1
-4.0,-4.0,-1.1
-4.0,-4.0,-1.1
-4.0,-4.0,-1.1
-4.0,-4.0,-1.1
-4.0,-4.0,-1.1
-4.0,-4.0,-1.1
-4.0,-4.0,-1.1
-4.0,-4.0,-1.1
-4.0,-4.0,-1.1
-4.0,-4.0,-1.1
-4.0,-4.0,-1.1
-4.0,-4.0,-1.1
-4.0,-4.0,-1.1
-4.0,-4.0,-1.1
-4.0,-4.0,-1.1
-4.0,-4.0,-1.1
-4.0,-4.0,-1.1
-4.0,-4.0,-1.1
-4.0,-4.0,-1.1
-4.0,-4.0,-1.1
-4.0,-4.0,-1.1
-4.0,-4.0,-1.1
-4.0,-4.0,-1.1
-4.0,-4.0,-1.1
-4.0,-4.0,-1.1
-4.0,-4.0,-1.1
-4.0,-4.0,-1.1
-4.0,-4.0,-1.1
-4.0,-4.0,-1.1
-4.0,-4.0,-1.1
-4.0,-4.0,-1.1
-4.0,-4.0,-1.1
-4.0,-4.0,-1.1
-4.0,-4.0,-1.1
-4.0,-4.0,-1.1
-4.0,-4.0,-1.1
-4.0,-4.0,-1.1
-4.0,-4.0,-1.1
-4.0,-4.0,-1.1
-4.0,-4.0,-1.1
-4.0,-4.0,-1.1
-4.0,-4.0,-1.1
-4.0,-4.0,-1.1
-4.0,-4.0,-1.1
-4.0,-4.0,-1.1
-4.0,-4.0,-1.1
-4.0,-4.0,-1.1
-4.0,-4.0,-1.1
-4.0,-4.0,-1.1
-4.0,-4.0,-1.1
-4.0,-4.0,-1.1
-4.0,-4.0,-1.1
-4.0,-4.0,-1.1
-4.0,-4.0,-1.1
-4.0,-4.0,-1.1
-4.0,-4.0,-1.1
-4.0,-4.0,-1.1
-4.0,-4.0,-1.1
-4.0,-4.0,-1.1
-4.0,-4.0,-1.1
-4.0,-4.0,-1.1
-4.0,-4.0,-1.1
-4.0,-4.0,-1.1
-4.0,-4.0,-1.1
-4.0,-4.0,-1.1
-4.0,-4.0,-1.1
-4.0,-4.0,-1.1
-4.0,-4.0,-1.1
-4.0,-4.0,-1.1
-4.0,-4.0,-1.1
-4.0,-4.0,-1.1
-4.0,-4.0,-1.1
-4.0,-4.0,-1.1
-4.0,-4.0,-1.1
-4.0,-4.0,-1.1
-4.0,-4.0,-1.1
-4.0,-4.0,-1.1
-4.0,-4.0,-1.1
-4.0,-4.0,-1.1
-4.0,-4.0,-1.1
-4.0,-4.0,-1.1
-4.0,-4.0,-1.1
-4.0,-4.0,-1.1
-4.0,-4.0,-1.1
-4.0,-4.0,-1.1
-4.0,-4.0,-1.1
-4.0,-4.0,-1.1
-4.0,-4.0,-1.1
-4.0,-4.0,-1.1
-4.0,-4.0,-1.1
-4.0,-4.0,-1.1
-4.0,-4.0,-1.1
-4.0,-4.0,-1.1
-4.0,-4.0,-1.1
-4.0,-4.0,-1.1
-4.0,-4.0,-1.1
-4.0,-4.0,-1.1
-4.0,-4.0,-1.1
-4.0,-4.0,-1.1
-4.0,-4.0,-1.1
-4.0,-4.0,-1.1
-4.0,-4.0,-1.1
-4.0,-4.0,-1.1
-4.0,-4.0,-1.1
-4.0,-4.0,-1.1
-4.0,-4.0,-1.1
-4.0,-4.0,-1.1
-4.0,-4.0,-1.1
-4.0,-4.0,-1.1
-4.0,-4.0,-1.1
-4.0,-4.0,-1.1
-4.0,-4.0,-1.1
-4.0,-4.0,-1.1
-4.0,-4.0,-1.1
-4.0,-4.0,-1.1
-4.0,-4.0,-1.1
-4.0,-4.0,-1.1
-4.0,-4.0,-1.1
-4.0,-4.0,-1.1
-4.0,-4.0,-1.1
-4.0,-4.0,-1.1
-4.0,-4.0,-1.1
-4.0,-4.0,-1.1
-4.0,-4.0,-1.1
-4.0,-4.0,-1.1
-4.0,-4.0,-1.1
-4.0,-4.0,-1.1
-4.0,-4.0,-1.1
-4.0,-4.0,-1.1
-4.0,-4.0,-1.1
-4.0,-4.0,-1.1
-4.0,-4.0,-1.1
-4.0,-4.0,-1.1
-4.0,-4.0,-1.1
-4.0,-4.0,-1.1
-4.0,-4.0,-1.1
-4.0,-4.0,-1.1
-4.0,-4.0,-1.1
-4.0,-4.0,-1.1
-4.0,-4.0,-1.1
-4.0,-4.0,-1.1
-4.0,-4.0,-1.1
-4.0,-4.0,-1.1
-4.0,-4.0,-1.1
-4.0,-4.0,-1.1
-4.0,-4.0,-1.1
-4.0,-4.0,-1.1
-4.0,-4.0,-1.1
-4.0,-4.0,-1.1
-4.0,-4.0,-1.1
-4.0,-4.0,-1.1
-4.0,-4.0,-1.1
-4.0,-4.0,-1.1
-4.0,-4.0,-1.1
-4.0,-4.0,-1.1
-4.0,-4.0,-1.1
-4.0,-4.0,-1.1
-4.0,-4.0,-1.1
-4.0,-4.0,-1.1
-4.0,-4.0,-1.1
-4.0,-4.0,-1.1
-4.0,-4.0,-1.1
-4.0,-4.0,-1.1
-4.0,-4.0,-1.1
-4.0,-4.0,-1.1
-4.0,-4.0,-1.1
-4.0,-4.0,-1.1
-4.0,-4.0,-1.1
-4.0,-4.0,-1.1
-4.0,-4.0,-1.1
-4.0,-4.0,-1.1
-4.0,-4.0,-1.1
-4.0,-4.0,-1.1
-4.0,-4.0,-1.1
-4.0,-4.0,-1.1
-4.0,-4.0,-1.1
-4.0,-4.0,-1.1
-4.0,-4.0,-1.1
-4.0,-4.0,-1.1
-4.0,-4.0,-1.1
-4.0,-4.0,-1.1
-4.0,-4.0,-1.1
-4.0,-4.0,-1.1
-4.0,-4.0,-1.1
-4.0,-4.0,-1.1
-4.0,-4.0,-1.1
-4.0,-4.0,-1.1
-4.0,-4.0,-1.1
-4.0,-4.0,-1.1
-4.0,-4.0,-1.1
-4.0,-4.0,-1.1
-4.0,-4.0,-1.1
-4.0,-4.0,-1.1
-4.0,-4.0,-1.1
-4.0,-4.0,-1.1
-4.0,-4.0,-1.1
-4.0,-4.0,-1.1
-4.0,-4.0,-1.1
-4.0,-4.0,-1.1
-4.0,-4.0,-1.1
-4.0,-4.0,-1.1
-4.0,-4.0,-1.1
-4.0,-4.0,-1.1
-4.0,-4.0,-1.1
-4.0,-4.0,-1.1
-4.0,-4.0,-1.1
-4.0,-4.0,-1.1
-4.0,-4.0,-1.1
-4.0,-4.0,-1.1
-4.0,-4.0,-1.1
-4.0,-4.0,-1.1
-4.0,-4.0,-1.1
-4.0,-4.0,-1.1
-4.0,-4.0,-1.1
-4.0,-4.0,-1.1
-4.0,-4.0,-1.1
-4.0,-4.0,-1.1
-4.0,-4.0,-1.1
-4.0,-4.0,-1.1
-4.0,-4.0,-1.1
-4.0,-4.0,-1.1
-4.0,-4.0,-1.1
-4.0,-4.0,-1.1
-4.0,-4.0,-1.1
-4.0,-4.0,-1.1
-4.0,-4.0,-1.1
-4.0,-4.0,-1.1
-4.0,-4.0,-1.1
-4.0,-4.0,-1.1
-4.0,-4.0,-1.1
-4.0,-4.0,-1.1
-4.0,-4.0,-1.1
-4.0,-4.0,-1.1
-4.0,-4.0,-1.1
-4.0,-4.0,-1.1
-4.0,-4.0,-1.1
-4.0,-4.0,-1.1
-4.0,-4.0,-1.1
-4.0,-4.0,-1.1
-4.0,-4.0,-1.1
-4.0,-4.0,-1.1
-4.0,-4.0,-1.1
-4.0,-4.0,-1.1
-4.0,-4.0,-1.1
-4.0,-4.0,-1.1
-4.0,-4.0,-1.1
-4.0,-4.0,-1.1
-4.0,-4.0,-1.1
-4.0,-4.0,-1.1
-4.0,-4.0,-1.1
-4.0,-4.0,-1.1
-4.0,-4.0,-1.1
-4.0,-4.0,-1.1
-4.0,-4.0,-1.1
-4.0,-4.0,-1.1
-4.0,-4.0,-1.1
-4.0,-4.0,-1.1
-4.0,-4.0,-1.1
-4.0,-4.0,-1.1
-4.0,-4.0,-1.1
-4.0,-4.0,-1.1
-4.0,-4.0,-1.1
-4.0,-4.0,-1.1
-4.0,-4.0,-1.1
-4.0,-4.0,-1.1
-4.0,-4.0,-1.1
-4.0,-4.0,-1.1
-4.0,-4.0,-1.1
-4.0,-4.0,-1.1
-4.0,-4.0,-1.1
-4.0,-4.0,-1.1
-4.0,-4.0,-1.1
-4.0,-4.0,-1.1
-4.0,-4.0,-1.1
-4.0,-4.0,-1.1
-4.0,-4.0,-1.1
-4.0,-4.0,-1.1
-4.0,-4.0,-1.1
-4.0,-4.0,-1.1
-4.0,-4.0,-1.1
-4.0,-4.0,-1.1
-4.0,-4.0,-1.1
-4.0,-4.0,-1.1
-4.0,-4.0,-1.1
-4.0,-4.0,-1.1
-4.0,-4.0,-1.1
-4.0,-4.0,-1.1
-4.0,-4.0,-1.1
-4.0,-4.0,-1.1
-4.0,-4.0,-1.1
-4.0,-4.0,-1.1
-4.0,-4.0,-1.1
-4.0,-4.0,-1.1
-4.0,-4.0,-1.1
-4.0,-4.0,-1.1
-4.0,-4.0,-1.1
-4.0,-4.0,-1.1
-4.0,-4.0,-1.1
-4.0,-4.0,-1.1
-4.0,-4.0,-1.1
-4.0,-4.0,-1.1
-4.0,-4.0,-1.1
-4.0,-4.0,-1.1
-4.0,-4.0,-1.1
-4.0,-4.0,-1.1
-4.0,-4.0,-1.1
-4.0,-4.0,-1.1
-4.0,-4.0,-1.1
-4.0,-4.0,-1.1
-4.0,-4.0,-1.1
-4.0,-4.0,-1.1
-4.0,-4.0,-1.1
-4.0,-4.0,-1.1
-4.0,-4.0,-1.1
-4.0,-4.0,-1.1
-4.0,-4.0,-1.1
-4.0,-4.0,-1.1
-4.0,-4.0,-1.1
-4.0,-4.0,-1.1
-4.0,-4.0,-1.1
-4.0,-4.0,-1.1
-4.0,-4.0,-1.1
-4.0,-4.0,-1.1
-4.0,-4.0,-1.1
-4.0,-4.0,-1.1
-4.0,-4.0,-1.1
-4.0,-4.0,-1.1
-4.0,-4.0,-1.1
-4.0,-4.0,-1.1
-4.0,-4.0,-1.1
-4.0,-4.0,-1.1
-4.0,-4.0,-1.1
-4.0,-4.0,-1.1
-4.0,-4.0,-1.1
-4.0,-4.0,-1.1
-4.0,-4.0,-1.1
-4.0,-4.0,-1.1
-4.0,-4.0,-1.1
-4.0,-4.0,-1.1
-4.0,-4.0,-1.1
-4.0,-4.0,-1.1
-4.0,-4.0,-1.1
-4.0,-4.0,-1.1
-4.0,-4.0,-1.1
-4.0,-4.0,-1.1
-4.0,-4.0,-1.1
-4.0,-4.0,-1.1
-4.0,-4.0,-1.1
-4.0,-4.0,-1.1
-4.0,-4.0,-1.1
-4.0,-4.0,-1.1
-4.0,-4.0,-1.1
-4.0,-4.0,-1.1
-4.0,-4.0,-1.1
-4.0,-4.0,-1.1
-4.0,-4.0,-1.1
-4.0,-4.0,-1.1
-4.0,-4.0,-1.1
-4.0,-4.0,-1.1
-4.0,-4.0,-1.1
-4.0,-4.0,-1.1
-4.0,-4.0,-1.1
-4.0,-4.0,-1.1
-4.0,-4.0,-1.1
-4.0,-4.0,-1.1
-4.0,-4.0,-1.1
-4.0,-4.0,-1.1
-4.0,-4.0,-1.1
-4.0,-4.0,-1.1
-4.0,-4.0,-1.1
-4.0,-4.0,-1.1
-4.0,-4.0,-1.1
-4.0,-4.0,-1.1
-4.0,-4.0,-1.1
-4.0,-4.0,-1.1
-4.0,-4.0,-1.1
-4.0,-4.0,-1.1
-4.0,-4.0,-1.1
-4.0,-4.0,-1.1
-4.0,-4.0,-1.1
-4.0,-4.0,-1.1
-4.0,-4.0,-1.1
-4.0,-4.0,-1.1
-4.0,-4.0,-1.1
-4.0,-4.0,-1.1
-4.0,-4.0,-1.1
-4.0,-4.0,-1.1
-4.0,-4.0,-1.1
-4.0,-4.0,-1.1
-4.0,-4.0,-1.1
-4.0,-4.0,-1.1
-4.0,-4.0,-1.1
-4.0,-4.0,-1.1
-4.0,-4.0,-1.1
-4.0,-4.0,-1.1
-4.0,-4.0,-1.1
-4.0,-4.0,-1.1
-4.0,-4.0,-1.1
-4.0,-4.0,-1.1
-4.0,-4.0,-1.1
-4.0,-4.0,-1.1
-4.0,-4.0,-1.1
-4.0,-4.0,-1.1
-4.0,-4.0,-1.1
-4.0,-4.0,-1.1
-4.0,-4.0,-1.1
-4.0,-4.0,-1.1
-4.0,-4.0,-1.1
-4.0,-4.0,-1.1
-4.0,-4.0,-1.1
-4.0,-4.0,-1.1
-4.0,-4.0,-1.1
-4.0,-4.0,-1.1
-4.0,-4.0,-1.1
-4.0,-4.0,-1.1
-4.0,-4.0,-1.1
-4.0,-4.0,-1.1
-4.0,-4.0,-1.1
-4.0,-4.0,-1.1
-4.0,-4.0,-1.1
-4.0,-4.0,-1.1
-4.0,-4.0,-1.1
-4.0,-4.0,-1.1
-4.0,-4.0,-1.1
-4.0,-4.0,-1.1
-4.0,-4.0,-1.1
-4.0,-4.0,-1.1
-4.0,-4.0,-1.1
-4.0,-4.0,-1.1
-4.0,-4.0,-1.1
-4.0,-4.0,-1.1
-4.0,-4.0,-1.1
-4.0,-4.0,-1.1
-4.0,-4.0,-1.1
-4.0,-4.0,-1.1
-4.0,-4.0,-1.1
-4.0,-4.0,-1.1
-4.0,-4.0,-1.1
-4.0,-4.0,-1.1
-4.0,-4.0,-1.1
-4.0,-4.0,-1.1
-4.0,-4.0,-1.1
-4.0,-4.0,-1.1
-4.0,-4.0,-1.1
-4.0,-4.0,-1.1
-4.0,-4.0,-1.1
-4.0,-4.0,-1.1
-4.0,-4.0,-1.1
-4.0,-4.0,-1.1
-4.0,-4.0,-1.1
-4.0,-4.0,-1.1
-4.0,-4.0,-1.1
-4.0,-4.0,-1.1
-4.0,-4.0,-1.1
-4.0,-4.0,-1.1
-4.0,-4.0,-1.1
-4.0,-4.0,-1.1
-4.0,-4.0,-1.1
-4.0,-4.0,-1.1
-4.0,-4.0,-1.1
-4.0,-4.0,-1.1
-4.0,-4.0,-1.1
-4.0,-4.0,-1.1
-4.0,-4.0,-1.1
-4.0,-4.0,-1.1
-4.0,-4.0,-1.1
-4.0,-4.0,-1.1
-4.0,-4.0,-1.1
-4.0,-4.0,-1.1
-4.0,-4.0,-1.1
-4.0,-4.0,-1.1
-4.0,-4.0,-1.1
-4.0,-4.0,-1.1
-4.0,-4.0,-1.1
-4.0,-4.0,-1.1
-4.0,-4.0,-1.1
-4.0,-4.0,-1.1
-4.0,-4.0,-1.1
-4.0,-4.0,-1.1
-4.0,-4.0,-1.1
-4.0,-4.0,-1.1
-4.0,-4.0,-1.1
-4.0,-4.0,-1.1
-4.0,-4.0,-1.1
-4.0,-4.0,-1.1
-4.0,-4.0,-1.1
-4.0,-4.0,-1.1
-4.0,-4.0,-1.1
-4.0,-4.0,-1.1
-4.0,-4.0,-1.1
-4.0,-4.0,-1.1
-4.0,-4.0,-1.1
-4.0,-4.0,-1.1
-4.0,-4.0,-1.1
-4.0,-4.0,-1.1
-4.0,-4.0,-1.1
-4.0,-4.0,-1.1
-4.0,-4.0,-1.1
-4.0,-4.0,-1.1
-4.0,-4.0,-1.1
-4.0,-4.0,-1.1
-4.0,-4.0,-1.1
-4.0,-4.0,-1.1
-4.0,-4.0,-1.1
-4.0,-4.0,-1.1
-4.0,-4.0,-1.1
-4.0,-4.0,-1.1
-4.0,-4.0,-1.1
-4.0,-4.0,-1.1
-4.0,-4.0,-1.1
-4.0,-4.0,-1.1
-4.0,-4.0,-1.1
-4.0,-4.0,-1.1
-4.0,-4.0,-1.1
-4.0,-4.0,-1.1
-4.0,-4.0,-1.1
-4.0,-4.0,-1.1
-4.0,-4.0,-1.1
-4.0,-4.0,-1.1
-4.0,-4.0,-1.1
-4.0,-4.0,-1.1
-4.0,-4.0,-1.1
-4.0,-4.0,-1.1
-4.0,-4.0,-1.1
-4.0,-4.0,-1.1
-4.0,-4.0,-1.1
-4.0,-4.0,-1.1
-4.0,-4.0,-1.1
-4.0,-4.0,-1.1
-4.0,-4.0,-1.1
-4.0,-4.0,-1.1
-4.0,-4.0,-1.1
-4.0,-4.0,-1.1
-4.0,-4.0,-1.1
-4.0,-4.0,-1.1
-4.0,-4.0,-1.1
-4.0,-4.0,-1.1
-4.0,-4.0,-1.1
-4.0,-4.0,-1.1
-4.0,-4.0,-1.1
-4.0,-4.0,-1.1
-4.0,-4.0,-1.1
-4.0,-4.0,-1.1
-4.0,-4.0,-1.1
-4.0,-4.0,-1.1
-4.0,-4.0,-1.1
-4.0,-4.0,-1.1
-4.0,-4.0,-1.1
-4.0,-4.0,-1.1
-4.0,-4.0,-1.1
-4.0,-4.0,-1.1
-4.0,-4.0,-1.1
-4.0,-4.0,-1.1
-4.0,-4.0,-1.1
-4.0,-4.0,-1.1
-4.0,-4.0,-1.1
-4.0,-4.0,-1.1
-4.0,-4.0,-1.1
-4.0,-4.0,-1.1
-4.0,-4.0,-1.1
-4.0,-4.0,-1.1
-4.0,-4.0,-1.1
-4.0,-4.0,-1.1
-4.0,-4.0,-1.1
-4.0,-4.0,-1.1
-4.0,-4.0,-1.1
-4.0,-4.0,-1.1
-4.0,-4.0,-1.1
-4.0,-4.0,-1.1
-4.0,-4.0,-1.1
-4.0,-4.0,-1.1
-4.0,-4.0,-1.1
-4.0,-4.0,-1.1
-4.0,-4.0,-1.1
-4.0,-4.0,-1.1
-4.0,-4.0,-1.1
-4.0,-4.0,-1.1
-4.0,-4.0,-1.1
-4.0,-4.0,-1.1
-4.0,-4.0,-1.1
-4.0,-4.0,-1.1
-4.0,-4.0,-1.1
-4.0,-4.0,-1.1
-4.0,-4.0,-1.1
-4.0,-4.0,-1.1
-4.0,-4.0,-1.1
-4.0,-4.0,-1.1
-4.0,-4.0,-1.1
-4.0,-4.0,-1.1
-4.0,-4.0,-1.1
-4.0,-4.0,-1.1
-4.0,-4.0,-1.1
-4.0,-4.0,-1.1
-4.0,-4.0,-1.1
-4.0,-4.0,-1.1
-4.0,-4.0,-1.1
-4.0,-4.0,-1.1
-4.0,-4.0,-1.1
-4.0,-4.0,-1.1
-4.0,-4.0,-1.1
-4.0,-4.0,-1.1
-4.0,-4.0,-1.1
-4.0,-4.0,-1.1
-4.0,-4.0,-1.1
-4.0,-4.0,-1.1
-4.0,-4.0,-1.1
-4.0,-4.0,-1.1
-4.0,-4.0,-1.1
-4.0,-4.0,-1.1
-4.0,-4.0,-1.1
-4.0,-4.0,-1.1
-4.0,-4.0,-1.1
-4.0,-4.0,-1.1
-4.0,-4.0,-1.1
-4.0,-4.0,-1.1
-4.0,-4.0,-1.1
-4.0,-4.0,-1.1
-4.0,-4.0,-1.1
-4.0,-4.0,-1.1
-4.0,-4.0,-1.1
-4.0,-4.0,-1.1
-4.0,-4.0,-1.1
-4.0,-4.0,-1.1
-4.0,-4.0,-1.1
-4.0,-4.0,-1.1
-4.0,-4.0,-1.1
-4.0,-4.0,-1.1
-4.0,-4.0,-1.1
-4.0,-4.0,-1.1
-4.0,-4.0,-1.1
-4.0,-4.0,-1.1
-4.0,-4.0,-1.1
-4.0,-4.0,-1.1
-4.0,-4.0,-1.1
-4.0,-4.0,-1.1
-4.0,-4.0,-1.1
-4.0,-4.0,-1.1
-4.0,-4.0,-1.1
-4.0,-4.0,-1.1
-4.0,-4.0,-1.1
-4.0,-4.0,-1.1
-4.0,-4.0,-1.1
-4.0,-4.0,-1.1
-4.0,-4.0,-1.1
-4.0,-4.0,-1.1
-4.0,-4.0,-1.1
-4.0,-4.0,-1.1
-4.0,-4.0,-1.1
-4.0,-4.0,-1.1
-4.0,-4.0,-1.1
-4.0,-4.0,-1.1
-4.0,-4.0,-1.1
-4.0,-4.0,-1.1
-4.0,-4.0,-1.1
-4.0,-4.0,-1.1
-4.0,-4.0,-1.1
-4.0,-4.0,-1.1
-4.0,-4.0,-1.1
-4.0,-4.0,-1.1
-4.0,-4.0,-1.1
-4.0,-4.0,-1.1
-4.0,-4.0,-1.1
-4.0,-4.0,-1.1
-4.0,-4.0,-1.1
-4.0,-4.0,-1.1
-4.0,-4.0,-1.1
-4.0,-4.0,-1.1
-4.0,-4.0,-1.1
-4.0,-4.0,-1.1
-4.0,-4.0,-1.1
-4.0,-4.0,-1.1
-4.0,-4.0,-1.1
-4.0,-4.0,-1.1
-4.0,-4.0,-1.1
-4.0,-4.0,-1.1
-4.0,-4.0,-1.1
-4.0,-4.0,-1.1
-4.0,-4.0,-1.1
-4.0,-4.0,-1.1
-4.0,-4.0,-1.1
-4.0,-4.0,-1.1
-4.0,-4.0,-1.1
-4.0,-4.0,-1.1
-4.0,-4.0,-1.1
-4.0,-4.0,-1.1
-4.0,-4.0,-1.1
-4.0,-4.0,-1.1
-4.0,-4.0,-1.1
-4.0,-4.0,-1.1
-4.0,-4.0,-1.1
-4.0,-4.0,-1.1
-4.0,-4.0,-1.1
-4.0,-4.0,-1.1
-4.0,-4.0,-1.1
-4.0,-4.0,-1.1
-4.0,-4.0,-1.1
-4.0,-4.0,-1.1
-4.0,-4.0,-1.1
-4.0,-4.0,-1.1
-4.0,-4.0,-1.1
-4.0,-4.0,-1.1
-4.0,-4.0,-1.1
-4.0,-4.0,-1.1
-4.0,-4.0,-1.1
-4.0,-4.0,-1.1
-4.0,-4.0,-1.1
-4.0,-4.0,-1.1
-4.0,-4.0,-1.1
-4.0,-4.0,-1.1
-4.0,-4.0,-1.1
-4.0,-4.0,-1.1
-4.0,-4.0,-1.1
-4.0,-4.0,-1.1
-4.0,-4.0,-1.1
-4.0,-4.0,-1.1
-4.0,-4.0,-1.1
-4.0,-4.0,-1.1
-4.0,-4.0,-1.1
-4.0,-4.0,-1.1
-4.0,-4.0,-1.1
-4.0,-4.0,-1.1
-4.0,-4.0,-1.1
-4.0,-4.0,-1.1
-4.0,-4.0,-1.1
-4.0,-4.0,-1.1
-4.0,-4.0,-1.1
-4.0,-4.0,-1.1
-4.0,-4.0,-1.1
-4.0,-4.0,-1.1
-4.0,-4.0,-1.1
-4.0,-4.0,-1.1
-4.0,-4.0,-1.1
-4.0,-4.0,-1.1
-4.0,-4.0,-1.1
-4.0,-4.0,-1.1
-4.0,-4.0,-1.1
-4.0,-4.0,-1.1
-4.0,-4.0,-1.1
-4.0,-4.0,-1.1
-4.0,-4.0,-1.1
-4.0,-4.0,-1.1
-4.0,-4.0,-1.1
-4.0,-4.0,-1.1
-4.0,-4.0,-1.1
-4.0,-4.0,-1.1
-4.0,-4.0,-1.1
-4.0,-4.0,-1.1
-4.0,-4.0,-1.1
-4.0,-4.0,-1.1
-4.0,-4.0,-1.1
-4.0,-4.0,-1.1
-4.0,-4.0,-1.1
-4.0,-4.0,-1.1
-4.0,-4.0,-1.1
-4.0,-4.0,-1.1
-4.0,-4.0,-1.1
-4.0,-4.0,-1.1
-4.0,-4.0,-1.1
-4.0,-4.0,-1.1
-4.0,-4.0,-1.1
-4.0,-4.0,-1.1
-4.0,-4.0,-1.1
-4.0,-4.0,-1.1
-4.0,-4.0,-1.1
-4.0,-4.0,-1.1
-4.0,-4.0,-1.1
-4.0,-4.0,-1.1
-4.0,-4.0,-1.1
-4.0,-4.0,-1.1
-4.0,-4.0,-1.1
-4.0,-4.0,-1.1
-4.0,-4.0,-1.1
-4.0,-4.0,-1.1
-4.0,-4.0,-1.1
-4.0,-4.0,-1.1
-4.0,-4.0,-1.1
-4.0,-4.0,-1.1
-4.0,-4.0,-1.1
-4.0,-4.0,-1.1
-4.0,-4.0,-1.1
-4.0,-4.0,-1.1
-4.0,-4.0,-1.1
-4.0,-4.0,-1.1
-4.0,-4.0,-1.1
-4.0,-4.0,-1.1
-4.0,-4.0,-1.1
-4.0,-4.0,-1.1
-4.0,-4.0,-1.1
-4.0,-4.0,-1.1
-4.0,-4.0,-1.1
-4.0,-4.0,-1.1
-4.0,-4.0,-1.1
-4.0,-4.0,-1.1
-4.0,-4.0,-1.1
-4.0,-4.0,-1.1
-4.0,-4.0,-1.1
-4.0,-4.0,-1.1
-4.0,-4.0,-1.1
-4.0,-4.0,-1.1
-4.0,-4.0,-1.1
-4.0,-4.0,-1.1
-4.0,-4.0,-1.1
-4.0,-4.0,-1.1
-4.0,-4.0,-1.1
-4.0,-4.0,-1.1
-4.0,-4.0,-1.1
-4.0,-4.0,-1.1
-4.0,-4.0,-1.1
-4.0,-4.0,-1.1
-4.0,-4.0,-1.1
-4.0,-4.0,-1.1
-4.0,-4.0,-1.1
-4.0,-4.0,-1.1
-4.0,-4.0,-1.1
-4.0,-4.0,-1.1
-4.0,-4.0,-1.1
-4.0,-4.0,-1.1
-4.0,-4.0,-1.1
-4.0,-4.0,-1.1
-4.0,-4.0,-1.1
-4.0,-4.0,-1.1
-4.0,-4.0,-1.1
-4.0,-4.0,-1.1
-4.0,-4.0,-1.1
-4.0,-4.0,-1.1
-4.0,-4.0,-1.1
-4.0,-4.0,-1.1
-4.0,-4.0,-1.1
-4.0,-4.0,-1.1
-4.0,-4.0,-1.1
-4.0,-4.0,-1.1
-4.0,-4.0,-1.1
-4.0,-4.0,-1.1
-4.0,-4.0,-1.1
-4.0,-4.0,-1.1
-4.0,-4.0,-1.1
-4.0,-4.0,-1.1
-4.0,-4.0,-1.1
-4.0,-4.0,-1.1
-4.0,-4.0,-1.1
-4.0,-4.0,-1.1
-4.0,-4.0,-1.1
-4.0,-4.0,-1.1
-4.0,-4.0,-1.1
-4.0,-4.0,-1.1
-4.0,-4.0,-1.1
-4.0,-4.0,-1.1
-4.0,-4.0,-1.1
-4.0,-4.0,-1.1
-4.0,-4.0,-1.1
-4.0,-4.0,-1.1
-4.0,-4.0,-1.1
-4.0,-4.0,-1.1
-4.0,-4.0,-1.1
-4.0,-4.0,-1.1
-4.0,-4.0,-1.1
-4.0,-4.0,-1.1
-4.0,-4.0,-1.1
-4.0,-4.0,-1.1
-4.0,-4.0,-1.1
-4.0,-4.0,-1.1
-4.0,-4.0,-1.1
-4.0,-4.0,-1.1
-4.0,-4.0,-1.1
-4.0,-4.0,-1.1
-4.0,-4.0,-1.1
-4.0,-4.0,-1.1
-4.0,-4.0,-1.1
-4.0,-4.0,-1.1
-4.0,-4.0,-1.1
-4.0,-4.0,-1.1
-4.0,-4.0,-1.1
-4.0,-4.0,-1.1
-4.0,-4.0,-1.1
-4.0,-4.0,-1.1
-4.0,-4.0,-1.1
-4.0,-4.0,-1.1
-4.0,-4.0,-1.1
-4.0,-4.0,-1.1
-4.0,-4.0,-1.1
-4.0,-4.0,-1.1
-4.0,-4.0,-1.1
-4.0,-4.0,-1.1
-4.0,-4.0,-1.1
-4.0,-4.0,-1.1
-4.0,-4.0,-1.1
-4.0,-4.0,-1.1
-4.0,-4.0,-1.1
-4.0,-4.0,-1.1
-4.0,-4.0,-1.1
-4.0,-4.0,-1.1
-4.0,-4.0,-1.1
-4.0,-4.0,-1.1
-4.0,-4.0,-1.1
-4.0,-4.0,-1.1
-4.0,-4.0,-1.1
-4.0,-4.0,-1.1
-4.0,-4.0,-1.1
-4.0,-4.0,-1.1
-4.0,-4.0,-1.1
-4.0,-4.0,-1.1
-4.0,-4.0,-1.1
-4.0,-4.0,-1.1
-4.0,-4.0,-1.1
-4.0,-4.0,-1.1
-4.0,-4.0,-1.1
-4.0,-4.0,-1.1
-4.0,-4.0,-1.1
-4.0,-4.0,-1.1
-4.0,-4.0,-1.1
-4.0,-4.0,-1.1
-4.0,-4.0,-1.1
-4.0,-4.0,-1.1
-4.0,-4.0,-1.1
-4.0,-4.0,-1.1
-4.0,-4.0,-1.1
-4.0,-4.0,-1.1
-4.0,-4.0,-1.1
-4.0,-4.0,-1.1
-4.0,-4.0,-1.1
-4.0,-4.0,-1.1
-4.0,-4.0,-1.1
-4.0,-4.0,-1.1
-4.0,-4.0,-1.1
-4.0,-4.0,-1.1
-4.0,-4.0,-1.1
-4.0,-4.0,-1.1
-4.0,-4.0,-1.1
-4.0,-4.0,-1.1
-4.0,-4.0,-1.1
-4.0,-4.0,-1.1
-4.0,-4.0,-1.1
-4.0,-4.0,-1.1
-4.0,-4.0,-1.1
-4.0,-4.0,-1.1
-4.0,-4.0,-1.1
-4.0,-4.0,-1.1
-4.0,-4.0,-1.1
-4.0,-4.0,-1.1
-4.0,-4.0,-1.1
-4.0,-4.0,-1.1
-4.0,-4.0,-1.1
-4.0,-4.0,-1.1
-4.0,-4.0,-1.1
-4.0,-4.0,-1.1
-4.0,-4.0,-1.1
-4.0,-4.0,-1.1
-4.0,-4.0,-1.1
-4.0,-4.0,-1.1
-4.0,-4.0,-1.1
-4.0,-4.0,-1.1
-4.0,-4.0,-1.1
-4.0,-4.0,-1.1
-4.0,-4.0,-1.1
-4.0,-4.0,-1.1
-4.0,-4.0,-1.1
-4.0,-4.0,-1.1
-4.0,-4.0,-1.1
-4.0,-4.0,-1.1
-4.0,-4.0,-1.1
-4.0,-4.0,-1.1
-4.0,-4.0,-1.1
-4.0,-4.0,-1.1
-4.0,-4.0,-1.1
-4.0,-4.0,-1.1
-4.0,-4.0,-1.1
-4.0,-4.0,-1.1
-4.0,-4.0,-1.1
-4.0,-4.0,-1.1
-4.0,-4.0,-1.1
-4.0,-4.0,-1.1
-4.0,-4.0,-1.1
-4.0,-4.0,-1.1
-4.0,-4.0,-1.1
-4.0,-4.0,-1.1
-4.0,-4.0,-1.1
-4.0,-4.0,-1.1
-4.0,-4.0,-1.1
-4.0,-4.0,-1.1
-4.0,-4.0,-1.1
-4.0,-4.0,-1.1
-4.0,-4.0,-1.1
-4.0,-4.0,-1.1
-4.0,-4.0,-1.1
-4.0,-4.0,-1.1
-4.0,-4.0,-1.1
-4.0,-4.0,-1.1
-4.0,-4.0,-1.1
-4.0,-4.0,-1.1
-4.0,-4.0,-1.1
-4.0,-4.0,-1.1
-4.0,-4.0,-1.1
-4.0,-4.0,-1.1
-4.0,-4.0,-1.1
-4.0,-4.0,-1.1
-4.0,-4.0,-1.1
-4.0,-4.0,-1.1
-4.0,-4.0,-1.1
-4.0,-4.0,-1.1
-4.0,-4.0,-1.1
-4.0,-4.0,-1.1
-4.0,-4.0,-1.1
-4.0,-4.0,-1.1
-4.0,-4.0,-1.1
-4.0,-4.0,-1.1
-4.0,-4.0,-1.1
-4.0,-4.0,-1.1
-4.0,-4.0,-1.1
-4.0,-4.0,-1.1
-4.0,-4.0,-1.1
-4.0,-4.0,-1.1
-4.0,-4.0,-1.1
-4.0,-4.0,-1.1
-4.0,-4.0,-1.1
-4.0,-4.0,-1.1
-4.0,-4.0,-1.1
-4.0,-4.0,-1.1
-4.0,-4.0,-1.1
-4.0,-4.0,-1.1
-4.0,-4.0,-1.1
-4.0,-4.0,-1.1
-4.0,-4.0,-1.1
-4.0,-4.0,-1.1
-4.0,-4.0,-1.1
-4.0,-4.0,-1.1
-4.0,-4.0,-1.1
-4.0,-4.0,-1.1
-4.0,-4.0,-1.1
-4.0,-4.0,-1.1
-4.0,-4.0,-1.1
-4.0,-4.0,-1.1
-4.0,-4.0,-1.1
-4.0,-4.0,-1.1
-4.0,-4.0,-1.1
-4.0,-4.0,-1.1
-4.0,-4.0,-1.1
-4.0,-4.0,-1.1
-4.0,-4.0,-1.1
-4.0,-4.0,-1.1
-4.0,-4.0,-1.1
-4.0,-4.0,-1.1
-4.0,-4.0,-1.1
-4.0,-4.0,-1.1
-4.0,-4.0,-1.1
-4.0,-4.0,-1.1
-4.0,-4.0,-1.1
-4.0,-4.0,-1.1
-4.0,-4.0,-1.1
-4.0,-4.0,-1.1
-4.0,-4.0,-1.1
-4.0,-4.0,-1.1
-4.0,-4.0,-1.1
-4.0,-4.0,-1.1
-4.0,-4.0,-1.1
-4.0,-4.0,-1.1
-4.0,-4.0,-1.1
-4.0,-4.0,-1.1
-4.0,-4.0,-1.1
-4.0,-4.0,-1.1
-4.0,-4.0,-1.1
-4.0,-4.0,-1.1
-4.0,-4.0,-1.1
-4.0,-4.0,-1.1
-4.0,-4.0,-1.1
-4.0,-4.0,-1.1
-4.0,-4.0,-1.1
-4.0,-4.0,-1.1
-4.0,-4.0,-1.1
-4.0,-4.0,-1.1
-4.0,-4.0,-1.1
-4.0,-4.0,-1.1
-4.0,-4.0,-1.1
-4.0,-4.0,-1.1
-4.0,-4.0,-1.1
-4.0,-4.0,-1.1
-4.0,-4.0,-1.1
-4.0,-4.0,-1.1
-4.0,-4.0,-1.1
-4.0,-4.0,-1.1
-4.0,-4.0,-1.1
-4.0,-4.0,-1.1
-4.0,-4.0,-1.1
-4.0,-4.0,-1.1
-4.0,-4.0,-1.1
-4.0,-4.0,-1.1
-4.0,-4.0,-1.1
-4.0,-4.0,-1.1
-4.0,-4.0,-1.1
-4.0,-4.0,-1.1
-4.0,-4.0,-1.1
-4.0,-4.0,-1.1
-4.0,-4.0,-1.1
-4.0,-4.0,-1.1
-4.0,-4.0,-1.1
-4.0,-4.0,-1.1
-4.0,-4.0,-1.1
-4.0,-4.0,-1.1
-4.0,-4.0,-1.1
-4.0,-4.0,-1.1
-4.0,-4.0,-1.1
-4.0,-4.0,-1.1
-4.0,-4.0,-1.1
-4.0,-4.0,-1.1
-4.0,-4.0,-1.1
-4.0,-4.0,-1.1
-4.0,-4.0,-1.1
-4.0,-4.0,-1.1
-4.0,-4.0,-1.1
-4.0,-4.0,-1.1
-4.0,-4.0,-1.1
-4.0,-4.0,-1.1
-4.0,-4.0,-1.1
-4.0,-4.0,-1.1
-4.0,-4.0,-1.1
-4.0,-4.0,-1.1
-4.0,-4.0,-1.1
-4.0,-4.0,-1.1
-4.0,-4.0,-1.1
-4.0,-4.0,-1.1
-4.0,-4.0,-1.1
-4.0,-4.0,-1.1
-4.0,-4.0,-1.1
-4.0,-4.0,-1.1
-4.0,-4.0,-1.1
-4.0,-4.0,-1.1
-4.0,-4.0,-1.1
-4.0,-4.0,-1.1
-4.0,-4.0,-1.1
-4.0,-4.0,-1.1
-4.0,-4.0,-1.1
-4.0,-4.0,-1.1
-4.0,-4.0,-1.1
-4.0,-4.0,-1.1
-4.0,-4.0,-1.1
-4.0,-4.0,-1.1
-4.0,-4.0,-1.1
-4.0,-4.0,-1.1
-4.0,-4.0,-1.1
-4.0,-4.0,-1.1
-4.0,-4.0,-1.1
-4.0,-4.0,-1.1
-4.0,-4.0,-1.1
-4.0,-4.0,-1.1
-4.0,-4.0,-1.1
-4.0,-4.0,-1.1
-4.0,-4.0,-1.1
-4.0,-4.0,-1.1
-4.0,-4.0,-1.1
-4.0,-4.0,-1.1
-4.0,-4.0,-1.1
-4.0,-4.0,-1.1
-4.0,-4.0,-1.1
-4.0,-4.0,-1.1
-4.0,-4.0,-1.1
-4.0,-4.0,-1.1
-4.0,-4.0,-1.1
-4.0,-4.0,-1.1
-4.0,-4.0,-1.1
-4.0,-4.0,-1.1
-4.0,-4.0,-1.1
-4.0,-4.0,-1.1
-4.0,-4.0,-1.1
-4.0,-4.0,-1.1
-4.0,-4.0,-1.1
-4.0,-4.0,-1.1
-4.0,-4.0,-1.1
-4.0,-4.0,-1.1
-4.0,-4.0,-1.1
-4.0,-4.0,-1.1
-4.0,-4.0,-1.1
-4.0,-4.0,-1.1
-4.0,-4.0,-1.1
-4.0,-4.0,-1.1
-4.0,-4.0,-1.1
-4.0,-4.0,-1.1
-4.0,-4.0,-1.1
-4.0,-4.0,-1.1
-4.0,-4.0,-1.1
-4.0,-4.0,-1.1
-4.0,-4.0,-1.1
-4.0,-4.0,-1.1
-4.0,-4.0,-1.1
-4.0,-4.0,-1.1
-4.0,-4.0,-1.1
-4.0,-4.0,-1.1
-4.0,-4.0,-1.1
-4.0,-4.0,-1.1
-4.0,-4.0,-1.1
-4.0,-4.0,-1.1
-4.0,-4.0,-1.1
-4.0,-4.0,-1.1
-4.0,-4.0,-1.1
-4.0,-4.0,-1.1
-4.0,-4.0,-1.1
-4.0,-4.0,-1.1
-4.0,-4.0,-1.1
-4.0,-4.0,-1.1
-4.0,-4.0,-1.1
-4.0,-4.0,-1.1
-4.0,-4.0,-1.1
-4.0,-4.0,-1.1
-4.0,-4.0,-1.1
-4.0,-4.0,-1.1
-4.0,-4.0,-1.1
-4.0,-4.0,-1.1
-4.0,-4.0,-1.1
-4.0,-4.0,-1.1
-4.0,-4.0,-1.1
-4.0,-4.0,-1.1
-4.0,-4.0,-1.1
-4.0,-4.0,-1.1
-4.0,-4.0,-1.1
-4.0,-4.0,-1.1
-4.0,-4.0,-1.1
-4.0,-4.0,-1.1
-4.0,-4.0,-1.1
-4.0,-4.0,-1.1
-4.0,-4.0,-1.1
-4.0,-4.0,-1.1
-4.0,-4.0,-1.1
-4.0,-4.0,-1.1
-4.0,-4.0,-1.1
-4.0,-4.0,-1.1
-4.0,-4.0,-1.1
-4.0,-4.0,-1.1
-4.0,-4.0,-1.1
-4.0,-4.0,-1.1
-4.0,-4.0,-1.1
-4.0,-4.0,-1.1
-4.0,-4.0,-1.1
-4.0,-4.0,-1.1
-4.0,-4.0,-1.1
-4.0,-4.0,-1.1
-4.0,-4.0,-1.1
-4.0,-4.0,-1.1
-4.0,-4.0,-1.1
-4.0,-4.0,-1.1
-4.0,-4.0,-1.1
-4.0,-4.0,-1.1
-4.0,-4.0,-1.1
-4.0,-4.0,-1.1
-4.0,-4.0,-1.1
-4.0,-4.0,-1.1
-4.0,-4.0,-1.1
-4.0,-4.0,-1.1
-4.0,-4.0,-1.1
-4.0,-4.0,-1.1
-4.0,-4.0,-1.1
-4.0,-4.0,-1.1
-4.0,-4.0,-1.1
-4.0,-4.0,-1.1
-4.0,-4.0,-1.1
-4.0,-4.0,-1.1
-4.0,-4.0,-1.1
-4.0,-4.0,-1.1
-4.0,-4.0,-1.1
-4.0,-4.0,-1.1
-4.0,-4.0,-1.1
-4.0,-4.0,-1.1
-4.0,-4.0,-1.1
-4.0,-4.0,-1.1
-4.0,-4.0,-1.1
-4.0,-4.0,-1.1
-4.0,-4.0,-1.1
-4.0,-4.0,-1.1
-4.0,-4.0,-1.1
-4.0,-4.0,-1.1
-4.0,-4.0,-1.1
-4.0,-4.0,-1.1
-4.0,-4.0,-1.1
-4.0,-4.0,-1.1
-4.0,-4.0,-1.1
-4.0,-4.0,-1.1
-4.0,-4.0,-1.1
-4.0,-4.0,-1.1
-4.0,-4.0,-1.1
-4.0,-4.0,-1.1
-4.0,-4.0,-1.1
-4.0,-4.0,-1.1
-4.0,-4.0,-1.1
-4.0,-4.0,-1.1
-4.0,-4.0,-1.1
-4.0,-4.0,-1.1
-4.0,-4.0,-1.1
-4.0,-4.0,-1.1
-4.0,-4.0,-1.1
-4.0,-4.0,-1.1
-4.0,-4.0,-1.1
-4.0,-4.0,-1.1
-4.0,-4.0,-1.1
-4.0,-4.0,-1.1
-4.0,-4.0,-1.1
-4.0,-4.0,-1.1
-4.0,-4.0,-1.1
-4.0,-4.0,-1.1
-4.0,-4.0,-1.1
-4.0,-4.0,-1.1
-4.0,-4.0,-1.1
-4.0,-4.0,-1.1
-4.0,-4.0,-1.1
-4.0,-4.0,-1.1
-4.0,-4.0,-1.1
-4.0,-4.0,-1.1
-4.0,-4.0,-1.1
-4.0,-4.0,-1.1
-4.0,-4.0,-1.1
-4.0,-4.0,-1.1
-4.0,-4.0,-1.1
-4.0,-4.0,-1.1
-4.0,-4.0,-1.1
-4.0,-4.0,-1.1
-4.0,-4.0,-1.1
-4.0,-4.0,-1.1
-4.0,-4.0,-1.1
-4.0,-4.0,-1.1
-4.0,-4.0,-1.1
-4.0,-4.0,-1.1
-4.0,-4.0,-1.1
-4.0,-4.0,-1.1
-4.0,-4.0,-1.1
-4.0,-4.0,-1.1
-4.0,-4.0,-1.1
-4.0,-4.0,-1.1
-4.0,-4.0,-1.1
-4.0,-4.0,-1.1
-4.0,-4.0,-1.1
-4.0,-4.0,-1.1
-4.0,-4.0,-1.1
-4.0,-4.0,-1.1
-4.0,-4.0,-1.1
-4.0,-4.0,-1.1
-4.0,-4.0,-1.1
-4.0,-4.0,-1.1
-4.0,-4.0,-1.1
-4.0,-4.0,-1.1
-4.0,-4.0,-1.1
-4.0,-4.0,-1.1
-4.0,-4.0,-1.1
-4.0,-4.0,-1.1
-4.0,-4.0,-1.1
-4.0,-4.0,-1.1
-4.0,-4.0,-1.1
-4.0,-4.0,-1.1
-4.0,-4.0,-1.1
-4.0,-4.0,-1.1
-4.0,-4.0,-1.1
-4.0,-4.0,-1.1
-4.0,-4.0,-1.1
-4.0,-4.0,-1.1
-4.0,-4.0,-1.1
-4.0,-4.0,-1.1
-4.0,-4.0,-1.1
-4.0,-4.0,-1.1
-4.0,-4.0,-1.1
-4.0,-4.0,-1.1
-4.0,-4.0,-1.1
-4.0,-4.0,-1.1
-4.0,-4.0,-1.1
-4.0,-4.0,-1.1
-4.0,-4.0,-1.1
-4.0,-4.0,-1.1
-4.0,-4.0,-1.1
-4.0,-4.0,-1.1
-4.0,-4.0,-1.1
-4.0,-4.0,-1.1
-4.0,-4.0,-1.1
-4.0,-4.0,-1.1
-4.0,-4.0,-1.1
-4.0,-4.0,-1.1
-4.0,-4.0,-1.1
-4.0,-4.0,-1.1
-4.0,-4.0,-1.1
-4.0,-4.0,-1.1
-4.0,-4.0,-1.1
-4.0,-4.0,-1.1
-4.0,-4.0,-1.1
-4.0,-4.0,-1.1
-4.0,-4.0,-1.1
-4.0,-4.0,-1.1
-4.0,-4.0,-1.1
-4.0,-4.0,-1.1
-4.0,-4.0,-1.1
-4.0,-4.0,-1.1
-4.0,-4.0,-1.1
-4.0,-4.0,-1.1
-4.0,-4.0,-1.1
-4.0,-4.0,-1.1
-4.0,-4.0,-1.1
-4.0,-4.0,-1.1
-4.0,-4.0,-1.1
-4.0,-4.0,-1.1
-4.0,-4.0,-1.1
-4.0,-4.0,-1.1
-4.0,-4.0,-1.1
-4.0,-4.0,-1.1
-4.0,-4.0,-1.1
-4.0,-4.0,-1.1
-4.0,-4.0,-1.1
-4.0,-4.0,-1.1
-4.0,-4.0,-1.1
-4.0,-4.0,-1.1
-4.0,-4.0,-1.1
-4.0,-4.0,-1.1
-4.0,-4.0,-1.1
-4.0,-4.0,-1.1
-4.0,-4.0,-1.1
-4.0,-4.0,-1.1
-4.0,-4.0,-1.1
-4.0,-4.0,-1.1
-4.0,-4.0,-1.1
-4.0,-4.0,-1.1
-4.0,-4.0,-1.1
-4.0,-4.0,-1.1
-4.0,-4.0,-1.1
-4.0,-4.0,-1.1
-4.0,-4.0,-1.1
-4.0,-4.0,-1.1
-4.0,-4.0,-1.1
-4.0,-4.0,-1.1
-4.0,-4.0,-1.1
-4.0,-4.0,-1.1
-4.0,-4.0,-1.1
-4.0,-4.0,-1.1
-4.0,-4.0,-1.1
-4.0,-4.0,-1.1
-4.0,-4.0,-1.1
-4.0,-4.0,-1.1
-4.0,-4.0,-1.1
-4.0,-4.0,-1.1
-4.0,-4.0,-1.1
-4.0,-4.0,-1.1
-4.0,-4.0,-1.1
-4.0,-4.0,-1.1
-4.0,-4.0,-1.1
-4.0,-4.0,-1.1
-4.0,-4.0,-1.1
-4.0,-4.0,-1.1
-4.0,-4.0,-1.1
-4.0,-4.0,-1.1
-4.0,-4.0,-1.1
-4.0,-4.0,-1.1
-4.0,-4.0,-1.1
-4.0,-4.0,-1.1
-4.0,-4.0,-1.1
-4.0,-4.0,-1.1
-4.0,-4.0,-1.1
-4.0,-4.0,-1.1
-4.0,-4.0,-1.1
-4.0,-4.0,-1.1
-4.0,-4.0,-1.1
-4.0,-4.0,-1.1
-4.0,-4.0,-1.1
-4.0,-4.0,-1.1
-4.0,-4.0,-1.1
-4.0,-4.0,-1.1
-4.0,-4.0,-1.1
-4.0,-4.0,-1.1
-4.0,-4.0,-1.1
-4.0,-4.0,-1.1
-4.0,-4.0,-1.1
-4.0,-4.0,-1.1
-4.0,-4.0,-1.1
-4.0,-4.0,-1.1
-4.0,-4.0,-1.1
-4.0,-4.0,-1.1
-4.0,-4.0,-1.1
-4.0,-4.0,-1.1
-4.0,-4.0,-1.1
-4.0,-4.0,-1.1
-4.0,-4.0,-1.1
-4.0,-4.0,-1.1
-4.0,-4.0,-1.1
-4.0,-4.0,-1.1
-4.0,-4.0,-1.1
-4.0,-4.0,-1.1
-4.0,-4.0,-1.1
-4.0,-4.0,-1.1
-4.0,-4.0,-1.1
-4.0,-4.0,-1.1
-4.0,-4.0,-1.1
-4.0,-4.0,-1.1
-4.0,-4.0,-1.1
-4.0,-4.0,-1.1
-4.0,-4.0,-1.1
-4.0,-4.0,-1.1
-4.0,-4.0,-1.1
-4.0,-4.0,-1.1
-4.0,-4.0,-1.1
-4.0,-4.0,-1.1
-4.0,-4.0,-1.1
-4.0,-4.0,-1.1
-4.0,-4.0,-1.1
-4.0,-4.0,-1.1
-4.0,-4.0,-1.1
-4.0,-4.0,-1.1
-4.0,-4.0,-1.1
-4.0,-4.0,-1.1
-4.0,-4.0,-1.1
-4.0,-4.0,-1.1
-4.0,-4.0,-1.1
-4.0,-4.0,-1.1
-4.0,-4.0,-1.1
-4.0,-4.0,-1.1
-4.0,-4.0,-1.1
-4.0,-4.0,-1.1
-4.0,-4.0,-1.1
-4.0,-4.0,-1.1
-4.0,-4.0,-1.1
-4.0,-4.0,-1.1
-4.0,-4.0,-1.1
-4.0,-4.0,-1.1
-4.0,-4.0,-1.1
-4.0,-4.0,-1.1
-4.0,-4.0,-1.1
-4.0,-4.0,-1.1
-4.0,-4.0,-1.1
-4.0,-4.0,-1.1
-4.0,-4.0,-1.1
-4.0,-4.0,-1.1
-4.0,-4.0,-1.1
-4.0,-4.0,-1.1
-4.0,-4.0,-1.1
-4.0,-4.0,-1.1
-4.0,-4.0,-1.1
-4.0,-4.0,-1.1
-4.0,-4.0,-1.1
-4.0,-4.0,-1.1
-4.0,-4.0,-1.1
-4.0,-4.0,-1.1
-4.0,-4.0,-1.1
-4.0,-4.0,-1.1
-4.0,-4.0,-1.1
-4.0,-4.0,-1.1
-4.0,-4.0,-1.1
-4.0,-4.0,-1.1
-4.0,-4.0,-1.1
-4.0,-4.0,-1.1
-4.0,-4.0,-1.1
-4.0,-4.0,-1.1
-4.0,-4.0,-1.1
-4.0,-4.0,-1.1
-4.0,-4.0,-1.1
-4.0,-4.0,-1.1
-4.0,-4.0,-1.1
-4.0,-4.0,-1.1
-4.0,-4.0,-1.1
-4.0,-4.0,-1.1
-4.0,-4.0,-1.1
-4.0,-4.0,-1.1
-4.0,-4.0,-1.1
-4.0,-4.0,-1.1
-4.0,-4.0,-1.1
-4.0,-4.0,-1.1
-4.0,-4.0,-1.1
-4.0,-4.0,-1.1
-4.0,-4.0,-1.1
-4.0,-4.0,-1.1
-4.0,-4.0,-1.1
-4.0,-4.0,-1.1
-4.0,-4.0,-1.1
-4.0,-4.0,-1.1
-4.0,-4.0,-1.1
-4.0,-4.0,-1.1
-4.0,-4.0,-1.1
-4.0,-4.0,-1.1
-4.0,-4.0,-1.1
-4.0,-4.0,-1.1
-4.0,-4.0,-1.1
-4.0,-4.0,-1.1
-4.0,-4.0,-1.1
-4.0,-4.0,-1.1
-4.0,-4.0,-1.1
-4.0,-4.0,-1.1
-4.0,-4.0,-1.1
-4.0,-4.0,-1.1
-4.0,-4.0,-1.1
-4.0,-4.0,-1.1
-4.0,-4.0,-1.1
-4.0,-4.0,-1.1
-4.0,-4.0,-1.1
-4.0,-4.0,-1.1
-4.0,-4.0,-1.1
-4.0,-4.0,-1.1
-4.0,-4.0,-1.1
-4.0,-4.0,-1.1
-4.0,-4.0,-1.1
-4.0,-4.0,-1.1
-4.0,-4.0,-1.1
-4.0,-4.0,-1.1
-4.0,-4.0,-1.1
-4.0,-4.0,-1.1
-4.0,-4.0,-1.1
-4.0,-4.0,-1.1
-4.0,-4.0,-1.1
-4.0,-4.0,-1.1
-4.0,-4.0,-1.1
-4.0,-4.0,-1.1
-4.0,-4.0,-1.1
-4.0,-4.0,-1.1
-4.0,-4.0,-1.1
-4.0,-4.0,-1.1
-4.0,-4.0,-1.1
-4.0,-4.0,-1.1
-4.0,-4.0,-1.1
-4.0,-4.0,-1.1
-4.0,-4.0,-1.1
-4.0,-4.0,-1.1
-4.0,-4.0,-1.1
-4.0,-4.0,-1.1
-4.0,-4.0,-1.1
-4.0,-4.0,-1.1
-4.0,-4.0,-1.1
-4.0,-4.0,-1.1
-4.0,-4.0,-1.1
-4.0,-4.0,-1.1
-4.0,-4.0,-1.1
-4.0,-4.0,-1.1
-4.0,-4.0,-1.1
-4.0,-4.0,-1.1
-4.0,-4.0,-1.1
-4.0,-4.0,-1.1
-4.0,-4.0,-1.1
-4.0,-4.0,-1.1
-4.0,-4.0,-1.1
-4.0,-4.0,-1.1
-4.0,-4.0,-1.1
-4.0,-4.0,-1.1
-4.0,-4.0,-1.1
-4.0,-4.0,-1.1
-4.0,-4.0,-1.1
-4.0,-4.0,-1.1
-4.0,-4.0,-1.1
-4.0,-4.0,-1.1
-4.0,-4.0,-1.1
-4.0,-4.0,-1.1
-4.0,-4.0,-1.1
-4.0,-4.0,-1.1
-4.0,-4.0,-1.1
-4.0,-4.0,-1.1
-4.0,-4.0,-1.1
-4.0,-4.0,-1.1
-4.0,-4.0,-1.1
-4.0,-4.0,-1.1
-4.0,-4.0,-1.1
-4.0,-4.0,-1.1
-4.0,-4.0,-1.1
-4.0,-4.0,-1.1
-4.0,-4.0,-1.1
-4.0,-4.0,-1.1
-4.0,-4.0,-1.1
-4.0,-4.0,-1.1
-4.0,-4.0,-1.1
-4.0,-4.0,-1.1
-4.0,-4.0,-1.1
-4.0,-4.0,-1.1
-4.0,-4.0,-1.1
-4.0,-4.0,-1.1
-4.0,-4.0,-1.1
-4.0,-4.0,-1.1
-4.0,-4.0,-1.1
-4.0,-4.0,-1.1
-4.0,-4.0,-1.1
-4.0,-4.0,-1.1
-4.0,-4.0,-1.1
-4.0,-4.0,-1.1
-4.0,-4.0,-1.1
-4.0,-4.0,-1.1
-4.0,-4.0,-1.1
-4.0,-4.0,-1.1
-4.0,-4.0,-1.1
-4.0,-4.0,-1.1
-4.0,-4.0,-1.1
-4.0,-4.0,-1.1
-4.0,-4.0,-1.1
-4.0,-4.0,-1.1
-4.0,-4.0,-1.1
-4.0,-4.0,-1.1
-4.0,-4.0,-1.1
-4.0,-4.0,-1.1
-4.0,-4.0,-1.1
-4.0,-4.0,-1.1
-4.0,-4.0,-1.1
-4.0,-4.0,-1.1
-4.0,-4.0,-1.1
-4.0,-4.0,-1.1
-4.0,-4.0,-1.1
-4.0,-4.0,-1.1
-4.0,-4.0,-1.1
-4.0,-4.0,-1.1
-4.0,-4.0,-1.1
-4.0,-4.0,-1.1
-4.0,-4.0,-1.1
-4.0,-4.0,-1.1
-4.0,-4.0,-1.1
-4.0,-4.0,-1.1
-4.0,-4.0,-1.1
-4.0,-4.0,-1.1
-4.0,-4.0,-1.1
-4.0,-4.0,-1.1
-4.0,-4.0,-1.1
-4.0,-4.0,-1.1
-4.0,-4.0,-1.1
-4.0,-4.0,-1.1
-4.0,-4.0,-1.1
-4.0,-4.0,-1.1
-4.0,-4.0,-1.1
-4.0,-4.0,-1.1
-4.0,-4.0,-1.1
-4.0,-4.0,-1.1
-4.0,-4.0,-1.1
-4.0,-4.0,-1.1
-4.0,-4.0,-1.1
-4.0,-4.0,-1.1
-4.0,-4.0,-1.1
-4.0,-4.0,-1.1
-4.0,-4.0,-1.1
-4.0,-4.0,-1.1
-4.0,-4.0,-1.1
-4.0,-4.0,-1.1
-4.0,-4.0,-1.1
-4.0,-4.0,-1.1
-4.0,-4.0,-1.1
-4.0,-4.0,-1.1
-4.0,-4.0,-1.1
-4.0,-4.0,-1.1
-4.0,-4.0,-1.1
-4.0,-4.0,-1.1
-4.0,-4.0,-1.1
-4.0,-4.0,-1.1
-4.0,-4.0,-1.1
-4.0,-4.0,-1.1
-4.0,-4.0,-1.1
-4.0,-4.0,-1.1
-4.0,-4.0,-1.1
-4.0,-4.0,-1.1
-4.0,-4.0,-1.1
-4.0,-4.0,-1.1
-4.0,-4.0,-1.1
-4.0,-4.0,-1.1
-4.0,-4.0,-1.1
-4.0,-4.0,-1.1
-4.0,-4.0,-1.1
-4.0,-4.0,-1.1
-4.0,-4.0,-1.1
-4.0,-4.0,-1.1
-4.0,-4.0,-1.1
-4.0,-4.0,-1.1
-4.0,-4.0,-1.1
-4.0,-4.0,-1.1
-4.0,-4.0,-1.1
-4.0,-4.0,-1.1
-4.0,-4.0,-1.1
-4.0,-4.0,-1.1
-4.0,-4.0,-1.1
-4.0,-4.0,-1.1
-4.0,-4.0,-1.1
-4.0,-4.0,-1.1
-4.0,-4.0,-1.1
-4.0,-4.0,-1.1
-4.0,-4.0,-1.1
-4.0,-4.0,-1.1
-4.0,-4.0,-1.1
-4.0,-4.0,-1.1
-4.0,-4.0,-1.1
-4.0,-4.0,-1.1
-4.0,-4.0,-1.1
-4.0,-4.0,-1.1
-4.0,-4.0,-1.1
-4.0,-4.0,-1.1
-4.0,-4.0,-1.1
-4.0,-4.0,-1.1
-4.0,-4.0,-1.1
-4.0,-4.0,-1.1
-4.0,-4.0,-1.1
-4.0,-4.0,-1.1
-4.0,-4.0,-1.1
-4.0,-4.0,-1.1
-4.0,-4.0,-1.1
-4.0,-4.0,-1.1
-4.0,-4.0,-1.1
-4.0,-4.0,-1.1
-4.0,-4.0,-1.1
-4.0,-4.0,-1.1
-4.0,-4.0,-1.1
-4.0,-4.0,-1.1
-4.0,-4.0,-1.1
-4.0,-4.0,-1.1
-4.0,-4.0,-1.1
-4.0,-4.0,-1.1
-4.0,-4.0,-1.1
-4.0,-4.0,-1.1
-4.0,-4.0,-1.1
-4.0,-4.0,-1.1
-4.0,-4.0,-1.1
-4.0,-4.0,-1.1
-4.0,-4.0,-1.1
-4.0,-4.0,-1.1
-4.0,-4.0,-1.1
-4.0,-4.0,-1.1
-4.0,-4.0,-1.1
-4.0,-4.0,-1.1
-4.0,-4.0,-1.1
-4.0,-4.0,-1.1
-4.0,-4.0,-1.1
-4.0,-4.0,-1.1
-4.0,-4.0,-1.1
-4.0,-4.0,-1.1
-4.0,-4.0,-1.1
-4.0,-4.0,-1.1
-4.0,-4.0,-1.1
-4.0,-4.0,-1.1
-4.0,-4.0,-1.1
-4.0,-4.0,-1.1
-4.0,-4.0,-1.1
-4.0,-4.0,-1.1
-4.0,-4.0,-1.1
-4.0,-4.0,-1.1
-4.0,-4.0,-1.1
-4.0,-4.0,-1.1
-4.0,-4.0,-1.1
-4.0,-4.0,-1.1
-4.0,-4.0,-1.1
-4.0,-4.0,-1.1
-4.0,-4.0,-1.1
-4.0,-4.0,-1.1
-4.0,-4.0,-1.1
-4.0,-4.0,-1.1
-4.0,-4.0,-1.1
-4.0,-4.0,-1.1
-4.0,-4.0,-1.1
-4.0,-4.0,-1.1
-4.0,-4.0,-1.1
-4.0,-4.0,-1.1
-4.0,-4.0,-1.1
-4.0,-4.0,-1.1
-4.0,-4.0,-1.1
-4.0,-4.0,-1.1
-4.0,-4.0,-1.1
-4.0,-4.0,-1.1
-4.0,-4.0,-1.1
-4.0,-4.0,-1.1
-4.0,-4.0,-1.1
-4.0,-4.0,-1.1
-4.0,-4.0,-1.1
-4.0,-4.0,-1.1
-4.0,-4.0,-1.1
-4.0,-4.0,-1.1
-4.0,-4.0,-1.1
-4.0,-4.0,-1.1
-4.0,-4.0,-1.1
-4.0,-4.0,-1.1
-4.0,-4.0,-1.1
-4.0,-4.0,-1.1
-4.0,-4.0,-1.1
-4.0,-4.0,-1.1
-4.0,-4.0,-1.1
-4.0,-4.0,-1.1
-4.0,-4.0,-1.1
-4.0,-4.0,-1.1
-4.0,-4.0,-1.1
-4.0,-4.0,-1.1
-4.0,-4.0,-1.1
-4.0,-4.0,-1.1
-4.0,-4.0,-1.1
-4.0,-4.0,-1.1
-4.0,-4.0,-1.1
-4.0,-4.0,-1.1
-4.0,-4.0,-1.1
-4.0,-4.0,-1.1
-4.0,-4.0,-1.1
-4.0,-4.0,-1.1
-4.0,-4.0,-1.1
-4.0,-4.0,-1.1
-4.0,-4.0,-1.1
-4.0,-4.0,-1.1
-4.0,-4.0,-1.1
-4.0,-4.0,-1.1
-4.0,-4.0,-1.1
-4.0,-4.0,-1.1
-4.0,-4.0,-1.1
-4.0,-4.0,-1.1
-4.0,-4.0,-1.1
-4.0,-4.0,-1.1
-4.0,-4.0,-1.1
-4.0,-4.0,-1.1
-4.0,-4.0,-1.1
-4.0,-4.0,-1.1
-4.0,-4.0,-1.1
-4.0,-4.0,-1.1
-4.0,-4.0,-1.1
-4.0,-4.0,-1.1
-4.0,-4.0,-1.1
-4.0,-4.0,-1.1
-4.0,-4.0,-1.1
-4.0,-4.0,-1.1
-4.0,-4.0,-1.1
-4.0,-4.0,-1.1
-4.0,-4.0,-1.1
-4.0,-4.0,-1.1
-4.0,-4.0,-1.1
-4.0,-4.0,-1.1
-4.0,-4.0,-1.1
-4.0,-4.0,-1.1
-4.0,-4.0,-1.1
-4.0,-4.0,-1.1
-4.0,-4.0,-1.1
-4.0,-4.0,-1.1
-4.0,-4.0,-1.1
-4.0,-4.0,-1.1
-4.0,-4.0,-1.1
-4.0,-4.0,-1.1
-4.0,-4.0,-1.1
-4.0,-4.0,-1.1
-4.0,-4.0,-1.1
-4.0,-4.0,-1.1
-4.0,-4.0,-1.1
-4.0,-4.0,-1.1
-4.0,-4.0,-1.1
-4.0,-4.0,-1.1
-4.0,-4.0,-1.1
-4.0,-4.0,-1.1
-4.0,-4.0,-1.1
-4.0,-4.0,-1.1
-4.0,-4.0,-1.1
-4.0,-4.0,-1.1
-4.0,-4.0,-1.1
-4.0,-4.0,-1.1
-4.0,-4.0,-1.1
-4.0,-4.0,-1.1
-4.0,-4.0,-1.1
-4.0,-4.0,-1.1
-4.0,-4.0,-1.1
-4.0,-4.0,-1.1
-4.0,-4.0,-1.1
-4.0,-4.0,-1.1
-4.0,-4.0,-1.1
-4.0,-4.0,-1.1
-4.0,-4.0,-1.1
-4.0,-4.0,-1.1
-4.0,-4.0,-1.1
-4.0,-4.0,-1.1
-4.0,-4.0,-1.1
-4.0,-4.0,-1.1
-4.0,-4.0,-1.1
-4.0,-4.0,-1.1
-4.0,-4.0,-1.1
-4.0,-4.0,-1.1
-4.0,-4.0,-1.1
-4.0,-4.0,-1.1
-4.0,-4.0,-1.1
-4.0,-4.0,-1.1
-4.0,-4.0,-1.1
-4.0,-4.0,-1.1
-4.0,-4.0,-1.1
-4.0,-4.0,-1.1
-4.0,-4.0,-1.1
-4.0,-4.0,-1.1
-4.0,-4.0,-1.1
-4.0,-4.0,-1.1
-4.0,-4.0,-1.1
-4.0,-4.0,-1.1
-4.0,-4.0,-1.1
-4.0,-4.0,-1.1
-4.0,-4.0,-1.1
-4.0,-4.0,-1.1
-4.0,-4.0,-1.1
-4.0,-4.0,-1.1
-4.0,-4.0,-1.1
-4.0,-4.0,-1.1
-4.0,-4.0,-1.1
-4.0,-4.0,-1.1
-4.0,-4.0,-1.1
-4.0,-4.0,-1.1
-4.0,-4.0,-1.1
-4.0,-4.0,-1.1
-4.0,-4.0,-1.1
-4.0,-4.0,-1.1
-4.0,-4.0,-1.1
-4.0,-4.0,-1.1
-4.0,-4.0,-1.1
-4.0,-4.0,-1.1
-4.0,-4.0,-1.1
-4.0,-4.0,-1.1
-4.0,-4.0,-1.1
-4.0,-4.0,-1.1
-4.0,-4.0,-1.1
-4.0,-4.0,-1.1
-4.0,-4.0,-1.1
-4.0,-4.0,-1.1
-4.0,-4.0,-1.1
-4.0,-4.0,-1.1
-4.0,-4.0,-1.1
-4.0,-4.0,-1.1
-4.0,-4.0,-1.1
-4.0,-4.0,-1.1
-4.0,-4.0,-1.1
-4.0,-4.0,-1.1
-4.0,-4.0,-1.1
-4.0,-4.0,-1.1
-4.0,-4.0,-1.1
-4.0,-4.0,-1.1
-4.0,-4.0,-1.1
-4.0,-4.0,-1.1
-4.0,-4.0,-1.1
-4.0,-4.0,-1.1
-4.0,-4.0,-1.1
-4.0,-4.0,-1.1
-4.0,-4.0,-1.1
-4.0,-4.0,-1.1
-4.0,-4.0,-1.1
-4.0,-4.0,-1.1
-4.0,-4.0,-1.1
-4.0,-4.0,-1.1
-4.0,-4.0,-1.1
-4.0,-4.0,-1.1
-4.0,-4.0,-1.1
-4.0,-4.0,-1.1
-4.0,-4.0,-1.1
-4.0,-4.0,-1.1
-4.0,-4.0,-1.1
-4.0,-4.0,-1.1
-4.0,-4.0,-1.1
-4.0,-4.0,-1.1
-4.0,-4.0,-1.1
-4.0,-4.0,-1.1
-4.0,-4.0,-1.1
-4.0,-4.0,-1.1
-4.0,-4.0,-1.1
-4.0,-4.0,-1.1
-4.0,-4.0,-1.1
-4.0,-4.0,-1.1
-4.0,-4.0,-1.1
-4.0,-4.0,-1.1
-4.0,-4.0,-1.1
-4.0,-4.0,-1.1
-4.0,-4.0,-1.1
-4.0,-4.0,-1.1
-4.0,-4.0,-1.1
-4.0,-4.0,-1.1
-4.0,-4.0,-1.1
-4.0,-4.0,-1.1
-4.0,-4.0,-1.1
-4.0,-4.0,-1.1
-4.0,-4.0,-1.1
-4.0,-4.0,-1.1
-4.0,-4.0,-1.1
-4.0,-4.0,-1.1
-4.0,-4.0,-1.1
-4.0,-4.0,-1.1
-4.0,-4.0,-1.1
-4.0,-4.0,-1.1
-4.0,-4.0,-1.1
-4.0,-4.0,-1.1
-4.0,-4.0,-1.1
-4.0,-4.0,-1.1
-4.0,-4.0,-1.1
-4.0,-4.0,-1.1
-4.0,-4.0,-1.1
-4.0,-4.0,-1.1
-4.0,-4.0,-1.1
-4.0,-4.0,-1.1
-4.0,-4.0,-1.1
-4.0,-4.0,-1.1
-4.0,-4.0,-1.1
-4.0,-4.0,-1.1
-4.0,-4.0,-1.1
-4.0,-4.0,-1.1
-4.0,-4.0,-1.1
-4.0,-4.0,-1.1
-4.0,-4.0,-1.1
-4.0,-4.0,-1.1
-4.0,-4.0,-1.1
-4.0,-4.0,-1.1
-4.0,-4.0,-1.1
-4.0,-4.0,-1.1
-4.0,-4.0,-1.1
-4.0,-4.0,-1.1
-4.0,-4.0,-1.1
-4.0,-4.0,-1.1
-4.0,-4.0,-1.1
-4.0,-4.0,-1.1
-4.0,-4.0,-1.1
-4.0,-4.0,-1.1
-4.0,-4.0,-1.1
-4.0,-4.0,-1.1
-4.0,-4.0,-1.1
-4.0,-4.0,-1.1
-4.0,-4.0,-1.1
-4.0,-4.0,-1.1
-4.0,-4.0,-1.1
-4.0,-4.0,-1.1
-4.0,-4.0,-1.1
-4.0,-4.0,-1.1
-4.0,-4.0,-1.1
-4.0,-4.0,-1.1
-4.0,-4.0,-1.1
-4.0,-4.0,-1.1
-4.0,-4.0,-1.1
-4.0,-4.0,-1.1
-4.0,-4.0,-1.1
-4.0,-4.0,-1.1
-4.0,-4.0,-1.1
-4.0,-4.0,-1.1
-4.0,-4.0,-1.1
-4.0,-4.0,-1.1
-4.0,-4.0,-1.1
-4.0,-4.0,-1.1
-4.0,-4.0,-1.1
-4.0,-4.0,-1.1
-4.0,-4.0,-1.1
-4.0,-4.0,-1.1
-4.0,-4.0,-1.1
-4.0,-4.0,-1.1
-4.0,-4.0,-1.1
-4.0,-4.0,-1.1
-4.0,-4.0,-1.1
-4.0,-4.0,-1.1
-4.0,-4.0,-1.1
-4.0,-4.0,-1.1
-4.0,-4.0,-1.1
-4.0,-4.0,-1.1
-4.0,-4.0,-1.1
-4.0,-4.0,-1.1
-4.0,-4.0,-1.1
-4.0,-4.0,-1.1
-4.0,-4.0,-1.1
-4.0,-4.0,-1.1
-4.0,-4.0,-1.1
-4.0,-4.0,-1.1
-4.0,-4.0,-1.1
-4.0,-4.0,-1.1
-4.0,-4.0,-1.1
-4.0,-4.0,-1.1
-4.0,-4.0,-1.1
-4.0,-4.0,-1.1
-4.0,-4.0,-1.1
-4.0,-4.0,-1.1
-4.0,-4.0,-1.1
-4.0,-4.0,-1.1
-4.0,-4.0,-1.1
-4.0,-4.0,-1.1
-4.0,-4.0,-1.1
-4.0,-4.0,-1.1
-4.0,-4.0,-1.1
-4.0,-4.0,-1.1
-4.0,-4.0,-1.1
-4.0,-4.0,-1.1
-4.0,-4.0,-1.1
-4.0,-4.0,-1.1
-4.0,-4.0,-1.1
-4.0,-4.0,-1.1
-4.0,-4.0,-1.1
-4.0,-4.0,-1.1
-4.0,-4.0,-1.1
-4.0,-4.0,-1.1
-4.0,-4.0,-1.1
-4.0,-4.0,-1.1
-4.0,-4.0,-1.1
-4.0,-4.0,-1.1
-4.0,-4.0,-1.1
-4.0,-4.0,-1.1
-4.0,-4.0,-1.1
-4.0,-4.0,-1.1
-4.0,-4.0,-1.1
-4.0,-4.0,-1.1
-4.0,-4.0,-1.1
-4.0,-4.0,-1.1
-4.0,-4.0,-1.1
-4.0,-4.0,-1.1
-4.0,-4.0,-1.1
-4.0,-4.0,-1.1
-4.0,-4.0,-1.1
-4.0,-4.0,-1.1
-4.0,-4.0,-1.1
-4.0,-4.0,-1.1
-4.0,-4.0,-1.1
-4.0,-4.0,-1.1
-4.0,-4.0,-1.1
-4.0,-4.0,-1.1
-4.0,-4.0,-1.1
-4.0,-4.0,-1.1
-4.0,-4.0,-1.1
-4.0,-4.0,-1.1
-4.0,-4.0,-1.1
-4.0,-4.0,-1.1
-4.0,-4.0,-1.1
-4.0,-4.0,-1.1
-4.0,-4.0,-1.1
-4.0,-4.0,-1.1
-4.0,-4.0,-1.1
-4.0,-4.0,-1.1
-4.0,-4.0,-1.1
-4.0,-4.0,-1.1
-4.0,-4.0,-1.1
-4.0,-4.0,-1.1
-4.0,-4.0,-1.1
-4.0,-4.0,-1.1
-4.0,-4.0,-1.1
-4.0,-4.0,-1.1
-4.0,-4.0,-1.1
-4.0,-4.0,-1.1
-4.0,-4.0,-1.1
-4.0,-4.0,-1.1
-4.0,-4.0,-1.1
-4.0,-4.0,-1.1
-4.0,-4.0,-1.1
-4.0,-4.0,-1.1
-4.0,-4.0,-1.1
-4.0,-4.0,-1.1
-4.0,-4.0,-1.1
-4.0,-4.0,-1.1
-4.0,-4.0,-1.1
-4.0,-4.0,-1.1
-4.0,-4.0,-1.1
-4.0,-4.0,-1.1
-4.0,-4.0,-1.1
-4.0,-4.0,-1.1
-4.0,-4.0,-1.1
-4.0,-4.0,-1.1
-4.0,-4.0,-1.1
-4.0,-4.0,-1.1
-4.0,-4.0,-1.1
-4.0,-4.0,-1.1
-4.0,-4.0,-1.1
-4.0,-4.0,-1.1
-4.0,-4.0,-1.1
-4.0,-4.0,-1.1
-4.0,-4.0,-1.1
-4.0,-4.0,-1.1
-4.0,-4.0,-1.1
-4.0,-4.0,-1.1
-4.0,-4.0,-1.1
-4.0,-4.0,-1.1
-4.0,-4.0,-1.1
-4.0,-4.0,-1.1
-4.0,-4.0,-1.1
-4.0,-4.0,-1.1
-4.0,-4.0,-1.1
-4.0,-4.0,-1.1
-4.0,-4.0,-1.1
-4.0,-4.0,-1.1
-4.0,-4.0,-1.1
-4.0,-4.0,-1.1
-4.0,-4.0,-1.1
-4.0,-4.0,-1.1
-4.0,-4.0,-1.1
-4.0,-4.0,-1.1
-4.0,-4.0,-1.1
-4.0,-4.0,-1.1
-4.0,-4.0,-1.1
-4.0,-4.0,-1.1
-4.0,-4.0,-1.1
-4.0,-4.0,-1.1
-4.0,-4.0,-1.1
-4.0,-4.0,-1.1
-4.0,-4.0,-1.1
-4.0,-4.0,-1.1
-4.0,-4.0,-1.1
-4.0,-4.0,-1.1
-4.0,-4.0,-1.1
-4.0,-4.0,-1.1
-4.0,-4.0,-1.1
-4.0,-4.0,-1.1
-4.0,-4.0,-1.1
-4.0,-4.0,-1.1
-4.0,-4.0,-1.1
-4.0,-4.0,-1.1
-4.0,-4.0,-1.1
-4.0,-4.0,-1.1
-4.0,-4.0,-1.1
-4.0,-4.0,-1.1
-4.0,-4.0,-1.1
-4.0,-4.0,-1.1
-4.0,-4.0,-1.1
-4.0,-4.0,-1.1
-4.0,-4.0,-1.1
-4.0,-4.0,-1.1
-4.0,-4.0,-1.1
-4.0,-4.0,-1.1
-4.0,-4.0,-1.1
-4.0,-4.0,-1.1
-4.0,-4.0,-1.1
-4.0,-4.0,-1.1
-4.0,-4.0,-1.1
-4.0,-4.0,-1.1
-4.0,-4.0,-1.1
-4.0,-4.0,-1.1
-4.0,-4.0,-1.1
-4.0,-4.0,-1.1
-4.0,-4.0,-1.1
-4.0,-4.0,-1.1
-4.0,-4.0,-1.1
-4.0,-4.0,-1.1
-4.0,-4.0,-1.1
-4.0,-4.0,-1.1
-4.0,-4.0,-1.1
-4.0,-4.0,-1.1
-4.0,-4.0,-1.1
-4.0,-4.0,-1.1
-4.0,-4.0,-1.1
-4.0,-4.0,-1.1
-4.0,-4.0,-1.1
-4.0,-4.0,-1.1
-4.0,-4.0,-1.1
-4.0,-4.0,-1.1
-4.0,-4.0,-1.1
-4.0,-4.0,-1.1
-4.0,-4.0,-1.1
-4.0,-4.0,-1.1
-4.0,-4.0,-1.1
-4.0,-4.0,-1.1
-4.0,-4.0,-1.1
-4.0,-4.0,-1.1
-4.0,-4.0,-1.1
-4.0,-4.0,-1.1
-4.0,-4.0,-1.1
-4.0,-4.0,-1.1
-4.0,-4.0,-1.1
-4.0,-4.0,-1.1
-4.0,-4.0,-1.1
-4.0,-4.0,-1.1
-4.0,-4.0,-1.1
-4.0,-4.0,-1.1
-4.0,-4.0,-1.1
-4.0,-4.0,-1.1
-4.0,-4.0,-1.1
-4.0,-4.0,-1.1
-4.0,-4.0,-1.1
-4.0,-4.0,-1.1
-4.0,-4.0,-1.1
-4.0,-4.0,-1.1
-4.0,-4.0,-1.1
-4.0,-4.0,-1.1
-4.0,-4.0,-1.1
-4.0,-4.0,-1.1
-4.0,-4.0,-1.1
-4.0,-4.0,-1.1
-4.0,-4.0,-1.1
-4.0,-4.0,-1.1
-4.0,-4.0,-1.1
-4.0,-4.0,-1.1
-4.0,-4.0,-1.1
-4.0,-4.0,-1.1
-4.0,-4.0,-1.1
-4.0,-4.0,-1.1
-4.0,-4.0,-1.1
-4.0,-4.0,-1.1
-4.0,-4.0,-1.1
-4.0,-4.0,-1.1
-4.0,-4.0,-1.1
-4.0,-4.0,-1.1
-4.0,-4.0,-1.1
-4.0,-4.0,-1.1
-4.0,-4.0,-1.1
-4.0,-4.0,-1.1
-4.0,-4.0,-1.1
-4.0,-4.0,-1.1
-4.0,-4.0,-1.1
-4.0,-4.0,-1.1
-4.0,-4.0,-1.1
-4.0,-4.0,-1.1
-4.0,-4.0,-1.1
-4.0,-4.0,-1.1
-4.0,-4.0,-1.1
-4.0,-4.0,-1.1
-4.0,-4.0,-1.1
-4.0,-4.0,-1.1
-4.0,-4.0,-1.1
-4.0,-4.0,-1.1
-4.0,-4.0,-1.1
-4.0,-4.0,-1.1
-4.0,-4.0,-1.1
-4.0,-4.0,-1.1
-4.0,-4.0,-1.1
-4.0,-4.0,-1.1
-4.0,-4.0,-1.1
-4.0,-4.0,-1.1
-4.0,-4.0,-1.1
-4.0,-4.0,-1.1
-4.0,-4.0,-1.1
-4.0,-4.0,-1.1
-4.0,-4.0,-1.1
-4.0,-4.0,-1.1
-4.0,-4.0,-1.1
-4.0,-4.0,-1.1
-4.0,-4.0,-1.1
-4.0,-4.0,-1.1
-4.0,-4.0,-1.1
-4.0,-4.0,-1.1
-4.0,-4.0,-1.1
-4.0,-4.0,-1.1
-4.0,-4.0,-1.1
-4.0,-4.0,-1.1
-4.0,-4.0,-1.1
-4.0,-4.0,-1.1
-4.0,-4.0,-1.1
-4.0,-4.0,-1.1
-4.0,-4.0,-1.1
-4.0,-4.0,-1.1
-4.0,-4.0,-1.1
-4.0,-4.0,-1.1
-4.0,-4.0,-1.1
-4.0,-4.0,-1.1
-4.0,-4.0,-1.1
-4.0,-4.0,-1.1
-4.0,-4.0,-1.1
-4.0,-4.0,-1.1
-4.0,-4.0,-1.1
-4.0,-4.0,-1.1
-4.0,-4.0,-1.1
-4.0,-4.0,-1.1
-4.0,-4.0,-1.1
-4.0,-4.0,-1.1
-4.0,-4.0,-1.1
-4.0,-4.0,-1.1
-4.0,-4.0,-1.1
-4.0,-4.0,-1.1
-4.0,-4.0,-1.1
-4.0,-4.0,-1.1
-4.0,-4.0,-1.1
-4.0,-4.0,-1.1
-4.0,-4.0,-1.1
-4.0,-4.0,-1.1
-4.0,-4.0,-1.1
-4.0,-4.0,-1.1
-4.0,-4.0,-1.1
-4.0,-4.0,-1.1
-4.0,-4.0,-1.1
-4.0,-4.0,-1.1
-4.0,-4.0,-1.1
-4.0,-4.0,-1.1
-4.0,-4.0,-1.1
-4.0,-4.0,-1.1
-4.0,-4.0,-1.1
-4.0,-4.0,-1.1
-4.0,-4.0,-1.1
-4.0,-4.0,-1.1
-4.0,-4.0,-1.1
-4.0,-4.0,-1.1
-4.0,-4.0,-1.1
-4.0,-4.0,-1.1
-4.0,-4.0,-1.1
-4.0,-4.0,-1.1
-4.0,-4.0,-1.1
-4.0,-4.0,-1.1
-4.0,-4.0,-1.1
-4.0,-4.0,-1.1
-4.0,-4.0,-1.1
-4.0,-4.0,-1.1
-4.0,-4.0,-1.1
-4.0,-4.0,-1.1
-4.0,-4.0,-1.1
-4.0,-4.0,-1.1
-4.0,-4.0,-1.1
-4.0,-4.0,-1.1
-4.0,-4.0,-1.1
-4.0,-4.0,-1.1
-4.0,-4.0,-1.1
-4.0,-4.0,-1.1
-4.0,-4.0,-1.1
-4.0,-4.0,-1.1
-4.0,-4.0,-1.1
-4.0,-4.0,-1.1
-4.0,-4.0,-1.1
-4.0,-4.0,-1.1
-4.0,-4.0,-1.1
-4.0,-4.0,-1.1
-4.0,-4.0,-1.1
-4.0,-4.0,-1.1
-4.0,-4.0,-1.1
-4.0,-4.0,-1.1
-4.0,-4.0,-1.1
-4.0,-4.0,-1.1
-4.0,-4.0,-1.1
-4.0,-4.0,-1.1
-4.0,-4.0,-1.1
-4.0,-4.0,-1.1
-4.0,-4.0,-1.1
-4.0,-4.0,-1.1
-4.0,-4.0,-1.1
-4.0,-4.0,-1.1
-4.0,-4.0,-1.1
-4.0,-4.0,-1.1
-4.0,-4.0,-1.1
-4.0,-4.0,-1.1
-4.0,-4.0,-1.1
-4.0,-4.0,-1.1
-4.0,-4.0,-1.1
-4.0,-4.0,-1.1
-4.0,-4.0,-1.1
-4.0,-4.0,-1.1
-4.0,-4.0,-1.1
-4.0,-4.0,-1.1
-4.0,-4.0,-1.1
-4.0,-4.0,-1.1
-4.0,-4.0,-1.1
-4.0,-4.0,-1.1
-4.0,-4.0,-1.1
-4.0,-4.0,-1.1
-4.0,-4.0,-1.1
-4.0,-4.0,-1.1
-4.0,-4.0,-1.1
-4.0,-4.0,-1.1
-4.0,-4.0,-1.1
-4.0,-4.0,-1.1
-4.0,-4.0,-1.1
-4.0,-4.0,-1.1
-4.0,-4.0,-1.1
-4.0,-4.0,-1.1
-4.0,-4.0,-1.1
-4.0,-4.0,-1.1
-4.0,-4.0,-1.1
-4.0,-4.0,-1.1
-4.0,-4.0,-1.1
-4.0,-4.0,-1.1
-4.0,-4.0,-1.1
-4.0,-4.0,-1.1
-4.0,-4.0,-1.1
-4.0,-4.0,-1.1
-4.0,-4.0,-1.1
-4.0,-4.0,-1.1
-4.0,-4.0,-1.1
-4.0,-4.0,-1.1
-4.0,-4.0,-1.1
-4.0,-4.0,-1.1
-4.0,-4.0,-1.1
-4.0,-4.0,-1.1
-4.0,-4.0,-1.1
-4.0,-4.0,-1.1
-4.0,-4.0,-1.1
-4.0,-4.0,-1.1
-4.0,-4.0,-1.1
-4.0,-4.0,-1.1
-4.0,-4.0,-1.1
-4.0,-4.0,-1.1
-4.0,-4.0,-1.1
-4.0,-4.0,-1.1
-4.0,-4.0,-1.1
-4.0,-4.0,-1.1
-4.0,-4.0,-1.1
-4.0,-4.0,-1.1
-4.0,-4.0,-1.1
-4.0,-4.0,-1.1
-4.0,-4.0,-1.1
-4.0,-4.0,-1.1
-4.0,-4.0,-1.1
-4.0,-4.0,-1.1
-4.0,-4.0,-1.1
-4.0,-4.0,-1.1
-4.0,-4.0,-1.1
-4.0,-4.0,-1.1
-4.0,-4.0,-1.1
-4.0,-4.0,-1.1
-4.0,-4.0,-1.1
-4.0,-4.0,-1.1
-4.0,-4.0,-1.1
-4.0,-4.0,-1.1
-4.0,-4.0,-1.1
-4.0,-4.0,-1.1
-4.0,-4.0,-1.1
-4.0,-4.0,-1.1
-4.0,-4.0,-1.1
-4.0,-4.0,-1.1
-4.0,-4.0,-1.1
-4.0,-4.0,-1.1
-4.0,-4.0,-1.1
-4.0,-4.0,-1.1
-4.0,-4.0,-1.1
-4.0,-4.0,-1.1
-4.0,-4.0,-1.1
-4.0,-4.0,-1.1
-4.0,-4.0,-1.1
-4.0,-4.0,-1.1
-4.0,-4.0,-1.1
-4.0,-4.0,-1.1
-4.0,-4.0,-1.1
-4.0,-4.0,-1.1
-4.0,-4.0,-1.1
-4.0,-4.0,-1.1
-4.0,-4.0,-1.1
-4.0,-4.0,-1.1
-4.0,-4.0,-1.1
-4.0,-4.0,-1.1
-4.0,-4.0,-1.1
-4.0,-4.0,-1.1
-4.0,-4.0,-1.1
-4.0,-4.0,-1.1
-4.0,-4.0,-1.1
-4.0,-4.0,-1.1
-4.0,-4.0,-1.1
-4.0,-4.0,-1.1
-4.0,-4.0,-1.1
-4.0,-4.0,-1.1
-4.0,-4.0,-1.1
-4.0,-4.0,-1.1
-4.0,-4.0,-1.1
-4.0,-4.0,-1.1
-4.0,-4.0,-1.1
-4.0,-4.0,-1.1
-4.0,-4.0,-1.1
-4.0,-4.0,-1.1
-4.0,-4.0,-1.1
-4.0,-4.0,-1.1
-4.0,-4.0,-1.1
-4.0,-4.0,-1.1
-4.0,-4.0,-1.1
-4.0,-4.0,-1.1
-4.0,-4.0,-1.1
-4.0,-4.0,-1.1
-4.0,-4.0,-1.1
-4.0,-4.0,-1.1
-4.0,-4.0,-1.1
-4.0,-4.0,-1.1
-4.0,-4.0,-1.1
-4.0,-4.0,-1.1
-4.0,-4.0,-1.1
-4.0,-4.0,-1.1
-4.0,-4.0,-1.1
-4.0,-4.0,-1.1
-4.0,-4.0,-1.1
-4.0,-4.0,-1.1
-4.0,-4.0,-1.1
-4.0,-4.0,-1.1
-4.0,-4.0,-1.1
-4.0,-4.0,-1.1
-4.0,-4.0,-1.1
-4.0,-4.0,-1.1
-4.0,-4.0,-1.1
-4.0,-4.0,-1.1
-4.0,-4.0,-1.1
-4.0,-4.0,-1.1
-4.0,-4.0,-1.1
-4.0,-4.0,-1.1
-4.0,-4.0,-1.1
-4.0,-4.0,-1.1
-4.0,-4.0,-1.1
-4.0,-4.0,-1.1
-4.0,-4.0,-1.1
-4.0,-4.0,-1.1
-4.0,-4.0,-1.1
-4.0,-4.0,-1.1
-4.0,-4.0,-1.1
-4.0,-4.0,-1.1
-4.0,-4.0,-1.1
-4.0,-4.0,-1.1
-4.0,-4.0,-1.1
-4.0,-4.0,-1.1
-4.0,-4.0,-1.1
-4.0,-4.0,-1.1
-4.0,-4.0,-1.1
-4.0,-4.0,-1.1
-4.0,-4.0,-1.1
-4.0,-4.0,-1.1
-4.0,-4.0,-1.1
-4.0,-4.0,-1.1
-4.0,-4.0,-1.1
-4.0,-4.0,-1.1
-4.0,-4.0,-1.1
-4.0,-4.0,-1.1
-4.0,-4.0,-1.1
-4.0,-4.0,-1.1
-4.0,-4.0,-1.1
-4.0,-4.0,-1.1
-4.0,-4.0,-1.1
-4.0,-4.0,-1.1
-4.0,-4.0,-1.1
-4.0,-4.0,-1.1
-4.0,-4.0,-1.1
-4.0,-4.0,-1.1
-4.0,-4.0,-1.1
-4.0,-4.0,-1.1
-4.0,-4.0,-1.1
-4.0,-4.0,-1.1
-4.0,-4.0,-1.1
-4.0,-4.0,-1.1
-4.0,-4.0,-1.1
-4.0,-4.0,-1.1
-4.0,-4.0,-1.1
-4.0,-4.0,-1.1
-4.0,-4.0,-1.1
-4.0,-4.0,-1.1
-4.0,-4.0,-1.1
-4.0,-4.0,-1.1
-4.0,-4.0,-1.1
-4.0,-4.0,-1.1
-4.0,-4.0,-1.1
-4.0,-4.0,-1.1
-4.0,-4.0,-1.1
-4.0,-4.0,-1.1
-4.0,-4.0,-1.1
-4.0,-4.0,-1.1
-4.0,-4.0,-1.1
-4.0,-4.0,-1.1
-4.0,-4.0,-1.1
-4.0,-4.0,-1.1
-4.0,-4.0,-1.1
-4.0,-4.0,-1.1
-4.0,-4.0,-1.1
-4.0,-4.0,-1.1
-4.0,-4.0,-1.1
-4.0,-4.0,-1.1
-4.0,-4.0,-1.1
-4.0,-4.0,-1.1
-4.0,-4.0,-1.1
-4.0,-4.0,-1.1
-4.0,-4.0,-1.1
-4.0,-4.0,-1.1
-4.0,-4.0,-1.1
-4.0,-4.0,-1.1
-4.0,-4.0,-1.1
-4.0,-4.0,-1.1
-4.0,-4.0,-1.1
-4.0,-4.0,-1.1
-4.0,-4.0,-1.1
-4.0,-4.0,-1.1
-4.0,-4.0,-1.1
-4.0,-4.0,-1.1
-4.0,-4.0,-1.1
-4.0,-4.0,-1.1
-4.0,-4.0,-1.1
-4.0,-4.0,-1.1
-4.0,-4.0,-1.1
-4.0,-4.0,-1.1
-4.0,-4.0,-1.1
-4.0,-4.0,-1.1
-4.0,-4.0,-1.1
-4.0,-4.0,-1.1
-4.0,-4.0,-1.1
-4.0,-4.0,-1.1
-4.0,-4.0,-1.1
-4.0,-4.0,-1.1
-4.0,-4.0,-1.1
-4.0,-4.0,-1.1
-4.0,-4.0,-1.1
-4.0,-4.0,-1.1
-4.0,-4.0,-1.1
-4.0,-4.0,-1.1
-4.0,-4.0,-1.1
-4.0,-4.0,-1.1
-4.0,-4.0,-1.1
-4.0,-4.0,-1.1
-4.0,-4.0,-1.1
-4.0,-4.0,-1.1
-4.0,-4.0,-1.1
-4.0,-4.0,-1.1
-4.0,-4.0,-1.1
-4.0,-4.0,-1.1
-4.0,-4.0,-1.1
-4.0,-4.0,-1.1
-4.0,-4.0,-1.1
-4.0,-4.0,-1.1
-4.0,-4.0,-1.1
-4.0,-4.0,-1.1
-4.0,-4.0,-1.1
-4.0,-4.0,-1.1
-4.0,-4.0,-1.1
-4.0,-4.0,-1.1
-4.0,-4.0,-1.1
-4.0,-4.0,-1.1
-4.0,-4.0,-1.1
-4.0,-4.0,-1.1
-4.0,-4.0,-1.1
-4.0,-4.0,-1.1
-4.0,-4.0,-1.1
-4.0,-4.0,-1.1
-4.0,-4.0,-1.1
-4.0,-4.0,-1.1
-4.0,-4.0,-1.1
-4.0,-4.0,-1.1
-4.0,-4.0,-1.1
-4.0,-4.0,-1.1
-4.0,-4.0,-1.1
-4.0,-4.0,-1.1
-4.0,-4.0,-1.1
-4.0,-4.0,-1.1
-4.0,-4.0,-1.1
-4.0,-4.0,-1.1
-4.0,-4.0,-1.1
-4.0,-4.0,-1.1
-4.0,-4.0,-1.1
-4.0,-4.0,-1.1
-4.0,-4.0,-1.1
-4.0,-4.0,-1.1
-4.0,-4.0,-1.1
-4.0,-4.0,-1.1
-4.0,-4.0,-1.1
-4.0,-4.0,-1.1
-4.0,-4.0,-1.1
-4.0,-4.0,-1.1
-4.0,-4.0,-1.1
-4.0,-4.0,-1.1
-4.0,-4.0,-1.1
-4.0,-4.0,-1.1
-4.0,-4.0,-1.1
-4.0,-4.0,-1.1
-4.0,-4.0,-1.1
-4.0,-4.0,-1.1
-4.0,-4.0,-1.1
-4.0,-4.0,-1.1
-4.0,-4.0,-1.1
-4.0,-4.0,-1.1
-4.0,-4.0,-1.1
-4.0,-4.0,-1.1
-4.0,-4.0,-1.1
-4.0,-4.0,-1.1
-4.0,-4.0,-1.1
-4.0,-4.0,-1.1
-4.0,-4.0,-1.1
-4.0,-4.0,-1.1
-4.0,-4.0,-1.1
-4.0,-4.0,-1.1
-4.0,-4.0,-1.1
-4.0,-4.0,-1.1
-4.0,-4.0,-1.1
-4.0,-4.0,-1.1
-4.0,-4.0,-1.1
-4.0,-4.0,-1.1
-4.0,-4.0,-1.1
-4.0,-4.0,-1.1
-4.0,-4.0,-1.1
-4.0,-4.0,-1.1
-4.0,-4.0,-1.1
-4.0,-4.0,-1.1
-4.0,-4.0,-1.1
-4.0,-4.0,-1.1
-4.0,-4.0,-1.1
-4.0,-4.0,-1.1
-4.0,-4.0,-1.1
-4.0,-4.0,-1.1
-4.0,-4.0,-1.1
-4.0,-4.0,-1.1
-4.0,-4.0,-1.1
-4.0,-4.0,-1.1
-4.0,-4.0,-1.1
-4.0,-4.0,-1.1
-4.0,-4.0,-1.1
-4.0,-4.0,-1.1
-4.0,-4.0,-1.1
-4.0,-4.0,-1.1
-4.0,-4.0,-1.1
-4.0,-4.0,-1.1
-4.0,-4.0,-1.1
-4.0,-4.0,-1.1
-4.0,-4.0,-1.1
-4.0,-4.0,-1.1
-4.0,-4.0,-1.1
-4.0,-4.0,-1.1
-4.0,-4.0,-1.1
-4.0,-4.0,-1.1
-4.0,-4.0,-1.1
-4.0,-4.0,-1.1
-4.0,-4.0,-1.1
-4.0,-4.0,-1.1
-4.0,-4.0,-1.1
-4.0,-4.0,-1.1
-4.0,-4.0,-1.1
-4.0,-4.0,-1.1
-4.0,-4.0,-1.1
-4.0,-4.0,-1.1
-4.0,-4.0,-1.1
-4.0,-4.0,-1.1
-4.0,-4.0,-1.1
-4.0,-4.0,-1.1
-4.0,-4.0,-1.1
-4.0,-4.0,-1.1
-4.0,-4.0,-1.1
-4.0,-4.0,-1.1
-4.0,-4.0,-1.1
-4.0,-4.0,-1.1
-4.0,-4.0,-1.1
-4.0,-4.0,-1.1
-4.0,-4.0,-1.1
-4.0,-4.0,-1.1
-4.0,-4.0,-1.1
-4.0,-4.0,-1.1
-4.0,-4.0,-1.1
-4.0,-4.0,-1.1
-4.0,-4.0,-1.1
-4.0,-4.0,-1.1
-4.0,-4.0,-1.1
-4.0,-4.0,-1.1
-4.0,-4.0,-1.1
-4.0,-4.0,-1.1
-4.0,-4.0,-1.1
-4.0,-4.0,-1.1
-4.0,-4.0,-1.1
-4.0,-4.0,-1.1
-4.0,-4.0,-1.1
-4.0,-4.0,-1.1
-4.0,-4.0,-1.1
-4.0,-4.0,-1.1
-4.0,-4.0,-1.1
-4.0,-4.0,-1.1
-4.0,-4.0,-1.1
-4.0,-4.0,-1.1
-4.0,-4.0,-1.1
-4.0,-4.0,-1.1
-4.0,-4.0,-1.1
-4.0,-4.0,-1.1
-4.0,-4.0,-1.1
-4.0,-4.0,-1.1
-4.0,-4.0,-1.1
-4.0,-4.0,-1.1
-4.0,-4.0,-1.1
-4.0,-4.0,-1.1
-4.0,-4.0,-1.1
-4.0,-4.0,-1.1
-4.0,-4.0,-1.1
-4.0,-4.0,-1.1
-4.0,-4.0,-1.1
-4.0,-4.0,-1.1
-4.0,-4.0,-1.1
-4.0,-4.0,-1.1
-4.0,-4.0,-1.1
-4.0,-4.0,-1.1
-4.0,-4.0,-1.1
-4.0,-4.0,-1.1
-4.0,-4.0,-1.1
-4.0,-4.0,-1.1
-4.0,-4.0,-1.1
-4.0,-4.0,-1.1
-4.0,-4.0,-1.1
-4.0,-4.0,-1.1
-4.0,-4.0,-1.1
-4.0,-4.0,-1.1
-4.0,-4.0,-1.1
-4.0,-4.0,-1.1
-4.0,-4.0,-1.1
-4.0,-4.0,-1.1
-4.0,-4.0,-1.1
-4.0,-4.0,-1.1
-4.0,-4.0,-1.1
-4.0,-4.0,-1.1
-4.0,-4.0,-1.1
-4.0,-4.0,-1.1
-4.0,-4.0,-1.1
-4.0,-4.0,-1.1
-4.0,-4.0,-1.1
-4.0,-4.0,-1.1
-4.0,-4.0,-1.1
-4.0,-4.0,-1.1
-4.0,-4.0,-1.1
-4.0,-4.0,-1.1
-4.0,-4.0,-1.1
-4.0,-4.0,-1.1
-4.0,-4.0,-1.1
-4.0,-4.0,-1.1
-4.0,-4.0,-1.1
-4.0,-4.0,-1.1
-4.0,-4.0,-1.1
-4.0,-4.0,-1.1
-4.0,-4.0,-1.1
-4.0,-4.0,-1.1
-4.0,-4.0,-1.1
-4.0,-4.0,-1.1
-4.0,-4.0,-1.1
-4.0,-4.0,-1.1
-4.0,-4.0,-1.1
-4.0,-4.0,-1.1
-4.0,-4.0,-1.1
-4.0,-4.0,-1.1
-4.0,-4.0,-1.1
-4.0,-4.0,-1.1
-4.0,-4.0,-1.1
-4.0,-4.0,-1.1
-4.0,-4.0,-1.1
-4.0,-4.0,-1.1
-4.0,-4.0,-1.1
-4.0,-4.0,-1.1
-4.0,-4.0,-1.1
-4.0,-4.0,-1.1
-4.0,-4.0,-1.1
-4.0,-4.0,-1.1
-4.0,-4.0,-1.1
-4.0,-4.0,-1.1
-4.0,-4.0,-1.1
-4.0,-4.0,-1.1
-4.0,-4.0,-1.1
-4.0,-4.0,-1.1
-4.0,-4.0,-1.1
-4.0,-4.0,-1.1
-4.0,-4.0,-1.1
-4.0,-4.0,-1.1
-4.0,-4.0,-1.1
-4.0,-4.0,-1.1
-4.0,-4.0,-1.1
-4.0,-4.0,-1.1
-4.0,-4.0,-1.1
-4.0,-4.0,-1.1
-4.0,-4.0,-1.1
-4.0,-4.0,-1.1
-4.0,-4.0,-1.1
-4.0,-4.0,-1.1
-4.0,-4.0,-1.1
-4.0,-4.0,-1.1
-4.0,-4.0,-1.1
-4.0,-4.0,-1.1
-4.0,-4.0,-1.1
-4.0,-4.0,-1.1
-4.0,-4.0,-1.1
-4.0,-4.0,-1.1
-4.0,-4.0,-1.1
-4.0,-4.0,-1.1
-4.0,-4.0,-1.1
-4.0,-4.0,-1.1
-4.0,-4.0,-1.1
-4.0,-4.0,-1.1
-4.0,-4.0,-1.1
-4.0,-4.0,-1.1
-4.0,-4.0,-1.1
-4.0,-4.0,-1.1
-4.0,-4.0,-1.1
-4.0,-4.0,-1.1
-4.0,-4.0,-1.1
-4.0,-4.0,-1.1
-4.0,-4.0,-1.1
-4.0,-4.0,-1.1
-4.0,-4.0,-1.1
-4.0,-4.0,-1.1
-4.0,-4.0,-1.1
-4.0,-4.0,-1.1
-4.0,-4.0,-1.1
-4.0,-4.0,-1.1
-4.0,-4.0,-1.1
-4.0,-4.0,-1.1
-4.0,-4.0,-1.1
-4.0,-4.0,-1.1
-4.0,-4.0,-1.1
-4.0,-4.0,-1.1
-4.0,-4.0,-1.1
-4.0,-4.0,-1.1
-4.0,-4.0,-1.1
-4.0,-4.0,-1.1
-4.0,-4.0,-1.1
-4.0,-4.0,-1.1
-4.0,-4.0,-1.1
-4.0,-4.0,-1.1
-4.0,-4.0,-1.1
-4.0,-4.0,-1.1
-4.0,-4.0,-1.1
-4.0,-4.0,-1.1
-4.0,-4.0,-1.1
-4.0,-4.0,-1.1
-4.0,-4.0,-1.1
-4.0,-4.0,-1.1
-4.0,-4.0,-1.1
-4.0,-4.0,-1.1
-4.0,-4.0,-1.1
-4.0,-4.0,-1.1
-4.0,-4.0,-1.1
-4.0,-4.0,-1.1
-4.0,-4.0,-1.1
-4.0,-4.0,-1.1
-4.0,-4.0,-1.1
-4.0,-4.0,-1.1
-4.0,-4.0,-1.1
-4.0,-4.0,-1.1
-4.0,-4.0,-1.1
-4.0,-4.0,-1.1
-4.0,-4.0,-1.1
-4.0,-4.0,-1.1
-4.0,-4.0,-1.1
-4.0,-4.0,-1.1
-4.0,-4.0,-1.1
-4.0,-4.0,-1.1
-4.0,-4.0,-1.1
-4.0,-4.0,-1.1
-4.0,-4.0,-1.1
-4.0,-4.0,-1.1
-4.0,-4.0,-1.1
-4.0,-4.0,-1.1
-4.0,-4.0,-1.1
-4.0,-4.0,-1.1
-4.0,-4.0,-1.1
-4.0,-4.0,-1.1
-4.0,-4.0,-1.1
-4.0,-4.0,-1.1
-4.0,-4.0,-1.1
-4.0,-4.0,-1.1
-4.0,-4.0,-1.1
-4.0,-4.0,-1.1
-4.0,-4.0,-1.1
-4.0,-4.0,-1.1
-4.0,-4.0,-1.1
-4.0,-4.0,-1.1
-4.0,-4.0,-1.1
-4.0,-4.0,-1.1
-4.0,-4.0,-1.1
-4.0,-4.0,-1.1
-4.0,-4.0,-1.1
-4.0,-4.0,-1.1
-4.0,-4.0,-1.1
-4.0,-4.0,-1.1
-4.0,-4.0,-1.1
-4.0,-4.0,-1.1
-4.0,-4.0,-1.1
-4.0,-4.0,-1.1
-4.0,-4.0,-1.1
-4.0,-4.0,-1.1
-4.0,-4.0,-1.1
-4.0,-4.0,-1.1
-4.0,-4.0,-1.1
-4.0,-4.0,-1.1
-4.0,-4.0,-1.1
-4.0,-4.0,-1.1
-4.0,-4.0,-1.1
-4.0,-4.0,-1.1
-4.0,-4.0,-1.1
-4.0,-4.0,-1.1
-4.0,-4.0,-1.1
-4.0,-4.0,-1.1
-4.0,-4.0,-1.1
-4.0,-4.0,-1.1
-4.0,-4.0,-1.1
-4.0,-4.0,-1.1
-4.0,-4.0,-1.1
-4.0,-4.0,-1.1
-4.0,-4.0,-1.1
-4.0,-4.0,-1.1
-4.0,-4.0,-1.1
-4.0,-4.0,-1.1
-4.0,-4.0,-1.1
-4.0,-4.0,-1.1
-4.0,-4.0,-1.1
-4.0,-4.0,-1.1
-4.0,-4.0,-1.1
-4.0,-4.0,-1.1
-4.0,-4.0,-1.1
-4.0,-4.0,-1.1
-4.0,-4.0,-1.1
-4.0,-4.0,-1.1
-4.0,-4.0,-1.1
-4.0,-4.0,-1.1
-4.0,-4.0,-1.1
-4.0,-4.0,-1.1
-4.0,-4.0,-1.1
-4.0,-4.0,-1.1
-4.0,-4.0,-1.1
-4.0,-4.0,-1.1
-4.0,-4.0,-1.1
-4.0,-4.0,-1.1
-4.0,-4.0,-1.1
-4.0,-4.0,-1.1
-4.0,-4.0,-1.1
-4.0,-4.0,-1.1
-4.0,-4.0,-1.1
-4.0,-4.0,-1.1
-4.0,-4.0,-1.1
-4.0,-4.0,-1.1
-4.0,-4.0,-1.1
-4.0,-4.0,-1.1
-4.0,-4.0,-1.1
-4.0,-4.0,-1.1
-4.0,-4.0,-1.1
-4.0,-4.0,-1.1
-4.0,-4.0,-1.1
-4.0,-4.0,-1.1
-4.0,-4.0,-1.1
-4.0,-4.0,-1.1
-4.0,-4.0,-1.1
-4.0,-4.0,-1.1
-4.0,-4.0,-1.1
-4.0,-4.0,-1.1
-4.0,-4.0,-1.1
-4.0,-4.0,-1.1
-4.0,-4.0,-1.1
-4.0,-4.0,-1.1
-4.0,-4.0,-1.1
-4.0,-4.0,-1.1
-4.0,-4.0,-1.1
-4.0,-4.0,-1.1
-4.0,-4.0,-1.1
-4.0,-4.0,-1.1
-4.0,-4.0,-1.1
-4.0,-4.0,-1.1
-4.0,-4.0,-1.1
-4.0,-4.0,-1.1
-4.0,-4.0,-1.1
-4.0,-4.0,-1.1
-4.0,-4.0,-1.1
-4.0,-4.0,-1.1
-4.0,-4.0,-1.1
-4.0,-4.0,-1.1
-4.0,-4.0,-1.1
-4.0,-4.0,-1.1
-4.0,-4.0,-1.1
-4.0,-4.0,-1.1
-4.0,-4.0,-1.1
-4.0,-4.0,-1.1
-4.0,-4.0,-1.1
-4.0,-4.0,-1.1
-4.0,-4.0,-1.1
-4.0,-4.0,-1.1
-4.0,-4.0,-1.1
-4.0,-4.0,-1.1
-4.0,-4.0,-1.1
-4.0,-4.0,-1.1
-4.0,-4.0,-1.1
-4.0,-4.0,-1.1
-4.0,-4.0,-1.1
-4.0,-4.0,-1.1
-4.0,-4.0,-1.1
-4.0,-4.0,-1.1
-4.0,-4.0,-1.1
-4.0,-4.0,-1.1
-4.0,-4.0,-1.1
-4.0,-4.0,-1.1
-4.0,-4.0,-1.1
-4.0,-4.0,-1.1
-4.0,-4.0,-1.1
-4.0,-4.0,-1.1
-4.0,-4.0,-1.1
-4.0,-4.0,-1.1
-4.0,-4.0,-1.1
-4.0,-4.0,-1.1
-4.0,-4.0,-1.1
-4.0,-4.0,-1.1
-4.0,-4.0,-1.1
-4.0,-4.0,-1.1
-4.0,-4.0,-1.1
-4.0,-4.0,-1.1
-4.0,-4.0,-1.1
-4.0,-4.0,-1.1
-4.0,-4.0,-1.1
-4.0,-4.0,-1.1
-4.0,-4.0,-1.1
-4.0,-4.0,-1.1
-4.0,-4.0,-1.1
-4.0,-4.0,-1.1
-4.0,-4.0,-1.1
-4.0,-4.0,-1.1
-4.0,-4.0,-1.1
-4.0,-4.0,-1.1
-4.0,-4.0,-1.1
-4.0,-4.0,-1.1
-4.0,-4.0,-1.1
-4.0,-4.0,-1.1
-4.0,-4.0,-1.1
-4.0,-4.0,-1.1
-4.0,-4.0,-1.1
-4.0,-4.0,-1.1
-4.0,-4.0,-1.1
-4.0,-4.0,-1.1
-4.0,-4.0,-1.1
-4.0,-4.0,-1.1
-4.0,-4.0,-1.1
-4.0,-4.0,-1.1
-4.0,-4.0,-1.1
-4.0,-4.0,-1.1
-4.0,-4.0,-1.1
-4.0,-4.0,-1.1
-4.0,-4.0,-1.1
-4.0,-4.0,-1.1
-4.0,-4.0,-1.1
-4.0,-4.0,-1.1
-4.0,-4.0,-1.1
-4.0,-4.0,-1.1
-4.0,-4.0,-1.1
-4.0,-4.0,-1.1
-4.0,-4.0,-1.1
-4.0,-4.0,-1.1
-4.0,-4.0,-1.1
-4.0,-4.0,-1.1
-4.0,-4.0,-1.1
-4.0,-4.0,-1.1
-4.0,-4.0,-1.1
-4.0,-4.0,-1.1
-4.0,-4.0,-1.1
-4.0,-4.0,-1.1
-4.0,-4.0,-1.1
-4.0,-4.0,-1.1
-4.0,-4.0,-1.1
-4.0,-4.0,-1.1
-4.0,-4.0,-1.1
-4.0,-4.0,-1.1
-4.0,-4.0,-1.1
-4.0,-4.0,-1.1
-4.0,-4.0,-1.1
-4.0,-4.0,-1.1
-4.0,-4.0,-1.1
-4.0,-4.0,-1.1
-4.0,-4.0,-1.1
-4.0,-4.0,-1.1
-4.0,-4.0,-1.1
-4.0,-4.0,-1.1
-4.0,-4.0,-1.1
-4.0,-4.0,-1.1
-4.0,-4.0,-1.1
-4.0,-4.0,-1.1
-4.0,-4.0,-1.1
-4.0,-4.0,-1.1
-4.0,-4.0,-1.1
-4.0,-4.0,-1.1
-4.0,-4.0,-1.1
-4.0,-4.0,-1.1
-4.0,-4.0,-1.1
-4.0,-4.0,-1.1
-4.0,-4.0,-1.1
-4.0,-4.0,-1.1
-4.0,-4.0,-1.1
-4.0,-4.0,-1.1
-4.0,-4.0,-1.1
-4.0,-4.0,-1.1
-4.0,-4.0,-1.1
-4.0,-4.0,-1.1
-4.0,-4.0,-1.1
-4.0,-4.0,-1.1
-4.0,-4.0,-1.1
-4.0,-4.0,-1.1
-4.0,-4.0,-1.1
-4.0,-4.0,-1.1
-4.0,-4.0,-1.1
-4.0,-4.0,-1.1
-4.0,-4.0,-1.1
-4.0,-4.0,-1.1
-4.0,-4.0,-1.1
-4.0,-4.0,-1.1
-4.0,-4.0,-1.1
-4.0,-4.0,-1.1
-4.0,-4.0,-1.1
-4.0,-4.0,-1.1
-4.0,-4.0,-1.1
-4.0,-4.0,-1.1
-4.0,-4.0,-1.1
-4.0,-4.0,-1.1
-4.0,-4.0,-1.1
-4.0,-4.0,-1.1
-4.0,-4.0,-1.1
-4.0,-4.0,-1.1
-4.0,-4.0,-1.1
-4.0,-4.0,-1.1
-4.0,-4.0,-1.1
-4.0,-4.0,-1.1
-4.0,-4.0,-1.1
-4.0,-4.0,-1.1
-4.0,-4.0,-1.1
-4.0,-4.0,-1.1
-4.0,-4.0,-1.1
-4.0,-4.0,-1.1
-4.0,-4.0,-1.1
-4.0,-4.0,-1.1
-4.0,-4.0,-1.1
-4.0,-4.0,-1.1
-4.0,-4.0,-1.1
-4.0,-4.0,-1.1
-4.0,-4.0,-1.1
-4.0,-4.0,-1.1
-4.0,-4.0,-1.1
-4.0,-4.0,-1.1
-4.0,-4.0,-1.1
-4.0,-4.0,-1.1
-4.0,-4.0,-1.1
-4.0,-4.0,-1.1
-4.0,-4.0,-1.1
-4.0,-4.0,-1.1
-4.0,-4.0,-1.1
-4.0,-4.0,-1.1
-4.0,-4.0,-1.1
-4.0,-4.0,-1.1
-4.0,-4.0,-1.1
-4.0,-4.0,-1.1
-4.0,-4.0,-1.1
-4.0,-4.0,-1.1
-4.0,-4.0,-1.1
-4.0,-4.0,-1.1
-4.0,-4.0,-1.1
-4.0,-4.0,-1.1
-4.0,-4.0,-1.1
-4.0,-4.0,-1.1
-4.0,-4.0,-1.1
-4.0,-4.0,-1.1
-4.0,-4.0,-1.1
-4.0,-4.0,-1.1
-4.0,-4.0,-1.1
-4.0,-4.0,-1.1
-4.0,-4.0,-1.1
-4.0,-4.0,-1.1
-4.0,-4.0,-1.1
-4.0,-4.0,-1.1
-4.0,-4.0,-1.1
-4.0,-4.0,-1.1
-4.0,-4.0,-1.1
-4.0,-4.0,-1.1
-4.0,-4.0,-1.1
-4.0,-4.0,-1.1
-4.0,-4.0,-1.1
-4.0,-4.0,-1.1
-4.0,-4.0,-1.1
-4.0,-4.0,-1.1
-4.0,-4.0,-1.1
-4.0,-4.0,-1.1
-4.0,-4.0,-1.1
-4.0,-4.0,-1.1
-4.0,-4.0,-1.1
-4.0,-4.0,-1.1
-4.0,-4.0,-1.1
-4.0,-4.0,-1.1
-4.0,-4.0,-1.1
-4.0,-4.0,-1.1
-4.0,-4.0,-1.1
-4.0,-4.0,-1.1
-4.0,-4.0,-1.1
-4.0,-4.0,-1.1
-4.0,-4.0,-1.1
-4.0,-4.0,-1.1
-4.0,-4.0,-1.1
-4.0,-4.0,-1.1
-4.0,-4.0,-1.1
-4.0,-4.0,-1.1
-4.0,-4.0,-1.1
-4.0,-4.0,-1.1
-4.0,-4.0,-1.1
-4.0,-4.0,-1.1
-4.0,-4.0,-1.1
-4.0,-4.0,-1.1
-4.0,-4.0,-1.1
-4.0,-4.0,-1.1
-4.0,-4.0,-1.1
-4.0,-4.0,-1.1
-4.0,-4.0,-1.1
-4.0,-4.0,-1.1
-4.0,-4.0,-1.1
-4.0,-4.0,-1.1
-4.0,-4.0,-1.1
-4.0,-4.0,-1.1
-4.0,-4.0,-1.1
-4.0,-4.0,-1.1
-4.0,-4.0,-1.1
-4.0,-4.0,-1.1
-4.0,-4.0,-1.1
-4.0,-4.0,-1.1
-4.0,-4.0,-1.1
-4.0,-4.0,-1.1
-4.0,-4.0,-1.1
-4.0,-4.0,-1.1
-4.0,-4.0,-1.1
-4.0,-4.0,-1.1
-4.0,-4.0,-1.1
-4.0,-4.0,-1.1
-4.0,-4.0,-1.1
-4.0,-4.0,-1.1
-4.0,-4.0,-1.1
-4.0,-4.0,-1.1
-4.0,-4.0,-1.1
-4.0,-4.0,-1.1
-4.0,-4.0,-1.1
-4.0,-4.0,-1.1
-4.0,-4.0,-1.1
-4.0,-4.0,-1.1
-4.0,-4.0,-1.1
-4.0,-4.0,-1.1
-4.0,-4.0,-1.1
-4.0,-4.0,-1.1
-4.0,-4.0,-1.1
-4.0,-4.0,-1.1
-4.0,-4.0,-1.1
-4.0,-4.0,-1.1
-4.0,-4.0,-1.1
-4.0,-4.0,-1.1
-4.0,-4.0,-1.1
-4.0,-4.0,-1.1
-4.0,-4.0,-1.1
-4.0,-4.0,-1.1
-4.0,-4.0,-1.1
-4.0,-4.0,-1.1
-4.0,-4.0,-1.1
-4.0,-4.0,-1.1
-4.0,-4.0,-1.1
-4.0,-4.0,-1.1
-4.0,-4.0,-1.1
-4.0,-4.0,-1.1
-4.0,-4.0,-1.1
-4.0,-4.0,-1.1
-4.0,-4.0,-1.1
-4.0,-4.0,-1.1
-4.0,-4.0,-1.1
-4.0,-4.0,-1.1
-4.0,-4.0,-1.1
-4.0,-4.0,-1.1
-4.0,-4.0,-1.1
-4.0,-4.0,-1.1
-4.0,-4.0,-1.1
-4.0,-4.0,-1.1
-4.0,-4.0,-1.1
-4.0,-4.0,-1.1
-4.0,-4.0,-1.1
-4.0,-4.0,-1.1
-4.0,-4.0,-1.1
-4.0,-4.0,-1.1
-4.0,-4.0,-1.1
-4.0,-4.0,-1.1
-4.0,-4.0,-1.1
-4.0,-4.0,-1.1
-4.0,-4.0,-1.1
-4.0,-4.0,-1.1
-4.0,-4.0,-1.1
-4.0,-4.0,-1.1
-4.0,-4.0,-1.1
-4.0,-4.0,-1.1
-4.0,-4.0,-1.1
-4.0,-4.0,-1.1
-4.0,-4.0,-1.1
-4.0,-4.0,-1.1
-4.0,-4.0,-1.1
-4.0,-4.0,-1.1
-4.0,-4.0,-1.1
-4.0,-4.0,-1.1
-4.0,-4.0,-1.1
-4.0,-4.0,-1.1
-4.0,-4.0,-1.1
-4.0,-4.0,-1.1
-4.0,-4.0,-1.1
-4.0,-4.0,-1.1
-4.0,-4.0,-1.1
-4.0,-4.0,-1.1
-4.0,-4.0,-1.1
-4.0,-4.0,-1.1
-4.0,-4.0,-1.1
-4.0,-4.0,-1.1
-4.0,-4.0,-1.1
-4.0,-4.0,-1.1
-4.0,-4.0,-1.1
-4.0,-4.0,-1.1
-4.0,-4.0,-1.1
-4.0,-4.0,-1.1
-4.0,-4.0,-1.1
-4.0,-4.0,-1.1
-4.0,-4.0,-1.1
-4.0,-4.0,-1.1
-4.0,-4.0,-1.1
-4.0,-4.0,-1.1
-4.0,-4.0,-1.1
-4.0,-4.0,-1.1
-4.0,-4.0,-1.1
-4.0,-4.0,-1.1
-4.0,-4.0,-1.1
-4.0,-4.0,-1.1
-4.0,-4.0,-1.1
-4.0,-4.0,-1.1
-4.0,-4.0,-1.1
-4.0,-4.0,-1.1
-4.0,-4.0,-1.1
-4.0,-4.0,-1.1
-4.0,-4.0,-1.1
-4.0,-4.0,-1.1
-4.0,-4.0,-1.1
-4.0,-4.0,-1.1
-4.0,-4.0,-1.1
-4.0,-4.0,-1.1
-4.0,-4.0,-1.1
-4.0,-4.0,-1.1
-4.0,-4.0,-1.1
-4.0,-4.0,-1.1
-4.0,-4.0,-1.1
-4.0,-4.0,-1.1
-4.0,-4.0,-1.1
-4.0,-4.0,-1.1
-4.0,-4.0,-1.1
-4.0,-4.0,-1.1
-4.0,-4.0,-1.1
-4.0,-4.0,-1.1
-4.0,-4.0,-1.1
-4.0,-4.0,-1.1
-4.0,-4.0,-1.1
-4.0,-4.0,-1.1
-4.0,-4.0,-1.1
-4.0,-4.0,-1.1
-4.0,-4.0,-1.1
-4.0,-4.0,-1.1
-4.0,-4.0,-1.1
-4.0,-4.0,-1.1
-4.0,-4.0,-1.1
-4.0,-4.0,-1.1
-4.0,-4.0,-1.1
-4.0,-4.0,-1.1
-4.0,-4.0,-1.1
-4.0,-4.0,-1.1
-4.0,-4.0,-1.1
-4.0,-4.0,-1.1
-4.0,-4.0,-1.1
-4.0,-4.0,-1.1
-4.0,-4.0,-1.1
-4.0,-4.0,-1.1
-4.0,-4.0,-1.1
-4.0,-4.0,-1.1
-4.0,-4.0,-1.1
-4.0,-4.0,-1.1
-4.0,-4.0,-1.1
-4.0,-4.0,-1.1
-4.0,-4.0,-1.1
-4.0,-4.0,-1.1
-4.0,-4.0,-1.1
-4.0,-4.0,-1.1
-4.0,-4.0,-1.1
-4.0,-4.0,-1.1
-4.0,-4.0,-1.1
-4.0,-4.0,-1.1
-4.0,-4.0,-1.1
-4.0,-4.0,-1.1
-4.0,-4.0,-1.1
-4.0,-4.0,-1.1
-4.0,-4.0,-1.1
-4.0,-4.0,-1.1
-4.0,-4.0,-1.1
-4.0,-4.0,-1.1
-4.0,-4.0,-1.1
-4.0,-4.0,-1.1
-4.0,-4.0,-1.1
-4.0,-4.0,-1.1
-4.0,-4.0,-1.1
-4.0,-4.0,-1.1
-4.0,-4.0,-1.1
-4.0,-4.0,-1.1
-4.0,-4.0,-1.1
-4.0,-4.0,-1.1
-4.0,-4.0,-1.1
-4.0,-4.0,-1.1
-4.0,-4.0,-1.1
-4.0,-4.0,-1.1
-4.0,-4.0,-1.1
-4.0,-4.0,-1.1
-4.0,-4.0,-1.1
-4.0,-4.0,-1.1
-4.0,-4.0,-1.1
-4.0,-4.0,-1.1
-4.0,-4.0,-1.1
-4.0,-4.0,-1.1
-4.0,-4.0,-1.1
-4.0,-4.0,-1.1
-4.0,-4.0,-1.1
-4.0,-4.0,-1.1
-4.0,-4.0,-1.1
-4.0,-4.0,-1.1
-4.0,-4.0,-1.1
-4.0,-4.0,-1.1
-4.0,-4.0,-1.1
-4.0,-4.0,-1.1
-4.0,-4.0,-1.1
-4.0,-4.0,-1.1
-4.0,-4.0,-1.1
-4.0,-4.0,-1.1
-4.0,-4.0,-1.1
-4.0,-4.0,-1.1
-4.0,-4.0,-1.1
-4.0,-4.0,-1.1
-4.0,-4.0,-1.1
-4.0,-4.0,-1.1
-4.0,-4.0,-1.1
-4.0,-4.0,-1.1
-4.0,-4.0,-1.1
-4.0,-4.0,-1.1
-4.0,-4.0,-1.1
-4.0,-4.0,-1.1
-4.0,-4.0,-1.1
-4.0,-4.0,-1.1
-4.0,-4.0,-1.1
-4.0,-4.0,-1.1
-4.0,-4.0,-1.1
-4.0,-4.0,-1.1
-4.0,-4.0,-1.1
-4.0,-4.0,-1.1
-4.0,-4.0,-1.1
-4.0,-4.0,-1.1
-4.0,-4.0,-1.1
-4.0,-4.0,-1.1
-4.0,-4.0,-1.1
-4.0,-4.0,-1.1
-4.0,-4.0,-1.1
-4.0,-4.0,-1.1
-4.0,-4.0,-1.1
-4.0,-4.0,-1.1
-4.0,-4.0,-1.1
-4.0,-4.0,-1.1
-4.0,-4.0,-1.1
-4.0,-4.0,-1.1
-4.0,-4.0,-1.1
-4.0,-4.0,-1.1
-4.0,-4.0,-1.1
-4.0,-4.0,-1.1
-4.0,-4.0,-1.1
-4.0,-4.0,-1.1
-4.0,-4.0,-1.1
-4.0,-4.0,-1.1
-4.0,-4.0,-1.1
-4.0,-4.0,-1.1
-4.0,-4.0,-1.1
-4.0,-4.0,-1.1
-4.0,-4.0,-1.1
-4.0,-4.0,-1.1
-4.0,-4.0,-1.1
-4.0,-4.0,-1.1
-4.0,-4.0,-1.1
-4.0,-4.0,-1.1
-4.0,-4.0,-1.1
-4.0,-4.0,-1.1
-4.0,-4.0,-1.1
-4.0,-4.0,-1.1
-4.0,-4.0,-1.1
-4.0,-4.0,-1.1
-4.0,-4.0,-1.1
-4.0,-4.0,-1.1
-4.0,-4.0,-1.1
-4.0,-4.0,-1.1
-4.0,-4.0,-1.1
-4.0,-4.0,-1.1
-4.0,-4.0,-1.1
-4.0,-4.0,-1.1
-4.0,-4.0,-1.1
-4.0,-4.0,-1.1
-4.0,-4.0,-1.1
-4.0,-4.0,-1.1
-4.0,-4.0,-1.1
-4.0,-4.0,-1.1
-4.0,-4.0,-1.1
-4.0,-4.0,-1.1
-4.0,-4.0,-1.1
-4.0,-4.0,-1.1
-4.0,-4.0,-1.1
-4.0,-4.0,-1.1
-4.0,-4.0,-1.1
-4.0,-4.0,-1.1
-4.0,-4.0,-1.1
-4.0,-4.0,-1.1
-4.0,-4.0,-1.1
-4.0,-4.0,-1.1
-4.0,-4.0,-1.1
-4.0,-4.0,-1.1
-4.0,-4.0,-1.1
-4.0,-4.0,-1.1
-4.0,-4.0,-1.1
-4.0,-4.0,-1.1
-4.0,-4.0,-1.1
-4.0,-4.0,-1.1
-4.0,-4.0,-1.1
-4.0,-4.0,-1.1
-4.0,-4.0,-1.1
-4.0,-4.0,-1.1
-4.0,-4.0,-1.1
-4.0,-4.0,-1.1
-4.0,-4.0,-1.1
-4.0,-4.0,-1.1
-4.0,-4.0,-1.1
-4.0,-4.0,-1.1
-4.0,-4.0,-1.1
-4.0,-4.0,-1.1
-4.0,-4.0,-1.1
-4.0,-4.0,-1.1
-4.0,-4.0,-1.1
-4.0,-4.0,-1.1
-4.0,-4.0,-1.1
-4.0,-4.0,-1.1
-4.0,-4.0,-1.1
-4.0,-4.0,-1.1
-4.0,-4.0,-1.1
-4.0,-4.0,-1.1
-4.0,-4.0,-1.1
-4.0,-4.0,-1.1
-4.0,-4.0,-1.1
-4.0,-4.0,-1.1
-4.0,-4.0,-1.1
-4.0,-4.0,-1.1
-4.0,-4.0,-1.1
-4.0,-4.0,-1.1
-4.0,-4.0,-1.1
-4.0,-4.0,-1.1
-4.0,-4.0,-1.1
-4.0,-4.0,-1.1
-4.0,-4.0,-1.1
-4.0,-4.0,-1.1
-4.0,-4.0,-1.1
-4.0,-4.0,-1.1
-4.0,-4.0,-1.1
-4.0,-4.0,-1.1
-4.0,-4.0,-1.1
-4.0,-4.0,-1.1
-4.0,-4.0,-1.1
-4.0,-4.0,-1.1
-4.0,-4.0,-1.1
-4.0,-4.0,-1.1
-4.0,-4.0,-1.1
-4.0,-4.0,-1.1
-4.0,-4.0,-1.1
-4.0,-4.0,-1.1
-4.0,-4.0,-1.1
-4.0,-4.0,-1.1
-4.0,-4.0,-1.1
-4.0,-4.0,-1.1
-4.0,-4.0,-1.1
-4.0,-4.0,-1.1
-4.0,-4.0,-1.1
-4.0,-4.0,-1.1
-4.0,-4.0,-1.1
-4.0,-4.0,-1.1
-4.0,-4.0,-1.1
-4.0,-4.0,-1.1
-4.0,-4.0,-1.1
-4.0,-4.0,-1.1
-4.0,-4.0,-1.1
-4.0,-4.0,-1.1
-4.0,-4.0,-1.1
-4.0,-4.0,-1.1
-4.0,-4.0,-1.1
-4.0,-4.0,-1.1
-4.0,-4.0,-1.1
-4.0,-4.0,-1.1
-4.0,-4.0,-1.1
-4.0,-4.0,-1.1
-4.0,-4.0,-1.1
-4.0,-4.0,-1.1
-4.0,-4.0,-1.1
-4.0,-4.0,-1.1
-4.0,-4.0,-1.1
-4.0,-4.0,-1.1
-4.0,-4.0,-1.1
-4.0,-4.0,-1.1
-4.0,-4.0,-1.1
-4.0,-4.0,-1.1
-4.0,-4.0,-1.1
-4.0,-4.0,-1.1
-4.0,-4.0,-1.1
-4.0,-4.0,-1.1
-4.0,-4.0,-1.1
-4.0,-4.0,-1.1
-4.0,-4.0,-1.1
-4.0,-4.0,-1.1
-4.0,-4.0,-1.1
-4.0,-4.0,-1.1
-4.0,-4.0,-1.1
-4.0,-4.0,-1.1
-4.0,-4.0,-1.1
-4.0,-4.0,-1.1
-4.0,-4.0,-1.1
-4.0,-4.0,-1.1
-4.0,-4.0,-1.1
-4.0,-4.0,-1.1
-4.0,-4.0,-1.1
-4.0,-4.0,-1.1
-4.0,-4.0,-1.1
-4.0,-4.0,-1.1
-4.0,-4.0,-1.1
-4.0,-4.0,-1.1
-4.0,-4.0,-1.1
-4.0,-4.0,-1.1
-4.0,-4.0,-1.1
-4.0,-4.0,-1.1
-4.0,-4.0,-1.1
-4.0,-4.0,-1.1
-4.0,-4.0,-1.1
-4.0,-4.0,-1.1
-4.0,-4.0,-1.1
-4.0,-4.0,-1.1
-4.0,-4.0,-1.1
-4.0,-4.0,-1.1
-4.0,-4.0,-1.1
-4.0,-4.0,-1.1
-4.0,-4.0,-1.1
-4.0,-4.0,-1.1
-4.0,-4.0,-1.1
-4.0,-4.0,-1.1
-4.0,-4.0,-1.1
-4.0,-4.0,-1.1
-4.0,-4.0,-1.1
-4.0,-4.0,-1.1
-4.0,-4.0,-1.1
-4.0,-4.0,-1.1
-4.0,-4.0,-1.1
-4.0,-4.0,-1.1
-4.0,-4.0,-1.1
-4.0,-4.0,-1.1
-4.0,-4.0,-1.1
-4.0,-4.0,-1.1
-4.0,-4.0,-1.1
-4.0,-4.0,-1.1
-4.0,-4.0,-1.1
-4.0,-4.0,-1.1
-4.0,-4.0,-1.1
-4.0,-4.0,-1.1
-4.0,-4.0,-1.1
-4.0,-4.0,-1.1
-4.0,-4.0,-1.1
-4.0,-4.0,-1.1
-4.0,-4.0,-1.1
-4.0,-4.0,-1.1
-4.0,-4.0,-1.1
-4.0,-4.0,-1.1
-4.0,-4.0,-1.1
-4.0,-4.0,-1.1
-4.0,-4.0,-1.1
-4.0,-4.0,-1.1
-4.0,-4.0,-1.1
-4.0,-4.0,-1.1
-4.0,-4.0,-1.1
-4.0,-4.0,-1.1
-4.0,-4.0,-1.1
-4.0,-4.0,-1.1
-4.0,-4.0,-1.1
-4.0,-4.0,-1.1
-4.0,-4.0,-1.1
-4.0,-4.0,-1.1
-4.0,-4.0,-1.1
-4.0,-4.0,-1.1
-4.0,-4.0,-1.1
-4.0,-4.0,-1.1
-4.0,-4.0,-1.1
-4.0,-4.0,-1.1
-4.0,-4.0,-1.1
-4.0,-4.0,-1.1
-4.0,-4.0,-1.1
-4.0,-4.0,-1.1
-4.0,-4.0,-1.1
-4.0,-4.0,-1.1
-4.0,-4.0,-1.1
-4.0,-4.0,-1.1
-4.0,-4.0,-1.1
-4.0,-4.0,-1.1
-4.0,-4.0,-1.1
-4.0,-4.0,-1.1
-4.0,-4.0,-1.1
-4.0,-4.0,-1.1
-4.0,-4.0,-1.1
-4.0,-4.0,-1.1
-4.0,-4.0,-1.1
-4.0,-4.0,-1.1
-4.0,-4.0,-1.1
-4.0,-4.0,-1.1
-4.0,-4.0,-1.1
-4.0,-4.0,-1.1
-4.0,-4.0,-1.1
-4.0,-4.0,-1.1
-4.0,-4.0,-1.1
-4.0,-4.0,-1.1
-4.0,-4.0,-1.1
-4.0,-4.0,-1.1
-4.0,-4.0,-1.1
-4.0,-4.0,-1.1
-4.0,-4.0,-1.1
-4.0,-4.0,-1.1
-4.0,-4.0,-1.1
-4.0,-4.0,-1.1
-4.0,-4.0,-1.1
-4.0,-4.0,-1.1
-4.0,-4.0,-1.1
-4.0,-4.0,-1.1
-4.0,-4.0,-1.1
-4.0,-4.0,-1.1
-4.0,-4.0,-1.1
-4.0,-4.0,-1.1
-4.0,-4.0,-1.1
-4.0,-4.0,-1.1
-4.0,-4.0,-1.1
-4.0,-4.0,-1.1
-4.0,-4.0,-1.1
-4.0,-4.0,-1.1
-4.0,-4.0,-1.1
-4.0,-4.0,-1.1
-4.0,-4.0,-1.1
-4.0,-4.0,-1.1
-4.0,-4.0,-1.1
-4.0,-4.0,-1.1
-4.0,-4.0,-1.1
-4.0,-4.0,-1.1
-4.0,-4.0,-1.1
-4.0,-4.0,-1.1
-4.0,-4.0,-1.1
-4.0,-4.0,-1.1
-4.0,-4.0,-1.1
-4.0,-4.0,-1.1
-4.0,-4.0,-1.1
-4.0,-4.0,-1.1
-4.0,-4.0,-1.1
-4.0,-4.0,-1.1
-4.0,-4.0,-1.1
-4.0,-4.0,-1.1
-4.0,-4.0,-1.1
-4.0,-4.0,-1.1
-4.0,-4.0,-1.1
-4.0,-4.0,-1.1
-4.0,-4.0,-1.1
-4.0,-4.0,-1.1
-4.0,-4.0,-1.1
-4.0,-4.0,-1.1
-4.0,-4.0,-1.1
-4.0,-4.0,-1.1
-4.0,-4.0,-1.1
-4.0,-4.0,-1.1
-4.0,-4.0,-1.1
-4.0,-4.0,-1.1
-4.0,-4.0,-1.1
-4.0,-4.0,-1.1
-4.0,-4.0,-1.1
-4.0,-4.0,-1.1
-4.0,-4.0,-1.1
-4.0,-4.0,-1.1
-4.0,-4.0,-1.1
-4.0,-4.0,-1.1
-4.0,-4.0,-1.1
-4.0,-4.0,-1.1
-4.0,-4.0,-1.1
-4.0,-4.0,-1.1
-4.0,-4.0,-1.1
-4.0,-4.0,-1.1
-4.0,-4.0,-1.1
-4.0,-4.0,-1.1
-4.0,-4.0,-1.1
-4.0,-4.0,-1.1
-4.0,-4.0,-1.1
-4.0,-4.0,-1.1
-4.0,-4.0,-1.1
-4.0,-4.0,-1.1
-4.0,-4.0,-1.1
-4.0,-4.0,-1.1
-4.0,-4.0,-1.1
-4.0,-4.0,-1.1
-4.0,-4.0,-1.1
-4.0,-4.0,-1.1
-4.0,-4.0,-1.1
-4.0,-4.0,-1.1
-4.0,-4.0,-1.1
-4.0,-4.0,-1.1
-4.0,-4.0,-1.1
-4.0,-4.0,-1.1
-4.0,-4.0,-1.1
-4.0,-4.0,-1.1
-4.0,-4.0,-1.1
-4.0,-4.0,-1.1
-4.0,-4.0,-1.1
-4.0,-4.0,-1.1
-4.0,-4.0,-1.1
-4.0,-4.0,-1.1
-4.0,-4.0,-1.1
-4.0,-4.0,-1.1
-4.0,-4.0,-1.1
-4.0,-4.0,-1.1
-4.0,-4.0,-1.1
-4.0,-4.0,-1.1
-4.0,-4.0,-1.1
-4.0,-4.0,-1.1
-4.0,-4.0,-1.1
-4.0,-4.0,-1.1
-4.0,-4.0,-1.1
-4.0,-4.0,-1.1
-4.0,-4.0,-1.1
-4.0,-4.0,-1.1
-4.0,-4.0,-1.1
-4.0,-4.0,-1.1
-4.0,-4.0,-1.1
-4.0,-4.0,-1.1
-4.0,-4.0,-1.1
-4.0,-4.0,-1.1
-4.0,-4.0,-1.1
-4.0,-4.0,-1.1
-4.0,-4.0,-1.1
-4.0,-4.0,-1.1
-4.0,-4.0,-1.1
-4.0,-4.0,-1.1
-4.0,-4.0,-1.1
-4.0,-4.0,-1.1
-4.0,-4.0,-1.1
-4.0,-4.0,-1.1
-4.0,-4.0,-1.1
-4.0,-4.0,-1.1
-4.0,-4.0,-1.1
-4.0,-4.0,-1.1
-4.0,-4.0,-1.1
-4.0,-4.0,-1.1
-4.0,-4.0,-1.1
-4.0,-4.0,-1.1
-4.0,-4.0,-1.1
-4.0,-4.0,-1.1
-4.0,-4.0,-1.1
-4.0,-4.0,-1.1
-4.0,-4.0,-1.1
-4.0,-4.0,-1.1
-4.0,-4.0,-1.1
-4.0,-4.0,-1.1
-4.0,-4.0,-1.1
-4.0,-4.0,-1.1
-4.0,-4.0,-1.1
-4.0,-4.0,-1.1
-4.0,-4.0,-1.1
-4.0,-4.0,-1.1
-4.0,-4.0,-1.1
-4.0,-4.0,-1.1
-4.0,-4.0,-1.1
-4.0,-4.0,-1.1
-4.0,-4.0,-1.1
-4.0,-4.0,-1.1
-4.0,-4.0,-1.1
-4.0,-4.0,-1.1
-4.0,-4.0,-1.1
-4.0,-4.0,-1.1
-4.0,-4.0,-1.1
-4.0,-4.0,-1.1
-4.0,-4.0,-1.1
-4.0,-4.0,-1.1
-4.0,-4.0,-1.1
-4.0,-4.0,-1.1
-4.0,-4.0,-1.1
-4.0,-4.0,-1.1
-4.0,-4.0,-1.1
-4.0,-4.0,-1.1
-4.0,-4.0,-1.1
-4.0,-4.0,-1.1
-4.0,-4.0,-1.1
-4.0,-4.0,-1.1
-4.0,-4.0,-1.1
-4.0,-4.0,-1.1
-4.0,-4.0,-1.1
-4.0,-4.0,-1.1
-4.0,-4.0,-1.1
-4.0,-4.0,-1.1
-4.0,-4.0,-1.1
-4.0,-4.0,-1.1
-4.0,-4.0,-1.1
-4.0,-4.0,-1.1
-4.0,-4.0,-1.1
-4.0,-4.0,-1.1
-4.0,-4.0,-1.1
-4.0,-4.0,-1.1
-4.0,-4.0,-1.1
-4.0,-4.0,-1.1
-4.0,-4.0,-1.1
-4.0,-4.0,-1.1
-4.0,-4.0,-1.1
-4.0,-4.0,-1.1
-4.0,-4.0,-1.1
-4.0,-4.0,-1.1
-4.0,-4.0,-1.1
-4.0,-4.0,-1.1
-4.0,-4.0,-1.1
-4.0,-4.0,-1.1
-4.0,-4.0,-1.1
-4.0,-4.0,-1.1
-4.0,-4.0,-1.1
-4.0,-4.0,-1.1
-4.0,-4.0,-1.1
-4.0,-4.0,-1.1
-4.0,-4.0,-1.1
-4.0,-4.0,-1.1
-4.0,-4.0,-1.1
-4.0,-4.0,-1.1
-4.0,-4.0,-1.1
-4.0,-4.0,-1.1
-4.0,-4.0,-1.1
-4.0,-4.0,-1.1
-4.0,-4.0,-1.1
-4.0,-4.0,-1.1
-4.0,-4.0,-1.1
-4.0,-4.0,-1.1
-4.0,-4.0,-1.1
-4.0,-4.0,-1.1
-4.0,-4.0,-1.1
-4.0,-4.0,-1.1
-4.0,-4.0,-1.1
-4.0,-4.0,-1.1
-4.0,-4.0,-1.1
-4.0,-4.0,-1.1
-4.0,-4.0,-1.1
-4.0,-4.0,-1.1
-4.0,-4.0,-1.1
-4.0,-4.0,-1.1
-4.0,-4.0,-1.1
-4.0,-4.0,-1.1
-4.0,-4.0,-1.1
-4.0,-4.0,-1.1
-4.0,-4.0,-1.1
-4.0,-4.0,-1.1
-4.0,-4.0,-1.1
-4.0,-4.0,-1.1
-4.0,-4.0,-1.1
-4.0,-4.0,-1.1
-4.0,-4.0,-1.1
-4.0,-4.0,-1.1
-4.0,-4.0,-1.1
-4.0,-4.0,-1.1
-4.0,-4.0,-1.1
-4.0,-4.0,-1.1
-4.0,-4.0,-1.1
-4.0,-4.0,-1.1
-4.0,-4.0,-1.1
-4.0,-4.0,-1.1
-4.0,-4.0,-1.1
-4.0,-4.0,-1.1
-4.0,-4.0,-1.1
-4.0,-4.0,-1.1
-4.0,-4.0,-1.1
-4.0,-4.0,-1.1
-4.0,-4.0,-1.1
-4.0,-4.0,-1.1
-4.0,-4.0,-1.1
-4.0,-4.0,-1.1
-4.0,-4.0,-1.1
-4.0,-4.0,-1.1
-4.0,-4.0,-1.1
-4.0,-4.0,-1.1
-4.0,-4.0,-1.1
-4.0,-4.0,-1.1
-4.0,-4.0,-1.1
-4.0,-4.0,-1.1
-4.0,-4.0,-1.1
-4.0,-4.0,-1.1
-4.0,-4.0,-1.1
-4.0,-4.0,-1.1
-4.0,-4.0,-1.1
-4.0,-4.0,-1.1
-4.0,-4.0,-1.1
-4.0,-4.0,-1.1
-4.0,-4.0,-1.1
-4.0,-4.0,-1.1
-4.0,-4.0,-1.1
-4.0,-4.0,-1.1
-4.0,-4.0,-1.1
-4.0,-4.0,-1.1
-4.0,-4.0,-1.1
-4.0,-4.0,-1.1
-4.0,-4.0,-1.1
-4.0,-4.0,-1.1
-4.0,-4.0,-1.1
-4.0,-4.0,-1.1
-4.0,-4.0,-1.1
-4.0,-4.0,-1.1
-4.0,-4.0,-1.1
-4.0,-4.0,-1.1
-4.0,-4.0,-1.1
-4.0,-4.0,-1.1
-4.0,-4.0,-1.1
-4.0,-4.0,-1.1
-4.0,-4.0,-1.1
-4.0,-4.0,-1.1
-4.0,-4.0,-1.1
-4.0,-4.0,-1.1
-4.0,-4.0,-1.1
-4.0,-4.0,-1.1
-4.0,-4.0,-1.1
-4.0,-4.0,-1.1
-4.0,-4.0,-1.1
-4.0,-4.0,-1.1
-4.0,-4.0,-1.1
-4.0,-4.0,-1.1
-4.0,-4.0,-1.1
-4.0,-4.0,-1.1
-4.0,-4.0,-1.1
-4.0,-4.0,-1.1
-4.0,-4.0,-1.1
-4.0,-4.0,-1.1
-4.0,-4.0,-1.1
-4.0,-4.0,-1.1
-4.0,-4.0,-1.1
-4.0,-4.0,-1.1
-4.0,-4.0,-1.1
-4.0,-4.0,-1.1
-4.0,-4.0,-1.1
-4.0,-4.0,-1.1
-4.0,-4.0,-1.1
-4.0,-4.0,-1.1
-4.0,-4.0,-1.1
-4.0,-4.0,-1.1
-4.0,-4.0,-1.1
-4.0,-4.0,-1.1
-4.0,-4.0,-1.1
-4.0,-4.0,-1.1
-4.0,-4.0,-1.1
-4.0,-4.0,-1.1
-4.0,-4.0,-1.1
-4.0,-4.0,-1.1
-4.0,-4.0,-1.1
-4.0,-4.0,-1.1
-4.0,-4.0,-1.1
-4.0,-4.0,-1.1
-4.0,-4.0,-1.1
-4.0,-4.0,-1.1
-4.0,-4.0,-1.1
-4.0,-4.0,-1.1
-4.0,-4.0,-1.1
-4.0,-4.0,-1.1
-4.0,-4.0,-1.1
-4.0,-4.0,-1.1
-4.0,-4.0,-1.1
-4.0,-4.0,-1.1
-4.0,-4.0,-1.1
-4.0,-4.0,-1.1
-4.0,-4.0,-1.1
-4.0,-4.0,-1.1
-4.0,-4.0,-1.1
-4.0,-4.0,-1.1
-4.0,-4.0,-1.1
-4.0,-4.0,-1.1
-4.0,-4.0,-1.1
-4.0,-4.0,-1.1
-4.0,-4.0,-1.1
-4.0,-4.0,-1.1
-4.0,-4.0,-1.1
-4.0,-4.0,-1.1
-4.0,-4.0,-1.1
-4.0,-4.0,-1.1
-4.0,-4.0,-1.1
-4.0,-4.0,-1.1
-4.0,-4.0,-1.1
-4.0,-4.0,-1.1
-4.0,-4.0,-1.1
-4.0,-4.0,-1.1
-4.0,-4.0,-1.1
-4.0,-4.0,-1.1
-4.0,-4.0,-1.1
-4.0,-4.0,-1.1
-4.0,-4.0,-1.1
-4.0,-4.0,-1.1
-4.0,-4.0,-1.1
-4.0,-4.0,-1.1
-4.0,-4.0,-1.1
-4.0,-4.0,-1.1
-4.0,-4.0,-1.1
-4.0,-4.0,-1.1
-4.0,-4.0,-1.1
-4.0,-4.0,-1.1
-4.0,-4.0,-1.1
-4.0,-4.0,-1.1
-4.0,-4.0,-1.1
-4.0,-4.0,-1.1
-4.0,-4.0,-1.1
-4.0,-4.0,-1.1
-4.0,-4.0,-1.1
-4.0,-4.0,-1.1
-4.0,-4.0,-1.1
-4.0,-4.0,-1.1
-4.0,-4.0,-1.1
-4.0,-4.0,-1.1
-4.0,-4.0,-1.1
-4.0,-4.0,-1.1
-4.0,-4.0,-1.1
-4.0,-4.0,-1.1
-4.0,-4.0,-1.1
-4.0,-4.0,-1.1
-4.0,-4.0,-1.1
-4.0,-4.0,-1.1
-4.0,-4.0,-1.1
-4.0,-4.0,-1.1
-4.0,-4.0,-1.1
-4.0,-4.0,-1.1
-4.0,-4.0,-1.1
-4.0,-4.0,-1.1
-4.0,-4.0,-1.1
-4.0,-4.0,-1.1
-4.0,-4.0,-1.1
-4.0,-4.0,-1.1
-4.0,-4.0,-1.1
-4.0,-4.0,-1.1
-4.0,-4.0,-1.1
-4.0,-4.0,-1.1
-4.0,-4.0,-1.1
-4.0,-4.0,-1.1
-4.0,-4.0,-1.1
-4.0,-4.0,-1.1
-4.0,-4.0,-1.1
-4.0,-4.0,-1.1
-4.0,-4.0,-1.1
-4.0,-4.0,-1.1
-4.0,-4.0,-1.1
-4.0,-4.0,-1.1
-4.0,-4.0,-1.1
-4.0,-4.0,-1.1
-4.0,-4.0,-1.1
-4.0,-4.0,-1.1
-4.0,-4.0,-1.1
-4.0,-4.0,-1.1
-4.0,-4.0,-1.1
-4.0,-4.0,-1.1
-4.0,-4.0,-1.1
-4.0,-4.0,-1.1
-4.0,-4.0,-1.1
-4.0,-4.0,-1.1
-4.0,-4.0,-1.1
-4.0,-4.0,-1.1
-4.0,-4.0,-1.1
-4.0,-4.0,-1.1
-4.0,-4.0,-1.1
-4.0,-4.0,-1.1
-4.0,-4.0,-1.1
-4.0,-4.0,-1.1
-4.0,-4.0,-1.1
-4.0,-4.0,-1.1
-4.0,-4.0,-1.1
-4.0,-4.0,-1.1
-4.0,-4.0,-1.1
-4.0,-4.0,-1.1
-4.0,-4.0,-1.1
-4.0,-4.0,-1.1
-4.0,-4.0,-1.1
-4.0,-4.0,-1.1
-4.0,-4.0,-1.1
-4.0,-4.0,-1.1
-4.0,-4.0,-1.1
-4.0,-4.0,-1.1
-4.0,-4.0,-1.1
-4.0,-4.0,-1.1
-4.0,-4.0,-1.1
-4.0,-4.0,-1.1
-4.0,-4.0,-1.1
-4.0,-4.0,-1.1
-4.0,-4.0,-1.1
-4.0,-4.0,-1.1
-4.0,-4.0,-1.1
-4.0,-4.0,-1.1
-4.0,-4.0,-1.1
-4.0,-4.0,-1.1
-4.0,-4.0,-1.1
-4.0,-4.0,-1.1
-4.0,-4.0,-1.1
-4.0,-4.0,-1.1
-4.0,-4.0,-1.1
-4.0,-4.0,-1.1
-4.0,-4.0,-1.1
-4.0,-4.0,-1.1
-4.0,-4.0,-1.1
-4.0,-4.0,-1.1
-4.0,-4.0,-1.1
-4.0,-4.0,-1.1
-4.0,-4.0,-1.1
-4.0,-4.0,-1.1
-4.0,-4.0,-1.1
-4.0,-4.0,-1.1
-4.0,-4.0,-1.1
-4.0,-4.0,-1.1
-4.0,-4.0,-1.1
-4.0,-4.0,-1.1
-4.0,-4.0,-1.1
-4.0,-4.0,-1.1
-4.0,-4.0,-1.1
-4.0,-4.0,-1.1
-4.0,-4.0,-1.1
-4.0,-4.0,-1.1
-4.0,-4.0,-1.1
-4.0,-4.0,-1.1
-4.0,-4.0,-1.1
-4.0,-4.0,-1.1
-4.0,-4.0,-1.1
-4.0,-4.0,-1.1
-4.0,-4.0,-1.1
-4.0,-4.0,-1.1
-4.0,-4.0,-1.1
-4.0,-4.0,-1.1
-4.0,-4.0,-1.1
-4.0,-4.0,-1.1
-4.0,-4.0,-1.1
-4.0,-4.0,-1.1
-4.0,-4.0,-1.1
-4.0,-4.0,-1.1
-4.0,-4.0,-1.1
-4.0,-4.0,-1.1
-4.0,-4.0,-1.1
-4.0,-4.0,-1.1
-4.0,-4.0,-1.1
-4.0,-4.0,-1.1
-4.0,-4.0,-1.1
-4.0,-4.0,-1.1
-4.0,-4.0,-1.1
-4.0,-4.0,-1.1
-4.0,-4.0,-1.1
-4.0,-4.0,-1.1
-4.0,-4.0,-1.1
-4.0,-4.0,-1.1
-4.0,-4.0,-1.1
-4.0,-4.0,-1.1
-4.0,-4.0,-1.1
-4.0,-4.0,-1.1
-4.0,-4.0,-1.1
-4.0,-4.0,-1.1
-4.0,-4.0,-1.1
-4.0,-4.0,-1.1
-4.0,-4.0,-1.1
-4.0,-4.0,-1.1
-4.0,-4.0,-1.1
-4.0,-4.0,-1.1
-4.0,-4.0,-1.1
-4.0,-4.0,-1.1
-4.0,-4.0,-1.1
-4.0,-4.0,-1.1
-4.0,-4.0,-1.1
-4.0,-4.0,-1.1
-4.0,-4.0,-1.1
-4.0,-4.0,-1.1
-4.0,-4.0,-1.1
-4.0,-4.0,-1.1
-4.0,-4.0,-1.1
-4.0,-4.0,-1.1
-4.0,-4.0,-1.1
-4.0,-4.0,-1.1
-4.0,-4.0,-1.1
-4.0,-4.0,-1.1
-4.0,-4.0,-1.1
-4.0,-4.0,-1.1
-4.0,-4.0,-1.1
-4.0,-4.0,-1.1
-4.0,-4.0,-1.1
-4.0,-4.0,-1.1
-4.0,-4.0,-1.1
-4.0,-4.0,-1.1
-4.0,-4.0,-1.1
-4.0,-4.0,-1.1
-4.0,-4.0,-1.1
-4.0,-4.0,-1.1
-4.0,-4.0,-1.1
-4.0,-4.0,-1.1
-4.0,-4.0,-1.1
-4.0,-4.0,-1.1
-4.0,-4.0,-1.1
-4.0,-4.0,-1.1
-4.0,-4.0,-1.1
-4.0,-4.0,-1.1
-4.0,-4.0,-1.1
-4.0,-4.0,-1.1
-4.0,-4.0,-1.1
-4.0,-4.0,-1.1
-4.0,-4.0,-1.1
-4.0,-4.0,-1.1
-4.0,-4.0,-1.1
-4.0,-4.0,-1.1
-4.0,-4.0,-1.1
-4.0,-4.0,-1.1
-4.0,-4.0,-1.1
-4.0,-4.0,-1.1
-4.0,-4.0,-1.1
-4.0,-4.0,-1.1
-4.0,-4.0,-1.1
-4.0,-4.0,-1.1
-4.0,-4.0,-1.1
-4.0,-4.0,-1.1
-4.0,-4.0,-1.1
-4.0,-4.0,-1.1
-4.0,-4.0,-1.1
-4.0,-4.0,-1.1
-4.0,-4.0,-1.1
-4.0,-4.0,-1.1
-4.0,-4.0,-1.1
-4.0,-4.0,-1.1
-4.0,-4.0,-1.1
-4.0,-4.0,-1.1
-4.0,-4.0,-1.1
-4.0,-4.0,-1.1
-4.0,-4.0,-1.1
-4.0,-4.0,-1.1
-4.0,-4.0,-1.1
-4.0,-4.0,-1.1
-4.0,-4.0,-1.1
-4.0,-4.0,-1.1
-4.0,-4.0,-1.1
-4.0,-4.0,-1.1
-4.0,-4.0,-1.1
-4.0,-4.0,-1.1
-4.0,-4.0,-1.1
-4.0,-4.0,-1.1
-4.0,-4.0,-1.1
-4.0,-4.0,-1.1
-4.0,-4.0,-1.1
-4.0,-4.0,-1.1
-4.0,-4.0,-1.1
-4.0,-4.0,-1.1
-4.0,-4.0,-1.1
-4.0,-4.0,-1.1
-4.0,-4.0,-1.1
-4.0,-4.0,-1.1
-4.0,-4.0,-1.1
-4.0,-4.0,-1.1
-4.0,-4.0,-1.1
-4.0,-4.0,-1.1
-4.0,-4.0,-1.1
-4.0,-4.0,-1.1
-4.0,-4.0,-1.1
-4.0,-4.0,-1.1
-4.0,-4.0,-1.1
-4.0,-4.0,-1.1
-4.0,-4.0,-1.1
-4.0,-4.0,-1.1
-4.0,-4.0,-1.1
-4.0,-4.0,-1.1
-4.0,-4.0,-1.1
-4.0,-4.0,-1.1
-4.0,-4.0,-1.1
-4.0,-4.0,-1.1
-4.0,-4.0,-1.1
-4.0,-4.0,-1.1
-4.0,-4.0,-1.1
-4.0,-4.0,-1.1
-4.0,-4.0,-1.1
-4.0,-4.0,-1.1
-4.0,-4.0,-1.1
-4.0,-4.0,-1.1
-4.0,-4.0,-1.1
-4.0,-4.0,-1.1
-4.0,-4.0,-1.1
-4.0,-4.0,-1.1
-4.0,-4.0,-1.1
-4.0,-4.0,-1.1
-4.0,-4.0,-1.1
-4.0,-4.0,-1.1
-4.0,-4.0,-1.1
-4.0,-4.0,-1.1
-4.0,-4.0,-1.1
-4.0,-4.0,-1.1
-4.0,-4.0,-1.1
-4.0,-4.0,-1.1
-4.0,-4.0,-1.1
-4.0,-4.0,-1.1
-4.0,-4.0,-1.1
-4.0,-4.0,-1.1
-4.0,-4.0,-1.1
-4.0,-4.0,-1.1
-4.0,-4.0,-1.1
-4.0,-4.0,-1.1
-4.0,-4.0,-1.1
-4.0,-4.0,-1.1
-4.0,-4.0,-1.1
-4.0,-4.0,-1.1
-4.0,-4.0,-1.1
-4.0,-4.0,-1.1
-4.0,-4.0,-1.1
-4.0,-4.0,-1.1
-4.0,-4.0,-1.1
-4.0,-4.0,-1.1
-4.0,-4.0,-1.1
-4.0,-4.0,-1.1
-4.0,-4.0,-1.1
-4.0,-4.0,-1.1
-4.0,-4.0,-1.1
-4.0,-4.0,-1.1
-4.0,-4.0,-1.1
-4.0,-4.0,-1.1
-4.0,-4.0,-1.1
-4.0,-4.0,-1.1
-4.0,-4.0,-1.1
-4.0,-4.0,-1.1
-4.0,-4.0,-1.1
-4.0,-4.0,-1.1
-4.0,-4.0,-1.1
-4.0,-4.0,-1.1
-4.0,-4.0,-1.1
-4.0,-4.0,-1.1
-4.0,-4.0,-1.1
-4.0,-4.0,-1.1
-4.0,-4.0,-1.1
-4.0,-4.0,-1.1
-4.0,-4.0,-1.1
-4.0,-4.0,-1.1
-4.0,-4.0,-1.1
-4.0,-4.0,-1.1
-4.0,-4.0,-1.1
-4.0,-4.0,-1.1
-4.0,-4.0,-1.1
-4.0,-4.0,-1.1
-4.0,-4.0,-1.1
-4.0,-4.0,-1.1
-4.0,-4.0,-1.1
-4.0,-4.0,-1.1
-4.0,-4.0,-1.1
-4.0,-4.0,-1.1
-4.0,-4.0,-1.1
-4.0,-4.0,-1.1
-4.0,-4.0,-1.1
-4.0,-4.0,-1.1
-4.0,-4.0,-1.1
-4.0,-4.0,-1.1
-4.0,-4.0,-1.1
-4.0,-4.0,-1.1
-4.0,-4.0,-1.1
-4.0,-4.0,-1.1
-4.0,-4.0,-1.1
-4.0,-4.0,-1.1
-4.0,-4.0,-1.1
-4.0,-4.0,-1.1
-4.0,-4.0,-1.1
-4.0,-4.0,-1.1
-4.0,-4.0,-1.1
-4.0,-4.0,-1.1
-4.0,-4.0,-1.1
-4.0,-4.0,-1.1
-4.0,-4.0,-1.1
-4.0,-4.0,-1.1
-4.0,-4.0,-1.1
-4.0,-4.0,-1.1
-4.0,-4.0,-1.1
-4.0,-4.0,-1.1
-4.0,-4.0,-1.1
-4.0,-4.0,-1.1
-4.0,-4.0,-1.1
-4.0,-4.0,-1.1
-4.0,-4.0,-1.1
-4.0,-4.0,-1.1
-4.0,-4.0,-1.1
-4.0,-4.0,-1.1
-4.0,-4.0,-1.1
-4.0,-4.0,-1.1
-4.0,-4.0,-1.1
-4.0,-4.0,-1.1
-4.0,-4.0,-1.1
-4.0,-4.0,-1.1
-4.0,-4.0,-1.1
-4.0,-4.0,-1.1
-4.0,-4.0,-1.1
-4.0,-4.0,-1.1
-4.0,-4.0,-1.1
-4.0,-4.0,-1.1
-4.0,-4.0,-1.1
-4.0,-4.0,-1.1
-4.0,-4.0,-1.1
-4.0,-4.0,-1.1
-4.0,-4.0,-1.1
-4.0,-4.0,-1.1
-4.0,-4.0,-1.1
-4.0,-4.0,-1.1
-4.0,-4.0,-1.1
-4.0,-4.0,-1.1
-4.0,-4.0,-1.1
-4.0,-4.0,-1.1
-4.0,-4.0,-1.1
-4.0,-4.0,-1.1
-4.0,-4.0,-1.1
-4.0,-4.0,-1.1
-4.0,-4.0,-1.1
-4.0,-4.0,-1.1
-4.0,-4.0,-1.1
-4.0,-4.0,-1.1
-4.0,-4.0,-1.1
-4.0,-4.0,-1.1
-4.0,-4.0,-1.1
-4.0,-4.0,-1.1
-4.0,-4.0,-1.1
-4.0,-4.0,-1.1
-4.0,-4.0,-1.1
-4.0,-4.0,-1.1
-4.0,-4.0,-1.1
-4.0,-4.0,-1.1
-4.0,-4.0,-1.1
-4.0,-4.0,-1.1
-4.0,-4.0,-1.1
-4.0,-4.0,-1.1
-4.0,-4.0,-1.1
-4.0,-4.0,-1.1
-4.0,-4.0,-1.1
-4.0,-4.0,-1.1
-4.0,-4.0,-1.1
-4.0,-4.0,-1.1
-4.0,-4.0,-1.1
-4.0,-4.0,-1.1
-4.0,-4.0,-1.1
-4.0,-4.0,-1.1
-4.0,-4.0,-1.1
-4.0,-4.0,-1.1
-4.0,-4.0,-1.1
-4.0,-4.0,-1.1
-4.0,-4.0,-1.1
-4.0,-4.0,-1.1
-4.0,-4.0,-1.1
-4.0,-4.0,-1.1
-4.0,-4.0,-1.1
-4.0,-4.0,-1.1
-4.0,-4.0,-1.1
-4.0,-4.0,-1.1
-4.0,-4.0,-1.1
-4.0,-4.0,-1.1
-4.0,-4.0,-1.1
-4.0,-4.0,-1.1
-4.0,-4.0,-1.1
-4.0,-4.0,-1.1
-4.0,-4.0,-1.1
-4.0,-4.0,-1.1
-4.0,-4.0,-1.1
-4.0,-4.0,-1.1
-4.0,-4.0,-1.1
-4.0,-4.0,-1.1
-4.0,-4.0,-1.1
-4.0,-4.0,-1.1
-4.0,-4.0,-1.1
-4.0,-4.0,-1.1
-4.0,-4.0,-1.1
-4.0,-4.0,-1.1
-4.0,-4.0,-1.1
-4.0,-4.0,-1.1
-4.0,-4.0,-1.1
-4.0,-4.0,-1.1
-4.0,-4.0,-1.1
-4.0,-4.0,-1.1
-4.0,-4.0,-1.1
-4.0,-4.0,-1.1
-4.0,-4.0,-1.1
-4.0,-4.0,-1.1
-4.0,-4.0,-1.1
-4.0,-4.0,-1.1
-4.0,-4.0,-1.1
-4.0,-4.0,-1.1
-4.0,-4.0,-1.1
-4.0,-4.0,-1.1
-4.0,-4.0,-1.1
-4.0,-4.0,-1.1
-4.0,-4.0,-1.1
-4.0,-4.0,-1.1
-4.0,-4.0,-1.1
-4.0,-4.0,-1.1
-4.0,-4.0,-1.1
-4.0,-4.0,-1.1
-4.0,-4.0,-1.1
-4.0,-4.0,-1.1
-4.0,-4.0,-1.1
-4.0,-4.0,-1.1
-4.0,-4.0,-1.1
-4.0,-4.0,-1.1
-4.0,-4.0,-1.1
-4.0,-4.0,-1.1
-4.0,-4.0,-1.1
-4.0,-4.0,-1.1
-4.0,-4.0,-1.1
-4.0,-4.0,-1.1
-4.0,-4.0,-1.1
-4.0,-4.0,-1.1
-4.0,-4.0,-1.1
-4.0,-4.0,-1.1
-4.0,-4.0,-1.1
-4.0,-4.0,-1.1
-4.0,-4.0,-1.1
-4.0,-4.0,-1.1
-4.0,-4.0,-1.1
-4.0,-4.0,-1.1
-4.0,-4.0,-1.1
-4.0,-4.0,-1.1
-4.0,-4.0,-1.1
-4.0,-4.0,-1.1
-4.0,-4.0,-1.1
-4.0,-4.0,-1.1
-4.0,-4.0,-1.1
-4.0,-4.0,-1.1
-4.0,-4.0,-1.1
-4.0,-4.0,-1.1
-4.0,-4.0,-1.1
-4.0,-4.0,-1.1
-4.0,-4.0,-1.1
-4.0,-4.0,-1.1
-4.0,-4.0,-1.1
-4.0,-4.0,-1.1
-4.0,-4.0,-1.1
-4.0,-4.0,-1.1
-4.0,-4.0,-1.1
-4.0,-4.0,-1.1
-4.0,-4.0,-1.1
-4.0,-4.0,-1.1
-4.0,-4.0,-1.1
-4.0,-4.0,-1.1
-4.0,-4.0,-1.1
-4.0,-4.0,-1.1
-4.0,-4.0,-1.1
-4.0,-4.0,-1.1
-4.0,-4.0,-1.1
-4.0,-4.0,-1.1
-4.0,-4.0,-1.1
-4.0,-4.0,-1.1
-4.0,-4.0,-1.1
-4.0,-4.0,-1.1
-4.0,-4.0,-1.1
-4.0,-4.0,-1.1
-4.0,-4.0,-1.1
-4.0,-4.0,-1.1
-4.0,-4.0,-1.1
-4.0,-4.0,-1.1
-4.0,-4.0,-1.1
-4.0,-4.0,-1.1
-4.0,-4.0,-1.1
-4.0,-4.0,-1.1
-4.0,-4.0,-1.1
-4.0,-4.0,-1.1
-4.0,-4.0,-1.1
-4.0,-4.0,-1.1
-4.0,-4.0,-1.1
-4.0,-4.0,-1.1
-4.0,-4.0,-1.1
-4.0,-4.0,-1.1
-4.0,-4.0,-1.1
-4.0,-4.0,-1.1
-4.0,-4.0,-1.1
-4.0,-4.0,-1.1
-4.0,-4.0,-1.1
-4.0,-4.0,-1.1
-4.0,-4.0,-1.1
-4.0,-4.0,-1.1
-4.0,-4.0,-1.1
-4.0,-4.0,-1.1
-4.0,-4.0,-1.1
-4.0,-4.0,-1.1
-4.0,-4.0,-1.1
-4.0,-4.0,-1.1
-4.0,-4.0,-1.1
-4.0,-4.0,-1.1
-4.0,-4.0,-1.1
-4.0,-4.0,-1.1
-4.0,-4.0,-1.1
-4.0,-4.0,-1.1
-4.0,-4.0,-1.1
-4.0,-4.0,-1.1
-4.0,-4.0,-1.1
-4.0,-4.0,-1.1
-4.0,-4.0,-1.1
-4.0,-4.0,-1.1
-4.0,-4.0,-1.1
-4.0,-4.0,-1.1
-4.0,-4.0,-1.1
-4.0,-4.0,-1.1
-4.0,-4.0,-1.1
-4.0,-4.0,-1.1
-4.0,-4.0,-1.1
-4.0,-4.0,-1.1
-4.0,-4.0,-1.1
-4.0,-4.0,-1.1
-4.0,-4.0,-1.1
-4.0,-4.0,-1.1
-4.0,-4.0,-1.1
-4.0,-4.0,-1.1
-4.0,-4.0,-1.1
-4.0,-4.0,-1.1
-4.0,-4.0,-1.1
-4.0,-4.0,-1.1
-4.0,-4.0,-1.1
-4.0,-4.0,-1.1
-4.0,-4.0,-1.1
-4.0,-4.0,-1.1
-4.0,-4.0,-1.1
-4.0,-4.0,-1.1
-4.0,-4.0,-1.1
-4.0,-4.0,-1.1
-4.0,-4.0,-1.1
-4.0,-4.0,-1.1
-4.0,-4.0,-1.1
-4.0,-4.0,-1.1
-4.0,-4.0,-1.1
-4.0,-4.0,-1.1
-4.0,-4.0,-1.1
-4.0,-4.0,-1.1
-4.0,-4.0,-1.1
-4.0,-4.0,-1.1
-4.0,-4.0,-1.1
-4.0,-4.0,-1.1
-4.0,-4.0,-1.1
-4.0,-4.0,-1.1
-4.0,-4.0,-1.1
-4.0,-4.0,-1.1
-4.0,-4.0,-1.1
-4.0,-4.0,-1.1
-4.0,-4.0,-1.1
-4.0,-4.0,-1.1
-4.0,-4.0,-1.1
-4.0,-4.0,-1.1
-4.0,-4.0,-1.1
-4.0,-4.0,-1.1
-4.0,-4.0,-1.1
-4.0,-4.0,-1.1
-4.0,-4.0,-1.1
-4.0,-4.0,-1.1
-4.0,-4.0,-1.1
-4.0,-4.0,-1.1
-4.0,-4.0,-1.1
-4.0,-4.0,-1.1
-4.0,-4.0,-1.1
-4.0,-4.0,-1.1
-4.0,-4.0,-1.1
-4.0,-4.0,-1.1
-4.0,-4.0,-1.1
-4.0,-4.0,-1.1
-4.0,-4.0,-1.1
-4.0,-4.0,-1.1
-4.0,-4.0,-1.1
-4.0,-4.0,-1.1
-4.0,-4.0,-1.1
-4.0,-4.0,-1.1
-4.0,-4.0,-1.1
-4.0,-4.0,-1.1
-4.0,-4.0,-1.1
-4.0,-4.0,-1.1
-4.0,-4.0,-1.1
-4.0,-4.0,-1.1
-4.0,-4.0,-1.1
-4.0,-4.0,-1.1
-4.0,-4.0,-1.1
-4.0,-4.0,-1.1
-4.0,-4.0,-1.1
-4.0,-4.0,-1.1
-4.0,-4.0,-1.1
-4.0,-4.0,-1.1
-4.0,-4.0,-1.1
-4.0,-4.0,-1.1
-4.0,-4.0,-1.1
-4.0,-4.0,-1.1
-4.0,-4.0,-1.1
-4.0,-4.0,-1.1
-4.0,-4.0,-1.1
-4.0,-4.0,-1.1
-4.0,-4.0,-1.1
-4.0,-4.0,-1.1
-4.0,-4.0,-1.1
-4.0,-4.0,-1.1
-4.0,-4.0,-1.1
-4.0,-4.0,-1.1
-4.0,-4.0,-1.1
-4.0,-4.0,-1.1
-4.0,-4.0,-1.1
-4.0,-4.0,-1.1
-4.0,-4.0,-1.1
-4.0,-4.0,-1.1
-4.0,-4.0,-1.1
-4.0,-4.0,-1.1
-4.0,-4.0,-1.1
-4.0,-4.0,-1.1
-4.0,-4.0,-1.1
-4.0,-4.0,-1.1
-4.0,-4.0,-1.1
-4.0,-4.0,-1.1
-4.0,-4.0,-1.1
-4.0,-4.0,-1.1
-4.0,-4.0,-1.1
-4.0,-4.0,-1.1
-4.0,-4.0,-1.1
-4.0,-4.0,-1.1
-4.0,-4.0,-1.1
-4.0,-4.0,-1.1
-4.0,-4.0,-1.1
-4.0,-4.0,-1.1
-4.0,-4.0,-1.1
-4.0,-4.0,-1.1
-4.0,-4.0,-1.1
-4.0,-4.0,-1.1
-4.0,-4.0,-1.1
-4.0,-4.0,-1.1
-4.0,-4.0,-1.1
-4.0,-4.0,-1.1
-4.0,-4.0,-1.1
-4.0,-4.0,-1.1
-4.0,-4.0,-1.1
-4.0,-4.0,-1.1
-4.0,-4.0,-1.1
-4.0,-4.0,-1.1
-4.0,-4.0,-1.1
-4.0,-4.0,-1.1
-4.0,-4.0,-1.1
-4.0,-4.0,-1.1
-4.0,-4.0,-1.1
-4.0,-4.0,-1.1
-4.0,-4.0,-1.1
-4.0,-4.0,-1.1
-4.0,-4.0,-1.1
-4.0,-4.0,-1.1
-4.0,-4.0,-1.1
-4.0,-4.0,-1.1
-4.0,-4.0,-1.1
-4.0,-4.0,-1.1
-4.0,-4.0,-1.1
-4.0,-4.0,-1.1
-4.0,-4.0,-1.1
-4.0,-4.0,-1.1
-4.0,-4.0,-1.1
-4.0,-4.0,-1.1
-4.0,-4.0,-1.1
-4.0,-4.0,-1.1
-4.0,-4.0,-1.1
-4.0,-4.0,-1.1
-4.0,-4.0,-1.1
-4.0,-4.0,-1.1
-4.0,-4.0,-1.1
-4.0,-4.0,-1.1
-4.0,-4.0,-1.1
-4.0,-4.0,-1.1
-4.0,-4.0,-1.1
-4.0,-4.0,-1.1
-4.0,-4.0,-1.1
-4.0,-4.0,-1.1
-4.0,-4.0,-1.1
-4.0,-4.0,-1.1
-4.0,-4.0,-1.1
-4.0,-4.0,-1.1
-4.0,-4.0,-1.1
-4.0,-4.0,-1.1
-4.0,-4.0,-1.1
-4.0,-4.0,-1.1
-4.0,-4.0,-1.1
-4.0,-4.0,-1.1
-4.0,-4.0,-1.1
-4.0,-4.0,-1.1
-4.0,-4.0,-1.1
-4.0,-4.0,-1.1
-4.0,-4.0,-1.1
-4.0,-4.0,-1.1
-4.0,-4.0,-1.1
-4.0,-4.0,-1.1
-4.0,-4.0,-1.1
-4.0,-4.0,-1.1
-4.0,-4.0,-1.1
-4.0,-4.0,-1.1
-4.0,-4.0,-1.1
-4.0,-4.0,-1.1
-4.0,-4.0,-1.1
-4.0,-4.0,-1.1
-4.0,-4.0,-1.1
-4.0,-4.0,-1.1
-4.0,-4.0,-1.1
-4.0,-4.0,-1.1
-4.0,-4.0,-1.1
-4.0,-4.0,-1.1
-4.0,-4.0,-1.1
-4.0,-4.0,-1.1
-4.0,-4.0,-1.1
-4.0,-4.0,-1.1
-4.0,-4.0,-1.1
-4.0,-4.0,-1.1
-4.0,-4.0,-1.1
-4.0,-4.0,-1.1
-4.0,-4.0,-1.1
-4.0,-4.0,-1.1
-4.0,-4.0,-1.1
-4.0,-4.0,-1.1
-4.0,-4.0,-1.1
-4.0,-4.0,-1.1
-4.0,-4.0,-1.1
-4.0,-4.0,-1.1
-4.0,-4.0,-1.1
-4.0,-4.0,-1.1
-4.0,-4.0,-1.1
-4.0,-4.0,-1.1
-4.0,-4.0,-1.1
-4.0,-4.0,-1.1
-4.0,-4.0,-1.1
-4.0,-4.0,-1.1
-4.0,-4.0,-1.1
-4.0,-4.0,-1.1
-4.0,-4.0,-1.1
-4.0,-4.0,-1.1
-4.0,-4.0,-1.1
-4.0,-4.0,-1.1
-4.0,-4.0,-1.1
-4.0,-4.0,-1.1
-4.0,-4.0,-1.1
-4.0,-4.0,-1.1
-4.0,-4.0,-1.1
-4.0,-4.0,-1.1
-4.0,-4.0,-1.1
-4.0,-4.0,-1.1
-4.0,-4.0,-1.1
-4.0,-4.0,-1.1
-4.0,-4.0,-1.1
-4.0,-4.0,-1.1
-4.0,-4.0,-1.1
-4.0,-4.0,-1.1
-4.0,-4.0,-1.1
-4.0,-4.0,-1.1
-4.0,-4.0,-1.1
-4.0,-4.0,-1.1
-4.0,-4.0,-1.1
-4.0,-4.0,-1.1
-4.0,-4.0,-1.1
-4.0,-4.0,-1.1
-4.0,-4.0,-1.1
-4.0,-4.0,-1.1
-4.0,-4.0,-1.1
-4.0,-4.0,-1.1
-4.0,-4.0,-1.1
-4.0,-4.0,-1.1
-4.0,-4.0,-1.1
-4.0,-4.0,-1.1
-4.0,-4.0,-1.1
-4.0,-4.0,-1.1
-4.0,-4.0,-1.1
-4.0,-4.0,-1.1
-4.0,-4.0,-1.1
-4.0,-4.0,-1.1
-4.0,-4.0,-1.1
-4.0,-4.0,-1.1
-4.0,-4.0,-1.1
-4.0,-4.0,-1.1
-4.0,-4.0,-1.1
-4.0,-4.0,-1.1
-4.0,-4.0,-1.1
-4.0,-4.0,-1.1
-4.0,-4.0,-1.1
-4.0,-4.0,-1.1
-4.0,-4.0,-1.1
-4.0,-4.0,-1.1
-4.0,-4.0,-1.1
-4.0,-4.0,-1.1
-4.0,-4.0,-1.1
-4.0,-4.0,-1.1
-4.0,-4.0,-1.1
-4.0,-4.0,-1.1
-4.0,-4.0,-1.1
-4.0,-4.0,-1.1
-4.0,-4.0,-1.1
-4.0,-4.0,-1.1
-4.0,-4.0,-1.1
-4.0,-4.0,-1.1
-4.0,-4.0,-1.1
-4.0,-4.0,-1.1
-4.0,-4.0,-1.1
-4.0,-4.0,-1.1
-4.0,-4.0,-1.1
-4.0,-4.0,-1.1
-4.0,-4.0,-1.1
-4.0,-4.0,-1.1
-4.0,-4.0,-1.1
-4.0,-4.0,-1.1
-4.0,-4.0,-1.1
-4.0,-4.0,-1.1
-4.0,-4.0,-1.1
-4.0,-4.0,-1.1
-4.0,-4.0,-1.1
-4.0,-4.0,-1.1
-4.0,-4.0,-1.1
-4.0,-4.0,-1.1
-4.0,-4.0,-1.1
-4.0,-4.0,-1.1
-4.0,-4.0,-1.1
-4.0,-4.0,-1.1
-4.0,-4.0,-1.1
-4.0,-4.0,-1.1
-4.0,-4.0,-1.1
-4.0,-4.0,-1.1
-4.0,-4.0,-1.1
-4.0,-4.0,-1.1
-4.0,-4.0,-1.1
-4.0,-4.0,-1.1
-4.0,-4.0,-1.1
-4.0,-4.0,-1.1
-4.0,-4.0,-1.1
-4.0,-4.0,-1.1
-4.0,-4.0,-1.1
-4.0,-4.0,-1.1
-4.0,-4.0,-1.1
-4.0,-4.0,-1.1
-4.0,-4.0,-1.1
-4.0,-4.0,-1.1
-4.0,-4.0,-1.1
-4.0,-4.0,-1.1
-4.0,-4.0,-1.1
-4.0,-4.0,-1.1
-4.0,-4.0,-1.1
-4.0,-4.0,-1.1
-4.0,-4.0,-1.1
-4.0,-4.0,-1.1
-4.0,-4.0,-1.1
-4.0,-4.0,-1.1
-4.0,-4.0,-1.1
-4.0,-4.0,-1.1
-4.0,-4.0,-1.1
-4.0,-4.0,-1.1
-4.0,-4.0,-1.1
-4.0,-4.0,-1.1
-4.0,-4.0,-1.1
-4.0,-4.0,-1.1
-4.0,-4.0,-1.1
-4.0,-4.0,-1.1
-4.0,-4.0,-1.1
-4.0,-4.0,-1.1
-4.0,-4.0,-1.1
-4.0,-4.0,-1.1
-4.0,-4.0,-1.1
-4.0,-4.0,-1.1
-4.0,-4.0,-1.1
-4.0,-4.0,-1.1
-4.0,-4.0,-1.1
-4.0,-4.0,-1.1
-4.0,-4.0,-1.1
-4.0,-4.0,-1.1
-4.0,-4.0,-1.1
-4.0,-4.0,-1.1
-4.0,-4.0,-1.1
-4.0,-4.0,-1.1
-4.0,-4.0,-1.1
-4.0,-4.0,-1.1
-4.0,-4.0,-1.1
-4.0,-4.0,-1.1
-4.0,-4.0,-1.1
-4.0,-4.0,-1.1
-4.0,-4.0,-1.1
-4.0,-4.0,-1.1
-4.0,-4.0,-1.1
-4.0,-4.0,-1.1
-4.0,-4.0,-1.1
-4.0,-4.0,-1.1
-4.0,-4.0,-1.1
-4.0,-4.0,-1.1
-4.0,-4.0,-1.1
-4.0,-4.0,-1.1
-4.0,-4.0,-1.1
-4.0,-4.0,-1.1
-4.0,-4.0,-1.1
-4.0,-4.0,-1.1
-4.0,-4.0,-1.1
-4.0,-4.0,-1.1
-4.0,-4.0,-1.1
-4.0,-4.0,-1.1
-4.0,-4.0,-1.1
-4.0,-4.0,-1.1
-4.0,-4.0,-1.1
-4.0,-4.0,-1.1
-4.0,-4.0,-1.1
-4.0,-4.0,-1.1
-4.0,-4.0,-1.1
-4.0,-4.0,-1.1
-4.0,-4.0,-1.1
-4.0,-4.0,-1.1
-4.0,-4.0,-1.1
-4.0,-4.0,-1.1
-4.0,-4.0,-1.1
-4.0,-4.0,-1.1
-4.0,-4.0,-1.1
-4.0,-4.0,-1.1
-4.0,-4.0,-1.1
-4.0,-4.0,-1.1
-4.0,-4.0,-1.1
-4.0,-4.0,-1.1
-4.0,-4.0,-1.1
-4.0,-4.0,-1.1
-4.0,-4.0,-1.1
-4.0,-4.0,-1.1
-4.0,-4.0,-1.1
-4.0,-4.0,-1.1
-4.0,-4.0,-1.1
-4.0,-4.0,-1.1
-4.0,-4.0,-1.1
-4.0,-4.0,-1.1
-4.0,-4.0,-1.1
-4.0,-4.0,-1.1
-4.0,-4.0,-1.1
-4.0,-4.0,-1.1
-4.0,-4.0,-1.1
-4.0,-4.0,-1.1
-4.0,-4.0,-1.1
-4.0,-4.0,-1.1
-4.0,-4.0,-1.1
-4.0,-4.0,-1.1
-4.0,-4.0,-1.1
-4.0,-4.0,-1.1
-4.0,-4.0,-1.1
-4.0,-4.0,-1.1
-4.0,-4.0,-1.1
-4.0,-4.0,-1.1
-4.0,-4.0,-1.1
-4.0,-4.0,-1.1
-4.0,-4.0,-1.1
-4.0,-4.0,-1.1
-4.0,-4.0,-1.1
-4.0,-4.0,-1.1
-4.0,-4.0,-1.1
-4.0,-4.0,-1.1
-4.0,-4.0,-1.1
-4.0,-4.0,-1.1
-4.0,-4.0,-1.1
-4.0,-4.0,-1.1
-4.0,-4.0,-1.1
-4.0,-4.0,-1.1
-4.0,-4.0,-1.1
-4.0,-4.0,-1.1
-4.0,-4.0,-1.1
-4.0,-4.0,-1.1
-4.0,-4.0,-1.1
-4.0,-4.0,-1.1
-4.0,-4.0,-1.1
-4.0,-4.0,-1.1
-4.0,-4.0,-1.1
-4.0,-4.0,-1.1
-4.0,-4.0,-1.1
-4.0,-4.0,-1.1
-4.0,-4.0,-1.1
-4.0,-4.0,-1.1
-4.0,-4.0,-1.1
-4.0,-4.0,-1.1
-4.0,-4.0,-1.1
-4.0,-4.0,-1.1
-4.0,-4.0,-1.1
-4.0,-4.0,-1.1
-4.0,-4.0,-1.1
-4.0,-4.0,-1.1
-4.0,-4.0,-1.1
-4.0,-4.0,-1.1
-4.0,-4.0,-1.1
-4.0,-4.0,-1.1
-4.0,-4.0,-1.1
-4.0,-4.0,-1.1
-4.0,-4.0,-1.1
-4.0,-4.0,-1.1
-4.0,-4.0,-1.1
-4.0,-4.0,-1.1
-4.0,-4.0,-1.1
-4.0,-4.0,-1.1
-4.0,-4.0,-1.1
-4.0,-4.0,-1.1
-4.0,-4.0,-1.1
-4.0,-4.0,-1.1
-4.0,-4.0,-1.1
-4.0,-4.0,-1.1
-4.0,-4.0,-1.1
-4.0,-4.0,-1.1
-4.0,-4.0,-1.1
-4.0,-4.0,-1.1
-4.0,-4.0,-1.1
-4.0,-4.0,-1.1
-4.0,-4.0,-1.1
-4.0,-4.0,-1.1
-4.0,-4.0,-1.1
-4.0,-4.0,-1.1
-4.0,-4.0,-1.1
-4.0,-4.0,-1.1
-4.0,-4.0,-1.1
-4.0,-4.0,-1.1
-4.0,-4.0,-1.1
-4.0,-4.0,-1.1
-4.0,-4.0,-1.1
-4.0,-4.0,-1.1
-4.0,-4.0,-1.1
-4.0,-4.0,-1.1
-4.0,-4.0,-1.1
-4.0,-4.0,-1.1
-4.0,-4.0,-1.1
-4.0,-4.0,-1.1
-4.0,-4.0,-1.1
-4.0,-4.0,-1.1
-4.0,-4.0,-1.1
-4.0,-4.0,-1.1
-4.0,-4.0,-1.1
-4.0,-4.0,-1.1
-4.0,-4.0,-1.1
-4.0,-4.0,-1.1
-4.0,-4.0,-1.1
-4.0,-4.0,-1.1
-4.0,-4.0,-1.1
-4.0,-4.0,-1.1
-4.0,-4.0,-1.1
-4.0,-4.0,-1.1
-4.0,-4.0,-1.1
-4.0,-4.0,-1.1
-4.0,-4.0,-1.1
-4.0,-4.0,-1.1
-4.0,-4.0,-1.1
-4.0,-4.0,-1.1
-4.0,-4.0,-1.1
-4.0,-4.0,-1.1
-4.0,-4.0,-1.1
-4.0,-4.0,-1.1
-4.0,-4.0,-1.1
-4.0,-4.0,-1.1
-4.0,-4.0,-1.1
-4.0,-4.0,-1.1
-4.0,-4.0,-1.1
-4.0,-4.0,-1.1
-4.0,-4.0,-1.1
-4.0,-4.0,-1.1
-4.0,-4.0,-1.1
-4.0,-4.0,-1.1
-4.0,-4.0,-1.1
-4.0,-4.0,-1.1
-4.0,-4.0,-1.1
-4.0,-4.0,-1.1
-4.0,-4.0,-1.1
-4.0,-4.0,-1.1
-4.0,-4.0,-1.1
-4.0,-4.0,-1.1
-4.0,-4.0,-1.1
-4.0,-4.0,-1.1
-4.0,-4.0,-1.1
-4.0,-4.0,-1.1
-4.0,-4.0,-1.1
-4.0,-4.0,-1.1
-4.0,-4.0,-1.1
-4.0,-4.0,-1.1
-4.0,-4.0,-1.1
-4.0,-4.0,-1.1
-4.0,-4.0,-1.1
-4.0,-4.0,-1.1
-4.0,-4.0,-1.1
-4.0,-4.0,-1.1
-4.0,-4.0,-1.1
-4.0,-4.0,-1.1
-4.0,-4.0,-1.1
-4.0,-4.0,-1.1
-4.0,-4.0,-1.1
-4.0,-4.0,-1.1
-4.0,-4.0,-1.1
-4.0,-4.0,-1.1
-4.0,-4.0,-1.1
-4.0,-4.0,-1.1
-4.0,-4.0,-1.1
-4.0,-4.0,-1.1
-4.0,-4.0,-1.1
-4.0,-4.0,-1.1
-4.0,-4.0,-1.1
-4.0,-4.0,-1.1
-4.0,-4.0,-1.1
-4.0,-4.0,-1.1
-4.0,-4.0,-1.1
-4.0,-4.0,-1.1
-4.0,-4.0,-1.1
-4.0,-4.0,-1.1
-4.0,-4.0,-1.1
-4.0,-4.0,-1.1
-4.0,-4.0,-1.1
-4.0,-4.0,-1.1
-4.0,-4.0,-1.1
-4.0,-4.0,-1.1
-4.0,-4.0,-1.1
-4.0,-4.0,-1.1
-4.0,-4.0,-1.1
-4.0,-4.0,-1.1
-4.0,-4.0,-1.1
-4.0,-4.0,-1.1
-4.0,-4.0,-1.1
-4.0,-4.0,-1.1
-4.0,-4.0,-1.1
-4.0,-4.0,-1.1
-4.0,-4.0,-1.1
-4.0,-4.0,-1.1
-4.0,-4.0,-1.1
-4.0,-4.0,-1.1
-4.0,-4.0,-1.1
-4.0,-4.0,-1.1
-4.0,-4.0,-1.1
-4.0,-4.0,-1.1
-4.0,-4.0,-1.1
-4.0,-4.0,-1.1
-4.0,-4.0,-1.1
-4.0,-4.0,-1.1
-4.0,-4.0,-1.1
-4.0,-4.0,-1.1
-4.0,-4.0,-1.1
-4.0,-4.0,-1.1
-4.0,-4.0,-1.1
-4.0,-4.0,-1.1
-4.0,-4.0,-1.1
-4.0,-4.0,-1.1
-4.0,-4.0,-1.1
-4.0,-4.0,-1.1
-4.0,-4.0,-1.1
-4.0,-4.0,-1.1
-4.0,-4.0,-1.1
-4.0,-4.0,-1.1
-4.0,-4.0,-1.1
-4.0,-4.0,-1.1
-4.0,-4.0,-1.1
-4.0,-4.0,-1.1
-4.0,-4.0,-1.1
-4.0,-4.0,-1.1
-4.0,-4.0,-1.1
-4.0,-4.0,-1.1
-4.0,-4.0,-1.1
-4.0,-4.0,-1.1
-4.0,-4.0,-1.1
-4.0,-4.0,-1.1
-4.0,-4.0,-1.1
-4.0,-4.0,-1.1
-4.0,-4.0,-1.1
-4.0,-4.0,-1.1
-4.0,-4.0,-1.1
-4.0,-4.0,-1.1
-4.0,-4.0,-1.1
-4.0,-4.0,-1.1
-4.0,-4.0,-1.1
-4.0,-4.0,-1.1
-4.0,-4.0,-1.1
-4.0,-4.0,-1.1
-4.0,-4.0,-1.1
-4.0,-4.0,-1.1
-4.0,-4.0,-1.1
-4.0,-4.0,-1.1
-4.0,-4.0,-1.1
-4.0,-4.0,-1.1
-4.0,-4.0,-1.1
-4.0,-4.0,-1.1
-4.0,-4.0,-1.1
-4.0,-4.0,-1.1
-4.0,-4.0,-1.1
-4.0,-4.0,-1.1
-4.0,-4.0,-1.1
-4.0,-4.0,-1.1
-4.0,-4.0,-1.1
-4.0,-4.0,-1.1
-4.0,-4.0,-1.1
-4.0,-4.0,-1.1
-4.0,-4.0,-1.1
-4.0,-4.0,-1.1
-4.0,-4.0,-1.1
-4.0,-4.0,-1.1
-4.0,-4.0,-1.1
-4.0,-4.0,-1.1
-4.0,-4.0,-1.1
-4.0,-4.0,-1.1
-4.0,-4.0,-1.1
-4.0,-4.0,-1.1
-4.0,-4.0,-1.1
-4.0,-4.0,-1.1
-4.0,-4.0,-1.1
-4.0,-4.0,-1.1
-4.0,-4.0,-1.1
-4.0,-4.0,-1.1
-4.0,-4.0,-1.1
-4.0,-4.0,-1.1
-4.0,-4.0,-1.1
-4.0,-4.0,-1.1
-4.0,-4.0,-1.1
-4.0,-4.0,-1.1
-4.0,-4.0,-1.1
-4.0,-4.0,-1.1
-4.0,-4.0,-1.1
-4.0,-4.0,-1.1
-4.0,-4.0,-1.1
-4.0,-4.0,-1.1
-4.0,-4.0,-1.1
-4.0,-4.0,-1.1
-4.0,-4.0,-1.1
-4.0,-4.0,-1.1
-4.0,-4.0,-1.1
-4.0,-4.0,-1.1
-4.0,-4.0,-1.1
-4.0,-4.0,-1.1
-4.0,-4.0,-1.1
-4.0,-4.0,-1.1
-4.0,-4.0,-1.1
-4.0,-4.0,-1.1
-4.0,-4.0,-1.1
-4.0,-4.0,-1.1
-4.0,-4.0,-1.1
-4.0,-4.0,-1.1
-4.0,-4.0,-1.1
-4.0,-4.0,-1.1
-4.0,-4.0,-1.1
-4.0,-4.0,-1.1
-4.0,-4.0,-1.1
-4.0,-4.0,-1.1
-4.0,-4.0,-1.1
-4.0,-4.0,-1.1
-4.0,-4.0,-1.1
-4.0,-4.0,-1.1
-4.0,-4.0,-1.1
-4.0,-4.0,-1.1
-4.0,-4.0,-1.1
-4.0,-4.0,-1.1
-4.0,-4.0,-1.1
-4.0,-4.0,-1.1
-4.0,-4.0,-1.1
-4.0,-4.0,-1.1
-4.0,-4.0,-1.1
-4.0,-4.0,-1.1
-4.0,-4.0,-1.1
-4.0,-4.0,-1.1
-4.0,-4.0,-1.1
-4.0,-4.0,-1.1
-4.0,-4.0,-1.1
-4.0,-4.0,-1.1
-4.0,-4.0,-1.1
-4.0,-4.0,-1.1
-4.0,-4.0,-1.1
-4.0,-4.0,-1.1
-4.0,-4.0,-1.1
-4.0,-4.0,-1.1
-4.0,-4.0,-1.1
-4.0,-4.0,-1.1
-4.0,-4.0,-1.1
-4.0,-4.0,-1.1
-4.0,-4.0,-1.1
-4.0,-4.0,-1.1
-4.0,-4.0,-1.1
-4.0,-4.0,-1.1
-4.0,-4.0,-1.1
-4.0,-4.0,-1.1
-4.0,-4.0,-1.1
-4.0,-4.0,-1.1
-4.0,-4.0,-1.1
-4.0,-4.0,-1.1
-4.0,-4.0,-1.1
-4.0,-4.0,-1.1
-4.0,-4.0,-1.1
-4.0,-4.0,-1.1
-4.0,-4.0,-1.1
-4.0,-4.0,-1.1
-4.0,-4.0,-1.1
-4.0,-4.0,-1.1
-4.0,-4.0,-1.1
-4.0,-4.0,-1.1
-4.0,-4.0,-1.1
-4.0,-4.0,-1.1
-4.0,-4.0,-1.1
-4.0,-4.0,-1.1
-4.0,-4.0,-1.1
-4.0,-4.0,-1.1
-4.0,-4.0,-1.1
-4.0,-4.0,-1.1
-4.0,-4.0,-1.1
-4.0,-4.0,-1.1
-4.0,-4.0,-1.1
-4.0,-4.0,-1.1
-4.0,-4.0,-1.1
-4.0,-4.0,-1.1
-4.0,-4.0,-1.1
-4.0,-4.0,-1.1
-4.0,-4.0,-1.1
-4.0,-4.0,-1.1
-4.0,-4.0,-1.1
-4.0,-4.0,-1.1
-4.0,-4.0,-1.1
-4.0,-4.0,-1.1
-4.0,-4.0,-1.1
-4.0,-4.0,-1.1
-4.0,-4.0,-1.1
-4.0,-4.0,-1.1
-4.0,-4.0,-1.1
-4.0,-4.0,-1.1
-4.0,-4.0,-1.1
-4.0,-4.0,-1.1
-4.0,-4.0,-1.1
-4.0,-4.0,-1.1
-4.0,-4.0,-1.1
-4.0,-4.0,-1.1
-4.0,-4.0,-1.1
-4.0,-4.0,-1.1
-4.0,-4.0,-1.1
-4.0,-4.0,-1.1
-4.0,-4.0,-1.1
-4.0,-4.0,-1.1
-4.0,-4.0,-1.1
-4.0,-4.0,-1.1
-4.0,-4.0,-1.1
-4.0,-4.0,-1.1
-4.0,-4.0,-1.1
-4.0,-4.0,-1.1
-4.0,-4.0,-1.1
-4.0,-4.0,-1.1
-4.0,-4.0,-1.1
-4.0,-4.0,-1.1
-4.0,-4.0,-1.1
-4.0,-4.0,-1.1
-4.0,-4.0,-1.1
-4.0,-4.0,-1.1
-4.0,-4.0,-1.1
-4.0,-4.0,-1.1
-4.0,-4.0,-1.1
-4.0,-4.0,-1.1
-4.0,-4.0,-1.1
-4.0,-4.0,-1.1
-4.0,-4.0,-1.1
-4.0,-4.0,-1.1
-4.0,-4.0,-1.1
-4.0,-4.0,-1.1
-4.0,-4.0,-1.1
-4.0,-4.0,-1.1
-4.0,-4.0,-1.1
-4.0,-4.0,-1.1
-4.0,-4.0,-1.1
-4.0,-4.0,-1.1
-4.0,-4.0,-1.1
-4.0,-4.0,-1.1
-4.0,-4.0,-1.1
-4.0,-4.0,-1.1
-4.0,-4.0,-1.1
-4.0,-4.0,-1.1
-4.0,-4.0,-1.1
-4.0,-4.0,-1.1
-4.0,-4.0,-1.1
-4.0,-4.0,-1.1
-4.0,-4.0,-1.1
-4.0,-4.0,-1.1
-4.0,-4.0,-1.1
-4.0,-4.0,-1.1
-4.0,-4.0,-1.1
-4.0,-4.0,-1.1
-4.0,-4.0,-1.1
-4.0,-4.0,-1.1
-4.0,-4.0,-1.1
-4.0,-4.0,-1.1
-4.0,-4.0,-1.1
-4.0,-4.0,-1.1
-4.0,-4.0,-1.1
-4.0,-4.0,-1.1
-4.0,-4.0,-1.1
-4.0,-4.0,-1.1
-4.0,-4.0,-1.1
-4.0,-4.0,-1.1
-4.0,-4.0,-1.1
-4.0,-4.0,-1.1
-4.0,-4.0,-1.1
-4.0,-4.0,-1.1
-4.0,-4.0,-1.1
-4.0,-4.0,-1.1
-4.0,-4.0,-1.1
-4.0,-4.0,-1.1
-4.0,-4.0,-1.1
-4.0,-4.0,-1.1
-4.0,-4.0,-1.1
-4.0,-4.0,-1.1
-4.0,-4.0,-1.1
-4.0,-4.0,-1.1
-4.0,-4.0,-1.1
-4.0,-4.0,-1.1
-4.0,-4.0,-1.1
-4.0,-4.0,-1.1
-4.0,-4.0,-1.1
-4.0,-4.0,-1.1
-4.0,-4.0,-1.1
-4.0,-4.0,-1.1
-4.0,-4.0,-1.1
-4.0,-4.0,-1.1
-4.0,-4.0,-1.1
-4.0,-4.0,-1.1
-4.0,-4.0,-1.1
-4.0,-4.0,-1.1
-4.0,-4.0,-1.1
-4.0,-4.0,-1.1
-4.0,-4.0,-1.1
-4.0,-4.0,-1.1
-4.0,-4.0,-1.1
-4.0,-4.0,-1.1
-4.0,-4.0,-1.1
-4.0,-4.0,-1.1
-4.0,-4.0,-1.1
-4.0,-4.0,-1.1
-4.0,-4.0,-1.1
-4.0,-4.0,-1.1
-4.0,-4.0,-1.1
-4.0,-4.0,-1.1
-4.0,-4.0,-1.1
-4.0,-4.0,-1.1
-4.0,-4.0,-1.1
-4.0,-4.0,-1.1
-4.0,-4.0,-1.1
-4.0,-4.0,-1.1
-4.0,-4.0,-1.1
-4.0,-4.0,-1.1
-4.0,-4.0,-1.1
-4.0,-4.0,-1.1
-4.0,-4.0,-1.1
-4.0,-4.0,-1.1
-4.0,-4.0,-1.1
-4.0,-4.0,-1.1
-4.0,-4.0,-1.1
-4.0,-4.0,-1.1
-4.0,-4.0,-1.1
-4.0,-4.0,-1.1
-4.0,-4.0,-1.1
-4.0,-4.0,-1.1
-4.0,-4.0,-1.1
-4.0,-4.0,-1.1
-4.0,-4.0,-1.1
-4.0,-4.0,-1.1
-4.0,-4.0,-1.1
-4.0,-4.0,-1.1
-4.0,-4.0,-1.1
-4.0,-4.0,-1.1
-4.0,-4.0,-1.1
-4.0,-4.0,-1.1
-4.0,-4.0,-1.1
-4.0,-4.0,-1.1
-4.0,-4.0,-1.1
-4.0,-4.0,-1.1
-4.0,-4.0,-1.1
-4.0,-4.0,-1.1
-4.0,-4.0,-1.1
-4.0,-4.0,-1.1
-4.0,-4.0,-1.1
-4.0,-4.0,-1.1
-4.0,-4.0,-1.1
-4.0,-4.0,-1.1
-4.0,-4.0,-1.1
-4.0,-4.0,-1.1
-4.0,-4.0,-1.1
-4.0,-4.0,-1.1
-4.0,-4.0,-1.1
-4.0,-4.0,-1.1
-4.0,-4.0,-1.1
-4.0,-4.0,-1.1
-4.0,-4.0,-1.1
-4.0,-4.0,-1.1
-4.0,-4.0,-1.1
-4.0,-4.0,-1.1
-4.0,-4.0,-1.1
-4.0,-4.0,-1.1
-4.0,-4.0,-1.1
-4.0,-4.0,-1.1
-4.0,-4.0,-1.1
-4.0,-4.0,-1.1
-4.0,-4.0,-1.1
-4.0,-4.0,-1.1
-4.0,-4.0,-1.1
-4.0,-4.0,-1.1
-4.0,-4.0,-1.1
-4.0,-4.0,-1.1
-4.0,-4.0,-1.1
-4.0,-4.0,-1.1
-4.0,-4.0,-1.1
-4.0,-4.0,-1.1
-4.0,-4.0,-1.1
-4.0,-4.0,-1.1
-4.0,-4.0,-1.1
-4.0,-4.0,-1.1
-4.0,-4.0,-1.1
-4.0,-4.0,-1.1
-4.0,-4.0,-1.1
-4.0,-4.0,-1.1
-4.0,-4.0,-1.1
-4.0,-4.0,-1.1
-4.0,-4.0,-1.1
-4.0,-4.0,-1.1
-4.0,-4.0,-1.1
-4.0,-4.0,-1.1
-4.0,-4.0,-1.1
-4.0,-4.0,-1.1
-4.0,-4.0,-1.1
-4.0,-4.0,-1.1
-4.0,-4.0,-1.1
-4.0,-4.0,-1.1
-4.0,-4.0,-1.1
-4.0,-4.0,-1.1
-4.0,-4.0,-1.1
-4.0,-4.0,-1.1
-4.0,-4.0,-1.1
-4.0,-4.0,-1.1
-4.0,-4.0,-1.1
-4.0,-4.0,-1.1
-4.0,-4.0,-1.1
-4.0,-4.0,-1.1
-4.0,-4.0,-1.1
-4.0,-4.0,-1.1
-4.0,-4.0,-1.1
-4.0,-4.0,-1.1
-4.0,-4.0,-1.1
-4.0,-4.0,-1.1
-4.0,-4.0,-1.1
-4.0,-4.0,-1.1
-4.0,-4.0,-1.1
-4.0,-4.0,-1.1
-4.0,-4.0,-1.1
-4.0,-4.0,-1.1
-4.0,-4.0,-1.1
-4.0,-4.0,-1.1
-4.0,-4.0,-1.1
-4.0,-4.0,-1.1
-4.0,-4.0,-1.1
-4.0,-4.0,-1.1
-4.0,-4.0,-1.1
-4.0,-4.0,-1.1
-4.0,-4.0,-1.1
-4.0,-4.0,-1.1
-4.0,-4.0,-1.1
-4.0,-4.0,-1.1
-4.0,-4.0,-1.1
-4.0,-4.0,-1.1
-4.0,-4.0,-1.1
-4.0,-4.0,-1.1
-4.0,-4.0,-1.1
-4.0,-4.0,-1.1
-4.0,-4.0,-1.1
-4.0,-4.0,-1.1
-4.0,-4.0,-1.1
-4.0,-4.0,-1.1
-4.0,-4.0,-1.1
-4.0,-4.0,-1.1
-4.0,-4.0,-1.1
-4.0,-4.0,-1.1
-4.0,-4.0,-1.1
-4.0,-4.0,-1.1
-4.0,-4.0,-1.1
-4.0,-4.0,-1.1
-4.0,-4.0,-1.1
-4.0,-4.0,-1.1
-4.0,-4.0,-1.1
-4.0,-4.0,-1.1
-4.0,-4.0,-1.1
-4.0,-4.0,-1.1
-4.0,-4.0,-1.1
-4.0,-4.0,-1.1
-4.0,-4.0,-1.1
-4.0,-4.0,-1.1
-4.0,-4.0,-1.1
-4.0,-4.0,-1.1
-4.0,-4.0,-1.1
-4.0,-4.0,-1.1
-4.0,-4.0,-1.1
-4.0,-4.0,-1.1
-4.0,-4.0,-1.1
-4.0,-4.0,-1.1
-4.0,-4.0,-1.1
-4.0,-4.0,-1.1
-4.0,-4.0,-1.1
-4.0,-4.0,-1.1
-4.0,-4.0,-1.1
-4.0,-4.0,-1.1
-4.0,-4.0,-1.1
-4.0,-4.0,-1.1
-4.0,-4.0,-1.1
-4.0,-4.0,-1.1
-4.0,-4.0,-1.1
-4.0,-4.0,-1.1
-4.0,-4.0,-1.1
-4.0,-4.0,-1.1
-4.0,-4.0,-1.1
-4.0,-4.0,-1.1
-4.0,-4.0,-1.1
-4.0,-4.0,-1.1
-4.0,-4.0,-1.1
-4.0,-4.0,-1.1
-4.0,-4.0,-1.1
-4.0,-4.0,-1.1
-4.0,-4.0,-1.1
-4.0,-4.0,-1.1
-4.0,-4.0,-1.1
-4.0,-4.0,-1.1
-4.0,-4.0,-1.1
-4.0,-4.0,-1.1
-4.0,-4.0,-1.1
-4.0,-4.0,-1.1
-4.0,-4.0,-1.1
-4.0,-4.0,-1.1
-4.0,-4.0,-1.1
-4.0,-4.0,-1.1
-4.0,-4.0,-1.1
-4.0,-4.0,-1.1
-4.0,-4.0,-1.1
-4.0,-4.0,-1.1
-4.0,-4.0,-1.1
-4.0,-4.0,-1.1
-4.0,-4.0,-1.1
-4.0,-4.0,-1.1
-4.0,-4.0,-1.1
-4.0,-4.0,-1.1
-4.0,-4.0,-1.1
-4.0,-4.0,-1.1
-4.0,-4.0,-1.1
-4.0,-4.0,-1.1
-4.0,-4.0,-1.1
-4.0,-4.0,-1.1
-4.0,-4.0,-1.1
-4.0,-4.0,-1.1
-4.0,-4.0,-1.1
-4.0,-4.0,-1.1
-4.0,-4.0,-1.1
-4.0,-4.0,-1.1
-4.0,-4.0,-1.1
-4.0,-4.0,-1.1
-4.0,-4.0,-1.1
-4.0,-4.0,-1.1
-4.0,-4.0,-1.1
-4.0,-4.0,-1.1
-4.0,-4.0,-1.1
-4.0,-4.0,-1.1
-4.0,-4.0,-1.1
-4.0,-4.0,-1.1
-4.0,-4.0,-1.1
-4.0,-4.0,-1.1
-4.0,-4.0,-1.1
-4.0,-4.0,-1.1
-4.0,-4.0,-1.1
-4.0,-4.0,-1.1
-4.0,-4.0,-1.1
-4.0,-4.0,-1.1
-4.0,-4.0,-1.1
-4.0,-4.0,-1.1
-4.0,-4.0,-1.1
-4.0,-4.0,-1.1
-4.0,-4.0,-1.1
-4.0,-4.0,-1.1
-4.0,-4.0,-1.1
-4.0,-4.0,-1.1
-4.0,-4.0,-1.1
-4.0,-4.0,-1.1
-4.0,-4.0,-1.1
-4.0,-4.0,-1.1
-4.0,-4.0,-1.1
-4.0,-4.0,-1.1
-4.0,-4.0,-1.1
-4.0,-4.0,-1.1
-4.0,-4.0,-1.1
-4.0,-4.0,-1.1
-4.0,-4.0,-1.1
-4.0,-4.0,-1.1
-4.0,-4.0,-1.1
-4.0,-4.0,-1.1
-4.0,-4.0,-1.1
-4.0,-4.0,-1.1
-4.0,-4.0,-1.1
-4.0,-4.0,-1.1
-4.0,-4.0,-1.1
-4.0,-4.0,-1.1
-4.0,-4.0,-1.1
-4.0,-4.0,-1.1
-4.0,-4.0,-1.1
-4.0,-4.0,-1.1
-4.0,-4.0,-1.1
-4.0,-4.0,-1.1
-4.0,-4.0,-1.1
-4.0,-4.0,-1.1
-4.0,-4.0,-1.1
-4.0,-4.0,-1.1
-4.0,-4.0,-1.1
-4.0,-4.0,-1.1
-4.0,-4.0,-1.1
-4.0,-4.0,-1.1
-4.0,-4.0,-1.1
-4.0,-4.0,-1.1
-4.0,-4.0,-1.1
-4.0,-4.0,-1.1
-4.0,-4.0,-1.1
-4.0,-4.0,-1.1
-4.0,-4.0,-1.1
-4.0,-4.0,-1.1
-4.0,-4.0,-1.1
-4.0,-4.0,-1.1
-4.0,-4.0,-1.1
-4.0,-4.0,-1.1
-4.0,-4.0,-1.1
-4.0,-4.0,-1.1
-4.0,-4.0,-1.1
-4.0,-4.0,-1.1
-4.0,-4.0,-1.1
-4.0,-4.0,-1.1
-4.0,-4.0,-1.1
-4.0,-4.0,-1.1
-4.0,-4.0,-1.1
-4.0,-4.0,-1.1
-4.0,-4.0,-1.1
-4.0,-4.0,-1.1
-4.0,-4.0,-1.1
-4.0,-4.0,-1.1
-4.0,-4.0,-1.1
-4.0,-4.0,-1.1
-4.0,-4.0,-1.1
-4.0,-4.0,-1.1
-4.0,-4.0,-1.1
-4.0,-4.0,-1.1
-4.0,-4.0,-1.1
-4.0,-4.0,-1.1
-4.0,-4.0,-1.1
-4.0,-4.0,-1.1
-4.0,-4.0,-1.1
-4.0,-4.0,-1.1
-4.0,-4.0,-1.1
-4.0,-4.0,-1.1
-4.0,-4.0,-1.1
-4.0,-4.0,-1.1
-4.0,-4.0,-1.1
-4.0,-4.0,-1.1
-4.0,-4.0,-1.1
-4.0,-4.0,-1.1
-4.0,-4.0,-1.1
-4.0,-4.0,-1.1
-4.0,-4.0,-1.1
-4.0,-4.0,-1.1
-4.0,-4.0,-1.1
-4.0,-4.0,-1.1
-4.0,-4.0,-1.1
-4.0,-4.0,-1.1
-4.0,-4.0,-1.1
-4.0,-4.0,-1.1
-4.0,-4.0,-1.1
-4.0,-4.0,-1.1
-4.0,-4.0,-1.1
-4.0,-4.0,-1.1
-4.0,-4.0,-1.1
-4.0,-4.0,-1.1
-4.0,-4.0,-1.1
-4.0,-4.0,-1.1
-4.0,-4.0,-1.1
-4.0,-4.0,-1.1
-4.0,-4.0,-1.1
-4.0,-4.0,-1.1
-4.0,-4.0,-1.1
-4.0,-4.0,-1.1
-4.0,-4.0,-1.1
-4.0,-4.0,-1.1
-4.0,-4.0,-1.1
-4.0,-4.0,-1.1
-4.0,-4.0,-1.1
-4.0,-4.0,-1.1
-4.0,-4.0,-1.1
-4.0,-4.0,-1.1
-4.0,-4.0,-1.1
-4.0,-4.0,-1.1
-4.0,-4.0,-1.1
-4.0,-4.0,-1.1
-4.0,-4.0,-1.1
-4.0,-4.0,-1.1
-4.0,-4.0,-1.1
-4.0,-4.0,-1.1
-4.0,-4.0,-1.1
-4.0,-4.0,-1.1
-4.0,-4.0,-1.1
-4.0,-4.0,-1.1
-4.0,-4.0,-1.1
-4.0,-4.0,-1.1
-4.0,-4.0,-1.1
-4.0,-4.0,-1.1
-4.0,-4.0,-1.1
-4.0,-4.0,-1.1
-4.0,-4.0,-1.1
-4.0,-4.0,-1.1
-4.0,-4.0,-1.1
-4.0,-4.0,-1.1
-4.0,-4.0,-1.1
-4.0,-4.0,-1.1
-4.0,-4.0,-1.1
-4.0,-4.0,-1.1
-4.0,-4.0,-1.1
-4.0,-4.0,-1.1
-4.0,-4.0,-1.1
-4.0,-4.0,-1.1
-4.0,-4.0,-1.1
-4.0,-4.0,-1.1
-4.0,-4.0,-1.1
-4.0,-4.0,-1.1
-4.0,-4.0,-1.1
-4.0,-4.0,-1.1
-4.0,-4.0,-1.1
-4.0,-4.0,-1.1
-4.0,-4.0,-1.1
-4.0,-4.0,-1.1
-4.0,-4.0,-1.1
-4.0,-4.0,-1.1
-4.0,-4.0,-1.1
-4.0,-4.0,-1.1
-4.0,-4.0,-1.1
-4.0,-4.0,-1.1
-4.0,-4.0,-1.1
-4.0,-4.0,-1.1
-4.0,-4.0,-1.1
-4.0,-4.0,-1.1
-4.0,-4.0,-1.1
-4.0,-4.0,-1.1
-4.0,-4.0,-1.1
-4.0,-4.0,-1.1
-4.0,-4.0,-1.1
-4.0,-4.0,-1.1
-4.0,-4.0,-1.1
-4.0,-4.0,-1.1
-4.0,-4.0,-1.1
-4.0,-4.0,-1.1
-4.0,-4.0,-1.1
-4.0,-4.0,-1.1
-4.0,-4.0,-1.1
-4.0,-4.0,-1.1
-4.0,-4.0,-1.1
-4.0,-4.0,-1.1
-4.0,-4.0,-1.1
-4.0,-4.0,-1.1
-4.0,-4.0,-1.1
-4.0,-4.0,-1.1
-4.0,-4.0,-1.1
-4.0,-4.0,-1.1
-4.0,-4.0,-1.1
-4.0,-4.0,-1.1
-4.0,-4.0,-1.1
-4.0,-4.0,-1.1
-4.0,-4.0,-1.1
-4.0,-4.0,-1.1
-4.0,-4.0,-1.1
-4.0,-4.0,-1.1
-4.0,-4.0,-1.1
-4.0,-4.0,-1.1
-4.0,-4.0,-1.1
-4.0,-4.0,-1.1
-4.0,-4.0,-1.1
-4.0,-4.0,-1.1
-4.0,-4.0,-1.1
-4.0,-4.0,-1.1
-4.0,-4.0,-1.1
-4.0,-4.0,-1.1
-4.0,-4.0,-1.1
-4.0,-4.0,-1.1
-4.0,-4.0,-1.1
-4.0,-4.0,-1.1
-4.0,-4.0,-1.1
-4.0,-4.0,-1.1
-4.0,-4.0,-1.1
-4.0,-4.0,-1.1
-4.0,-4.0,-1.1
-4.0,-4.0,-1.1
-4.0,-4.0,-1.1
-4.0,-4.0,-1.1
-4.0,-4.0,-1.1
-4.0,-4.0,-1.1
-4.0,-4.0,-1.1
-4.0,-4.0,-1.1
-4.0,-4.0,-1.1
-4.0,-4.0,-1.1
-4.0,-4.0,-1.1
-4.0,-4.0,-1.1
-4.0,-4.0,-1.1
-4.0,-4.0,-1.1
-4.0,-4.0,-1.1
-4.0,-4.0,-1.1
-4.0,-4.0,-1.1
-4.0,-4.0,-1.1
-4.0,-4.0,-1.1
-4.0,-4.0,-1.1
-4.0,-4.0,-1.1
-4.0,-4.0,-1.1
-4.0,-4.0,-1.1
-4.0,-4.0,-1.1
-4.0,-4.0,-1.1
-4.0,-4.0,-1.1
-4.0,-4.0,-1.1
-4.0,-4.0,-1.1
-4.0,-4.0,-1.1
-4.0,-4.0,-1.1
-4.0,-4.0,-1.1
-4.0,-4.0,-1.1
-4.0,-4.0,-1.1
-4.0,-4.0,-1.1
-4.0,-4.0,-1.1
-4.0,-4.0,-1.1
-4.0,-4.0,-1.1
-4.0,-4.0,-1.1
-4.0,-4.0,-1.1
-4.0,-4.0,-1.1
-4.0,-4.0,-1.1
-4.0,-4.0,-1.1
-4.0,-4.0,-1.1
-4.0,-4.0,-1.1
-4.0,-4.0,-1.1
-4.0,-4.0,-1.1
-4.0,-4.0,-1.1
-4.0,-4.0,-1.1
-4.0,-4.0,-1.1
-4.0,-4.0,-1.1
-4.0,-4.0,-1.1
-4.0,-4.0,-1.1
-4.0,-4.0,-1.1
-4.0,-4.0,-1.1
-4.0,-4.0,-1.1
-4.0,-4.0,-1.1
-4.0,-4.0,-1.1
-4.0,-4.0,-1.1
-4.0,-4.0,-1.1
-4.0,-4.0,-1.1
-4.0,-4.0,-1.1
-4.0,-4.0,-1.1
-4.0,-4.0,-1.1
-4.0,-4.0,-1.1
-4.0,-4.0,-1.1
-4.0,-4.0,-1.1
-4.0,-4.0,-1.1
-4.0,-4.0,-1.1
-4.0,-4.0,-1.1
-4.0,-4.0,-1.1
-4.0,-4.0,-1.1
-4.0,-4.0,-1.1
-4.0,-4.0,-1.1
-4.0,-4.0,-1.1
-4.0,-4.0,-1.1
-4.0,-4.0,-1.1
-4.0,-4.0,-1.1
-4.0,-4.0,-1.1
-4.0,-4.0,-1.1
-4.0,-4.0,-1.1
-4.0,-4.0,-1.1
-4.0,-4.0,-1.1
-4.0,-4.0,-1.1
-4.0,-4.0,-1.1
-4.0,-4.0,-1.1
-4.0,-4.0,-1.1
-4.0,-4.0,-1.1
-4.0,-4.0,-1.1
-4.0,-4.0,-1.1
-4.0,-4.0,-1.1
-4.0,-4.0,-1.1
-4.0,-4.0,-1.1
-4.0,-4.0,-1.1
-4.0,-4.0,-1.1
-4.0,-4.0,-1.1
-4.0,-4.0,-1.1
-4.0,-4.0,-1.1
-4.0,-4.0,-1.1
-4.0,-4.0,-1.1
-4.0,-4.0,-1.1
-4.0,-4.0,-1.1
-4.0,-4.0,-1.1
-4.0,-4.0,-1.1
-4.0,-4.0,-1.1
-4.0,-4.0,-1.1
-4.0,-4.0,-1.1
-4.0,-4.0,-1.1
-4.0,-4.0,-1.1
-4.0,-4.0,-1.1
-4.0,-4.0,-1.1
-4.0,-4.0,-1.1
-4.0,-4.0,-1.1
-4.0,-4.0,-1.1
-4.0,-4.0,-1.1
-4.0,-4.0,-1.1
-4.0,-4.0,-1.1
-4.0,-4.0,-1.1
-4.0,-4.0,-1.1
-4.0,-4.0,-1.1
-4.0,-4.0,-1.1
-4.0,-4.0,-1.1
-4.0,-4.0,-1.1
-4.0,-4.0,-1.1
-4.0,-4.0,-1.1
-4.0,-4.0,-1.1
-4.0,-4.0,-1.1
-4.0,-4.0,-1.1
-4.0,-4.0,-1.1
-4.0,-4.0,-1.1
-4.0,-4.0,-1.1
-4.0,-4.0,-1.1
-4.0,-4.0,-1.1
-4.0,-4.0,-1.1
-4.0,-4.0,-1.1
-4.0,-4.0,-1.1
-4.0,-4.0,-1.1
-4.0,-4.0,-1.1
-4.0,-4.0,-1.1
-4.0,-4.0,-1.1
-4.0,-4.0,-1.1
-4.0,-4.0,-1.1
-4.0,-4.0,-1.1
-4.0,-4.0,-1.1
-4.0,-4.0,-1.1
-4.0,-4.0,-1.1
-4.0,-4.0,-1.1
-4.0,-4.0,-1.1
-4.0,-4.0,-1.1
-4.0,-4.0,-1.1
-4.0,-4.0,-1.1
-4.0,-4.0,-1.1
-4.0,-4.0,-1.1
-4.0,-4.0,-1.1
-4.0,-4.0,-1.1
-4.0,-4.0,-1.1
-4.0,-4.0,-1.1
-4.0,-4.0,-1.1
-4.0,-4.0,-1.1
-4.0,-4.0,-1.1
-4.0,-4.0,-1.1
-4.0,-4.0,-1.1
-4.0,-4.0,-1.1
-4.0,-4.0,-1.1
-4.0,-4.0,-1.1
-4.0,-4.0,-1.1
-4.0,-4.0,-1.1
-4.0,-4.0,-1.1
-4.0,-4.0,-1.1
-4.0,-4.0,-1.1
-4.0,-4.0,-1.1
-4.0,-4.0,-1.1
-4.0,-4.0,-1.1
-4.0,-4.0,-1.1
-4.0,-4.0,-1.1
-4.0,-4.0,-1.1
-4.0,-4.0,-1.1
-4.0,-4.0,-1.1
-4.0,-4.0,-1.1
-4.0,-4.0,-1.1
-4.0,-4.0,-1.1
-4.0,-4.0,-1.1
-4.0,-4.0,-1.1
-4.0,-4.0,-1.1
-4.0,-4.0,-1.1
-4.0,-4.0,-1.1
-4.0,-4.0,-1.1
-4.0,-4.0,-1.1
-4.0,-4.0,-1.1
-4.0,-4.0,-1.1
-4.0,-4.0,-1.1
-4.0,-4.0,-1.1
-4.0,-4.0,-1.1
-4.0,-4.0,-1.1
-4.0,-4.0,-1.1
-4.0,-4.0,-1.1
-4.0,-4.0,-1.1
-4.0,-4.0,-1.1
-4.0,-4.0,-1.1
-4.0,-4.0,-1.1
-4.0,-4.0,-1.1
-4.0,-4.0,-1.1
-4.0,-4.0,-1.1
-4.0,-4.0,-1.1
-4.0,-4.0,-1.1
-4.0,-4.0,-1.1
-4.0,-4.0,-1.1
-4.0,-4.0,-1.1
-4.0,-4.0,-1.1
-4.0,-4.0,-1.1
-4.0,-4.0,-1.1
-4.0,-4.0,-1.1
-4.0,-4.0,-1.1
-4.0,-4.0,-1.1
-4.0,-4.0,-1.1
-4.0,-4.0,-1.1
-4.0,-4.0,-1.1
-4.0,-4.0,-1.1
-4.0,-4.0,-1.1
-4.0,-4.0,-1.1
-4.0,-4.0,-1.1
-4.0,-4.0,-1.1
-4.0,-4.0,-1.1
-4.0,-4.0,-1.1
-4.0,-4.0,-1.1
-4.0,-4.0,-1.1
-4.0,-4.0,-1.1
-4.0,-4.0,-1.1
-4.0,-4.0,-1.1
-4.0,-4.0,-1.1
-4.0,-4.0,-1.1
-4.0,-4.0,-1.1
-4.0,-4.0,-1.1
-4.0,-4.0,-1.1
-4.0,-4.0,-1.1
-4.0,-4.0,-1.1
-4.0,-4.0,-1.1
-4.0,-4.0,-1.1
-4.0,-4.0,-1.1
-4.0,-4.0,-1.1
-4.0,-4.0,-1.1
-4.0,-4.0,-1.1
-4.0,-4.0,-1.1
-4.0,-4.0,-1.1
-4.0,-4.0,-1.1
-4.0,-4.0,-1.1
-4.0,-4.0,-1.1
-4.0,-4.0,-1.1
-4.0,-4.0,-1.1
-4.0,-4.0,-1.1
-4.0,-4.0,-1.1
-4.0,-4.0,-1.1
-4.0,-4.0,-1.1
-4.0,-4.0,-1.1
-4.0,-4.0,-1.1
-4.0,-4.0,-1.1
-4.0,-4.0,-1.1
-4.0,-4.0,-1.1
-4.0,-4.0,-1.1
-4.0,-4.0,-1.1
-4.0,-4.0,-1.1
-4.0,-4.0,-1.1
-4.0,-4.0,-1.1
-4.0,-4.0,-1.1
-4.0,-4.0,-1.1
-4.0,-4.0,-1.1
-4.0,-4.0,-1.1
-4.0,-4.0,-1.1
-4.0,-4.0,-1.1
-4.0,-4.0,-1.1
-4.0,-4.0,-1.1
-4.0,-4.0,-1.1
-4.0,-4.0,-1.1
-4.0,-4.0,-1.1
-4.0,-4.0,-1.1
-4.0,-4.0,-1.1
-4.0,-4.0,-1.1
-4.0,-4.0,-1.1
-4.0,-4.0,-1.1
-4.0,-4.0,-1.1
-4.0,-4.0,-1.1
-4.0,-4.0,-1.1
-4.0,-4.0,-1.1
-4.0,-4.0,-1.1
-4.0,-4.0,-1.1
-4.0,-4.0,-1.1
-4.0,-4.0,-1.1
-4.0,-4.0,-1.1
-4.0,-4.0,-1.1
-4.0,-4.0,-1.1
-4.0,-4.0,-1.1
-4.0,-4.0,-1.1
-4.0,-4.0,-1.1
-4.0,-4.0,-1.1
-4.0,-4.0,-1.1
-4.0,-4.0,-1.1
-4.0,-4.0,-1.1
-4.0,-4.0,-1.1
-4.0,-4.0,-1.1
-4.0,-4.0,-1.1
-4.0,-4.0,-1.1
-4.0,-4.0,-1.1
-4.0,-4.0,-1.1
-4.0,-4.0,-1.1
-4.0,-4.0,-1.1
-4.0,-4.0,-1.1
-4.0,-4.0,-1.1
-4.0,-4.0,-1.1
-4.0,-4.0,-1.1
-4.0,-4.0,-1.1
-4.0,-4.0,-1.1
-4.0,-4.0,-1.1
-4.0,-4.0,-1.1
-4.0,-4.0,-1.1
-4.0,-4.0,-1.1
-4.0,-4.0,-1.1
-4.0,-4.0,-1.1
-4.0,-4.0,-1.1
-4.0,-4.0,-1.1
-4.0,-4.0,-1.1
-4.0,-4.0,-1.1
-4.0,-4.0,-1.1
-4.0,-4.0,-1.1
-4.0,-4.0,-1.1
-4.0,-4.0,-1.1
-4.0,-4.0,-1.1
-4.0,-4.0,-1.1
-4.0,-4.0,-1.1
-4.0,-4.0,-1.1
-4.0,-4.0,-1.1
-4.0,-4.0,-1.1
-4.0,-4.0,-1.1
-4.0,-4.0,-1.1
-4.0,-4.0,-1.1
-4.0,-4.0,-1.1
-4.0,-4.0,-1.1
-4.0,-4.0,-1.1
-4.0,-4.0,-1.1
-4.0,-4.0,-1.1
-4.0,-4.0,-1.1
-4.0,-4.0,-1.1
-4.0,-4.0,-1.1
-4.0,-4.0,-1.1
-4.0,-4.0,-1.1
-4.0,-4.0,-1.1
-4.0,-4.0,-1.1
-4.0,-4.0,-1.1
-4.0,-4.0,-1.1
-4.0,-4.0,-1.1
-4.0,-4.0,-1.1
-4.0,-4.0,-1.1
-4.0,-4.0,-1.1
-4.0,-4.0,-1.1
-4.0,-4.0,-1.1
-4.0,-4.0,-1.1
-4.0,-4.0,-1.1
-4.0,-4.0,-1.1
-4.0,-4.0,-1.1
-4.0,-4.0,-1.1
-4.0,-4.0,-1.1
-4.0,-4.0,-1.1
-4.0,-4.0,-1.1
-4.0,-4.0,-1.1
-4.0,-4.0,-1.1
-4.0,-4.0,-1.1
-4.0,-4.0,-1.1
-4.0,-4.0,-1.1
-4.0,-4.0,-1.1
-4.0,-4.0,-1.1
-4.0,-4.0,-1.1
-4.0,-4.0,-1.1
-4.0,-4.0,-1.1
-4.0,-4.0,-1.1
-4.0,-4.0,-1.1
-4.0,-4.0,-1.1
-4.0,-4.0,-1.1
-4.0,-4.0,-1.1
-4.0,-4.0,-1.1
-4.0,-4.0,-1.1
-4.0,-4.0,-1.1
-4.0,-4.0,-1.1
-4.0,-4.0,-1.1
-4.0,-4.0,-1.1
-4.0,-4.0,-1.1
-4.0,-4.0,-1.1
-4.0,-4.0,-1.1
-4.0,-4.0,-1.1
-4.0,-4.0,-1.1
-4.0,-4.0,-1.1
-4.0,-4.0,-1.1
-4.0,-4.0,-1.1
-4.0,-4.0,-1.1
-4.0,-4.0,-1.1
-4.0,-4.0,-1.1
-4.0,-4.0,-1.1
-4.0,-4.0,-1.1
-4.0,-4.0,-1.1
-4.0,-4.0,-1.1
-4.0,-4.0,-1.1
-4.0,-4.0,-1.1
-4.0,-4.0,-1.1
-4.0,-4.0,-1.1
-4.0,-4.0,-1.1
-4.0,-4.0,-1.1
-4.0,-4.0,-1.1
-4.0,-4.0,-1.1
-4.0,-4.0,-1.1
-4.0,-4.0,-1.1
-4.0,-4.0,-1.1
-4.0,-4.0,-1.1
-4.0,-4.0,-1.1
-4.0,-4.0,-1.1
-4.0,-4.0,-1.1
-4.0,-4.0,-1.1
-4.0,-4.0,-1.1
-4.0,-4.0,-1.1
-4.0,-4.0,-1.1
-4.0,-4.0,-1.1
-4.0,-4.0,-1.1
-4.0,-4.0,-1.1
-4.0,-4.0,-1.1
-4.0,-4.0,-1.1
-4.0,-4.0,-1.1
-4.0,-4.0,-1.1
-4.0,-4.0,-1.1
-4.0,-4.0,-1.1
-4.0,-4.0,-1.1
-4.0,-4.0,-1.1
-4.0,-4.0,-1.1
-4.0,-4.0,-1.1
-4.0,-4.0,-1.1
-4.0,-4.0,-1.1
-4.0,-4.0,-1.1
-4.0,-4.0,-1.1
-4.0,-4.0,-1.1
-4.0,-4.0,-1.1
-4.0,-4.0,-1.1
-4.0,-4.0,-1.1
-4.0,-4.0,-1.1
-4.0,-4.0,-1.1
-4.0,-4.0,-1.1
-4.0,-4.0,-1.1
-4.0,-4.0,-1.1
-4.0,-4.0,-1.1
-4.0,-4.0,-1.1
-4.0,-4.0,-1.1
-4.0,-4.0,-1.1
-4.0,-4.0,-1.1
-4.0,-4.0,-1.1
-4.0,-4.0,-1.1
-4.0,-4.0,-1.1
-4.0,-4.0,-1.1
-4.0,-4.0,-1.1
-4.0,-4.0,-1.1
-4.0,-4.0,-1.1
-4.0,-4.0,-1.1
-4.0,-4.0,-1.1
-4.0,-4.0,-1.1
-4.0,-4.0,-1.1
-4.0,-4.0,-1.1
-4.0,-4.0,-1.1
-4.0,-4.0,-1.1
-4.0,-4.0,-1.1
-4.0,-4.0,-1.1
-4.0,-4.0,-1.1
-4.0,-4.0,-1.1
-4.0,-4.0,-1.1
-4.0,-4.0,-1.1
-4.0,-4.0,-1.1
-4.0,-4.0,-1.1
-4.0,-4.0,-1.1
-4.0,-4.0,-1.1
-4.0,-4.0,-1.1
-4.0,-4.0,-1.1
-4.0,-4.0,-1.1
-4.0,-4.0,-1.1
-4.0,-4.0,-1.1
-4.0,-4.0,-1.1
-4.0,-4.0,-1.1
-4.0,-4.0,-1.1
-4.0,-4.0,-1.1
-4.0,-4.0,-1.1
-4.0,-4.0,-1.1
-4.0,-4.0,-1.1
-4.0,-4.0,-1.1
-4.0,-4.0,-1.1
-4.0,-4.0,-1.1
-4.0,-4.0,-1.1
-4.0,-4.0,-1.1
-4.0,-4.0,-1.1
-4.0,-4.0,-1.1
-4.0,-4.0,-1.1
-4.0,-4.0,-1.1
-4.0,-4.0,-1.1
-4.0,-4.0,-1.1
-4.0,-4.0,-1.1
-4.0,-4.0,-1.1
-4.0,-4.0,-1.1
-4.0,-4.0,-1.1
-4.0,-4.0,-1.1
-4.0,-4.0,-1.1
-4.0,-4.0,-1.1
-4.0,-4.0,-1.1
-4.0,-4.0,-1.1
-4.0,-4.0,-1.1
-4.0,-4.0,-1.1
-4.0,-4.0,-1.1
-4.0,-4.0,-1.1
-4.0,-4.0,-1.1
-4.0,-4.0,-1.1
-4.0,-4.0,-1.1
-4.0,-4.0,-1.1
-4.0,-4.0,-1.1
-4.0,-4.0,-1.1
-4.0,-4.0,-1.1
-4.0,-4.0,-1.1
-4.0,-4.0,-1.1
-4.0,-4.0,-1.1
-4.0,-4.0,-1.1
-4.0,-4.0,-1.1
-4.0,-4.0,-1.1
-4.0,-4.0,-1.1
-4.0,-4.0,-1.1
-4.0,-4.0,-1.1
-4.0,-4.0,-1.1
-4.0,-4.0,-1.1
-4.0,-4.0,-1.1
-4.0,-4.0,-1.1
-4.0,-4.0,-1.1
-4.0,-4.0,-1.1
-4.0,-4.0,-1.1
-4.0,-4.0,-1.1
-4.0,-4.0,-1.1
-4.0,-4.0,-1.1
-4.0,-4.0,-1.1
-4.0,-4.0,-1.1
-4.0,-4.0,-1.1
-4.0,-4.0,-1.1
-4.0,-4.0,-1.1
-4.0,-4.0,-1.1
-4.0,-4.0,-1.1
-4.0,-4.0,-1.1
-4.0,-4.0,-1.1
-4.0,-4.0,-1.1
-4.0,-4.0,-1.1
-4.0,-4.0,-1.1
-4.0,-4.0,-1.1
-4.0,-4.0,-1.1
-4.0,-4.0,-1.1
-4.0,-4.0,-1.1
-4.0,-4.0,-1.1
-4.0,-4.0,-1.1
-4.0,-4.0,-1.1
-4.0,-4.0,-1.1
-4.0,-4.0,-1.1
-4.0,-4.0,-1.1
-4.0,-4.0,-1.1
-4.0,-4.0,-1.1
-4.0,-4.0,-1.1
-4.0,-4.0,-1.1
-4.0,-4.0,-1.1
-4.0,-4.0,-1.1
-4.0,-4.0,-1.1
-4.0,-4.0,-1.1
-4.0,-4.0,-1.1
-4.0,-4.0,-1.1
-4.0,-4.0,-1.1
-4.0,-4.0,-1.1
-4.0,-4.0,-1.1
-4.0,-4.0,-1.1
-4.0,-4.0,-1.1
-4.0,-4.0,-1.1
-4.0,-4.0,-1.1
-4.0,-4.0,-1.1
-4.0,-4.0,-1.1
-4.0,-4.0,-1.1
-4.0,-4.0,-1.1
-4.0,-4.0,-1.1
-4.0,-4.0,-1.1
-4.0,-4.0,-1.1
-4.0,-4.0,-1.1
-4.0,-4.0,-1.1
-4.0,-4.0,-1.1
-4.0,-4.0,-1.1
-4.0,-4.0,-1.1
-4.0,-4.0,-1.1
-4.0,-4.0,-1.1
-4.0,-4.0,-1.1
-4.0,-4.0,-1.1
-4.0,-4.0,-1.1
-4.0,-4.0,-1.1
-4.0,-4.0,-1.1
-4.0,-4.0,-1.1
-4.0,-4.0,-1.1
-4.0,-4.0,-1.1
-4.0,-4.0,-1.1
-4.0,-4.0,-1.1
-4.0,-4.0,-1.1
-4.0,-4.0,-1.1
-4.0,-4.0,-1.1
-4.0,-4.0,-1.1
-4.0,-4.0,-1.1
-4.0,-4.0,-1.1
-4.0,-4.0,-1.1
-4.0,-4.0,-1.1
-4.0,-4.0,-1.1
-4.0,-4.0,-1.1
-4.0,-4.0,-1.1
-4.0,-4.0,-1.1
-4.0,-4.0,-1.1
-4.0,-4.0,-1.1
-4.0,-4.0,-1.1
-4.0,-4.0,-1.1
-4.0,-4.0,-1.1
-4.0,-4.0,-1.1
-4.0,-4.0,-1.1
-4.0,-4.0,-1.1
-4.0,-4.0,-1.1
-4.0,-4.0,-1.1
-4.0,-4.0,-1.1
-4.0,-4.0,-1.1
-4.0,-4.0,-1.1
-4.0,-4.0,-1.1
-4.0,-4.0,-1.1
-4.0,-4.0,-1.1
-4.0,-4.0,-1.1
-4.0,-4.0,-1.1
-4.0,-4.0,-1.1
-4.0,-4.0,-1.1
-4.0,-4.0,-1.1
-4.0,-4.0,-1.1
-4.0,-4.0,-1.1
-4.0,-4.0,-1.1
-4.0,-4.0,-1.1
-4.0,-4.0,-1.1
-4.0,-4.0,-1.1
-4.0,-4.0,-1.1
-4.0,-4.0,-1.1
-4.0,-4.0,-1.1
-4.0,-4.0,-1.1
-4.0,-4.0,-1.1
-4.0,-4.0,-1.1
-4.0,-4.0,-1.1
-4.0,-4.0,-1.1
-4.0,-4.0,-1.1
-4.0,-4.0,-1.1
-4.0,-4.0,-1.1
-4.0,-4.0,-1.1
-4.0,-4.0,-1.1
-4.0,-4.0,-1.1
-4.0,-4.0,-1.1
-4.0,-4.0,-1.1
-4.0,-4.0,-1.1
-4.0,-4.0,-1.1
-4.0,-4.0,-1.1
-4.0,-4.0,-1.1
-4.0,-4.0,-1.1
-4.0,-4.0,-1.1
-4.0,-4.0,-1.1
-4.0,-4.0,-1.1
-4.0,-4.0,-1.1
-4.0,-4.0,-1.1
-4.0,-4.0,-1.1
-4.0,-4.0,-1.1
-4.0,-4.0,-1.1
-4.0,-4.0,-1.1
-4.0,-4.0,-1.1
-4.0,-4.0,-1.1
-4.0,-4.0,-1.1
-4.0,-4.0,-1.1
-4.0,-4.0,-1.1
-4.0,-4.0,-1.1
-4.0,-4.0,-1.1
-4.0,-4.0,-1.1
-4.0,-4.0,-1.1
-4.0,-4.0,-1.1
-4.0,-4.0,-1.1
-4.0,-4.0,-1.1
-4.0,-4.0,-1.1
-4.0,-4.0,-1.1
-4.0,-4.0,-1.1
-4.0,-4.0,-1.1
-4.0,-4.0,-1.1
-4.0,-4.0,-1.1
-4.0,-4.0,-1.1
-4.0,-4.0,-1.1
-4.0,-4.0,-1.1
-4.0,-4.0,-1.1
-4.0,-4.0,-1.1
-4.0,-4.0,-1.1
-4.0,-4.0,-1.1
-4.0,-4.0,-1.1
-4.0,-4.0,-1.1
-4.0,-4.0,-1.1
-4.0,-4.0,-1.1
-4.0,-4.0,-1.1
-4.0,-4.0,-1.1
-4.0,-4.0,-1.1
-4.0,-4.0,-1.1
-4.0,-4.0,-1.1
-4.0,-4.0,-1.1
-4.0,-4.0,-1.1
-4.0,-4.0,-1.1
-4.0,-4.0,-1.1
-4.0,-4.0,-1.1
-4.0,-4.0,-1.1
-4.0,-4.0,-1.1
-4.0,-4.0,-1.1
-4.0,-4.0,-1.1
-4.0,-4.0,-1.1
-4.0,-4.0,-1.1
-4.0,-4.0,-1.1
-4.0,-4.0,-1.1
-4.0,-4.0,-1.1
-4.0,-4.0,-1.1
-4.0,-4.0,-1.1
-4.0,-4.0,-1.1
-4.0,-4.0,-1.1
-4.0,-4.0,-1.1
-4.0,-4.0,-1.1
-4.0,-4.0,-1.1
-4.0,-4.0,-1.1
-4.0,-4.0,-1.1
-4.0,-4.0,-1.1
-4.0,-4.0,-1.1
-4.0,-4.0,-1.1
-4.0,-4.0,-1.1
-4.0,-4.0,-1.1
-4.0,-4.0,-1.1
-4.0,-4.0,-1.1
-4.0,-4.0,-1.1
-4.0,-4.0,-1.1
-4.0,-4.0,-1.1
-4.0,-4.0,-1.1
-4.0,-4.0,-1.1
-4.0,-4.0,-1.1
-4.0,-4.0,-1.1
-4.0,-4.0,-1.1
-4.0,-4.0,-1.1
-4.0,-4.0,-1.1
-4.0,-4.0,-1.1
-4.0,-4.0,-1.1
-4.0,-4.0,-1.1
-4.0,-4.0,-1.1
-4.0,-4.0,-1.1
-4.0,-4.0,-1.1
-4.0,-4.0,-1.1
-4.0,-4.0,-1.1
-4.0,-4.0,-1.1
-4.0,-4.0,-1.1
-4.0,-4.0,-1.1
-4.0,-4.0,-1.1
-4.0,-4.0,-1.1
-4.0,-4.0,-1.1
-4.0,-4.0,-1.1
-4.0,-4.0,-1.1
-4.0,-4.0,-1.1
-4.0,-4.0,-1.1
-4.0,-4.0,-1.1
-4.0,-4.0,-1.1
-4.0,-4.0,-1.1
-4.0,-4.0,-1.1
-4.0,-4.0,-1.1
-4.0,-4.0,-1.1
-4.0,-4.0,-1.1
-4.0,-4.0,-1.1
-4.0,-4.0,-1.1
-4.0,-4.0,-1.1
-4.0,-4.0,-1.1
-4.0,-4.0,-1.1
-4.0,-4.0,-1.1
-4.0,-4.0,-1.1
-4.0,-4.0,-1.1
-4.0,-4.0,-1.1
-4.0,-4.0,-1.1
-4.0,-4.0,-1.1
-4.0,-4.0,-1.1
-4.0,-4.0,-1.1
-4.0,-4.0,-1.1
-4.0,-4.0,-1.1
-4.0,-4.0,-1.1
-4.0,-4.0,-1.1
-4.0,-4.0,-1.1
-4.0,-4.0,-1.1
-4.0,-4.0,-1.1
-4.0,-4.0,-1.1
-4.0,-4.0,-1.1
-4.0,-4.0,-1.1
-4.0,-4.0,-1.1
-4.0,-4.0,-1.1
-4.0,-4.0,-1.1
-4.0,-4.0,-1.1
-4.0,-4.0,-1.1
-4.0,-4.0,-1.1
-4.0,-4.0,-1.1
-4.0,-4.0,-1.1
-4.0,-4.0,-1.1
-4.0,-4.0,-1.1
-4.0,-4.0,-1.1
-4.0,-4.0,-1.1
-4.0,-4.0,-1.1
-4.0,-4.0,-1.1
-4.0,-4.0,-1.1
-4.0,-4.0,-1.1
-4.0,-4.0,-1.1
-4.0,-4.0,-1.1
-4.0,-4.0,-1.1
-4.0,-4.0,-1.1
-4.0,-4.0,-1.1
-4.0,-4.0,-1.1
-4.0,-4.0,-1.1
-4.0,-4.0,-1.1
-4.0,-4.0,-1.1
-4.0,-4.0,-1.1
-4.0,-4.0,-1.1
-4.0,-4.0,-1.1
-4.0,-4.0,-1.1
-4.0,-4.0,-1.1
-4.0,-4.0,-1.1
-4.0,-4.0,-1.1
-4.0,-4.0,-1.1
-4.0,-4.0,-1.1
-4.0,-4.0,-1.1
-4.0,-4.0,-1.1
-4.0,-4.0,-1.1
-4.0,-4.0,-1.1
-4.0,-4.0,-1.1
-4.0,-4.0,-1.1
-4.0,-4.0,-1.1
-4.0,-4.0,-1.1
-4.0,-4.0,-1.1
-4.0,-4.0,-1.1
-4.0,-4.0,-1.1
-4.0,-4.0,-1.1
-4.0,-4.0,-1.1
-4.0,-4.0,-1.1
-4.0,-4.0,-1.1
-4.0,-4.0,-1.1
-4.0,-4.0,-1.1
-4.0,-4.0,-1.1
-4.0,-4.0,-1.1
-4.0,-4.0,-1.1
-4.0,-4.0,-1.1
-4.0,-4.0,-1.1
-4.0,-4.0,-1.1
-4.0,-4.0,-1.1
-4.0,-4.0,-1.1
-4.0,-4.0,-1.1
-4.0,-4.0,-1.1
-4.0,-4.0,-1.1
-4.0,-4.0,-1.1
-4.0,-4.0,-1.1
-4.0,-4.0,-1.1
-4.0,-4.0,-1.1
-4.0,-4.0,-1.1
-4.0,-4.0,-1.1
-4.0,-4.0,-1.1
-4.0,-4.0,-1.1
-4.0,-4.0,-1.1
-4.0,-4.0,-1.1
-4.0,-4.0,-1.1
-4.0,-4.0,-1.1
-4.0,-4.0,-1.1
-4.0,-4.0,-1.1
-4.0,-4.0,-1.1
-4.0,-4.0,-1.1
-4.0,-4.0,-1.1
-4.0,-4.0,-1.1
-4.0,-4.0,-1.1
-4.0,-4.0,-1.1
-4.0,-4.0,-1.1
-4.0,-4.0,-1.1
-4.0,-4.0,-1.1
-4.0,-4.0,-1.1
-4.0,-4.0,-1.1
-4.0,-4.0,-1.1
-4.0,-4.0,-1.1
-4.0,-4.0,-1.1
-4.0,-4.0,-1.1
-4.0,-4.0,-1.1
-4.0,-4.0,-1.1
-4.0,-4.0,-1.1
-4.0,-4.0,-1.1
-4.0,-4.0,-1.1
-4.0,-4.0,-1.1
-4.0,-4.0,-1.1
-4.0,-4.0,-1.1
-4.0,-4.0,-1.1
-4.0,-4.0,-1.1
-4.0,-4.0,-1.1
-4.0,-4.0,-1.1
-4.0,-4.0,-1.1
-4.0,-4.0,-1.1
-4.0,-4.0,-1.1
-4.0,-4.0,-1.1
-4.0,-4.0,-1.1
-4.0,-4.0,-1.1
-4.0,-4.0,-1.1
-4.0,-4.0,-1.1
-4.0,-4.0,-1.1
-4.0,-4.0,-1.1
-4.0,-4.0,-1.1
-4.0,-4.0,-1.1
-4.0,-4.0,-1.1
-4.0,-4.0,-1.1
-4.0,-4.0,-1.1
-4.0,-4.0,-1.1
-4.0,-4.0,-1.1
-4.0,-4.0,-1.1
-4.0,-4.0,-1.1
-4.0,-4.0,-1.1
-4.0,-4.0,-1.1
-4.0,-4.0,-1.1
-4.0,-4.0,-1.1
-4.0,-4.0,-1.1
-4.0,-4.0,-1.1
-4.0,-4.0,-1.1
-4.0,-4.0,-1.1
-4.0,-4.0,-1.1
-4.0,-4.0,-1.1
-4.0,-4.0,-1.1
-4.0,-4.0,-1.1
-4.0,-4.0,-1.1
-4.0,-4.0,-1.1
-4.0,-4.0,-1.1
-4.0,-4.0,-1.1
-4.0,-4.0,-1.1
-4.0,-4.0,-1.1
-4.0,-4.0,-1.1
-4.0,-4.0,-1.1
-4.0,-4.0,-1.1
-4.0,-4.0,-1.1
-4.0,-4.0,-1.1
-4.0,-4.0,-1.1
-4.0,-4.0,-1.1
-4.0,-4.0,-1.1
-4.0,-4.0,-1.1
-4.0,-4.0,-1.1
-4.0,-4.0,-1.1
-4.0,-4.0,-1.1
-4.0,-4.0,-1.1
-4.0,-4.0,-1.1
-4.0,-4.0,-1.1
-4.0,-4.0,-1.1
-4.0,-4.0,-1.1
-4.0,-4.0,-1.1
-4.0,-4.0,-1.1
-4.0,-4.0,-1.1
-4.0,-4.0,-1.1
-4.0,-4.0,-1.1
-4.0,-4.0,-1.1
-4.0,-4.0,-1.1
-4.0,-4.0,-1.1
-4.0,-4.0,-1.1
-4.0,-4.0,-1.1
-4.0,-4.0,-1.1
-4.0,-4.0,-1.1
-4.0,-4.0,-1.1
-4.0,-4.0,-1.1
-4.0,-4.0,-1.1
-4.0,-4.0,-1.1
-4.0,-4.0,-1.1
-4.0,-4.0,-1.1
-4.0,-4.0,-1.1
-4.0,-4.0,-1.1
-4.0,-4.0,-1.1
-4.0,-4.0,-1.1
-4.0,-4.0,-1.1
-4.0,-4.0,-1.1
-4.0,-4.0,-1.1
-4.0,-4.0,-1.1
-4.0,-4.0,-1.1
-4.0,-4.0,-1.1
-4.0,-4.0,-1.1
-4.0,-4.0,-1.1
-4.0,-4.0,-1.1
-4.0,-4.0,-1.1
-4.0,-4.0,-1.1
-4.0,-4.0,-1.1
-4.0,-4.0,-1.1
-4.0,-4.0,-1.1
-4.0,-4.0,-1.1
-4.0,-4.0,-1.1
-4.0,-4.0,-1.1
-4.0,-4.0,-1.1
-4.0,-4.0,-1.1
-4.0,-4.0,-1.1
-4.0,-4.0,-1.1
-4.0,-4.0,-1.1
-4.0,-4.0,-1.1
-4.0,-4.0,-1.1
-4.0,-4.0,-1.1
-4.0,-4.0,-1.1
-4.0,-4.0,-1.1
-4.0,-4.0,-1.1
-4.0,-4.0,-1.1
-4.0,-4.0,-1.1
-4.0,-4.0,-1.1
-4.0,-4.0,-1.1
-4.0,-4.0,-1.1
-4.0,-4.0,-1.1
-4.0,-4.0,-1.1
-4.0,-4.0,-1.1
-4.0,-4.0,-1.1
-4.0,-4.0,-1.1
-4.0,-4.0,-1.1
-4.0,-4.0,-1.1
-4.0,-4.0,-1.1
-4.0,-4.0,-1.1
-4.0,-4.0,-1.1
-4.0,-4.0,-1.1
-4.0,-4.0,-1.1
-4.0,-4.0,-1.1
-4.0,-4.0,-1.1
-4.0,-4.0,-1.1
-4.0,-4.0,-1.1
-4.0,-4.0,-1.1
-4.0,-4.0,-1.1
-4.0,-4.0,-1.1
-4.0,-4.0,-1.1
-4.0,-4.0,-1.1
-4.0,-4.0,-1.1
-4.0,-4.0,-1.1
-4.0,-4.0,-1.1
-4.0,-4.0,-1.1
-4.0,-4.0,-1.1
-4.0,-4.0,-1.1
-4.0,-4.0,-1.1
-4.0,-4.0,-1.1
-4.0,-4.0,-1.1
-4.0,-4.0,-1.1
-4.0,-4.0,-1.1
-4.0,-4.0,-1.1
-4.0,-4.0,-1.1
-4.0,-4.0,-1.1
-4.0,-4.0,-1.1
-4.0,-4.0,-1.1
-4.0,-4.0,-1.1
-4.0,-4.0,-1.1
-4.0,-4.0,-1.1
-4.0,-4.0,-1.1
-4.0,-4.0,-1.1
-4.0,-4.0,-1.1
-4.0,-4.0,-1.1
-4.0,-4.0,-1.1
-4.0,-4.0,-1.1
-4.0,-4.0,-1.1
-4.0,-4.0,-1.1
-4.0,-4.0,-1.1
-4.0,-4.0,-1.1
-4.0,-4.0,-1.1
-4.0,-4.0,-1.1
-4.0,-4.0,-1.1
-4.0,-4.0,-1.1
-4.0,-4.0,-1.1
-4.0,-4.0,-1.1
-4.0,-4.0,-1.1
-4.0,-4.0,-1.1
-4.0,-4.0,-1.1
-4.0,-4.0,-1.1
-4.0,-4.0,-1.1
-4.0,-4.0,-1.1
-4.0,-4.0,-1.1
-4.0,-4.0,-1.1
-4.0,-4.0,-1.1
-4.0,-4.0,-1.1
-4.0,-4.0,-1.1
-4.0,-4.0,-1.1
-4.0,-4.0,-1.1
-4.0,-4.0,-1.1
-4.0,-4.0,-1.1
-4.0,-4.0,-1.1
-4.0,-4.0,-1.1
-4.0,-4.0,-1.1
-4.0,-4.0,-1.1
-4.0,-4.0,-1.1
-4.0,-4.0,-1.1
-4.0,-4.0,-1.1
-4.0,-4.0,-1.1
-4.0,-4.0,-1.1
-4.0,-4.0,-1.1
-4.0,-4.0,-1.1
-4.0,-4.0,-1.1
-4.0,-4.0,-1.1
-4.0,-4.0,-1.1
-4.0,-4.0,-1.1
-4.0,-4.0,-1.1
-4.0,-4.0,-1.1
-4.0,-4.0,-1.1
-4.0,-4.0,-1.1
-4.0,-4.0,-1.1
-4.0,-4.0,-1.1
-4.0,-4.0,-1.1
-4.0,-4.0,-1.1
-4.0,-4.0,-1.1
-4.0,-4.0,-1.1
-4.0,-4.0,-1.1
-4.0,-4.0,-1.1
-4.0,-4.0,-1.1
-4.0,-4.0,-1.1
-4.0,-4.0,-1.1
-4.0,-4.0,-1.1
-4.0,-4.0,-1.1
-4.0,-4.0,-1.1
-4.0,-4.0,-1.1
-4.0,-4.0,-1.1
-4.0,-4.0,-1.1
-4.0,-4.0,-1.1
-4.0,-4.0,-1.1
-4.0,-4.0,-1.1
-4.0,-4.0,-1.1
-4.0,-4.0,-1.1
-4.0,-4.0,-1.1
-4.0,-4.0,-1.1
-4.0,-4.0,-1.1
-4.0,-4.0,-1.1
-4.0,-4.0,-1.1
-4.0,-4.0,-1.1
-4.0,-4.0,-1.1
-4.0,-4.0,-1.1
-4.0,-4.0,-1.1
-4.0,-4.0,-1.1
-4.0,-4.0,-1.1
-4.0,-4.0,-1.1
-4.0,-4.0,-1.1
-4.0,-4.0,-1.1
-4.0,-4.0,-1.1
-4.0,-4.0,-1.1
-4.0,-4.0,-1.1
-4.0,-4.0,-1.1
-4.0,-4.0,-1.1
-4.0,-4.0,-1.1
-4.0,-4.0,-1.1
-4.0,-4.0,-1.1
-4.0,-4.0,-1.1
-4.0,-4.0,-1.1
-4.0,-4.0,-1.1
-4.0,-4.0,-1.1
-4.0,-4.0,-1.1
-4.0,-4.0,-1.1
-4.0,-4.0,-1.1
-4.0,-4.0,-1.1
-4.0,-4.0,-1.1
-4.0,-4.0,-1.1
-4.0,-4.0,-1.1
-4.0,-4.0,-1.1
-4.0,-4.0,-1.1
-4.0,-4.0,-1.1
-4.0,-4.0,-1.1
-4.0,-4.0,-1.1
-4.0,-4.0,-1.1
-4.0,-4.0,-1.1
-4.0,-4.0,-1.1
-4.0,-4.0,-1.1
-4.0,-4.0,-1.1
-4.0,-4.0,-1.1
-4.0,-4.0,-1.1
-4.0,-4.0,-1.1
-4.0,-4.0,-1.1
-4.0,-4.0,-1.1
-4.0,-4.0,-1.1
-4.0,-4.0,-1.1
-4.0,-4.0,-1.1
-4.0,-4.0,-1.1
-4.0,-4.0,-1.1
-4.0,-4.0,-1.1
-4.0,-4.0,-1.1
-4.0,-4.0,-1.1
-4.0,-4.0,-1.1
-4.0,-4.0,-1.1
-4.0,-4.0,-1.1
-4.0,-4.0,-1.1
-4.0,-4.0,-1.1
-4.0,-4.0,-1.1
-4.0,-4.0,-1.1
-4.0,-4.0,-1.1
-4.0,-4.0,-1.1
-4.0,-4.0,-1.1
-4.0,-4.0,-1.1
-4.0,-4.0,-1.1
-4.0,-4.0,-1.1
-4.0,-4.0,-1.1
-4.0,-4.0,-1.1
-4.0,-4.0,-1.1
-4.0,-4.0,-1.1
-4.0,-4.0,-1.1
-4.0,-4.0,-1.1
-4.0,-4.0,-1.1
-4.0,-4.0,-1.1
-4.0,-4.0,-1.1
-4.0,-4.0,-1.1
-4.0,-4.0,-1.1
-4.0,-4.0,-1.1
-4.0,-4.0,-1.1
-4.0,-4.0,-1.1
-4.0,-4.0,-1.1
-4.0,-4.0,-1.1
-4.0,-4.0,-1.1
-4.0,-4.0,-1.1
-4.0,-4.0,-1.1
-4.0,-4.0,-1.1
-4.0,-4.0,-1.1
-4.0,-4.0,-1.1
-4.0,-4.0,-1.1
-4.0,-4.0,-1.1
-4.0,-4.0,-1.1
-4.0,-4.0,-1.1
-4.0,-4.0,-1.1
-4.0,-4.0,-1.1
-4.0,-4.0,-1.1
-4.0,-4.0,-1.1
-4.0,-4.0,-1.1
-4.0,-4.0,-1.1
-4.0,-4.0,-1.1
-4.0,-4.0,-1.1
-4.0,-4.0,-1.1
-4.0,-4.0,-1.1
-4.0,-4.0,-1.1
-4.0,-4.0,-1.1
-4.0,-4.0,-1.1
-4.0,-4.0,-1.1
-4.0,-4.0,-1.1
-4.0,-4.0,-1.1
-4.0,-4.0,-1.1
-4.0,-4.0,-1.1
-4.0,-4.0,-1.1
-4.0,-4.0,-1.1
-4.0,-4.0,-1.1
-4.0,-4.0,-1.1
-4.0,-4.0,-1.1
-4.0,-4.0,-1.1
-4.0,-4.0,-1.1
-4.0,-4.0,-1.1
-4.0,-4.0,-1.1
-4.0,-4.0,-1.1
-4.0,-4.0,-1.1
-4.0,-4.0,-1.1
-4.0,-4.0,-1.1
-4.0,-4.0,-1.1
-4.0,-4.0,-1.1
-4.0,-4.0,-1.1
-4.0,-4.0,-1.1
-4.0,-4.0,-1.1
-4.0,-4.0,-1.1
-4.0,-4.0,-1.1
-4.0,-4.0,-1.1
-4.0,-4.0,-1.1
-4.0,-4.0,-1.1
-4.0,-4.0,-1.1
-4.0,-4.0,-1.1
-4.0,-4.0,-1.1
-4.0,-4.0,-1.1
-4.0,-4.0,-1.1
-4.0,-4.0,-1.1
-4.0,-4.0,-1.1
-4.0,-4.0,-1.1
-4.0,-4.0,-1.1
-4.0,-4.0,-1.1
-4.0,-4.0,-1.1
-4.0,-4.0,-1.1
-4.0,-4.0,-1.1
-4.0,-4.0,-1.1
-4.0,-4.0,-1.1
-4.0,-4.0,-1.1
-4.0,-4.0,-1.1
-4.0,-4.0,-1.1
-4.0,-4.0,-1.1
-4.0,-4.0,-1.1
-4.0,-4.0,-1.1
-4.0,-4.0,-1.1
-4.0,-4.0,-1.1
-4.0,-4.0,-1.1
-4.0,-4.0,-1.1
-4.0,-4.0,-1.1
-4.0,-4.0,-1.1
-4.0,-4.0,-1.1
-4.0,-4.0,-1.1
-4.0,-4.0,-1.1
-4.0,-4.0,-1.1
-4.0,-4.0,-1.1
-4.0,-4.0,-1.1
-4.0,-4.0,-1.1
-4.0,-4.0,-1.1
-4.0,-4.0,-1.1
-4.0,-4.0,-1.1
-4.0,-4.0,-1.1
-4.0,-4.0,-1.1
-4.0,-4.0,-1.1
-4.0,-4.0,-1.1
-4.0,-4.0,-1.1
-4.0,-4.0,-1.1
-4.0,-4.0,-1.1
-4.0,-4.0,-1.1
-4.0,-4.0,-1.1
-4.0,-4.0,-1.1
-4.0,-4.0,-1.1
-4.0,-4.0,-1.1
-4.0,-4.0,-1.1
-4.0,-4.0,-1.1
-4.0,-4.0,-1.1
-4.0,-4.0,-1.1
-4.0,-4.0,-1.1
-4.0,-4.0,-1.1
-4.0,-4.0,-1.1
-4.0,-4.0,-1.1
-4.0,-4.0,-1.1
-4.0,-4.0,-1.1
-4.0,-4.0,-1.1
-4.0,-4.0,-1.1
-4.0,-4.0,-1.1
-4.0,-4.0,-1.1
-4.0,-4.0,-1.1
-4.0,-4.0,-1.1
-4.0,-4.0,-1.1
-4.0,-4.0,-1.1
-4.0,-4.0,-1.1
-4.0,-4.0,-1.1
-4.0,-4.0,-1.1
-4.0,-4.0,-1.1
-4.0,-4.0,-1.1
-4.0,-4.0,-1.1
-4.0,-4.0,-1.1
-4.0,-4.0,-1.1
-4.0,-4.0,-1.1
-4.0,-4.0,-1.1
-4.0,-4.0,-1.1
-4.0,-4.0,-1.1
-4.0,-4.0,-1.1
-4.0,-4.0,-1.1
-4.0,-4.0,-1.1
-4.0,-4.0,-1.1
-4.0,-4.0,-1.1
-4.0,-4.0,-1.1
-4.0,-4.0,-1.1
-4.0,-4.0,-1.1
-4.0,-4.0,-1.1
-4.0,-4.0,-1.1
-4.0,-4.0,-1.1
-4.0,-4.0,-1.1
-4.0,-4.0,-1.1
-4.0,-4.0,-1.1
-4.0,-4.0,-1.1
-4.0,-4.0,-1.1
-4.0,-4.0,-1.1
-4.0,-4.0,-1.1
-4.0,-4.0,-1.1
-4.0,-4.0,-1.1
-4.0,-4.0,-1.1
-4.0,-4.0,-1.1
-4.0,-4.0,-1.1
-4.0,-4.0,-1.1
-4.0,-4.0,-1.1
-4.0,-4.0,-1.1
-4.0,-4.0,-1.1
-4.0,-4.0,-1.1
-4.0,-4.0,-1.1
-4.0,-4.0,-1.1
-4.0,-4.0,-1.1
-4.0,-4.0,-1.1
-4.0,-4.0,-1.1
-4.0,-4.0,-1.1
-4.0,-4.0,-1.1
-4.0,-4.0,-1.1
-4.0,-4.0,-1.1
-4.0,-4.0,-1.1
-4.0,-4.0,-1.1
-4.0,-4.0,-1.1
-4.0,-4.0,-1.1
-4.0,-4.0,-1.1
-4.0,-4.0,-1.1
-4.0,-4.0,-1.1
-4.0,-4.0,-1.1
-4.0,-4.0,-1.1
-4.0,-4.0,-1.1
-4.0,-4.0,-1.1
-4.0,-4.0,-1.1
-4.0,-4.0,-1.1
-4.0,-4.0,-1.1
-4.0,-4.0,-1.1
-4.0,-4.0,-1.1
-4.0,-4.0,-1.1
-4.0,-4.0,-1.1
-4.0,-4.0,-1.1
-4.0,-4.0,-1.1
-4.0,-4.0,-1.1
-4.0,-4.0,-1.1
-4.0,-4.0,-1.1
-4.0,-4.0,-1.1
-4.0,-4.0,-1.1
-4.0,-4.0,-1.1
-4.0,-4.0,-1.1
-4.0,-4.0,-1.1
-4.0,-4.0,-1.1
-4.0,-4.0,-1.1
-4.0,-4.0,-1.1
-4.0,-4.0,-1.1
-4.0,-4.0,-1.1
-4.0,-4.0,-1.1
-4.0,-4.0,-1.1
-4.0,-4.0,-1.1
-4.0,-4.0,-1.1
-4.0,-4.0,-1.1
-4.0,-4.0,-1.1
-4.0,-4.0,-1.1
-4.0,-4.0,-1.1
-4.0,-4.0,-1.1
-4.0,-4.0,-1.1
-4.0,-4.0,-1.1
-4.0,-4.0,-1.1
-4.0,-4.0,-1.1
-4.0,-4.0,-1.1
-4.0,-4.0,-1.1
-4.0,-4.0,-1.1
-4.0,-4.0,-1.1
-4.0,-4.0,-1.1
-4.0,-4.0,-1.1
-4.0,-4.0,-1.1
-4.0,-4.0,-1.1
-4.0,-4.0,-1.1
-4.0,-4.0,-1.1
-4.0,-4.0,-1.1
-4.0,-4.0,-1.1
-4.0,-4.0,-1.1
-4.0,-4.0,-1.1
-4.0,-4.0,-1.1
-4.0,-4.0,-1.1
-4.0,-4.0,-1.1
-4.0,-4.0,-1.1
-4.0,-4.0,-1.1
-4.0,-4.0,-1.1
-4.0,-4.0,-1.1
-4.0,-4.0,-1.1
-4.0,-4.0,-1.1
-4.0,-4.0,-1.1
-4.0,-4.0,-1.1
-4.0,-4.0,-1.1
-4.0,-4.0,-1.1
-4.0,-4.0,-1.1
-4.0,-4.0,-1.1
-4.0,-4.0,-1.1
-4.0,-4.0,-1.1
-4.0,-4.0,-1.1
-4.0,-4.0,-1.1
-4.0,-4.0,-1.1
-4.0,-4.0,-1.1
-4.0,-4.0,-1.1
-4.0,-4.0,-1.1
-4.0,-4.0,-1.1
-4.0,-4.0,-1.1
-4.0,-4.0,-1.1
-4.0,-4.0,-1.1
-4.0,-4.0,-1.1
-4.0,-4.0,-1.1
-4.0,-4.0,-1.1
-4.0,-4.0,-1.1
-4.0,-4.0,-1.1
-4.0,-4.0,-1.1
-4.0,-4.0,-1.1
-4.0,-4.0,-1.1
-4.0,-4.0,-1.1
-4.0,-4.0,-1.1
-4.0,-4.0,-1.1
-4.0,-4.0,-1.1
-4.0,-4.0,-1.1
-4.0,-4.0,-1.1
-4.0,-4.0,-1.1
-4.0,-4.0,-1.1
-4.0,-4.0,-1.1
-4.0,-4.0,-1.1
-4.0,-4.0,-1.1
-4.0,-4.0,-1.1
-4.0,-4.0,-1.1
-4.0,-4.0,-1.1
-4.0,-4.0,-1.1
-4.0,-4.0,-1.1
-4.0,-4.0,-1.1
-4.0,-4.0,-1.1
-4.0,-4.0,-1.1
-4.0,-4.0,-1.1
-4.0,-4.0,-1.1
-4.0,-4.0,-1.1
-4.0,-4.0,-1.1
-4.0,-4.0,-1.1
-4.0,-4.0,-1.1
-4.0,-4.0,-1.1
-4.0,-4.0,-1.1
-4.0,-4.0,-1.1
-4.0,-4.0,-1.1
-4.0,-4.0,-1.1
-4.0,-4.0,-1.1
-4.0,-4.0,-1.1
-4.0,-4.0,-1.1
-4.0,-4.0,-1.1
-4.0,-4.0,-1.1
-4.0,-4.0,-1.1
-4.0,-4.0,-1.1
-4.0,-4.0,-1.1
-4.0,-4.0,-1.1
-4.0,-4.0,-1.1
-4.0,-4.0,-1.1
-4.0,-4.0,-1.1
-4.0,-4.0,-1.1
-4.0,-4.0,-1.1
-4.0,-4.0,-1.1
-4.0,-4.0,-1.1
-4.0,-4.0,-1.1
-4.0,-4.0,-1.1
-4.0,-4.0,-1.1
-4.0,-4.0,-1.1
-4.0,-4.0,-1.1
-4.0,-4.0,-1.1
-4.0,-4.0,-1.1
-4.0,-4.0,-1.1
-4.0,-4.0,-1.1
-4.0,-4.0,-1.1
-4.0,-4.0,-1.1
-4.0,-4.0,-1.1
-4.0,-4.0,-1.1
-4.0,-4.0,-1.1
-4.0,-4.0,-1.1
-4.0,-4.0,-1.1
-4.0,-4.0,-1.1
-4.0,-4.0,-1.1
-4.0,-4.0,-1.1
-4.0,-4.0,-1.1
-4.0,-4.0,-1.1
-4.0,-4.0,-1.1
-4.0,-4.0,-1.1
-4.0,-4.0,-1.1
-4.0,-4.0,-1.1
-4.0,-4.0,-1.1
-4.0,-4.0,-1.1
-4.0,-4.0,-1.1
-4.0,-4.0,-1.1
-4.0,-4.0,-1.1
-4.0,-4.0,-1.1
-4.0,-4.0,-1.1
-4.0,-4.0,-1.1
-4.0,-4.0,-1.1
-4.0,-4.0,-1.1
-4.0,-4.0,-1.1
-4.0,-4.0,-1.1
-4.0,-4.0,-1.1
-4.0,-4.0,-1.1
-4.0,-4.0,-1.1
-4.0,-4.0,-1.1
-4.0,-4.0,-1.1
-4.0,-4.0,-1.1
-4.0,-4.0,-1.1
-4.0,-4.0,-1.1
-4.0,-4.0,-1.1
-4.0,-4.0,-1.1
-4.0,-4.0,-1.1
-4.0,-4.0,-1.1
-4.0,-4.0,-1.1
-4.0,-4.0,-1.1
-4.0,-4.0,-1.1
-4.0,-4.0,-1.1
-4.0,-4.0,-1.1
-4.0,-4.0,-1.1
-4.0,-4.0,-1.1
-4.0,-4.0,-1.1
-4.0,-4.0,-1.1
-4.0,-4.0,-1.1
-4.0,-4.0,-1.1
-4.0,-4.0,-1.1
-4.0,-4.0,-1.1
-4.0,-4.0,-1.1
-4.0,-4.0,-1.1
-4.0,-4.0,-1.1
-4.0,-4.0,-1.1
-4.0,-4.0,-1.1
-4.0,-4.0,-1.1
-4.0,-4.0,-1.1
-4.0,-4.0,-1.1
-4.0,-4.0,-1.1
-4.0,-4.0,-1.1
-4.0,-4.0,-1.1
-4.0,-4.0,-1.1
-4.0,-4.0,-1.1
-4.0,-4.0,-1.1
-4.0,-4.0,-1.1
-4.0,-4.0,-1.1
-4.0,-4.0,-1.1
-4.0,-4.0,-1.1
-4.0,-4.0,-1.1
-4.0,-4.0,-1.1
-4.0,-4.0,-1.1
-4.0,-4.0,-1.1
-4.0,-4.0,-1.1
-4.0,-4.0,-1.1
-4.0,-4.0,-1.1
-4.0,-4.0,-1.1
-4.0,-4.0,-1.1
-4.0,-4.0,-1.1
-4.0,-4.0,-1.1
-4.0,-4.0,-1.1
-4.0,-4.0,-1.1
-4.0,-4.0,-1.1
-4.0,-4.0,-1.1
-4.0,-4.0,-1.1
-4.0,-4.0,-1.1
-4.0,-4.0,-1.1
-4.0,-4.0,-1.1
-4.0,-4.0,-1.1
-4.0,-4.0,-1.1
-4.0,-4.0,-1.1
-4.0,-4.0,-1.1
-4.0,-4.0,-1.1
-4.0,-4.0,-1.1
-4.0,-4.0,-1.1
-4.0,-4.0,-1.1
-4.0,-4.0,-1.1
-4.0,-4.0,-1.1
-4.0,-4.0,-1.1
-4.0,-4.0,-1.1
-4.0,-4.0,-1.1
-4.0,-4.0,-1.1
-4.0,-4.0,-1.1
-4.0,-4.0,-1.1
-4.0,-4.0,-1.1
-4.0,-4.0,-1.1
-4.0,-4.0,-1.1
-4.0,-4.0,-1.1
-4.0,-4.0,-1.1
-4.0,-4.0,-1.1
-4.0,-4.0,-1.1
-4.0,-4.0,-1.1
-4.0,-4.0,-1.1
-4.0,-4.0,-1.1
-4.0,-4.0,-1.1
-4.0,-4.0,-1.1
-4.0,-4.0,-1.1
-4.0,-4.0,-1.1
-4.0,-4.0,-1.1
-4.0,-4.0,-1.1
-4.0,-4.0,-1.1
-4.0,-4.0,-1.1
-4.0,-4.0,-1.1
-4.0,-4.0,-1.1
-4.0,-4.0,-1.1
-4.0,-4.0,-1.1
-4.0,-4.0,-1.1
-4.0,-4.0,-1.1
-4.0,-4.0,-1.1
-4.0,-4.0,-1.1
-4.0,-4.0,-1.1
-4.0,-4.0,-1.1
-4.0,-4.0,-1.1
-4.0,-4.0,-1.1
-4.0,-4.0,-1.1
-4.0,-4.0,-1.1
-4.0,-4.0,-1.1
-4.0,-4.0,-1.1
-4.0,-4.0,-1.1
-4.0,-4.0,-1.1
-4.0,-4.0,-1.1
-4.0,-4.0,-1.1
-4.0,-4.0,-1.1
-4.0,-4.0,-1.1
-4.0,-4.0,-1.1
-4.0,-4.0,-1.1
-4.0,-4.0,-1.1
-4.0,-4.0,-1.1
-4.0,-4.0,-1.1
-4.0,-4.0,-1.1
-4.0,-4.0,-1.1
-4.0,-4.0,-1.1
-4.0,-4.0,-1.1
-4.0,-4.0,-1.1
-4.0,-4.0,-1.1
-4.0,-4.0,-1.1
-4.0,-4.0,-1.1
-4.0,-4.0,-1.1
-4.0,-4.0,-1.1
-4.0,-4.0,-1.1
-4.0,-4.0,-1.1
-4.0,-4.0,-1.1
-4.0,-4.0,-1.1
-4.0,-4.0,-1.1
-4.0,-4.0,-1.1
-4.0,-4.0,-1.1
-4.0,-4.0,-1.1
-4.0,-4.0,-1.1
-4.0,-4.0,-1.1
-4.0,-4.0,-1.1
-4.0,-4.0,-1.1
-4.0,-4.0,-1.1
-4.0,-4.0,-1.1
-4.0,-4.0,-1.1
-4.0,-4.0,-1.1
-4.0,-4.0,-1.1
-4.0,-4.0,-1.1
-4.0,-4.0,-1.1
-4.0,-4.0,-1.1
-4.0,-4.0,-1.1
-4.0,-4.0,-1.1
-4.0,-4.0,-1.1
-4.0,-4.0,-1.1
-4.0,-4.0,-1.1
-4.0,-4.0,-1.1
-4.0,-4.0,-1.1
-4.0,-4.0,-1.1
-4.0,-4.0,-1.1
-4.0,-4.0,-1.1
-4.0,-4.0,-1.1
-4.0,-4.0,-1.1
-4.0,-4.0,-1.1
-4.0,-4.0,-1.1
-4.0,-4.0,-1.1
-4.0,-4.0,-1.1
-4.0,-4.0,-1.1
-4.0,-4.0,-1.1
-4.0,-4.0,-1.1
-4.0,-4.0,-1.1
-4.0,-4.0,-1.1
-4.0,-4.0,-1.1
-4.0,-4.0,-1.1
-4.0,-4.0,-1.1
-4.0,-4.0,-1.1
-4.0,-4.0,-1.1
-4.0,-4.0,-1.1
-4.0,-4.0,-1.1
-4.0,-4.0,-1.1
-4.0,-4.0,-1.1
-4.0,-4.0,-1.1
-4.0,-4.0,-1.1
-4.0,-4.0,-1.1
-4.0,-4.0,-1.1
-4.0,-4.0,-1.1
-4.0,-4.0,-1.1
-4.0,-4.0,-1.1
-4.0,-4.0,-1.1
-4.0,-4.0,-1.1
-4.0,-4.0,-1.1
-4.0,-4.0,-1.1
-4.0,-4.0,-1.1
-4.0,-4.0,-1.1
-4.0,-4.0,-1.1
-4.0,-4.0,-1.1
-4.0,-4.0,-1.1
-4.0,-4.0,-1.1
-4.0,-4.0,-1.1
-4.0,-4.0,-1.1
-4.0,-4.0,-1.1
-4.0,-4.0,-1.1
-4.0,-4.0,-1.1
-4.0,-4.0,-1.1
-4.0,-4.0,-1.1
-4.0,-4.0,-1.1
-4.0,-4.0,-1.1
-4.0,-4.0,-1.1
-4.0,-4.0,-1.1
-4.0,-4.0,-1.1
-4.0,-4.0,-1.1
-4.0,-4.0,-1.1
-4.0,-4.0,-1.1
-4.0,-4.0,-1.1
-4.0,-4.0,-1.1
-4.0,-4.0,-1.1
-4.0,-4.0,-1.1
-4.0,-4.0,-1.1
-4.0,-4.0,-1.1
-4.0,-4.0,-1.1
-4.0,-4.0,-1.1
-4.0,-4.0,-1.1
-4.0,-4.0,-1.1
-4.0,-4.0,-1.1
-4.0,-4.0,-1.1
-4.0,-4.0,-1.1
-4.0,-4.0,-1.1
-4.0,-4.0,-1.1
-4.0,-4.0,-1.1
-4.0,-4.0,-1.1
-4.0,-4.0,-1.1
-4.0,-4.0,-1.1
-4.0,-4.0,-1.1
-4.0,-4.0,-1.1
-4.0,-4.0,-1.1
-4.0,-4.0,-1.1
-4.0,-4.0,-1.1
-4.0,-4.0,-1.1
-4.0,-4.0,-1.1
-4.0,-4.0,-1.1
-4.0,-4.0,-1.1
-4.0,-4.0,-1.1
-4.0,-4.0,-1.1
-4.0,-4.0,-1.1
-4.0,-4.0,-1.1
-4.0,-4.0,-1.1
-4.0,-4.0,-1.1
-4.0,-4.0,-1.1
-4.0,-4.0,-1.1
-4.0,-4.0,-1.1
-4.0,-4.0,-1.1
-4.0,-4.0,-1.1
-4.0,-4.0,-1.1
-4.0,-4.0,-1.1
-4.0,-4.0,-1.1
-4.0,-4.0,-1.1
-4.0,-4.0,-1.1
-4.0,-4.0,-1.1
-4.0,-4.0,-1.1
-4.0,-4.0,-1.1
-4.0,-4.0,-1.1
-4.0,-4.0,-1.1
-4.0,-4.0,-1.1
-4.0,-4.0,-1.1
-4.0,-4.0,-1.1
-4.0,-4.0,-1.1
-4.0,-4.0,-1.1
-4.0,-4.0,-1.1
-4.0,-4.0,-1.1
-4.0,-4.0,-1.1
-4.0,-4.0,-1.1
-4.0,-4.0,-1.1
-4.0,-4.0,-1.1
-4.0,-4.0,-1.1
-4.0,-4.0,-1.1
-4.0,-4.0,-1.1
-4.0,-4.0,-1.1
-4.0,-4.0,-1.1
-4.0,-4.0,-1.1
-4.0,-4.0,-1.1
-4.0,-4.0,-1.1
-4.0,-4.0,-1.1
-4.0,-4.0,-1.1
-4.0,-4.0,-1.1
-4.0,-4.0,-1.1
-4.0,-4.0,-1.1
-4.0,-4.0,-1.1
-4.0,-4.0,-1.1
-4.0,-4.0,-1.1
-4.0,-4.0,-1.1
-4.0,-4.0,-1.1
-4.0,-4.0,-1.1
-4.0,-4.0,-1.1
-4.0,-4.0,-1.1
-4.0,-4.0,-1.1
-4.0,-4.0,-1.1
-4.0,-4.0,-1.1
-4.0,-4.0,-1.1
-4.0,-4.0,-1.1
-4.0,-4.0,-1.1
-4.0,-4.0,-1.1
-4.0,-4.0,-1.1
-4.0,-4.0,-1.1
-4.0,-4.0,-1.1
-4.0,-4.0,-1.1
-4.0,-4.0,-1.1
-4.0,-4.0,-1.1
-4.0,-4.0,-1.1
-4.0,-4.0,-1.1
-4.0,-4.0,-1.1
-4.0,-4.0,-1.1
-4.0,-4.0,-1.1
-4.0,-4.0,-1.1
-4.0,-4.0,-1.1
-4.0,-4.0,-1.1
-4.0,-4.0,-1.1
-4.0,-4.0,-1.1
-4.0,-4.0,-1.1
-4.0,-4.0,-1.1
-4.0,-4.0,-1.1
-4.0,-4.0,-1.1
-4.0,-4.0,-1.1
-4.0,-4.0,-1.1
-4.0,-4.0,-1.1
-4.0,-4.0,-1.1
-4.0,-4.0,-1.1
-4.0,-4.0,-1.1
-4.0,-4.0,-1.1
-4.0,-4.0,-1.1
-4.0,-4.0,-1.1
-4.0,-4.0,-1.1
-4.0,-4.0,-1.1
-4.0,-4.0,-1.1
-4.0,-4.0,-1.1
-4.0,-4.0,-1.1
-4.0,-4.0,-1.1
-4.0,-4.0,-1.1
-4.0,-4.0,-1.1
-4.0,-4.0,-1.1
-4.0,-4.0,-1.1
-4.0,-4.0,-1.1
-4.0,-4.0,-1.1
-4.0,-4.0,-1.1
-4.0,-4.0,-1.1
-4.0,-4.0,-1.1
-4.0,-4.0,-1.1
-4.0,-4.0,-1.1
-4.0,-4.0,-1.1
-4.0,-4.0,-1.1
-4.0,-4.0,-1.1
-4.0,-4.0,-1.1
-4.0,-4.0,-1.1
-4.0,-4.0,-1.1
-4.0,-4.0,-1.1
-4.0,-4.0,-1.1
-4.0,-4.0,-1.1
-4.0,-4.0,-1.1
-4.0,-4.0,-1.1
-4.0,-4.0,-1.1
-4.0,-4.0,-1.1
-4.0,-4.0,-1.1
-4.0,-4.0,-1.1
-4.0,-4.0,-1.1
-4.0,-4.0,-1.1
-4.0,-4.0,-1.1
-4.0,-4.0,-1.1
-4.0,-4.0,-1.1
-4.0,-4.0,-1.1
-4.0,-4.0,-1.1
-4.0,-4.0,-1.1
-4.0,-4.0,-1.1
-4.0,-4.0,-1.1
-4.0,-4.0,-1.1
-4.0,-4.0,-1.1
-4.0,-4.0,-1.1
-4.0,-4.0,-1.1
-4.0,-4.0,-1.1
-4.0,-4.0,-1.1
-4.0,-4.0,-1.1
-4.0,-4.0,-1.1
-4.0,-4.0,-1.1
-4.0,-4.0,-1.1
-4.0,-4.0,-1.1
-4.0,-4.0,-1.1
-4.0,-4.0,-1.1
-4.0,-4.0,-1.1
-4.0,-4.0,-1.1
-4.0,-4.0,-1.1
-4.0,-4.0,-1.1
-4.0,-4.0,-1.1
-4.0,-4.0,-1.1
-4.0,-4.0,-1.1
-4.0,-4.0,-1.1
-4.0,-4.0,-1.1
-4.0,-4.0,-1.1
-4.0,-4.0,-1.1
-4.0,-4.0,-1.1
-4.0,-4.0,-1.1
-4.0,-4.0,-1.1
-4.0,-4.0,-1.1
-4.0,-4.0,-1.1
-4.0,-4.0,-1.1
-4.0,-4.0,-1.1
-4.0,-4.0,-1.1
-4.0,-4.0,-1.1
-4.0,-4.0,-1.1
-4.0,-4.0,-1.1
-4.0,-4.0,-1.1
-4.0,-4.0,-1.1
-4.0,-4.0,-1.1
-4.0,-4.0,-1.1
-4.0,-4.0,-1.1
-4.0,-4.0,-1.1
-4.0,-4.0,-1.1
-4.0,-4.0,-1.1
-4.0,-4.0,-1.1
-4.0,-4.0,-1.1
-4.0,-4.0,-1.1
-4.0,-4.0,-1.1
-4.0,-4.0,-1.1
-4.0,-4.0,-1.1
-4.0,-4.0,-1.1
-4.0,-4.0,-1.1
-4.0,-4.0,-1.1
-4.0,-4.0,-1.1
-4.0,-4.0,-1.1
-4.0,-4.0,-1.1
-4.0,-4.0,-1.1
-4.0,-4.0,-1.1
-4.0,-4.0,-1.1
-4.0,-4.0,-1.1
-4.0,-4.0,-1.1
-4.0,-4.0,-1.1
-4.0,-4.0,-1.1
-4.0,-4.0,-1.1
-4.0,-4.0,-1.1
-4.0,-4.0,-1.1
-4.0,-4.0,-1.1
-4.0,-4.0,-1.1
-4.0,-4.0,-1.1
-4.0,-4.0,-1.1
-4.0,-4.0,-1.1
-4.0,-4.0,-1.1
-4.0,-4.0,-1.1
-4.0,-4.0,-1.1
-4.0,-4.0,-1.1
-4.0,-4.0,-1.1
-4.0,-4.0,-1.1
-4.0,-4.0,-1.1
-4.0,-4.0,-1.1
-4.0,-4.0,-1.1
-4.0,-4.0,-1.1
-4.0,-4.0,-1.1
-4.0,-4.0,-1.1
-4.0,-4.0,-1.1
-4.0,-4.0,-1.1
-4.0,-4.0,-1.1
-4.0,-4.0,-1.1
-4.0,-4.0,-1.1
-4.0,-4.0,-1.1
-4.0,-4.0,-1.1
-4.0,-4.0,-1.1
-4.0,-4.0,-1.1
-4.0,-4.0,-1.1
-4.0,-4.0,-1.1
-4.0,-4.0,-1.1
-4.0,-4.0,-1.1
-4.0,-4.0,-1.1
-4.0,-4.0,-1.1
-4.0,-4.0,-1.1
-4.0,-4.0,-1.1
-4.0,-4.0,-1.1
-4.0,-4.0,-1.1
-4.0,-4.0,-1.1
-4.0,-4.0,-1.1
-4.0,-4.0,-1.1
-4.0,-4.0,-1.1
-4.0,-4.0,-1.1
-4.0,-4.0,-1.1
-4.0,-4.0,-1.1
-4.0,-4.0,-1.1
-4.0,-4.0,-1.1
-4.0,-4.0,-1.1
-4.0,-4.0,-1.1
-4.0,-4.0,-1.1
-4.0,-4.0,-1.1
-4.0,-4.0,-1.1
-4.0,-4.0,-1.1
-4.0,-4.0,-1.1
-4.0,-4.0,-1.1
-4.0,-4.0,-1.1
-4.0,-4.0,-1.1
-4.0,-4.0,-1.1
-4.0,-4.0,-1.1
-4.0,-4.0,-1.1
-4.0,-4.0,-1.1
-4.0,-4.0,-1.1
-4.0,-4.0,-1.1
-4.0,-4.0,-1.1
-4.0,-4.0,-1.1
-4.0,-4.0,-1.1
-4.0,-4.0,-1.1
-4.0,-4.0,-1.1
-4.0,-4.0,-1.1
-4.0,-4.0,-1.1
-4.0,-4.0,-1.1
-4.0,-4.0,-1.1
-4.0,-4.0,-1.1
-4.0,-4.0,-1.1
-4.0,-4.0,-1.1
-4.0,-4.0,-1.1
-4.0,-4.0,-1.1
-4.0,-4.0,-1.1
-4.0,-4.0,-1.1
-4.0,-4.0,-1.1
-4.0,-4.0,-1.1
-4.0,-4.0,-1.1
-4.0,-4.0,-1.1
-4.0,-4.0,-1.1
-4.0,-4.0,-1.1
-4.0,-4.0,-1.1
-4.0,-4.0,-1.1
-4.0,-4.0,-1.1
-4.0,-4.0,-1.1
-4.0,-4.0,-1.1
-4.0,-4.0,-1.1
-4.0,-4.0,-1.1
-4.0,-4.0,-1.1
-4.0,-4.0,-1.1
-4.0,-4.0,-1.1
-4.0,-4.0,-1.1
-4.0,-4.0,-1.1
-4.0,-4.0,-1.1
-4.0,-4.0,-1.1
-4.0,-4.0,-1.1
-4.0,-4.0,-1.1
-4.0,-4.0,-1.1
-4.0,-4.0,-1.1
-4.0,-4.0,-1.1
-4.0,-4.0,-1.1
-4.0,-4.0,-1.1
-4.0,-4.0,-1.1
-4.0,-4.0,-1.1
-4.0,-4.0,-1.1
-4.0,-4.0,-1.1
-4.0,-4.0,-1.1
-4.0,-4.0,-1.1
-4.0,-4.0,-1.1
-4.0,-4.0,-1.1
-4.0,-4.0,-1.1
-4.0,-4.0,-1.1
-4.0,-4.0,-1.1
-4.0,-4.0,-1.1
-4.0,-4.0,-1.1
-4.0,-4.0,-1.1
-4.0,-4.0,-1.1
-4.0,-4.0,-1.1
-4.0,-4.0,-1.1
-4.0,-4.0,-1.1
-4.0,-4.0,-1.1
-4.0,-4.0,-1.1
-4.0,-4.0,-1.1
-4.0,-4.0,-1.1
-4.0,-4.0,-1.1
-4.0,-4.0,-1.1
-4.0,-4.0,-1.1
-4.0,-4.0,-1.1
-4.0,-4.0,-1.1
-4.0,-4.0,-1.1
-4.0,-4.0,-1.1
-4.0,-4.0,-1.1
-4.0,-4.0,-1.1
-4.0,-4.0,-1.1
-4.0,-4.0,-1.1
-4.0,-4.0,-1.1
-4.0,-4.0,-1.1
-4.0,-4.0,-1.1
-4.0,-4.0,-1.1
-4.0,-4.0,-1.1
-4.0,-4.0,-1.1
-4.0,-4.0,-1.1
-4.0,-4.0,-1.1
-4.0,-4.0,-1.1
-4.0,-4.0,-1.1
-4.0,-4.0,-1.1
-4.0,-4.0,-1.1
-4.0,-4.0,-1.1
-4.0,-4.0,-1.1
-4.0,-4.0,-1.1
-4.0,-4.0,-1.1
-4.0,-4.0,-1.1
-4.0,-4.0,-1.1
-4.0,-4.0,-1.1
-4.0,-4.0,-1.1
-4.0,-4.0,-1.1
-4.0,-4.0,-1.1
-4.0,-4.0,-1.1
-4.0,-4.0,-1.1
-4.0,-4.0,-1.1
-4.0,-4.0,-1.1
-4.0,-4.0,-1.1
-4.0,-4.0,-1.1
-4.0,-4.0,-1.1
-4.0,-4.0,-1.1
-4.0,-4.0,-1.1
-4.0,-4.0,-1.1
-4.0,-4.0,-1.1
-4.0,-4.0,-1.1
-4.0,-4.0,-1.1
-4.0,-4.0,-1.1
-4.0,-4.0,-1.1
-4.0,-4.0,-1.1
-4.0,-4.0,-1.1
-4.0,-4.0,-1.1
-4.0,-4.0,-1.1
-4.0,-4.0,-1.1
-4.0,-4.0,-1.1
-4.0,-4.0,-1.1
-4.0,-4.0,-1.1
-4.0,-4.0,-1.1
-4.0,-4.0,-1.1
-4.0,-4.0,-1.1
-4.0,-4.0,-1.1
-4.0,-4.0,-1.1
-4.0,-4.0,-1.1
-4.0,-4.0,-1.1
-4.0,-4.0,-1.1
-4.0,-4.0,-1.1
-4.0,-4.0,-1.1
-4.0,-4.0,-1.1
-4.0,-4.0,-1.1
-4.0,-4.0,-1.1
-4.0,-4.0,-1.1
-4.0,-4.0,-1.1
-4.0,-4.0,-1.1
-4.0,-4.0,-1.1
-4.0,-4.0,-1.1
-4.0,-4.0,-1.1
-4.0,-4.0,-1.1
-4.0,-4.0,-1.1
-4.0,-4.0,-1.1
-4.0,-4.0,-1.1
-4.0,-4.0,-1.1
-4.0,-4.0,-1.1
-4.0,-4.0,-1.1
-4.0,-4.0,-1.1
-4.0,-4.0,-1.1
-4.0,-4.0,-1.1
-4.0,-4.0,-1.1
-4.0,-4.0,-1.1
-4.0,-4.0,-1.1
-4.0,-4.0,-1.1
-4.0,-4.0,-1.1
-4.0,-4.0,-1.1
-4.0,-4.0,-1.1
-4.0,-4.0,-1.1
-4.0,-4.0,-1.1
-4.0,-4.0,-1.1
-4.0,-4.0,-1.1
-4.0,-4.0,-1.1
-4.0,-4.0,-1.1
-4.0,-4.0,-1.1
-4.0,-4.0,-1.1
-4.0,-4.0,-1.1
-4.0,-4.0,-1.1
-4.0,-4.0,-1.1
-4.0,-4.0,-1.1
-4.0,-4.0,-1.1
-4.0,-4.0,-1.1
-4.0,-4.0,-1.1
-4.0,-4.0,-1.1
-4.0,-4.0,-1.1
-4.0,-4.0,-1.1
-4.0,-4.0,-1.1
-4.0,-4.0,-1.1
-4.0,-4.0,-1.1
-4.0,-4.0,-1.1
-4.0,-4.0,-1.1
-4.0,-4.0,-1.1
-4.0,-4.0,-1.1
-4.0,-4.0,-1.1
-4.0,-4.0,-1.1
-4.0,-4.0,-1.1
-4.0,-4.0,-1.1
-4.0,-4.0,-1.1
-4.0,-4.0,-1.1
-4.0,-4.0,-1.1
-4.0,-4.0,-1.1
-4.0,-4.0,-1.1
-4.0,-4.0,-1.1
-4.0,-4.0,-1.1
-4.0,-4.0,-1.1
-4.0,-4.0,-1.1
-4.0,-4.0,-1.1
-4.0,-4.0,-1.1
-4.0,-4.0,-1.1
-4.0,-4.0,-1.1
-4.0,-4.0,-1.1
-4.0,-4.0,-1.1
-4.0,-4.0,-1.1
-4.0,-4.0,-1.1
-4.0,-4.0,-1.1
-4.0,-4.0,-1.1
-4.0,-4.0,-1.1
-4.0,-4.0,-1.1
-4.0,-4.0,-1.1
-4.0,-4.0,-1.1
-4.0,-4.0,-1.1
-4.0,-4.0,-1.1
-4.0,-4.0,-1.1
-4.0,-4.0,-1.1
-4.0,-4.0,-1.1
-4.0,-4.0,-1.1
-4.0,-4.0,-1.1
-4.0,-4.0,-1.1
-4.0,-4.0,-1.1
-4.0,-4.0,-1.1
-4.0,-4.0,-1.1
-4.0,-4.0,-1.1
-4.0,-4.0,-1.1
-4.0,-4.0,-1.1
-4.0,-4.0,-1.1
-4.0,-4.0,-1.1
-4.0,-4.0,-1.1
-4.0,-4.0,-1.1
-4.0,-4.0,-1.1
-4.0,-4.0,-1.1
-4.0,-4.0,-1.1
-4.0,-4.0,-1.1
-4.0,-4.0,-1.1
-4.0,-4.0,-1.1
-4.0,-4.0,-1.1
-4.0,-4.0,-1.1
-4.0,-4.0,-1.1
-4.0,-4.0,-1.1
-4.0,-4.0,-1.1
-4.0,-4.0,-1.1
-4.0,-4.0,-1.1
-4.0,-4.0,-1.1
-4.0,-4.0,-1.1
-4.0,-4.0,-1.1
-4.0,-4.0,-1.1
-4.0,-4.0,-1.1
-4.0,-4.0,-1.1
-4.0,-4.0,-1.1
-4.0,-4.0,-1.1
-4.0,-4.0,-1.1
-4.0,-4.0,-1.1
-4.0,-4.0,-1.1
-4.0,-4.0,-1.1
-4.0,-4.0,-1.1
-4.0,-4.0,-1.1
-4.0,-4.0,-1.1
-4.0,-4.0,-1.1
-4.0,-4.0,-1.1
-4.0,-4.0,-1.1
-4.0,-4.0,-1.1
-4.0,-4.0,-1.1
-4.0,-4.0,-1.1
-4.0,-4.0,-1.1
-4.0,-4.0,-1.1
-4.0,-4.0,-1.1
-4.0,-4.0,-1.1
-4.0,-4.0,-1.1
-4.0,-4.0,-1.1
-4.0,-4.0,-1.1
-4.0,-4.0,-1.1
-4.0,-4.0,-1.1
-4.0,-4.0,-1.1
-4.0,-4.0,-1.1
-4.0,-4.0,-1.1
-4.0,-4.0,-1.1
-4.0,-4.0,-1.1
-4.0,-4.0,-1.1
-4.0,-4.0,-1.1
-4.0,-4.0,-1.1
-4.0,-4.0,-1.1
-4.0,-4.0,-1.1
-4.0,-4.0,-1.1
-4.0,-4.0,-1.1
-4.0,-4.0,-1.1
-4.0,-4.0,-1.1
-4.0,-4.0,-1.1
-4.0,-4.0,-1.1
-4.0,-4.0,-1.1
-4.0,-4.0,-1.1
-4.0,-4.0,-1.1
-4.0,-4.0,-1.1
-4.0,-4.0,-1.1
-4.0,-4.0,-1.1
-4.0,-4.0,-1.1
-4.0,-4.0,-1.1
-4.0,-4.0,-1.1
-4.0,-4.0,-1.1
-4.0,-4.0,-1.1
-4.0,-4.0,-1.1
-4.0,-4.0,-1.1
-4.0,-4.0,-1.1
-4.0,-4.0,-1.1
-4.0,-4.0,-1.1
-4.0,-4.0,-1.1
-4.0,-4.0,-1.1
-4.0,-4.0,-1.1
-4.0,-4.0,-1.1
-4.0,-4.0,-1.1
-4.0,-4.0,-1.1
-4.0,-4.0,-1.1
-4.0,-4.0,-1.1
-4.0,-4.0,-1.1
-4.0,-4.0,-1.1
-4.0,-4.0,-1.1
-4.0,-4.0,-1.1
-4.0,-4.0,-1.1
-4.0,-4.0,-1.1
-4.0,-4.0,-1.1
-4.0,-4.0,-1.1
-4.0,-4.0,-1.1
-4.0,-4.0,-1.1
-4.0,-4.0,-1.1
-4.0,-4.0,-1.1
-4.0,-4.0,-1.1
-4.0,-4.0,-1.1
-4.0,-4.0,-1.1
-4.0,-4.0,-1.1
-4.0,-4.0,-1.1
-4.0,-4.0,-1.1
-4.0,-4.0,-1.1
-4.0,-4.0,-1.1
-4.0,-4.0,-1.1
-4.0,-4.0,-1.1
-4.0,-4.0,-1.1
-4.0,-4.0,-1.1
-4.0,-4.0,-1.1
-4.0,-4.0,-1.1
-4.0,-4.0,-1.1
-4.0,-4.0,-1.1
-4.0,-4.0,-1.1
-4.0,-4.0,-1.1
-4.0,-4.0,-1.1
-4.0,-4.0,-1.1
-4.0,-4.0,-1.1
-4.0,-4.0,-1.1
-4.0,-4.0,-1.1
-4.0,-4.0,-1.1
-4.0,-4.0,-1.1
-4.0,-4.0,-1.1
-4.0,-4.0,-1.1
-4.0,-4.0,-1.1
-4.0,-4.0,-1.1
-4.0,-4.0,-1.1
-4.0,-4.0,-1.1
-4.0,-4.0,-1.1
-4.0,-4.0,-1.1
-4.0,-4.0,-1.1
-4.0,-4.0,-1.1
-4.0,-4.0,-1.1
-4.0,-4.0,-1.1
-4.0,-4.0,-1.1
-4.0,-4.0,-1.1
-4.0,-4.0,-1.1
-4.0,-4.0,-1.1
-4.0,-4.0,-1.1
-4.0,-4.0,-1.1
-4.0,-4.0,-1.1
-4.0,-4.0,-1.1
-4.0,-4.0,-1.1
-4.0,-4.0,-1.1
-4.0,-4.0,-1.1
-4.0,-4.0,-1.1
-4.0,-4.0,-1.1
-4.0,-4.0,-1.1
-4.0,-4.0,-1.1
-4.0,-4.0,-1.1
-4.0,-4.0,-1.1
-4.0,-4.0,-1.1
-4.0,-4.0,-1.1
-4.0,-4.0,-1.1
-4.0,-4.0,-1.1
-4.0,-4.0,-1.1
-4.0,-4.0,-1.1
-4.0,-4.0,-1.1
-4.0,-4.0,-1.1
-4.0,-4.0,-1.1
-4.0,-4.0,-1.1
-4.0,-4.0,-1.1
-4.0,-4.0,-1.1
-4.0,-4.0,-1.1
-4.0,-4.0,-1.1
-4.0,-4.0,-1.1
-4.0,-4.0,-1.1
-4.0,-4.0,-1.1
-4.0,-4.0,-1.1
-4.0,-4.0,-1.1
-4.0,-4.0,-1.1
-4.0,-4.0,-1.1
-4.0,-4.0,-1.1
-4.0,-4.0,-1.1
-4.0,-4.0,-1.1
-4.0,-4.0,-1.1
-4.0,-4.0,-1.1
-4.0,-4.0,-1.1
-4.0,-4.0,-1.1
-4.0,-4.0,-1.1
-4.0,-4.0,-1.1
-4.0,-4.0,-1.1
-4.0,-4.0,-1.1
-4.0,-4.0,-1.1
-4.0,-4.0,-1.1
-4.0,-4.0,-1.1
-4.0,-4.0,-1.1
-4.0,-4.0,-1.1
-4.0,-4.0,-1.1
-4.0,-4.0,-1.1
-4.0,-4.0,-1.1
-4.0,-4.0,-1.1
-4.0,-4.0,-1.1
-4.0,-4.0,-1.1
-4.0,-4.0,-1.1
-4.0,-4.0,-1.1
-4.0,-4.0,-1.1
-4.0,-4.0,-1.1
-4.0,-4.0,-1.1
-4.0,-4.0,-1.1
-4.0,-4.0,-1.1
-4.0,-4.0,-1.1
-4.0,-4.0,-1.1
-4.0,-4.0,-1.1
-4.0,-4.0,-1.1
-4.0,-4.0,-1.1
-4.0,-4.0,-1.1
-4.0,-4.0,-1.1
-4.0,-4.0,-1.1
-4.0,-4.0,-1.1
-4.0,-4.0,-1.1
-4.0,-4.0,-1.1
-4.0,-4.0,-1.1
-4.0,-4.0,-1.1
-4.0,-4.0,-1.1
-4.0,-4.0,-1.1
-4.0,-4.0,-1.1
-4.0,-4.0,-1.1
-4.0,-4.0,-1.1
-4.0,-4.0,-1.1
-4.0,-4.0,-1.1
-4.0,-4.0,-1.1
-4.0,-4.0,-1.1
-4.0,-4.0,-1.1
-4.0,-4.0,-1.1
-4.0,-4.0,-1.1
-4.0,-4.0,-1.1
-4.0,-4.0,-1.1
-4.0,-4.0,-1.1
-4.0,-4.0,-1.1
-4.0,-4.0,-1.1
-4.0,-4.0,-1.1
-4.0,-4.0,-1.1
-4.0,-4.0,-1.1
-4.0,-4.0,-1.1
-4.0,-4.0,-1.1
-4.0,-4.0,-1.1
-4.0,-4.0,-1.1
-4.0,-4.0,-1.1
-4.0,-4.0,-1.1
-4.0,-4.0,-1.1
-4.0,-4.0,-1.1
-4.0,-4.0,-1.1
-4.0,-4.0,-1.1
-4.0,-4.0,-1.1
-4.0,-4.0,-1.1
-4.0,-4.0,-1.1
-4.0,-4.0,-1.1
-4.0,-4.0,-1.1
-4.0,-4.0,-1.1
-4.0,-4.0,-1.1
-4.0,-4.0,-1.1
-4.0,-4.0,-1.1
-4.0,-4.0,-1.1
-4.0,-4.0,-1.1
-4.0,-4.0,-1.1
-4.0,-4.0,-1.1
-4.0,-4.0,-1.1
-4.0,-4.0,-1.1
-4.0,-4.0,-1.1
-4.0,-4.0,-1.1
-4.0,-4.0,-1.1
-4.0,-4.0,-1.1
-4.0,-4.0,-1.1
-4.0,-4.0,-1.1
-4.0,-4.0,-1.1
-4.0,-4.0,-1.1
-4.0,-4.0,-1.1
-4.0,-4.0,-1.1
-4.0,-4.0,-1.1
-4.0,-4.0,-1.1
-4.0,-4.0,-1.1
-4.0,-4.0,-1.1
-4.0,-4.0,-1.1
-4.0,-4.0,-1.1
-4.0,-4.0,-1.1
-4.0,-4.0,-1.1
-4.0,-4.0,-1.1
-4.0,-4.0,-1.1
-4.0,-4.0,-1.1
-4.0,-4.0,-1.1
-4.0,-4.0,-1.1
-4.0,-4.0,-1.1
-4.0,-4.0,-1.1
-4.0,-4.0,-1.1
-4.0,-4.0,-1.1
-4.0,-4.0,-1.1
-4.0,-4.0,-1.1
-4.0,-4.0,-1.1
-4.0,-4.0,-1.1
-4.0,-4.0,-1.1
-4.0,-4.0,-1.1
-4.0,-4.0,-1.1
-4.0,-4.0,-1.1
-4.0,-4.0,-1.1
-4.0,-4.0,-1.1
-4.0,-4.0,-1.1
-4.0,-4.0,-1.1
-4.0,-4.0,-1.1
-4.0,-4.0,-1.1
-4.0,-4.0,-1.1
-4.0,-4.0,-1.1
-4.0,-4.0,-1.1
-4.0,-4.0,-1.1
-4.0,-4.0,-1.1
-4.0,-4.0,-1.1
-4.0,-4.0,-1.1
-4.0,-4.0,-1.1
-4.0,-4.0,-1.1
-4.0,-4.0,-1.1
-4.0,-4.0,-1.1
-4.0,-4.0,-1.1
-4.0,-4.0,-1.1
-4.0,-4.0,-1.1
-4.0,-4.0,-1.1
-4.0,-4.0,-1.1
-4.0,-4.0,-1.1
-4.0,-4.0,-1.1
-4.0,-4.0,-1.1
-4.0,-4.0,-1.1
-4.0,-4.0,-1.1
-4.0,-4.0,-1.1
-4.0,-4.0,-1.1
-4.0,-4.0,-1.1
-4.0,-4.0,-1.1
-4.0,-4.0,-1.1
-4.0,-4.0,-1.1
-4.0,-4.0,-1.1
-4.0,-4.0,-1.1
-4.0,-4.0,-1.1
-4.0,-4.0,-1.1
-4.0,-4.0,-1.1
-4.0,-4.0,-1.1
-4.0,-4.0,-1.1
-4.0,-4.0,-1.1
-4.0,-4.0,-1.1
-4.0,-4.0,-1.1
-4.0,-4.0,-1.1
-4.0,-4.0,-1.1
-4.0,-4.0,-1.1
-4.0,-4.0,-1.1
-4.0,-4.0,-1.1
-4.0,-4.0,-1.1
-4.0,-4.0,-1.1
-4.0,-4.0,-1.1
-4.0,-4.0,-1.1
-4.0,-4.0,-1.1
-4.0,-4.0,-1.1
-4.0,-4.0,-1.1
-4.0,-4.0,-1.1
-4.0,-4.0,-1.1
-4.0,-4.0,-1.1
-4.0,-4.0,-1.1
-4.0,-4.0,-1.1
-4.0,-4.0,-1.1
-4.0,-4.0,-1.1
-4.0,-4.0,-1.1
-4.0,-4.0,-1.1
-4.0,-4.0,-1.1
-4.0,-4.0,-1.1
-4.0,-4.0,-1.1
-4.0,-4.0,-1.1
-4.0,-4.0,-1.1
-4.0,-4.0,-1.1
-4.0,-4.0,-1.1
-4.0,-4.0,-1.1
-4.0,-4.0,-1.1
-4.0,-4.0,-1.1
-4.0,-4.0,-1.1
-4.0,-4.0,-1.1
-4.0,-4.0,-1.1
-4.0,-4.0,-1.1
-4.0,-4.0,-1.1
-4.0,-4.0,-1.1
-4.0,-4.0,-1.1
-4.0,-4.0,-1.1
-4.0,-4.0,-1.1
-4.0,-4.0,-1.1
-4.0,-4.0,-1.1
-4.0,-4.0,-1.1
-4.0,-4.0,-1.1
-4.0,-4.0,-1.1
-4.0,-4.0,-1.1
-4.0,-4.0,-1.1
-4.0,-4.0,-1.1
-4.0,-4.0,-1.1
-4.0,-4.0,-1.1
-4.0,-4.0,-1.1
-4.0,-4.0,-1.1
-4.0,-4.0,-1.1
-4.0,-4.0,-1.1
-4.0,-4.0,-1.1
-4.0,-4.0,-1.1
-4.0,-4.0,-1.1
-4.0,-4.0,-1.1
-4.0,-4.0,-1.1
-4.0,-4.0,-1.1
-4.0,-4.0,-1.1
-4.0,-4.0,-1.1
-4.0,-4.0,-1.1
-4.0,-4.0,-1.1
-4.0,-4.0,-1.1
-4.0,-4.0,-1.1
-4.0,-4.0,-1.1
-4.0,-4.0,-1.1
-4.0,-4.0,-1.1
-4.0,-4.0,-1.1
-4.0,-4.0,-1.1
-4.0,-4.0,-1.1
-4.0,-4.0,-1.1
-4.0,-4.0,-1.1
-4.0,-4.0,-1.1
-4.0,-4.0,-1.1
-4.0,-4.0,-1.1
-4.0,-4.0,-1.1
-4.0,-4.0,-1.1
-4.0,-4.0,-1.1
-4.0,-4.0,-1.1
-4.0,-4.0,-1.1
-4.0,-4.0,-1.1
-4.0,-4.0,-1.1
-4.0,-4.0,-1.1
-4.0,-4.0,-1.1
-4.0,-4.0,-1.1
-4.0,-4.0,-1.1
-4.0,-4.0,-1.1
-4.0,-4.0,-1.1
-4.0,-4.0,-1.1
-4.0,-4.0,-1.1
-4.0,-4.0,-1.1
-4.0,-4.0,-1.1
-4.0,-4.0,-1.1
-4.0,-4.0,-1.1
-4.0,-4.0,-1.1
-4.0,-4.0,-1.1
-4.0,-4.0,-1.1
-4.0,-4.0,-1.1
-4.0,-4.0,-1.1
-4.0,-4.0,-1.1
-4.0,-4.0,-1.1
-4.0,-4.0,-1.1
-4.0,-4.0,-1.1
-4.0,-4.0,-1.1
-4.0,-4.0,-1.1
-4.0,-4.0,-1.1
-4.0,-4.0,-1.1
-4.0,-4.0,-1.1
-4.0,-4.0,-1.1
-4.0,-4.0,-1.1
-4.0,-4.0,-1.1
-4.0,-4.0,-1.1
-4.0,-4.0,-1.1
-4.0,-4.0,-1.1
-4.0,-4.0,-1.1
-4.0,-4.0,-1.1
-4.0,-4.0,-1.1
-4.0,-4.0,-1.1
-4.0,-4.0,-1.1
-4.0,-4.0,-1.1
-4.0,-4.0,-1.1
-4.0,-4.0,-1.1
-4.0,-4.0,-1.1
-4.0,-4.0,-1.1
-4.0,-4.0,-1.1
-4.0,-4.0,-1.1
-4.0,-4.0,-1.1
-4.0,-4.0,-1.1
-4.0,-4.0,-1.1
-4.0,-4.0,-1.1
-4.0,-4.0,-1.1
-4.0,-4.0,-1.1
-4.0,-4.0,-1.1
-4.0,-4.0,-1.1
-4.0,-4.0,-1.1
-4.0,-4.0,-1.1
-4.0,-4.0,-1.1
-4.0,-4.0,-1.1
-4.0,-4.0,-1.1
-4.0,-4.0,-1.1
-4.0,-4.0,-1.1
-4.0,-4.0,-1.1
-4.0,-4.0,-1.1
-4.0,-4.0,-1.1
-4.0,-4.0,-1.1
-4.0,-4.0,-1.1
-4.0,-4.0,-1.1
-4.0,-4.0,-1.1
-4.0,-4.0,-1.1
-4.0,-4.0,-1.1
-4.0,-4.0,-1.1
-4.0,-4.0,-1.1
-4.0,-4.0,-1.1
-4.0,-4.0,-1.1
-4.0,-4.0,-1.1
-4.0,-4.0,-1.1
-4.0,-4.0,-1.1
-4.0,-4.0,-1.1
-4.0,-4.0,-1.1
-4.0,-4.0,-1.1
-4.0,-4.0,-1.1
-4.0,-4.0,-1.1
-4.0,-4.0,-1.1
-4.0,-4.0,-1.1
-4.0,-4.0,-1.1
-4.0,-4.0,-1.1
-4.0,-4.0,-1.1
-4.0,-4.0,-1.1
-4.0,-4.0,-1.1
-4.0,-4.0,-1.1
-4.0,-4.0,-1.1
-4.0,-4.0,-1.1
-4.0,-4.0,-1.1
-4.0,-4.0,-1.1
-4.0,-4.0,-1.1
-4.0,-4.0,-1.1
-4.0,-4.0,-1.1
-4.0,-4.0,-1.1
-4.0,-4.0,-1.1
-4.0,-4.0,-1.1
-4.0,-4.0,-1.1
-4.0,-4.0,-1.1
-4.0,-4.0,-1.1
-4.0,-4.0,-1.1
-4.0,-4.0,-1.1
-4.0,-4.0,-1.1
-4.0,-4.0,-1.1
-4.0,-4.0,-1.1
-4.0,-4.0,-1.1
-4.0,-4.0,-1.1
-4.0,-4.0,-1.1
-4.0,-4.0,-1.1
-4.0,-4.0,-1.1
-4.0,-4.0,-1.1
-4.0,-4.0,-1.1
-4.0,-4.0,-1.1
-4.0,-4.0,-1.1
-4.0,-4.0,-1.1
-4.0,-4.0,-1.1
-4.0,-4.0,-1.1
-4.0,-4.0,-1.1
-4.0,-4.0,-1.1
-4.0,-4.0,-1.1
-4.0,-4.0,-1.1
-4.0,-4.0,-1.1
-4.0,-4.0,-1.1
-4.0,-4.0,-1.1
-4.0,-4.0,-1.1
-4.0,-4.0,-1.1
-4.0,-4.0,-1.1
-4.0,-4.0,-1.1
-4.0,-4.0,-1.1
-4.0,-4.0,-1.1
-4.0,-4.0,-1.1
-4.0,-4.0,-1.1
-4.0,-4.0,-1.1
-4.0,-4.0,-1.1
-4.0,-4.0,-1.1
-4.0,-4.0,-1.1
-4.0,-4.0,-1.1
-4.0,-4.0,-1.1
-4.0,-4.0,-1.1
-4.0,-4.0,-1.1
-4.0,-4.0,-1.1
-4.0,-4.0,-1.1
-4.0,-4.0,-1.1
-4.0,-4.0,-1.1
-4.0,-4.0,-1.1
-4.0,-4.0,-1.1
-4.0,-4.0,-1.1
-4.0,-4.0,-1.1
-4.0,-4.0,-1.1
-4.0,-4.0,-1.1
-4.0,-4.0,-1.1
-4.0,-4.0,-1.1
-4.0,-4.0,-1.1
-4.0,-4.0,-1.1
-4.0,-4.0,-1.1
-4.0,-4.0,-1.1
-4.0,-4.0,-1.1
-4.0,-4.0,-1.1
-4.0,-4.0,-1.1
-4.0,-4.0,-1.1
-4.0,-4.0,-1.1
-4.0,-4.0,-1.1
-4.0,-4.0,-1.1
-4.0,-4.0,-1.1
-4.0,-4.0,-1.1
-4.0,-4.0,-1.1
-4.0,-4.0,-1.1
-4.0,-4.0,-1.1
-4.0,-4.0,-1.1
-4.0,-4.0,-1.1
-4.0,-4.0,-1.1
-4.0,-4.0,-1.1
-4.0,-4.0,-1.1
-4.0,-4.0,-1.1
-4.0,-4.0,-1.1
-4.0,-4.0,-1.1
-4.0,-4.0,-1.1
-4.0,-4.0,-1.1
-4.0,-4.0,-1.1
-4.0,-4.0,-1.1
-4.0,-4.0,-1.1
-4.0,-4.0,-1.1
-4.0,-4.0,-1.1
-4.0,-4.0,-1.1
-4.0,-4.0,-1.1
-4.0,-4.0,-1.1
-4.0,-4.0,-1.1
-4.0,-4.0,-1.1
-4.0,-4.0,-1.1
-4.0,-4.0,-1.1
-4.0,-4.0,-1.1
-4.0,-4.0,-1.1
-4.0,-4.0,-1.1
-4.0,-4.0,-1.1
-4.0,-4.0,-1.1
-4.0,-4.0,-1.1
-4.0,-4.0,-1.1
-4.0,-4.0,-1.1
-4.0,-4.0,-1.1
-4.0,-4.0,-1.1
-4.0,-4.0,-1.1
-4.0,-4.0,-1.1
-4.0,-4.0,-1.1
-4.0,-4.0,-1.1
-4.0,-4.0,-1.1
-4.0,-4.0,-1.1
-4.0,-4.0,-1.1
-4.0,-4.0,-1.1
-4.0,-4.0,-1.1
-4.0,-4.0,-1.1
-4.0,-4.0,-1.1
-4.0,-4.0,-1.1
-4.0,-4.0,-1.1
-4.0,-4.0,-1.1
-4.0,-4.0,-1.1
-4.0,-4.0,-1.1
-4.0,-4.0,-1.1
-4.0,-4.0,-1.1
-4.0,-4.0,-1.1
-4.0,-4.0,-1.1
-4.0,-4.0,-1.1
-4.0,-4.0,-1.1
-4.0,-4.0,-1.1
-4.0,-4.0,-1.1
-4.0,-4.0,-1.1
-4.0,-4.0,-1.1
-4.0,-4.0,-1.1
-4.0,-4.0,-1.1
-4.0,-4.0,-1.1
-4.0,-4.0,-1.1
-4.0,-4.0,-1.1
-4.0,-4.0,-1.1
-4.0,-4.0,-1.1
-4.0,-4.0,-1.1
-4.0,-4.0,-1.1
-4.0,-4.0,-1.1
-4.0,-4.0,-1.1
-4.0,-4.0,-1.1
-4.0,-4.0,-1.1
-4.0,-4.0,-1.1
-4.0,-4.0,-1.1
-4.0,-4.0,-1.1
-4.0,-4.0,-1.1
-4.0,-4.0,-1.1
-4.0,-4.0,-1.1
-4.0,-4.0,-1.1
-4.0,-4.0,-1.1
-4.0,-4.0,-1.1
-4.0,-4.0,-1.1
-4.0,-4.0,-1.1
-4.0,-4.0,-1.1
-4.0,-4.0,-1.1
-4.0,-4.0,-1.1
-4.0,-4.0,-1.1
-4.0,-4.0,-1.1
-4.0,-4.0,-1.1
-4.0,-4.0,-1.1
-4.0,-4.0,-1.1
-4.0,-4.0,-1.1
-4.0,-4.0,-1.1
-4.0,-4.0,-1.1
-4.0,-4.0,-1.1
-4.0,-4.0,-1.1
-4.0,-4.0,-1.1
-4.0,-4.0,-1.1
-4.0,-4.0,-1.1
-4.0,-4.0,-1.1
-4.0,-4.0,-1.1
-4.0,-4.0,-1.1
-4.0,-4.0,-1.1
-4.0,-4.0,-1.1
-4.0,-4.0,-1.1
-4.0,-4.0,-1.1
-4.0,-4.0,-1.1
-4.0,-4.0,-1.1
-4.0,-4.0,-1.1
-4.0,-4.0,-1.1
-4.0,-4.0,-1.1
-4.0,-4.0,-1.1
-4.0,-4.0,-1.1
-4.0,-4.0,-1.1
-4.0,-4.0,-1.1
-4.0,-4.0,-1.1
-4.0,-4.0,-1.1
-4.0,-4.0,-1.1
-4.0,-4.0,-1.1
-4.0,-4.0,-1.1
-4.0,-4.0,-1.1
-4.0,-4.0,-1.1
-4.0,-4.0,-1.1
-4.0,-4.0,-1.1
-4.0,-4.0,-1.1
-4.0,-4.0,-1.1
-4.0,-4.0,-1.1
-4.0,-4.0,-1.1
-4.0,-4.0,-1.1
-4.0,-4.0,-1.1
-4.0,-4.0,-1.1
-4.0,-4.0,-1.1
-4.0,-4.0,-1.1
-4.0,-4.0,-1.1
-4.0,-4.0,-1.1
-4.0,-4.0,-1.1
-4.0,-4.0,-1.1
-4.0,-4.0,-1.1
-4.0,-4.0,-1.1
-4.0,-4.0,-1.1
-4.0,-4.0,-1.1
-4.0,-4.0,-1.1
-4.0,-4.0,-1.1
-4.0,-4.0,-1.1
-4.0,-4.0,-1.1
-4.0,-4.0,-1.1
-4.0,-4.0,-1.1
-4.0,-4.0,-1.1
-4.0,-4.0,-1.1
-4.0,-4.0,-1.1
-4.0,-4.0,-1.1
-4.0,-4.0,-1.1
-4.0,-4.0,-1.1
-4.0,-4.0,-1.1
-4.0,-4.0,-1.1
-4.0,-4.0,-1.1
-4.0,-4.0,-1.1
-4.0,-4.0,-1.1
-4.0,-4.0,-1.1
-4.0,-4.0,-1.1
-4.0,-4.0,-1.1
-4.0,-4.0,-1.1
-4.0,-4.0,-1.1
-4.0,-4.0,-1.1
-4.0,-4.0,-1.1
-4.0,-4.0,-1.1
-4.0,-4.0,-1.1
-4.0,-4.0,-1.1
-4.0,-4.0,-1.1
-4.0,-4.0,-1.1
-4.0,-4.0,-1.1
-4.0,-4.0,-1.1
-4.0,-4.0,-1.1
-4.0,-4.0,-1.1
-4.0,-4.0,-1.1
-4.0,-4.0,-1.1
-4.0,-4.0,-1.1
-4.0,-4.0,-1.1
-4.0,-4.0,-1.1
-4.0,-4.0,-1.1
-4.0,-4.0,-1.1
-4.0,-4.0,-1.1
-4.0,-4.0,-1.1
-4.0,-4.0,-1.1
-4.0,-4.0,-1.1
-4.0,-4.0,-1.1
-4.0,-4.0,-1.1
-4.0,-4.0,-1.1
-4.0,-4.0,-1.1
-4.0,-4.0,-1.1
-4.0,-4.0,-1.1
-4.0,-4.0,-1.1
-4.0,-4.0,-1.1
-4.0,-4.0,-1.1
-4.0,-4.0,-1.1
-4.0,-4.0,-1.1
-4.0,-4.0,-1.1
-4.0,-4.0,-1.1
-4.0,-4.0,-1.1
-4.0,-4.0,-1.1
-4.0,-4.0,-1.1
-4.0,-4.0,-1.1
-4.0,-4.0,-1.1
-4.0,-4.0,-1.1
-4.0,-4.0,-1.1
-4.0,-4.0,-1.1
-4.0,-4.0,-1.1
-4.0,-4.0,-1.1
-4.0,-4.0,-1.1
-4.0,-4.0,-1.1
-4.0,-4.0,-1.1
-4.0,-4.0,-1.1
-4.0,-4.0,-1.1
-4.0,-4.0,-1.1
-4.0,-4.0,-1.1
-4.0,-4.0,-1.1
-4.0,-4.0,-1.1
-4.0,-4.0,-1.1
-4.0,-4.0,-1.1
-4.0,-4.0,-1.1
-4.0,-4.0,-1.1
-4.0,-4.0,-1.1
-4.0,-4.0,-1.1
-4.0,-4.0,-1.1
-4.0,-4.0,-1.1
-4.0,-4.0,-1.1
-4.0,-4.0,-1.1
-4.0,-4.0,-1.1
-4.0,-4.0,-1.1
-4.0,-4.0,-1.1
-4.0,-4.0,-1.1
-4.0,-4.0,-1.1
-4.0,-4.0,-1.1
-4.0,-4.0,-1.1
-4.0,-4.0,-1.1
-4.0,-4.0,-1.1
-4.0,-4.0,-1.1
-4.0,-4.0,-1.1
-4.0,-4.0,-1.1
-4.0,-4.0,-1.1
-4.0,-4.0,-1.1
-4.0,-4.0,-1.1
-4.0,-4.0,-1.1
-4.0,-4.0,-1.1
-4.0,-4.0,-1.1
-4.0,-4.0,-1.1
-4.0,-4.0,-1.1
-4.0,-4.0,-1.1
-4.0,-4.0,-1.1
-4.0,-4.0,-1.1
-4.0,-4.0,-1.1
-4.0,-4.0,-1.1
-4.0,-4.0,-1.1
-4.0,-4.0,-1.1
-4.0,-4.0,-1.1
-4.0,-4.0,-1.1
-4.0,-4.0,-1.1
-4.0,-4.0,-1.1
-4.0,-4.0,-1.1
-4.0,-4.0,-1.1
-4.0,-4.0,-1.1
-4.0,-4.0,-1.1
-4.0,-4.0,-1.1
-4.0,-4.0,-1.1
-4.0,-4.0,-1.1
-4.0,-4.0,-1.1
-4.0,-4.0,-1.1
-4.0,-4.0,-1.1
-4.0,-4.0,-1.1
-4.0,-4.0,-1.1
-4.0,-4.0,-1.1
-4.0,-4.0,-1.1
-4.0,-4.0,-1.1
-4.0,-4.0,-1.1
-4.0,-4.0,-1.1
-4.0,-4.0,-1.1
-4.0,-4.0,-1.1
-4.0,-4.0,-1.1
-4.0,-4.0,-1.1
-4.0,-4.0,-1.1
-4.0,-4.0,-1.1
-4.0,-4.0,-1.1
-4.0,-4.0,-1.1
-4.0,-4.0,-1.1
-4.0,-4.0,-1.1
-4.0,-4.0,-1.1
-4.0,-4.0,-1.1
-4.0,-4.0,-1.1
-4.0,-4.0,-1.1
-4.0,-4.0,-1.1
-4.0,-4.0,-1.1
-4.0,-4.0,-1.1
-4.0,-4.0,-1.1
-4.0,-4.0,-1.1
-4.0,-4.0,-1.1
-4.0,-4.0,-1.1
-4.0,-4.0,-1.1
-4.0,-4.0,-1.1
-4.0,-4.0,-1.1
-4.0,-4.0,-1.1
-4.0,-4.0,-1.1
-4.0,-4.0,-1.1
-4.0,-4.0,-1.1
-4.0,-4.0,-1.1
-4.0,-4.0,-1.1
-4.0,-4.0,-1.1
-4.0,-4.0,-1.1
-4.0,-4.0,-1.1
-4.0,-4.0,-1.1
-4.0,-4.0,-1.1
-4.0,-4.0,-1.1
-4.0,-4.0,-1.1
-4.0,-4.0,-1.1
-4.0,-4.0,-1.1
-4.0,-4.0,-1.1
-4.0,-4.0,-1.1
-4.0,-4.0,-1.1
-4.0,-4.0,-1.1
-4.0,-4.0,-1.1
-4.0,-4.0,-1.1
-4.0,-4.0,-1.1
-4.0,-4.0,-1.1
-4.0,-4.0,-1.1
-4.0,-4.0,-1.1
-4.0,-4.0,-1.1
-4.0,-4.0,-1.1
-4.0,-4.0,-1.1
-4.0,-4.0,-1.1
-4.0,-4.0,-1.1
-4.0,-4.0,-1.1
-4.0,-4.0,-1.1
-4.0,-4.0,-1.1
-4.0,-4.0,-1.1
-4.0,-4.0,-1.1
-4.0,-4.0,-1.1
-4.0,-4.0,-1.1
-4.0,-4.0,-1.1
-4.0,-4.0,-1.1
-4.0,-4.0,-1.1
-4.0,-4.0,-1.1
-4.0,-4.0,-1.1
-4.0,-4.0,-1.1
-4.0,-4.0,-1.1
-4.0,-4.0,-1.1
-4.0,-4.0,-1.1
-4.0,-4.0,-1.1
-4.0,-4.0,-1.1
-4.0,-4.0,-1.1
-4.0,-4.0,-1.1
-4.0,-4.0,-1.1
-4.0,-4.0,-1.1
-4.0,-4.0,-1.1
-4.0,-4.0,-1.1
-4.0,-4.0,-1.1
-4.0,-4.0,-1.1
-4.0,-4.0,-1.1
-4.0,-4.0,-1.1
-4.0,-4.0,-1.1
-4.0,-4.0,-1.1
-4.0,-4.0,-1.1
-4.0,-4.0,-1.1
-4.0,-4.0,-1.1
-4.0,-4.0,-1.1
-4.0,-4.0,-1.1
-4.0,-4.0,-1.1
-4.0,-4.0,-1.1
-4.0,-4.0,-1.1
-4.0,-4.0,-1.1
-4.0,-4.0,-1.1
-4.0,-4.0,-1.1
-4.0,-4.0,-1.1
-4.0,-4.0,-1.1
-4.0,-4.0,-1.1
-4.0,-4.0,-1.1
-4.0,-4.0,-1.1
-4.0,-4.0,-1.1
-4.0,-4.0,-1.1
-4.0,-4.0,-1.1
-4.0,-4.0,-1.1
-4.0,-4.0,-1.1
-4.0,-4.0,-1.1
-4.0,-4.0,-1.1
-4.0,-4.0,-1.1
-4.0,-4.0,-1.1
-4.0,-4.0,-1.1
-4.0,-4.0,-1.1
-4.0,-4.0,-1.1
-4.0,-4.0,-1.1
-4.0,-4.0,-1.1
-4.0,-4.0,-1.1
-4.0,-4.0,-1.1
-4.0,-4.0,-1.1
-4.0,-4.0,-1.1
-4.0,-4.0,-1.1
-4.0,-4.0,-1.1
-4.0,-4.0,-1.1
-4.0,-4.0,-1.1
-4.0,-4.0,-1.1
-4.0,-4.0,-1.1
-4.0,-4.0,-1.1
-4.0,-4.0,-1.1
-4.0,-4.0,-1.1
-4.0,-4.0,-1.1
-4.0,-4.0,-1.1
-4.0,-4.0,-1.1
-4.0,-4.0,-1.1
-4.0,-4.0,-1.1
-4.0,-4.0,-1.1
-4.0,-4.0,-1.1
-4.0,-4.0,-1.1
-4.0,-4.0,-1.1
-4.0,-4.0,-1.1
-4.0,-4.0,-1.1
-4.0,-4.0,-1.1
-4.0,-4.0,-1.1
-4.0,-4.0,-1.1
-4.0,-4.0,-1.1
-4.0,-4.0,-1.1
-4.0,-4.0,-1.1
-4.0,-4.0,-1.1
-4.0,-4.0,-1.1
-4.0,-4.0,-1.1
-4.0,-4.0,-1.1
-4.0,-4.0,-1.1
-4.0,-4.0,-1.1
-4.0,-4.0,-1.1
-4.0,-4.0,-1.1
-4.0,-4.0,-1.1
-4.0,-4.0,-1.1
-4.0,-4.0,-1.1
-4.0,-4.0,-1.1
-4.0,-4.0,-1.1
-4.0,-4.0,-1.1
-4.0,-4.0,-1.1
-4.0,-4.0,-1.1
-4.0,-4.0,-1.1
-4.0,-4.0,-1.1
-4.0,-4.0,-1.1
-4.0,-4.0,-1.1
-4.0,-4.0,-1.1
-4.0,-4.0,-1.1
-4.0,-4.0,-1.1
-4.0,-4.0,-1.1
-4.0,-4.0,-1.1
-4.0,-4.0,-1.1
-4.0,-4.0,-1.1
-4.0,-4.0,-1.1
-4.0,-4.0,-1.1
-4.0,-4.0,-1.1
-4.0,-4.0,-1.1
-4.0,-4.0,-1.1
-4.0,-4.0,-1.1
-4.0,-4.0,-1.1
-4.0,-4.0,-1.1
-4.0,-4.0,-1.1
-4.0,-4.0,-1.1
-4.0,-4.0,-1.1
-4.0,-4.0,-1.1
-4.0,-4.0,-1.1
-4.0,-4.0,-1.1
-4.0,-4.0,-1.1
-4.0,-4.0,-1.1
-4.0,-4.0,-1.1
-4.0,-4.0,-1.1
-4.0,-4.0,-1.1
-4.0,-4.0,-1.1
-4.0,-4.0,-1.1
-4.0,-4.0,-1.1
-4.0,-4.0,-1.1
-4.0,-4.0,-1.1
-4.0,-4.0,-1.1
-4.0,-4.0,-1.1
-4.0,-4.0,-1.1
-4.0,-4.0,-1.1
-4.0,-4.0,-1.1
-4.0,-4.0,-1.1
-4.0,-4.0,-1.1
-4.0,-4.0,-1.1
-4.0,-4.0,-1.1
-4.0,-4.0,-1.1
-4.0,-4.0,-1.1
-4.0,-4.0,-1.1
-4.0,-4.0,-1.1
-4.0,-4.0,-1.1
-4.0,-4.0,-1.1
-4.0,-4.0,-1.1
-4.0,-4.0,-1.1
-4.0,-4.0,-1.1
-4.0,-4.0,-1.1
-4.0,-4.0,-1.1
-4.0,-4.0,-1.1
-4.0,-4.0,-1.1
-4.0,-4.0,-1.1
-4.0,-4.0,-1.1
-4.0,-4.0,-1.1
-4.0,-4.0,-1.1
-4.0,-4.0,-1.1
-4.0,-4.0,-1.1
-4.0,-4.0,-1.1
-4.0,-4.0,-1.1
-4.0,-4.0,-1.1
-4.0,-4.0,-1.1
-4.0,-4.0,-1.1
-4.0,-4.0,-1.1
-4.0,-4.0,-1.1
-4.0,-4.0,-1.1
-4.0,-4.0,-1.1
-4.0,-4.0,-1.1
-4.0,-4.0,-1.1
-4.0,-4.0,-1.1
-4.0,-4.0,-1.1
-4.0,-4.0,-1.1
-4.0,-4.0,-1.1
-4.0,-4.0,-1.1
-4.0,-4.0,-1.1
-4.0,-4.0,-1.1
-4.0,-4.0,-1.1
-4.0,-4.0,-1.1
-4.0,-4.0,-1.1
-4.0,-4.0,-1.1
-4.0,-4.0,-1.1
-4.0,-4.0,-1.1
-4.0,-4.0,-1.1
-4.0,-4.0,-1.1
-4.0,-4.0,-1.1
-4.0,-4.0,-1.1
-4.0,-4.0,-1.1
-4.0,-4.0,-1.1
-4.0,-4.0,-1.1
-4.0,-4.0,-1.1
-4.0,-4.0,-1.1
-4.0,-4.0,-1.1
-4.0,-4.0,-1.1
-4.0,-4.0,-1.1
-4.0,-4.0,-1.1
-4.0,-4.0,-1.1
-4.0,-4.0,-1.1
-4.0,-4.0,-1.1
-4.0,-4.0,-1.1
-4.0,-4.0,-1.1
-4.0,-4.0,-1.1
-4.0,-4.0,-1.1
-4.0,-4.0,-1.1
-4.0,-4.0,-1.1
-4.0,-4.0,-1.1
-4.0,-4.0,-1.1
-4.0,-4.0,-1.1
-4.0,-4.0,-1.1
-4.0,-4.0,-1.1
-4.0,-4.0,-1.1
-4.0,-4.0,-1.1
-4.0,-4.0,-1.1
-4.0,-4.0,-1.1
-4.0,-4.0,-1.1
-4.0,-4.0,-1.1
-4.0,-4.0,-1.1
-4.0,-4.0,-1.1
-4.0,-4.0,-1.1
-4.0,-4.0,-1.1
-4.0,-4.0,-1.1
-4.0,-4.0,-1.1
-4.0,-4.0,-1.1
-4.0,-4.0,-1.1
-4.0,-4.0,-1.1
-4.0,-4.0,-1.1
-4.0,-4.0,-1.1
-4.0,-4.0,-1.1
-4.0,-4.0,-1.1
-4.0,-4.0,-1.1
-4.0,-4.0,-1.1
-4.0,-4.0,-1.1
-4.0,-4.0,-1.1
-4.0,-4.0,-1.1
-4.0,-4.0,-1.1
-4.0,-4.0,-1.1
-4.0,-4.0,-1.1
-4.0,-4.0,-1.1
-4.0,-4.0,-1.1
-4.0,-4.0,-1.1
-4.0,-4.0,-1.1
-4.0,-4.0,-1.1
-4.0,-4.0,-1.1
-4.0,-4.0,-1.1
-4.0,-4.0,-1.1
-4.0,-4.0,-1.1
-4.0,-4.0,-1.1
-4.0,-4.0,-1.1
-4.0,-4.0,-1.1
-4.0,-4.0,-1.1
-4.0,-4.0,-1.1
-4.0,-4.0,-1.1
-4.0,-4.0,-1.1
-4.0,-4.0,-1.1
-4.0,-4.0,-1.1
-4.0,-4.0,-1.1
-4.0,-4.0,-1.1
-4.0,-4.0,-1.1
-4.0,-4.0,-1.1
-4.0,-4.0,-1.1
-4.0,-4.0,-1.1
-4.0,-4.0,-1.1
-4.0,-4.0,-1.1
-4.0,-4.0,-1.1
-4.0,-4.0,-1.1
-4.0,-4.0,-1.1
-4.0,-4.0,-1.1
-4.0,-4.0,-1.1
-4.0,-4.0,-1.1
-4.0,-4.0,-1.1
-4.0,-4.0,-1.1
-4.0,-4.0,-1.1
-4.0,-4.0,-1.1
-4.0,-4.0,-1.1
-4.0,-4.0,-1.1
-4.0,-4.0,-1.1
-4.0,-4.0,-1.1
-4.0,-4.0,-1.1
-4.0,-4.0,-1.1
-4.0,-4.0,-1.1
-4.0,-4.0,-1.1
-4.0,-4.0,-1.1
-4.0,-4.0,-1.1
-4.0,-4.0,-1.1
-4.0,-4.0,-1.1
-4.0,-4.0,-1.1
-4.0,-4.0,-1.1
-4.0,-4.0,-1.1
-4.0,-4.0,-1.1
-4.0,-4.0,-1.1
-4.0,-4.0,-1.1
-4.0,-4.0,-1.1
-4.0,-4.0,-1.1
-4.0,-4.0,-1.1
-4.0,-4.0,-1.1
-4.0,-4.0,-1.1
-4.0,-4.0,-1.1
-4.0,-4.0,-1.1
-4.0,-4.0,-1.1
-4.0,-4.0,-1.1
-4.0,-4.0,-1.1
-4.0,-4.0,-1.1
-4.0,-4.0,-1.1
-4.0,-4.0,-1.1
-4.0,-4.0,-1.1
-4.0,-4.0,-1.1
-4.0,-4.0,-1.1
-4.0,-4.0,-1.1
-4.0,-4.0,-1.1
-4.0,-4.0,-1.1
-4.0,-4.0,-1.1
-4.0,-4.0,-1.1
-4.0,-4.0,-1.1
-4.0,-4.0,-1.1
-4.0,-4.0,-1.1
-4.0,-4.0,-1.1
-4.0,-4.0,-1.1
-4.0,-4.0,-1.1
-4.0,-4.0,-1.1
-4.0,-4.0,-1.1
-4.0,-4.0,-1.1
-4.0,-4.0,-1.1
-4.0,-4.0,-1.1
-4.0,-4.0,-1.1
-4.0,-4.0,-1.1
-4.0,-4.0,-1.1
-4.0,-4.0,-1.1
-4.0,-4.0,-1.1
-4.0,-4.0,-1.1
-4.0,-4.0,-1.1
-4.0,-4.0,-1.1
-4.0,-4.0,-1.1
-4.0,-4.0,-1.1
-4.0,-4.0,-1.1
-4.0,-4.0,-1.1
-4.0,-4.0,-1.1
-4.0,-4.0,-1.1
-4.0,-4.0,-1.1
-4.0,-4.0,-1.1
-4.0,-4.0,-1.1
-4.0,-4.0,-1.1
-4.0,-4.0,-1.1
-4.0,-4.0,-1.1
-4.0,-4.0,-1.1
-4.0,-4.0,-1.1
-4.0,-4.0,-1.1
-4.0,-4.0,-1.1
-4.0,-4.0,-1.1
-4.0,-4.0,-1.1
-4.0,-4.0,-1.1
-4.0,-4.0,-1.1
-4.0,-4.0,-1.1
-4.0,-4.0,-1.1
-4.0,-4.0,-1.1
-4.0,-4.0,-1.1
-4.0,-4.0,-1.1
-4.0,-4.0,-1.1
-4.0,-4.0,-1.1
-4.0,-4.0,-1.1
-4.0,-4.0,-1.1
-4.0,-4.0,-1.1
-4.0,-4.0,-1.1
-4.0,-4.0,-1.1
-4.0,-4.0,-1.1
-4.0,-4.0,-1.1
-4.0,-4.0,-1.1
-4.0,-4.0,-1.1
-4.0,-4.0,-1.1
-4.0,-4.0,-1.1
-4.0,-4.0,-1.1
-4.0,-4.0,-1.1
-4.0,-4.0,-1.1
-4.0,-4.0,-1.1
-4.0,-4.0,-1.1
-4.0,-4.0,-1.1
-4.0,-4.0,-1.1
-4.0,-4.0,-1.1
-4.0,-4.0,-1.1
-4.0,-4.0,-1.1
-4.0,-4.0,-1.1
-4.0,-4.0,-1.1
-4.0,-4.0,-1.1
-4.0,-4.0,-1.1
-4.0,-4.0,-1.1
-4.0,-4.0,-1.1
-4.0,-4.0,-1.1
-4.0,-4.0,-1.1
-4.0,-4.0,-1.1
-4.0,-4.0,-1.1
-4.0,-4.0,-1.1
-4.0,-4.0,-1.1
-4.0,-4.0,-1.1
-4.0,-4.0,-1.1
-4.0,-4.0,-1.1
-4.0,-4.0,-1.1
-4.0,-4.0,-1.1
-4.0,-4.0,-1.1
-4.0,-4.0,-1.1
-4.0,-4.0,-1.1
-4.0,-4.0,-1.1
-4.0,-4.0,-1.1
-4.0,-4.0,-1.1
-4.0,-4.0,-1.1
-4.0,-4.0,-1.1
-4.0,-4.0,-1.1
-4.0,-4.0,-1.1
-4.0,-4.0,-1.1
-4.0,-4.0,-1.1
-4.0,-4.0,-1.1
-4.0,-4.0,-1.1
-4.0,-4.0,-1.1
-4.0,-4.0,-1.1
-4.0,-4.0,-1.1
-4.0,-4.0,-1.1
-4.0,-4.0,-1.1
-4.0,-4.0,-1.1
-4.0,-4.0,-1.1
-4.0,-4.0,-1.1
-4.0,-4.0,-1.1
-4.0,-4.0,-1.1
-4.0,-4.0,-1.1
-4.0,-4.0,-1.1
-4.0,-4.0,-1.1
-4.0,-4.0,-1.1
-4.0,-4.0,-1.1
-4.0,-4.0,-1.1
-4.0,-4.0,-1.1
-4.0,-4.0,-1.1
-4.0,-4.0,-1.1
-4.0,-4.0,-1.1
-4.0,-4.0,-1.1
-4.0,-4.0,-1.1
-4.0,-4.0,-1.1
-4.0,-4.0,-1.1
-4.0,-4.0,-1.1
-4.0,-4.0,-1.1
-4.0,-4.0,-1.1
-4.0,-4.0,-1.1
-4.0,-4.0,-1.1
-4.0,-4.0,-1.1
-4.0,-4.0,-1.1
-4.0,-4.0,-1.1
-4.0,-4.0,-1.1
-4.0,-4.0,-1.1
-4.0,-4.0,-1.1
-4.0,-4.0,-1.1
-4.0,-4.0,-1.1
-4.0,-4.0,-1.1
-4.0,-4.0,-1.1
-4.0,-4.0,-1.1
-4.0,-4.0,-1.1
-4.0,-4.0,-1.1
-4.0,-4.0,-1.1
-4.0,-4.0,-1.1
-4.0,-4.0,-1.1
-4.0,-4.0,-1.1
-4.0,-4.0,-1.1
-4.0,-4.0,-1.1
-4.0,-4.0,-1.1
-4.0,-4.0,-1.1
-4.0,-4.0,-1.1
-4.0,-4.0,-1.1
-4.0,-4.0,-1.1
-4.0,-4.0,-1.1
-4.0,-4.0,-1.1
-4.0,-4.0,-1.1
-4.0,-4.0,-1.1
-4.0,-4.0,-1.1
-4.0,-4.0,-1.1
-4.0,-4.0,-1.1
-4.0,-4.0,-1.1
-4.0,-4.0,-1.1
-4.0,-4.0,-1.1
-4.0,-4.0,-1.1
-4.0,-4.0,-1.1
-4.0,-4.0,-1.1
-4.0,-4.0,-1.1
-4.0,-4.0,-1.1
-4.0,-4.0,-1.1
-4.0,-4.0,-1.1
-4.0,-4.0,-1.1
-4.0,-4.0,-1.1
-4.0,-4.0,-1.1
-4.0,-4.0,-1.1
-4.0,-4.0,-1.1
-4.0,-4.0,-1.1
-4.0,-4.0,-1.1
-4.0,-4.0,-1.1
-4.0,-4.0,-1.1
-4.0,-4.0,-1.1
-4.0,-4.0,-1.1
-4.0,-4.0,-1.1
-4.0,-4.0,-1.1
-4.0,-4.0,-1.1
-4.0,-4.0,-1.1
-4.0,-4.0,-1.1
-4.0,-4.0,-1.1
-4.0,-4.0,-1.1
-4.0,-4.0,-1.1
-4.0,-4.0,-1.1
-4.0,-4.0,-1.1
-4.0,-4.0,-1.1
-4.0,-4.0,-1.1
-4.0,-4.0,-1.1
-4.0,-4.0,-1.1
-4.0,-4.0,-1.1
-4.0,-4.0,-1.1
-4.0,-4.0,-1.1
-4.0,-4.0,-1.1
-4.0,-4.0,-1.1
-4.0,-4.0,-1.1
-4.0,-4.0,-1.1
-4.0,-4.0,-1.1
-4.0,-4.0,-1.1
-4.0,-4.0,-1.1
-4.0,-4.0,-1.1
-4.0,-4.0,-1.1
-4.0,-4.0,-1.1
-4.0,-4.0,-1.1
-4.0,-4.0,-1.1
-4.0,-4.0,-1.1
-4.0,-4.0,-1.1
-4.0,-4.0,-1.1
-4.0,-4.0,-1.1
-4.0,-4.0,-1.1
-4.0,-4.0,-1.1
-4.0,-4.0,-1.1
-4.0,-4.0,-1.1
-4.0,-4.0,-1.1
-4.0,-4.0,-1.1
-4.0,-4.0,-1.1
-4.0,-4.0,-1.1
-4.0,-4.0,-1.1
-4.0,-4.0,-1.1
-4.0,-4.0,-1.1
-4.0,-4.0,-1.1
-4.0,-4.0,-1.1
-4.0,-4.0,-1.1
-4.0,-4.0,-1.1
-4.0,-4.0,-1.1
-4.0,-4.0,-1.1
-4.0,-4.0,-1.1
-4.0,-4.0,-1.1
-4.0,-4.0,-1.1
-4.0,-4.0,-1.1
-4.0,-4.0,-1.1
-4.0,-4.0,-1.1
-4.0,-4.0,-1.1
-4.0,-4.0,-1.1
-4.0,-4.0,-1.1
-4.0,-4.0,-1.1
-4.0,-4.0,-1.1
-4.0,-4.0,-1.1
-4.0,-4.0,-1.1
-4.0,-4.0,-1.1
-4.0,-4.0,-1.1
-4.0,-4.0,-1.1
-4.0,-4.0,-1.1
-4.0,-4.0,-1.1
-4.0,-4.0,-1.1
-4.0,-4.0,-1.1
-4.0,-4.0,-1.1
-4.0,-4.0,-1.1
-4.0,-4.0,-1.1
-4.0,-4.0,-1.1
-4.0,-4.0,-1.1
-4.0,-4.0,-1.1
-4.0,-4.0,-1.1
-4.0,-4.0,-1.1
-4.0,-4.0,-1.1
-4.0,-4.0,-1.1
-4.0,-4.0,-1.1
-4.0,-4.0,-1.1
-4.0,-4.0,-1.1
-4.0,-4.0,-1.1
-4.0,-4.0,-1.1
-4.0,-4.0,-1.1
-4.0,-4.0,-1.1
-4.0,-4.0,-1.1
-4.0,-4.0,-1.1
-4.0,-4.0,-1.1
-4.0,-4.0,-1.1
-4.0,-4.0,-1.1
-4.0,-4.0,-1.1
-4.0,-4.0,-1.1
-4.0,-4.0,-1.1
-4.0,-4.0,-1.1
-4.0,-4.0,-1.1
-4.0,-4.0,-1.1
-4.0,-4.0,-1.1
-4.0,-4.0,-1.1
-4.0,-4.0,-1.1
-4.0,-4.0,-1.1
-4.0,-4.0,-1.1
-4.0,-4.0,-1.1
-4.0,-4.0,-1.1
-4.0,-4.0,-1.1
-4.0,-4.0,-1.1
-4.0,-4.0,-1.1
-4.0,-4.0,-1.1
-4.0,-4.0,-1.1
-4.0,-4.0,-1.1
-4.0,-4.0,-1.1
-4.0,-4.0,-1.1
-4.0,-4.0,-1.1
-4.0,-4.0,-1.1
-4.0,-4.0,-1.1
-4.0,-4.0,-1.1
-4.0,-4.0,-1.1
-4.0,-4.0,-1.1
-4.0,-4.0,-1.1
-4.0,-4.0,-1.1
-4.0,-4.0,-1.1
-4.0,-4.0,-1.1
-4.0,-4.0,-1.1
