x,y,z
0.000695955,-0.111972,0.117698
-0.0662847,-0.0902901,0.117668
-0.0340425,-0.105032,0.117644
0.0356489,-0.106111,0.117673
-0.0362274,-0.0696663,0.117714
-0.00148105,-0.0766059,0.117715
0.062489,-0.0830172,0.117713
-0.0911355,-0.0649884,0.117648
0.0313071,-0.0631748,0.117715
0.091971,-0.06341,0.117669
-0.106835,-0.0331653,0.117591
-0.0336586,-0.0335959,0.117664
0.00353616,-0.0410452,0.117715
0.0357375,-0.0261887,0.117702
0.103518,-0.0299994,0.117678
0.00479058,-0.00531758,0.117715
0.0700325,-0.014733,0.117715
-0.108259,0.00217575,0.117484
-0.0712943,0.00332393,0.117715
-0.0331525,0.00642026,0.117665
0.0395207,0.00930368,0.117715
0.0732741,0.0207946,0.117697
0.110499,0.00465389,0.117647
-0.0958714,0.0353205,0.117634
0.00848635,0.0334064,0.117708
0.103816,0.0394469,0.117693
-0.0626069,0.0475131,0.117711
0.0429567,0.0448401,0.117715
0.0750851,0.0603086,0.117715
-0.0761563,0.0804195,0.117694
-0.031996,0.0733538,0.117701
0.0291429,0.0775301,0.117704
-0.0210535,0.108755,0.117715
0.0143631,0.109803,0.117715
0.0608921,0.0932304,0.117685
0.0617069,-0.0480529,0.127845
-0.0670664,-0.0407867,0.126932
-0.0501237,-0.0133876,0.141591
-0.0532489,0.0230821,0.141603
-0.0252132,0.039755,0.126615
-0.0932662,0.0609172,0.141772
-0.00193281,0.0827232,0.133861
-0.0506406,0.0984771,0.134278
-0.0505149,-0.0985262,0.148223
-0.0169878,-0.109491,0.148303
0.0183062,-0.109221,0.148279
0.0518038,-0.0979169,0.148182
-0.0789679,-0.0777266,0.14824
-0.0127867,-0.076362,0.160099
0.0226279,-0.0758539,0.159323
0.0800257,-0.0766177,0.148173
-0.0993664,-0.0489035,0.14811
-0.0481734,-0.0602623,0.149718
0.0530165,-0.0577635,0.161096
0.100125,-0.0474725,0.148246
-0.0712584,-0.0328009,0.162359
-0.0169764,-0.0436502,0.147186
0.024313,-0.0427352,0.146848
0.0720379,-0.0280811,0.157706
-0.109782,-0.0150869,0.14805
0.0059641,-0.0133056,0.153978
0.0437394,-0.00922529,0.147761
0.110036,-0.0132924,0.148154
-0.108858,0.0209873,0.147236
-0.0794725,0.00233579,0.153509
-0.0229712,0.00695378,0.151532
0.0210604,0.0179831,0.147015
0.077446,0.00681467,0.155026
0.108634,0.0221814,0.148251
0.0647729,0.0388739,0.146913
-0.0532441,0.0650465,0.147033
0.00206691,0.0505101,0.148058
0.042392,0.0662913,0.148582
0.0961195,0.0553159,0.148372
-0.0218687,0.0729182,0.161479
0.0737141,0.082852,0.148965
-0.0299796,0.107403,0.161592
0.0387284,0.104562,0.142899
0.00428317,0.111473,0.153607
0.000657429,-0.112038,0.178825
-0.0663521,-0.0903551,0.17878
-0.034606,-0.10617,0.178835
0.0359402,-0.10604,0.178781
0.0674336,-0.0892346,0.178748
-0.0911891,-0.0645624,0.178628
0.092024,-0.0634903,0.178757
-0.107023,-0.0326741,0.178453
-0.0374018,-0.0277061,0.171337
0.00386451,-0.0425375,0.175759
0.107254,-0.0310476,0.178789
0.0245864,-0.0050243,0.183269
-0.111608,0.00362415,0.177963
-0.050541,0.00510649,0.173683
-4.84236e-05,0.019201,0.175447
0.0477161,0.0184984,0.17035
0.111516,0.00411465,0.178863
-0.104786,0.0383817,0.17751
-0.0706564,0.0390158,0.168018
-0.0312128,0.0388759,0.164488
0.103747,0.0389175,0.178955
-0.0486799,0.0637143,0.182737
0.0214062,0.0472072,0.177556
0.0564219,0.0517902,0.178789
-0.0873368,0.0693636,0.175486
0.0126719,0.0794206,0.165936
0.0867321,0.0699255,0.179206
-0.061971,0.0927264,0.167352
0.0542831,0.0966918,0.175122
-0.0296943,-0.0732863,0.191082
0.00562898,-0.078873,0.190264
0.039452,-0.0684631,0.192022
-0.0589613,-0.0535042,0.188349
-0.0297685,-0.0395426,0.203764
0.0346996,-0.0325423,0.203155
0.0661343,-0.0421982,0.190076
-0.109959,-0.0143582,0.20837
-0.0805426,-0.01016,0.18798
-0.0496517,-0.0102845,0.205574
-0.0101365,-0.0123687,0.187973
0.0516421,-0.00165916,0.206802
0.0799504,-0.00975347,0.18698
-0.108813,0.0214953,0.208357
-0.0304523,0.0210607,0.198069
-0.0745816,0.0228761,0.199312
0.0403744,0.0317011,0.203115
0.074413,0.0247246,0.1928
-0.0961398,0.0554431,0.207015
-0.010844,0.0498754,0.191906
-0.0737008,0.0827782,0.205097
0.00510793,0.0803077,0.200529
0.0388054,0.0698616,0.203619
0.0699194,0.0866924,0.205449
-0.0447387,0.101558,0.197241
-0.0109901,0.110475,0.191312
0.0243404,0.108291,0.190035
-0.0506687,-0.0984909,0.20943
-0.0170626,-0.109569,0.20933
0.0183573,-0.109262,0.20933
0.0519016,-0.0979764,0.209315
-0.0792238,-0.0775623,0.209144
-0.01294,-0.0769966,0.222556
0.0224851,-0.0764618,0.222076
0.0800752,-0.0766417,0.209349
-0.099515,-0.0485796,0.209001
-0.0463946,-0.065412,0.221348
0.00384847,-0.0481818,0.210691
0.0558328,-0.0540171,0.221834
0.100184,-0.0475775,0.209309
-0.0681353,-0.0374403,0.221031
0.0766499,-0.0232111,0.219634
-0.0796928,-0.00305433,0.222911
-0.0190164,-0.00192664,0.222466
0.0137106,-0.0150748,0.225717
0.110051,-0.0136467,0.209507
-0.0514543,0.0182828,0.22645
0.00924319,0.0160495,0.209439
0.0788293,0.0116745,0.225428
0.108811,0.0216613,0.209411
-0.0206235,0.0418462,0.225025
-0.0597589,0.0514679,0.214084
0.0130897,0.0502077,0.21803
0.0580605,0.0498247,0.227861
0.09649,0.0548024,0.209719
-0.0281516,0.0737315,0.211534
-0.0263602,0.108087,0.229748
0.00787064,0.110945,0.221272
0.0423007,0.102771,0.220654
-0.0668429,-0.089882,0.239709
-0.0346634,-0.106702,0.239923
0.000566107,-0.11066,0.239844
0.0360725,-0.106092,0.239848
0.0674847,-0.0892885,0.239908
0.041334,-0.0681274,0.250907
-0.0915144,-0.0642848,0.239559
-0.0600046,-0.0538699,0.251947
0.0151335,-0.0453154,0.244076
0.0919896,-0.0637051,0.240091
-0.107245,-0.0317249,0.239083
-0.0196132,-0.0443144,0.237326
0.107229,-0.0317429,0.240178
-0.0445274,-0.0191189,0.240021
0.0467555,-0.0184489,0.238041
0.0805169,-0.010938,0.252646
-0.111302,0.00340725,0.238672
0.000482557,0.0187337,0.243629
0.0355358,0.0154353,0.234213
0.111716,0.00335936,0.240538
-0.0924747,0.0353689,0.236494
0.105059,0.0381114,0.24043
-0.0612408,0.0460746,0.24932
-0.0851883,0.0711961,0.236477
-0.0354863,0.0701708,0.246009
-0.00321078,0.080575,0.235747
0.0318116,0.0737823,0.238101
0.082659,0.0739789,0.235959
-0.0586462,0.0945248,0.234797
0.0258056,0.108117,0.251651
0.0584048,0.0943849,0.251512
-0.0512506,-0.0983079,0.270139
-0.0162887,-0.102771,0.269888
0.0183947,-0.10933,0.270264
0.0519234,-0.0980157,0.270477
-0.0796636,-0.0772608,0.270182
-0.0308696,-0.0739996,0.25297
0.00520277,-0.0781286,0.252961
0.0801626,-0.0766504,0.270859
-0.099931,-0.0477616,0.269674
0.100297,-0.0475073,0.271124
-0.0766645,-0.0227162,0.254531
-0.0329618,-0.0395436,0.269799
0.0330774,-0.0358049,0.273022
0.066551,-0.0434599,0.254176
-0.110106,-0.0138443,0.26957
-0.0441445,-0.00153651,0.270773
-0.0128007,-0.0144148,0.255054
0.021264,-0.00550616,0.258972
0.0533843,-0.000902731,0.273164
0.110154,-0.0134832,0.271889
-0.108874,0.0218639,0.268429
-0.0723242,0.012436,0.25446
0.101081,0.0207551,0.271059
-0.0314838,0.02797,0.255792
0.0311929,0.0341508,0.263983
0.0643896,0.0267967,0.25402
-0.0965189,0.0548969,0.265719
0.00159282,0.0519084,0.255993
0.0549116,0.0605546,0.261479
0.0943974,0.0592375,0.266589
-0.072588,0.0843598,0.26656
-0.0148682,0.0786235,0.273547
0.0227089,0.075228,0.272281
-0.0423554,0.102744,0.265016
-0.00821757,0.111037,0.260951
-0.0354546,-0.0722992,0.288032
0.0259124,-0.0765198,0.281631
-0.000364448,-0.0519181,0.276099
0.0566326,-0.0571006,0.288701
-0.0682105,-0.0407632,0.283823
0.0762444,-0.0253589,0.284755
-0.0795031,-0.00446023,0.284764
-0.00901756,-0.0206954,0.290379
0.0210034,-0.00231253,0.294254
-0.00704514,0.0122715,0.277616
-0.0717934,0.0351756,0.28161
-0.0423116,0.0225995,0.296644
0.071335,0.0407464,0.285828
-0.0473085,0.0627256,0.278601
-0.0172394,0.0452959,0.285266
0.0425871,0.0585515,0.296407
-0.0860557,0.0698808,0.295955
0.0733936,0.083247,0.281612
-0.0571208,0.0951594,0.296244
-0.0244534,0.108527,0.294984
0.0105485,0.11062,0.29094
0.0437512,0.102282,0.282688
-0.000492823,-0.112215,0.300058
-0.0669529,-0.0899119,0.30061
-0.0354085,-0.106374,0.300686
0.034913,-0.106641,0.30124
0.0664037,-0.090453,0.301869
-0.00319663,-0.0769554,0.301805
0.0287913,-0.075283,0.316869
-0.0920359,-0.063416,0.300285
-0.0586069,-0.0530344,0.315641
-0.0217285,-0.0477351,0.309373
0.0913197,-0.0650149,0.302408
-0.10736,-0.0315025,0.300224
0.0151952,-0.0416288,0.306221
0.0464785,-0.0251465,0.303969
0.107048,-0.0332698,0.302849
-0.0474218,-0.0183786,0.301771
-0.111773,0.00362235,0.300332
-0.078236,0.0195696,0.312751
-0.0145478,0.0068478,0.31196
0.0765224,0.00804696,0.298448
0.111584,0.00471725,0.302255
-0.104971,0.0383407,0.299189
0.00989274,0.0306804,0.302684
0.0444539,0.0234301,0.300705
0.103746,0.0408183,0.30014
-0.0588462,0.0516212,0.310193
-0.0285979,0.0751127,0.306021
0.0109379,0.0784364,0.305514
0.0855433,0.0711213,0.31251
0.0589817,0.0945305,0.313722
-0.0197751,-0.109291,0.332267
0.0157007,-0.109755,0.331291
0.050051,-0.0991237,0.332124
-0.0801113,-0.0769095,0.330575
-0.0353369,-0.0787549,0.322871
-0.00149994,-0.0793468,0.337177
0.0786632,-0.0782629,0.332735
-0.100021,-0.0476239,0.33089
0.0554463,-0.0530427,0.323871
0.0993587,-0.0495496,0.333388
-0.0604891,-0.0278308,0.340473
-0.0875398,-0.0130226,0.323031
-0.0272491,-0.0202407,0.33084
0.00772414,-0.0151653,0.328567
0.077456,-0.0221313,0.320833
0.109888,-0.0157449,0.333503
-0.11056,0.0115879,0.334808
-0.0486762,0.00782775,0.328215
0.0393925,0.000612178,0.32718
0.0728981,0.0110283,0.333565
0.109297,0.0195079,0.336648
-0.0230958,0.0411119,0.319958
0.0653188,0.0433755,0.321248
-0.0958169,0.0565059,0.327815
-0.0414828,0.0656577,0.337704
0.0155929,0.0529896,0.329568
0.0976072,0.052721,0.340173
-0.0708653,0.081405,0.325698
-0.00860635,0.0786021,0.335066
-0.0405394,0.103845,0.326138
0.0307901,0.107388,0.330898
-0.00355834,0.111663,0.323364
-0.00222484,-0.112047,0.362853
-0.0372682,-0.105465,0.36283
0.0328373,-0.107088,0.362002
0.0649241,-0.0914884,0.363136
-0.0684212,-0.0886488,0.361498
0.0390668,-0.0708616,0.350444
-0.0786599,-0.0548284,0.358227
-0.024234,-0.0528505,0.344339
0.0115745,-0.047045,0.343521
0.0419829,-0.0290588,0.346162
-0.108119,-0.0197762,0.351069
0.00364027,-0.0123463,0.363648
0.0737936,-0.0166666,0.355648
-0.08805,0.00787684,0.361913
-0.0196033,0.00956619,0.348321
0.0136151,0.0198745,0.341805
0.0360905,0.00186135,0.362425
-0.104884,0.0386328,0.356939
-0.0684841,0.0389497,0.341834
-0.038735,0.0365812,0.360842
0.0346505,0.0434326,0.357862
0.0696331,0.0380651,0.356231
-0.00489712,0.0464502,0.357653
-0.0844835,0.0715858,0.357595
0.0399236,0.0751879,0.342504
0.0745761,0.082114,0.344349
-0.0580106,0.094983,0.355537
-0.0201595,0.108927,0.354459
-0.0169024,-0.0771577,0.369041
0.0174169,-0.0768874,0.377809
-0.046066,-0.055901,0.372076
-0.00360109,-0.0449534,0.375469
0.0599569,-0.0491399,0.369009
0.09028,-0.0665527,0.364028
-0.10262,-0.0425436,0.381254
-0.0743661,-0.0228884,0.372925
-0.0330569,-0.0235191,0.365558
0.0292745,-0.0312594,0.37916
0.106582,-0.0351948,0.36496
-0.111226,-0.0079104,0.38421
0.112165,-0.000277018,0.365877
-0.0533823,0.00531313,0.368681
-0.0211452,0.00469197,0.383338
0.00982684,0.0206573,0.376986
0.0624828,0.00633603,0.385618
-0.0709769,0.0350376,0.376954
0.104049,0.0339551,0.369489
-0.0458405,0.0613483,0.385103
0.0902658,0.0664478,0.371973
-0.0175892,0.0783137,0.372104
0.0177495,0.0768793,0.370077
0.0549037,0.0677828,0.373747
-0.0393461,0.104512,0.383862
0.00888441,0.110919,0.374332
0.0422585,0.103136,0.364152
-0.0541651,-0.0965942,0.392679
-0.0211967,-0.109171,0.395028
0.0141327,-0.110096,0.394162
0.0480548,-0.100247,0.393027
-0.0844419,-0.0727271,0.388581
-0.0313733,-0.0706862,0.400728
0.0770546,-0.0799688,0.394123
0.0162678,-0.0478283,0.407651
0.0450451,-0.0651511,0.396711
0.0983405,-0.0517882,0.395184
-0.0672479,-0.0441055,0.400384
-0.0331045,-0.0349139,0.399036
0.0736041,-0.0265586,0.392633
-0.081308,-0.003765,0.402722
-0.0461726,-0.00301396,0.407197
-0.00220521,-0.0180025,0.40284
0.0297189,-0.000580573,0.39719
0.109573,-0.0183148,0.396243
0.0950622,0.013903,0.397272
-0.108228,0.0268118,0.3901
-0.0358806,0.03145,0.401279
0.0398076,0.0329598,0.391314
-0.0944073,0.0593401,0.389268
-0.00466869,0.0492301,0.392945
0.0999239,0.0486703,0.401441
-0.0712008,0.0859698,0.386996
0.0170759,0.0742596,0.405404
0.0793766,0.0773507,0.403812
0.0485525,0.0942238,0.400184
-0.00432677,-0.111873,0.426066
-0.0403885,-0.103895,0.424289
0.0308247,-0.107494,0.425299
0.0629808,-0.0926854,0.423977
-0.0691563,-0.0792999,0.419716
0.00163103,-0.0806057,0.409291
0.0343219,-0.0725966,0.429565
0.0888369,-0.0680514,0.425156
-0.0957654,-0.0560609,0.417616
-0.0143514,-0.0495136,0.425227
-0.108836,-0.023349,0.415968
0.0564135,-0.0410292,0.420028
0.0905918,-0.0325653,0.423915
0.0315127,-0.0172564,0.428392
0.0722749,-0.00267053,0.41875
0.11169,-0.00453279,0.428806
-0.110738,0.0113946,0.421794
-0.00245745,0.0183361,0.41011
0.0409676,0.0168703,0.42731
-0.0717506,0.0291034,0.411873
0.0182663,0.0437923,0.423437
0.0699565,0.0323751,0.414103
-0.101535,0.0454647,0.421906
-0.051679,0.057206,0.419791
-0.0170397,0.0450227,0.428275
0.0491593,0.0610033,0.412473
-0.0823526,0.0748814,0.418626
-0.0225735,0.074738,0.409774
-0.0536729,0.0972295,0.415397
-0.017523,0.109778,0.410984
0.0178016,0.109539,0.408405
-0.0609904,-0.0934049,0.45105
-0.0873758,-0.0698791,0.449042
-0.00597597,-0.0808953,0.443873
-0.0486658,-0.0535998,0.432804
0.0159873,-0.0455251,0.443048
-0.104474,-0.0389154,0.447415
-0.0751261,-0.027928,0.430896
-0.0497992,-0.0114201,0.449364
-0.0172643,-0.00738004,0.433088
0.0670569,-0.0217974,0.448112
-0.0796101,0.00649389,0.437995
-0.0406134,0.0192446,0.434192
0.00340046,0.0196961,0.444953
0.0783471,0.0172049,0.447437
-0.0669061,0.0392689,0.446943
0.107649,0.0306041,0.43092
-0.0922175,0.0637555,0.450771
0.0622711,0.0486445,0.444628
0.0926996,0.0626809,0.433156
-0.0648784,0.086161,0.447107
-0.0329733,0.0707993,0.446622
0.000471709,0.0768108,0.4366
0.0346929,0.0708473,0.443541
0.0681318,0.0888164,0.435365
-0.0358969,0.106351,0.444411
0.037092,0.105711,0.437719
0.00219316,0.112029,0.440067
-0.0251223,-0.108647,0.455727
0.00955751,-0.110892,0.461798
0.0438303,-0.10252,0.462262
-0.0354508,-0.0708805,0.46076
0.0229692,-0.073909,0.463069
0.0732331,-0.0838933,0.45644
-0.0626383,-0.0485499,0.464937
0.0539658,-0.0543924,0.452747
0.0958731,-0.0568091,0.457819
-0.0235901,-0.0343633,0.455826
0.0321451,-0.0348721,0.472689
0.108768,-0.0239189,0.458341
-0.111811,-0.00475572,0.45323
-0.0815336,-0.0186082,0.465177
0.00937119,-0.0133391,0.456181
-0.0771685,0.0157067,0.472752
-0.0204196,0.00249952,0.466958
0.041817,0.00065491,0.458801
0.110758,0.0113115,0.460475
-0.103287,0.0296183,0.453406
-0.0371969,0.0338359,0.466292
0.0308097,0.0384248,0.457303
-0.0575008,0.0622649,0.472205
-0.00522395,0.0495549,0.461915
0.0497191,0.0627719,0.474758
0.101697,0.0454002,0.462714
0.0820432,0.0747025,0.464736
-0.0138613,0.110375,0.471546
0.0215806,0.109016,0.469308
0.0547307,0.096997,0.467109
-0.0466746,-0.100667,0.482483
-0.0761502,-0.0811788,0.480594
-0.0210309,-0.0782505,0.49224
0.0494683,-0.0677807,0.485766
0.0845009,-0.0726593,0.487778
-0.0973814,-0.052882,0.479128
-0.000240117,-0.050911,0.476682
-0.0346597,-0.0304779,0.489207
0.0693709,-0.0374824,0.4798
0.103116,-0.0426317,0.489294
-0.00037465,-0.018056,0.489904
0.0794512,-0.00372941,0.475999
0.111286,-0.00828533,0.490871
-0.112216,0.000807316,0.488176
-0.048544,0.00210018,0.488463
0.0109517,0.0136878,0.479014
0.0428987,0.0202488,0.49282
-0.106263,0.0357087,0.488112
0.0169518,0.0442704,0.495796
0.0712701,0.0347739,0.477382
0.106648,0.0266959,0.492369
-0.0184464,0.0445149,0.494391
0.0944147,0.0597699,0.494553
-0.0899155,0.0670596,0.485947
-0.0204118,0.0764567,0.479241
0.0162735,0.0744641,0.475036
0.070874,0.0860447,0.496553
-0.0499591,0.0991945,0.476296
0.00721652,-0.111271,0.497122
-0.063878,-0.0919681,0.511995
-0.0257446,-0.108638,0.509794
0.0410171,-0.100648,0.497531
-0.0895049,-0.0675635,0.510362
0.0149059,-0.0766956,0.497442
0.069214,-0.0879893,0.515702
-0.0537735,-0.0594838,0.497439
-0.0124491,-0.0487717,0.509845
0.0603293,-0.0473592,0.512604
0.0941003,-0.0595576,0.519025
-0.107639,-0.0303096,0.504425
-0.0688242,-0.0259983,0.497358
0.0222682,-0.0430439,0.505712
0.0428342,-0.0145212,0.499609
0.0760359,-0.0156097,0.511898
-0.0803947,0.00614526,0.506692
-0.0483901,0.0208971,0.518475
-0.0172846,0.0101873,0.50299
0.0168124,0.005477,0.512965
0.0761924,0.0197012,0.509063
-0.0724967,0.0402388,0.50117
0.0618203,0.052644,0.506482
-0.0686054,0.0884679,0.504437
-0.0412045,0.0667396,0.509979
-0.0068824,0.0752202,0.511947
0.0285006,0.0736498,0.511814
-0.0354997,0.106522,0.507636
0.00572395,0.109927,0.500748
0.0405769,0.10422,0.498704
-0.00939914,-0.11125,0.540996
-0.0440468,-0.102081,0.539392
0.0235973,-0.108704,0.528419
-0.0734824,-0.0745046,0.541115
-0.0384624,-0.0690211,0.527932
-0.00450278,-0.0790786,0.526981
0.0382713,-0.0727351,0.523778
-0.100027,-0.0451832,0.535634
-0.0631831,-0.0434701,0.527604
0.0356575,-0.0329479,0.536917
0.108337,-0.0272136,0.52065
-0.112261,-0.000141305,0.523572
-0.0821641,-0.014601,0.535353
-0.043568,-0.0143595,0.519434
-0.00852088,-0.0166462,0.524345
-0.07831,0.0204017,0.539042
0.0477943,0.00194083,0.530565
0.0814412,0.00520427,0.54117
0.111316,0.00800894,0.522333
-0.106662,0.0348399,0.523479
-0.00196178,0.0342989,0.524041
0.0358138,0.0349016,0.524289
0.0708484,0.0392109,0.538147
0.103298,0.0424137,0.524109
-0.0905296,0.0663136,0.52136
-0.061353,0.0511763,0.534591
-0.0226836,0.058943,0.539159
0.0460583,0.0643482,0.541121
0.0844761,0.0723103,0.526164
-0.0544405,0.0969805,0.535998
-0.0104048,0.111086,0.531986
0.0247878,0.108548,0.530325
0.0578213,0.0955237,0.528256
0.0528093,-0.0980634,0.545345
-0.0205004,-0.0769712,0.558522
0.019933,-0.0828423,0.552361
0.080832,-0.0764618,0.547099
0.00201696,-0.0454892,0.541961
0.0502405,-0.0623535,0.557708
0.101866,-0.0453735,0.550343
-0.109124,-0.0226245,0.561303
-0.0324085,-0.0374779,0.544054
0.0703937,-0.030608,0.543498
-0.0528387,-0.00172069,0.551167
-0.0185808,-0.00785322,0.557695
0.0149295,-0.00324082,0.547245
0.110883,-0.0112358,0.552051
-0.110624,0.0132346,0.556327
-0.0273952,0.0246581,0.546741
0.0431796,0.0228311,0.558788
0.108897,0.0239549,0.553903
-0.100779,0.0472502,0.556085
0.0160147,0.0447409,0.552729
0.0960528,0.0567797,0.555795
-0.0802855,0.077193,0.553484
-0.0462524,0.0758545,0.563205
0.0110769,0.078208,0.542327
0.0732812,0.083628,0.557748
-0.0308872,0.10768,0.560348
0.042366,0.100412,0.559652
0.00784781,0.111241,0.562238
0.00239752,-0.112142,0.574288
-0.064342,-0.0917607,0.570601
-0.0325928,-0.107258,0.572375
0.0371617,-0.105687,0.576118
0.0683191,-0.0889319,0.577775
-0.0934522,-0.0613893,0.567052
-0.0507199,-0.059575,0.564809
0.0915029,-0.0622051,0.579582
-0.073552,-0.032163,0.564877
-0.0118313,-0.038656,0.573843
0.0230681,-0.0436031,0.570306
0.107907,-0.0303304,0.581698
-0.0427484,-0.0222104,0.579239
0.0122906,-0.0124625,0.583207
0.044723,-0.0121558,0.564133
0.0787766,-0.0118826,0.573749
-0.0805817,0.00380039,0.572431
-0.0481104,0.0133711,0.582861
0.000628984,0.018698,0.571119
0.111663,0.00483391,0.583585
-0.0681397,0.0392251,0.567242
0.0765009,0.0240841,0.570742
0.104792,0.039531,0.585432
-0.0339216,0.0448727,0.575082
0.0584791,0.0545854,0.572812
-0.0112281,0.0733641,0.569426
0.0270989,0.0714513,0.573199
-0.0473606,-0.091899,0.601692
-0.0170702,-0.110141,0.603915
0.0182122,-0.109449,0.605743
0.051836,-0.0986907,0.607558
-0.0811551,-0.0764263,0.597754
0.000826399,-0.0802771,0.589647
0.0352085,-0.0718182,0.58835
-0.100523,-0.04677,0.598352
-0.0613663,-0.04711,0.596207
-0.029594,-0.0624638,0.593141
0.0100699,-0.0487279,0.602812
0.0611035,-0.0456055,0.58696
0.0372422,-0.0260469,0.604334
-0.1107,-0.0130278,0.595306
-0.0759796,-0.0153523,0.601836
-0.019,-0.00194215,0.595981
-0.109267,0.0221004,0.591505
-0.0760439,0.0200047,0.60361
0.0105752,0.0153167,0.605139
0.045412,0.00736301,0.593693
0.079163,0.00590787,0.604375
0.0304148,0.0388921,0.587664
0.0681519,0.0395619,0.603404
-0.0967829,0.0551629,0.590357
-0.0606972,0.0516514,0.599525
-0.00383646,0.045592,0.593728
0.0450182,0.066364,0.604617
-0.0748032,0.0828386,0.590728
-0.0303745,0.070437,0.599351
0.0108677,0.0757675,0.604989
0.0868394,0.0700095,0.587363
-0.045058,0.101822,0.59196
-0.00965084,0.101177,0.591319
0.0281768,0.108005,0.590962
0.0607335,0.0941015,0.589177
-0.0684145,-0.0886197,0.629997
-0.0155436,-0.0791669,0.621051
0.0211002,-0.0773915,0.620359
0.0799993,-0.0773607,0.609321
-0.0928186,-0.0629576,0.628873
-0.0461892,-0.0615056,0.624776
0.0511984,-0.0588167,0.618302
0.10036,-0.0484425,0.611094
-0.107941,-0.0288808,0.627874
-0.0700365,-0.0358559,0.630045
-0.030641,-0.0319286,0.611084
0.0723051,-0.0271678,0.615063
0.00491398,-0.0172066,0.617959
0.110452,-0.0145118,0.613206
-0.111819,0.00620381,0.624991
-0.0480117,0.00107247,0.616084
-0.0161794,0.00863709,0.629666
0.109459,0.0208169,0.615101
-0.103996,0.0406688,0.622869
-0.0327451,0.0323544,0.609341
0.0390039,0.0294779,0.620834
0.00887544,0.0471588,0.626756
0.0975346,0.0540046,0.616933
-0.0862923,0.0713225,0.622186
-0.0140504,0.0767358,0.630158
0.0753778,0.0815258,0.618834
-0.0594657,0.0944202,0.623244
-0.0267312,0.108649,0.621428
0.0462571,0.101554,0.620565
0.00852767,0.111173,0.620045
-0.00101274,-0.112156,0.635333
-0.0369799,-0.105963,0.632829
0.0342615,-0.106922,0.637149
0.0660856,-0.0907474,0.638948
0.00394059,-0.0796344,0.651246
0.039245,-0.0701065,0.649864
-0.00916824,-0.0471427,0.634806
0.0910904,-0.0654367,0.640735
0.0256454,-0.0405581,0.634676
0.0635923,-0.0444261,0.648201
0.107006,-0.0338368,0.642615
-0.0783277,-0.000482471,0.634335
-0.040858,-0.0206237,0.643162
0.0476288,-0.00797102,0.632942
0.0795082,-0.0121136,0.647796
-0.045379,0.014464,0.648855
0.0175447,0.00922708,0.640452
0.11201,0.00161074,0.644647
-0.0716368,0.0342665,0.635728
-0.0224242,0.041165,0.642241
0.0751883,0.024012,0.634568
0.106024,0.0366679,0.646584
-0.0494026,0.0615119,0.631594
0.0584481,0.055226,0.635471
0.0278002,0.0756198,0.636089
0.089118,0.067732,0.648397
0.0300706,0.107734,0.651359
0.0631612,0.0925872,0.650243
-0.0065167,0.111701,0.651942
-0.0545532,-0.0967718,0.66208
-0.0206245,-0.106659,0.664263
0.0151058,-0.110174,0.666726
0.0489585,-0.0999244,0.668538
-0.0825427,-0.0751672,0.66047
-0.0304284,-0.0719296,0.654708
0.0779054,-0.0796456,0.670371
-0.10097,-0.044903,0.658666
-0.0588933,-0.0488121,0.661036
0.00937658,-0.0475907,0.665355
0.0989906,-0.0513397,0.672226
-0.0250318,-0.0397251,0.668459
0.0387642,-0.0241316,0.663195
-0.111236,-0.0102365,0.657701
-0.077585,-0.0189377,0.664534
-0.00304626,-0.0169912,0.652482
0.110023,-0.0178072,0.674057
-0.0762744,0.0164367,0.666086
-0.0135594,0.0146715,0.664416
0.0469336,0.0159681,0.659025
-0.108787,0.024965,0.654884
0.021656,0.040796,0.659181
-0.0955478,0.0577603,0.653714
-0.0634821,0.049795,0.666511
-0.0727545,0.0848197,0.654446
-0.0348339,0.0702764,0.662625
0.00297245,0.0788312,0.661161
0.0446674,0.0668721,0.665962
-0.0421915,0.103396,0.652795
-0.00511878,-0.111816,0.695698
-0.0397528,-0.104569,0.693976
-0.0706254,-0.0867182,0.691906
-0.0117428,-0.0789032,0.684377
0.0234559,-0.0777614,0.680709
-0.0943845,-0.0598314,0.690088
-0.0435467,-0.0640362,0.68904
0.0523654,-0.0573879,0.680185
-0.108273,-0.0272752,0.688598
-0.0701566,-0.0345761,0.695426
0.0281581,-0.0362368,0.694755
0.0726869,-0.0284538,0.678484
-0.0458928,-0.00814895,0.676125
-0.0128368,-0.01279,0.687994
0.0470462,-0.00496157,0.693443
-0.111528,0.00856933,0.687632
0.0172078,0.00114485,0.675425
0.0765083,0.00671577,0.67775
0.110043,0.0177363,0.67614
-0.103028,0.0428023,0.68496
-0.040184,0.0262097,0.684663
0.0346075,0.028507,0.689786
0.0654051,0.0403391,0.676863
-0.0474621,0.0634402,0.695017
-0.0126544,0.047414,0.677862
0.0178981,0.0617789,0.68847
0.099019,0.051322,0.678106
-0.0847002,0.0730577,0.685477
-0.0127319,0.0781509,0.695482
0.0775129,0.0794082,0.679701
-0.05682,0.0958348,0.68413
-0.023928,0.109172,0.682539
0.0123594,0.110285,0.681849
0.0474312,0.101035,0.681477
0.0311598,-0.107586,0.698137
0.0633489,-0.0924563,0.699978
-0.0275327,-0.0746503,0.718758
0.00742217,-0.0781866,0.714167
0.0411936,-0.0676549,0.712198
0.0890529,-0.067947,0.701817
-0.00483728,-0.0479462,0.700162
-0.0363003,-0.0326151,0.705645
0.0660031,-0.042427,0.710349
0.105966,-0.036729,0.703664
-0.111611,-0.00841966,0.718673
-0.0787829,-0.000303127,0.697742
0.0157867,-0.0068544,0.709903
0.0776442,-0.00896551,0.710824
0.111925,-0.00185729,0.705466
-0.0474424,0.0061209,0.712892
-0.108334,0.0271703,0.717587
-0.0715574,0.034432,0.698855
-0.0283466,0.040279,0.714938
-0.00142771,0.0224981,0.700298
0.0658761,0.0256582,0.709076
0.100751,0.0316742,0.707458
-0.0945065,0.0598271,0.716769
0.050534,0.0601756,0.702168
0.0907652,0.0659683,0.709568
-0.0709527,0.0863979,0.715185
-0.039324,0.104902,0.713971
0.0261367,0.0903703,0.70771
0.0650847,0.0913582,0.710603
-0.00460007,0.111856,0.712811
-0.0570785,-0.0954052,0.723464
-0.023969,-0.109231,0.72552
0.0115729,-0.110785,0.727412
0.0462663,-0.101723,0.729569
-0.0846695,-0.0732048,0.721399
0.075645,-0.0819081,0.73143
-0.0606023,-0.0478748,0.726829
0.0179556,-0.0456212,0.727361
0.0976272,-0.054203,0.733271
-0.102613,-0.0427053,0.71997
-0.016936,-0.0436272,0.733191
-0.0791539,-0.0178097,0.729153
-0.0456807,-0.0188844,0.740572
-0.0167581,-0.00789838,0.723541
0.0444246,-0.0194389,0.726513
0.109601,-0.0209169,0.735101
-0.0764826,0.017512,0.729581
0.000333707,0.0201277,0.736681
0.0347953,0.0190836,0.724709
0.0754672,0.0114814,0.740096
0.110613,0.0144738,0.736756
-0.0629112,0.0502025,0.729564
0.00770341,0.0506853,0.720461
0.0649913,0.0456425,0.738317
0.100568,0.0484452,0.738655
-0.0355075,0.0725265,0.727747
-0.00227761,0.0802263,0.737174
0.0360737,0.0682062,0.733501
0.0787373,0.0782234,0.740539
-0.00784136,-0.111466,0.756977
-0.0424087,-0.103234,0.755119
0.0275207,-0.108044,0.758931
0.0606037,-0.0941602,0.760998
-0.0726724,-0.0848839,0.753458
-0.00649557,-0.0774497,0.747105
0.0287479,-0.0748339,0.744585
0.0868999,-0.0702475,0.762907
-0.0954979,-0.0576825,0.751269
-0.0413109,-0.0660901,0.750242
0.00305774,-0.0468853,0.762258
0.0580607,-0.0549954,0.746204
-0.108779,-0.024857,0.749926
-0.0691767,-0.0360459,0.760714
0.03551,-0.0326895,0.761918
0.0752877,-0.0241853,0.74323
-0.0796486,-0.000367028,0.759954
-0.0195097,-0.0031771,0.758547
0.0122693,-0.012265,0.744695
-0.111353,0.0104429,0.748674
0.0443518,0.00294392,0.754735
-0.0704257,0.0341682,0.760255
-0.0412921,0.0233429,0.743239
0.025519,0.0398198,0.751888
-0.102173,0.0446386,0.747775
-0.0493032,0.0639715,0.759239
-0.0167942,0.0493113,0.747185
-0.0827867,0.0750937,0.746517
-0.0546752,0.0970078,0.744744
-0.0211841,0.109694,0.743958
0.0162949,0.110065,0.741339
0.0501845,0.0997351,0.741578
-0.0593804,-0.0943998,0.78489
-0.0862905,-0.0714284,0.783245
-0.0233196,-0.0741506,0.779617
0.011894,-0.0779183,0.777369
-0.0539268,-0.0570868,0.78477
0.0454495,-0.0665872,0.777201
-0.103676,-0.0406728,0.781206
-0.0305694,-0.0368405,0.767088
0.0707626,-0.0389452,0.775118
0.104628,-0.0395801,0.764717
-0.111922,-0.00626212,0.779915
0.0110317,-0.013528,0.780043
0.0767687,-0.00389072,0.772234
0.111691,-0.00472503,0.766445
-0.0494034,0.00330492,0.777886
-0.107959,0.0289061,0.778925
-0.0339797,0.0365047,0.775555
-0.00105482,0.0239754,0.771848
0.03945,0.025847,0.781301
0.0727071,0.0313646,0.770601
0.107962,0.0304404,0.768155
-0.093569,0.0618738,0.77748
0.0506716,0.0589499,0.767867
0.0922893,0.0633625,0.769709
-0.0685481,0.0885151,0.776052
-0.0175114,0.0772126,0.769001
0.019638,0.0756749,0.76458
-0.0376387,0.105727,0.775018
0.0343861,0.106874,0.772436
0.0666055,0.0903611,0.771511
-0.000684207,0.11164,0.772736
0.00837225,-0.111348,0.788528
-0.026887,-0.108659,0.786649
0.0434605,-0.10302,0.790636
0.0734166,-0.0842066,0.792474
-0.0124844,-0.0447749,0.796486
0.0602105,-0.0537687,0.806705
0.0960999,-0.0568894,0.794375
-0.0436921,-0.0253522,0.797922
0.0227569,-0.0443825,0.792888
0.109164,-0.0238628,0.796064
-0.0776054,-0.0185328,0.79026
0.0454998,-0.0103631,0.787535
0.0750832,-0.0208973,0.805292
-0.0783557,0.0166813,0.793939
-0.018104,0.000760707,0.794133
0.0136988,0.0138932,0.802416
0.0759755,0.0154518,0.802087
0.110932,0.0115214,0.797855
-0.0460917,0.0236533,0.806702
-0.0141837,0.0389007,0.805092
-0.0627545,0.0505249,0.79073
0.0151398,0.0504283,0.788966
0.0610538,0.0476796,0.799814
0.1017,0.04611,0.799192
-0.0810359,0.0769683,0.806947
-0.0336831,0.0688295,0.799378
0.00481414,0.084171,0.795618
0.0391838,0.0756607,0.796918
0.0788863,0.0781902,0.802383
-0.0525564,0.0981636,0.806227
-0.0175769,0.110385,0.803788
0.0292035,0.107981,0.807458
-0.010816,-0.111345,0.818307
-0.0449212,-0.101985,0.816323
0.0244684,-0.108662,0.81995
0.0579507,-0.0957245,0.822133
-0.0747595,-0.0829872,0.814664
-0.0416111,-0.0667143,0.816558
-0.00393711,-0.0772289,0.809052
0.0313993,-0.0749997,0.808617
0.0847191,-0.0725965,0.823964
-0.0797903,-0.0483257,0.809309
-0.109269,-0.022703,0.811183
0.0402127,-0.0269927,0.818346
0.103776,-0.0423429,0.825717
-0.0657189,-0.00368553,0.820015
0.00495428,-0.0196665,0.814401
0.111339,-0.00776505,0.827469
-0.111005,0.0126385,0.810228
-0.0251354,0.00525716,0.82852
0.045078,0.00807554,0.817778
0.0312673,0.0406719,0.818954
0.10855,0.0281363,0.828993
-0.0965955,0.0449551,0.808373
-0.0540472,0.0584774,0.826457
-0.0085194,0.0681283,0.8243
0.0242037,0.0806861,0.829474
0.0577683,0.0959317,0.824604
0.00570364,-0.111833,0.849768
-0.059661,-0.0902072,0.846219
0.0402858,-0.104358,0.851538
-0.0881265,-0.069218,0.844401
-0.0214094,-0.0848581,0.83932
0.0138555,-0.0788953,0.839619
-0.0447313,-0.0583091,0.850834
-0.0133094,-0.0513124,0.83129
0.048077,-0.0647559,0.838118
-0.104979,-0.0381144,0.842761
-0.0702505,-0.0338588,0.848308
-0.0390402,-0.0270192,0.833003
0.0196971,-0.0438706,0.841777
0.070363,-0.0372572,0.836364
-0.0962289,-0.00361035,0.838032
-0.0076006,-0.0189662,0.847525
0.0395456,-0.0133317,0.851008
0.077231,-0.00247325,0.835476
0.00908637,0.0105798,0.837327
0.0417957,0.0220188,0.850158
-0.107261,0.0321309,0.839544
-0.0728143,0.0289257,0.831903
-0.0148451,0.0369913,0.840449
0.0730439,0.0326187,0.832983
-0.092103,0.0640774,0.837851
0.0173319,0.0476404,0.850774
0.0539705,0.062385,0.835315
0.0934481,0.0614235,0.829942
-0.0674455,0.0894817,0.837159
-0.0309026,0.0985667,0.834304
0.00328212,0.112185,0.83233
0.0316778,-0.0744471,0.869889
0.0714263,-0.0863114,0.853744
-0.0979473,-0.0528426,0.874204
-0.0146679,-0.0480284,0.86652
0.0513904,-0.0451506,0.867408
0.0946037,-0.0594197,0.855317
-0.0421787,-0.0258443,0.868382
0.108833,-0.0268713,0.857108
-0.109955,-0.0196161,0.872537
0.0761078,-0.0198681,0.868537
-0.110668,0.0156823,0.870626
-0.0551619,0.00325475,0.85299
-0.0221043,0.0103695,0.863394
0.0173125,0.00529636,0.871323
0.0772096,0.0154197,0.866119
0.111216,0.00893866,0.858633
-0.076249,0.0237043,0.872733
-0.0474968,0.0376941,0.855493
-0.0997575,0.0499238,0.869229
-0.0676554,0.0657257,0.863445
0.0610685,0.0469033,0.866377
0.102682,0.0446725,0.85972
-0.0332142,0.0700518,0.85506
0.00146781,0.078786,0.856572
0.0352431,0.0706099,0.871381
0.0826183,0.0743932,0.860959
-0.0484998,0.100382,0.864989
-0.0143159,0.110963,0.863049
0.0223188,0.109148,0.862023
0.055588,0.0972094,0.859933
-0.0473879,-0.100774,0.877686
-0.0136341,-0.111107,0.879367
0.0216328,-0.108839,0.881259
0.0550992,-0.0974876,0.883068
-0.0768514,-0.0812178,0.875825
-0.0380601,-0.0673563,0.884809
-0.00182914,-0.0777564,0.880828
0.0829162,-0.0745184,0.885098
-0.0656468,-0.0451965,0.886522
0.102521,-0.0450603,0.886777
0.0195536,-0.0316882,0.87504
-0.0759209,-0.0113672,0.877645
-0.0462063,-0.0037386,0.895762
-0.0114323,-0.016784,0.883443
0.0464073,-0.0112491,0.885798
0.110402,-0.0103282,0.888296
-0.00659462,0.01766,0.894318
-0.0468027,0.03134,0.89082
0.0431891,0.0240169,0.886612
0.108936,0.0263475,0.889364
-0.0401434,0.0660848,0.892797
-0.0182433,0.0448141,0.874824
0.0151608,0.0456581,0.88646
0.094082,0.0591616,0.890824
-0.00612418,0.075862,0.891045
0.070461,0.0865703,0.891845
-0.0638709,0.0922212,0.8958
-0.028873,0.102818,0.8943
0.0399461,0.104503,0.892405
0.0053225,0.111914,0.892977
0.00285494,-0.11223,0.911016
-0.0645566,-0.0918424,0.907285
-0.0324377,-0.107278,0.909128
0.0375853,-0.105494,0.912785
-0.0898709,-0.0671215,0.905583
0.00247881,-0.0773222,0.916935
0.0358991,-0.0710024,0.904892
0.0680191,-0.0874759,0.914464
-0.00131188,-0.0468493,0.899302
0.0888794,-0.0589305,0.916322
-0.1063,-0.035535,0.90396
-0.0351194,-0.0367315,0.90237
0.029617,-0.0380567,0.916282
0.0620921,-0.0415471,0.900978
0.108235,-0.0293202,0.918073
-0.112246,-0.000323802,0.902159
-0.0739402,-0.020576,0.911756
-0.01707,-0.0104636,0.917826
0.0161825,-0.00757935,0.904263
0.0778603,-0.00913261,0.902242
-0.0744361,0.0145425,0.906902
0.0458122,0.00672892,0.917406
-0.106721,0.03461,0.900257
0.0297605,0.0392452,0.918081
0.0754851,0.0261847,0.90101
-0.0651041,0.0488619,0.915586
-0.0139144,0.0478643,0.911302
0.0556791,0.0555367,0.900281
-0.0893548,0.0677392,0.897955
0.0262348,0.0745309,0.905406
-0.0499989,-0.0994583,0.938873
-0.016511,-0.110721,0.940573
-0.0789935,-0.0793027,0.937028
-0.0326498,-0.0733374,0.919309
-0.0992161,-0.0503718,0.935328
-0.0617979,-0.0498554,0.927515
0.000476012,-0.0467228,0.934679
0.0538684,-0.0573352,0.933447
-0.0323174,-0.0341543,0.939308
0.0753656,-0.0291041,0.931373
-0.106087,-0.0158021,0.933379
-0.0563959,-0.00816852,0.9399
0.0112654,-0.0121033,0.93902
-0.110029,0.0192638,0.931854
-0.0398101,0.0181053,0.922903
0.00168549,0.0203652,0.928564
0.0776106,0.00868771,0.932896
0.110172,0.00709016,0.91904
-0.0762837,0.0257657,0.94045
0.0638001,0.0413045,0.931652
0.103739,0.042391,0.920499
-0.0981396,0.0533135,0.929078
-0.0759782,0.0819791,0.927454
-0.0378538,0.0673389,0.92869
-0.000658085,0.0779054,0.928176
0.0411078,0.0680046,0.936895
0.0839329,0.073098,0.921718
-0.0463001,0.101552,0.925117
0.0235744,0.108688,0.923535
0.0568171,0.0965345,0.922946
-0.0117203,0.111292,0.924047
0.0188415,-0.109777,0.942507
0.0525682,-0.0988645,0.944202
-0.043844,-0.0673564,0.952543
-0.00990571,-0.0772238,0.950113
0.0250417,-0.0749336,0.944149
0.0807612,-0.0768258,0.945739
0.10127,-0.0477161,0.947516
-0.0725751,-0.0343296,0.957483
0.0301879,-0.0389405,0.952314
0.0484152,-0.00875186,0.949155
0.11089,-0.0119927,0.948836
-0.0235575,0.00238831,0.950174
-0.104691,0.0388366,0.960726
-0.0228896,0.0393909,0.945573
0.0378807,0.0250601,0.949504
0.0764546,0.0286006,0.962175
0.109421,0.0238001,0.95018
-0.057182,0.0522213,0.954239
0.0110062,0.0496759,0.94627
0.0948769,0.0570138,0.951504
-0.0876328,0.0698059,0.958616
-0.0187129,0.0722541,0.958097
0.015368,0.0811299,0.961988
0.0713304,0.0842927,0.952822
-0.0608462,0.0938594,0.957132
-0.0282653,0.108216,0.955159
0.0412392,0.103944,0.953892
-0.00044296,-0.112236,0.972091
-0.0668827,-0.0899738,0.968508
-0.0353368,-0.10656,0.970281
0.034936,-0.106629,0.973888
0.0670071,-0.0900582,0.975527
-0.0238633,-0.0753937,0.982618
0.0122304,-0.0797277,0.977658
-0.091645,-0.0647459,0.966723
-0.0584267,-0.0551335,0.982431
-0.0132857,-0.0452405,0.967293
0.0435305,-0.0636207,0.973911
0.0916036,-0.0645607,0.977129
-0.107198,-0.032359,0.964738
0.0430903,-0.0251833,0.98283
0.0688381,-0.0407498,0.964163
0.107106,-0.0312502,0.978293
-0.0424285,-0.0198763,0.970284
0.00957002,-0.0181141,0.973858
0.079938,-0.00653129,0.96516
-0.112126,0.00267283,0.963022
-0.0769277,0.00214966,0.966848
-0.0471746,0.021273,0.96861
0.00664249,0.0155205,0.963212
0.0491928,0.00972803,0.979374
0.11166,0.00480615,0.979998
-0.0114555,0.0415328,0.979024
0.0261995,0.0402567,0.979293
0.104347,0.040079,0.98115
0.0556648,0.0565971,0.968377
0.0856731,0.0714131,0.982519
0.0590152,0.095214,0.984143
-0.00594553,0.111745,0.982422
-0.0527923,-0.0980472,0.999893
-0.019649,-0.110333,1.00179
0.0158073,-0.110191,1.00347
0.0503298,-0.100109,1.0051
-0.0813042,-0.0771032,0.998223
0.0788894,-0.0788249,1.00693
-0.100705,-0.0473266,0.996183
0.0161013,-0.0477204,0.992077
0.0579313,-0.050465,1.00349
-0.0757334,-0.0225215,0.992233
-0.0295109,-0.0378939,0.997923
0.07832,-0.022258,0.996858
-0.11112,-0.0135198,0.994463
-0.0467732,-0.00549023,1.00345
-0.0756913,0.014682,0.99996
-0.0169279,0.00203697,0.985925
0.0151954,0.0118666,0.997349
-0.10923,0.0228848,0.992026
-0.0354104,0.028002,1.00132
0.0772761,0.0222298,0.99699
-0.0968911,0.0561553,0.990469
-0.0631739,0.0457942,0.98856
0.062927,0.0540999,1.0033
-0.0736265,0.0830359,0.988328
-0.0360729,0.0685229,0.988718
-0.00125014,0.0720135,0.993861
0.034074,0.0718666,0.993088
-0.0435931,0.103036,0.986623
0.0275102,0.108386,0.993529
-0.0396462,-0.0680754,1.01348
-0.00323539,-0.0811007,1.0132
0.0309235,-0.071744,1.01348
-0.0935884,-0.0618189,1.02773
-0.00904668,-0.0482849,1.02522
0.100456,-0.0494668,1.00791
-0.107833,-0.0294296,1.02591
-0.0640416,-0.0429236,1.01873
0.0296668,-0.0377571,1.02322
-0.0782413,-0.00996963,1.02527
0.00310603,-0.0193767,1.00873
0.0499059,-0.0101906,1.01419
0.110573,-0.0148323,1.00947
-0.111309,0.00674179,1.02349
-0.015442,0.00755221,1.02216
0.0789545,0.0049027,1.02782
0.109807,0.0218055,1.01101
-0.103769,0.0413198,1.02184
0.00188811,0.0416481,1.01184
0.04503,0.0247256,1.01144
-0.0523046,0.0601463,1.01908
0.0322329,0.0551476,1.02427
0.0971687,0.0550648,1.01236
-0.0855978,0.0722556,1.01986
0.00454113,0.0768059,1.02856
0.0718632,0.0860235,1.01585
-0.0583142,0.0952409,1.01783
-0.0193214,0.0967244,1.01159
0.0393693,0.104737,1.0267
-0.00335567,-0.11196,1.03317
-0.0383467,-0.104932,1.0314
0.0323238,-0.107521,1.03467
0.064425,-0.0917772,1.03651
-0.0693176,-0.0878437,1.02974
-0.0199938,-0.0771135,1.04416
0.0154039,-0.0780884,1.04471
-0.0518551,-0.0617861,1.04613
0.0523439,-0.0587364,1.04053
0.0907647,-0.0659653,1.03772
-0.0355851,-0.025416,1.03052
0.0723442,-0.0306609,1.0324
0.106954,-0.0340458,1.03909
-0.00344502,-0.0181035,1.04353
-0.0463798,0.00851616,1.0393
0.017415,0.0172494,1.03228
0.048376,0.00593156,1.0457
0.111942,0.00222464,1.04046
-0.0709359,0.0328473,1.03185
-0.0280249,0.0386845,1.03427
0.0634329,0.0442542,1.0373
0.0994124,0.0356319,1.04191
-0.0953716,0.0591505,1.05126
0.00405851,0.0465894,1.04706
-0.071524,0.0859125,1.0493
-0.0295154,0.0720291,1.04614
0.0874742,0.0696159,1.04308
-0.0348563,0.106731,1.04174
0.0622389,0.0931403,1.05114
0.0051331,0.112066,1.03212
-0.0556124,-0.0966192,1.0612
-0.0227062,-0.109659,1.06274
0.0132457,-0.110812,1.06439
0.0471003,-0.100654,1.06606
-0.0836804,-0.0745564,1.05927
0.0775571,-0.0802488,1.06733
-0.0229311,-0.0444583,1.05759
0.018013,-0.044592,1.0559
-0.10219,-0.0444051,1.05747
-0.0696571,-0.0317076,1.05188
0.049602,-0.0290162,1.05961
0.0853314,-0.0442978,1.06521
-0.111751,-0.00952697,1.05494
-0.0425251,-0.014135,1.06622
0.0775407,-0.00730398,1.06104
0.110312,-0.0172485,1.07005
-0.0781207,0.00783712,1.0559
-0.0161126,0.0133974,1.05703
0.0181224,0.00209131,1.06423
0.107432,0.0180196,1.07181
-0.108608,0.0257342,1.05324
0.0360792,0.0366053,1.05848
0.0735843,0.0274254,1.06675
-0.0580324,0.0540891,1.05707
-0.0258614,0.0452693,1.06902
0.0647298,0.0622181,1.06909
0.0986042,0.0526072,1.07298
0.00013718,0.0783592,1.06447
0.0337968,0.07241,1.05515
-0.0459293,0.0932441,1.07255
-0.0128917,0.11097,1.06917
0.0267235,0.106865,1.05973
-0.00643378,-0.111717,1.09402
-0.0410992,-0.104362,1.09257
0.0293776,-0.108158,1.09581
-0.0717908,-0.08565,1.09075
-0.0326206,-0.0723513,1.08
0.00183648,-0.0799997,1.07738
-0.0960297,-0.0577997,1.08966
-0.0625924,-0.0535612,1.07885
0.00102615,-0.0459487,1.08689
0.0431676,-0.06122,1.07465
-0.10889,-0.0245284,1.08687
-0.0740006,-0.0229807,1.09253
-0.0332361,-0.03815,1.09129
0.0325991,-0.0303351,1.09067
0.0677446,-0.0259386,1.08988
-0.00984652,-0.0130665,1.0797
-0.111694,0.010742,1.08514
-0.0776808,0.0121293,1.09502
-0.0451472,0.0189567,1.0828
0.0462321,0.0121189,1.08326
-0.0933689,0.040814,1.08147
0.00440468,0.030624,1.08013
-0.0606907,0.049405,1.09208
-0.0834766,0.0748107,1.08073
-0.0315872,0.069562,1.09456
0.0376418,0.0703826,1.09031
0.0685914,0.0887881,1.0922
0.0374395,0.105585,1.09389
0.0623588,-0.0930706,1.09704
-0.0491311,-0.0807246,1.1177
-0.00787692,-0.0809238,1.11142
0.0257177,-0.0736435,1.10286
0.0882635,-0.0689696,1.09915
-0.0609522,-0.0474885,1.11446
0.0562342,-0.0561726,1.10719
0.10546,-0.0380048,1.09835
-0.111969,-0.00550275,1.11659
-0.044746,-0.00796168,1.10583
-0.0120843,-0.0209112,1.11412
0.111958,-0.00226275,1.10207
-0.0161574,0.0129201,1.10289
0.016673,3.59916e-05,1.09956
0.0788899,0.00909237,1.09659
-0.107646,0.0303683,1.11432
0.0303279,0.0381496,1.10296
0.0651865,0.0418261,1.098
0.107277,0.0328341,1.10396
-0.0930664,0.0626095,1.11257
-0.0168486,0.0457328,1.11619
0.0915933,0.0645561,1.10558
0.00348055,0.0693809,1.09943
-0.0636758,0.0923426,1.10427
-0.0317432,0.107475,1.10167
0.00331268,0.112203,1.10062
0.00791629,-0.111729,1.12631
-0.0273315,-0.108528,1.12494
0.0443665,-0.102616,1.12741
-0.0857265,-0.0721095,1.12037
0.0158838,-0.079211,1.13762
0.0743148,-0.0837438,1.12897
-0.0270246,-0.0533802,1.12266
0.00878709,-0.0485866,1.1213
0.0964743,-0.0562468,1.1314
-0.104304,-0.0399958,1.11915
-0.0451831,-0.0260354,1.13781
0.0429493,-0.0310272,1.1283
0.10966,-0.0234106,1.13035
-0.079472,-0.0153577,1.12669
0.0143724,-0.0118279,1.13656
0.0758933,-0.0158341,1.12283
-0.0774955,0.0199072,1.12956
-0.0192473,0.00182352,1.14026
0.00731693,0.0217638,1.12789
0.0461463,0.00299967,1.11898
0.110673,0.0137825,1.13364
-0.0426778,0.0228813,1.12413
0.0400048,0.0330856,1.13661
0.0751289,0.0254844,1.12774
-0.0487429,0.0594882,1.12385
0.0138826,0.0564023,1.1311
0.0512255,0.0634994,1.1223
0.101398,0.047934,1.13544
-0.0755559,0.0823532,1.13621
-0.0178254,0.0824034,1.12456
0.0808652,0.0767651,1.13705
-0.0460765,0.101817,1.13351
0.0200392,0.0902487,1.12277
0.0540426,0.0982618,1.12854
-0.00353171,0.111943,1.1379
-0.0432612,-0.103291,1.15614
0.0135607,-0.111006,1.16125
0.0573155,-0.0961937,1.15975
-0.0729305,-0.0846741,1.1509
-0.0176524,-0.0798844,1.14898
0.084419,-0.0733621,1.16123
-0.0801081,-0.0463296,1.14424
-0.0471686,-0.0603975,1.15091
0.0189952,-0.0486413,1.15517
0.0475775,-0.0638431,1.14079
-0.0118115,-0.0330803,1.14736
0.0708526,-0.0388594,1.15011
-0.10968,-0.0207895,1.14843
0.0918842,-0.0116758,1.15856
-0.111028,0.0145155,1.14579
-0.0543371,0.00493481,1.15233
0.0230544,0.0129392,1.16034
0.0612325,0.00523054,1.15322
-0.052554,0.0402874,1.15336
0.0884192,0.0266905,1.16053
-0.100527,0.0483103,1.14411
-0.0181903,0.0494413,1.1514
-0.043059,0.0743382,1.1555
-0.0078265,0.0825969,1.15854
0.0537128,0.0680463,1.15804
0.0289764,0.108267,1.15191
-0.0361488,-0.0745678,1.18144
0.0275634,-0.0799962,1.17101
-0.103192,-0.0463896,1.17199
-0.075383,-0.0663415,1.1811
-0.00266637,-0.0633453,1.17898
0.0554261,-0.0585867,1.17517
-0.0535539,-0.0386234,1.17809
0.0732945,-0.0295535,1.18466
0.103916,-0.0441606,1.16588
-0.0787284,-0.0172514,1.16527
-0.0299905,-0.0133451,1.17042
0.00530814,-0.0151606,1.17287
0.0389001,-0.0204257,1.16291
-0.114187,0.0131518,1.18102
-0.0435914,0.021125,1.18195
-0.0104915,0.0198758,1.16942
0.113833,0.00782494,1.17835
-0.0826392,0.0250451,1.1642
0.0514415,0.0348059,1.17004
-0.104177,0.0472206,1.18148
-0.0765885,0.063086,1.16592
0.0153314,0.0471542,1.16526
0.0933022,0.0621765,1.16684
0.0242853,0.0804637,1.17336
-0.0639214,0.0946997,1.17566
-0.0313644,0.108268,1.16508
0.0553197,0.0996615,1.17395
0.00230022,0.114016,1.17451
-0.0269636,-0.111885,1.18639
0.0414356,-0.111939,1.19868
-0.0616158,-0.0980435,1.18877
0.0066856,-0.105812,1.1956
0.0677585,-0.0889794,1.19281
0.0228648,-0.0739407,1.20555
-0.103349,-0.0639967,1.20271
0.0883876,-0.0602183,1.19384
-0.0817277,-0.0305568,1.19798
-0.0105113,-0.0357088,1.1997
0.0249292,-0.0399448,1.18894
0.114934,-0.0243529,1.19311
-0.115248,-0.0202697,1.19272
-0.0501035,-0.00938883,1.19927
-0.0157778,-0.000684477,1.20026
0.0179477,-0.00976117,1.2061
-0.0820582,0.00449968,1.19302
0.0443504,0.00461521,1.18739
0.0797132,0.00512188,1.18719
-0.0704382,0.0412734,1.19321
-0.0171026,0.0345684,1.2026
0.0153338,0.0240114,1.19327
0.0431529,0.0434196,1.20331
0.0801004,0.0401442,1.19219
0.114411,0.0358716,1.19993
-0.0392355,0.0561973,1.18556
-0.00439082,0.0646744,1.1889
-0.0902993,0.0764999,1.19586
0.0633092,0.0712863,1.19355
0.0992316,0.0685485,1.20118
-0.032302,0.0895849,1.19517
0.0309461,0.113892,1.19536
-0.0595422,-0.117788,1.22381
-0.0855317,-0.0923431,1.2143
0.0200807,-0.103797,1.22832
0.070156,-0.109676,1.22146
-0.049643,-0.0764676,1.21413
-0.0119785,-0.0790088,1.20932
0.0974683,-0.0835523,1.21885
-0.0760608,-0.0547177,1.22324
0.0505827,-0.052316,1.20992
0.115506,-0.0520985,1.21512
-0.123426,-0.0408159,1.22037
-0.0432282,-0.0417247,1.21191
0.01827,-0.0435871,1.22352
0.0815175,-0.0397293,1.2219
-0.100544,-0.00585824,1.22148
0.0555932,-0.0173807,1.21281
0.091726,-0.00594288,1.21863
-0.134262,0.00366983,1.22647
-0.0702927,0.0119322,1.22554
0.0295631,0.0194091,1.22707
0.0630824,0.0170674,1.21601
0.12499,0.0042095,1.21178
-0.119687,0.0328746,1.20994
-0.0861512,0.0436001,1.22484
-0.0467303,0.0380667,1.22163
0.0944277,0.0282001,1.22805
-0.113854,0.0655327,1.22237
-0.0211459,0.064701,1.22076
0.0112899,0.0496486,1.21743
0.0703624,0.0536111,1.22342
-0.0592853,0.0695835,1.21143
0.0314859,0.0772881,1.20791
-0.0658783,0.105175,1.20945
-0.000602282,0.0919137,1.21123
0.0874268,0.0958277,1.22043
-0.0301868,0.12094,1.21152
0.00467635,0.126669,1.2154
0.0561807,0.116564,1.22014
-0.0587706,-0.14407,1.25075
-0.0284958,-0.135561,1.23205
0.0109092,-0.147527,1.24328
-0.0894556,-0.12018,1.24545
-0.00481399,-0.116649,1.25024
0.0431346,-0.130579,1.23082
0.0744076,-0.13301,1.24784
-0.0298059,-0.100178,1.23136
0.100038,-0.108866,1.24345
-0.116922,-0.0759301,1.23318
-0.0759399,-0.0809497,1.24697
-0.0418467,-0.0683556,1.24769
-0.00251684,-0.0818102,1.24448
0.0312303,-0.0721961,1.23989
0.065486,-0.0758192,1.23176
-0.14189,-0.0541306,1.24748
-0.015317,-0.05152,1.23139
0.0946438,-0.0616597,1.24642
0.137776,-0.0502508,1.24259
-0.0973335,-0.0336663,1.24314
-0.064852,-0.0223873,1.23233
-0.0344657,-0.0279822,1.24969
0.0525111,-0.0442371,1.24436
0.109076,-0.0295137,1.24331
-0.150668,-0.0198206,1.2473
-0.00685678,-0.0171824,1.23027
0.0316003,-0.0144908,1.23869
0.0760801,-0.0183243,1.24962
0.14089,-0.0154473,1.23662
-0.110154,0.0191933,1.24726
-0.0367603,0.0017313,1.23013
-0.00547194,0.0181743,1.23177
0.0587502,0.0125319,1.25086
0.114074,0.00536503,1.24647
-0.136971,0.0442252,1.23873
0.143481,0.0242734,1.24114
-0.0423049,0.060313,1.24883
-0.00565071,0.0479865,1.25086
0.0398368,0.0502965,1.241
-0.0752149,0.0720218,1.24293
0.0148202,0.0753222,1.24157
0.0572489,0.0843317,1.23481
0.0882417,0.0727395,1.24727
0.119129,0.0677238,1.23049
-0.12392,0.0893629,1.24868
-0.0953075,0.097925,1.22959
-0.0405483,0.0926206,1.23072
0.0317555,0.106144,1.24553
0.112225,0.0990419,1.24558
-0.0676747,0.114458,1.24435
-0.0022135,0.115389,1.24826
-0.04827,0.14395,1.24744
-0.0132737,0.148881,1.24531
0.0278116,0.140479,1.23837
-0.0201889,-0.162361,1.25913
0.0135954,-0.172871,1.26866
0.043101,-0.155277,1.25623
0.10306,-0.139355,1.26906
-0.112509,-0.13259,1.2697
-0.0316351,-0.130317,1.2689
0.0280373,-0.12267,1.26183
0.127933,-0.114233,1.26731
-0.105243,-0.0934592,1.26247
-0.0582127,-0.109464,1.25815
-0.0272645,-0.0945828,1.26633
0.0557277,-0.102453,1.25293
-0.140019,-0.0872059,1.26011
0.069935,-0.0740191,1.26856
0.106533,-0.0849708,1.27025
0.139566,-0.0821539,1.25785
-0.10581,-0.0583517,1.26709
-0.0687318,-0.0479805,1.25817
-0.015097,-0.0616833,1.27088
0.0297761,-0.057643,1.2721
-0.168458,-0.0412028,1.2693
-0.122354,-0.0269519,1.26722
0.00562555,-0.0364623,1.25718
0.0339863,-0.0225383,1.27311
0.164056,-0.0420878,1.26487
-0.084389,-0.00340423,1.25624
-0.0149122,-0.000401702,1.26042
0.132701,-0.0196315,1.27078
0.165214,-0.00689088,1.26092
-0.155547,0.0169049,1.25154
-0.0501317,0.00266948,1.26294
0.025252,0.011193,1.26222
-0.13013,0.0397958,1.27321
-0.0659146,0.0342083,1.25256
-0.0321589,0.0326958,1.26864
0.0799897,0.0399061,1.25819
0.115087,0.0412252,1.25368
0.168244,0.0280171,1.26618
-0.163632,0.0487311,1.26612
-0.103712,0.0533666,1.25398
0.0223785,0.0571048,1.27107
-0.152289,0.0837534,1.26929
-0.0166533,0.0838281,1.25528
0.0556401,0.0689126,1.26663
0.115251,0.0725994,1.27005
0.147636,0.0667842,1.25714
-0.059175,0.0891687,1.27
0.0128311,0.0931397,1.27247
0.0772448,0.109102,1.25165
0.148402,0.0981131,1.27357
-0.134721,0.114745,1.27257
-0.104369,0.120506,1.25531
-0.0355863,0.113368,1.25968
-0.0803701,0.145592,1.26218
0.0140355,0.145751,1.27048
0.0479975,0.136523,1.26712
0.0820923,0.143089,1.26039
0.114358,0.137025,1.27363
-0.0488716,0.170416,1.27305
0.0479807,0.171409,1.27306
-0.0104699,-0.191123,1.28721
0.0486779,-0.18207,1.28359
-0.0852577,-0.158935,1.2762
-0.0518118,-0.17033,1.27384
0.0757182,-0.161379,1.27382
0.107359,-0.165214,1.2928
-0.131028,-0.149632,1.29465
0.00148424,-0.140669,1.27697
0.0296948,-0.154074,1.29395
0.134396,-0.141871,1.29095
-0.142696,-0.117756,1.28072
-0.0802403,-0.12431,1.2815
0.0555447,-0.133273,1.28137
0.161255,-0.112665,1.29209
-0.169073,-0.0958491,1.28954
-0.0756226,-0.0892143,1.28141
-0.0494315,-0.110768,1.29244
0.00165335,-0.105814,1.28326
0.0339455,-0.0921356,1.27878
0.0827207,-0.11088,1.27424
0.134214,-0.0897671,1.29212
-0.123927,-0.0856944,1.29154
0.167369,-0.0748115,1.2785
-0.138483,-0.054509,1.2827
-0.0488009,-0.0648081,1.28228
0.0995764,-0.0444607,1.27695
0.133597,-0.0541263,1.27865
-0.194943,-0.0229074,1.29137
-0.0894285,-0.029302,1.28001
-0.0541503,-0.0266752,1.28239
-0.0188053,-0.0287074,1.28319
0.0644192,-0.0401193,1.27748
0.188954,-0.0299338,1.28693
-0.152118,-0.0101228,1.28131
0.00702265,-0.00496962,1.28792
0.0991574,-0.009127,1.27506
-0.182643,0.00749827,1.27802
-0.12078,0.00624996,1.27932
-0.0746452,0.000422783,1.29236
-0.0299897,0.00610911,1.29196
0.0560426,0.00188475,1.286
0.0860764,0.0201147,1.29006
0.132754,0.0171784,1.27413
0.189739,0.00541926,1.28509
-0.18914,0.040477,1.28926
-0.156685,0.0263108,1.29278
-0.0921713,0.0270194,1.27678
-0.0572016,0.0311951,1.29359
0.000975121,0.0291424,1.28067
0.0499643,0.0354099,1.27645
0.113254,0.0427285,1.289
0.189755,0.0433354,1.2898
-0.0763596,0.058741,1.2757
-0.0449554,0.0643515,1.29085
-0.0106073,0.0624603,1.28282
0.0800912,0.0550044,1.29022
0.148145,0.0481887,1.28723
-0.181381,0.0749515,1.29187
-0.120161,0.0730821,1.2799
0.0849212,0.0884168,1.27959
0.172347,0.0736058,1.28269
-0.0930383,0.0956685,1.27781
-0.0285588,0.0956566,1.28953
0.0527326,0.102763,1.27644
0.115956,0.104015,1.2864
-0.083782,0.128556,1.29297
-0.00344295,0.1205,1.28801
0.0856758,0.122554,1.289
0.144797,0.129243,1.28996
-0.111288,0.146337,1.27946
-0.0510927,0.136242,1.2818
-0.019445,0.15206,1.28001
-0.0849986,0.170819,1.28659
0.0885597,0.16787,1.28489
-0.0254202,0.193181,1.29015
0.00304379,0.179091,1.27447
1.62579e-05,-0.220992,1.31634
0.0220157,-0.200729,1.29744
0.0543668,-0.207896,1.31009
-0.107844,-0.183472,1.30831
-0.073168,-0.17987,1.30208
-0.0432216,-0.198457,1.29861
0.0835093,-0.189365,1.30263
-0.026691,-0.161326,1.29709
0.00407536,-0.170479,1.31204
0.0579441,-0.164177,1.31278
0.136198,-0.169756,1.3129
-0.161216,-0.134723,1.30566
-0.0981144,-0.149437,1.30777
-0.0587131,-0.146323,1.29897
0.0829078,-0.14142,1.30227
0.162208,-0.144256,1.31275
-0.111126,-0.117151,1.30147
-0.0761333,-0.114862,1.31535
-0.019503,-0.127067,1.30205
0.029225,-0.119409,1.30081
0.10895,-0.118034,1.29695
0.137739,-0.11901,1.31781
-0.141911,-0.106672,1.31546
0.0602368,-0.102366,1.30017
-0.198708,-0.0815001,1.3104
-0.151505,-0.0730215,1.30989
-0.0597598,-0.083563,1.31262
-0.0234737,-0.0881842,1.30092
0.00969153,-0.0741984,1.29729
0.0513429,-0.0681315,1.29813
0.0921844,-0.0873601,1.30252
0.189306,-0.0873585,1.30354
-0.212257,-0.0487979,1.31349
-0.179451,-0.0532721,1.30091
-0.115843,-0.0573523,1.31104
-0.0807906,-0.0584764,1.29816
-0.051541,-0.0492854,1.31589
-0.0173471,-0.0540144,1.30799
0.0824803,-0.0535687,1.30656
0.117478,-0.0633926,1.30882
0.155434,-0.0565705,1.3064
0.203904,-0.0552542,1.30664
-0.127796,-0.025263,1.30214
-0.0839653,-0.0275323,1.31507
0.0125485,-0.038831,1.29665
0.0458603,-0.0319999,1.30656
0.119022,-0.028642,1.30219
0.216723,-0.023018,1.31371
-0.166115,-0.0214051,1.31181
-0.0512687,-0.0138849,1.31531
-0.0143679,-0.0168752,1.31631
0.0800782,-0.0183797,1.30338
0.156004,-0.0221107,1.29735
0.183673,-0.0104692,1.31616
-0.207252,0.0131674,1.30295
-0.141935,0.0040691,1.31605
-0.105039,0.000556895,1.3105
-0.00381798,0.0169429,1.31358
0.0289397,0.01991,1.30037
0.115961,0.00661376,1.30347
0.158682,0.0162567,1.2982
0.214072,0.0121087,1.30998
-0.126336,0.0349514,1.30871
0.0603132,0.0325494,1.31089
-0.149105,0.0607246,1.29603
-0.0966198,0.0534806,1.3041
-0.0254948,0.0449584,1.31318
0.0147402,0.0530133,1.3056
0.0479631,0.0644149,1.30156
0.166842,0.0590427,1.31528
-0.108046,0.0863624,1.31042
-0.0738221,0.0805617,1.30343
-0.00219645,0.083784,1.31005
0.106501,0.0739565,1.30426
0.141259,0.0805934,1.30344
0.198136,0.073427,1.30696
-0.141123,0.094781,1.30107
-0.0559574,0.110945,1.30598
0.0305924,0.0952023,1.303
0.0643549,0.10343,1.30989
0.0988951,0.105937,1.31735
0.172778,0.105433,1.29823
-0.171346,0.11312,1.30064
-0.116692,0.120296,1.30286
0.0308627,0.130201,1.29751
-0.146608,0.1381,1.29649
-0.0138768,0.142647,1.31364
0.0607856,0.149232,1.29759
0.105683,0.146056,1.30693
0.169867,0.137233,1.31366
-0.126807,0.16636,1.30467
-0.0408775,0.164563,1.30697
-0.000431054,0.175113,1.30944
0.0348023,0.17434,1.30581
0.139823,0.159621,1.30742
-0.101347,0.190131,1.31139
-0.0599709,0.193145,1.29802
0.0647934,0.191046,1.29725
0.111718,0.181079,1.30834
0.00122843,0.210449,1.30588
0.0365339,0.209628,1.3085
-0.0348433,-0.223941,1.32179
0.0324084,-0.229519,1.32745
0.0746783,-0.225898,1.33329
-0.10664,-0.212165,1.33304
-0.0724788,-0.211402,1.3189
0.103492,-0.206505,1.32631
-0.0505974,-0.186204,1.33103
-0.015939,-0.192963,1.33067
0.0329451,-0.185232,1.32732
0.0735515,-0.185448,1.3364
0.16147,-0.178601,1.33613
-0.171236,-0.159332,1.32908
-0.140195,-0.173723,1.31899
-0.109737,-0.165222,1.33848
-0.0717613,-0.157878,1.32982
0.106846,-0.173663,1.33922
-0.128425,-0.137159,1.32762
-0.0379207,-0.147423,1.32763
-0.00466737,-0.136335,1.33292
0.0276476,-0.150289,1.3291
0.0812785,-0.149266,1.33685
0.113017,-0.144133,1.32065
0.189812,-0.146353,1.33484
-0.190403,-0.123312,1.32218
-0.159681,-0.125824,1.33988
-0.0951793,-0.132967,1.33905
-0.0404362,-0.112135,1.32666
0.0556542,-0.129924,1.32191
0.0873754,-0.114457,1.32478
0.167106,-0.119322,1.338
0.199746,-0.11365,1.32548
-0.218535,-0.099502,1.33578
-0.171825,-0.0941536,1.32971
-0.102277,-0.09067,1.32315
0.00240582,-0.104724,1.31857
0.0349865,-0.0915189,1.32245
0.115136,-0.0928006,1.32894
0.157503,-0.0896856,1.31881
-0.131265,-0.0773654,1.33849
-0.031605,-0.0786885,1.33406
0.00344082,-0.0745344,1.33696
0.069021,-0.0841542,1.32923
0.137929,-0.0668817,1.33753
0.215922,-0.0821673,1.32659
-0.231971,-0.066572,1.33696
-0.0881067,-0.0596941,1.33285
0.0445001,-0.0586525,1.33155
0.0963778,-0.0632864,1.33763
0.179377,-0.0488003,1.3313
0.236587,-0.0486786,1.33676
-0.236713,-0.0315006,1.33402
-0.184861,-0.0410629,1.33445
-0.143768,-0.0436257,1.32788
0.0137836,-0.0410431,1.33197
0.0700269,-0.0341978,1.33344
0.142383,-0.0321719,1.32858
-0.206843,-0.015387,1.32385
-0.123629,-0.0164884,1.3384
0.0202289,-0.0081125,1.32063
0.0549094,-0.00105027,1.32126
0.103192,-0.0217663,1.33312
0.237556,-0.00153665,1.33271
-0.239382,0.00378053,1.33458
-0.206795,0.0171605,1.3381
-0.176485,0.0113206,1.32037
-0.0468214,0.0196348,1.32576
0.0884419,0.00958598,1.32557
0.123331,0.0200404,1.33541
0.153903,0.0024903,1.33042
-0.231526,0.0414541,1.33076
-0.162312,0.0435445,1.3239
-0.0811707,0.0252963,1.31898
0.0226674,0.0321042,1.33303
0.0967494,0.0436096,1.32029
0.183594,0.0281107,1.32122
-0.196951,0.0497158,1.32807
-0.131479,0.065165,1.32643
-0.103014,0.0477807,1.33835
-0.0595788,0.053345,1.32112
-0.00338578,0.0553895,1.3388
0.0507356,0.0531392,1.33802
0.131518,0.0500562,1.31849
0.193011,0.0597882,1.33931
0.218036,0.0463497,1.31809
-0.211421,0.0814626,1.32205
-0.174959,0.0872267,1.32441
-0.0842252,0.0780164,1.33716
-0.0337282,0.0773931,1.3249
0.0244805,0.0761844,1.33223
0.0758751,0.0721683,1.3219
0.109941,0.0801654,1.33892
0.145093,0.0764335,1.33835
0.221739,0.0818306,1.33198
-0.0570639,0.100629,1.33984
0.176718,0.0897811,1.32981
-0.19805,0.11419,1.32386
-0.141893,0.118312,1.32765
-0.0866445,0.111224,1.32367
-0.0267228,0.112109,1.32579
0.00820655,0.115754,1.32112
0.0419034,0.121834,1.33014
0.0773224,0.133083,1.32443
0.109078,0.130977,1.34017
0.134262,0.111709,1.31888
0.201503,0.114987,1.32762
-0.172836,0.142848,1.31977
-0.0966136,0.154316,1.31866
-0.0636416,0.141778,1.32164
0.0189491,0.149259,1.32503
0.0521426,0.155233,1.33578
0.142968,0.140833,1.33726
-0.155996,0.172756,1.32834
-0.124077,0.163054,1.34
0.0806162,0.168617,1.31961
0.116183,0.165604,1.34016
0.165014,0.167821,1.33092
-0.130084,0.196745,1.33103
-0.0624532,0.180327,1.33098
-0.0271536,0.19043,1.32684
0.0183839,0.19275,1.33368
0.0553822,0.190397,1.33149
0.135508,0.194093,1.33235
-0.0766409,0.213242,1.32195
-0.0422677,0.221878,1.32114
0.0884439,0.205407,1.31932
-0.00999159,0.233946,1.3299
0.0255421,0.236514,1.33323
0.0607129,0.225609,1.32881
-0.0390983,-0.249157,1.3474
-0.00434222,-0.245751,1.34131
0.0822448,-0.249709,1.35838
-0.117479,-0.234734,1.35811
-0.0740887,-0.243165,1.3498
0.0258146,-0.240096,1.36055
0.111459,-0.230831,1.35173
-0.139638,-0.202013,1.34085
-0.0512273,-0.216226,1.35223
0.0124961,-0.207269,1.34649
0.0491451,-0.207557,1.34947
0.0941897,-0.201212,1.36048
-0.170992,-0.18827,1.34982
-0.0833741,-0.188085,1.34419
0.133263,-0.198681,1.34385
0.182018,-0.193948,1.36141
-0.197322,-0.164724,1.35245
-0.143352,-0.159252,1.35125
-0.0292214,-0.169548,1.35383
0.00709761,-0.17225,1.34776
0.0475087,-0.173203,1.35742
-0.0268695,-0.134383,1.36049
0.110398,-0.142542,1.35589
0.141877,-0.149464,1.34131
0.218228,-0.140779,1.35523
-0.213676,-0.132968,1.34706
-0.0602996,-0.130655,1.34936
0.0240428,-0.118042,1.34323
0.0644868,-0.112971,1.35174
0.240905,-0.114401,1.36186
-0.245397,-0.093461,1.358
-0.191514,-0.10466,1.35804
-0.153111,-0.0972761,1.35974
-0.120118,-0.109551,1.3481
-0.0785215,-0.100331,1.34755
-0.045825,-0.100458,1.36104
-0.0121737,-0.103587,1.3507
0.0991868,-0.108764,1.35765
0.139398,-0.102854,1.35271
0.207356,-0.102806,1.35845
-0.197602,-0.0724179,1.34476
-0.104475,-0.0805829,1.36133
-0.0603127,-0.0692897,1.35255
0.0441,-0.0843436,1.35592
0.18377,-0.0823945,1.34141
0.24189,-0.0808097,1.35069
-0.256366,-0.0503958,1.35687
-0.163077,-0.0653013,1.34824
-0.115813,-0.0483663,1.35176
0.15416,-0.0453622,1.36051
0.210861,-0.0646578,1.35715
-0.212787,-0.0429971,1.35731
-0.14694,-0.0311463,1.36082
-0.0659348,-0.0348751,1.34487
-0.0264594,-0.0443241,1.3408
0.119074,-0.0434708,1.35625
0.208247,-0.0303144,1.34739
-0.26023,-0.0150693,1.3561
-0.218767,-0.00825265,1.36066
-0.184698,-0.00968003,1.35083
-0.0951459,-0.0201192,1.35912
-0.0715896,-3.24069e-05,1.34178
-0.0390446,-0.0121757,1.34866
-0.00462342,-0.0192169,1.3529
0.0403352,-0.0205481,1.34704
0.0751378,-0.00620381,1.35447
0.129817,-0.00988908,1.3532
0.174799,-0.0188089,1.34946
0.258003,-0.0205656,1.35444
-0.151381,0.00231928,1.35013
-0.104536,0.0128338,1.3437
-0.015258,0.014055,1.34704
0.0195365,0.0063152,1.35702
0.0514722,0.0197166,1.3497
0.169744,0.0146623,1.35963
0.200268,0.00505799,1.34335
0.25682,0.014515,1.35901
-0.257068,0.0280755,1.35361
-0.176127,0.0275378,1.3522
-0.134619,0.0326978,1.34313
-0.0698612,0.0365446,1.35056
-0.0350169,0.0433891,1.34921
0.0822719,0.03698,1.35189
0.154634,0.0428156,1.34432
0.226448,0.0286304,1.34758
-0.257062,0.0629533,1.36022
-0.215467,0.0628467,1.3554
-0.177419,0.0665319,1.35297
-0.123688,0.0654459,1.36102
0.115766,0.0489062,1.35453
0.221581,0.0612445,1.3608
0.254454,0.0495776,1.35459
-0.148744,0.0870144,1.34829
-0.0565131,0.0701822,1.35773
0.0806857,0.0719402,1.35697
0.247299,0.0853023,1.35723
-0.235375,0.0912445,1.34804
-0.200657,0.0955648,1.35388
-0.114467,0.0951059,1.34411
-0.0303404,0.110181,1.36097
-0.00486039,0.0916619,1.34459
0.0255182,0.105232,1.35753
0.05465,0.0913286,1.34283
0.0858132,0.106339,1.35034
0.129347,0.105467,1.35432
0.199644,0.0946315,1.35651
-0.220719,0.124876,1.34914
-0.171294,0.114245,1.347
-0.11117,0.130164,1.34075
-0.0750724,0.128388,1.35241
0.0605548,0.12964,1.35922
0.163248,0.115031,1.3505
0.228336,0.114644,1.35091
-0.196764,0.151964,1.34416
-0.152808,0.144377,1.34935
-0.00726812,0.133448,1.34752
0.0269111,0.140626,1.35838
0.0847427,0.154361,1.35176
0.188305,0.143925,1.34313
-0.0962382,0.155623,1.36045
-0.0612283,0.160013,1.35994
-0.0316531,0.158099,1.34049
0.00267924,0.167106,1.35239
0.0371576,0.177058,1.35922
0.144866,0.173206,1.35951
0.212061,0.162158,1.36206
-0.173789,0.190453,1.35325
-0.09366,0.188017,1.34596
-0.0380216,0.186876,1.36028
0.102573,0.196707,1.35063
0.184586,0.183677,1.35601
-0.145212,0.216297,1.35639
-0.10591,0.220847,1.34043
-0.0693884,0.211678,1.35657
-0.00853306,0.205092,1.35306
0.0394872,0.212025,1.35459
0.158941,0.208001,1.35717
-0.0369516,0.225982,1.35593
0.0923274,0.230423,1.34404
0.12664,0.222619,1.35142
-0.0974467,0.247965,1.36156
-0.0628482,0.249962,1.35325
-0.0207996,0.257512,1.35403
0.0634896,0.250611,1.35376
-0.0385407,-0.276561,1.37455
-0.00405647,-0.271493,1.36703
0.0351544,-0.272772,1.37045
0.0692787,-0.275233,1.37943
-0.106482,-0.261872,1.378
-0.0709985,-0.263166,1.37886
0.104834,-0.265316,1.38108
-0.150626,-0.224733,1.36566
-0.0397936,-0.237753,1.38102
-0.00577751,-0.23073,1.37336
0.0569376,-0.231143,1.37481
0.0975045,-0.230792,1.38427
0.135054,-0.244229,1.37463
-0.177981,-0.206692,1.37934
-0.0885635,-0.215356,1.36629
0.0282297,-0.208236,1.37831
0.12447,-0.208811,1.37724
0.155815,-0.217787,1.36337
0.184645,-0.221748,1.38373
-0.208248,-0.188549,1.37623
-0.143218,-0.194248,1.38205
-0.112975,-0.189826,1.36377
-0.0575443,-0.185241,1.36817
-0.011971,-0.196075,1.3697
0.0645757,-0.196573,1.37936
0.152461,-0.186037,1.3791
-0.226496,-0.156164,1.3706
-0.165761,-0.167322,1.37784
-0.08214,-0.158557,1.36369
-0.00550812,-0.162626,1.37942
0.0856761,-0.167475,1.36696
0.12035,-0.17271,1.37188
0.173605,-0.159577,1.36343
0.20993,-0.172979,1.36747
-0.180229,-0.137105,1.36643
-0.114863,-0.145118,1.36708
-0.0509517,-0.152285,1.37931
0.0256212,-0.146344,1.36453
0.0604219,-0.142909,1.37022
0.242636,-0.148095,1.37998
-0.250783,-0.13181,1.3788
-0.210201,-0.125808,1.38175
-0.146172,-0.129767,1.37281
-0.0865674,-0.124474,1.37228
0.0023324,-0.122645,1.37674
0.0365332,-0.113669,1.37601
0.0911566,-0.131603,1.38349
0.153624,-0.130894,1.36909
0.189806,-0.129709,1.37348
-0.125586,-0.100321,1.3818
0.122908,-0.106457,1.38384
0.170951,-0.100044,1.36924
-0.219472,-0.0742531,1.37253
-0.172148,-0.0749649,1.38107
-0.137239,-0.0680844,1.37231
-0.0223277,-0.0740634,1.36792
0.012119,-0.0875022,1.37079
0.0785843,-0.0803821,1.3631
0.116023,-0.07808,1.3631
0.147678,-0.0750658,1.37869
0.229415,-0.0884033,1.3829
0.266145,-0.0874645,1.37576
-0.0855514,-0.0522187,1.37058
-0.0435657,-0.0448882,1.37194
0.00551267,-0.0523865,1.36449
0.0408983,-0.0505206,1.36592
0.180857,-0.062865,1.37592
0.2623,-0.0546361,1.36313
-0.281748,-0.0416054,1.3801
-0.179573,-0.0422555,1.36944
-0.120324,-0.0349624,1.38425
0.0212621,-0.0231003,1.37678
0.0574925,-0.0227375,1.38035
0.0851198,-0.0388762,1.36517
0.19225,-0.0284585,1.37889
0.231468,-0.0397706,1.37242
0.28434,-0.03427,1.38208
-0.167403,-0.0111946,1.38166
-0.122659,-0.00117269,1.37084
-0.0635296,-0.0156985,1.37454
0.11094,-0.0199221,1.38142
0.155014,-0.0118153,1.37799
0.225826,-0.00520356,1.36638
-0.279963,0.00710182,1.37565
-0.194631,0.0112846,1.37757
-0.0842727,0.0129815,1.37272
-0.0477479,0.0156031,1.36876
-0.00728457,0.00361274,1.37994
0.0432804,0.00958987,1.38306
0.104047,0.0118499,1.36396
0.194018,0.00655145,1.38441
0.28327,0.00115937,1.37839
-0.279932,0.0431662,1.37877
-0.223974,0.0301809,1.3662
-0.113377,0.0331726,1.37151
-0.00674076,0.0394102,1.37027
0.0286258,0.0387017,1.36896
0.0633951,0.0387043,1.38178
0.136855,0.0242238,1.36867
0.164437,0.04414,1.37841
0.19678,0.036583,1.3659
0.235465,0.0353043,1.38119
0.278879,0.0362803,1.37672
-0.192477,0.0466352,1.37814
-0.152787,0.0474367,1.36966
-0.089148,0.0610257,1.36799
-0.0570368,0.046276,1.38368
-0.276093,0.0823719,1.38365
-0.237288,0.081957,1.38282
-0.022438,0.0710351,1.36739
0.0129416,0.0703318,1.36645
0.0480384,0.0683055,1.3699
0.135327,0.0725988,1.37215
0.170732,0.075215,1.36267
0.272806,0.0711591,1.37737
-0.256562,0.110625,1.37488
-0.170783,0.0932893,1.3757
-0.109174,0.0894578,1.38259
-0.077544,0.0969468,1.36851
-0.00249312,0.0994653,1.38002
0.0636385,0.0992555,1.37707
0.104551,0.090125,1.37561
0.222712,0.100538,1.38293
-0.222262,0.11401,1.38303
-0.192784,0.129262,1.37078
-0.13556,0.116525,1.36279
-0.102444,0.123231,1.37436
-0.0587808,0.123153,1.38345
0.0915785,0.12971,1.37633
0.148082,0.116513,1.38245
0.203365,0.12906,1.3715
0.254687,0.115218,1.37461
-0.236644,0.145597,1.37317
-0.12912,0.154518,1.37401
-0.0320723,0.143792,1.37278
0.00108168,0.134972,1.38181
0.126638,0.143015,1.36866
0.164121,0.145099,1.36918
0.240363,0.147633,1.37764
-0.212168,0.17187,1.36946
-0.175026,0.160401,1.37182
0.0667593,0.155759,1.38232
0.105913,0.171054,1.37487
-0.123562,0.188769,1.36492
-0.0795994,0.183829,1.37897
0.0133898,0.19459,1.37861
0.0713773,0.185297,1.36283
0.133653,0.199513,1.38036
-0.189602,0.209883,1.37831
-0.0998178,0.213619,1.3746
-0.0170234,0.21924,1.38445
0.0702607,0.219954,1.37015
0.104517,0.219442,1.3789
0.195807,0.206586,1.38072
-0.16343,0.233812,1.38195
-0.130896,0.244275,1.37273
-0.0728902,0.234799,1.3836
0.00713695,0.235064,1.36339
0.0395624,0.239422,1.3772
0.134209,0.241559,1.38031
-0.0394493,0.246962,1.38435
0.102705,0.253362,1.36891
-0.059103,0.275626,1.37743
-0.0242504,0.2825,1.379
0.0223796,0.267151,1.36346
0.0523368,0.278547,1.37909
-0.0563888,-0.298157,1.40125
-0.0212643,-0.299919,1.39625
0.0136302,-0.293765,1.38931
0.0737226,-0.299918,1.40479
0.107754,-0.290217,1.40602
-0.125223,-0.2799,1.40208
-0.0900478,-0.287478,1.39679
0.044141,-0.280481,1.40409
0.136685,-0.270543,1.39861
-0.140268,-0.252931,1.38472
-0.0173102,-0.265029,1.40049
0.0147643,-0.253037,1.39169
0.0463193,-0.245185,1.40552
0.0813106,-0.254402,1.40546
0.164389,-0.248991,1.39396
-0.172564,-0.239797,1.39099
-0.12334,-0.222559,1.39113
-0.0878139,-0.23637,1.39468
-0.207089,-0.21787,1.39627
-0.0954651,-0.20196,1.39837
-0.0622579,-0.212115,1.39066
0.0708054,-0.219693,1.40541
0.153332,-0.215419,1.3989
0.214876,-0.218525,1.402
-0.237856,-0.18024,1.39402
-0.0679945,-0.177845,1.40121
-0.0331459,-0.17992,1.39331
-0.00220653,-0.193927,1.40365
0.0967972,-0.197339,1.39615
0.129868,-0.178658,1.4054
0.19626,-0.188316,1.39656
0.23259,-0.184211,1.3923
-0.262828,-0.156479,1.40201
-0.19732,-0.157619,1.3907
-0.135913,-0.156621,1.39354
-0.102501,-0.168054,1.39104
0.0273242,-0.17358,1.38721
0.0640563,-0.16654,1.39807
0.0991372,-0.162144,1.39934
-0.228598,-0.147611,1.40493
-0.167698,-0.141972,1.40243
-0.0789673,-0.143584,1.40111
-0.0236677,-0.137148,1.39609
0.0105168,-0.144361,1.40517
0.044934,-0.136956,1.40152
0.125626,-0.141584,1.3879
0.158253,-0.154694,1.39501
0.205057,-0.153378,1.39654
0.269365,-0.151463,1.40481
-0.11069,-0.128166,1.39792
-0.0561943,-0.118776,1.38947
0.220414,-0.122178,1.38971
0.265037,-0.121127,1.38689
-0.270322,-0.102955,1.38477
-0.235221,-0.10229,1.39068
-0.200427,-0.0920003,1.39665
-0.17148,-0.109863,1.38727
-0.0856097,-0.0930884,1.38859
-0.0244445,-0.102316,1.38927
0.0147278,-0.102805,1.40333
0.0685725,-0.104098,1.38742
0.154546,-0.107475,1.39971
0.195503,-0.0904515,1.39293
0.290125,-0.101834,1.40295
-0.289254,-0.0744863,1.39404
-0.254418,-0.0710167,1.38577
-0.149538,-0.0883809,1.40491
-0.109129,-0.0671947,1.39394
-0.0540272,-0.0772574,1.38649
0.00943331,-0.0679118,1.40012
0.0407114,-0.0818561,1.39109
0.0974771,-0.0757147,1.39313
0.290567,-0.0670659,1.39373
-0.198819,-0.056618,1.39547
-0.0659513,-0.0462328,1.39941
-0.0262609,-0.0603128,1.40039
0.0365756,-0.0444853,1.40056
0.0670221,-0.0582412,1.38866
0.123646,-0.0517734,1.39042
0.25555,-0.050136,1.3976
-0.231378,-0.0439819,1.38746
-0.153352,-0.0441912,1.39313
-0.013767,-0.0309451,1.38502
0.0843837,-0.0305579,1.40222
0.158211,-0.0432714,1.39568
0.218621,-0.0277162,1.4032
0.309816,-0.0285651,1.40655
-0.300532,-0.0129029,1.39636
-0.242811,-0.0103972,1.38651
-0.201417,-0.0218723,1.38845
-0.14014,-0.0132518,1.40426
-0.0930647,-0.0141151,1.39402
-0.0370121,-0.00677476,1.39623
0.175604,-0.0139802,1.40665
0.251292,-0.015534,1.38896
-0.220768,0.0129294,1.40138
-0.147571,0.017428,1.3879
-0.113438,0.0141648,1.40184
-0.0634571,0.0162415,1.40111
0.0782753,0.00672524,1.38767
0.118727,0.0112889,1.39617
0.153857,0.0167461,1.399
0.225811,0.00684288,1.40019
0.25984,0.0170302,1.3997
0.307904,0.00656161,1.40317
-0.302539,0.0247289,1.39922
-0.251672,0.0241835,1.38825
-0.166163,0.0441518,1.40221
-0.0902086,0.0414791,1.39751
-0.0277846,0.0275266,1.3963
0.0132534,0.0259752,1.39824
0.0984826,0.0427902,1.38483
0.205503,0.0416297,1.39986
-0.299415,0.0623998,1.40137
-0.257553,0.0574886,1.40239
-0.223451,0.0515378,1.39459
-0.130345,0.0459072,1.39989
-0.0309653,0.0625101,1.40132
0.00437294,0.0607642,1.39944
0.040972,0.0588433,1.40325
0.133841,0.0462928,1.39623
0.302136,0.0486765,1.40149
-0.202042,0.0798715,1.38569
-0.141978,0.0776425,1.3891
-0.0750152,0.073464,1.39793
0.0765951,0.0698655,1.39217
0.160703,0.0762948,1.39653
0.198839,0.0736363,1.38507
0.234313,0.0682573,1.39423
0.295294,0.083698,1.40252
-0.190269,0.1097,1.40055
-0.0854246,0.107815,1.40143
-0.0464152,0.0900373,1.38524
0.0298389,0.0900889,1.39104
0.129155,0.0930631,1.40087
0.18138,0.104751,1.38511
0.258836,0.0927513,1.40177
-0.278884,0.124079,1.40068
-0.244432,0.131317,1.40462
-0.159993,0.126804,1.38622
-0.128444,0.115269,1.39741
-0.0263303,0.11904,1.39764
0.0392005,0.124058,1.38719
0.0699242,0.128181,1.40433
0.118572,0.12682,1.39912
0.20529,0.122642,1.40635
0.244298,0.126979,1.40621
0.279493,0.121547,1.40024
-0.186351,0.144975,1.4018
-0.112941,0.145942,1.40588
-0.0796194,0.150631,1.39128
0.094971,0.153319,1.4037
0.159471,0.142194,1.40411
-0.254977,0.165095,1.39908
-0.219804,0.156991,1.4022
-0.153099,0.159727,1.39958
-0.0468473,0.170615,1.39029
-0.0108609,0.169425,1.38499
0.0251324,0.160261,1.38782
0.135996,0.166679,1.3934
0.190687,0.157749,1.39026
0.264032,0.156275,1.4028
-0.229811,0.190186,1.39449
-0.192086,0.179708,1.3979
-0.160084,0.191744,1.3858
-0.123121,0.179172,1.39895
0.0478094,0.197757,1.38615
0.0789636,0.185085,1.39802
0.165695,0.185413,1.38596
0.231075,0.180509,1.38843
-0.213303,0.220862,1.40259
-0.131711,0.212462,1.38994
-0.0827205,0.208663,1.40517
-0.0520916,0.205606,1.38689
0.079816,0.220007,1.4043
0.160502,0.2201,1.3908
0.221876,0.216158,1.40519
-0.105314,0.240694,1.39696
0.0150439,0.22508,1.39824
0.19201,0.235892,1.40002
-0.1879,0.245438,1.40477
-0.00537937,0.254651,1.39008
0.0276994,0.263822,1.40007
0.0727703,0.250713,1.38798
0.104289,0.245676,1.40335
0.161984,0.255085,1.3976
-0.128488,0.271463,1.39625
-0.0938156,0.274453,1.38563
0.092923,0.279804,1.39036
0.127273,0.272402,1.39627
-0.0751,0.299169,1.40386
-0.0158135,0.308344,1.40439
0.00946608,0.291017,1.38648
0.0381194,0.298339,1.40597
-0.0821792,-0.313559,1.41997
-3.22745e-05,-0.322373,1.41778
0.0337108,-0.31358,1.41115
0.0630409,-0.326329,1.42784
-0.141596,-0.300181,1.42757
0.136991,-0.298024,1.42416
-0.159749,-0.269673,1.40913
-0.0718961,-0.278879,1.42689
0.00332193,-0.286273,1.42261
0.166235,-0.275821,1.41804
-0.198128,-0.249571,1.4141
-0.11037,-0.251615,1.41732
-0.0503157,-0.255823,1.4096
0.00673846,-0.250904,1.42612
0.194925,-0.250657,1.41297
-0.146971,-0.236225,1.41545
-0.077436,-0.242287,1.42824
-0.0162368,-0.230287,1.40713
0.099081,-0.225876,1.42589
0.127637,-0.237779,1.40864
-0.239195,-0.209277,1.41424
-0.180046,-0.219397,1.41921
-0.115642,-0.217827,1.42582
-0.0721031,-0.206916,1.42448
-0.0372699,-0.204255,1.41872
0.0192178,-0.221976,1.40967
0.129709,-0.207278,1.42621
0.184043,-0.217667,1.41969
0.244972,-0.216161,1.42225
-0.268013,-0.188395,1.4249
-0.205915,-0.185337,1.4114
-0.170764,-0.186245,1.40736
-0.126172,-0.185927,1.4119
-0.0939699,-0.179092,1.42539
0.0440319,-0.196759,1.4083
0.0812967,-0.182762,1.42475
0.164606,-0.184761,1.41253
0.218624,-0.1914,1.42446
0.261027,-0.184257,1.41557
-0.151018,-0.162897,1.4258
-0.0149759,-0.164231,1.41953
0.0348111,-0.16494,1.42077
0.192327,-0.167432,1.4264
0.235482,-0.15652,1.4145
-0.195939,-0.150595,1.42524
-0.117081,-0.152476,1.42316
-0.0483544,-0.152441,1.41661
0.0778456,-0.138784,1.41552
0.112851,-0.136804,1.4205
0.144105,-0.153384,1.42756
0.295966,-0.151822,1.4284
-0.28557,-0.128939,1.40884
-0.251499,-0.121797,1.41535
-0.210547,-0.119438,1.41662
-0.175043,-0.113795,1.4225
-0.141258,-0.121507,1.41448
-0.0761793,-0.112433,1.41804
-0.0402588,-0.117835,1.42107
-0.00530636,-0.120985,1.42658
0.18054,-0.130152,1.40769
0.210827,-0.132793,1.42757
0.248277,-0.123869,1.42009
-0.303873,-0.0992244,1.41481
-0.112716,-0.0958614,1.41449
0.047302,-0.105209,1.41703
0.0967438,-0.107461,1.40869
0.221025,-0.0986412,1.41612
0.25474,-0.0909071,1.40908
-0.262846,-0.0876798,1.41604
-0.227512,-0.0728264,1.40874
-0.0835701,-0.0733032,1.41788
-0.0499135,-0.0837927,1.42202
-0.0132628,-0.0872726,1.41933
0.0406389,-0.071336,1.42496
0.073972,-0.081977,1.41891
0.129296,-0.0818211,1.40853
0.166554,-0.0753497,1.40868
0.315964,-0.0844884,1.42368
-0.30865,-0.047385,1.40785
-0.276183,-0.0551175,1.42057
-0.171864,-0.0638667,1.41743
-0.134234,-0.0595344,1.41861
0.067407,-0.0482951,1.42774
0.104122,-0.0650351,1.42693
0.137302,-0.0506275,1.4233
0.19104,-0.0497232,1.40737
0.223928,-0.0632071,1.40716
0.281617,-0.0448491,1.4209
0.327481,-0.0512606,1.42817
-0.268412,-0.0232452,1.40731
-0.24278,-0.0434184,1.42116
-0.208749,-0.0334333,1.42106
-0.175422,-0.024434,1.41344
-0.0988443,-0.0414051,1.4159
-0.0343473,-0.032357,1.4206
0.00514614,-0.0358862,1.41454
0.108933,-0.0298216,1.42771
0.247841,-0.0266924,1.42308
-0.240943,-0.0067204,1.4228
-0.11417,-0.0119752,1.4283
-0.06572,-0.0154521,1.417
0.0246177,-0.00700249,1.40816
0.059845,-0.00802577,1.41401
0.136191,-0.0180033,1.40739
0.278317,-0.0108888,1.41156
-0.323556,0.00226726,1.41896
-0.272734,0.0114802,1.41385
-0.177203,0.0108077,1.40828
-0.141051,0.0170016,1.42392
-0.0876327,0.0112065,1.42637
-0.0413402,0.00892617,1.4276
-0.00841402,0.00383565,1.41533
0.093562,0.00130633,1.41951
0.19659,0.0131408,1.4193
-0.325422,0.0383512,1.4229
-0.287737,0.0409644,1.42722
-0.243542,0.0305837,1.42201
-0.198665,0.0381524,1.41603
-0.110889,0.0378412,1.42845
0.0446577,0.0255918,1.41469
0.0791823,0.0330817,1.41293
0.113183,0.034221,1.42247
0.235927,0.0366255,1.41721
0.284756,0.0230282,1.4241
0.325801,0.0323844,1.42301
-0.0615994,0.0471837,1.41879
0.0752196,0.0664269,1.42738
0.171733,0.0455803,1.41297
0.215989,0.0650008,1.42462
0.2669,0.0515759,1.407
-0.322104,0.0739538,1.42562
-0.276748,0.0748217,1.4267
-0.181482,0.0738203,1.41381
-0.141035,0.0702167,1.42376
-0.107283,0.0699038,1.41209
0.0215612,0.0794897,1.42444
0.107044,0.0668647,1.41026
0.324274,0.0676402,1.4266
-0.299321,0.0967411,1.41008
-0.255941,0.0979699,1.40832
-0.221024,0.0938717,1.41212
-0.157894,0.100284,1.41142
-0.110887,0.10254,1.42554
-0.0533918,0.10598,1.41642
-0.0128744,0.090396,1.41355
0.0581578,0.0950926,1.41185
0.0933237,0.101734,1.40714
0.162103,0.108085,1.41488
0.193237,0.0907416,1.41551
0.227903,0.0979984,1.4183
-0.305194,0.128255,1.42702
-0.213295,0.127438,1.42078
-0.147392,0.132647,1.42164
0.0124063,0.114833,1.40918
0.307636,0.111386,1.42259
-0.283489,0.155306,1.41888
-0.0848205,0.13461,1.42451
-0.0516349,0.142836,1.41226
0.00441485,0.148874,1.41403
0.0375713,0.136874,1.42122
0.125038,0.151665,1.4236
0.221367,0.153989,1.40975
0.292746,0.144685,1.42448
-0.172033,0.173128,1.42637
-0.0910108,0.175455,1.41366
-0.024751,0.16853,1.41755
0.0504726,0.168415,1.41114
0.17177,0.17223,1.41827
-0.266807,0.186179,1.42553
-0.210112,0.193981,1.42553
-0.14687,0.197267,1.41798
-0.0566875,0.189268,1.4191
0.00590132,0.185721,1.41176
0.109965,0.199356,1.40756
0.144527,0.19457,1.41388
0.202832,0.186443,1.40897
0.250355,0.191504,1.41659
-0.243776,0.212611,1.41932
-0.179655,0.210425,1.41241
-0.112333,0.201973,1.42364
-0.0245088,0.203924,1.41555
0.0537745,0.202333,1.42079
0.177315,0.208785,1.41987
-0.141182,0.240769,1.40898
-0.0546691,0.228961,1.41335
0.0467153,0.236098,1.41176
0.134178,0.228747,1.4133
-0.223011,0.244765,1.42779
-0.0691658,0.260655,1.40787
-0.0283187,0.252556,1.41756
0.187938,0.264282,1.42079
-0.163384,0.270193,1.41196
-0.101852,0.267829,1.41943
-0.0429466,0.284388,1.40921
-0.00323453,0.277715,1.41696
0.0595246,0.269949,1.4148
0.0958064,0.272695,1.42492
0.156815,0.282781,1.41883
-0.148332,0.298208,1.4285
-0.111488,0.302006,1.41695
0.0731012,0.303326,1.40794
0.121625,0.301403,1.42076
-0.0488481,0.319768,1.41913
0.0147684,0.322159,1.41773
0.0534091,0.326049,1.42732
-0.0148286,-0.345464,1.44176
0.0281547,-0.3431,1.44495
-0.110402,-0.324152,1.43881
-0.051772,-0.329403,1.42976
0.10244,-0.31705,1.42909
-0.106343,-0.289651,1.4305
-0.0269968,-0.304096,1.43197
0.0212863,-0.308125,1.44594
0.0523976,-0.292698,1.43647
0.166231,-0.305059,1.44309
-0.186917,-0.279218,1.43158
-0.0253979,-0.268104,1.43497
0.0254923,-0.27195,1.4484
0.0851362,-0.278877,1.43159
0.146821,-0.274068,1.44815
0.194775,-0.2839,1.44024
-0.218739,-0.266208,1.4404
-0.172007,-0.246618,1.44027
-0.13702,-0.265406,1.43605
-0.0997479,-0.259915,1.45037
0.0572299,-0.257345,1.43693
0.117627,-0.265115,1.42974
0.226643,-0.25316,1.43498
-0.241694,-0.2378,1.43526
-0.208011,-0.232912,1.44441
-0.138567,-0.231871,1.45009
-0.0275875,-0.230476,1.44059
0.0327347,-0.227737,1.44235
0.124388,-0.233712,1.44964
0.155254,-0.243345,1.43019
0.196156,-0.23947,1.44646
0.272538,-0.222234,1.44877
-0.269545,-0.21885,1.44608
-0.150334,-0.203799,1.43065
0.0672723,-0.221033,1.44091
0.0970878,-0.200727,1.4507
0.160077,-0.211812,1.4461
0.223817,-0.217761,1.45084
-0.209011,-0.196937,1.44467
-0.120403,-0.189841,1.44655
-0.0534191,-0.179669,1.43874
-0.0183084,-0.189168,1.44457
0.0175369,-0.195136,1.43301
0.0509129,-0.187872,1.44246
0.192628,-0.197495,1.44752
-0.300558,-0.162094,1.43787
-0.23495,-0.174877,1.42922
-0.179182,-0.177037,1.4436
0.113305,-0.170079,1.43605
0.163085,-0.175988,1.44732
0.221302,-0.163598,1.44623
-0.265205,-0.152757,1.43774
-0.232153,-0.139748,1.43947
-0.174118,-0.1368,1.44893
-0.080127,-0.148441,1.43657
-0.0287386,-0.142018,1.44445
0.00972259,-0.149608,1.44139
0.0493769,-0.13685,1.43661
0.0859275,-0.149322,1.44844
0.176967,-0.139533,1.44156
0.261736,-0.153582,1.43994
-0.312968,-0.128299,1.43436
-0.279997,-0.121298,1.44558
-0.139646,-0.1254,1.4497
-0.104913,-0.122108,1.43712
-0.0607156,-0.122011,1.44991
0.0752439,-0.111535,1.43838
0.147629,-0.118339,1.43279
0.278928,-0.115016,1.43624
0.317359,-0.120416,1.4352
-0.337231,-0.0964343,1.44881
-0.232674,-0.0979485,1.43409
-0.140045,-0.0915229,1.43901
-0.0840906,-0.0951176,1.44792
0.0196337,-0.0983924,1.43837
0.117391,-0.100258,1.43648
0.178685,-0.101739,1.42926
0.20959,-0.103683,1.44915
0.246021,-0.0965412,1.44294
-0.318233,-0.070675,1.43369
-0.285543,-0.0849819,1.4441
-0.253725,-0.0677911,1.44533
-0.197466,-0.0875953,1.43177
-0.110231,-0.0721944,1.44126
0.147702,-0.0826592,1.43896
0.200415,-0.0734227,1.4326
0.280396,-0.0791564,1.43027
-0.347864,-0.0576642,1.44837
-0.218905,-0.0608336,1.44151
-0.15955,-0.0641066,1.45082
-0.0614268,-0.0512442,1.43447
-0.0281558,-0.0624253,1.43997
0.00776065,-0.0639937,1.43595
0.170636,-0.0530338,1.43608
0.249124,-0.0627525,1.43196
0.29928,-0.0560994,1.44954
-0.335012,-0.0286545,1.43166
-0.299893,-0.0230884,1.43226
-0.265951,-0.0223815,1.44441
-0.23098,-0.0270489,1.45032
-0.184362,-0.034643,1.44685
-0.147778,-0.031031,1.43497
-0.0845451,-0.0264627,1.44504
0.0353956,-0.0346652,1.43458
0.218568,-0.0424123,1.43544
-0.169283,-0.00216732,1.44028
-0.0505544,-0.0175132,1.44969
-0.00943392,-0.0192488,1.44218
0.064364,-0.0197555,1.44908
0.157392,-0.0177948,1.43679
0.19314,-0.0174315,1.4371
0.22646,-0.00964518,1.44641
0.282636,-0.0194301,1.44622
0.335981,-0.0065911,1.43165
-0.345796,0.0147754,1.44473
-0.295682,0.0103713,1.44321
-0.257817,0.0118045,1.44885
-0.206591,0.000429968,1.43116
0.00515925,0.0132911,1.44799
0.0376853,0.00171175,1.43991
0.0698508,0.0160024,1.44297
0.125836,0.00327686,1.43398
0.163933,0.0171388,1.43299
0.25465,0.00712656,1.43332
0.306833,0.0078083,1.44723
-0.222698,0.0361026,1.45033
-0.169613,0.0348077,1.43627
-0.0626712,0.0261239,1.45028
-0.0254332,0.0408349,1.42903
0.0109679,0.0429411,1.42944
0.193267,0.0428624,1.44092
0.224517,0.0288442,1.44984
0.260389,0.04111,1.44226
0.347357,0.02417,1.44986
-0.261168,0.0473063,1.45016
-0.236863,0.0650962,1.43071
-0.202559,0.0642963,1.44068
-0.13856,0.0463167,1.44964
-0.0841894,0.0543541,1.44511
0.0440966,0.0534285,1.43824
0.104817,0.059712,1.44552
0.143689,0.047689,1.43431
0.291521,0.0564627,1.43444
-0.167336,0.0788676,1.44581
-0.113677,0.0742416,1.44694
-0.0793107,0.086366,1.43057
-0.0435319,0.0755084,1.43177
-0.00962815,0.06966,1.44205
0.0499673,0.0884683,1.44567
0.130763,0.0806598,1.43396
0.165751,0.075187,1.4315
0.195487,0.0800027,1.45028
0.250123,0.072871,1.42971
-0.313947,0.100592,1.44946
-0.276052,0.109107,1.43542
-0.226856,0.0946797,1.44779
-0.194029,0.0993861,1.43488
-0.14163,0.104929,1.44386
-0.0296931,0.103007,1.44923
0.0218419,0.110188,1.44326
0.0908628,0.0948564,1.44195
0.280801,0.0904471,1.43411
0.334439,0.101331,1.44573
-0.244103,0.125225,1.44009
-0.181006,0.13229,1.4345
-0.0561002,0.127448,1.44438
-0.0229811,0.132052,1.43022
0.064489,0.120509,1.43855
0.0980176,0.129192,1.4295
0.131317,0.116271,1.43046
0.189429,0.11805,1.43778
0.226401,0.131159,1.43648
0.266347,0.122756,1.4336
-0.117253,0.134537,1.44038
0.0538552,0.152827,1.44905
0.163266,0.14278,1.43964
0.196691,0.153395,1.43517
0.318223,0.134946,1.44849
-0.318316,0.158132,1.45014
-0.24121,0.160214,1.43166
-0.205574,0.159989,1.43472
-0.135302,0.166023,1.42961
-0.104663,0.176084,1.4464
-0.0663352,0.161224,1.43871
-0.00572882,0.158462,1.44647
0.0272072,0.173463,1.43749
0.0795218,0.170018,1.43132
0.146607,0.173867,1.44305
0.248489,0.159228,1.43525
-0.295036,0.188582,1.44682
-0.0381502,0.18031,1.44831
-0.00586186,0.19401,1.44398
0.112381,0.181439,1.43805
0.189692,0.186819,1.44529
0.221409,0.199437,1.43608
0.282464,0.180459,1.43088
-0.264759,0.222092,1.4459
-0.162467,0.209192,1.4475
-0.0789399,0.210818,1.44027
-0.0431685,0.215146,1.44357
0.0213194,0.212382,1.43063
0.0862589,0.206076,1.43623
0.140088,0.212279,1.44485
-0.195975,0.22446,1.44151
-0.166,0.242385,1.43547
-0.10327,0.234944,1.43206
-0.0102459,0.228462,1.43689
0.0495705,0.22574,1.44716
0.0767939,0.24316,1.43103
0.110152,0.234366,1.4386
0.163679,0.240117,1.43049
0.203662,0.229909,1.43304
0.24543,0.226751,1.42964
-0.134699,0.265867,1.43316
-0.0705257,0.24634,1.44038
0.0192061,0.247715,1.43081
0.0518993,0.261302,1.44832
0.129943,0.263274,1.43134
0.22694,0.258303,1.43922
-0.195928,0.268709,1.43038
-0.0751504,0.282745,1.43744
-0.0432407,0.269218,1.44574
-0.00643266,0.268082,1.45095
0.0248986,0.282056,1.43812
-0.0253153,0.299074,1.43759
0.0706285,0.291547,1.44229
0.155428,0.308806,1.44386
0.189047,0.291538,1.44341
-0.0834916,0.321535,1.43061
0.00512947,0.311764,1.45041
0.090172,0.323161,1.43197
0.122037,0.329208,1.44672
-0.114579,0.333659,1.44845
-0.0562471,0.346499,1.44756
-0.0161509,0.334531,1.43019
0.0143685,0.345958,1.44542
0.01431,-0.369002,1.46783
0.0624011,-0.355735,1.46101
-0.083545,-0.346565,1.46193
-0.0469588,-0.350686,1.46336
0.129252,-0.33439,1.45378
-0.163079,-0.324489,1.45949
-0.0741966,-0.312321,1.45576
-0.0209491,-0.318824,1.464
0.0621374,-0.312975,1.46474
0.0925583,-0.33062,1.46149
-0.19833,-0.299105,1.45879
-0.045501,-0.289533,1.45864
0.120188,-0.300321,1.45603
0.196925,-0.309617,1.46961
-0.235173,-0.283525,1.47246
-0.162642,-0.288766,1.4557
-0.12432,-0.287416,1.46193
-0.0768805,-0.279101,1.47282
-0.00655507,-0.286696,1.45823
0.0874912,-0.284988,1.46666
0.216206,-0.271228,1.46736
-0.248733,-0.250898,1.46846
-0.19302,-0.260552,1.46505
-0.0539747,-0.255454,1.45176
-0.00534904,-0.251108,1.45943
0.0575999,-0.260701,1.4722
0.0893537,-0.249776,1.45143
0.117697,-0.264863,1.46782
0.168017,-0.251143,1.46419
0.254439,-0.255521,1.45708
-0.0930372,-0.225211,1.45514
-0.299828,-0.20016,1.46579
-0.237737,-0.213349,1.46162
-0.179012,-0.215127,1.45463
-0.0581239,-0.219045,1.45465
0.00296261,-0.216245,1.45757
0.0391295,-0.206244,1.47123
0.181872,-0.219702,1.47275
-0.266181,-0.189257,1.46865
-0.150621,-0.19375,1.46523
-0.0834087,-0.186467,1.45874
-0.0497107,-0.189897,1.47302
0.00978345,-0.181781,1.46506
0.0745958,-0.178577,1.46678
0.131119,-0.195379,1.46006
0.253587,-0.189426,1.45381
0.300953,-0.190243,1.45162
-0.290981,-0.160981,1.47302
-0.246783,-0.159691,1.46723
-0.21079,-0.163246,1.45564
-0.14733,-0.158643,1.46193
-0.110719,-0.157588,1.45771
-0.0222369,-0.165215,1.47055
0.0378464,-0.160474,1.46076
0.109499,-0.168427,1.47211
0.192679,-0.168515,1.46878
0.320827,-0.15999,1.45431
-0.334086,-0.147542,1.46638
-0.0554224,-0.154271,1.46425
0.123504,-0.141048,1.45397
0.155111,-0.147911,1.46856
0.211269,-0.135395,1.46534
0.296806,-0.134498,1.46228
-0.24722,-0.114396,1.4619
-0.203701,-0.117189,1.45144
-0.0938552,-0.128106,1.47022
-0.00364398,-0.121004,1.46213
0.0313811,-0.124571,1.46443
0.0652213,-0.116652,1.47191
0.0996573,-0.116492,1.4636
0.169881,-0.114979,1.466
0.25622,-0.125617,1.46366
-0.306741,-0.103035,1.46764
-0.171291,-0.0991411,1.45475
-0.117379,-0.101901,1.46401
-0.0316409,-0.101794,1.45141
0.034612,-0.0897388,1.46988
0.13571,-0.101603,1.46673
0.302374,-0.0916945,1.45548
0.344797,-0.0922861,1.45347
-0.194508,-0.0725114,1.46447
-0.0565034,-0.0807774,1.46536
-0.00228515,-0.0851752,1.46291
0.0603189,-0.0705295,1.45454
0.0937147,-0.0812956,1.45846
0.177906,-0.0805489,1.45912
0.225191,-0.0690868,1.46027
0.269522,-0.0709453,1.46344
-0.320251,-0.0496069,1.46954
-0.289004,-0.0504909,1.45315
-0.258547,-0.0446252,1.47172
-0.0849077,-0.0578058,1.46203
-0.0454292,-0.0473881,1.4684
-0.00657282,-0.0478554,1.46445
0.0282897,-0.0541667,1.46339
0.0886273,-0.045973,1.45594
0.122408,-0.0598142,1.45676
0.154495,-0.0480129,1.46729
0.19548,-0.0480229,1.46221
0.335668,-0.0589376,1.46244
-0.148726,-0.0348312,1.47049
-0.117391,-0.0387468,1.45193
0.129548,-0.024796,1.45745
0.25372,-0.0378244,1.4566
0.318866,-0.0274145,1.45492
0.3635,-0.0330308,1.46101
-0.36568,-0.0185002,1.46295
-0.329522,-0.0149286,1.46391
-0.290922,-0.0210015,1.4729
-0.136652,-0.00157633,1.45395
0.0195652,-0.0191812,1.46265
0.0977898,-0.0094287,1.45425
0.17606,-0.0184667,1.46809
-0.226278,0.00430188,1.46655
-0.19268,0.018877,1.45774
-0.0983044,0.00298465,1.45905
-0.0281115,0.0192712,1.4587
0.147543,0.00534942,1.46234
0.194658,0.0121469,1.45905
0.276421,0.0167891,1.46282
0.366001,0.0020193,1.47282
-0.360185,0.0416765,1.46554
-0.317043,0.031238,1.46202
-0.158787,0.0234566,1.46795
-0.10784,0.0367676,1.46664
-0.00303776,0.0440039,1.46559
0.0374368,0.0287368,1.46281
0.101633,0.0256273,1.4548
0.131506,0.0406729,1.46642
-0.299356,0.0656104,1.45268
-0.234929,0.0637311,1.46933
-0.180614,0.0524909,1.46614
-0.0415901,0.0556276,1.46115
0.0739135,0.0479189,1.45794
0.165935,0.0555797,1.46093
0.229134,0.0651715,1.45746
0.319176,0.045635,1.45525
0.360253,0.054777,1.46635
-0.337604,0.0757375,1.45775
-0.260547,0.0857756,1.45775
-0.197526,0.0832467,1.47006
-0.141308,0.0753244,1.46966
-0.0660388,0.0862094,1.46344
0.0216606,0.0704659,1.45976
0.137447,0.0754295,1.46846
0.264231,0.0763326,1.46215
0.307503,0.0802108,1.45553
-0.351881,0.109971,1.46649
-0.11841,0.103064,1.47053
0.118083,0.106347,1.46247
0.156662,0.102872,1.45166
0.194463,0.109611,1.47208
0.229118,0.100378,1.45366
0.285213,0.107168,1.46502
0.357373,0.0907877,1.47335
-0.316973,0.129395,1.47143
-0.266639,0.119196,1.46981
-0.209605,0.125441,1.45689
-0.176116,0.111899,1.46445
-0.0890399,0.112231,1.45265
-0.00513578,0.125942,1.46053
0.0451812,0.121556,1.46846
0.0859259,0.121331,1.46965
0.253383,0.126574,1.46632
-0.270062,0.15033,1.45244
-0.233484,0.147522,1.47292
-0.184019,0.153267,1.46284
-0.152631,0.137963,1.4569
-0.0905957,0.146758,1.46021
-0.0355264,0.147213,1.4652
0.0230626,0.154046,1.46691
0.0979016,0.152665,1.45716
0.131893,0.140432,1.45662
0.210776,0.142558,1.46618
0.280413,0.153552,1.45653
-0.155652,0.174504,1.45827
-0.12529,0.158191,1.46921
0.179571,0.160452,1.46696
0.227755,0.173656,1.4601
0.313078,0.168726,1.45858
-0.262941,0.183455,1.46292
-0.227585,0.183741,1.45533
-0.19232,0.188813,1.45637
-0.0690288,0.187256,1.46455
0.0557527,0.188235,1.4535
0.0898179,0.188604,1.46752
0.126723,0.183887,1.47052
0.258055,0.196649,1.45341
-0.229984,0.21934,1.45134
-0.126881,0.20218,1.45574
-0.0233976,0.206585,1.47183
0.0168618,0.214934,1.46575
0.113193,0.216488,1.46902
0.179473,0.21862,1.45676
0.300476,0.207784,1.46382
-0.294064,0.229049,1.46832
-0.131692,0.237084,1.45496
-0.0997401,0.226926,1.46632
-0.0482744,0.241582,1.46785
-0.00927576,0.239525,1.47148
0.0805179,0.229123,1.464
0.22729,0.225261,1.46093
0.27285,0.228667,1.45584
-0.248035,0.253291,1.45227
-0.212286,0.249301,1.46209
-0.178453,0.257942,1.46776
-0.0993416,0.262912,1.4556
0.0244814,0.249606,1.46856
0.0866946,0.264073,1.45799
0.195676,0.257193,1.45687
0.257487,0.263456,1.46786
-0.217104,0.286132,1.46025
0.0156462,0.28586,1.47231
0.128199,0.271077,1.46578
0.162361,0.269298,1.45144
-0.186549,0.305602,1.45689
-0.151104,0.28891,1.46765
-0.114573,0.295385,1.45177
-0.0575378,0.311075,1.45232
0.0418124,0.307468,1.45602
0.103534,0.300681,1.45676
-0.149931,0.32414,1.45393
-0.0915993,0.317053,1.47104
0.196971,0.314816,1.4692
-0.0254594,0.338,1.4645
0.0899206,0.347879,1.45792
-0.0255176,0.373016,1.46933
0.0447454,0.363118,1.46275
-0.0699994,-0.381087,1.49147
-0.0289391,-0.383519,1.48086
0.0302944,-0.395811,1.49272
-0.106126,-0.366504,1.48508
0.100001,-0.362537,1.47563
-0.173689,-0.347429,1.48791
-0.024055,-0.348326,1.49457
0.168932,-0.335258,1.47914
-0.11306,-0.320845,1.47431
-0.0533257,-0.321211,1.48646
0.010094,-0.332641,1.48493
0.124742,-0.318326,1.48612
-0.149152,-0.307162,1.48851
-0.0141731,-0.297547,1.49154
0.0366551,-0.28946,1.48231
0.166825,-0.290686,1.47606
-0.276167,-0.272634,1.48711
-0.180492,-0.285412,1.48818
-0.154175,-0.262814,1.48118
-0.0661168,-0.245244,1.48352
-0.0313583,-0.261755,1.48054
0.0236108,-0.25435,1.47938
0.0922944,-0.246127,1.48628
0.243376,-0.261212,1.49352
0.279584,-0.255406,1.49075
-0.290449,-0.237641,1.47403
-0.206949,-0.223665,1.47953
-0.155571,-0.227236,1.48244
-0.12298,-0.241684,1.49268
-0.025121,-0.227084,1.47736
0.142925,-0.231014,1.47973
0.212853,-0.237086,1.47898
0.250159,-0.225847,1.47882
0.305912,-0.222502,1.47941
-0.120802,-0.212079,1.47366
-0.0765558,-0.208991,1.48585
0.0755938,-0.216016,1.47621
0.110854,-0.21566,1.48091
-0.22991,-0.184901,1.48797
-0.196064,-0.18892,1.47663
-0.112734,-0.180983,1.49199
-0.0136878,-0.195169,1.48829
0.154878,-0.181342,1.48229
0.226026,-0.191632,1.47581
0.334845,-0.188147,1.48084
-0.0859475,-0.159891,1.4835
0.0478844,-0.17737,1.48998
0.242104,-0.157141,1.47459
0.27687,-0.156809,1.48183
-0.305784,-0.136622,1.49528
-0.221083,-0.135973,1.47623
-0.184267,-0.14903,1.48045
-0.12662,-0.13861,1.48322
0.0103329,-0.147808,1.48072
0.042515,-0.138545,1.49499
0.0777523,-0.147455,1.48445
0.183,-0.139536,1.48887
0.314994,-0.153906,1.48919
0.347668,-0.14331,1.47347
-0.273097,-0.130169,1.48173
-0.161118,-0.121487,1.48183
-0.0616061,-0.111696,1.48378
-0.0316672,-0.130811,1.48119
0.13165,-0.130206,1.48853
0.319368,-0.118815,1.48621
-0.229425,-0.0968957,1.48807
-0.193394,-0.103524,1.48267
-0.0917848,-0.0911764,1.48589
-0.0288041,-0.0921905,1.48532
0.239627,-0.0974571,1.47809
0.285548,-0.102061,1.48588
0.377429,-0.105305,1.49163
-0.355991,-0.0817835,1.48125
-0.320737,-0.0796828,1.49084
-0.266501,-0.0872483,1.47397
-0.1497,-0.0807235,1.48051
0.010113,-0.0773786,1.49512
0.0764921,-0.0874031,1.48874
0.11273,-0.0774769,1.49054
0.20464,-0.0884319,1.48197
0.338435,-0.0839053,1.49002
-0.381099,-0.0476503,1.48822
-0.289648,-0.0546416,1.48851
-0.227326,-0.0601625,1.47756
-0.179764,-0.0468061,1.484
-0.11783,-0.0654443,1.47525
-0.0227686,-0.0585452,1.49492
0.0868503,-0.0530477,1.49471
0.246527,-0.0593101,1.48958
0.306626,-0.0547731,1.4842
0.366729,-0.062535,1.48271
-0.348348,-0.0301519,1.49457
-0.210156,-0.0290085,1.47965
-0.0756002,-0.0288442,1.47946
0.00754588,-0.0301372,1.49435
0.0587787,-0.0410666,1.47681
0.119066,-0.0400479,1.48822
0.222738,-0.0293165,1.4764
0.275319,-0.0375442,1.49168
0.332044,-0.0275736,1.48778
-0.392566,-0.0142708,1.49123
-0.257427,-0.00691639,1.48109
-0.179133,-0.0108965,1.47349
-0.146614,-0.00343464,1.48788
-0.114348,-0.0184852,1.48228
-0.0249561,-0.0185102,1.47398
0.0481667,-0.00242713,1.47562
0.0875527,-0.0180307,1.487
0.147289,-0.0178785,1.48955
0.256961,-0.00881345,1.47784
0.300535,-0.0119961,1.48295
0.397445,-0.00437767,1.49347
-0.345664,0.0119703,1.48133
-0.289839,0.0138746,1.47928
-0.198322,0.0121248,1.49223
-0.0840182,0.0155127,1.489
-0.0525867,0.00305308,1.4788
0.00330368,0.00777217,1.48292
0.0775411,0.0164354,1.48127
0.116957,0.00125641,1.48209
0.225205,0.00625482,1.47779
-0.388368,0.0303388,1.48695
-0.244554,0.0309182,1.48088
-0.137938,0.0439804,1.49197
-0.0307518,0.0370397,1.49015
0.099917,0.0438346,1.48458
0.169766,0.0260452,1.48007
0.24857,0.037794,1.47546
0.306904,0.0233464,1.48689
0.376974,0.0329305,1.48961
-0.283765,0.049193,1.48008
-0.213213,0.0447779,1.48987
-0.0717983,0.0468772,1.47789
0.0233292,0.0477692,1.48913
0.0584601,0.047752,1.48942
0.200817,0.0512014,1.47651
0.287156,0.0504776,1.47509
0.336957,0.0474598,1.49519
-0.364508,0.0828778,1.49267
-0.317432,0.0677324,1.49035
-0.0972886,0.073432,1.47831
-0.0123239,0.0778023,1.47644
0.100474,0.0784206,1.47663
0.16967,0.0857048,1.48006
0.238896,0.0727518,1.4906
0.299946,0.0799492,1.49158
-0.292962,0.0915398,1.47636
-0.235639,0.103566,1.4817
-0.0382477,0.100141,1.48593
0.0159647,0.101401,1.47706
0.0671068,0.0907154,1.47669
0.263134,0.0985032,1.49299
0.31928,0.107118,1.47726
-0.209063,0.125536,1.49302
-0.149628,0.112162,1.48903
-0.10849,0.133144,1.48803
-0.0657755,0.121605,1.47785
0.0200935,0.133306,1.49539
0.117876,0.131173,1.48776
0.160703,0.126492,1.47838
0.227239,0.117433,1.48919
-0.362541,0.153493,1.49206
-0.27079,0.151746,1.48843
-0.15507,0.153415,1.49013
-0.0177238,0.133799,1.49298
0.0701454,0.153869,1.48064
0.19055,0.137549,1.49528
0.238796,0.15365,1.4875
0.294,0.135391,1.48787
0.339199,0.137558,1.47786
-0.301191,0.172401,1.47743
-0.0687073,0.156075,1.48627
-0.040496,0.177205,1.4836
0.104022,0.16377,1.4906
0.148209,0.159197,1.4843
0.276865,0.166024,1.49203
-0.336253,0.187201,1.48793
-0.22642,0.180053,1.49229
-0.172362,0.191336,1.48545
-0.136468,0.189533,1.48736
-0.100767,0.185824,1.48023
-0.00204995,0.178398,1.47551
0.0333426,0.184337,1.48198
0.162875,0.191149,1.47368
0.20027,0.189878,1.47945
0.304093,0.190211,1.49545
0.33918,0.181972,1.48424
-0.264295,0.210365,1.48745
-0.227914,0.221272,1.48641
-0.0695613,0.217649,1.48501
0.248028,0.208487,1.48544
-0.19167,0.223003,1.48116
-0.154743,0.222887,1.47966
0.0466236,0.224628,1.48295
0.152523,0.234168,1.47477
0.199228,0.231892,1.48518
-0.266599,0.252646,1.48255
-0.141143,0.2563,1.48417
-0.106696,0.251048,1.49161
-0.0697633,0.251813,1.49395
0.0622898,0.258285,1.48458
0.105379,0.24903,1.48406
0.177545,0.25978,1.48951
0.223016,0.266661,1.47795
0.298941,0.255911,1.49019
-0.237264,0.281895,1.48932
-0.0773862,0.284609,1.47755
-0.0275306,0.272462,1.47929
0.109047,0.286233,1.4937
-0.119514,0.295448,1.48756
-0.0318016,0.307557,1.48125
0.0765347,0.291572,1.47978
0.166278,0.292272,1.47988
0.253061,0.297812,1.4881
-0.22053,0.318793,1.48901
0.0356748,0.313927,1.4915
0.0660136,0.326541,1.47505
0.134923,0.314752,1.48017
-0.177568,0.336391,1.47889
-0.127967,0.333946,1.48126
-0.0555934,0.336048,1.48715
0.00705324,0.33488,1.47909
0.0968775,0.341295,1.49474
-0.0804226,0.357934,1.47494
0.070347,0.371385,1.48833
0.118183,0.369791,1.4846
0.0110757,0.386014,1.49112
0.0657469,-0.39116,1.51256
-0.142922,-0.363075,1.49639
0.0417356,-0.364905,1.50524
0.15967,-0.374216,1.5177
0.199017,-0.357263,1.50677
-0.204669,-0.335316,1.50534
0.144379,-0.343631,1.50704
-0.0880807,-0.327997,1.50075
0.0364308,-0.325955,1.50803
0.20822,-0.317018,1.50212
-0.213462,-0.297797,1.49857
-0.0752616,-0.293344,1.50553
0.118159,-0.294954,1.51349
0.18125,-0.293732,1.51158
0.258149,-0.29318,1.50193
-0.115639,-0.286614,1.49812
0.0291843,-0.281851,1.51698
0.0795719,-0.27645,1.50449
0.141962,-0.272677,1.49667
-0.240721,-0.246829,1.50408
-0.1976,-0.251716,1.50116
-0.0513448,-0.265954,1.50901
0.0166468,-0.245763,1.51327
-0.319729,-0.232174,1.49562
-0.165539,-0.241327,1.51454
-0.0738042,-0.231067,1.51534
0.0549477,-0.238388,1.49969
0.10697,-0.229397,1.51436
0.143181,-0.240306,1.51639
0.173949,-0.243393,1.49809
-0.255681,-0.206968,1.50069
-0.105782,-0.212507,1.5077
-0.0451304,-0.212286,1.50272
0.0272593,-0.211615,1.50471
0.138238,-0.206274,1.50816
0.222064,-0.203087,1.5111
0.268751,-0.219144,1.51697
-0.353109,-0.194357,1.49788
-0.168681,-0.196827,1.49783
-0.0641442,-0.179451,1.50504
0.0896086,-0.188877,1.49673
0.184647,-0.198523,1.50416
0.253626,-0.185634,1.50163
-0.325111,-0.168317,1.50415
-0.274957,-0.168912,1.50647
-0.14517,-0.162202,1.50449
-0.0280555,-0.168716,1.50706
0.0136594,-0.175785,1.50305
0.115456,-0.155973,1.50589
0.164329,-0.169929,1.51498
0.20026,-0.166178,1.50952
0.294442,-0.175345,1.51007
0.357791,-0.169012,1.50614
-0.23018,-0.153807,1.50528
-0.176949,-0.141024,1.51471
-0.0617558,-0.143236,1.50383
0.220197,-0.133715,1.49957
0.256225,-0.134177,1.49982
-0.331591,-0.112427,1.49831
-0.253544,-0.127451,1.51454
-0.214972,-0.11936,1.51284
-0.0903223,-0.122118,1.50584
-0.0311209,-0.126265,1.51638
0.000843531,-0.111676,1.49745
0.0965412,-0.121623,1.49959
0.159271,-0.132856,1.51462
0.292421,-0.131312,1.50648
-0.383476,-0.0900904,1.5068
-0.28823,-0.0991558,1.50249
-0.168703,-0.0899597,1.51005
-0.129338,-0.105733,1.49745
-0.0614816,-0.0996708,1.51774
0.0411427,-0.0904873,1.50534
0.149576,-0.0955515,1.49874
0.183307,-0.104564,1.50582
0.250821,-0.0915502,1.51125
0.348909,-0.10908,1.51515
0.213693,-0.0868489,1.51641
0.280243,-0.070374,1.50391
0.357981,-0.0700777,1.51577
-0.253624,-0.064583,1.50082
-0.20615,-0.0665728,1.50542
-0.142466,-0.0525838,1.50222
-0.0912714,-0.0584506,1.49951
-0.0567239,-0.0625587,1.51675
0.036479,-0.0547977,1.5012
0.155753,-0.0536787,1.50232
0.190529,-0.0579926,1.49731
0.408292,-0.058041,1.51252
-0.266879,-0.0326657,1.50977
-0.229501,-0.0391013,1.50758
-0.0882456,-0.025389,1.51315
-0.0458248,-0.0305882,1.49992
0.244717,-0.0281108,1.50585
0.365892,-0.0264976,1.49906
-0.170506,-0.0197436,1.51131
-0.130278,-0.0199725,1.51492
0.0153868,-0.00283046,1.51525
0.0561664,-0.0188063,1.50648
0.194672,-0.0206173,1.50138
0.283853,-0.00861416,1.51364
-0.319715,0.0212566,1.51335
-0.235024,0.00409717,1.50752
-0.117737,0.0164207,1.50204
-0.0608986,0.000338744,1.51492
-0.0256886,0.00148464,1.50466
0.0422677,0.0179906,1.50378
0.0983747,0.0174564,1.51114
0.172015,0.00442267,1.51304
0.202379,0.0211693,1.50071
-0.275971,0.029102,1.50797
-0.173748,0.0380406,1.49814
-0.0674307,0.0431566,1.51363
-0.00143678,0.0301509,1.5114
0.134863,0.0266446,1.49879
0.172198,0.0417198,1.51175
0.239467,0.0229937,1.50641
0.274837,0.0276456,1.50156
-0.346914,0.0573872,1.51293
-0.254027,0.061764,1.49881
-0.105957,0.0554561,1.50855
-0.0327171,0.0659985,1.51043
0.111615,0.0580025,1.51757
0.142389,0.0656258,1.50215
0.393891,0.0643951,1.50702
-0.290351,0.0764309,1.51281
-0.233196,0.0866513,1.51251
-0.163926,0.0720196,1.49722
-0.128003,0.085689,1.50098
-0.0677997,0.0763719,1.49837
0.00417153,0.0716235,1.50714
0.0378857,0.0801682,1.49592
0.0732644,0.0817153,1.51351
0.167026,0.0862164,1.51632
0.202119,0.083423,1.49614
0.357153,0.0753081,1.50734
-0.264941,0.0965972,1.50028
-0.197055,0.0894504,1.50501
-0.0899761,0.104503,1.49807
0.000205776,0.107202,1.50852
0.0958642,0.105334,1.5001
0.134496,0.100806,1.49889
0.293064,0.109537,1.51378
-0.403143,0.112097,1.51705
-0.368639,0.118031,1.49592
-0.332714,0.118498,1.50432
-0.292032,0.122143,1.4962
-0.250914,0.129416,1.50725
-0.122237,0.11736,1.51696
-0.0570469,0.128023,1.51162
0.0624487,0.123122,1.49907
0.161987,0.123106,1.51472
0.342273,0.114314,1.50951
0.380474,0.11593,1.49942
-0.0874888,0.146418,1.51487
0.0922534,0.138445,1.51246
-0.302477,0.157971,1.51146
-0.190641,0.161145,1.49728
-0.117551,0.167909,1.50937
-0.0430796,0.163467,1.51665
0.00121978,0.163279,1.50718
0.0449242,0.159556,1.50459
0.176441,0.174426,1.50224
0.210675,0.173216,1.51243
-0.294102,0.198143,1.50324
-0.25911,0.178176,1.51276
-0.192586,0.199669,1.51752
-0.0749419,0.188175,1.50528
-0.00504906,0.199787,1.50361
0.0688409,0.185372,1.49894
0.102191,0.187527,1.51729
0.138755,0.192572,1.50335
-0.230444,0.205172,1.51704
-0.110905,0.208851,1.50728
-0.0417014,0.207852,1.515
0.0408171,0.203991,1.51079
0.0779471,0.221352,1.49919
0.113433,0.220405,1.50724
0.181382,0.209427,1.50741
0.281191,0.21948,1.49739
-0.146775,0.223574,1.51448
0.0116279,0.230885,1.49877
0.151622,0.227974,1.51099
0.323348,0.227472,1.50596
-0.311942,0.246346,1.49779
-0.246494,0.25213,1.51513
-0.167387,0.263633,1.50831
-0.0180085,0.250029,1.51673
0.0100119,0.266336,1.50134
0.088199,0.263401,1.5117
0.137128,0.258698,1.49838
-0.0516257,0.286659,1.50871
0.0410648,0.283041,1.51188
0.270816,0.272575,1.50468
-0.193813,0.29333,1.49966
-0.144139,0.291605,1.51264
-0.0971051,0.295632,1.51661
0.00253519,0.308602,1.50457
0.0827613,0.305464,1.51266
0.155821,0.308237,1.50999
0.217705,0.303364,1.49605
-0.253555,0.313779,1.50356
-0.213495,0.342781,1.51722
-0.101624,0.334392,1.50784
0.0412677,0.353269,1.50669
-0.17845,0.362055,1.50475
-0.141288,0.377475,1.49893
-0.0641508,0.362918,1.51304
-0.0123559,0.362396,1.50558
0.165428,0.384034,1.51726
0.000215092,-0.42826,1.5372
0.0911649,-0.424501,1.53847
-0.0422219,-0.371478,1.52036
-0.00522819,-0.360533,1.5368
-0.246115,-0.345442,1.53811
-0.161963,-0.345004,1.52668
-0.0611947,-0.338022,1.52128
0.109909,-0.34756,1.52218
-0.118633,-0.324994,1.52087
0.0159922,-0.315677,1.53698
0.0814229,-0.332058,1.53702
0.23547,-0.311252,1.52448
-0.16755,-0.308497,1.52009
-0.0276415,-0.298839,1.52467
0.0640494,-0.305864,1.51873
0.14565,-0.306136,1.53319
-0.297421,-0.285043,1.5315
-0.257133,-0.276071,1.5334
-0.147003,-0.281028,1.53781
-0.105068,-0.26905,1.52753
-0.00865156,-0.269305,1.52372
0.0584791,-0.269011,1.53336
-0.340797,-0.252256,1.53275
-0.133597,-0.244879,1.53368
0.185846,-0.265969,1.53917
0.317191,-0.254147,1.53115
-0.198079,-0.223432,1.52476
-0.0386957,-0.22652,1.53832
0.061277,-0.227937,1.53264
0.197217,-0.231665,1.523
0.233915,-0.242351,1.52764
-0.325637,-0.204923,1.52066
-0.234587,-0.216294,1.52913
-0.145181,-0.213794,1.52391
-0.0122558,-0.213849,1.51855
-0.214803,-0.183421,1.52853
-0.122577,-0.182542,1.52661
-0.0668117,-0.199366,1.53393
0.0584682,-0.19472,1.51902
0.110077,-0.185158,1.52548
0.284162,-0.192456,1.53956
-0.169802,-0.174197,1.52917
0.00601539,-0.173426,1.53919
0.0382433,-0.160548,1.52386
0.0782433,-0.156526,1.52641
-0.393007,-0.139226,1.52367
-0.209906,-0.146518,1.53687
-0.0961474,-0.155249,1.51982
0.00377044,-0.142231,1.5188
0.138079,-0.154841,1.53478
0.23783,-0.153503,1.52551
0.327632,-0.138587,1.53358
-0.358143,-0.117285,1.52724
-0.132295,-0.133112,1.52278
-0.103529,-0.117434,1.53829
0.0656561,-0.114684,1.51826
0.105338,-0.114117,1.53257
0.19348,-0.132687,1.52737
0.248959,-0.118242,1.53586
-0.194049,-0.104426,1.53794
0.315185,-0.0901383,1.52914
-0.316908,-0.0766161,1.53261
-0.131594,-0.0870047,1.52908
-0.0884482,-0.0785293,1.52854
-0.0154101,-0.0844258,1.519
0.0387512,-0.085224,1.5394
0.0917205,-0.0823007,1.52025
0.161784,-0.0748053,1.53181
0.274516,-0.0667953,1.53966
-0.425806,-0.0518624,1.53596
-0.247319,-0.0550269,1.53468
-0.169198,-0.0587383,1.52581
0.00742593,-0.0536492,1.52213
0.0653672,-0.0627475,1.53762
0.124063,-0.060027,1.5196
0.218333,-0.0517649,1.52409
0.324782,-0.0536035,1.51964
0.374569,-0.044462,1.534
-0.199663,-0.0312471,1.52842
-0.0203483,-0.0308491,1.52687
0.09615,-0.0297868,1.52156
0.143647,-0.0241408,1.52395
0.17602,-0.0405702,1.52916
-0.405453,-0.00841462,1.53285
-0.362447,-0.0163292,1.52745
-0.297733,-0.0180909,1.53089
-0.245834,-0.0154501,1.53726
0.220499,-0.00098262,1.52474
0.331408,-0.000671395,1.51936
-0.381164,0.0216919,1.53114
-0.272563,0.010612,1.53935
-0.155359,0.0124312,1.51937
0.0596823,0.00710685,1.5332
-0.200932,0.0316749,1.52248
-0.118058,0.0310366,1.53497
-0.0315701,0.0271375,1.53157
0.0727314,0.0423567,1.52154
0.134552,0.0332555,1.53389
0.306253,0.0390272,1.53101
0.354297,0.0296183,1.52645
-0.314326,0.0555389,1.53209
-0.138939,0.0620544,1.52558
0.0194431,0.0474156,1.53811
0.233245,0.0547236,1.52229
-0.259754,0.0730759,1.53186
-0.0942848,0.0748687,1.53799
0.0426023,0.0730448,1.53084
0.135641,0.0724417,1.5392
0.266788,0.0733671,1.51957
0.333832,0.0676549,1.53973
-0.329172,0.0932311,1.52908
-0.14734,0.0963759,1.53049
-0.0327203,0.101826,1.52045
0.0126408,0.0915092,1.53847
0.036005,0.108369,1.51819
0.226124,0.0934303,1.52248
-0.305814,0.127862,1.53049
-0.212623,0.116249,1.52692
-0.17263,0.132097,1.51783
0.061268,0.126559,1.53526
0.195007,0.111906,1.52421
0.371244,0.119212,1.5331
0.406895,0.131988,1.53587
-0.271971,0.135746,1.53641
-0.227524,0.15326,1.52315
-0.140747,0.146472,1.53064
-0.0230709,0.138287,1.53459
0.0127663,0.133364,1.53103
0.13201,0.143914,1.52317
0.288835,0.14351,1.52491
-0.391201,0.163939,1.5261
-0.192938,0.163872,1.53258
0.252959,0.158746,1.51956
-0.152317,0.179873,1.51871
-0.0908944,0.197996,1.53893
0.199649,0.196233,1.5367
0.245417,0.195617,1.51988
0.331049,0.190233,1.53018
-0.328897,0.210665,1.52341
-0.127682,0.200455,1.53843
-0.00680451,0.221541,1.53561
0.158615,0.200218,1.53628
0.29641,0.212816,1.53798
-0.319523,0.24283,1.5355
-0.199384,0.233845,1.52719
-0.0540684,0.242474,1.52479
-0.280682,0.24736,1.52705
-0.1173,0.246206,1.52678
-0.0824857,0.265,1.52774
0.0325408,0.249878,1.52469
-0.268003,0.281154,1.52061
0.129248,0.283443,1.52895
0.202068,0.28642,1.52264
0.298347,0.280816,1.52731
-0.140494,0.319934,1.53825
0.0532248,0.320981,1.52417
0.194265,0.3232,1.51869
0.225348,0.315887,1.53581
-0.0425118,0.333716,1.52369
0.0240547,0.343644,1.53918
0.137955,0.350747,1.51788
0.247049,0.352837,1.52916
0.0534684,0.369967,1.53801
0.098109,0.370268,1.51808
0.20105,0.370112,1.52068
-0.0908082,0.378178,1.53471
0.015466,0.391117,1.52712
0.0778463,0.402381,1.51954
-0.172515,-0.40003,1.55153
0.138636,-0.405271,1.55095
-0.134891,-0.362086,1.55094
-0.0677413,-0.377499,1.55357
0.2302,-0.377126,1.54461
0.102174,-0.344876,1.56159
-0.0829075,-0.31789,1.54135
-0.0484794,-0.31586,1.54818
0.212053,-0.330864,1.54405
-0.133069,-0.307364,1.55933
-0.0174037,-0.294537,1.55863
0.089492,-0.291436,1.55088
0.326236,-0.306099,1.55316
0.12217,-0.269923,1.54067
0.213078,-0.283564,1.55522
-0.181208,-0.266312,1.54142
-0.0634679,-0.259914,1.54206
0.00772271,-0.249228,1.54699
0.0941137,-0.246243,1.54451
-0.275629,-0.22292,1.54468
-0.199764,-0.240195,1.5569
-0.100464,-0.223601,1.54379
0.14384,-0.225279,1.54838
0.325101,-0.225149,1.55589
-0.00741373,-0.20072,1.55882
0.0215065,-0.209606,1.54173
0.176897,-0.215673,1.55301
0.247884,-0.207664,1.55278
-0.298033,-0.193998,1.54325
-0.258438,-0.191241,1.54954
-0.138278,-0.185017,1.55835
-0.0345019,-0.179922,1.54876
0.081835,-0.191968,1.54797
0.180567,-0.177383,1.54606
0.313794,-0.169745,1.55522
-0.0543892,-0.150214,1.54431
-0.0127821,-0.142926,1.56146
0.119992,-0.134361,1.55645
0.284642,-0.141469,1.54052
-0.269281,-0.132454,1.55088
-0.151664,-0.112962,1.54898
-0.0611022,-0.115468,1.54917
0.00870339,-0.113235,1.54812
0.355568,-0.117469,1.54781
-0.0295505,-0.0962966,1.55074
0.14111,-0.107535,1.54369
0.228221,-0.097127,1.55419
-0.402109,-0.0805397,1.54139
-0.272682,-0.0714173,1.55676
-0.231221,-0.0855905,1.55759
-0.137142,-0.0696174,1.56135
-0.0665365,-0.0823235,1.55809
0.128844,-0.0747767,1.5552
-0.199938,-0.0633283,1.5443
-0.10237,-0.0536634,1.54972
-0.0327476,-0.0596712,1.54479
-0.269378,-0.032871,1.55975
0.102555,-0.0361501,1.55672
0.203705,-0.0247952,1.54501
0.240248,-0.0329063,1.54944
0.295471,-0.0276658,1.54476
0.425896,-0.0285828,1.54262
-0.130299,-0.0173773,1.55521
0.0306029,-0.0148569,1.54479
0.113498,-0.00194003,1.54121
0.377612,-0.00698872,1.56105
-0.22186,0.0176356,1.54899
-0.187552,0.00309704,1.54271
-0.070788,0.0172511,1.55128
-0.00080759,0.0014749,1.55574
0.33962,0.00101145,1.55462
-0.166402,0.0389719,1.55874
-0.00408892,0.0365511,1.56141
0.0984546,0.0315069,1.54873
0.265632,0.02582,1.54077
-0.340621,0.0555557,1.56187
-0.131305,0.0657007,1.55992
-0.0304379,0.0626132,1.54692
0.0675241,0.0561725,1.55666
0.170572,0.060434,1.54202
0.231022,0.0447043,1.56033
0.401175,0.0636494,1.55932
-0.0595518,0.0846002,1.54928
0.244631,0.0784524,1.54924
-0.362905,0.107791,1.54078
-0.223621,0.0918193,1.55328
-0.0227427,0.103429,1.55464
0.0738246,0.0976454,1.55196
0.10735,0.106516,1.54065
0.290824,0.108477,1.56103
-0.0971227,0.118063,1.55051
0.158254,0.118868,1.55029
0.334065,0.116312,1.54806
-0.389764,0.154951,1.56087
-0.337435,0.134173,1.56118
0.103026,0.153406,1.54594
0.219167,0.145613,1.5407
-0.328508,0.177291,1.54289
-0.105342,0.165719,1.5453
0.00854594,0.176515,1.54215
0.0572843,0.172574,1.54354
0.157325,0.161994,1.54224
-0.253935,0.180879,1.5491
-0.053766,0.184768,1.54401
0.108138,0.190198,1.55462
0.279333,0.177994,1.5406
-0.224097,0.212644,1.55162
0.0360571,0.208225,1.54735
0.0711926,0.214137,1.54458
0.365076,0.207374,1.56088
-0.0929745,0.234697,1.54854
-0.0377687,0.238133,1.56198
0.102183,0.230747,1.54089
0.227696,0.242327,1.55649
0.167172,0.26636,1.55936
-0.222005,0.283559,1.54084
-0.147452,0.280972,1.55323
0.0644581,0.273018,1.5449
-0.269576,0.304054,1.55185
-0.0340832,0.29997,1.54069
0.0119686,0.290594,1.54122
0.0608328,0.308674,1.55735
0.165371,0.305835,1.54614
0.127559,0.321769,1.5402
-0.0838216,0.338481,1.5462
-0.014355,0.344127,1.5577
-0.0505602,0.36722,1.55171
0.120832,0.365716,1.54844
-0.0456204,0.421463,1.55279
0.0565833,0.434526,1.56193
-0.134518,-0.42948,1.56371
-0.0297678,-0.367721,1.56393
0.0705205,-0.367004,1.57281
-0.0835892,-0.342418,1.5701
0.280627,-0.352498,1.56976
-0.322715,-0.291292,1.56425
-0.167412,-0.290506,1.57347
-0.0692483,-0.287966,1.57933
-0.241829,-0.263751,1.56633
0.132181,-0.247272,1.57752
0.242026,-0.248621,1.56622
-0.286088,-0.244037,1.57036
0.0753711,-0.224874,1.57309
-0.0396432,-0.211142,1.57003
-0.0698874,-0.191363,1.57426
0.14239,-0.189457,1.56393
-0.333653,-0.177558,1.56794
-0.216583,-0.156716,1.57268
0.029574,-0.163825,1.56255
0.247107,-0.163861,1.56414
0.338234,-0.156412,1.57803
-0.136809,-0.13943,1.56905
-0.0694877,-0.138821,1.58343
-0.38241,-0.1131,1.57265
0.0791068,-0.120042,1.56669
0.167732,-0.126982,1.56935
0.030183,-0.0988655,1.57457
0.333849,-0.0964079,1.57138
0.442845,-0.103193,1.56351
0.072489,-0.0780977,1.56999
-0.309986,-0.066335,1.56502
-0.182939,-0.0651746,1.57706
-0.060596,-0.049042,1.58097
0.211062,-0.0539092,1.56726
0.321016,-0.0454076,1.56326
-0.00674169,-0.0420389,1.56307
0.0447127,-0.036189,1.58285
-0.0297295,-0.0174645,1.57639
-0.441775,0.00781511,1.56424
-0.316766,0.000341703,1.567
-0.0351038,0.0211429,1.57531
0.0435556,0.00423478,1.57038
0.0907794,0.00293056,1.57023
-0.371129,0.0296652,1.5647
0.302108,0.035738,1.5748
-0.0633785,0.051942,1.5689
0.179106,0.0472352,1.57452
0.323792,0.0661985,1.5755
0.000778143,0.072964,1.56578
0.0354791,0.0743693,1.5765
0.105954,0.0691754,1.57425
0.187806,0.0827106,1.56295
-0.256728,0.0997275,1.5624
0.139186,0.104636,1.57878
-0.0479732,0.133168,1.57946
0.0713648,0.128787,1.56969
0.216165,0.123607,1.57309
-0.30002,0.139104,1.56504
-0.15572,0.142805,1.56697
0.0293531,0.139528,1.56752
0.0952266,0.153264,1.58069
-0.00188056,0.155914,1.57495
0.13808,0.169794,1.56915
0.191374,0.160912,1.56214
-0.0217217,0.186677,1.56256
0.0698271,0.192092,1.57502
0.219313,0.19516,1.5672
0.30522,0.183857,1.56271
-0.304835,0.220694,1.56243
-0.17848,0.214218,1.56765
0.0192135,0.206702,1.58141
0.172343,0.203197,1.56935
0.304651,0.219607,1.58164
-0.141562,0.238051,1.56451
0.133257,0.236239,1.56728
0.192481,0.239058,1.57986
-0.273252,0.250433,1.5842
-0.105238,0.261053,1.57831
-0.0691638,0.262825,1.58362
-0.200269,0.275445,1.58314
0.0307658,0.280801,1.57702
0.127345,0.278139,1.57729
-0.35426,0.292834,1.56636
-0.260668,0.333143,1.57311
0.256862,0.315294,1.58243
-0.0807413,0.360114,1.57917
-0.0572361,-0.366548,1.59967
-0.195414,-0.320805,1.59502
-0.248818,-0.30746,1.5846
0.156403,-0.289389,1.58655
0.0292568,-0.281012,1.59012
-0.0579251,-0.235842,1.58925
0.191793,-0.236195,1.59041
-0.104733,-0.183985,1.59945
-0.0445681,-0.191937,1.60049
0.304889,-0.122542,1.58461
0.362533,-0.128167,1.59336
-0.0352752,-0.0707658,1.60411
-0.318068,-0.0490522,1.59981
0.0599896,-0.00673614,1.60406
0.127524,0.00891783,1.60164
-0.0605881,0.0305539,1.59936
0.0899713,0.0339956,1.59121
-0.298825,0.0565618,1.59722
-0.202716,0.0579587,1.58643
0.0212324,0.0520875,1.59999
0.211316,0.0696029,1.5908
0.0500827,0.139384,1.5977
0.17113,0.177226,1.59843
-0.147023,0.178559,1.59663
-0.102552,0.200702,1.58694
-0.0715665,0.220126,1.595
-0.0147417,0.236249,1.59551
0.256908,0.261058,1.5873
0.0902657,0.295652,1.59465
0.0397163,0.312027,1.59241
0.120334,0.332873,1.58445
-0.0112126,0.375649,1.58535
0.0601175,0.372074,1.58673
-0.00227803,0.433593,1.60019
-0.120681,-0.290864,1.61917
-0.0653704,-0.275631,1.61222
0.2128,-0.277679,1.61316
-0.239675,-0.232555,1.61446
-0.346196,-0.116508,1.61593
-0.00868695,-0.10627,1.61304
0.155643,-0.102133,1.62439
0.0190683,-0.069556,1.61521
0.0152297,-0.0343515,1.62363
0.284356,-0.0257365,1.61285
0.337048,-0.0421581,1.61629
0.210597,-0.00558842,1.61304
-0.0981183,0.022637,1.61911
-0.00889816,0.0486616,1.62408
0.280531,0.0567463,1.61514
-0.196909,0.0668456,1.61831
-0.0891492,0.069176,1.60689
-0.13427,0.130484,1.62028
-0.318493,0.153204,1.6223
0.125291,0.172752,1.61414
-0.284918,0.189364,1.60948
-0.172105,0.224921,1.62416
0.0713528,0.255665,1.60663
0.125853,0.246824,1.60784
0.139815,0.27828,1.62233
-0.0549072,0.306702,1.62335
0.191176,0.303174,1.60742
-0.0233032,0.323932,1.60776
0.0155369,0.328974,1.62831
-0.123939,0.341686,1.6269
0.0614774,-0.349648,1.64179
-0.191083,-0.329466,1.63152
-0.0891219,-0.271585,1.64058
0.090851,-0.267872,1.64209
-0.163375,-0.23917,1.64238
-0.300077,-0.188858,1.62993
-0.164466,-0.182765,1.65066
-0.107205,-0.197854,1.64547
-0.224199,-0.120744,1.63343
0.267025,-0.104893,1.63598
-0.110768,-0.0715258,1.6381
-0.174216,-0.0450606,1.63904
0.261748,-0.00693352,1.64071
0.0929162,0.0430458,1.64347
0.207963,0.0335737,1.64749
-0.161975,0.0840284,1.63702
0.127959,0.208262,1.63736
0.214973,0.243153,1.63757
-0.13702,0.301843,1.64997
0.0393346,0.460064,1.63329
-0.0153951,-0.345744,1.65742
0.144588,-0.309092,1.6622
0.0194531,-0.252545,1.66091
0.155208,-0.220082,1.65222
-0.220349,-0.199757,1.67023
-0.411022,-0.142875,1.66663
-0.128762,-0.103559,1.66229
0.117137,-0.0704296,1.6673
0.168116,-0.0763321,1.66403
0.230851,-0.0797594,1.66047
-0.0893946,-0.0557213,1.67053
0.275739,-0.0488679,1.65199
0.312771,-0.0543418,1.65125
0.127192,-0.0299163,1.65393
-0.353851,0.0212934,1.65308
0.008189,0.0324793,1.65449
-0.084436,0.0842671,1.65174
0.0894441,0.0873137,1.65746
0.129904,0.103402,1.65323
-0.00727341,0.155809,1.66482
0.245247,0.269428,1.65982
0.11854,0.303653,1.66954
-0.17824,0.318123,1.66508
0.108547,0.351966,1.67236
0.0374355,0.378764,1.66678
-0.0613775,-0.37097,1.69194
0.0107382,-0.323371,1.68958
0.129165,-0.316564,1.69441
-0.216592,-0.256684,1.6852
0.224226,-0.229791,1.68027
-0.191362,-0.213417,1.68606
-0.334395,-0.184096,1.68559
0.0810027,-0.188094,1.68725
0.106423,-0.141161,1.68047
-0.294216,-0.0917534,1.68172
0.0766289,-0.0974174,1.68643
0.281353,-0.0956565,1.68178
-0.180401,-0.000363008,1.67891
0.189967,-0.0178312,1.69376
-0.251798,0.036384,1.6885
0.16584,0.0777479,1.69055
-0.0728683,0.102024,1.69243
0.314118,0.183988,1.67337
-0.274255,0.202933,1.67849
-0.231747,0.234015,1.67363
-0.0372531,0.287945,1.67852
0.0754635,0.314602,1.69085
-0.0564794,0.350539,1.68423
0.0160184,-0.379299,1.69802
0.201326,-0.315135,1.7102
0.0767608,-0.282054,1.70201
-0.0488525,-0.26449,1.70533
0.194145,-0.203991,1.70056
-0.0197655,-0.198993,1.70902
-0.182791,-0.161389,1.71601
-0.217961,-0.073617,1.70458
0.0691101,-0.067191,1.70625
0.127895,-0.0750449,1.70618
0.264171,-0.0825651,1.71609
-0.158318,-0.0582424,1.70479
0.289211,-0.0389175,1.698
-0.188633,0.0377182,1.71697
0.0791609,0.057138,1.7042
0.356093,0.0567578,1.7166
-0.210431,0.0823177,1.69781
-0.063442,0.130822,1.71228
0.151469,0.143721,1.69886
-0.32871,0.162856,1.71007
0.110111,0.228876,1.69622
0.204216,0.266194,1.71439
-0.237837,0.268336,1.71098
0.0649421,0.281664,1.70888
-0.19252,0.323361,1.71245
0.110932,-0.362923,1.73958
0.145633,-0.347978,1.71885
0.0905142,-0.328272,1.72088
0.210706,-0.270677,1.72825
0.150065,-0.262061,1.72079
-0.0753629,-0.2246,1.73097
0.0330676,-0.232692,1.73312
-0.0418517,-0.201514,1.7381
-0.319735,-0.182142,1.72911
-0.115628,-0.164959,1.7275
-0.142471,-0.112077,1.71787
0.356749,-0.120358,1.72799
0.18506,-0.0926552,1.73566
0.324861,-0.0589554,1.72635
-0.267747,-0.0279204,1.73328
-0.0652132,-0.0388208,1.72792
0.174021,-0.0342508,1.73955
-0.113666,0.0152048,1.7381
-0.0783951,0.0133951,1.71897
0.00714025,0.00625602,1.73638
0.278075,0.000687002,1.7383
0.31473,0.0665166,1.73592
-0.104616,0.111212,1.73059
0.357906,0.131632,1.72281
-0.264881,0.14615,1.73051
0.272041,0.18856,1.71772
0.150854,0.208124,1.72201
-0.0280691,0.241967,1.722
0.138911,0.281237,1.73527
0.261288,0.273192,1.73177
0.0178215,0.325122,1.71948
-0.0108721,-0.326986,1.74066
-0.244532,-0.244068,1.74041
-0.213161,-0.204418,1.74303
0.20614,-0.198372,1.7528
0.177107,-0.161864,1.74055
0.232846,-0.156865,1.76116
-0.0564617,-0.150964,1.74828
-0.0224271,-0.131972,1.74862
0.232849,-0.114503,1.74584
0.287158,-0.130591,1.75535
-0.0928197,-0.0210652,1.75182
0.36956,-0.0111171,1.74791
-0.125467,0.0806072,1.76175
-0.0826758,0.067993,1.75302
-0.0239379,0.0760371,1.74959
0.154179,0.0918875,1.74774
0.247668,0.155385,1.75087
0.206212,0.197416,1.76034
0.247718,0.192988,1.74463
0.0618444,0.21874,1.7499
0.165802,0.23916,1.75692
0.083277,-0.363017,1.77144
-0.10174,-0.34312,1.78398
-0.13639,-0.303138,1.76353
-0.019819,-0.298187,1.77804
-0.0641788,-0.252254,1.77411
0.209184,-0.246018,1.77663
-0.0977355,-0.240639,1.77159
-0.103254,-0.186233,1.7789
0.156305,-0.188613,1.77679
0.0405927,-0.158246,1.76204
-0.199117,-0.154866,1.76228
-0.352194,-0.119023,1.77209
-0.249663,-0.0794687,1.76677
0.0914338,-0.0728519,1.77785
-0.275885,-0.00140554,1.77666
-0.0596867,0.0462889,1.77714
0.264418,0.0805124,1.76988
-0.0193672,0.0951259,1.78213
0.214298,0.101266,1.77587
0.289314,0.105455,1.78347
0.259566,0.126827,1.78271
-0.331376,0.159146,1.76727
-0.269688,0.161383,1.76756
-0.174013,0.15591,1.78172
0.0250474,0.170951,1.77924
0.0123896,0.232021,1.78365
0.0700341,0.26258,1.77445
-0.108124,0.35516,1.76991
-0.22368,-0.189327,1.78743
0.172492,-0.129304,1.78542
-0.333627,-0.0613325,1.78649
0.239104,0.213791,1.78443
0.271806,0.242874,1.78747
-0.0546292,0.247396,1.78584
-0.6,-0.6,-1.5
-0.6,-0.6,-1.5
-0.6,-0.6,-1.5
-0.6,-0.6,-1.5
-0.6,-0.6,-1.5
-0.6,-0.6,-1.5
-0.6,-0.6,-1.5
-0.6,-0.6,-1.5
-0.6,-0.6,-1.5
-0.6,-0.6,-1.5
-0.6,-0.6,-1.5
-0.6,-0.6,-1.5
-0.6,-0.6,-1.5
-0.6,-0.6,-1.5
-0.6,-0.6,-1.5
-0.6,-0.6,-1.5
-0.6,-0.6,-1.5
-0.6,-0.6,-1.5
-0.6,-0.6,-1.5
-0.6,-0.6,-1.5
-0.6,-0.6,-1.5
-0.6,-0.6,-1.5
-0.6,-0.6,-1.5
-0.6,-0.6,-1.5
-0.6,-0.6,-1.5
-0.6,-0.6,-1.5
-0.6,-0.6,-1.5
-0.6,-0.6,-1.5
-0.6,-0.6,-1.5
-0.6,-0.6,-1.5
-0.6,-0.6,-1.5
-0.6,-0.6,-1.5
-0.6,-0.6,-1.5
-0.6,-0.6,-1.5
-0.6,-0.6,-1.5
-0.6,-0.6,-1.5
-0.6,-0.6,-1.5
-0.6,-0.6,-1.5
-0.6,-0.6,-1.5
-0.6,-0.6,-1.5
-0.6,-0.6,-1.5
-0.6,-0.6,-1.5
-0.6,-0.6,-1.5
-0.6,-0.6,-1.5
-0.6,-0.6,-1.5
-0.6,-0.6,-1.5
-0.6,-0.6,-1.5
-0.6,-0.6,-1.5
-0.6,-0.6,-1.5
-0.6,-0.6,-1.5
-0.6,-0.6,-1.5
-0.6,-0.6,-1.5
-0.6,-0.6,-1.5
-0.6,-0.6,-1.5
-0.6,-0.6,-1.5
-0.6,-0.6,-1.5
-0.6,-0.6,-1.5
-0.6,-0.6,-1.5
-0.6,-0.6,-1.5
-0.6,-0.6,-1.5
-0.6,-0.6,-1.5
-0.6,-0.6,-1.5
-0.6,-0.6,-1.5
-0.6,-0.6,-1.5
-0.6,-0.6,-1.5
-0.6,-0.6,-1.5
-0.6,-0.6,-1.5
-0.6,-0.6,-1.5
-0.6,-0.6,-1.5
-0.6,-0.6,-1.5
-0.6,-0.6,-1.5
-0.6,-0.6,-1.5
-0.6,-0.6,-1.5
-0.6,-0.6,-1.5
-0.6,-0.6,-1.5
-0.6,-0.6,-1.5
-0.6,-0.6,-1.5
-0.6,-0.6,-1.5
-0.6,-0.6,-1.5
-0.6,-0.6,-1.5
-0.6,-0.6,-1.5
-0.6,-0.6,-1.5
-0.6,-0.6,-1.5
-0.6,-0.6,-1.5
-0.6,-0.6,-1.5
-0.6,-0.6,-1.5
-0.6,-0.6,-1.5
-0.6,-0.6,-1.5
-0.6,-0.6,-1.5
-0.6,-0.6,-1.5
-0.6,-0.6,-1.5
-0.6,-0.6,-1.5
-0.6,-0.6,-1.5
-0.6,-0.6,-1.5
-0.6,-0.6,-1.5
-0.6,-0.6,-1.5
-0.6,-0.6,-1.5
-0.6,-0.6,-1.5
-0.6,-0.6,-1.5
-0.6,-0.6,-1.5
-0.6,-0.6,-1.5
-0.6,-0.6,-1.5
-0.6,-0.6,-1.5
-0.6,-0.6,-1.5
-0.6,-0.6,-1.5
-0.6,-0.6,-1.5
-0.6,-0.6,-1.5
-0.6,-0.6,-1.5
-0.6,-0.6,-1.5
-0.6,-0.6,-1.5
-0.6,-0.6,-1.5
-0.6,-0.6,-1.5
-0.6,-0.6,-1.5
-0.6,-0.6,-1.5
-0.6,-0.6,-1.5
-0.6,-0.6,-1.5
-0.6,-0.6,-1.5
-0.6,-0.6,-1.5
-0.6,-0.6,-1.5
-0.6,-0.6,-1.5
-0.6,-0.6,-1.5
-0.6,-0.6,-1.5
-0.6,-0.6,-1.5
-0.6,-0.6,-1.5
-0.6,-0.6,-1.5
-0.6,-0.6,-1.5
-0.6,-0.6,-1.5
-0.6,-0.6,-1.5
-0.6,-0.6,-1.5
-0.6,-0.6,-1.5
-0.6,-0.6,-1.5
-0.6,-0.6,-1.5
-0.6,-0.6,-1.5
-0.6,-0.6,-1.5
-0.6,-0.6,-1.5
-0.6,-0.6,-1.5
-0.6,-0.6,-1.5
-0.6,-0.6,-1.5
-0.6,-0.6,-1.5
-0.6,-0.6,-1.5
-0.6,-0.6,-1.5
-0.6,-0.6,-1.5
-0.6,-0.6,-1.5
-0.6,-0.6,-1.5
-0.6,-0.6,-1.5
-0.6,-0.6,-1.5
-0.6,-0.6,-1.5
-0.6,-0.6,-1.5
-0.6,-0.6,-1.5
-0.6,-0.6,-1.5
-0.6,-0.6,-1.5
-0.6,-0.6,-1.5
-0.6,-0.6,-1.5
-0.6,-0.6,-1.5
-0.6,-0.6,-1.5
-0.6,-0.6,-1.5
-0.6,-0.6,-1.5
-0.6,-0.6,-1.5
-0.6,-0.6,-1.5
-0.6,-0.6,-1.5
-0.6,-0.6,-1.5
-0.6,-0.6,-1.5
-0.6,-0.6,-1.5
-0.6,-0.6,-1.5
-0.6,-0.6,-1.5
-0.6,-0.6,-1.5
-0.6,-0.6,-1.5
-0.6,-0.6,-1.5
-0.6,-0.6,-1.5
-0.6,-0.6,-1.5
-0.6,-0.6,-1.5
-0.6,-0.6,-1.5
-0.6,-0.6,-1.5
-0.6,-0.6,-1.5
-0.6,-0.6,-1.5
-0.6,-0.6,-1.5
-0.6,-0.6,-1.5
-0.6,-0.6,-1.5
-0.6,-0.6,-1.5
-0.6,-0.6,-1.5
-0.6,-0.6,-1.5
-0.6,-0.6,-1.5
-0.6,-0.6,-1.5
-0.6,-0.6,-1.5
-0.6,-0.6,-1.5
-0.6,-0.6,-1.5
-0.6,-0.6,-1.5
-0.6,-0.6,-1.5
-0.6,-0.6,-1.5
-0.6,-0.6,-1.5
-0.6,-0.6,-1.5
-0.6,-0.6,-1.5
-0.6,-0.6,-1.5
-0.6,-0.6,-1.5
-0.6,-0.6,-1.5
-0.6,-0.6,-1.5
-0.6,-0.6,-1.5
-0.6,-0.6,-1.5
-0.6,-0.6,-1.5
-0.6,-0.6,-1.5
-0.6,-0.6,-1.5
-0.6,-0.6,-1.5
-0.6,-0.6,-1.5
-0.6,-0.6,-1.5
-0.6,-0.6,-1.5
-0.6,-0.6,-1.5
-0.6,-0.6,-1.5
-0.6,-0.6,-1.5
-0.6,-0.6,-1.5
-0.6,-0.6,-1.5
-0.6,-0.6,-1.5
-0.6,-0.6,-1.5
-0.6,-0.6,-1.5
-0.6,-0.6,-1.5
-0.6,-0.6,-1.5
-0.6,-0.6,-1.5
-0.6,-0.6,-1.5
-0.6,-0.6,-1.5
-0.6,-0.6,-1.5
-0.6,-0.6,-1.5
-0.6,-0.6,-1.5
-0.6,-0.6,-1.5
-0.6,-0.6,-1.5
-0.6,-0.6,-1.5
-0.6,-0.6,-1.5
-0.6,-0.6,-1.5
-0.6,-0.6,-1.5
-0.6,-0.6,-1.5
-0.6,-0.6,-1.5
-0.6,-0.6,-1.5
-0.6,-0.6,-1.5
-0.6,-0.6,-1.5
-0.6,-0.6,-1.5
-0.6,-0.6,-1.5
-0.6,-0.6,-1.5
-0.6,-0.6,-1.5
-0.6,-0.6,-1.5
-0.6,-0.6,-1.5
-0.6,-0.6,-1.5
-0.6,-0.6,-1.5
-0.6,-0.6,-1.5
-0.6,-0.6,-1.5
-0.6,-0.6,-1.5
-0.6,-0.6,-1.5
-0.6,-0.6,-1.5
-0.6,-0.6,-1.5
-0.6,-0.6,-1.5
-0.6,-0.6,-1.5
-0.6,-0.6,-1.5
-0.6,-0.6,-1.5
-0.6,-0.6,-1.5
-0.6,-0.6,-1.5
-0.6,-0.6,-1.5
-0.6,-0.6,-1.5
-0.6,-0.6,-1.5
-0.6,-0.6,-1.5
-0.6,-0.6,-1.5
-0.6,-0.6,-1.5
-0.6,-0.6,-1.5
-0.6,-0.6,-1.5
-0.6,-0.6,-1.5
-0.6,-0.6,-1.5
-0.6,-0.6,-1.5
-0.6,-0.6,-1.5
-0.6,-0.6,-1.5
-0.6,-0.6,-1.5
-0.6,-0.6,-1.5
-0.6,-0.6,-1.5
-0.6,-0.6,-1.5
-0.6,-0.6,-1.5
-0.6,-0.6,-1.5
-0.6,-0.6,-1.5
-0.6,-0.6,-1.5
-0.6,-0.6,-1.5
-0.6,-0.6,-1.5
-0.6,-0.6,-1.5
-0.6,-0.6,-1.5
-0.6,-0.6,-1.5
-0.6,-0.6,-1.5
-0.6,-0.6,-1.5
-0.6,-0.6,-1.5
-0.6,-0.6,-1.5
-0.6,-0.6,-1.5
-0.6,-0.6,-1.5
-0.6,-0.6,-1.5
-0.6,-0.6,-1.5
-0.6,-0.6,-1.5
-0.6,-0.6,-1.5
-0.6,-0.6,-1.5
-0.6,-0.6,-1.5
-0.6,-0.6,-1.5
-0.6,-0.6,-1.5
-0.6,-0.6,-1.5
-0.6,-0.6,-1.5
-0.6,-0.6,-1.5
-0.6,-0.6,-1.5
-0.6,-0.6,-1.5
-0.6,-0.6,-1.5
-0.6,-0.6,-1.5
-0.6,-0.6,-1.5
-0.6,-0.6,-1.5
-0.6,-0.6,-1.5
-0.6,-0.6,-1.5
-0.6,-0.6,-1.5
-0.6,-0.6,-1.5
-0.6,-0.6,-1.5
-0.6,-0.6,-1.5
-0.6,-0.6,-1.5
-0.6,-0.6,-1.5
-0.6,-0.6,-1.5
-0.6,-0.6,-1.5
-0.6,-0.6,-1.5
-0.6,-0.6,-1.5
-0.6,-0.6,-1.5
-0.6,-0.6,-1.5
-0.6,-0.6,-1.5
-0.6,-0.6,-1.5
-0.6,-0.6,-1.5
-0.6,-0.6,-1.5
-0.6,-0.6,-1.5
-0.6,-0.6,-1.5
-0.6,-0.6,-1.5
-0.6,-0.6,-1.5
-0.6,-0.6,-1.5
-0.6,-0.6,-1.5
-0.6,-0.6,-1.5
-0.6,-0.6,-1.5
-0.6,-0.6,-1.5
-0.6,-0.6,-1.5
-0.6,-0.6,-1.5
-0.6,-0.6,-1.5
-0.6,-0.6,-1.5
-0.6,-0.6,-1.5
-0.6,-0.6,-1.5
-0.6,-0.6,-1.5
-0.6,-0.6,-1.5
-0.6,-0.6,-1.5
-0.6,-0.6,-1.5
-0.6,-0.6,-1.5
-0.6,-0.6,-1.5
-0.6,-0.6,-1.5
-0.6,-0.6,-1.5
-0.6,-0.6,-1.5
-0.6,-0.6,-1.5
-0.6,-0.6,-1.5
-0.6,-0.6,-1.5
-0.6,-0.6,-1.5
-0.6,-0.6,-1.5
-0.6,-0.6,-1.5
-0.6,-0.6,-1.5
-0.6,-0.6,-1.5
-0.6,-0.6,-1.5
-0.6,-0.6,-1.5
-0.6,-0.6,-1.5
-0.6,-0.6,-1.5
-0.6,-0.6,-1.5
-0.6,-0.6,-1.5
-0.6,-0.6,-1.5
-0.6,-0.6,-1.5
-0.6,-0.6,-1.5
-0.6,-0.6,-1.5
-0.6,-0.6,-1.5
-0.6,-0.6,-1.5
-0.6,-0.6,-1.5
-0.6,-0.6,-1.5
-0.6,-0.6,-1.5
-0.6,-0.6,-1.5
-0.6,-0.6,-1.5
-0.6,-0.6,-1.5
-0.6,-0.6,-1.5
-0.6,-0.6,-1.5
-0.6,-0.6,-1.5
-0.6,-0.6,-1.5
-0.6,-0.6,-1.5
-0.6,-0.6,-1.5
-0.6,-0.6,-1.5
-0.6,-0.6,-1.5
-0.6,-0.6,-1.5
-0.6,-0.6,-1.5
-0.6,-0.6,-1.5
-0.6,-0.6,-1.5
-0.6,-0.6,-1.5
-0.6,-0.6,-1.5
-0.6,-0.6,-1.5
-0.6,-0.6,-1.5
-0.6,-0.6,-1.5
-0.6,-0.6,-1.5
-0.6,-0.6,-1.5
-0.6,-0.6,-1.5
-0.6,-0.6,-1.5
-0.6,-0.6,-1.5
-0.6,-0.6,-1.5
-0.6,-0.6,-1.5
-0.6,-0.6,-1.5
-0.6,-0.6,-1.5
-0.6,-0.6,-1.5
-0.6,-0.6,-1.5
-0.6,-0.6,-1.5
-0.6,-0.6,-1.5
-0.6,-0.6,-1.5
-0.6,-0.6,-1.5
-0.6,-0.6,-1.5
-0.6,-0.6,-1.5
-0.6,-0.6,-1.5
-0.6,-0.6,-1.5
-0.6,-0.6,-1.5
-0.6,-0.6,-1.5
-0.6,-0.6,-1.5
-0.6,-0.6,-1.5
-0.6,-0.6,-1.5
-0.6,-0.6,-1.5
-0.6,-0.6,-1.5
-0.6,-0.6,-1.5
-0.6,-0.6,-1.5
-0.6,-0.6,-1.5
-0.6,-0.6,-1.5
-0.6,-0.6,-1.5
-0.6,-0.6,-1.5
-0.6,-0.6,-1.5
-0.6,-0.6,-1.5
-0.6,-0.6,-1.5
-0.6,-0.6,-1.5
-0.6,-0.6,-1.5
-0.6,-0.6,-1.5
-0.6,-0.6,-1.5
-0.6,-0.6,-1.5
-0.6,-0.6,-1.5
-0.6,-0.6,-1.5
-0.6,-0.6,-1.5
-0.6,-0.6,-1.5
-0.6,-0.6,-1.5
-0.6,-0.6,-1.5
-0.6,-0.6,-1.5
-0.6,-0.6,-1.5
-0.6,-0.6,-1.5
-0.6,-0.6,-1.5
-0.6,-0.6,-1.5
-0.6,-0.6,-1.5
-0.6,-0.6,-1.5
-0.6,-0.6,-1.5
-0.6,-0.6,-1.5
-0.6,-0.6,-1.5
-0.6,-0.6,-1.5
-0.6,-0.6,-1.5
-0.6,-0.6,-1.5
-0.6,-0.6,-1.5
-0.6,-0.6,-1.5
-0.6,-0.6,-1.5
-0.6,-0.6,-1.5
-0.6,-0.6,-1.5
-0.6,-0.6,-1.5
-0.6,-0.6,-1.5
-0.6,-0.6,-1.5
-0.6,-0.6,-1.5
-0.6,-0.6,-1.5
-0.6,-0.6,-1.5
-0.6,-0.6,-1.5
-0.6,-0.6,-1.5
-0.6,-0.6,-1.5
-0.6,-0.6,-1.5
-0.6,-0.6,-1.5
-0.6,-0.6,-1.5
-0.6,-0.6,-1.5
-0.6,-0.6,-1.5
-0.6,-0.6,-1.5
-0.6,-0.6,-1.5
-0.6,-0.6,-1.5
-0.6,-0.6,-1.5
-0.6,-0.6,-1.5
-0.6,-0.6,-1.5
-0.6,-0.6,-1.5
-0.6,-0.6,-1.5
-0.6,-0.6,-1.5
-0.6,-0.6,-1.5
-0.6,-0.6,-1.5
-0.6,-0.6,-1.5
-0.6,-0.6,-1.5
-0.6,-0.6,-1.5
-0.6,-0.6,-1.5
-0.6,-0.6,-1.5
-0.6,-0.6,-1.5
-0.6,-0.6,-1.5
-0.6,-0.6,-1.5
-0.6,-0.6,-1.5
-0.6,-0.6,-1.5
-0.6,-0.6,-1.5
-0.6,-0.6,-1.5
-0.6,-0.6,-1.5
-0.6,-0.6,-1.5
-0.6,-0.6,-1.5
-0.6,-0.6,-1.5
-0.6,-0.6,-1.5
-0.6,-0.6,-1.5
-0.6,-0.6,-1.5
-0.6,-0.6,-1.5
-0.6,-0.6,-1.5
-0.6,-0.6,-1.5
-0.6,-0.6,-1.5
-0.6,-0.6,-1.5
-0.6,-0.6,-1.5
-0.6,-0.6,-1.5
-0.6,-0.6,-1.5
-0.6,-0.6,-1.5
-0.6,-0.6,-1.5
-0.6,-0.6,-1.5
-0.6,-0.6,-1.5
-0.6,-0.6,-1.5
-0.6,-0.6,-1.5
-0.6,-0.6,-1.5
-0.6,-0.6,-1.5
-0.6,-0.6,-1.5
-0.6,-0.6,-1.5
-0.6,-0.6,-1.5
-0.6,-0.6,-1.5
-0.6,-0.6,-1.5
-0.6,-0.6,-1.5
-0.6,-0.6,-1.5
-0.6,-0.6,-1.5
-0.6,-0.6,-1.5
-0.6,-0.6,-1.5
-0.6,-0.6,-1.5
-0.6,-0.6,-1.5
-0.6,-0.6,-1.5
-0.6,-0.6,-1.5
-0.6,-0.6,-1.5
-0.6,-0.6,-1.5
-0.6,-0.6,-1.5
-0.6,-0.6,-1.5
-0.6,-0.6,-1.5
-0.6,-0.6,-1.5
-0.6,-0.6,-1.5
-0.6,-0.6,-1.5
-0.6,-0.6,-1.5
-0.6,-0.6,-1.5
-0.6,-0.6,-1.5
-0.6,-0.6,-1.5
-0.6,-0.6,-1.5
-0.6,-0.6,-1.5
-0.6,-0.6,-1.5
-0.6,-0.6,-1.5
-0.6,-0.6,-1.5
-0.6,-0.6,-1.5
-0.6,-0.6,-1.5
-0.6,-0.6,-1.5
-0.6,-0.6,-1.5
-0.6,-0.6,-1.5
-0.6,-0.6,-1.5
-0.6,-0.6,-1.5
-0.6,-0.6,-1.5
-0.6,-0.6,-1.5
-0.6,-0.6,-1.5
-0.6,-0.6,-1.5
-0.6,-0.6,-1.5
-0.6,-0.6,-1.5
-0.6,-0.6,-1.5
-0.6,-0.6,-1.5
-0.6,-0.6,-1.5
-0.6,-0.6,-1.5
-0.6,-0.6,-1.5
-0.6,-0.6,-1.5
-0.6,-0.6,-1.5
-0.6,-0.6,-1.5
-0.6,-0.6,-1.5
-0.6,-0.6,-1.5
-0.6,-0.6,-1.5
-0.6,-0.6,-1.5
-0.6,-0.6,-1.5
-0.6,-0.6,-1.5
-0.6,-0.6,-1.5
-0.6,-0.6,-1.5
-0.6,-0.6,-1.5
-0.6,-0.6,-1.5
-0.6,-0.6,-1.5
-0.6,-0.6,-1.5
-0.6,-0.6,-1.5
-0.6,-0.6,-1.5
-0.6,-0.6,-1.5
-0.6,-0.6,-1.5
-0.6,-0.6,-1.5
-0.6,-0.6,-1.5
-0.6,-0.6,-1.5
-0.6,-0.6,-1.5
-0.6,-0.6,-1.5
-0.6,-0.6,-1.5
-0.6,-0.6,-1.5
-0.6,-0.6,-1.5
-0.6,-0.6,-1.5
-0.6,-0.6,-1.5
-0.6,-0.6,-1.5
-0.6,-0.6,-1.5
-0.6,-0.6,-1.5
-0.6,-0.6,-1.5
-0.6,-0.6,-1.5
-0.6,-0.6,-1.5
-0.6,-0.6,-1.5
-0.6,-0.6,-1.5
-0.6,-0.6,-1.5
-0.6,-0.6,-1.5
-0.6,-0.6,-1.5
-0.6,-0.6,-1.5
-0.6,-0.6,-1.5
-0.6,-0.6,-1.5
-0.6,-0.6,-1.5
-0.6,-0.6,-1.5
-0.6,-0.6,-1.5
-0.6,-0.6,-1.5
-0.6,-0.6,-1.5
-0.6,-0.6,-1.5
-0.6,-0.6,-1.5
-0.6,-0.6,-1.5
-0.6,-0.6,-1.5
-0.6,-0.6,-1.5
-0.6,-0.6,-1.5
-0.6,-0.6,-1.5
-0.6,-0.6,-1.5
-0.6,-0.6,-1.5
-0.6,-0.6,-1.5
-0.6,-0.6,-1.5
-0.6,-0.6,-1.5
-0.6,-0.6,-1.5
-0.6,-0.6,-1.5
-0.6,-0.6,-1.5
-0.6,-0.6,-1.5
-0.6,-0.6,-1.5
-0.6,-0.6,-1.5
-0.6,-0.6,-1.5
-0.6,-0.6,-1.5
-0.6,-0.6,-1.5
-0.6,-0.6,-1.5
-0.6,-0.6,-1.5
-0.6,-0.6,-1.5
-0.6,-0.6,-1.5
-0.6,-0.6,-1.5
-0.6,-0.6,-1.5
-0.6,-0.6,-1.5
-0.6,-0.6,-1.5
-0.6,-0.6,-1.5
-0.6,-0.6,-1.5
-0.6,-0.6,-1.5
-0.6,-0.6,-1.5
-0.6,-0.6,-1.5
-0.6,-0.6,-1.5
-0.6,-0.6,-1.5
-0.6,-0.6,-1.5
-0.6,-0.6,-1.5
-0.6,-0.6,-1.5
-0.6,-0.6,-1.5
-0.6,-0.6,-1.5
-0.6,-0.6,-1.5
-0.6,-0.6,-1.5
-0.6,-0.6,-1.5
-0.6,-0.6,-1.5
-0.6,-0.6,-1.5
-0.6,-0.6,-1.5
-0.6,-0.6,-1.5
-0.6,-0.6,-1.5
-0.6,-0.6,-1.5
-0.6,-0.6,-1.5
-0.6,-0.6,-1.5
-0.6,-0.6,-1.5
-0.6,-0.6,-1.5
-0.6,-0.6,-1.5
-0.6,-0.6,-1.5
-0.6,-0.6,-1.5
-0.6,-0.6,-1.5
-0.6,-0.6,-1.5
-0.6,-0.6,-1.5
-0.6,-0.6,-1.5
-0.6,-0.6,-1.5
-0.6,-0.6,-1.5
-0.6,-0.6,-1.5
-0.6,-0.6,-1.5
-0.6,-0.6,-1.5
-0.6,-0.6,-1.5
-0.6,-0.6,-1.5
-0.6,-0.6,-1.5
-0.6,-0.6,-1.5
-0.6,-0.6,-1.5
-0.6,-0.6,-1.5
-0.6,-0.6,-1.5
-0.6,-0.6,-1.5
-0.6,-0.6,-1.5
-0.6,-0.6,-1.5
-0.6,-0.6,-1.5
-0.6,-0.6,-1.5
-0.6,-0.6,-1.5
-0.6,-0.6,-1.5
-0.6,-0.6,-1.5
-0.6,-0.6,-1.5
-0.6,-0.6,-1.5
-0.6,-0.6,-1.5
-0.6,-0.6,-1.5
-0.6,-0.6,-1.5
-0.6,-0.6,-1.5
-0.6,-0.6,-1.5
-0.6,-0.6,-1.5
-0.6,-0.6,-1.5
-0.6,-0.6,-1.5
-0.6,-0.6,-1.5
-0.6,-0.6,-1.5
-0.6,-0.6,-1.5
-0.6,-0.6,-1.5
-0.6,-0.6,-1.5
-0.6,-0.6,-1.5
-0.6,-0.6,-1.5
-0.6,-0.6,-1.5
-0.6,-0.6,-1.5
-0.6,-0.6,-1.5
-0.6,-0.6,-1.5
-0.6,-0.6,-1.5
-0.6,-0.6,-1.5
-0.6,-0.6,-1.5
-0.6,-0.6,-1.5
-0.6,-0.6,-1.5
-0.6,-0.6,-1.5
-0.6,-0.6,-1.5
-0.6,-0.6,-1.5
-0.6,-0.6,-1.5
-0.6,-0.6,-1.5
-0.6,-0.6,-1.5
-0.6,-0.6,-1.5
-0.6,-0.6,-1.5
-0.6,-0.6,-1.5
-0.6,-0.6,-1.5
-0.6,-0.6,-1.5
-0.6,-0.6,-1.5
-0.6,-0.6,-1.5
-0.6,-0.6,-1.5
-0.6,-0.6,-1.5
-0.6,-0.6,-1.5
-0.6,-0.6,-1.5
-0.6,-0.6,-1.5
-0.6,-0.6,-1.5
-0.6,-0.6,-1.5
-0.6,-0.6,-1.5
-0.6,-0.6,-1.5
-0.6,-0.6,-1.5
-0.6,-0.6,-1.5
-0.6,-0.6,-1.5
-0.6,-0.6,-1.5
-0.6,-0.6,-1.5
-0.6,-0.6,-1.5
-0.6,-0.6,-1.5
-0.6,-0.6,-1.5
-0.6,-0.6,-1.5
-0.6,-0.6,-1.5
-0.6,-0.6,-1.5
-0.6,-0.6,-1.5
-0.6,-0.6,-1.5
-0.6,-0.6,-1.5
-0.6,-0.6,-1.5
-0.6,-0.6,-1.5
-0.6,-0.6,-1.5
-0.6,-0.6,-1.5
-0.6,-0.6,-1.5
-0.6,-0.6,-1.5
-0.6,-0.6,-1.5
-0.6,-0.6,-1.5
-0.6,-0.6,-1.5
-0.6,-0.6,-1.5
-0.6,-0.6,-1.5
-0.6,-0.6,-1.5
-0.6,-0.6,-1.5
-0.6,-0.6,-1.5
-0.6,-0.6,-1.5
-0.6,-0.6,-1.5
-0.6,-0.6,-1.5
-0.6,-0.6,-1.5
-0.6,-0.6,-1.5
-0.6,-0.6,-1.5
-0.6,-0.6,-1.5
-0.6,-0.6,-1.5
-0.6,-0.6,-1.5
-0.6,-0.6,-1.5
-0.6,-0.6,-1.5
-0.6,-0.6,-1.5
-0.6,-0.6,-1.5
-0.6,-0.6,-1.5
-0.6,-0.6,-1.5
-0.6,-0.6,-1.5
-0.6,-0.6,-1.5
-0.6,-0.6,-1.5
-0.6,-0.6,-1.5
-0.6,-0.6,-1.5
-0.6,-0.6,-1.5
-0.6,-0.6,-1.5
-0.6,-0.6,-1.5
-0.6,-0.6,-1.5
-0.6,-0.6,-1.5
-0.6,-0.6,-1.5
-0.6,-0.6,-1.5
-0.6,-0.6,-1.5
-0.6,-0.6,-1.5
-0.6,-0.6,-1.5
-0.6,-0.6,-1.5
-0.6,-0.6,-1.5
-0.6,-0.6,-1.5
-0.6,-0.6,-1.5
-0.6,-0.6,-1.5
-0.6,-0.6,-1.5
-0.6,-0.6,-1.5
-0.6,-0.6,-1.5
-0.6,-0.6,-1.5
-0.6,-0.6,-1.5
-0.6,-0.6,-1.5
-0.6,-0.6,-1.5
-0.6,-0.6,-1.5
-0.6,-0.6,-1.5
-0.6,-0.6,-1.5
-0.6,-0.6,-1.5
-0.6,-0.6,-1.5
-0.6,-0.6,-1.5
-0.6,-0.6,-1.5
-0.6,-0.6,-1.5
-0.6,-0.6,-1.5
-0.6,-0.6,-1.5
-0.6,-0.6,-1.5
-0.6,-0.6,-1.5
-0.6,-0.6,-1.5
-0.6,-0.6,-1.5
-0.6,-0.6,-1.5
-0.6,-0.6,-1.5
-0.6,-0.6,-1.5
-0.6,-0.6,-1.5
-0.6,-0.6,-1.5
-0.6,-0.6,-1.5
-0.6,-0.6,-1.5
-0.6,-0.6,-1.5
-0.6,-0.6,-1.5
-0.6,-0.6,-1.5
-0.6,-0.6,-1.5
-0.6,-0.6,-1.5
-0.6,-0.6,-1.5
-0.6,-0.6,-1.5
-0.6,-0.6,-1.5
-0.6,-0.6,-1.5
-0.6,-0.6,-1.5
-0.6,-0.6,-1.5
-0.6,-0.6,-1.5
-0.6,-0.6,-1.5
-0.6,-0.6,-1.5
-0.6,-0.6,-1.5
-0.6,-0.6,-1.5
-0.6,-0.6,-1.5
-0.6,-0.6,-1.5
-0.6,-0.6,-1.5
-0.6,-0.6,-1.5
-0.6,-0.6,-1.5
-0.6,-0.6,-1.5
-0.6,-0.6,-1.5
-0.6,-0.6,-1.5
-0.6,-0.6,-1.5
-0.6,-0.6,-1.5
-0.6,-0.6,-1.5
-0.6,-0.6,-1.5
-0.6,-0.6,-1.5
-0.6,-0.6,-1.5
-0.6,-0.6,-1.5
-0.6,-0.6,-1.5
-0.6,-0.6,-1.5
-0.6,-0.6,-1.5
-0.6,-0.6,-1.5
-0.6,-0.6,-1.5
-0.6,-0.6,-1.5
-0.6,-0.6,-1.5
-0.6,-0.6,-1.5
-0.6,-0.6,-1.5
-0.6,-0.6,-1.5
-0.6,-0.6,-1.5
-0.6,-0.6,-1.5
-0.6,-0.6,-1.5
-0.6,-0.6,-1.5
-0.6,-0.6,-1.5
-0.6,-0.6,-1.5
-0.6,-0.6,-1.5
-0.6,-0.6,-1.5
-0.6,-0.6,-1.5
-0.6,-0.6,-1.5
-0.6,-0.6,-1.5
-0.6,-0.6,-1.5
-0.6,-0.6,-1.5
-0.6,-0.6,-1.5
-0.6,-0.6,-1.5
-0.6,-0.6,-1.5
-0.6,-0.6,-1.5
-0.6,-0.6,-1.5
-0.6,-0.6,-1.5
-0.6,-0.6,-1.5
-0.6,-0.6,-1.5
-0.6,-0.6,-1.5
-0.6,-0.6,-1.5
-0.6,-0.6,-1.5
-0.6,-0.6,-1.5
-0.6,-0.6,-1.5
-0.6,-0.6,-1.5
-0.6,-0.6,-1.5
-0.6,-0.6,-1.5
-0.6,-0.6,-1.5
-0.6,-0.6,-1.5
-0.6,-0.6,-1.5
-0.6,-0.6,-1.5
-0.6,-0.6,-1.5
-0.6,-0.6,-1.5
-0.6,-0.6,-1.5
-0.6,-0.6,-1.5
-0.6,-0.6,-1.5
-0.6,-0.6,-1.5
-0.6,-0.6,-1.5
-0.6,-0.6,-1.5
-0.6,-0.6,-1.5
-0.6,-0.6,-1.5
-0.6,-0.6,-1.5
-0.6,-0.6,-1.5
-0.6,-0.6,-1.5
-0.6,-0.6,-1.5
-0.6,-0.6,-1.5
-0.6,-0.6,-1.5
-0.6,-0.6,-1.5
-0.6,-0.6,-1.5
-0.6,-0.6,-1.5
-0.6,-0.6,-1.5
-0.6,-0.6,-1.5
-0.6,-0.6,-1.5
-0.6,-0.6,-1.5
-0.6,-0.6,-1.5
-0.6,-0.6,-1.5
-0.6,-0.6,-1.5
-0.6,-0.6,-1.5
-0.6,-0.6,-1.5
-0.6,-0.6,-1.5
-0.6,-0.6,-1.5
-0.6,-0.6,-1.5
-0.6,-0.6,-1.5
-0.6,-0.6,-1.5
-0.6,-0.6,-1.5
-0.6,-0.6,-1.5
-0.6,-0.6,-1.5
-0.6,-0.6,-1.5
-0.6,-0.6,-1.5
-0.6,-0.6,-1.5
-0.6,-0.6,-1.5
-0.6,-0.6,-1.5
-0.6,-0.6,-1.5
-0.6,-0.6,-1.5
-0.6,-0.6,-1.5
-0.6,-0.6,-1.5
-0.6,-0.6,-1.5
-0.6,-0.6,-1.5
-0.6,-0.6,-1.5
-0.6,-0.6,-1.5
-0.6,-0.6,-1.5
-0.6,-0.6,-1.5
-0.6,-0.6,-1.5
-0.6,-0.6,-1.5
-0.6,-0.6,-1.5
-0.6,-0.6,-1.5
-0.6,-0.6,-1.5
-0.6,-0.6,-1.5
-0.6,-0.6,-1.5
-0.6,-0.6,-1.5
-0.6,-0.6,-1.5
-0.6,-0.6,-1.5
-0.6,-0.6,-1.5
-0.6,-0.6,-1.5
-0.6,-0.6,-1.5
-0.6,-0.6,-1.5
-0.6,-0.6,-1.5
-0.6,-0.6,-1.5
-0.6,-0.6,-1.5
-0.6,-0.6,-1.5
-0.6,-0.6,-1.5
-0.6,-0.6,-1.5
-0.6,-0.6,-1.5
-0.6,-0.6,-1.5
-0.6,-0.6,-1.5
-0.6,-0.6,-1.5
-0.6,-0.6,-1.5
-0.6,-0.6,-1.5
-0.6,-0.6,-1.5
-0.6,-0.6,-1.5
-0.6,-0.6,-1.5
-0.6,-0.6,-1.5
-0.6,-0.6,-1.5
-0.6,-0.6,-1.5
-0.6,-0.6,-1.5
-0.6,-0.6,-1.5
-0.6,-0.6,-1.5
-0.6,-0.6,-1.5
-0.6,-0.6,-1.5
-0.6,-0.6,-1.5
-0.6,-0.6,-1.5
-0.6,-0.6,-1.5
-0.6,-0.6,-1.5
-0.6,-0.6,-1.5
-0.6,-0.6,-1.5
-0.6,-0.6,-1.5
-0.6,-0.6,-1.5
-0.6,-0.6,-1.5
-0.6,-0.6,-1.5
-0.6,-0.6,-1.5
-0.6,-0.6,-1.5
-0.6,-0.6,-1.5
-0.6,-0.6,-1.5
-0.6,-0.6,-1.5
-0.6,-0.6,-1.5
-0.6,-0.6,-1.5
-0.6,-0.6,-1.5
-0.6,-0.6,-1.5
-0.6,-0.6,-1.5
-0.6,-0.6,-1.5
-0.6,-0.6,-1.5
-0.6,-0.6,-1.5
-0.6,-0.6,-1.5
-0.6,-0.6,-1.5
-0.6,-0.6,-1.5
-0.6,-0.6,-1.5
-0.6,-0.6,-1.5
-0.6,-0.6,-1.5
-0.6,-0.6,-1.5
-0.6,-0.6,-1.5
-0.6,-0.6,-1.5
-0.6,-0.6,-1.5
-0.6,-0.6,-1.5
-0.6,-0.6,-1.5
-0.6,-0.6,-1.5
-0.6,-0.6,-1.5
-0.6,-0.6,-1.5
-0.6,-0.6,-1.5
-0.6,-0.6,-1.5
-0.6,-0.6,-1.5
-0.6,-0.6,-1.5
-0.6,-0.6,-1.5
-0.6,-0.6,-1.5
-0.6,-0.6,-1.5
-0.6,-0.6,-1.5
-0.6,-0.6,-1.5
-0.6,-0.6,-1.5
-0.6,-0.6,-1.5
-0.6,-0.6,-1.5
-0.6,-0.6,-1.5
-0.6,-0.6,-1.5
-0.6,-0.6,-1.5
-0.6,-0.6,-1.5
-0.6,-0.6,-1.5
-0.6,-0.6,-1.5
-0.6,-0.6,-1.5
-0.6,-0.6,-1.5
-0.6,-0.6,-1.5
-0.6,-0.6,-1.5
-0.6,-0.6,-1.5
-0.6,-0.6,-1.5
-0.6,-0.6,-1.5
-0.6,-0.6,-1.5
-0.6,-0.6,-1.5
-0.6,-0.6,-1.5
-0.6,-0.6,-1.5
-0.6,-0.6,-1.5
-0.6,-0.6,-1.5
-0.6,-0.6,-1.5
-0.6,-0.6,-1.5
-0.6,-0.6,-1.5
-0.6,-0.6,-1.5
-0.6,-0.6,-1.5
-0.6,-0.6,-1.5
-0.6,-0.6,-1.5
-0.6,-0.6,-1.5
-0.6,-0.6,-1.5
-0.6,-0.6,-1.5
-0.6,-0.6,-1.5
-0.6,-0.6,-1.5
-0.6,-0.6,-1.5
-0.6,-0.6,-1.5
-0.6,-0.6,-1.5
-0.6,-0.6,-1.5
-0.6,-0.6,-1.5
-0.6,-0.6,-1.5
-0.6,-0.6,-1.5
-0.6,-0.6,-1.5
-0.6,-0.6,-1.5
-0.6,-0.6,-1.5
-0.6,-0.6,-1.5
-0.6,-0.6,-1.5
-0.6,-0.6,-1.5
-0.6,-0.6,-1.5
-0.6,-0.6,-1.5
-0.6,-0.6,-1.5
-0.6,-0.6,-1.5
-0.6,-0.6,-1.5
-0.6,-0.6,-1.5
-0.6,-0.6,-1.5
-0.6,-0.6,-1.5
-0.6,-0.6,-1.5
-0.6,-0.6,-1.5
-0.6,-0.6,-1.5
-0.6,-0.6,-1.5
-0.6,-0.6,-1.5
-0.6,-0.6,-1.5
-0.6,-0.6,-1.5
-0.6,-0.6,-1.5
-0.6,-0.6,-1.5
-0.6,-0.6,-1.5
-0.6,-0.6,-1.5
-0.6,-0.6,-1.5
-0.6,-0.6,-1.5
-0.6,-0.6,-1.5
-0.6,-0.6,-1.5
-0.6,-0.6,-1.5
-0.6,-0.6,-1.5
-0.6,-0.6,-1.5
-0.6,-0.6,-1.5
-0.6,-0.6,-1.5
-0.6,-0.6,-1.5
-0.6,-0.6,-1.5
-0.6,-0.6,-1.5
-0.6,-0.6,-1.5
-0.6,-0.6,-1.5
-0.6,-0.6,-1.5
-0.6,-0.6,-1.5
-0.6,-0.6,-1.5
-0.6,-0.6,-1.5
-0.6,-0.6,-1.5
-0.6,-0.6,-1.5
-0.6,-0.6,-1.5
-0.6,-0.6,-1.5
-0.6,-0.6,-1.5
-0.6,-0.6,-1.5
-0.6,-0.6,-1.5
-0.6,-0.6,-1.5
-0.6,-0.6,-1.5
-0.6,-0.6,-1.5
-0.6,-0.6,-1.5
-0.6,-0.6,-1.5
-0.6,-0.6,-1.5
-0.6,-0.6,-1.5
-0.6,-0.6,-1.5
-0.6,-0.6,-1.5
-0.6,-0.6,-1.5
-0.6,-0.6,-1.5
-0.6,-0.6,-1.5
-0.6,-0.6,-1.5
-0.6,-0.6,-1.5
-0.6,-0.6,-1.5
-0.6,-0.6,-1.5
-0.6,-0.6,-1.5
-0.6,-0.6,-1.5
-0.6,-0.6,-1.5
-0.6,-0.6,-1.5
-0.6,-0.6,-1.5
-0.6,-0.6,-1.5
-0.6,-0.6,-1.5
-0.6,-0.6,-1.5
-0.6,-0.6,-1.5
-0.6,-0.6,-1.5
-0.6,-0.6,-1.5
-0.6,-0.6,-1.5
-0.6,-0.6,-1.5
-0.6,-0.6,-1.5
-0.6,-0.6,-1.5
-0.6,-0.6,-1.5
-0.6,-0.6,-1.5
-0.6,-0.6,-1.5
-0.6,-0.6,-1.5
-0.6,-0.6,-1.5
-0.6,-0.6,-1.5
-0.6,-0.6,-1.5
-0.6,-0.6,-1.5
-0.6,-0.6,-1.5
-0.6,-0.6,-1.5
-0.6,-0.6,-1.5
-0.6,-0.6,-1.5
-0.6,-0.6,-1.5
-0.6,-0.6,-1.5
-0.6,-0.6,-1.5
-0.6,-0.6,-1.5
-0.6,-0.6,-1.5
-0.6,-0.6,-1.5
-0.6,-0.6,-1.5
-0.6,-0.6,-1.5
-0.6,-0.6,-1.5
-0.6,-0.6,-1.5
-0.6,-0.6,-1.5
-0.6,-0.6,-1.5
-0.6,-0.6,-1.5
-0.6,-0.6,-1.5
-0.6,-0.6,-1.5
-0.6,-0.6,-1.5
-0.6,-0.6,-1.5
-0.6,-0.6,-1.5
-0.6,-0.6,-1.5
-0.6,-0.6,-1.5
-0.6,-0.6,-1.5
-0.6,-0.6,-1.5
-0.6,-0.6,-1.5
-0.6,-0.6,-1.5
-0.6,-0.6,-1.5
-0.6,-0.6,-1.5
-0.6,-0.6,-1.5
-0.6,-0.6,-1.5
-0.6,-0.6,-1.5
-0.6,-0.6,-1.5
-0.6,-0.6,-1.5
-0.6,-0.6,-1.5
-0.6,-0.6,-1.5
-0.6,-0.6,-1.5
-0.6,-0.6,-1.5
-0.6,-0.6,-1.5
-0.6,-0.6,-1.5
-0.6,-0.6,-1.5
-0.6,-0.6,-1.5
-0.6,-0.6,-1.5
-0.6,-0.6,-1.5
-0.6,-0.6,-1.5
-0.6,-0.6,-1.5
-0.6,-0.6,-1.5
-0.6,-0.6,-1.5
-0.6,-0.6,-1.5
-0.6,-0.6,-1.5
-0.6,-0.6,-1.5
-0.6,-0.6,-1.5
-0.6,-0.6,-1.5
-0.6,-0.6,-1.5
-0.6,-0.6,-1.5
-0.6,-0.6,-1.5
-0.6,-0.6,-1.5
-0.6,-0.6,-1.5
-0.6,-0.6,-1.5
-0.6,-0.6,-1.5
-0.6,-0.6,-1.5
-0.6,-0.6,-1.5
-0.6,-0.6,-1.5
-0.6,-0.6,-1.5
-0.6,-0.6,-1.5
-0.6,-0.6,-1.5
-0.6,-0.6,-1.5
-0.6,-0.6,-1.5
-0.6,-0.6,-1.5
-0.6,-0.6,-1.5
-0.6,-0.6,-1.5
-0.6,-0.6,-1.5
-0.6,-0.6,-1.5
-0.6,-0.6,-1.5
-0.6,-0.6,-1.5
-0.6,-0.6,-1.5
-0.6,-0.6,-1.5
-0.6,-0.6,-1.5
-0.6,-0.6,-1.5
-0.6,-0.6,-1.5
-0.6,-0.6,-1.5
-0.6,-0.6,-1.5
-0.6,-0.6,-1.5
-0.6,-0.6,-1.5
-0.6,-0.6,-1.5
-0.6,-0.6,-1.5
-0.6,-0.6,-1.5
-0.6,-0.6,-1.5
-0.6,-0.6,-1.5
-0.6,-0.6,-1.5
-0.6,-0.6,-1.5
-0.6,-0.6,-1.5
-0.6,-0.6,-1.5
-0.6,-0.6,-1.5
-0.6,-0.6,-1.5
-0.6,-0.6,-1.5
-0.6,-0.6,-1.5
-0.6,-0.6,-1.5
-0.6,-0.6,-1.5
-0.6,-0.6,-1.5
-0.6,-0.6,-1.5
-0.6,-0.6,-1.5
-0.6,-0.6,-1.5
-0.6,-0.6,-1.5
-0.6,-0.6,-1.5
-0.6,-0.6,-1.5
-0.6,-0.6,-1.5
-0.6,-0.6,-1.5
-0.6,-0.6,-1.5
-0.6,-0.6,-1.5
-0.6,-0.6,-1.5
-0.6,-0.6,-1.5
-0.6,-0.6,-1.5
-0.6,-0.6,-1.5
-0.6,-0.6,-1.5
-0.6,-0.6,-1.5
-0.6,-0.6,-1.5
-0.6,-0.6,-1.5
-0.6,-0.6,-1.5
-0.6,-0.6,-1.5
-0.6,-0.6,-1.5
-0.6,-0.6,-1.5
-0.6,-0.6,-1.5
-0.6,-0.6,-1.5
-0.6,-0.6,-1.5
-0.6,-0.6,-1.5
-0.6,-0.6,-1.5
-0.6,-0.6,-1.5
-0.6,-0.6,-1.5
-0.6,-0.6,-1.5
-0.6,-0.6,-1.5
-0.6,-0.6,-1.5
-0.6,-0.6,-1.5
-0.6,-0.6,-1.5
-0.6,-0.6,-1.5
-0.6,-0.6,-1.5
-0.6,-0.6,-1.5
-0.6,-0.6,-1.5
-0.6,-0.6,-1.5
-0.6,-0.6,-1.5
-0.6,-0.6,-1.5
-0.6,-0.6,-1.5
-0.6,-0.6,-1.5
-0.6,-0.6,-1.5
-0.6,-0.6,-1.5
-0.6,-0.6,-1.5
-0.6,-0.6,-1.5
-0.6,-0.6,-1.5
-0.6,-0.6,-1.5
-0.6,-0.6,-1.5
-0.6,-0.6,-1.5
-0.6,-0.6,-1.5
-0.6,-0.6,-1.5
-0.6,-0.6,-1.5
-0.6,-0.6,-1.5
-0.6,-0.6,-1.5
-0.6,-0.6,-1.5
-0.6,-0.6,-1.5
-0.6,-0.6,-1.5
-0.6,-0.6,-1.5
-0.6,-0.6,-1.5
-0.6,-0.6,-1.5
-0.6,-0.6,-1.5
-0.6,-0.6,-1.5
-0.6,-0.6,-1.5
-0.6,-0.6,-1.5
-0.6,-0.6,-1.5
-0.6,-0.6,-1.5
-0.6,-0.6,-1.5
-0.6,-0.6,-1.5
-0.6,-0.6,-1.5
-0.6,-0.6,-1.5
-0.6,-0.6,-1.5
-0.6,-0.6,-1.5
-0.6,-0.6,-1.5
-0.6,-0.6,-1.5
-0.6,-0.6,-1.5
-0.6,-0.6,-1.5
-0.6,-0.6,-1.5
-0.6,-0.6,-1.5
-0.6,-0.6,-1.5
-0.6,-0.6,-1.5
-0.6,-0.6,-1.5
-0.6,-0.6,-1.5
-0.6,-0.6,-1.5
-0.6,-0.6,-1.5
-0.6,-0.6,-1.5
-0.6,-0.6,-1.5
-0.6,-0.6,-1.5
-0.6,-0.6,-1.5
-0.6,-0.6,-1.5
-0.6,-0.6,-1.5
-0.6,-0.6,-1.5
-0.6,-0.6,-1.5
-0.6,-0.6,-1.5
-0.6,-0.6,-1.5
-0.6,-0.6,-1.5
-0.6,-0.6,-1.5
-0.6,-0.6,-1.5
-0.6,-0.6,-1.5
-0.6,-0.6,-1.5
-0.6,-0.6,-1.5
-0.6,-0.6,-1.5
-0.6,-0.6,-1.5
-0.6,-0.6,-1.5
-0.6,-0.6,-1.5
-0.6,-0.6,-1.5
-0.6,-0.6,-1.5
-0.6,-0.6,-1.5
-0.6,-0.6,-1.5
-0.6,-0.6,-1.5
-0.6,-0.6,-1.5
-0.6,-0.6,-1.5
-0.6,-0.6,-1.5
-0.6,-0.6,-1.5
-0.6,-0.6,-1.5
-0.6,-0.6,-1.5
-0.6,-0.6,-1.5
-0.6,-0.6,-1.5
-0.6,-0.6,-1.5
-0.6,-0.6,-1.5
-0.6,-0.6,-1.5
-0.6,-0.6,-1.5
-0.6,-0.6,-1.5
-0.6,-0.6,-1.5
-0.6,-0.6,-1.5
-0.6,-0.6,-1.5
-0.6,-0.6,-1.5
-0.6,-0.6,-1.5
-0.6,-0.6,-1.5
-0.6,-0.6,-1.5
-0.6,-0.6,-1.5
-0.6,-0.6,-1.5
-0.6,-0.6,-1.5
-0.6,-0.6,-1.5
-0.6,-0.6,-1.5
-0.6,-0.6,-1.5
-0.6,-0.6,-1.5
-0.6,-0.6,-1.5
-0.6,-0.6,-1.5
-0.6,-0.6,-1.5
-0.6,-0.6,-1.5
-0.6,-0.6,-1.5
-0.6,-0.6,-1.5
-0.6,-0.6,-1.5
-0.6,-0.6,-1.5
-0.6,-0.6,-1.5
-0.6,-0.6,-1.5
-0.6,-0.6,-1.5
-0.6,-0.6,-1.5
-0.6,-0.6,-1.5
-0.6,-0.6,-1.5
-0.6,-0.6,-1.5
-0.6,-0.6,-1.5
-0.6,-0.6,-1.5
-0.6,-0.6,-1.5
-0.6,-0.6,-1.5
-0.6,-0.6,-1.5
-0.6,-0.6,-1.5
-0.6,-0.6,-1.5
-0.6,-0.6,-1.5
-0.6,-0.6,-1.5
-0.6,-0.6,-1.5
-0.6,-0.6,-1.5
-0.6,-0.6,-1.5
-0.6,-0.6,-1.5
-0.6,-0.6,-1.5
-0.6,-0.6,-1.5
-0.6,-0.6,-1.5
-0.6,-0.6,-1.5
-0.6,-0.6,-1.5
-0.6,-0.6,-1.5
-0.6,-0.6,-1.5
-0.6,-0.6,-1.5
-0.6,-0.6,-1.5
-0.6,-0.6,-1.5
-0.6,-0.6,-1.5
-0.6,-0.6,-1.5
-0.6,-0.6,-1.5
-0.6,-0.6,-1.5
-0.6,-0.6,-1.5
-0.6,-0.6,-1.5
-0.6,-0.6,-1.5
-0.6,-0.6,-1.5
-0.6,-0.6,-1.5
-0.6,-0.6,-1.5
-0.6,-0.6,-1.5
-0.6,-0.6,-1.5
-0.6,-0.6,-1.5
-0.6,-0.6,-1.5
-0.6,-0.6,-1.5
-0.6,-0.6,-1.5
-0.6,-0.6,-1.5
-0.6,-0.6,-1.5
-0.6,-0.6,-1.5
-0.6,-0.6,-1.5
-0.6,-0.6,-1.5
-0.6,-0.6,-1.5
-0.6,-0.6,-1.5
-0.6,-0.6,-1.5
-0.6,-0.6,-1.5
-0.6,-0.6,-1.5
-0.6,-0.6,-1.5
-0.6,-0.6,-1.5
-0.6,-0.6,-1.5
-0.6,-0.6,-1.5
-0.6,-0.6,-1.5
-0.6,-0.6,-1.5
-0.6,-0.6,-1.5
-0.6,-0.6,-1.5
-0.6,-0.6,-1.5
-0.6,-0.6,-1.5
-0.6,-0.6,-1.5
-0.6,-0.6,-1.5
-0.6,-0.6,-1.5
-0.6,-0.6,-1.5
-0.6,-0.6,-1.5
-0.6,-0.6,-1.5
-0.6,-0.6,-1.5
-0.6,-0.6,-1.5
-0.6,-0.6,-1.5
-0.6,-0.6,-1.5
-0.6,-0.6,-1.5
-0.6,-0.6,-1.5
-0.6,-0.6,-1.5
-0.6,-0.6,-1.5
-0.6,-0.6,-1.5
-0.6,-0.6,-1.5
-0.6,-0.6,-1.5
-0.6,-0.6,-1.5
-0.6,-0.6,-1.5
-0.6,-0.6,-1.5
-0.6,-0.6,-1.5
-0.6,-0.6,-1.5
-0.6,-0.6,-1.5
-0.6,-0.6,-1.5
-0.6,-0.6,-1.5
-0.6,-0.6,-1.5
-0.6,-0.6,-1.5
-0.6,-0.6,-1.5
-0.6,-0.6,-1.5
-0.6,-0.6,-1.5
-0.6,-0.6,-1.5
-0.6,-0.6,-1.5
-0.6,-0.6,-1.5
-0.6,-0.6,-1.5
-0.6,-0.6,-1.5
-0.6,-0.6,-1.5
-0.6,-0.6,-1.5
-0.6,-0.6,-1.5
-0.6,-0.6,-1.5
-0.6,-0.6,-1.5
-0.6,-0.6,-1.5
-0.6,-0.6,-1.5
-0.6,-0.6,-1.5
-0.6,-0.6,-1.5
-0.6,-0.6,-1.5
-0.6,-0.6,-1.5
-0.6,-0.6,-1.5
-0.6,-0.6,-1.5
-0.6,-0.6,-1.5
-0.6,-0.6,-1.5
-0.6,-0.6,-1.5
-0.6,-0.6,-1.5
-0.6,-0.6,-1.5
-0.6,-0.6,-1.5
-0.6,-0.6,-1.5
-0.6,-0.6,-1.5
-0.6,-0.6,-1.5
-0.6,-0.6,-1.5
-0.6,-0.6,-1.5
-0.6,-0.6,-1.5
-0.6,-0.6,-1.5
-0.6,-0.6,-1.5
-0.6,-0.6,-1.5
-0.6,-0.6,-1.5
-0.6,-0.6,-1.5
-0.6,-0.6,-1.5
-0.6,-0.6,-1.5
-0.6,-0.6,-1.5
-0.6,-0.6,-1.5
-0.6,-0.6,-1.5
-0.6,-0.6,-1.5
-0.6,-0.6,-1.5
-0.6,-0.6,-1.5
-0.6,-0.6,-1.5
-0.6,-0.6,-1.5
-0.6,-0.6,-1.5
-0.6,-0.6,-1.5
-0.6,-0.6,-1.5
-0.6,-0.6,-1.5
-0.6,-0.6,-1.5
-0.6,-0.6,-1.5
-0.6,-0.6,-1.5
-0.6,-0.6,-1.5
-0.6,-0.6,-1.5
-0.6,-0.6,-1.5
-0.6,-0.6,-1.5
-0.6,-0.6,-1.5
-0.6,-0.6,-1.5
-0.6,-0.6,-1.5
-0.6,-0.6,-1.5
-0.6,-0.6,-1.5
-0.6,-0.6,-1.5
-0.6,-0.6,-1.5
-0.6,-0.6,-1.5
-0.6,-0.6,-1.5
-0.6,-0.6,-1.5
-0.6,-0.6,-1.5
-0.6,-0.6,-1.5
-0.6,-0.6,-1.5
-0.6,-0.6,-1.5
-0.6,-0.6,-1.5
-0.6,-0.6,-1.5
-0.6,-0.6,-1.5
-0.6,-0.6,-1.5
-0.6,-0.6,-1.5
-0.6,-0.6,-1.5
-0.6,-0.6,-1.5
-0.6,-0.6,-1.5
-0.6,-0.6,-1.5
-0.6,-0.6,-1.5
-0.6,-0.6,-1.5
-0.6,-0.6,-1.5
-0.6,-0.6,-1.5
-0.6,-0.6,-1.5
-0.6,-0.6,-1.5
-0.6,-0.6,-1.5
-0.6,-0.6,-1.5
-0.6,-0.6,-1.5
-0.6,-0.6,-1.5
-0.6,-0.6,-1.5
-0.6,-0.6,-1.5
-0.6,-0.6,-1.5
-0.6,-0.6,-1.5
-0.6,-0.6,-1.5
-0.6,-0.6,-1.5
-0.6,-0.6,-1.5
-0.6,-0.6,-1.5
-0.6,-0.6,-1.5
-0.6,-0.6,-1.5
-0.6,-0.6,-1.5
-0.6,-0.6,-1.5
-0.6,-0.6,-1.5
-0.6,-0.6,-1.5
-0.6,-0.6,-1.5
-0.6,-0.6,-1.5
-0.6,-0.6,-1.5
-0.6,-0.6,-1.5
-0.6,-0.6,-1.5
-0.6,-0.6,-1.5
-0.6,-0.6,-1.5
-0.6,-0.6,-1.5
-0.6,-0.6,-1.5
-0.6,-0.6,-1.5
-0.6,-0.6,-1.5
-0.6,-0.6,-1.5
-0.6,-0.6,-1.5
-0.6,-0.6,-1.5
-0.6,-0.6,-1.5
-0.6,-0.6,-1.5
-0.6,-0.6,-1.5
-0.6,-0.6,-1.5
-0.6,-0.6,-1.5
-0.6,-0.6,-1.5
-0.6,-0.6,-1.5
-0.6,-0.6,-1.5
-0.6,-0.6,-1.5
-0.6,-0.6,-1.5
-0.6,-0.6,-1.5
-0.6,-0.6,-1.5
-0.6,-0.6,-1.5
-0.6,-0.6,-1.5
-0.6,-0.6,-1.5
-0.6,-0.6,-1.5
-0.6,-0.6,-1.5
-0.6,-0.6,-1.5
-0.6,-0.6,-1.5
-0.6,-0.6,-1.5
-0.6,-0.6,-1.5
-0.6,-0.6,-1.5
-0.6,-0.6,-1.5
-0.6,-0.6,-1.5
-0.6,-0.6,-1.5
-0.6,-0.6,-1.5
-0.6,-0.6,-1.5
-0.6,-0.6,-1.5
-0.6,-0.6,-1.5
-0.6,-0.6,-1.5
-0.6,-0.6,-1.5
-0.6,-0.6,-1.5
-0.6,-0.6,-1.5
-0.6,-0.6,-1.5
-0.6,-0.6,-1.5
-0.6,-0.6,-1.5
-0.6,-0.6,-1.5
-0.6,-0.6,-1.5
-0.6,-0.6,-1.5
-0.6,-0.6,-1.5
-0.6,-0.6,-1.5
-0.6,-0.6,-1.5
-0.6,-0.6,-1.5
-0.6,-0.6,-1.5
-0.6,-0.6,-1.5
-0.6,-0.6,-1.5
-0.6,-0.6,-1.5
-0.6,-0.6,-1.5
-0.6,-0.6,-1.5
-0.6,-0.6,-1.5
-0.6,-0.6,-1.5
-0.6,-0.6,-1.5
-0.6,-0.6,-1.5
-0.6,-0.6,-1.5
-0.6,-0.6,-1.5
-0.6,-0.6,-1.5
-0.6,-0.6,-1.5
-0.6,-0.6,-1.5
-0.6,-0.6,-1.5
-0.6,-0.6,-1.5
-0.6,-0.6,-1.5
-0.6,-0.6,-1.5
-0.6,-0.6,-1.5
-0.6,-0.6,-1.5
-0.6,-0.6,-1.5
-0.6,-0.6,-1.5
-0.6,-0.6,-1.5
-0.6,-0.6,-1.5
-0.6,-0.6,-1.5
-0.6,-0.6,-1.5
-0.6,-0.6,-1.5
-0.6,-0.6,-1.5
-0.6,-0.6,-1.5
-0.6,-0.6,-1.5
-0.6,-0.6,-1.5
-0.6,-0.6,-1.5
-0.6,-0.6,-1.5
-0.6,-0.6,-1.5
-0.6,-0.6,-1.5
-0.6,-0.6,-1.5
-0.6,-0.6,-1.5
-0.6,-0.6,-1.5
-0.6,-0.6,-1.5
-0.6,-0.6,-1.5
-0.6,-0.6,-1.5
-0.6,-0.6,-1.5
-0.6,-0.6,-1.5
-0.6,-0.6,-1.5
-0.6,-0.6,-1.5
-0.6,-0.6,-1.5
-0.6,-0.6,-1.5
-0.6,-0.6,-1.5
-0.6,-0.6,-1.5
-0.6,-0.6,-1.5
-0.6,-0.6,-1.5
-0.6,-0.6,-1.5
-0.6,-0.6,-1.5
-0.6,-0.6,-1.5
-0.6,-0.6,-1.5
-0.6,-0.6,-1.5
-0.6,-0.6,-1.5
-0.6,-0.6,-1.5
-0.6,-0.6,-1.5
-0.6,-0.6,-1.5
-0.6,-0.6,-1.5
-0.6,-0.6,-1.5
-0.6,-0.6,-1.5
-0.6,-0.6,-1.5
-0.6,-0.6,-1.5
-0.6,-0.6,-1.5
-0.6,-0.6,-1.5
-0.6,-0.6,-1.5
-0.6,-0.6,-1.5
-0.6,-0.6,-1.5
-0.6,-0.6,-1.5
-0.6,-0.6,-1.5
-0.6,-0.6,-1.5
-0.6,-0.6,-1.5
-0.6,-0.6,-1.5
-0.6,-0.6,-1.5
-0.6,-0.6,-1.5
-0.6,-0.6,-1.5
-0.6,-0.6,-1.5
-0.6,-0.6,-1.5
-0.6,-0.6,-1.5
-0.6,-0.6,-1.5
-0.6,-0.6,-1.5
-0.6,-0.6,-1.5
-0.6,-0.6,-1.5
-0.6,-0.6,-1.5
-0.6,-0.6,-1.5
-0.6,-0.6,-1.5
-0.6,-0.6,-1.5
-0.6,-0.6,-1.5
-0.6,-0.6,-1.5
-0.6,-0.6,-1.5
-0.6,-0.6,-1.5
-0.6,-0.6,-1.5
-0.6,-0.6,-1.5
-0.6,-0.6,-1.5
-0.6,-0.6,-1.5
-0.6,-0.6,-1.5
-0.6,-0.6,-1.5
-0.6,-0.6,-1.5
-0.6,-0.6,-1.5
-0.6,-0.6,-1.5
-0.6,-0.6,-1.5
-0.6,-0.6,-1.5
-0.6,-0.6,-1.5
-0.6,-0.6,-1.5
-0.6,-0.6,-1.5
-0.6,-0.6,-1.5
-0.6,-0.6,-1.5
-0.6,-0.6,-1.5
-0.6,-0.6,-1.5
-0.6,-0.6,-1.5
-0.6,-0.6,-1.5
-0.6,-0.6,-1.5
-0.6,-0.6,-1.5
-0.6,-0.6,-1.5
-0.6,-0.6,-1.5
-0.6,-0.6,-1.5
-0.6,-0.6,-1.5
-0.6,-0.6,-1.5
-0.6,-0.6,-1.5
-0.6,-0.6,-1.5
-0.6,-0.6,-1.5
-0.6,-0.6,-1.5
-0.6,-0.6,-1.5
-0.6,-0.6,-1.5
-0.6,-0.6,-1.5
-0.6,-0.6,-1.5
-0.6,-0.6,-1.5
-0.6,-0.6,-1.5
-0.6,-0.6,-1.5
-0.6,-0.6,-1.5
-0.6,-0.6,-1.5
-0.6,-0.6,-1.5
-0.6,-0.6,-1.5
-0.6,-0.6,-1.5
-0.6,-0.6,-1.5
-0.6,-0.6,-1.5
-0.6,-0.6,-1.5
-0.6,-0.6,-1.5
-0.6,-0.6,-1.5
-0.6,-0.6,-1.5
-0.6,-0.6,-1.5
-0.6,-0.6,-1.5
-0.6,-0.6,-1.5
-0.6,-0.6,-1.5
-0.6,-0.6,-1.5
-0.6,-0.6,-1.5
-0.6,-0.6,-1.5
-0.6,-0.6,-1.5
-0.6,-0.6,-1.5
-0.6,-0.6,-1.5
-0.6,-0.6,-1.5
-0.6,-0.6,-1.5
-0.6,-0.6,-1.5
-0.6,-0.6,-1.5
-0.6,-0.6,-1.5
-0.6,-0.6,-1.5
-0.6,-0.6,-1.5
-0.6,-0.6,-1.5
-0.6,-0.6,-1.5
-0.6,-0.6,-1.5
-0.6,-0.6,-1.5
-0.6,-0.6,-1.5
-0.6,-0.6,-1.5
-0.6,-0.6,-1.5
-0.6,-0.6,-1.5
-0.6,-0.6,-1.5
-0.6,-0.6,-1.5
-0.6,-0.6,-1.5
-0.6,-0.6,-1.5
-0.6,-0.6,-1.5
-0.6,-0.6,-1.5
-0.6,-0.6,-1.5
-0.6,-0.6,-1.5
-0.6,-0.6,-1.5
-0.6,-0.6,-1.5
-0.6,-0.6,-1.5
-0.6,-0.6,-1.5
-0.6,-0.6,-1.5
-0.6,-0.6,-1.5
-0.6,-0.6,-1.5
-0.6,-0.6,-1.5
-0.6,-0.6,-1.5
-0.6,-0.6,-1.5
-0.6,-0.6,-1.5
-0.6,-0.6,-1.5
-0.6,-0.6,-1.5
-0.6,-0.6,-1.5
-0.6,-0.6,-1.5
-0.6,-0.6,-1.5
-0.6,-0.6,-1.5
-0.6,-0.6,-1.5
-0.6,-0.6,-1.5
-0.6,-0.6,-1.5
-0.6,-0.6,-1.5
-0.6,-0.6,-1.5
-0.6,-0.6,-1.5
-0.6,-0.6,-1.5
-0.6,-0.6,-1.5
-0.6,-0.6,-1.5
-0.6,-0.6,-1.5
-0.6,-0.6,-1.5
-0.6,-0.6,-1.5
-0.6,-0.6,-1.5
-0.6,-0.6,-1.5
-0.6,-0.6,-1.5
-0.6,-0.6,-1.5
-0.6,-0.6,-1.5
-0.6,-0.6,-1.5
-0.6,-0.6,-1.5
-0.6,-0.6,-1.5
-0.6,-0.6,-1.5
-0.6,-0.6,-1.5
-0.6,-0.6,-1.5
-0.6,-0.6,-1.5
-0.6,-0.6,-1.5
-0.6,-0.6,-1.5
-0.6,-0.6,-1.5
-0.6,-0.6,-1.5
-0.6,-0.6,-1.5
-0.6,-0.6,-1.5
-0.6,-0.6,-1.5
-0.6,-0.6,-1.5
-0.6,-0.6,-1.5
-0.6,-0.6,-1.5
-0.6,-0.6,-1.5
-0.6,-0.6,-1.5
-0.6,-0.6,-1.5
-0.6,-0.6,-1.5
-0.6,-0.6,-1.5
-0.6,-0.6,-1.5
-0.6,-0.6,-1.5
-0.6,-0.6,-1.5
-0.6,-0.6,-1.5
-0.6,-0.6,-1.5
-0.6,-0.6,-1.5
-0.6,-0.6,-1.5
-0.6,-0.6,-1.5
-0.6,-0.6,-1.5
-0.6,-0.6,-1.5
-0.6,-0.6,-1.5
-0.6,-0.6,-1.5
-0.6,-0.6,-1.5
-0.6,-0.6,-1.5
-0.6,-0.6,-1.5
-0.6,-0.6,-1.5
-0.6,-0.6,-1.5
-0.6,-0.6,-1.5
-0.6,-0.6,-1.5
-0.6,-0.6,-1.5
-0.6,-0.6,-1.5
-0.6,-0.6,-1.5
-0.6,-0.6,-1.5
-0.6,-0.6,-1.5
-0.6,-0.6,-1.5
-0.6,-0.6,-1.5
-0.6,-0.6,-1.5
-0.6,-0.6,-1.5
-0.6,-0.6,-1.5
-0.6,-0.6,-1.5
-0.6,-0.6,-1.5
-0.6,-0.6,-1.5
-0.6,-0.6,-1.5
-0.6,-0.6,-1.5
-0.6,-0.6,-1.5
-0.6,-0.6,-1.5
-0.6,-0.6,-1.5
-0.6,-0.6,-1.5
-0.6,-0.6,-1.5
-0.6,-0.6,-1.5
-0.6,-0.6,-1.5
-0.6,-0.6,-1.5
-0.6,-0.6,-1.5
-0.6,-0.6,-1.5
-0.6,-0.6,-1.5
-0.6,-0.6,-1.5
-0.6,-0.6,-1.5
-0.6,-0.6,-1.5
-0.6,-0.6,-1.5
-0.6,-0.6,-1.5
-0.6,-0.6,-1.5
-0.6,-0.6,-1.5
-0.6,-0.6,-1.5
-0.6,-0.6,-1.5
-0.6,-0.6,-1.5
-0.6,-0.6,-1.5
-0.6,-0.6,-1.5
-0.6,-0.6,-1.5
-0.6,-0.6,-1.5
-0.6,-0.6,-1.5
-0.6,-0.6,-1.5
-0.6,-0.6,-1.5
-0.6,-0.6,-1.5
-0.6,-0.6,-1.5
-0.6,-0.6,-1.5
-0.6,-0.6,-1.5
-0.6,-0.6,-1.5
-0.6,-0.6,-1.5
-0.6,-0.6,-1.5
-0.6,-0.6,-1.5
-0.6,-0.6,-1.5
-0.6,-0.6,-1.5
-0.6,-0.6,-1.5
-0.6,-0.6,-1.5
-0.6,-0.6,-1.5
-0.6,-0.6,-1.5
-0.6,-0.6,-1.5
-0.6,-0.6,-1.5
-0.6,-0.6,-1.5
-0.6,-0.6,-1.5
-0.6,-0.6,-1.5
-0.6,-0.6,-1.5
-0.6,-0.6,-1.5
-0.6,-0.6,-1.5
-0.6,-0.6,-1.5
-0.6,-0.6,-1.5
-0.6,-0.6,-1.5
-0.6,-0.6,-1.5
-0.6,-0.6,-1.5
-0.6,-0.6,-1.5
-0.6,-0.6,-1.5
-0.6,-0.6,-1.5
-0.6,-0.6,-1.5
-0.6,-0.6,-1.5
-0.6,-0.6,-1.5
-0.6,-0.6,-1.5
-0.6,-0.6,-1.5
-0.6,-0.6,-1.5
-0.6,-0.6,-1.5
-0.6,-0.6,-1.5
-0.6,-0.6,-1.5
-0.6,-0.6,-1.5
-0.6,-0.6,-1.5
-0.6,-0.6,-1.5
-0.6,-0.6,-1.5
-0.6,-0.6,-1.5
-0.6,-0.6,-1.5
-0.6,-0.6,-1.5
-0.6,-0.6,-1.5
-0.6,-0.6,-1.5
-0.6,-0.6,-1.5
-0.6,-0.6,-1.5
-0.6,-0.6,-1.5
-0.6,-0.6,-1.5
-0.6,-0.6,-1.5
-0.6,-0.6,-1.5
-0.6,-0.6,-1.5
-0.6,-0.6,-1.5
-0.6,-0.6,-1.5
-0.6,-0.6,-1.5
-0.6,-0.6,-1.5
-0.6,-0.6,-1.5
-0.6,-0.6,-1.5
-0.6,-0.6,-1.5
-0.6,-0.6,-1.5
-0.6,-0.6,-1.5
-0.6,-0.6,-1.5
-0.6,-0.6,-1.5
-0.6,-0.6,-1.5
-0.6,-0.6,-1.5
-0.6,-0.6,-1.5
-0.6,-0.6,-1.5
-0.6,-0.6,-1.5
-0.6,-0.6,-1.5
-0.6,-0.6,-1.5
-0.6,-0.6,-1.5
-0.6,-0.6,-1.5
-0.6,-0.6,-1.5
-0.6,-0.6,-1.5
-0.6,-0.6,-1.5
-0.6,-0.6,-1.5
-0.6,-0.6,-1.5
-0.6,-0.6,-1.5
-0.6,-0.6,-1.5
-0.6,-0.6,-1.5
-0.6,-0.6,-1.5
-0.6,-0.6,-1.5
-0.6,-0.6,-1.5
-0.6,-0.6,-1.5
-0.6,-0.6,-1.5
-0.6,-0.6,-1.5
-0.6,-0.6,-1.5
-0.6,-0.6,-1.5
-0.6,-0.6,-1.5
-0.6,-0.6,-1.5
-0.6,-0.6,-1.5
-0.6,-0.6,-1.5
-0.6,-0.6,-1.5
-0.6,-0.6,-1.5
-0.6,-0.6,-1.5
-0.6,-0.6,-1.5
-0.6,-0.6,-1.5
-0.6,-0.6,-1.5
-0.6,-0.6,-1.5
-0.6,-0.6,-1.5
-0.6,-0.6,-1.5
-0.6,-0.6,-1.5
-0.6,-0.6,-1.5
-0.6,-0.6,-1.5
-0.6,-0.6,-1.5
-0.6,-0.6,-1.5
-0.6,-0.6,-1.5
-0.6,-0.6,-1.5
-0.6,-0.6,-1.5
-0.6,-0.6,-1.5
-0.6,-0.6,-1.5
-0.6,-0.6,-1.5
-0.6,-0.6,-1.5
-0.6,-0.6,-1.5
-0.6,-0.6,-1.5
-0.6,-0.6,-1.5
-0.6,-0.6,-1.5
-0.6,-0.6,-1.5
-0.6,-0.6,-1.5
-0.6,-0.6,-1.5
-0.6,-0.6,-1.5
-0.6,-0.6,-1.5
-0.6,-0.6,-1.5
-0.6,-0.6,-1.5
-0.6,-0.6,-1.5
-0.6,-0.6,-1.5
-0.6,-0.6,-1.5
-0.6,-0.6,-1.5
-0.6,-0.6,-1.5
-0.6,-0.6,-1.5
-0.6,-0.6,-1.5
-0.6,-0.6,-1.5
-0.6,-0.6,-1.5
-0.6,-0.6,-1.5
-0.6,-0.6,-1.5
-0.6,-0.6,-1.5
-0.6,-0.6,-1.5
-0.6,-0.6,-1.5
-0.6,-0.6,-1.5
-0.6,-0.6,-1.5
-0.6,-0.6,-1.5
-0.6,-0.6,-1.5
-0.6,-0.6,-1.5
-0.6,-0.6,-1.5
-0.6,-0.6,-1.5
-0.6,-0.6,-1.5
-0.6,-0.6,-1.5
-0.6,-0.6,-1.5
-0.6,-0.6,-1.5
-0.6,-0.6,-1.5
-0.6,-0.6,-1.5
-0.6,-0.6,-1.5
-0.6,-0.6,-1.5
-0.6,-0.6,-1.5
-0.6,-0.6,-1.5
-0.6,-0.6,-1.5
-0.6,-0.6,-1.5
-0.6,-0.6,-1.5
-0.6,-0.6,-1.5
-0.6,-0.6,-1.5
-0.6,-0.6,-1.5
-0.6,-0.6,-1.5
-0.6,-0.6,-1.5
-0.6,-0.6,-1.5
-0.6,-0.6,-1.5
-0.6,-0.6,-1.5
-0.6,-0.6,-1.5
-0.6,-0.6,-1.5
-0.6,-0.6,-1.5
-0.6,-0.6,-1.5
-0.6,-0.6,-1.5
-0.6,-0.6,-1.5
-0.6,-0.6,-1.5
-0.6,-0.6,-1.5
-0.6,-0.6,-1.5
-0.6,-0.6,-1.5
-0.6,-0.6,-1.5
-0.6,-0.6,-1.5
-0.6,-0.6,-1.5
-0.6,-0.6,-1.5
-0.6,-0.6,-1.5
-0.6,-0.6,-1.5
-0.6,-0.6,-1.5
-0.6,-0.6,-1.5
-0.6,-0.6,-1.5
-0.6,-0.6,-1.5
-0.6,-0.6,-1.5
-0.6,-0.6,-1.5
-0.6,-0.6,-1.5
-0.6,-0.6,-1.5
-0.6,-0.6,-1.5
-0.6,-0.6,-1.5
-0.6,-0.6,-1.5
-0.6,-0.6,-1.5
-0.6,-0.6,-1.5
-0.6,-0.6,-1.5
-0.6,-0.6,-1.5
-0.6,-0.6,-1.5
-0.6,-0.6,-1.5
-0.6,-0.6,-1.5
-0.6,-0.6,-1.5
-0.6,-0.6,-1.5
-0.6,-0.6,-1.5
-0.6,-0.6,-1.5
-0.6,-0.6,-1.5
-0.6,-0.6,-1.5
-0.6,-0.6,-1.5
-0.6,-0.6,-1.5
-0.6,-0.6,-1.5
-0.6,-0.6,-1.5
-0.6,-0.6,-1.5
-0.6,-0.6,-1.5
-0.6,-0.6,-1.5
-0.6,-0.6,-1.5
-0.6,-0.6,-1.5
-0.6,-0.6,-1.5
-0.6,-0.6,-1.5
-0.6,-0.6,-1.5
-0.6,-0.6,-1.5
-0.6,-0.6,-1.5
-0.6,-0.6,-1.5
-0.6,-0.6,-1.5
-0.6,-0.6,-1.5
-0.6,-0.6,-1.5
-0.6,-0.6,-1.5
-0.6,-0.6,-1.5
-0.6,-0.6,-1.5
-0.6,-0.6,-1.5
-0.6,-0.6,-1.5
-0.6,-0.6,-1.5
-0.6,-0.6,-1.5
-0.6,-0.6,-1.5
-0.6,-0.6,-1.5
-0.6,-0.6,-1.5
-0.6,-0.6,-1.5
-0.6,-0.6,-1.5
-0.6,-0.6,-1.5
-0.6,-0.6,-1.5
-0.6,-0.6,-1.5
-0.6,-0.6,-1.5
-0.6,-0.6,-1.5
-0.6,-0.6,-1.5
-0.6,-0.6,-1.5
-0.6,-0.6,-1.5
-0.6,-0.6,-1.5
-0.6,-0.6,-1.5
-0.6,-0.6,-1.5
-0.6,-0.6,-1.5
-0.6,-0.6,-1.5
-0.6,-0.6,-1.5
-0.6,-0.6,-1.5
-0.6,-0.6,-1.5
-0.6,-0.6,-1.5
-0.6,-0.6,-1.5
-0.6,-0.6,-1.5
-0.6,-0.6,-1.5
-0.6,-0.6,-1.5
-0.6,-0.6,-1.5
-0.6,-0.6,-1.5
-0.6,-0.6,-1.5
-0.6,-0.6,-1.5
-0.6,-0.6,-1.5
-0.6,-0.6,-1.5
-0.6,-0.6,-1.5
-0.6,-0.6,-1.5
-0.6,-0.6,-1.5
-0.6,-0.6,-1.5
-0.6,-0.6,-1.5
-0.6,-0.6,-1.5
-0.6,-0.6,-1.5
-0.6,-0.6,-1.5
-0.6,-0.6,-1.5
-0.6,-0.6,-1.5
-0.6,-0.6,-1.5
-0.6,-0.6,-1.5
-0.6,-0.6,-1.5
-0.6,-0.6,-1.5
-0.6,-0.6,-1.5
-0.6,-0.6,-1.5
-0.6,-0.6,-1.5
-0.6,-0.6,-1.5
-0.6,-0.6,-1.5
-0.6,-0.6,-1.5
-0.6,-0.6,-1.5
-0.6,-0.6,-1.5
-0.6,-0.6,-1.5
-0.6,-0.6,-1.5
-0.6,-0.6,-1.5
-0.6,-0.6,-1.5
-0.6,-0.6,-1.5
-0.6,-0.6,-1.5
-0.6,-0.6,-1.5
-0.6,-0.6,-1.5
-0.6,-0.6,-1.5
-0.6,-0.6,-1.5
-0.6,-0.6,-1.5
-0.6,-0.6,-1.5
-0.6,-0.6,-1.5
-0.6,-0.6,-1.5
-0.6,-0.6,-1.5
-0.6,-0.6,-1.5
-0.6,-0.6,-1.5
-0.6,-0.6,-1.5
-0.6,-0.6,-1.5
-0.6,-0.6,-1.5
-0.6,-0.6,-1.5
-0.6,-0.6,-1.5
-0.6,-0.6,-1.5
-0.6,-0.6,-1.5
-0.6,-0.6,-1.5
-0.6,-0.6,-1.5
-0.6,-0.6,-1.5
-0.6,-0.6,-1.5
-0.6,-0.6,-1.5
-0.6,-0.6,-1.5
-0.6,-0.6,-1.5
-0.6,-0.6,-1.5
-0.6,-0.6,-1.5
-0.6,-0.6,-1.5
-0.6,-0.6,-1.5
-0.6,-0.6,-1.5
-0.6,-0.6,-1.5
-0.6,-0.6,-1.5
-0.6,-0.6,-1.5
-0.6,-0.6,-1.5
-0.6,-0.6,-1.5
-0.6,-0.6,-1.5
-0.6,-0.6,-1.5
-0.6,-0.6,-1.5
-0.6,-0.6,-1.5
-0.6,-0.6,-1.5
-0.6,-0.6,-1.5
-0.6,-0.6,-1.5
-0.6,-0.6,-1.5
-0.6,-0.6,-1.5
-0.6,-0.6,-1.5
-0.6,-0.6,-1.5
-0.6,-0.6,-1.5
-0.6,-0.6,-1.5
-0.6,-0.6,-1.5
-0.6,-0.6,-1.5
-0.6,-0.6,-1.5
-0.6,-0.6,-1.5
-0.6,-0.6,-1.5
-0.6,-0.6,-1.5
-0.6,-0.6,-1.5
-0.6,-0.6,-1.5
-0.6,-0.6,-1.5
-0.6,-0.6,-1.5
-0.6,-0.6,-1.5
-0.6,-0.6,-1.5
-0.6,-0.6,-1.5
-0.6,-0.6,-1.5
-0.6,-0.6,-1.5
-0.6,-0.6,-1.5
-0.6,-0.6,-1.5
-0.6,-0.6,-1.5
-0.6,-0.6,-1.5
-0.6,-0.6,-1.5
-0.6,-0.6,-1.5
-0.6,-0.6,-1.5
-0.6,-0.6,-1.5
-0.6,-0.6,-1.5
-0.6,-0.6,-1.5
-0.6,-0.6,-1.5
-0.6,-0.6,-1.5
-0.6,-0.6,-1.5
-0.6,-0.6,-1.5
-0.6,-0.6,-1.5
-0.6,-0.6,-1.5
-0.6,-0.6,-1.5
-0.6,-0.6,-1.5
-0.6,-0.6,-1.5
-0.6,-0.6,-1.5
-0.6,-0.6,-1.5
-0.6,-0.6,-1.5
-0.6,-0.6,-1.5
-0.6,-0.6,-1.5
-0.6,-0.6,-1.5
-0.6,-0.6,-1.5
-0.6,-0.6,-1.5
-0.6,-0.6,-1.5
-0.6,-0.6,-1.5
-0.6,-0.6,-1.5
-0.6,-0.6,-1.5
-0.6,-0.6,-1.5
-0.6,-0.6,-1.5
-0.6,-0.6,-1.5
-0.6,-0.6,-1.5
-0.6,-0.6,-1.5
-0.6,-0.6,-1.5
-0.6,-0.6,-1.5
-0.6,-0.6,-1.5
-0.6,-0.6,-1.5
-0.6,-0.6,-1.5
-0.6,-0.6,-1.5
-0.6,-0.6,-1.5
-0.6,-0.6,-1.5
-0.6,-0.6,-1.5
-0.6,-0.6,-1.5
-0.6,-0.6,-1.5
-0.6,-0.6,-1.5
-0.6,-0.6,-1.5
-0.6,-0.6,-1.5
-0.6,-0.6,-1.5
-0.6,-0.6,-1.5
-0.6,-0.6,-1.5
-0.6,-0.6,-1.5
-0.6,-0.6,-1.5
-0.6,-0.6,-1.5
-0.6,-0.6,-1.5
-0.6,-0.6,-1.5
-0.6,-0.6,-1.5
-0.6,-0.6,-1.5
-0.6,-0.6,-1.5
-0.6,-0.6,-1.5
-0.6,-0.6,-1.5
-0.6,-0.6,-1.5
-0.6,-0.6,-1.5
-0.6,-0.6,-1.5
-0.6,-0.6,-1.5
-0.6,-0.6,-1.5
-0.6,-0.6,-1.5
-0.6,-0.6,-1.5
-0.6,-0.6,-1.5
-0.6,-0.6,-1.5
-0.6,-0.6,-1.5
-0.6,-0.6,-1.5
-0.6,-0.6,-1.5
-0.6,-0.6,-1.5
-0.6,-0.6,-1.5
-0.6,-0.6,-1.5
-0.6,-0.6,-1.5
-0.6,-0.6,-1.5
-0.6,-0.6,-1.5
-0.6,-0.6,-1.5
-0.6,-0.6,-1.5
-0.6,-0.6,-1.5
-0.6,-0.6,-1.5
-0.6,-0.6,-1.5
-0.6,-0.6,-1.5
-0.6,-0.6,-1.5
-0.6,-0.6,-1.5
-0.6,-0.6,-1.5
-0.6,-0.6,-1.5
-0.6,-0.6,-1.5
-0.6,-0.6,-1.5
-0.6,-0.6,-1.5
-0.6,-0.6,-1.5
-0.6,-0.6,-1.5
-0.6,-0.6,-1.5
-0.6,-0.6,-1.5
-0.6,-0.6,-1.5
-0.6,-0.6,-1.5
-0.6,-0.6,-1.5
-0.6,-0.6,-1.5
-0.6,-0.6,-1.5
-0.6,-0.6,-1.5
-0.6,-0.6,-1.5
-0.6,-0.6,-1.5
-0.6,-0.6,-1.5
-0.6,-0.6,-1.5
-0.6,-0.6,-1.5
-0.6,-0.6,-1.5
-0.6,-0.6,-1.5
-0.6,-0.6,-1.5
-0.6,-0.6,-1.5
-0.6,-0.6,-1.5
-0.6,-0.6,-1.5
-0.6,-0.6,-1.5
-0.6,-0.6,-1.5
-0.6,-0.6,-1.5
-0.6,-0.6,-1.5
-0.6,-0.6,-1.5
-0.6,-0.6,-1.5
-0.6,-0.6,-1.5
-0.6,-0.6,-1.5
-0.6,-0.6,-1.5
-0.6,-0.6,-1.5
-0.6,-0.6,-1.5
-0.6,-0.6,-1.5
-0.6,-0.6,-1.5
-0.6,-0.6,-1.5
-0.6,-0.6,-1.5
-0.6,-0.6,-1.5
-0.6,-0.6,-1.5
-0.6,-0.6,-1.5
-0.6,-0.6,-1.5
-0.6,-0.6,-1.5
-0.6,-0.6,-1.5
-0.6,-0.6,-1.5
-0.6,-0.6,-1.5
-0.6,-0.6,-1.5
-0.6,-0.6,-1.5
-0.6,-0.6,-1.5
-0.6,-0.6,-1.5
-0.6,-0.6,-1.5
-0.6,-0.6,-1.5
-0.6,-0.6,-1.5
-0.6,-0.6,-1.5
-0.6,-0.6,-1.5
-0.6,-0.6,-1.5
-0.6,-0.6,-1.5
-0.6,-0.6,-1.5
-0.6,-0.6,-1.5
-0.6,-0.6,-1.5
-0.6,-0.6,-1.5
-0.6,-0.6,-1.5
-0.6,-0.6,-1.5
-0.6,-0.6,-1.5
-0.6,-0.6,-1.5
-0.6,-0.6,-1.5
-0.6,-0.6,-1.5
-0.6,-0.6,-1.5
-0.6,-0.6,-1.5
-0.6,-0.6,-1.5
-0.6,-0.6,-1.5
-0.6,-0.6,-1.5
-0.6,-0.6,-1.5
-0.6,-0.6,-1.5
-0.6,-0.6,-1.5
-0.6,-0.6,-1.5
-0.6,-0.6,-1.5
-0.6,-0.6,-1.5
-0.6,-0.6,-1.5
-0.6,-0.6,-1.5
-0.6,-0.6,-1.5
-0.6,-0.6,-1.5
-0.6,-0.6,-1.5
-0.6,-0.6,-1.5
-0.6,-0.6,-1.5
-0.6,-0.6,-1.5
-0.6,-0.6,-1.5
-0.6,-0.6,-1.5
-0.6,-0.6,-1.5
-0.6,-0.6,-1.5
-0.6,-0.6,-1.5
-0.6,-0.6,-1.5
-0.6,-0.6,-1.5
-0.6,-0.6,-1.5
-0.6,-0.6,-1.5
-0.6,-0.6,-1.5
-0.6,-0.6,-1.5
-0.6,-0.6,-1.5
-0.6,-0.6,-1.5
-0.6,-0.6,-1.5
-0.6,-0.6,-1.5
-0.6,-0.6,-1.5
-0.6,-0.6,-1.5
-0.6,-0.6,-1.5
-0.6,-0.6,-1.5
-0.6,-0.6,-1.5
-0.6,-0.6,-1.5
-0.6,-0.6,-1.5
-0.6,-0.6,-1.5
-0.6,-0.6,-1.5
-0.6,-0.6,-1.5
-0.6,-0.6,-1.5
-0.6,-0.6,-1.5
-0.6,-0.6,-1.5
-0.6,-0.6,-1.5
-0.6,-0.6,-1.5
-0.6,-0.6,-1.5
-0.6,-0.6,-1.5
-0.6,-0.6,-1.5
-0.6,-0.6,-1.5
-0.6,-0.6,-1.5
-0.6,-0.6,-1.5
-0.6,-0.6,-1.5
-0.6,-0.6,-1.5
-0.6,-0.6,-1.5
-0.6,-0.6,-1.5
-0.6,-0.6,-1.5
-0.6,-0.6,-1.5
-0.6,-0.6,-1.5
-0.6,-0.6,-1.5
-0.6,-0.6,-1.5
-0.6,-0.6,-1.5
-0.6,-0.6,-1.5
-0.6,-0.6,-1.5
-0.6,-0.6,-1.5
-0.6,-0.6,-1.5
-0.6,-0.6,-1.5
-0.6,-0.6,-1.5
-0.6,-0.6,-1.5
-0.6,-0.6,-1.5
-0.6,-0.6,-1.5
-0.6,-0.6,-1.5
-0.6,-0.6,-1.5
-0.6,-0.6,-1.5
-0.6,-0.6,-1.5
-0.6,-0.6,-1.5
-0.6,-0.6,-1.5
-0.6,-0.6,-1.5
-0.6,-0.6,-1.5
-0.6,-0.6,-1.5
-0.6,-0.6,-1.5
-0.6,-0.6,-1.5
-0.6,-0.6,-1.5
-0.6,-0.6,-1.5
-0.6,-0.6,-1.5
-0.6,-0.6,-1.5
-0.6,-0.6,-1.5
-0.6,-0.6,-1.5
-0.6,-0.6,-1.5
-0.6,-0.6,-1.5
-0.6,-0.6,-1.5
-0.6,-0.6,-1.5
-0.6,-0.6,-1.5
-0.6,-0.6,-1.5
-0.6,-0.6,-1.5
-0.6,-0.6,-1.5
-0.6,-0.6,-1.5
-0.6,-0.6,-1.5
-0.6,-0.6,-1.5
-0.6,-0.6,-1.5
-0.6,-0.6,-1.5
-0.6,-0.6,-1.5
-0.6,-0.6,-1.5
-0.6,-0.6,-1.5
-0.6,-0.6,-1.5
-0.6,-0.6,-1.5
-0.6,-0.6,-1.5
-0.6,-0.6,-1.5
-0.6,-0.6,-1.5
-0.6,-0.6,-1.5
-0.6,-0.6,-1.5
-0.6,-0.6,-1.5
-0.6,-0.6,-1.5
-0.6,-0.6,-1.5
-0.6,-0.6,-1.5
-0.6,-0.6,-1.5
-0.6,-0.6,-1.5
-0.6,-0.6,-1.5
-0.6,-0.6,-1.5
-0.6,-0.6,-1.5
-0.6,-0.6,-1.5
-0.6,-0.6,-1.5
-0.6,-0.6,-1.5
-0.6,-0.6,-1.5
-0.6,-0.6,-1.5
-0.6,-0.6,-1.5
-0.6,-0.6,-1.5
-0.6,-0.6,-1.5
-0.6,-0.6,-1.5
-0.6,-0.6,-1.5
-0.6,-0.6,-1.5
-0.6,-0.6,-1.5
-0.6,-0.6,-1.5
-0.6,-0.6,-1.5
-0.6,-0.6,-1.5
-0.6,-0.6,-1.5
-0.6,-0.6,-1.5
-0.6,-0.6,-1.5
-0.6,-0.6,-1.5
-0.6,-0.6,-1.5
-0.6,-0.6,-1.5
-0.6,-0.6,-1.5
-0.6,-0.6,-1.5
-0.6,-0.6,-1.5
-0.6,-0.6,-1.5
-0.6,-0.6,-1.5
-0.6,-0.6,-1.5
-0.6,-0.6,-1.5
-0.6,-0.6,-1.5
-0.6,-0.6,-1.5
-0.6,-0.6,-1.5
-0.6,-0.6,-1.5
-0.6,-0.6,-1.5
-0.6,-0.6,-1.5
-0.6,-0.6,-1.5
-0.6,-0.6,-1.5
-0.6,-0.6,-1.5
-0.6,-0.6,-1.5
-0.6,-0.6,-1.5
-0.6,-0.6,-1.5
-0.6,-0.6,-1.5
-0.6,-0.6,-1.5
-0.6,-0.6,-1.5
-0.6,-0.6,-1.5
-0.6,-0.6,-1.5
-0.6,-0.6,-1.5
-0.6,-0.6,-1.5
-0.6,-0.6,-1.5
-0.6,-0.6,-1.5
-0.6,-0.6,-1.5
-0.6,-0.6,-1.5
-0.6,-0.6,-1.5
-0.6,-0.6,-1.5
-0.6,-0.6,-1.5
-0.6,-0.6,-1.5
-0.6,-0.6,-1.5
-0.6,-0.6,-1.5
-0.6,-0.6,-1.5
-0.6,-0.6,-1.5
-0.6,-0.6,-1.5
-0.6,-0.6,-1.5
-0.6,-0.6,-1.5
-0.6,-0.6,-1.5
-0.6,-0.6,-1.5
-0.6,-0.6,-1.5
-0.6,-0.6,-1.5
-0.6,-0.6,-1.5
-0.6,-0.6,-1.5
-0.6,-0.6,-1.5
-0.6,-0.6,-1.5
-0.6,-0.6,-1.5
-0.6,-0.6,-1.5
-0.6,-0.6,-1.5
-0.6,-0.6,-1.5
-0.6,-0.6,-1.5
-0.6,-0.6,-1.5
-0.6,-0.6,-1.5
-0.6,-0.6,-1.5
-0.6,-0.6,-1.5
-0.6,-0.6,-1.5
-0.6,-0.6,-1.5
-0.6,-0.6,-1.5
-0.6,-0.6,-1.5
-0.6,-0.6,-1.5
-0.6,-0.6,-1.5
-0.6,-0.6,-1.5
-0.6,-0.6,-1.5
-0.6,-0.6,-1.5
-0.6,-0.6,-1.5
-0.6,-0.6,-1.5
-0.6,-0.6,-1.5
-0.6,-0.6,-1.5
-0.6,-0.6,-1.5
-0.6,-0.6,-1.5
-0.6,-0.6,-1.5
-0.6,-0.6,-1.5
-0.6,-0.6,-1.5
-0.6,-0.6,-1.5
-0.6,-0.6,-1.5
-0.6,-0.6,-1.5
-0.6,-0.6,-1.5
-0.6,-0.6,-1.5
-0.6,-0.6,-1.5
-0.6,-0.6,-1.5
-0.6,-0.6,-1.5
-0.6,-0.6,-1.5
-0.6,-0.6,-1.5
-0.6,-0.6,-1.5
-0.6,-0.6,-1.5
-0.6,-0.6,-1.5
-0.6,-0.6,-1.5
-0.6,-0.6,-1.5
-0.6,-0.6,-1.5
-0.6,-0.6,-1.5
-0.6,-0.6,-1.5
-0.6,-0.6,-1.5
-0.6,-0.6,-1.5
-0.6,-0.6,-1.5
-0.6,-0.6,-1.5
-0.6,-0.6,-1.5
-0.6,-0.6,-1.5
-0.6,-0.6,-1.5
-0.6,-0.6,-1.5
-0.6,-0.6,-1.5
-0.6,-0.6,-1.5
-0.6,-0.6,-1.5
-0.6,-0.6,-1.5
-0.6,-0.6,-1.5
-0.6,-0.6,-1.5
-0.6,-0.6,-1.5
-0.6,-0.6,-1.5
-0.6,-0.6,-1.5
-0.6,-0.6,-1.5
-0.6,-0.6,-1.5
-0.6,-0.6,-1.5
-0.6,-0.6,-1.5
-0.6,-0.6,-1.5
-0.6,-0.6,-1.5
-0.6,-0.6,-1.5
-0.6,-0.6,-1.5
-0.6,-0.6,-1.5
-0.6,-0.6,-1.5
-0.6,-0.6,-1.5
-0.6,-0.6,-1.5
-0.6,-0.6,-1.5
-0.6,-0.6,-1.5
-0.6,-0.6,-1.5
-0.6,-0.6,-1.5
-0.6,-0.6,-1.5
-0.6,-0.6,-1.5
-0.6,-0.6,-1.5
-0.6,-0.6,-1.5
-0.6,-0.6,-1.5
-0.6,-0.6,-1.5
-0.6,-0.6,-1.5
-0.6,-0.6,-1.5
-0.6,-0.6,-1.5
-0.6,-0.6,-1.5
-0.6,-0.6,-1.5
-0.6,-0.6,-1.5
-0.6,-0.6,-1.5
-0.6,-0.6,-1.5
-0.6,-0.6,-1.5
-0.6,-0.6,-1.5
-0.6,-0.6,-1.5
-0.6,-0.6,-1.5
-0.6,-0.6,-1.5
-0.6,-0.6,-1.5
-0.6,-0.6,-1.5
-0.6,-0.6,-1.5
-0.6,-0.6,-1.5
-0.6,-0.6,-1.5
-0.6,-0.6,-1.5
-0.6,-0.6,-1.5
-0.6,-0.6,-1.5
-0.6,-0.6,-1.5
-0.6,-0.6,-1.5
-0.6,-0.6,-1.5
-0.6,-0.6,-1.5
-0.6,-0.6,-1.5
-0.6,-0.6,-1.5
-0.6,-0.6,-1.5
-0.6,-0.6,-1.5
-0.6,-0.6,-1.5
-0.6,-0.6,-1.5
-0.6,-0.6,-1.5
-0.6,-0.6,-1.5
-0.6,-0.6,-1.5
-0.6,-0.6,-1.5
-0.6,-0.6,-1.5
-0.6,-0.6,-1.5
-0.6,-0.6,-1.5
-0.6,-0.6,-1.5
-0.6,-0.6,-1.5
-0.6,-0.6,-1.5
-0.6,-0.6,-1.5
-0.6,-0.6,-1.5
-0.6,-0.6,-1.5
-0.6,-0.6,-1.5
-0.6,-0.6,-1.5
-0.6,-0.6,-1.5
-0.6,-0.6,-1.5
-0.6,-0.6,-1.5
-0.6,-0.6,-1.5
-0.6,-0.6,-1.5
-0.6,-0.6,-1.5
-0.6,-0.6,-1.5
-0.6,-0.6,-1.5
-0.6,-0.6,-1.5
-0.6,-0.6,-1.5
-0.6,-0.6,-1.5
-0.6,-0.6,-1.5
-0.6,-0.6,-1.5
-0.6,-0.6,-1.5
-0.6,-0.6,-1.5
-0.6,-0.6,-1.5
-0.6,-0.6,-1.5
-0.6,-0.6,-1.5
-0.6,-0.6,-1.5
-0.6,-0.6,-1.5
-0.6,-0.6,-1.5
-0.6,-0.6,-1.5
-0.6,-0.6,-1.5
-0.6,-0.6,-1.5
-0.6,-0.6,-1.5
-0.6,-0.6,-1.5
-0.6,-0.6,-1.5
-0.6,-0.6,-1.5
-0.6,-0.6,-1.5
-0.6,-0.6,-1.5
-0.6,-0.6,-1.5
-0.6,-0.6,-1.5
-0.6,-0.6,-1.5
-0.6,-0.6,-1.5
-0.6,-0.6,-1.5
-0.6,-0.6,-1.5
-0.6,-0.6,-1.5
-0.6,-0.6,-1.5
-0.6,-0.6,-1.5
-0.6,-0.6,-1.5
-0.6,-0.6,-1.5
-0.6,-0.6,-1.5
-0.6,-0.6,-1.5
-0.6,-0.6,-1.5
-0.6,-0.6,-1.5
-0.6,-0.6,-1.5
-0.6,-0.6,-1.5
-0.6,-0.6,-1.5
-0.6,-0.6,-1.5
-0.6,-0.6,-1.5
-0.6,-0.6,-1.5
-0.6,-0.6,-1.5
-0.6,-0.6,-1.5
-0.6,-0.6,-1.5
-0.6,-0.6,-1.5
-0.6,-0.6,-1.5
-0.6,-0.6,-1.5
-0.6,-0.6,-1.5
-0.6,-0.6,-1.5
-0.6,-0.6,-1.5
-0.6,-0.6,-1.5
-0.6,-0.6,-1.5
-0.6,-0.6,-1.5
-0.6,-0.6,-1.5
-0.6,-0.6,-1.5
-0.6,-0.6,-1.5
-0.6,-0.6,-1.5
-0.6,-0.6,-1.5
-0.6,-0.6,-1.5
-0.6,-0.6,-1.5
-0.6,-0.6,-1.5
-0.6,-0.6,-1.5
-0.6,-0.6,-1.5
-0.6,-0.6,-1.5
-0.6,-0.6,-1.5
-0.6,-0.6,-1.5
-0.6,-0.6,-1.5
-0.6,-0.6,-1.5
-0.6,-0.6,-1.5
-0.6,-0.6,-1.5
-0.6,-0.6,-1.5
-0.6,-0.6,-1.5
-0.6,-0.6,-1.5
-0.6,-0.6,-1.5
-0.6,-0.6,-1.5
-0.6,-0.6,-1.5
-0.6,-0.6,-1.5
-0.6,-0.6,-1.5
-0.6,-0.6,-1.5
-0.6,-0.6,-1.5
-0.6,-0.6,-1.5
-0.6,-0.6,-1.5
-0.6,-0.6,-1.5
-0.6,-0.6,-1.5
-0.6,-0.6,-1.5
-0.6,-0.6,-1.5
-0.6,-0.6,-1.5
-0.6,-0.6,-1.5
-0.6,-0.6,-1.5
-0.6,-0.6,-1.5
-0.6,-0.6,-1.5
-0.6,-0.6,-1.5
-0.6,-0.6,-1.5
-0.6,-0.6,-1.5
-0.6,-0.6,-1.5
-0.6,-0.6,-1.5
-0.6,-0.6,-1.5
-0.6,-0.6,-1.5
-0.6,-0.6,-1.5
-0.6,-0.6,-1.5
-0.6,-0.6,-1.5
-0.6,-0.6,-1.5
-0.6,-0.6,-1.5
-0.6,-0.6,-1.5
-0.6,-0.6,-1.5
-0.6,-0.6,-1.5
-0.6,-0.6,-1.5
-0.6,-0.6,-1.5
-0.6,-0.6,-1.5
-0.6,-0.6,-1.5
-0.6,-0.6,-1.5
-0.6,-0.6,-1.5
-0.6,-0.6,-1.5
-0.6,-0.6,-1.5
-0.6,-0.6,-1.5
-0.6,-0.6,-1.5
-0.6,-0.6,-1.5
-0.6,-0.6,-1.5
-0.6,-0.6,-1.5
-0.6,-0.6,-1.5
-0.6,-0.6,-1.5
-0.6,-0.6,-1.5
-0.6,-0.6,-1.5
-0.6,-0.6,-1.5
-0.6,-0.6,-1.5
-0.6,-0.6,-1.5
-0.6,-0.6,-1.5
-0.6,-0.6,-1.5
-0.6,-0.6,-1.5
-0.6,-0.6,-1.5
-0.6,-0.6,-1.5
-0.6,-0.6,-1.5
-0.6,-0.6,-1.5
-0.6,-0.6,-1.5
-0.6,-0.6,-1.5
-0.6,-0.6,-1.5
-0.6,-0.6,-1.5
-0.6,-0.6,-1.5
-0.6,-0.6,-1.5
-0.6,-0.6,-1.5
-0.6,-0.6,-1.5
-0.6,-0.6,-1.5
-0.6,-0.6,-1.5
-0.6,-0.6,-1.5
-0.6,-0.6,-1.5
-0.6,-0.6,-1.5
-0.6,-0.6,-1.5
-0.6,-0.6,-1.5
-0.6,-0.6,-1.5
-0.6,-0.6,-1.5
-0.6,-0.6,-1.5
-0.6,-0.6,-1.5
-0.6,-0.6,-1.5
-0.6,-0.6,-1.5
-0.6,-0.6,-1.5
-0.6,-0.6,-1.5
-0.6,-0.6,-1.5
-0.6,-0.6,-1.5
-0.6,-0.6,-1.5
-0.6,-0.6,-1.5
-0.6,-0.6,-1.5
-0.6,-0.6,-1.5
-0.6,-0.6,-1.5
-0.6,-0.6,-1.5
-0.6,-0.6,-1.5
-0.6,-0.6,-1.5
-0.6,-0.6,-1.5
-0.6,-0.6,-1.5
-0.6,-0.6,-1.5
-0.6,-0.6,-1.5
-0.6,-0.6,-1.5
-0.6,-0.6,-1.5
-0.6,-0.6,-1.5
-0.6,-0.6,-1.5
-0.6,-0.6,-1.5
-0.6,-0.6,-1.5
-0.6,-0.6,-1.5
-0.6,-0.6,-1.5
-0.6,-0.6,-1.5
-0.6,-0.6,-1.5
-0.6,-0.6,-1.5
-0.6,-0.6,-1.5
-0.6,-0.6,-1.5
-0.6,-0.6,-1.5
-0.6,-0.6,-1.5
-0.6,-0.6,-1.5
-0.6,-0.6,-1.5
-0.6,-0.6,-1.5
-0.6,-0.6,-1.5
-0.6,-0.6,-1.5
-0.6,-0.6,-1.5
-0.6,-0.6,-1.5
-0.6,-0.6,-1.5
-0.6,-0.6,-1.5
-0.6,-0.6,-1.5
-0.6,-0.6,-1.5
-0.6,-0.6,-1.5
-0.6,-0.6,-1.5
-0.6,-0.6,-1.5
-0.6,-0.6,-1.5
-0.6,-0.6,-1.5
-0.6,-0.6,-1.5
-0.6,-0.6,-1.5
-0.6,-0.6,-1.5
-0.6,-0.6,-1.5
-0.6,-0.6,-1.5
-0.6,-0.6,-1.5
-0.6,-0.6,-1.5
-0.6,-0.6,-1.5
-0.6,-0.6,-1.5
-0.6,-0.6,-1.5
-0.6,-0.6,-1.5
-0.6,-0.6,-1.5
-0.6,-0.6,-1.5
-0.6,-0.6,-1.5
-0.6,-0.6,-1.5
-0.6,-0.6,-1.5
-0.6,-0.6,-1.5
-0.6,-0.6,-1.5
-0.6,-0.6,-1.5
-0.6,-0.6,-1.5
-0.6,-0.6,-1.5
-0.6,-0.6,-1.5
-0.6,-0.6,-1.5
-0.6,-0.6,-1.5
-0.6,-0.6,-1.5
-0.6,-0.6,-1.5
-0.6,-0.6,-1.5
-0.6,-0.6,-1.5
-0.6,-0.6,-1.5
-0.6,-0.6,-1.5
-0.6,-0.6,-1.5
-0.6,-0.6,-1.5
-0.6,-0.6,-1.5
-0.6,-0.6,-1.5
-0.6,-0.6,-1.5
-0.6,-0.6,-1.5
-0.6,-0.6,-1.5
-0.6,-0.6,-1.5
-0.6,-0.6,-1.5
-0.6,-0.6,-1.5
-0.6,-0.6,-1.5
-0.6,-0.6,-1.5
-0.6,-0.6,-1.5
-0.6,-0.6,-1.5
-0.6,-0.6,-1.5
-0.6,-0.6,-1.5
-0.6,-0.6,-1.5
-0.6,-0.6,-1.5
-0.6,-0.6,-1.5
-0.6,-0.6,-1.5
-0.6,-0.6,-1.5
-0.6,-0.6,-1.5
-0.6,-0.6,-1.5
-0.6,-0.6,-1.5
-0.6,-0.6,-1.5
-0.6,-0.6,-1.5
-0.6,-0.6,-1.5
-0.6,-0.6,-1.5
-0.6,-0.6,-1.5
-0.6,-0.6,-1.5
-0.6,-0.6,-1.5
-0.6,-0.6,-1.5
-0.6,-0.6,-1.5
-0.6,-0.6,-1.5
-0.6,-0.6,-1.5
-0.6,-0.6,-1.5
-0.6,-0.6,-1.5
-0.6,-0.6,-1.5
-0.6,-0.6,-1.5
-0.6,-0.6,-1.5
-0.6,-0.6,-1.5
-0.6,-0.6,-1.5
-0.6,-0.6,-1.5
-0.6,-0.6,-1.5
-0.6,-0.6,-1.5
-0.6,-0.6,-1.5
-0.6,-0.6,-1.5
-0.6,-0.6,-1.5
-0.6,-0.6,-1.5
-0.6,-0.6,-1.5
-0.6,-0.6,-1.5
-0.6,-0.6,-1.5
-0.6,-0.6,-1.5
-0.6,-0.6,-1.5
-0.6,-0.6,-1.5
-0.6,-0.6,-1.5
-0.6,-0.6,-1.5
-0.6,-0.6,-1.5
-0.6,-0.6,-1.5
-0.6,-0.6,-1.5
-0.6,-0.6,-1.5
-0.6,-0.6,-1.5
-0.6,-0.6,-1.5
-0.6,-0.6,-1.5
-0.6,-0.6,-1.5
-0.6,-0.6,-1.5
-0.6,-0.6,-1.5
-0.6,-0.6,-1.5
-0.6,-0.6,-1.5
-0.6,-0.6,-1.5
-0.6,-0.6,-1.5
-0.6,-0.6,-1.5
-0.6,-0.6,-1.5
-0.6,-0.6,-1.5
-0.6,-0.6,-1.5
-0.6,-0.6,-1.5
-0.6,-0.6,-1.5
-0.6,-0.6,-1.5
-0.6,-0.6,-1.5
-0.6,-0.6,-1.5
-0.6,-0.6,-1.5
-0.6,-0.6,-1.5
-0.6,-0.6,-1.5
-0.6,-0.6,-1.5
-0.6,-0.6,-1.5
-0.6,-0.6,-1.5
-0.6,-0.6,-1.5
-0.6,-0.6,-1.5
-0.6,-0.6,-1.5
-0.6,-0.6,-1.5
-0.6,-0.6,-1.5
-0.6,-0.6,-1.5
-0.6,-0.6,-1.5
-0.6,-0.6,-1.5
-0.6,-0.6,-1.5
-0.6,-0.6,-1.5
-0.6,-0.6,-1.5
-0.6,-0.6,-1.5
-0.6,-0.6,-1.5
-0.6,-0.6,-1.5
-0.6,-0.6,-1.5
-0.6,-0.6,-1.5
-0.6,-0.6,-1.5
-0.6,-0.6,-1.5
-0.6,-0.6,-1.5
-0.6,-0.6,-1.5
-0.6,-0.6,-1.5
-0.6,-0.6,-1.5
-0.6,-0.6,-1.5
-0.6,-0.6,-1.5
-0.6,-0.6,-1.5
-0.6,-0.6,-1.5
-0.6,-0.6,-1.5
-0.6,-0.6,-1.5
-0.6,-0.6,-1.5
-0.6,-0.6,-1.5
-0.6,-0.6,-1.5
-0.6,-0.6,-1.5
-0.6,-0.6,-1.5
-0.6,-0.6,-1.5
-0.6,-0.6,-1.5
-0.6,-0.6,-1.5
-0.6,-0.6,-1.5
-0.6,-0.6,-1.5
-0.6,-0.6,-1.5
-0.6,-0.6,-1.5
-0.6,-0.6,-1.5
-0.6,-0.6,-1.5
-0.6,-0.6,-1.5
-0.6,-0.6,-1.5
-0.6,-0.6,-1.5
-0.6,-0.6,-1.5
-0.6,-0.6,-1.5
-0.6,-0.6,-1.5
-0.6,-0.6,-1.5
-0.6,-0.6,-1.5
-0.6,-0.6,-1.5
-0.6,-0.6,-1.5
-0.6,-0.6,-1.5
-0.6,-0.6,-1.5
-0.6,-0.6,-1.5
-0.6,-0.6,-1.5
-0.6,-0.6,-1.5
-0.6,-0.6,-1.5
-0.6,-0.6,-1.5
-0.6,-0.6,-1.5
-0.6,-0.6,-1.5
-0.6,-0.6,-1.5
-0.6,-0.6,-1.5
-0.6,-0.6,-1.5
-0.6,-0.6,-1.5
-0.6,-0.6,-1.5
-0.6,-0.6,-1.5
-0.6,-0.6,-1.5
-0.6,-0.6,-1.5
-0.6,-0.6,-1.5
-0.6,-0.6,-1.5
-0.6,-0.6,-1.5
-0.6,-0.6,-1.5
-0.6,-0.6,-1.5
-0.6,-0.6,-1.5
-0.6,-0.6,-1.5
-0.6,-0.6,-1.5
-0.6,-0.6,-1.5
-0.6,-0.6,-1.5
-0.6,-0.6,-1.5
-0.6,-0.6,-1.5
-0.6,-0.6,-1.5
-0.6,-0.6,-1.5
-0.6,-0.6,-1.5
-0.6,-0.6,-1.5
-0.6,-0.6,-1.5
-0.6,-0.6,-1.5
-0.6,-0.6,-1.5
-0.6,-0.6,-1.5
-0.6,-0.6,-1.5
-0.6,-0.6,-1.5
-0.6,-0.6,-1.5
-0.6,-0.6,-1.5
-0.6,-0.6,-1.5
-0.6,-0.6,-1.5
-0.6,-0.6,-1.5
-0.6,-0.6,-1.5
-0.6,-0.6,-1.5
-0.6,-0.6,-1.5
-0.6,-0.6,-1.5
-0.6,-0.6,-1.5
-0.6,-0.6,-1.5
-0.6,-0.6,-1.5
-0.6,-0.6,-1.5
-0.6,-0.6,-1.5
-0.6,-0.6,-1.5
-0.6,-0.6,-1.5
-0.6,-0.6,-1.5
-0.6,-0.6,-1.5
-0.6,-0.6,-1.5
-0.6,-0.6,-1.5
-0.6,-0.6,-1.5
-0.6,-0.6,-1.5
-0.6,-0.6,-1.5
-0.6,-0.6,-1.5
-0.6,-0.6,-1.5
-0.6,-0.6,-1.5
-0.6,-0.6,-1.5
-0.6,-0.6,-1.5
-0.6,-0.6,-1.5
-0.6,-0.6,-1.5
-0.6,-0.6,-1.5
-0.6,-0.6,-1.5
-0.6,-0.6,-1.5
-0.6,-0.6,-1.5
-0.6,-0.6,-1.5
-0.6,-0.6,-1.5
-0.6,-0.6,-1.5
-0.6,-0.6,-1.5
-0.6,-0.6,-1.5
-0.6,-0.6,-1.5
-0.6,-0.6,-1.5
-0.6,-0.6,-1.5
-0.6,-0.6,-1.5
-0.6,-0.6,-1.5
-0.6,-0.6,-1.5
-0.6,-0.6,-1.5
-0.6,-0.6,-1.5
-0.6,-0.6,-1.5
-0.6,-0.6,-1.5
-0.6,-0.6,-1.5
-0.6,-0.6,-1.5
-0.6,-0.6,-1.5
-0.6,-0.6,-1.5
-0.6,-0.6,-1.5
-0.6,-0.6,-1.5
-0.6,-0.6,-1.5
-0.6,-0.6,-1.5
-0.6,-0.6,-1.5
-0.6,-0.6,-1.5
-0.6,-0.6,-1.5
-0.6,-0.6,-1.5
-0.6,-0.6,-1.5
-0.6,-0.6,-1.5
-0.6,-0.6,-1.5
-0.6,-0.6,-1.5
-0.6,-0.6,-1.5
-0.6,-0.6,-1.5
-0.6,-0.6,-1.5
-0.6,-0.6,-1.5
-0.6,-0.6,-1.5
-0.6,-0.6,-1.5
-0.6,-0.6,-1.5
-0.6,-0.6,-1.5
-0.6,-0.6,-1.5
-0.6,-0.6,-1.5
-0.6,-0.6,-1.5
-0.6,-0.6,-1.5
-0.6,-0.6,-1.5
-0.6,-0.6,-1.5
-0.6,-0.6,-1.5
-0.6,-0.6,-1.5
-0.6,-0.6,-1.5
-0.6,-0.6,-1.5
-0.6,-0.6,-1.5
-0.6,-0.6,-1.5
-0.6,-0.6,-1.5
-0.6,-0.6,-1.5
-0.6,-0.6,-1.5
-0.6,-0.6,-1.5
-0.6,-0.6,-1.5
-0.6,-0.6,-1.5
-0.6,-0.6,-1.5
-0.6,-0.6,-1.5
-0.6,-0.6,-1.5
-0.6,-0.6,-1.5
-0.6,-0.6,-1.5
-0.6,-0.6,-1.5
-0.6,-0.6,-1.5
-0.6,-0.6,-1.5
-0.6,-0.6,-1.5
-0.6,-0.6,-1.5
-0.6,-0.6,-1.5
-0.6,-0.6,-1.5
-0.6,-0.6,-1.5
-0.6,-0.6,-1.5
-0.6,-0.6,-1.5
-0.6,-0.6,-1.5
-0.6,-0.6,-1.5
-0.6,-0.6,-1.5
-0.6,-0.6,-1.5
-0.6,-0.6,-1.5
-0.6,-0.6,-1.5
-0.6,-0.6,-1.5
-0.6,-0.6,-1.5
-0.6,-0.6,-1.5
-0.6,-0.6,-1.5
-0.6,-0.6,-1.5
-0.6,-0.6,-1.5
-0.6,-0.6,-1.5
-0.6,-0.6,-1.5
-0.6,-0.6,-1.5
-0.6,-0.6,-1.5
-0.6,-0.6,-1.5
-0.6,-0.6,-1.5
-0.6,-0.6,-1.5
-0.6,-0.6,-1.5
-0.6,-0.6,-1.5
-0.6,-0.6,-1.5
-0.6,-0.6,-1.5
-0.6,-0.6,-1.5
-0.6,-0.6,-1.5
-0.6,-0.6,-1.5
-0.6,-0.6,-1.5
-0.6,-0.6,-1.5
-0.6,-0.6,-1.5
-0.6,-0.6,-1.5
-0.6,-0.6,-1.5
-0.6,-0.6,-1.5
-0.6,-0.6,-1.5
-0.6,-0.6,-1.5
-0.6,-0.6,-1.5
-0.6,-0.6,-1.5
-0.6,-0.6,-1.5
-0.6,-0.6,-1.5
-0.6,-0.6,-1.5
-0.6,-0.6,-1.5
-0.6,-0.6,-1.5
-0.6,-0.6,-1.5
-0.6,-0.6,-1.5
-0.6,-0.6,-1.5
-0.6,-0.6,-1.5
-0.6,-0.6,-1.5
-0.6,-0.6,-1.5
-0.6,-0.6,-1.5
-0.6,-0.6,-1.5
-0.6,-0.6,-1.5
-0.6,-0.6,-1.5
-0.6,-0.6,-1.5
-0.6,-0.6,-1.5
-0.6,-0.6,-1.5
-0.6,-0.6,-1.5
-0.6,-0.6,-1.5
-0.6,-0.6,-1.5
-0.6,-0.6,-1.5
-0.6,-0.6,-1.5
-0.6,-0.6,-1.5
-0.6,-0.6,-1.5
-0.6,-0.6,-1.5
-0.6,-0.6,-1.5
-0.6,-0.6,-1.5
-0.6,-0.6,-1.5
-0.6,-0.6,-1.5
-0.6,-0.6,-1.5
-0.6,-0.6,-1.5
-0.6,-0.6,-1.5
-0.6,-0.6,-1.5
-0.6,-0.6,-1.5
-0.6,-0.6,-1.5
-0.6,-0.6,-1.5
-0.6,-0.6,-1.5
-0.6,-0.6,-1.5
-0.6,-0.6,-1.5
-0.6,-0.6,-1.5
-0.6,-0.6,-1.5
-0.6,-0.6,-1.5
-0.6,-0.6,-1.5
-0.6,-0.6,-1.5
-0.6,-0.6,-1.5
-0.6,-0.6,-1.5
-0.6,-0.6,-1.5
-0.6,-0.6,-1.5
-0.6,-0.6,-1.5
-0.6,-0.6,-1.5
-0.6,-0.6,-1.5
-0.6,-0.6,-1.5
-0.6,-0.6,-1.5
-0.6,-0.6,-1.5
-0.6,-0.6,-1.5
-0.6,-0.6,-1.5
-0.6,-0.6,-1.5
-0.6,-0.6,-1.5
-0.6,-0.6,-1.5
-0.6,-0.6,-1.5
-0.6,-0.6,-1.5
-0.6,-0.6,-1.5
-0.6,-0.6,-1.5
-0.6,-0.6,-1.5
-0.6,-0.6,-1.5
-0.6,-0.6,-1.5
-0.6,-0.6,-1.5
-0.6,-0.6,-1.5
-0.6,-0.6,-1.5
-0.6,-0.6,-1.5
-0.6,-0.6,-1.5
-0.6,-0.6,-1.5
-0.6,-0.6,-1.5
-0.6,-0.6,-1.5
-0.6,-0.6,-1.5
-0.6,-0.6,-1.5
-0.6,-0.6,-1.5
-0.6,-0.6,-1.5
-0.6,-0.6,-1.5
-0.6,-0.6,-1.5
-0.6,-0.6,-1.5
-0.6,-0.6,-1.5
-0.6,-0.6,-1.5
-0.6,-0.6,-1.5
-0.6,-0.6,-1.5
-0.6,-0.6,-1.5
-0.6,-0.6,-1.5
-0.6,-0.6,-1.5
-0.6,-0.6,-1.5
-0.6,-0.6,-1.5
-0.6,-0.6,-1.5
-0.6,-0.6,-1.5
-0.6,-0.6,-1.5
-0.6,-0.6,-1.5
-0.6,-0.6,-1.5
-0.6,-0.6,-1.5
-0.6,-0.6,-1.5
-0.6,-0.6,-1.5
-0.6,-0.6,-1.5
-0.6,-0.6,-1.5
-0.6,-0.6,-1.5
-0.6,-0.6,-1.5
-0.6,-0.6,-1.5
-0.6,-0.6,-1.5
-0.6,-0.6,-1.5
-0.6,-0.6,-1.5
-0.6,-0.6,-1.5
-0.6,-0.6,-1.5
-0.6,-0.6,-1.5
-0.6,-0.6,-1.5
-0.6,-0.6,-1.5
-0.6,-0.6,-1.5
-0.6,-0.6,-1.5
-0.6,-0.6,-1.5
-0.6,-0.6,-1.5
-0.6,-0.6,-1.5
-0.6,-0.6,-1.5
-0.6,-0.6,-1.5
-0.6,-0.6,-1.5
-0.6,-0.6,-1.5
-0.6,-0.6,-1.5
-0.6,-0.6,-1.5
-0.6,-0.6,-1.5
-0.6,-0.6,-1.5
-0.6,-0.6,-1.5
-0.6,-0.6,-1.5
-0.6,-0.6,-1.5
-0.6,-0.6,-1.5
-0.6,-0.6,-1.5
-0.6,-0.6,-1.5
-0.6,-0.6,-1.5
-0.6,-0.6,-1.5
-0.6,-0.6,-1.5
-0.6,-0.6,-1.5
-0.6,-0.6,-1.5
-0.6,-0.6,-1.5
-0.6,-0.6,-1.5
-0.6,-0.6,-1.5
-0.6,-0.6,-1.5
-0.6,-0.6,-1.5
-0.6,-0.6,-1.5
-0.6,-0.6,-1.5
-0.6,-0.6,-1.5
-0.6,-0.6,-1.5
-0.6,-0.6,-1.5
-0.6,-0.6,-1.5
-0.6,-0.6,-1.5
-0.6,-0.6,-1.5
-0.6,-0.6,-1.5
-0.6,-0.6,-1.5
-0.6,-0.6,-1.5
-0.6,-0.6,-1.5
-0.6,-0.6,-1.5
-0.6,-0.6,-1.5
-0.6,-0.6,-1.5
-0.6,-0.6,-1.5
-0.6,-0.6,-1.5
-0.6,-0.6,-1.5
-0.6,-0.6,-1.5
-0.6,-0.6,-1.5
-0.6,-0.6,-1.5
-0.6,-0.6,-1.5
-0.6,-0.6,-1.5
-0.6,-0.6,-1.5
-0.6,-0.6,-1.5
-0.6,-0.6,-1.5
-0.6,-0.6,-1.5
-0.6,-0.6,-1.5
-0.6,-0.6,-1.5
-0.6,-0.6,-1.5
-0.6,-0.6,-1.5
-0.6,-0.6,-1.5
-0.6,-0.6,-1.5
-0.6,-0.6,-1.5
-0.6,-0.6,-1.5
-0.6,-0.6,-1.5
-0.6,-0.6,-1.5
-0.6,-0.6,-1.5
-0.6,-0.6,-1.5
-0.6,-0.6,-1.5
-0.6,-0.6,-1.5
-0.6,-0.6,-1.5
-0.6,-0.6,-1.5
-0.6,-0.6,-1.5
-0.6,-0.6,-1.5
-0.6,-0.6,-1.5
-0.6,-0.6,-1.5
-0.6,-0.6,-1.5
-0.6,-0.6,-1.5
-0.6,-0.6,-1.5
-0.6,-0.6,-1.5
-0.6,-0.6,-1.5
-0.6,-0.6,-1.5
-0.6,-0.6,-1.5
-0.6,-0.6,-1.5
-0.6,-0.6,-1.5
-0.6,-0.6,-1.5
-0.6,-0.6,-1.5
-0.6,-0.6,-1.5
-0.6,-0.6,-1.5
-0.6,-0.6,-1.5
-0.6,-0.6,-1.5
-0.6,-0.6,-1.5
-0.6,-0.6,-1.5
-0.6,-0.6,-1.5
-0.6,-0.6,-1.5
-0.6,-0.6,-1.5
-0.6,-0.6,-1.5
-0.6,-0.6,-1.5
-0.6,-0.6,-1.5
-0.6,-0.6,-1.5
-0.6,-0.6,-1.5
-0.6,-0.6,-1.5
-0.6,-0.6,-1.5
-0.6,-0.6,-1.5
-0.6,-0.6,-1.5
-0.6,-0.6,-1.5
-0.6,-0.6,-1.5
-0.6,-0.6,-1.5
-0.6,-0.6,-1.5
-0.6,-0.6,-1.5
-0.6,-0.6,-1.5
-0.6,-0.6,-1.5
-0.6,-0.6,-1.5
-0.6,-0.6,-1.5
-0.6,-0.6,-1.5
-0.6,-0.6,-1.5
-0.6,-0.6,-1.5
-0.6,-0.6,-1.5
-0.6,-0.6,-1.5
-0.6,-0.6,-1.5
-0.6,-0.6,-1.5
-0.6,-0.6,-1.5
-0.6,-0.6,-1.5
-0.6,-0.6,-1.5
-0.6,-0.6,-1.5
-0.6,-0.6,-1.5
-0.6,-0.6,-1.5
-0.6,-0.6,-1.5
-0.6,-0.6,-1.5
-0.6,-0.6,-1.5
-0.6,-0.6,-1.5
-0.6,-0.6,-1.5
-0.6,-0.6,-1.5
-0.6,-0.6,-1.5
-0.6,-0.6,-1.5
-0.6,-0.6,-1.5
-0.6,-0.6,-1.5
-0.6,-0.6,-1.5
-0.6,-0.6,-1.5
-0.6,-0.6,-1.5
-0.6,-0.6,-1.5
-0.6,-0.6,-1.5
-0.6,-0.6,-1.5
-0.6,-0.6,-1.5
-0.6,-0.6,-1.5
-0.6,-0.6,-1.5
-0.6,-0.6,-1.5
-0.6,-0.6,-1.5
-0.6,-0.6,-1.5
-0.6,-0.6,-1.5
-0.6,-0.6,-1.5
-0.6,-0.6,-1.5
-0.6,-0.6,-1.5
-0.6,-0.6,-1.5
-0.6,-0.6,-1.5
-0.6,-0.6,-1.5
-0.6,-0.6,-1.5
-0.6,-0.6,-1.5
-0.6,-0.6,-1.5
-0.6,-0.6,-1.5
-0.6,-0.6,-1.5
-0.6,-0.6,-1.5
-0.6,-0.6,-1.5
-0.6,-0.6,-1.5
-0.6,-0.6,-1.5
-0.6,-0.6,-1.5
-0.6,-0.6,-1.5
-0.6,-0.6,-1.5
-0.6,-0.6,-1.5
-0.6,-0.6,-1.5
-0.6,-0.6,-1.5
-0.6,-0.6,-1.5
-0.6,-0.6,-1.5
-0.6,-0.6,-1.5
-0.6,-0.6,-1.5
-0.6,-0.6,-1.5
-0.6,-0.6,-1.5
-0.6,-0.6,-1.5
-0.6,-0.6,-1.5
-0.6,-0.6,-1.5
-0.6,-0.6,-1.5
-0.6,-0.6,-1.5
-0.6,-0.6,-1.5
-0.6,-0.6,-1.5
-0.6,-0.6,-1.5
-0.6,-0.6,-1.5
-0.6,-0.6,-1.5
-0.6,-0.6,-1.5
-0.6,-0.6,-1.5
-0.6,-0.6,-1.5
-0.6,-0.6,-1.5
-0.6,-0.6,-1.5
-0.6,-0.6,-1.5
-0.6,-0.6,-1.5
-0.6,-0.6,-1.5
-0.6,-0.6,-1.5
-0.6,-0.6,-1.5
-0.6,-0.6,-1.5
-0.6,-0.6,-1.5
-0.6,-0.6,-1.5
-0.6,-0.6,-1.5
-0.6,-0.6,-1.5
-0.6,-0.6,-1.5
-0.6,-0.6,-1.5
-0.6,-0.6,-1.5
-0.6,-0.6,-1.5
-0.6,-0.6,-1.5
-0.6,-0.6,-1.5
-0.6,-0.6,-1.5
-0.6,-0.6,-1.5
-0.6,-0.6,-1.5
-0.6,-0.6,-1.5
-0.6,-0.6,-1.5
-0.6,-0.6,-1.5
-0.6,-0.6,-1.5
-0.6,-0.6,-1.5
-0.6,-0.6,-1.5
-0.6,-0.6,-1.5
-0.6,-0.6,-1.5
-0.6,-0.6,-1.5
-0.6,-0.6,-1.5
-0.6,-0.6,-1.5
-0.6,-0.6,-1.5
-0.6,-0.6,-1.5
-0.6,-0.6,-1.5
-0.6,-0.6,-1.5
-0.6,-0.6,-1.5
-0.6,-0.6,-1.5
-0.6,-0.6,-1.5
-0.6,-0.6,-1.5
-0.6,-0.6,-1.5
-0.6,-0.6,-1.5
-0.6,-0.6,-1.5
-0.6,-0.6,-1.5
-0.6,-0.6,-1.5
-0.6,-0.6,-1.5
-0.6,-0.6,-1.5
-0.6,-0.6,-1.5
-0.6,-0.6,-1.5
-0.6,-0.6,-1.5
-0.6,-0.6,-1.5
-0.6,-0.6,-1.5
-0.6,-0.6,-1.5
-0.6,-0.6,-1.5
-0.6,-0.6,-1.5
-0.6,-0.6,-1.5
-0.6,-0.6,-1.5
-0.6,-0.6,-1.5
-0.6,-0.6,-1.5
-0.6,-0.6,-1.5
-0.6,-0.6,-1.5
-0.6,-0.6,-1.5
-0.6,-0.6,-1.5
-0.6,-0.6,-1.5
-0.6,-0.6,-1.5
-0.6,-0.6,-1.5
-0.6,-0.6,-1.5
-0.6,-0.6,-1.5
-0.6,-0.6,-1.5
-0.6,-0.6,-1.5
-0.6,-0.6,-1.5
-0.6,-0.6,-1.5
-0.6,-0.6,-1.5
-0.6,-0.6,-1.5
-0.6,-0.6,-1.5
-0.6,-0.6,-1.5
-0.6,-0.6,-1.5
-0.6,-0.6,-1.5
-0.6,-0.6,-1.5
-0.6,-0.6,-1.5
-0.6,-0.6,-1.5
-0.6,-0.6,-1.5
-0.6,-0.6,-1.5
-0.6,-0.6,-1.5
-0.6,-0.6,-1.5
-0.6,-0.6,-1.5
-0.6,-0.6,-1.5
-0.6,-0.6,-1.5
-0.6,-0.6,-1.5
-0.6,-0.6,-1.5
-0.6,-0.6,-1.5
-0.6,-0.6,-1.5
-0.6,-0.6,-1.5
-0.6,-0.6,-1.5
-0.6,-0.6,-1.5
-0.6,-0.6,-1.5
-0.6,-0.6,-1.5
-0.6,-0.6,-1.5
-0.6,-0.6,-1.5
-0.6,-0.6,-1.5
-0.6,-0.6,-1.5
-0.6,-0.6,-1.5
-0.6,-0.6,-1.5
-0.6,-0.6,-1.5
-0.6,-0.6,-1.5
-0.6,-0.6,-1.5
-0.6,-0.6,-1.5
-0.6,-0.6,-1.5
-0.6,-0.6,-1.5
-0.6,-0.6,-1.5
-0.6,-0.6,-1.5
-0.6,-0.6,-1.5
-0.6,-0.6,-1.5
-0.6,-0.6,-1.5
-0.6,-0.6,-1.5
-0.6,-0.6,-1.5
-0.6,-0.6,-1.5
-0.6,-0.6,-1.5
-0.6,-0.6,-1.5
-0.6,-0.6,-1.5
-0.6,-0.6,-1.5
-0.6,-0.6,-1.5
-0.6,-0.6,-1.5
-0.6,-0.6,-1.5
-0.6,-0.6,-1.5
-0.6,-0.6,-1.5
-0.6,-0.6,-1.5
-0.6,-0.6,-1.5
-0.6,-0.6,-1.5
-0.6,-0.6,-1.5
-0.6,-0.6,-1.5
-0.6,-0.6,-1.5
-0.6,-0.6,-1.5
-0.6,-0.6,-1.5
-0.6,-0.6,-1.5
-0.6,-0.6,-1.5
-0.6,-0.6,-1.5
-0.6,-0.6,-1.5
-0.6,-0.6,-1.5
-0.6,-0.6,-1.5
-0.6,-0.6,-1.5
-0.6,-0.6,-1.5
-0.6,-0.6,-1.5
-0.6,-0.6,-1.5
-0.6,-0.6,-1.5
-0.6,-0.6,-1.5
-0.6,-0.6,-1.5
-0.6,-0.6,-1.5
-0.6,-0.6,-1.5
-0.6,-0.6,-1.5
-0.6,-0.6,-1.5
-0.6,-0.6,-1.5
-0.6,-0.6,-1.5
-0.6,-0.6,-1.5
-0.6,-0.6,-1.5
-0.6,-0.6,-1.5
-0.6,-0.6,-1.5
-0.6,-0.6,-1.5
-0.6,-0.6,-1.5
-0.6,-0.6,-1.5
-0.6,-0.6,-1.5
-0.6,-0.6,-1.5
-0.6,-0.6,-1.5
-0.6,-0.6,-1.5
-0.6,-0.6,-1.5
-0.6,-0.6,-1.5
-0.6,-0.6,-1.5
-0.6,-0.6,-1.5
-0.6,-0.6,-1.5
-0.6,-0.6,-1.5
-0.6,-0.6,-1.5
-0.6,-0.6,-1.5
-0.6,-0.6,-1.5
-0.6,-0.6,-1.5
-0.6,-0.6,-1.5
-0.6,-0.6,-1.5
-0.6,-0.6,-1.5
-0.6,-0.6,-1.5
-0.6,-0.6,-1.5
-0.6,-0.6,-1.5
-0.6,-0.6,-1.5
-0.6,-0.6,-1.5
-0.6,-0.6,-1.5
-0.6,-0.6,-1.5
-0.6,-0.6,-1.5
-0.6,-0.6,-1.5
-0.6,-0.6,-1.5
-0.6,-0.6,-1.5
-0.6,-0.6,-1.5
-0.6,-0.6,-1.5
-0.6,-0.6,-1.5
-0.6,-0.6,-1.5
-0.6,-0.6,-1.5
-0.6,-0.6,-1.5
-0.6,-0.6,-1.5
-0.6,-0.6,-1.5
-0.6,-0.6,-1.5
-0.6,-0.6,-1.5
-0.6,-0.6,-1.5
-0.6,-0.6,-1.5
-0.6,-0.6,-1.5
-0.6,-0.6,-1.5
-0.6,-0.6,-1.5
-0.6,-0.6,-1.5
-0.6,-0.6,-1.5
-0.6,-0.6,-1.5
-0.6,-0.6,-1.5
-0.6,-0.6,-1.5
-0.6,-0.6,-1.5
-0.6,-0.6,-1.5
-0.6,-0.6,-1.5
-0.6,-0.6,-1.5
-0.6,-0.6,-1.5
-0.6,-0.6,-1.5
-0.6,-0.6,-1.5
-0.6,-0.6,-1.5
-0.6,-0.6,-1.5
-0.6,-0.6,-1.5
-0.6,-0.6,-1.5
-0.6,-0.6,-1.5
-0.6,-0.6,-1.5
-0.6,-0.6,-1.5
-0.6,-0.6,-1.5
-0.6,-0.6,-1.5
-0.6,-0.6,-1.5
-0.6,-0.6,-1.5
-0.6,-0.6,-1.5
-0.6,-0.6,-1.5
-0.6,-0.6,-1.5
-0.6,-0.6,-1.5
-0.6,-0.6,-1.5
-0.6,-0.6,-1.5
-0.6,-0.6,-1.5
-0.6,-0.6,-1.5
-0.6,-0.6,-1.5
-0.6,-0.6,-1.5
-0.6,-0.6,-1.5
-0.6,-0.6,-1.5
-0.6,-0.6,-1.5
-0.6,-0.6,-1.5
-0.6,-0.6,-1.5
-0.6,-0.6,-1.5
-0.6,-0.6,-1.5
-0.6,-0.6,-1.5
-0.6,-0.6,-1.5
-0.6,-0.6,-1.5
-0.6,-0.6,-1.5
-0.6,-0.6,-1.5
-0.6,-0.6,-1.5
-0.6,-0.6,-1.5
-0.6,-0.6,-1.5
-0.6,-0.6,-1.5
-0.6,-0.6,-1.5
-0.6,-0.6,-1.5
-0.6,-0.6,-1.5
-0.6,-0.6,-1.5
-0.6,-0.6,-1.5
-0.6,-0.6,-1.5
-0.6,-0.6,-1.5
-0.6,-0.6,-1.5
-0.6,-0.6,-1.5
-0.6,-0.6,-1.5
-0.6,-0.6,-1.5
-0.6,-0.6,-1.5
-0.6,-0.6,-1.5
-0.6,-0.6,-1.5
-0.6,-0.6,-1.5
-0.6,-0.6,-1.5
-0.6,-0.6,-1.5
-0.6,-0.6,-1.5
-0.6,-0.6,-1.5
-0.6,-0.6,-1.5
-0.6,-0.6,-1.5
-0.6,-0.6,-1.5
-0.6,-0.6,-1.5
-0.6,-0.6,-1.5
-0.6,-0.6,-1.5
-0.6,-0.6,-1.5
-0.6,-0.6,-1.5
-0.6,-0.6,-1.5
-0.6,-0.6,-1.5
-0.6,-0.6,-1.5
-0.6,-0.6,-1.5
-0.6,-0.6,-1.5
-0.6,-0.6,-1.5
-0.6,-0.6,-1.5
-0.6,-0.6,-1.5
-0.6,-0.6,-1.5
-0.6,-0.6,-1.5
-0.6,-0.6,-1.5
-0.6,-0.6,-1.5
-0.6,-0.6,-1.5
-0.6,-0.6,-1.5
-0.6,-0.6,-1.5
-0.6,-0.6,-1.5
-0.6,-0.6,-1.5
-0.6,-0.6,-1.5
-0.6,-0.6,-1.5
-0.6,-0.6,-1.5
-0.6,-0.6,-1.5
-0.6,-0.6,-1.5
-0.6,-0.6,-1.5
-0.6,-0.6,-1.5
-0.6,-0.6,-1.5
-0.6,-0.6,-1.5
-0.6,-0.6,-1.5
-0.6,-0.6,-1.5
-0.6,-0.6,-1.5
-0.6,-0.6,-1.5
-0.6,-0.6,-1.5
-0.6,-0.6,-1.5
-0.6,-0.6,-1.5
-0.6,-0.6,-1.5
-0.6,-0.6,-1.5
-0.6,-0.6,-1.5
-0.6,-0.6,-1.5
-0.6,-0.6,-1.5
-0.6,-0.6,-1.5
-0.6,-0.6,-1.5
-0.6,-0.6,-1.5
-0.6,-0.6,-1.5
-0.6,-0.6,-1.5
-0.6,-0.6,-1.5
-0.6,-0.6,-1.5
-0.6,-0.6,-1.5
-0.6,-0.6,-1.5
-0.6,-0.6,-1.5
-0.6,-0.6,-1.5
-0.6,-0.6,-1.5
-0.6,-0.6,-1.5
-0.6,-0.6,-1.5
-0.6,-0.6,-1.5
-0.6,-0.6,-1.5
-0.6,-0.6,-1.5
-0.6,-0.6,-1.5
-0.6,-0.6,-1.5
-0.6,-0.6,-1.5
-0.6,-0.6,-1.5
-0.6,-0.6,-1.5
-0.6,-0.6,-1.5
-0.6,-0.6,-1.5
-0.6,-0.6,-1.5
-0.6,-0.6,-1.5
-0.6,-0.6,-1.5
-0.6,-0.6,-1.5
-0.6,-0.6,-1.5
-0.6,-0.6,-1.5
-0.6,-0.6,-1.5
-0.6,-0.6,-1.5
-0.6,-0.6,-1.5
-0.6,-0.6,-1.5
-0.6,-0.6,-1.5
-0.6,-0.6,-1.5
-0.6,-0.6,-1.5
-0.6,-0.6,-1.5
-0.6,-0.6,-1.5
-0.6,-0.6,-1.5
-0.6,-0.6,-1.5
-0.6,-0.6,-1.5
